A08' table on hard rock (A), converted to log10PSAonA in cgs (in Rjb) for given frequencies
17    25    13   3 :  nm, nd, nf, itype (3=Rjb)
                  0.20    0.33    0.50    1.00    2.00    3.33    5.00   10.00   20.00   33.00   50.00   99.00   89.00
4.0
    -1.000  -0.993  -0.292   0.289   1.064   1.830   1.894   2.387   2.950   3.120   3.095   3.101   2.994   1.214
     0.000  -1.228  -0.466   0.144   0.939   1.629   1.778   2.229   2.792   2.942   2.962   2.986   2.831   1.044
     0.301  -1.348  -0.587   0.024   0.822   1.492   1.672   2.103   2.638   2.762   2.799   2.830   2.663   0.909
     0.699  -1.618  -0.905  -0.293   0.502   1.166   1.408   1.803   2.282   2.381   2.446   2.489   2.305   0.557
     1.000  -1.917  -1.262  -0.657   0.141   0.812   1.116   1.486   1.919   2.006   2.093   2.148   1.955   0.163
     1.176  -2.088  -1.485  -0.890  -0.093   0.600   0.920   1.285   1.687   1.763   1.836   1.880   1.691  -0.098
     1.301  -2.224  -1.656  -1.066  -0.271   0.437   0.767   1.129   1.510   1.572   1.637   1.673   1.490  -0.296
     1.398  -2.331  -1.793  -1.207  -0.413   0.305   0.648   1.002   1.365   1.424   1.477   1.506   1.330  -0.456
     1.477  -2.427  -1.907  -1.327  -0.532   0.193   0.541   0.892   1.242   1.291   1.340   1.365   1.191  -0.595
     1.602  -2.583  -2.096  -1.518  -0.727   0.008   0.367   0.709   1.036   1.073   1.112   1.128   0.960  -0.816
     1.699  -2.707  -2.244  -1.674  -0.882  -0.137   0.224   0.563   0.867   0.895   0.927   0.937   0.773  -0.992
     1.778  -2.814  -2.369  -1.798  -1.008  -0.260   0.104   0.437   0.723   0.739   0.767   0.775   0.614  -1.141
     1.845  -2.907  -2.472  -1.906  -1.118  -0.365   0.000   0.326   0.598   0.604   0.629   0.629   0.472  -1.269
     1.903  -2.990  -2.566  -2.002  -1.214  -0.459  -0.093   0.225   0.484   0.483   0.512   0.517   0.357  -1.380
     1.954  -3.065  -2.648  -2.085  -1.296  -0.542  -0.177   0.138   0.381   0.371   0.406   0.411   0.253  -1.478
     2.000  -3.131  -2.722  -2.158  -1.373  -0.618  -0.253   0.054   0.285   0.268   0.308   0.315   0.155  -1.566
     2.041  -3.195  -2.788  -2.228  -1.441  -0.686  -0.324  -0.023   0.196   0.172   0.215   0.223   0.066  -1.649
     2.079  -3.254  -2.848  -2.290  -1.506  -0.749  -0.390  -0.095   0.114   0.086   0.130   0.141  -0.020  -1.725
     2.176  -3.405  -3.003  -2.448  -1.666  -0.918  -0.566  -0.286  -0.112  -0.174  -0.127  -0.114  -0.264  -1.928
     2.301  -3.606  -3.201  -2.646  -1.875  -1.137  -0.805  -0.558  -0.425  -0.569  -0.561  -0.553  -0.640  -2.209
     2.398  -3.771  -3.354  -2.799  -2.032  -1.314  -1.007  -0.790  -0.696  -0.911  -0.928  -0.922  -0.965  -2.438
     2.477  -3.915  -3.478  -2.919  -2.163  -1.465  -1.185  -0.998  -0.939  -1.218  -1.253  -1.249  -1.257  -2.635
     2.544  -4.045  -3.583  -3.024  -2.271  -1.597  -1.347  -1.184  -1.163  -1.501  -1.550  -1.546  -1.523  -2.810
     2.602  -4.161  -3.674  -3.113  -2.368  -1.714  -1.497  -1.360  -1.373  -1.767  -1.822  -1.821  -1.773  -2.968
     2.699  -4.370  -3.823  -3.255  -2.525  -1.923  -1.768  -1.683  -1.761  -2.259  -2.327  -2.321  -2.235  -3.250
4.25
    -1.000  -0.655   0.025   0.515   1.215   1.919   2.016   2.480   3.019   3.181   3.151   3.160   3.048   1.314
     0.000  -0.876  -0.143   0.378   1.098   1.730   1.905   2.330   2.866   3.015   3.029   3.050   2.890   1.154
     0.301  -0.988  -0.258   0.268   0.985   1.602   1.806   2.211   2.719   2.844   2.878   2.905   2.731   1.026
     0.699  -1.243  -0.553  -0.033   0.686   1.293   1.554   1.929   2.386   2.489   2.546   2.583   2.397   0.694
     1.000  -1.526  -0.892  -0.376   0.346   0.964   1.281   1.631   2.047   2.141   2.221   2.268   2.068   0.323
     1.176  -1.685  -1.101  -0.591   0.129   0.766   1.099   1.444   1.835   1.914   1.980   2.017   1.824   0.081
     1.301  -1.811  -1.257  -0.753  -0.033   0.613   0.961   1.302   1.670   1.740   1.795   1.824   1.641  -0.104
     1.398  -1.909  -1.383  -0.883  -0.166   0.492   0.842   1.185   1.536   1.598   1.645   1.667   1.488  -0.251
     1.477  -1.999  -1.489  -0.993  -0.278   0.389   0.747   1.082   1.421   1.478   1.519   1.535   1.361  -0.379
     1.602  -2.141  -1.661  -1.170  -0.454   0.222   0.587   0.914   1.232   1.277   1.308   1.317   1.146  -0.583
     1.699  -2.256  -1.797  -1.312  -0.595   0.087   0.455   0.778   1.079   1.112   1.135   1.138   0.973  -0.749
     1.778  -2.357  -1.911  -1.428  -0.713  -0.027   0.345   0.662   0.945   0.966   0.989   0.985   0.823  -0.887
     1.845  -2.441  -2.008  -1.524  -0.812  -0.125   0.246   0.558   0.827   0.841   0.857   0.853   0.692  -1.005
     1.903  -2.518  -2.092  -1.612  -0.899  -0.210   0.163   0.466   0.723   0.728   0.750   0.745   0.586  -1.107
     1.954  -2.586  -2.168  -1.691  -0.977  -0.288   0.084   0.382   0.627   0.626   0.651   0.649   0.488  -1.198
     2.000  -2.651  -2.235  -1.759  -1.047  -0.355   0.013   0.307   0.540   0.531   0.560   0.561   0.397  -1.280
     2.041  -2.709  -2.296  -1.821  -1.109  -0.420  -0.051   0.233   0.456   0.440   0.473   0.476   0.313  -1.356
     2.079  -2.763  -2.353  -1.877  -1.167  -0.479  -0.113   0.168   0.378   0.356   0.395   0.397   0.235  -1.427
     2.176  -2.902  -2.495  -2.020  -1.315  -0.631  -0.276  -0.014   0.168   0.114   0.149   0.154   0.005  -1.616
     2.301  -3.089  -2.675  -2.201  -1.502  -0.835  -0.501  -0.267  -0.127  -0.263  -0.263  -0.262  -0.353  -1.878
     2.398  -3.244  -2.815  -2.339  -1.649  -0.999  -0.690  -0.485  -0.384  -0.588  -0.616  -0.616  -0.662  -2.092
     2.477  -3.379  -2.929  -2.450  -1.768  -1.140  -0.859  -0.681  -0.616  -0.886  -0.928  -0.929  -0.942  -2.278
     2.544  -3.501  -3.024  -2.545  -1.867  -1.264  -1.013  -0.861  -0.828  -1.157  -1.213  -1.214  -1.197  -2.443
     2.602  -3.612  -3.106  -2.623  -1.953  -1.372  -1.154  -1.030  -1.031  -1.413  -1.478  -1.482  -1.437  -2.592
     2.699  -3.809  -3.243  -2.754  -2.094  -1.566  -1.412  -1.339  -1.405  -1.890  -1.966  -1.967  -1.883  -2.860
4.5
    -1.000  -0.339   0.313   0.728   1.357   2.005   2.133   2.569   3.078   3.237   3.206   3.211   3.096   1.408
     0.000  -0.546   0.154   0.596   1.243   1.827   2.022   2.426   2.933   3.079   3.089   3.106   2.943   1.256
     0.301  -0.650   0.050   0.491   1.139   1.706   1.929   2.313   2.796   2.923   2.947   2.974   2.795   1.137
     0.699  -0.890  -0.230   0.209   0.858   1.416   1.692   2.047   2.481   2.585   2.639   2.673   2.481   0.823
     1.000  -1.155  -0.547  -0.112   0.540   1.109   1.436   1.770   2.166   2.264   2.337   2.381   2.179   0.476
     1.176  -1.304  -0.737  -0.309   0.342   0.927   1.269   1.597   1.971   2.057   2.115   2.147   1.952   0.253
     1.301  -1.417  -0.882  -0.458   0.191   0.788   1.140   1.465   1.822   1.897   1.946   1.966   1.781   0.083
     1.398  -1.512  -0.999  -0.577   0.070   0.676   1.035   1.357   1.698   1.768   1.806   1.826   1.642  -0.056
     1.477  -1.592  -1.094  -0.678  -0.030   0.581   0.943   1.265   1.593   1.659   1.689   1.703   1.523  -0.171
     1.602  -1.724  -1.255  -0.839  -0.193   0.426   0.797   1.110   1.422   1.469   1.493   1.497   1.327  -0.358
     1.699  -1.830  -1.376  -0.968  -0.321   0.304   0.676   0.985   1.279   1.318   1.335   1.334   1.166  -0.510
     1.778  -1.918  -1.481  -1.072  -0.427   0.201   0.576   0.877   1.156   1.187   1.200   1.191   1.028  -0.639
     1.845  -1.999  -1.569  -1.164  -0.516   0.112   0.487   0.784   1.048   1.068   1.077   1.067   0.907  -0.748
     1.903  -2.068  -1.645  -1.243  -0.600   0.034   0.409   0.701   0.952   0.965   0.978   0.970   0.808  -0.841
     1.954  -2.132  -1.715  -1.312  -0.668  -0.036   0.336   0.621   0.863   0.871   0.886   0.882   0.719  -0.922
     2.000  -2.191  -1.776  -1.373  -0.730  -0.101   0.273   0.550   0.782   0.780   0.801   0.799   0.634  -0.999
     2.041  -2.244  -1.831  -1.430  -0.787  -0.157   0.211   0.484   0.705   0.696   0.722   0.720   0.556  -1.072
     2.079  -2.295  -1.883  -1.481  -0.838  -0.212   0.156   0.422   0.632   0.617   0.649   0.645   0.481  -1.137
     2.176  -2.423  -2.010  -1.612  -0.971  -0.352   0.003   0.255   0.436   0.392   0.420   0.419   0.270  -1.310
     2.301  -2.596  -2.176  -1.772  -1.142  -0.540  -0.205   0.015   0.157   0.032   0.026   0.023  -0.073  -1.555
     2.398  -2.741  -2.301  -1.898  -1.274  -0.690  -0.385  -0.190  -0.083  -0.279  -0.311  -0.317  -0.365  -1.754
     2.477  -2.867  -2.405  -1.999  -1.381  -0.818  -0.543  -0.374  -0.304  -0.562  -0.608  -0.616  -0.633  -1.927
     2.544  -2.979  -2.491  -2.082  -1.473  -0.931  -0.685  -0.545  -0.506  -0.823  -0.883  -0.893  -0.875  -2.082
     2.602  -3.086  -2.565  -2.152  -1.551  -1.033  -0.821  -0.707  -0.699  -1.069  -1.139  -1.149  -1.108  -2.221
     2.699  -3.270  -2.689  -2.269  -1.678  -1.215  -1.065  -1.003  -1.059  -1.530  -1.611  -1.618  -1.538  -2.476
4.75
    -1.000  -0.045   0.576   0.921   1.488   2.084   2.238   2.647   3.126   3.282   3.248   3.256   3.137   1.496
     0.000  -0.237   0.427   0.797   1.378   1.917   2.134   2.512   2.989   3.132   3.140   3.157   2.993   1.353
     0.301  -0.336   0.329   0.701   1.282   1.803   2.045   2.407   2.860   2.983   3.007   3.031   2.852   1.240
     0.699  -0.559   0.069   0.436   1.018   1.534   1.821   2.158   2.567   2.673   2.723   2.754   2.562   0.947
     1.000  -0.809  -0.227   0.140   0.725   1.247   1.582   1.899   2.278   2.378   2.448   2.488   2.281   0.626
     1.176  -0.946  -0.402  -0.041   0.543   1.081   1.428   1.743   2.099   2.189   2.242   2.272   2.073   0.418
     1.301  -1.047  -0.533  -0.179   0.406   0.955   1.310   1.621   1.963   2.045   2.085   2.106   1.919   0.262
     1.398  -1.135  -0.640  -0.284   0.296   0.853   1.216   1.523   1.852   1.925   1.961   1.975   1.790   0.137
     1.477  -1.206  -0.727  -0.376   0.206   0.767   1.135   1.437   1.758   1.824   1.850   1.861   1.678   0.030
     1.602  -1.327  -0.871  -0.523   0.060   0.627   0.998   1.298   1.599   1.657   1.673   1.676   1.499  -0.141
     1.699  -1.424  -0.982  -0.640  -0.057   0.516   0.890   1.183   1.471   1.515   1.528   1.521   1.351  -0.279
     1.778  -1.505  -1.076  -0.733  -0.151   0.423   0.798   1.085   1.359   1.394   1.401   1.391   1.227  -0.395
     1.845  -1.577  -1.155  -0.816  -0.233   0.343   0.717   1.000   1.262   1.287   1.291   1.276   1.113  -0.494
     1.903  -1.641  -1.226  -0.886  -0.304   0.272   0.646   0.922   1.172   1.193   1.199   1.188   1.025  -0.582
     1.954  -1.700  -1.287  -0.949  -0.369   0.209   0.580   0.852   1.091   1.103   1.117   1.105   0.940  -0.658
     2.000  -1.753  -1.341  -1.006  -0.424   0.150   0.522   0.789   1.015   1.021   1.038   1.030   0.866  -0.727
     2.041  -1.801  -1.392  -1.055  -0.476   0.099   0.465   0.726   0.944   0.945   0.965   0.955   0.792  -0.793
     2.079  -1.848  -1.439  -1.103  -0.521   0.049   0.414   0.668   0.876   0.869   0.897   0.887   0.725  -0.852
     2.176  -1.968  -1.554  -1.218  -0.641  -0.077   0.275   0.513   0.696   0.660   0.682   0.678   0.525  -1.011
     2.301  -2.126  -1.702  -1.364  -0.793  -0.248   0.080   0.292   0.437   0.320   0.307   0.299   0.204  -1.236
     2.398  -2.259  -1.815  -1.473  -0.911  -0.384  -0.085   0.098   0.208   0.024  -0.015  -0.023  -0.073  -1.423
     2.477  -2.376  -1.906  -1.562  -1.006  -0.502  -0.234  -0.075   0.000  -0.245  -0.300  -0.314  -0.328  -1.583
     2.544  -2.482  -1.983  -1.635  -1.086  -0.609  -0.370  -0.240  -0.193  -0.498  -0.564  -0.576  -0.562  -1.727
     2.602  -2.580  -2.050  -1.697  -1.155  -0.702  -0.497  -0.391  -0.379  -0.735  -0.810  -0.822  -0.783  -1.858
     2.699  -2.756  -2.161  -1.801  -1.269  -0.868  -0.731  -0.674  -0.723  -1.182  -1.265  -1.277  -1.200  -2.095
5.0
    -1.000   0.225   0.813   1.103   1.608   2.155   2.333   2.716   3.166   3.317   3.286   3.294   3.172   1.575
     0.000   0.050   0.674   0.980   1.505   2.005   2.233   2.589   3.036   3.177   3.185   3.200   3.035   1.442
     0.301  -0.042   0.582   0.893   1.414   1.898   2.153   2.491   2.915   3.041   3.063   3.083   2.904   1.337
     0.699  -0.252   0.339   0.647   1.168   1.647   1.943   2.258   2.644   2.752   2.801   2.829   2.634   1.064
     1.000  -0.481   0.068   0.372   0.899   1.384   1.719   2.018   2.378   2.483   2.550   2.588   2.379   0.766
     1.176  -0.607  -0.092   0.208   0.733   1.231   1.580   1.878   2.216   2.312   2.363   2.388   2.188   0.576
     1.301  -0.703  -0.211   0.084   0.611   1.118   1.472   1.769   2.094   2.182   2.221   2.237   2.047   0.432
     1.398  -0.779  -0.307  -0.014   0.514   1.026   1.387   1.681   1.994   2.074   2.107   2.115   1.929   0.322
     1.477  -0.845  -0.386  -0.095   0.432   0.949   1.314   1.605   1.909   1.983   2.006   2.015   1.833   0.224
     1.602  -0.954  -0.514  -0.226   0.300   0.824   1.194   1.481   1.768   1.830   1.845   1.842   1.669   0.069
     1.699  -1.039  -0.614  -0.329   0.197   0.723   1.096   1.376   1.651   1.702   1.715   1.704   1.533  -0.056
     1.778  -1.114  -0.696  -0.414   0.112   0.643   1.012   1.289   1.552   1.592   1.598   1.583   1.419  -0.160
     1.845  -1.180  -0.767  -0.485   0.042   0.568   0.938   1.210   1.464   1.498   1.496   1.477   1.315  -0.250
     1.903  -1.238  -0.829  -0.548  -0.021   0.505   0.876   1.141   1.382   1.409   1.412   1.397   1.234  -0.329
     1.954  -1.288  -0.886  -0.603  -0.078   0.449   0.814   1.077   1.307   1.329   1.337   1.322   1.158  -0.398
     2.000  -1.337  -0.934  -0.653  -0.129   0.397   0.761   1.016   1.238   1.254   1.267   1.253   1.089  -0.461
     2.041  -1.382  -0.978  -0.697  -0.175   0.350   0.712   0.958   1.174   1.183   1.197   1.186   1.022  -0.521
     2.079  -1.423  -1.021  -0.739  -0.215   0.308   0.663   0.910   1.113   1.113   1.135   1.124   0.958  -0.576
     2.176  -1.531  -1.123  -0.844  -0.321   0.192   0.535   0.765   0.946   0.915   0.936   0.928   0.774  -0.721
     2.301  -1.677  -1.252  -0.970  -0.454   0.038   0.357   0.558   0.703   0.598   0.583   0.570   0.473  -0.926
     2.398  -1.802  -1.352  -1.065  -0.557  -0.084   0.204   0.378   0.489   0.316   0.276   0.262   0.211  -1.097
     2.477  -1.910  -1.435  -1.142  -0.640  -0.195   0.068   0.213   0.292   0.056   0.001  -0.015  -0.029  -1.245
     2.544  -2.006  -1.503  -1.206  -0.711  -0.287  -0.062   0.061   0.109  -0.182  -0.252  -0.269  -0.255  -1.379
     2.602  -2.097  -1.560  -1.264  -0.771  -0.374  -0.181  -0.084  -0.065  -0.411  -0.487  -0.504  -0.467  -1.503
     2.699  -2.262  -1.657  -1.349  -0.871  -0.526  -0.403  -0.356  -0.397  -0.842  -0.928  -0.943  -0.867  -1.725
5.25
    -1.000   0.474   1.027   1.261   1.718   2.224   2.420   2.779   3.196   3.342   3.314   3.325   3.203   1.651
     0.000   0.311   0.896   1.150   1.621   2.083   2.328   2.661   3.073   3.212   3.223   3.236   3.071   1.523
     0.301   0.227   0.810   1.067   1.538   1.986   2.248   2.570   2.960   3.086   3.111   3.130   2.951   1.430
     0.699   0.034   0.586   0.837   1.310   1.756   2.052   2.353   2.710   2.822   2.870   2.898   2.699   1.176
     1.000  -0.179   0.337   0.587   1.063   1.514   1.846   2.134   2.467   2.577   2.645   2.681   2.470   0.900
     1.176  -0.291   0.192   0.438   0.915   1.377   1.722   2.006   2.325   2.426   2.475   2.498   2.299   0.729
     1.301  -0.378   0.084   0.329   0.808   1.274   1.627   1.910   2.217   2.309   2.347   2.362   2.170   0.602
     1.398  -0.448   0.000   0.241   0.720   1.193   1.549   1.831   2.128   2.213   2.244   2.252   2.066   0.497
     1.477  -0.506  -0.069   0.170   0.648   1.124   1.485   1.763   2.053   2.133   2.156   2.157   1.978   0.415
     1.602  -0.602  -0.185   0.057   0.533   1.015   1.378   1.651   1.927   1.997   2.009   2.004   1.830   0.274
     1.699  -0.680  -0.271  -0.034   0.442   0.926   1.290   1.560   1.824   1.882   1.890   1.879   1.708   0.162
     1.778  -0.747  -0.344  -0.107   0.368   0.853   1.217   1.481   1.735   1.783   1.786   1.770   1.607   0.069
     1.845  -0.804  -0.404  -0.172   0.305   0.788   1.151   1.412   1.655   1.695   1.693   1.672   1.511  -0.013
     1.903  -0.855  -0.461  -0.228   0.249   0.736   1.093   1.350   1.583   1.617   1.618   1.598   1.437  -0.081
     1.954  -0.902  -0.508  -0.274   0.203   0.683   1.039   1.289   1.519   1.542   1.550   1.533   1.371  -0.143
     2.000  -0.944  -0.551  -0.318   0.157   0.637   0.991   1.237   1.454   1.474   1.486   1.470   1.307  -0.202
     2.041  -0.986  -0.590  -0.356   0.118   0.596   0.947   1.187   1.394   1.409   1.425   1.410   1.246  -0.253
     2.079  -1.021  -0.624  -0.393   0.082   0.558   0.902   1.137   1.339   1.348   1.366   1.354   1.188  -0.303
     2.176  -1.120  -0.715  -0.483  -0.010   0.456   0.789   1.008   1.185   1.166   1.183   1.170   1.019  -0.433
     2.301  -1.250  -0.828  -0.591  -0.124   0.320   0.625   0.818   0.963   0.867   0.848   0.834   0.736  -0.621
     2.398  -1.363  -0.916  -0.675  -0.213   0.210   0.484   0.651   0.762   0.599   0.559   0.540   0.490  -0.780
     2.477  -1.463  -0.986  -0.740  -0.287   0.113   0.354   0.496   0.577   0.355   0.297   0.278   0.261  -0.915
     2.544  -1.553  -1.045  -0.794  -0.346   0.025   0.235   0.353   0.403   0.121   0.055   0.035   0.047  -1.040
     2.602  -1.639  -1.094  -0.839  -0.400  -0.052   0.125   0.216   0.238  -0.097  -0.172  -0.192  -0.156  -1.155
     2.699  -1.793  -1.179  -0.913  -0.484  -0.190  -0.084  -0.041  -0.081  -0.512  -0.596  -0.616  -0.540  -1.363
5.5
    -1.000   0.700   1.211   1.405   1.818   2.289   2.496   2.833   3.216   3.359   3.334   3.348   3.225   1.718
     0.000   0.552   1.089   1.301   1.727   2.159   2.410   2.723   3.099   3.238   3.251   3.269   3.100   1.605
     0.301   0.477   1.011   1.225   1.650   2.072   2.337   2.639   2.996   3.120   3.147   3.170   2.988   1.511
     0.699   0.296   0.805   1.016   1.441   1.859   2.153   2.439   2.768   2.883   2.931   2.959   2.761   1.279
     1.000   0.104   0.578   0.785   1.217   1.637   1.967   2.242   2.548   2.664   2.730   2.767   2.555   1.027
     1.176   0.003   0.450   0.653   1.085   1.517   1.857   2.129   2.423   2.529   2.581   2.602   2.402   0.875
     1.301  -0.078   0.357   0.558   0.991   1.426   1.771   2.043   2.328   2.426   2.466   2.480   2.287   0.760
     1.398  -0.137   0.281   0.481   0.914   1.356   1.703   1.971   2.251   2.343   2.374   2.382   2.195   0.669
     1.477  -0.189   0.222   0.419   0.856   1.296   1.647   1.913   2.186   2.271   2.296   2.297   2.116   0.593
     1.602  -0.273   0.123   0.319   0.751   1.200   1.554   1.817   2.077   2.151   2.166   2.160   1.986   0.472
     1.699  -0.342   0.045   0.243   0.677   1.123   1.477   1.736   1.987   2.052   2.058   2.045   1.879   0.374
     1.778  -0.399  -0.018   0.180   0.612   1.059   1.412   1.666   1.908   1.965   1.965   1.949   1.784   0.292
     1.845  -0.448  -0.073   0.124   0.558   1.005   1.354   1.606   1.839   1.885   1.881   1.861   1.702   0.219
     1.903  -0.495  -0.116   0.077   0.511   0.957   1.303   1.548   1.774   1.816   1.816   1.794   1.635   0.158
     1.954  -0.537  -0.158   0.036   0.469   0.909   1.257   1.497   1.715   1.748   1.756   1.736   1.574   0.103
     2.000  -0.574  -0.193  -0.002   0.432   0.873   1.214   1.449   1.657   1.688   1.698   1.681   1.520   0.052
     2.041  -0.610  -0.228  -0.032   0.400   0.839   1.174   1.407   1.605   1.628   1.643   1.628   1.464   0.006
     2.079  -0.643  -0.258  -0.062   0.370   0.803   1.136   1.362   1.557   1.573   1.590   1.576   1.413  -0.038
     2.176  -0.731  -0.335  -0.138   0.290   0.715   1.031   1.241   1.416   1.404   1.421   1.408   1.257  -0.157
     2.301  -0.847  -0.431  -0.231   0.193   0.596   0.885   1.070   1.209   1.122   1.107   1.090   0.995  -0.326
     2.398  -0.947  -0.506  -0.299   0.118   0.497   0.756   0.915   1.023   0.873   0.830   0.812   0.763  -0.466
     2.477  -1.042  -0.567  -0.354   0.059   0.414   0.636   0.772   0.851   0.638   0.583   0.563   0.548  -0.592
     2.544  -1.123  -0.614  -0.399   0.007   0.335   0.528   0.637   0.686   0.420   0.353   0.332   0.343  -0.706
     2.602  -1.199  -0.657  -0.437  -0.036   0.264   0.421   0.507   0.529   0.211   0.134   0.114   0.149  -0.811
     2.699  -1.344  -0.729  -0.496  -0.107   0.139   0.223   0.263   0.225  -0.191  -0.275  -0.293  -0.219  -1.002
5.75
    -1.000   0.902   1.370   1.532   1.906   2.345   2.565   2.880   3.225   3.364   3.348   3.366   3.244   1.779
     0.000   0.771   1.260   1.435   1.824   2.228   2.483   2.778   3.116   3.254   3.273   3.292   3.125   1.672
     0.301   0.702   1.189   1.365   1.750   2.149   2.416   2.700   3.021   3.147   3.179   3.203   3.021   1.589
     0.699   0.537   1.002   1.175   1.563   1.954   2.246   2.517   2.814   2.931   2.986   3.016   2.814   1.376
     1.000   0.360   0.795   0.966   1.361   1.757   2.075   2.340   2.620   2.739   2.809   2.848   2.634   1.147
     1.176   0.270   0.683   0.852   1.247   1.651   1.978   2.240   2.511   2.622   2.677   2.700   2.499   1.013
     1.301   0.204   0.601   0.768   1.164   1.573   1.903   2.165   2.430   2.535   2.577   2.591   2.398   0.913
     1.398   0.150   0.537   0.704   1.100   1.512   1.848   2.108   2.362   2.463   2.495   2.503   2.318   0.835
     1.477   0.104   0.485   0.651   1.047   1.461   1.799   2.057   2.311   2.401   2.428   2.429   2.249   0.769
     1.602   0.034   0.403   0.567   0.964   1.379   1.719   1.972   2.216   2.298   2.314   2.307   2.136   0.662
     1.699  -0.024   0.336   0.502   0.900   1.314   1.654   1.904   2.139   2.211   2.220   2.205   2.042   0.578
     1.778  -0.074   0.285   0.449   0.845   1.261   1.600   1.844   2.071   2.134   2.137   2.121   1.960   0.510
     1.845  -0.117   0.242   0.405   0.804   1.215   1.549   1.792   2.011   2.065   2.065   2.042   1.886   0.444
     1.903  -0.157   0.204   0.365   0.764   1.175   1.505   1.742   1.955   2.004   2.008   1.988   1.826   0.392
     1.954  -0.193   0.169   0.332   0.729   1.138   1.465   1.698   1.902   1.947   1.954   1.935   1.777   0.344
     2.000  -0.226   0.138   0.301   0.698   1.104   1.429   1.655   1.852   1.892   1.902   1.882   1.725   0.299
     2.041  -0.258   0.110   0.272   0.671   1.071   1.391   1.614   1.806   1.838   1.853   1.838   1.678   0.258
     2.079  -0.287   0.086   0.248   0.645   1.046   1.358   1.578   1.760   1.789   1.806   1.791   1.630   0.219
     2.176  -0.363   0.022   0.185   0.581   0.970   1.267   1.470   1.638   1.634   1.652   1.639   1.488   0.115
     2.301  -0.466  -0.059   0.111   0.502   0.866   1.134   1.314   1.448   1.372   1.357   1.339   1.248  -0.035
     2.398  -0.556  -0.122   0.059   0.442   0.781   1.018   1.172   1.276   1.135   1.100   1.080   1.026  -0.162
     2.477  -0.637  -0.170   0.015   0.393   0.707   0.908   1.040   1.115   0.915   0.862   0.841   0.827  -0.274
     2.544  -0.715  -0.210  -0.021   0.353   0.639   0.807   0.914   0.960   0.705   0.643   0.620   0.634  -0.375
     2.602  -0.783  -0.246  -0.050   0.319   0.579   0.711   0.792   0.811   0.506   0.433   0.412   0.450  -0.473
     2.699  -0.920  -0.303  -0.095   0.260   0.465   0.525   0.561   0.523   0.120   0.040   0.021   0.095  -0.652
6.0
    -1.000   1.113   1.533   1.670   2.014   2.426   2.654   2.947   3.254   3.390   3.381   3.405   3.283   1.860
     0.000   0.990   1.428   1.575   1.931   2.319   2.572   2.849   3.148   3.284   3.308   3.333   3.166   1.757
     0.301   0.926   1.360   1.508   1.861   2.241   2.504   2.773   3.058   3.182   3.221   3.247   3.067   1.679
     0.699   0.763   1.178   1.323   1.678   2.053   2.336   2.593   2.858   2.981   3.038   3.070   2.872   1.473
     1.000   0.588   0.977   1.122   1.485   1.863   2.167   2.420   2.671   2.797   2.872   2.911   2.698   1.253
     1.176   0.497   0.870   1.012   1.376   1.761   2.071   2.323   2.568   2.687   2.745   2.767   2.567   1.123
     1.301   0.428   0.790   0.932   1.296   1.683   2.001   2.250   2.492   2.603   2.647   2.663   2.473   1.028
     1.398   0.376   0.727   0.868   1.234   1.623   1.944   2.193   2.430   2.534   2.570   2.578   2.395   0.951
     1.477   0.330   0.676   0.820   1.184   1.574   1.893   2.144   2.374   2.475   2.504   2.507   2.330   0.888
     1.602   0.259   0.596   0.737   1.104   1.495   1.817   2.059   2.286   2.376   2.394   2.389   2.220   0.787
     1.699   0.200   0.535   0.675   1.043   1.432   1.753   1.994   2.213   2.292   2.302   2.291   2.128   0.707
     1.778   0.150   0.484   0.625   0.993   1.379   1.698   1.935   2.147   2.219   2.225   2.208   2.048   0.636
     1.845   0.105   0.442   0.583   0.950   1.334   1.649   1.883   2.088   2.151   2.152   2.131   1.977   0.577
     1.903   0.067   0.403   0.544   0.912   1.294   1.604   1.834   2.033   2.091   2.097   2.078   1.921   0.526
     1.954   0.029   0.369   0.511   0.878   1.259   1.565   1.791   1.982   2.035   2.045   2.027   1.870   0.479
     2.000  -0.006   0.340   0.481   0.849   1.225   1.528   1.748   1.935   1.981   1.995   1.977   1.821   0.434
     2.041  -0.034   0.314   0.455   0.824   1.195   1.492   1.710   1.890   1.931   1.948   1.932   1.773   0.395
     2.079  -0.063   0.287   0.431   0.799   1.167   1.458   1.671   1.846   1.881   1.903   1.890   1.730   0.358
     2.176  -0.141   0.225   0.371   0.738   1.094   1.368   1.565   1.724   1.731   1.751   1.738   1.591   0.256
     2.301  -0.247   0.148   0.300   0.661   0.993   1.235   1.412   1.539   1.473   1.461   1.445   1.355   0.111
     2.398  -0.338   0.085   0.247   0.603   0.909   1.120   1.271   1.369   1.240   1.206   1.186   1.140  -0.014
     2.477  -0.421   0.038   0.207   0.556   0.835   1.011   1.137   1.209   1.020   0.973   0.953   0.939  -0.124
     2.544  -0.496  -0.001   0.173   0.518   0.770   0.909   1.014   1.057   0.815   0.755   0.736   0.749  -0.225
     2.602  -0.567  -0.035   0.144   0.483   0.708   0.812   0.893   0.908   0.615   0.548   0.529   0.567  -0.320
     2.699  -0.701  -0.091   0.102   0.428   0.599   0.628   0.661   0.623   0.234   0.159   0.141   0.217  -0.495
6.25
    -1.000   1.311   1.683   1.804   2.124   2.514   2.744   3.018   3.286   3.418   3.419   3.449   3.330   1.948
     0.000   1.199   1.582   1.712   2.039   2.413   2.662   2.923   3.181   3.316   3.350   3.380   3.213   1.850
     0.301   1.136   1.516   1.647   1.976   2.340   2.596   2.850   3.094   3.222   3.267   3.299   3.118   1.775
     0.699   0.979   1.339   1.468   1.799   2.159   2.429   2.676   2.905   3.030   3.094   3.130   2.932   1.576
     1.000   0.804   1.146   1.273   1.610   1.973   2.262   2.505   2.726   2.859   2.939   2.978   2.766   1.363
     1.176   0.713   1.039   1.167   1.506   1.874   2.168   2.411   2.628   2.751   2.816   2.843   2.645   1.238
     1.301   0.645   0.963   1.090   1.431   1.801   2.097   2.340   2.555   2.671   2.724   2.743   2.550   1.147
     1.398   0.591   0.903   1.031   1.372   1.742   2.041   2.283   2.496   2.608   2.649   2.659   2.478   1.074
     1.477   0.545   0.855   0.981   1.323   1.693   1.995   2.236   2.445   2.550   2.586   2.591   2.415   1.014
     1.602   0.471   0.776   0.903   1.247   1.616   1.918   2.153   2.358   2.455   2.480   2.476   2.309   0.916
     1.699   0.412   0.717   0.843   1.187   1.555   1.854   2.089   2.288   2.374   2.391   2.382   2.222   0.838
     1.778   0.363   0.667   0.795   1.140   1.503   1.799   2.030   2.224   2.303   2.314   2.300   2.143   0.771
     1.845   0.319   0.626   0.754   1.099   1.460   1.751   1.979   2.168   2.239   2.245   2.226   2.074   0.717
     1.903   0.279   0.589   0.718   1.062   1.420   1.708   1.931   2.115   2.181   2.192   2.172   2.023   0.664
     1.954   0.242   0.556   0.685   1.030   1.386   1.667   1.888   2.065   2.125   2.141   2.123   1.972   0.618
     2.000   0.207   0.527   0.657   1.002   1.353   1.631   1.847   2.018   2.074   2.093   2.077   1.925   0.576
     2.041   0.176   0.502   0.632   0.978   1.324   1.595   1.806   1.974   2.024   2.046   2.033   1.878   0.538
     2.079   0.146   0.476   0.610   0.955   1.296   1.562   1.770   1.931   1.975   2.002   1.988   1.835   0.502
     2.176   0.070   0.416   0.551   0.893   1.223   1.472   1.667   1.811   1.829   1.853   1.843   1.699   0.403
     2.301  -0.036   0.339   0.483   0.821   1.125   1.340   1.509   1.630   1.575   1.568   1.553   1.466   0.261
     2.398  -0.130   0.280   0.432   0.764   1.043   1.223   1.372   1.463   1.346   1.317   1.300   1.255   0.139
     2.477  -0.214   0.236   0.394   0.721   0.971   1.115   1.240   1.305   1.130   1.086   1.069   1.057   0.031
     2.544  -0.290   0.195   0.361   0.682   0.905   1.015   1.114   1.156   0.925   0.871   0.853   0.870  -0.070
     2.602  -0.363   0.163   0.334   0.651   0.846   0.917   0.996   1.007   0.728   0.667   0.650   0.689  -0.163
     2.699  -0.497   0.108   0.292   0.600   0.737   0.734   0.763   0.723   0.349   0.283   0.265   0.342  -0.334
6.5
    -1.000   1.488   1.806   1.924   2.222   2.597   2.826   3.080   3.307   3.437   3.449   3.488   3.369   2.029
     0.000   1.386   1.710   1.832   2.141   2.504   2.745   2.989   3.205   3.340   3.383   3.419   3.255   1.934
     0.301   1.328   1.647   1.768   2.076   2.434   2.678   2.920   3.122   3.250   3.305   3.341   3.165   1.863
     0.699   1.169   1.475   1.594   1.906   2.259   2.513   2.748   2.940   3.071   3.144   3.185   2.988   1.670
     1.000   0.998   1.289   1.407   1.727   2.080   2.348   2.582   2.770   2.909   2.997   3.042   2.831   1.466
     1.176   0.906   1.187   1.306   1.626   1.983   2.254   2.490   2.677   2.809   2.880   2.912   2.714   1.347
     1.301   0.837   1.112   1.232   1.554   1.910   2.185   2.421   2.608   2.731   2.790   2.814   2.625   1.260
     1.398   0.782   1.053   1.174   1.497   1.854   2.131   2.366   2.552   2.668   2.719   2.733   2.553   1.191
     1.477   0.736   1.007   1.127   1.452   1.806   2.083   2.317   2.502   2.617   2.658   2.667   2.494   1.133
     1.602   0.663   0.930   1.053   1.378   1.732   2.009   2.240   2.421   2.525   2.555   2.556   2.392   1.039
     1.699   0.602   0.873   0.996   1.323   1.674   1.946   2.174   2.352   2.447   2.471   2.465   2.308   0.964
     1.778   0.552   0.826   0.950   1.275   1.623   1.892   2.117   2.291   2.380   2.397   2.385   2.234   0.902
     1.845   0.510   0.785   0.910   1.237   1.581   1.845   2.068   2.237   2.317   2.328   2.313   2.167   0.845
     1.903   0.467   0.750   0.873   1.203   1.541   1.801   2.021   2.185   2.260   2.278   2.262   2.115   0.795
     1.954   0.430   0.718   0.841   1.172   1.507   1.761   1.976   2.137   2.206   2.228   2.215   2.067   0.752
     2.000   0.397   0.689   0.816   1.144   1.477   1.725   1.936   2.091   2.156   2.182   2.169   2.019   0.712
     2.041   0.365   0.664   0.792   1.120   1.446   1.690   1.897   2.049   2.107   2.138   2.124   1.975   0.673
     2.079   0.337   0.641   0.769   1.099   1.420   1.657   1.861   2.008   2.060   2.094   2.084   1.932   0.638
     2.176   0.257   0.581   0.714   1.041   1.349   1.567   1.758   1.891   1.917   1.948   1.941   1.799   0.541
     2.301   0.150   0.507   0.648   0.970   1.252   1.437   1.605   1.712   1.667   1.668   1.656   1.572   0.403
     2.398   0.057   0.449   0.600   0.917   1.172   1.319   1.465   1.547   1.440   1.420   1.406   1.364   0.284
     2.477  -0.027   0.405   0.563   0.874   1.100   1.212   1.335   1.390   1.229   1.195   1.178   1.169   0.178
     2.544  -0.106   0.365   0.531   0.838   1.036   1.110   1.209   1.239   1.026   0.980   0.966   0.984   0.081
     2.602  -0.179   0.333   0.505   0.807   0.977   1.013   1.091   1.096   0.830   0.779   0.762   0.806  -0.011
     2.699  -0.315   0.280   0.465   0.758   0.867   0.828   0.861   0.815   0.454   0.397   0.381   0.464  -0.180
6.75
    -1.000   1.645   1.902   2.021   2.311   2.674   2.898   3.136   3.318   3.445   3.472   3.518   3.404   2.103
     0.000   1.552   1.812   1.933   2.231   2.588   2.818   3.049   3.219   3.354   3.408   3.451   3.290   2.013
     0.301   1.494   1.752   1.872   2.170   2.523   2.751   2.980   3.140   3.270   3.336   3.380   3.205   1.944
     0.699   1.342   1.586   1.705   2.004   2.354   2.588   2.814   2.967   3.102   3.185   3.231   3.039   1.758
     1.000   1.169   1.405   1.525   1.831   2.181   2.425   2.652   2.804   2.948   3.048   3.097   2.889   1.561
     1.176   1.076   1.306   1.426   1.735   2.087   2.333   2.560   2.718   2.853   2.934   2.971   2.775   1.451
     1.301   1.005   1.235   1.357   1.667   2.017   2.266   2.495   2.651   2.783   2.850   2.875   2.693   1.367
     1.398   0.952   1.178   1.302   1.613   1.962   2.211   2.440   2.599   2.723   2.783   2.802   2.625   1.300
     1.477   0.906   1.134   1.257   1.569   1.916   2.165   2.393   2.551   2.672   2.723   2.738   2.566   1.245
     1.602   0.831   1.061   1.185   1.500   1.844   2.088   2.318   2.474   2.586   2.625   2.629   2.470   1.156
     1.699   0.772   1.003   1.130   1.447   1.787   2.029   2.252   2.408   2.511   2.542   2.540   2.388   1.083
     1.778   0.720   0.960   1.086   1.402   1.738   1.976   2.197   2.350   2.446   2.471   2.463   2.318   1.023
     1.845   0.676   0.920   1.047   1.366   1.696   1.931   2.148   2.297   2.385   2.406   2.394   2.252   0.969
     1.903   0.635   0.884   1.014   1.332   1.658   1.886   2.102   2.248   2.330   2.356   2.345   2.202   0.923
     1.954   0.597   0.854   0.984   1.303   1.625   1.846   2.058   2.201   2.279   2.308   2.298   2.155   0.878
     2.000   0.565   0.826   0.959   1.279   1.594   1.809   2.018   2.157   2.230   2.264   2.254   2.110   0.840
     2.041   0.533   0.802   0.934   1.256   1.566   1.774   1.980   2.113   2.183   2.220   2.214   2.065   0.803
     2.079   0.503   0.779   0.912   1.233   1.539   1.742   1.943   2.073   2.136   2.179   2.172   2.026   0.768
     2.176   0.422   0.721   0.860   1.179   1.469   1.652   1.841   1.960   1.996   2.036   2.030   1.897   0.674
     2.301   0.313   0.647   0.797   1.109   1.374   1.523   1.689   1.784   1.751   1.761   1.753   1.673   0.541
     2.398   0.219   0.592   0.751   1.058   1.293   1.405   1.549   1.622   1.528   1.516   1.505   1.468   0.424
     2.477   0.132   0.547   0.714   1.018   1.225   1.298   1.421   1.466   1.317   1.291   1.281   1.277   0.321
     2.544   0.055   0.509   0.685   0.984   1.161   1.197   1.296   1.321   1.118   1.082   1.071   1.092   0.224
     2.602  -0.019   0.477   0.660   0.954   1.103   1.101   1.177   1.175   0.924   0.883   0.871   0.916   0.134
     2.699  -0.154   0.426   0.623   0.908   0.996   0.917   0.949   0.896   0.552   0.504   0.492   0.577  -0.031
7.0
    -1.000   1.777   1.976   2.062   2.327   2.666   2.908   3.132   3.321   3.443   3.471   3.519   3.403   2.171
     0.000   1.695   1.890   1.976   2.247   2.587   2.827   3.047   3.223   3.355   3.410   3.454   3.292   2.085
     0.301   1.640   1.831   1.917   2.188   2.524   2.762   2.979   3.147   3.276   3.343   3.385   3.210   2.018
     0.699   1.488   1.672   1.753   2.029   2.362   2.601   2.818   2.982   3.120   3.202   3.247   3.052   1.841
     1.000   1.320   1.495   1.581   1.861   2.196   2.437   2.659   2.829   2.979   3.075   3.120   2.913   1.651
     1.176   1.226   1.402   1.487   1.775   2.105   2.347   2.570   2.747   2.889   2.967   3.000   2.806   1.546
     1.301   1.156   1.333   1.421   1.708   2.038   2.280   2.506   2.685   2.820   2.886   2.909   2.727   1.467
     1.398   1.101   1.278   1.367   1.656   1.984   2.227   2.453   2.633   2.764   2.821   2.838   2.662   1.402
     1.477   1.053   1.233   1.323   1.614   1.938   2.184   2.407   2.589   2.716   2.765   2.776   2.607   1.350
     1.602   0.977   1.164   1.255   1.549   1.869   2.107   2.333   2.515   2.635   2.671   2.672   2.513   1.264
     1.699   0.917   1.109   1.203   1.498   1.813   2.047   2.269   2.451   2.562   2.592   2.585   2.434   1.196
     1.778   0.867   1.065   1.162   1.456   1.767   1.994   2.215   2.397   2.499   2.521   2.511   2.366   1.138
     1.845   0.822   1.027   1.125   1.421   1.725   1.951   2.166   2.346   2.440   2.459   2.442   2.304   1.087
     1.903   0.780   0.994   1.092   1.389   1.688   1.906   2.123   2.298   2.389   2.410   2.397   2.255   1.041
     1.954   0.743   0.963   1.064   1.361   1.655   1.867   2.078   2.253   2.338   2.364   2.352   2.209   1.000
     2.000   0.709   0.938   1.040   1.336   1.625   1.832   2.038   2.210   2.290   2.322   2.309   2.165   0.961
     2.041   0.677   0.914   1.017   1.314   1.598   1.796   2.001   2.169   2.245   2.278   2.269   2.125   0.924
     2.079   0.647   0.893   0.996   1.295   1.572   1.764   1.964   2.130   2.201   2.237   2.228   2.083   0.892
     2.176   0.567   0.836   0.945   1.243   1.503   1.674   1.863   2.017   2.063   2.099   2.092   1.957   0.800
     2.301   0.455   0.764   0.885   1.176   1.410   1.544   1.711   1.845   1.822   1.829   1.816   1.737   0.668
     2.398   0.360   0.710   0.841   1.129   1.332   1.430   1.574   1.685   1.602   1.588   1.574   1.537   0.557
     2.477   0.274   0.666   0.806   1.089   1.265   1.321   1.446   1.532   1.394   1.367   1.352   1.347   0.454
     2.544   0.194   0.629   0.778   1.056   1.201   1.221   1.322   1.386   1.197   1.159   1.145   1.167   0.361
     2.602   0.120   0.598   0.755   1.029   1.143   1.125   1.203   1.244   1.005   0.961   0.946   0.992   0.273
     2.699  -0.016   0.548   0.720   0.983   1.039   0.941   0.976   0.967   0.635   0.586   0.574   0.656   0.109
7.25
    -1.000   1.887   2.050   2.102   2.342   2.657   2.916   3.124   3.319   3.438   3.467   3.518   3.401   2.232
     0.000   1.815   1.965   2.017   2.264   2.586   2.837   3.043   3.225   3.355   3.411   3.454   3.292   2.151
     0.301   1.763   1.910   1.959   2.205   2.526   2.772   2.977   3.153   3.284   3.347   3.391   3.215   2.086
     0.699   1.614   1.757   1.804   2.054   2.370   2.611   2.821   2.999   3.138   3.219   3.262   3.067   1.917
     1.000   1.446   1.587   1.636   1.895   2.210   2.450   2.666   2.852   3.006   3.101   3.144   2.934   1.735
     1.176   1.352   1.495   1.547   1.811   2.122   2.361   2.581   2.774   2.924   2.999   3.029   2.833   1.634
     1.301   1.281   1.430   1.483   1.746   2.055   2.297   2.516   2.717   2.859   2.922   2.943   2.758   1.559
     1.398   1.225   1.378   1.431   1.698   2.006   2.243   2.464   2.669   2.805   2.857   2.872   2.697   1.497
     1.477   1.179   1.334   1.391   1.659   1.963   2.199   2.420   2.627   2.760   2.806   2.812   2.645   1.448
     1.602   1.103   1.268   1.326   1.597   1.895   2.125   2.347   2.556   2.681   2.716   2.715   2.557   1.367
     1.699   1.040   1.214   1.277   1.548   1.840   2.065   2.284   2.496   2.614   2.638   2.630   2.480   1.302
     1.778   0.988   1.173   1.236   1.509   1.795   2.013   2.230   2.444   2.551   2.571   2.558   2.414   1.246
     1.845   0.944   1.135   1.203   1.476   1.754   1.971   2.185   2.394   2.496   2.510   2.492   2.354   1.197
     1.903   0.903   1.102   1.170   1.446   1.717   1.927   2.137   2.348   2.444   2.464   2.447   2.307   1.153
     1.954   0.866   1.073   1.142   1.419   1.686   1.888   2.096   2.304   2.397   2.421   2.403   2.264   1.113
     2.000   0.831   1.049   1.120   1.395   1.657   1.852   2.057   2.263   2.350   2.378   2.362   2.221   1.075
     2.041   0.798   1.026   1.097   1.373   1.628   1.818   2.021   2.222   2.308   2.337   2.322   2.181   1.041
     2.079   0.768   1.005   1.079   1.354   1.604   1.785   1.985   2.185   2.264   2.298   2.285   2.140   1.008
     2.176   0.687   0.950   1.028   1.305   1.537   1.696   1.885   2.074   2.129   2.164   2.151   2.019   0.920
     2.301   0.574   0.879   0.971   1.243   1.447   1.567   1.735   1.905   1.893   1.898   1.879   1.803   0.792
     2.398   0.478   0.826   0.930   1.196   1.370   1.451   1.596   1.749   1.675   1.659   1.642   1.605   0.681
     2.477   0.392   0.784   0.897   1.159   1.304   1.345   1.469   1.597   1.471   1.440   1.422   1.419   0.580
     2.544   0.312   0.748   0.869   1.128   1.241   1.244   1.347   1.452   1.274   1.237   1.218   1.241   0.491
     2.602   0.236   0.719   0.848   1.102   1.184   1.147   1.228   1.312   1.085   1.039   1.023   1.067   0.405
     2.699   0.097   0.668   0.815   1.059   1.079   0.964   1.002   1.038   0.719   0.668   0.653   0.735   0.244
7.5
    -1.000   1.974   2.117   2.139   2.357   2.648   2.927   3.117   3.318   3.433   3.465   3.517   3.399   2.286
     0.000   1.911   2.041   2.056   2.280   2.584   2.844   3.043   3.226   3.355   3.411   3.454   3.293   2.209
     0.301   1.862   1.987   2.001   2.224   2.528   2.781   2.978   3.159   3.289   3.355   3.396   3.220   2.149
     0.699   1.717   1.841   1.852   2.078   2.379   2.622   2.823   3.011   3.155   3.235   3.278   3.081   1.985
     1.000   1.551   1.676   1.690   1.925   2.224   2.462   2.672   2.876   3.032   3.126   3.167   2.956   1.812
     1.176   1.456   1.589   1.606   1.845   2.140   2.374   2.588   2.802   2.956   3.030   3.058   2.862   1.716
     1.301   1.384   1.525   1.545   1.786   2.077   2.310   2.526   2.747   2.897   2.955   2.973   2.791   1.643
     1.398   1.327   1.475   1.497   1.742   2.027   2.259   2.475   2.703   2.845   2.896   2.906   2.732   1.588
     1.477   1.280   1.433   1.458   1.704   1.985   2.216   2.432   2.663   2.803   2.846   2.849   2.683   1.540
     1.602   1.204   1.369   1.396   1.644   1.919   2.144   2.361   2.597   2.726   2.758   2.755   2.597   1.464
     1.699   1.142   1.318   1.348   1.599   1.865   2.086   2.301   2.538   2.662   2.684   2.672   2.525   1.400
     1.778   1.092   1.276   1.310   1.562   1.820   2.035   2.248   2.489   2.604   2.620   2.604   2.462   1.349
     1.845   1.045   1.242   1.278   1.530   1.783   1.988   2.199   2.442   2.549   2.561   2.540   2.404   1.302
     1.903   1.003   1.212   1.248   1.501   1.747   1.949   2.158   2.397   2.502   2.517   2.497   2.359   1.259
     1.954   0.965   1.182   1.222   1.476   1.716   1.908   2.116   2.355   2.455   2.474   2.455   2.316   1.219
     2.000   0.930   1.157   1.199   1.454   1.687   1.872   2.075   2.313   2.411   2.434   2.416   2.276   1.184
     2.041   0.898   1.135   1.178   1.432   1.661   1.839   2.040   2.275   2.367   2.394   2.377   2.237   1.150
     2.079   0.868   1.115   1.160   1.415   1.636   1.806   2.004   2.238   2.325   2.356   2.340   2.198   1.118
     2.176   0.786   1.062   1.113   1.368   1.571   1.718   1.906   2.132   2.194   2.224   2.211   2.077   1.032
     2.301   0.673   0.994   1.059   1.310   1.482   1.589   1.756   1.965   1.964   1.962   1.945   1.866   0.908
     2.398   0.575   0.941   1.018   1.265   1.407   1.474   1.621   1.809   1.748   1.730   1.709   1.673   0.801
     2.477   0.488   0.899   0.987   1.229   1.339   1.365   1.492   1.661   1.546   1.514   1.494   1.489   0.704
     2.544   0.405   0.865   0.961   1.198   1.279   1.266   1.370   1.519   1.352   1.312   1.289   1.314   0.613
     2.602   0.331   0.836   0.941   1.175   1.223   1.170   1.253   1.379   1.167   1.117   1.098   1.143   0.530
     2.699   0.192   0.788   0.909   1.135   1.121   0.987   1.027   1.107   0.801   0.752   0.731   0.814   0.372
7.75
    -1.000   2.041   2.189   2.178   2.371   2.639   2.932   3.109   3.317   3.427   3.460   3.514   3.398   2.334
     0.000   1.986   2.116   2.095   2.296   2.582   2.856   3.037   3.227   3.355   3.410   3.454   3.292   2.260
     0.301   1.941   2.067   2.043   2.242   2.529   2.790   2.974   3.163   3.293   3.357   3.399   3.223   2.203
     0.699   1.797   1.922   1.900   2.102   2.388   2.633   2.824   3.025   3.171   3.251   3.290   3.095   2.048
     1.000   1.633   1.765   1.745   1.956   2.239   2.474   2.677   2.895   3.058   3.150   3.189   2.978   1.881
     1.176   1.536   1.681   1.663   1.880   2.156   2.388   2.596   2.829   2.987   3.059   3.084   2.890   1.792
     1.301   1.466   1.620   1.606   1.826   2.096   2.325   2.535   2.779   2.931   2.991   3.006   2.824   1.725
     1.398   1.408   1.571   1.560   1.782   2.047   2.274   2.486   2.735   2.884   2.933   2.942   2.768   1.672
     1.477   1.362   1.532   1.524   1.747   2.006   2.232   2.444   2.698   2.842   2.885   2.886   2.722   1.625
     1.602   1.284   1.470   1.466   1.691   1.942   2.162   2.373   2.635   2.773   2.801   2.795   2.639   1.554
     1.699   1.222   1.422   1.420   1.649   1.892   2.102   2.314   2.583   2.709   2.733   2.716   2.572   1.492
     1.778   1.170   1.382   1.383   1.614   1.848   2.052   2.263   2.533   2.653   2.668   2.649   2.510   1.441
     1.845   1.122   1.348   1.352   1.584   1.811   2.009   2.216   2.488   2.603   2.611   2.588   2.452   1.399
     1.903   1.081   1.319   1.324   1.556   1.776   1.968   2.173   2.444   2.557   2.570   2.546   2.411   1.357
     1.954   1.045   1.290   1.300   1.533   1.747   1.928   2.133   2.404   2.512   2.528   2.506   2.369   1.321
     2.000   1.006   1.266   1.277   1.512   1.718   1.892   2.094   2.365   2.469   2.489   2.467   2.329   1.285
     2.041   0.976   1.245   1.258   1.493   1.691   1.858   2.057   2.327   2.426   2.452   2.431   2.291   1.252
     2.079   0.945   1.226   1.241   1.475   1.668   1.826   2.023   2.291   2.386   2.413   2.394   2.254   1.221
     2.176   0.862   1.174   1.197   1.431   1.603   1.738   1.924   2.186   2.259   2.285   2.267   2.137   1.137
     2.301   0.747   1.108   1.143   1.374   1.517   1.610   1.776   2.023   2.029   2.027   2.006   1.931   1.017
     2.398   0.648   1.056   1.104   1.333   1.442   1.496   1.642   1.868   1.820   1.800   1.775   1.741   0.912
     2.477   0.560   1.016   1.075   1.298   1.377   1.388   1.514   1.723   1.620   1.586   1.562   1.560   0.818
     2.544   0.479   0.982   1.052   1.270   1.318   1.288   1.394   1.582   1.429   1.388   1.362   1.386   0.731
     2.602   0.403   0.953   1.033   1.247   1.263   1.193   1.276   1.445   1.242   1.196   1.170   1.218   0.648
     2.699   0.261   0.908   1.004   1.210   1.161   1.011   1.051   1.175   0.883   0.832   0.809   0.891   0.493
8.0
    -1.000   2.084   2.257   2.212   2.386   2.629   2.942   3.100   3.315   3.420   3.457   3.512   3.396   2.375
     0.000   2.041   2.189   2.134   2.310   2.580   2.862   3.031   3.227   3.352   3.409   3.453   3.290   2.306
     0.301   1.997   2.141   2.083   2.259   2.531   2.797   2.970   3.166   3.296   3.362   3.403   3.226   2.251
     0.699   1.857   2.004   1.947   2.127   2.394   2.643   2.825   3.036   3.186   3.264   3.303   3.108   2.103
     1.000   1.692   1.854   1.799   1.987   2.253   2.484   2.681   2.915   3.083   3.174   3.210   2.999   1.944
     1.176   1.595   1.773   1.721   1.914   2.173   2.400   2.602   2.855   3.017   3.088   3.111   2.917   1.860
     1.301   1.523   1.713   1.666   1.864   2.114   2.339   2.544   2.807   2.966   3.024   3.036   2.854   1.798
     1.398   1.466   1.667   1.624   1.825   2.067   2.288   2.495   2.767   2.922   2.968   2.974   2.801   1.746
     1.477   1.418   1.629   1.589   1.791   2.030   2.247   2.453   2.733   2.884   2.921   2.922   2.757   1.705
     1.602   1.341   1.570   1.534   1.740   1.967   2.176   2.385   2.673   2.817   2.843   2.833   2.681   1.635
     1.699   1.279   1.523   1.491   1.698   1.918   2.120   2.328   2.622   2.758   2.775   2.758   2.616   1.581
     1.778   1.225   1.484   1.456   1.664   1.874   2.070   2.277   2.576   2.705   2.718   2.693   2.556   1.530
     1.845   1.179   1.454   1.428   1.638   1.839   2.027   2.233   2.534   2.655   2.661   2.635   2.503   1.491
     1.903   1.135   1.425   1.401   1.612   1.806   1.986   2.190   2.491   2.612   2.621   2.594   2.461   1.452
     1.954   1.099   1.396   1.376   1.589   1.775   1.948   2.149   2.451   2.568   2.581   2.556   2.423   1.414
     2.000   1.062   1.375   1.356   1.569   1.748   1.912   2.110   2.414   2.526   2.544   2.519   2.384   1.379
     2.041   1.028   1.353   1.338   1.551   1.724   1.879   2.075   2.378   2.486   2.507   2.483   2.346   1.347
     2.079   1.000   1.335   1.321   1.535   1.700   1.846   2.041   2.343   2.446   2.470   2.448   2.310   1.318
     2.176   0.916   1.286   1.279   1.493   1.637   1.758   1.944   2.242   2.321   2.347   2.324   2.198   1.236
     2.301   0.800   1.220   1.228   1.441   1.551   1.630   1.796   2.081   2.097   2.094   2.067   1.995   1.120
     2.398   0.700   1.169   1.192   1.401   1.480   1.515   1.661   1.928   1.890   1.867   1.841   1.807   1.019
     2.477   0.610   1.131   1.164   1.367   1.416   1.409   1.536   1.785   1.694   1.658   1.632   1.630   0.926
     2.544   0.528   1.097   1.144   1.341   1.356   1.310   1.416   1.646   1.504   1.460   1.432   1.458   0.840
     2.602   0.453   1.069   1.124   1.320   1.302   1.214   1.300   1.507   1.321   1.272   1.244   1.291   0.758
     2.699   0.308   1.023   1.098   1.284   1.202   1.032   1.076   1.241   0.964   0.911   0.885   0.969   0.607
