PGA
r\m,4.0,4.5,5.0,5.5,6.0,6.5,7.0,7.5,7.8,8.0,8.2
0.0,0.38654,0.62130,0.92135,1.3091,1.6497,1.9945,2.3103,2.4434,2.4772,2.4755,2.4827
1.0,0.29162,0.48441,0.73917,1.0756,1.3857,1.7074,2.0210,2.2252,2.2633,2.2649,2.2722
5.0,0.12097,0.22363,0.37766,0.60551,0.84441,1.1086,1.3977,1.6567,1.7210,1.7454,1.7684
10.0,0.059174,0.11156,0.19642,0.33400,0.51967,0.75888,1.0536,1.3604,1.4187,1.4683,1.4811
15.0,0.033429,0.064785,0.11787,0.20926,0.34555,0.54098,0.79931,1.0922,1.2258,1.2630,1.3037
20.0,0.021343,0.042463,0.079204,0.14524,0.24800,0.40812,0.62768,0.89172,1.0411,1.1172,1.1570
25.0,0.014782,0.029976,0.056942,0.10704,0.18687,0.31834,0.50683,0.74497,0.88454,0.97952,1.0412
30.0,0.010916,0.022471,0.043283,0.082929,0.14702,0.25686,0.42042,0.63549,0.76515,0.85522,0.94898
40.0,0.0067183,0.014155,0.027891,0.055043,0.10061,0.18069,0.30807,0.48620,0.59988,0.68724,0.78121
50.0,0.0045762,0.0098144,0.019679,0.039735,0.074397,0.13611,0.23955,0.39524,0.50015,0.57148,0.64838
60.0,0.0034910,0.0076033,0.015465,0.031815,0.060718,0.11251,0.20227,0.34495,0.43293,0.49787,0.56857
70.0,0.0028294,0.0062174,0.012743,0.026530,0.051670,0.097275,0.18024,0.30652,0.38852,0.44989,0.51733
80.0,0.0024017,0.0053154,0.010961,0.023047,0.045734,0.087370,0.16392,0.28019,0.35749,0.41574,0.48011
90.0,0.0020700,0.0046107,0.0095560,0.020341,0.040912,0.079914,0.14950,0.25815,0.33138,0.38695,0.44864
100.0,0.0018051,0.0040445,0.0084215,0.018128,0.036908,0.073135,0.13728,0.23927,0.30882,0.36192,0.42116
110.0,0.0015892,0.0035806,0.0074880,0.016240,0.033353,0.066436,0.12542,0.21985,0.28479,0.33454,0.39022
120.0,0.0014101,0.0031938,0.0067070,0.014647,0.030531,0.060714,0.11522,0.20305,0.26390,0.31068,0.36317
130.0,0.0012517,0.0028505,0.0060138,0.013227,0.027753,0.055561,0.10598,0.18777,0.24486,0.28891,0.33845
140.0,0.0011152,0.0025526,0.0054100,0.011978,0.025267,0.050952,0.097675,0.17388,0.22753,0.26904,0.31587
150.0,0.00099611,0.0022909,0.0048769,0.010870,0.023037,0.046777,0.090103,0.16117,0.21162,0.25079,0.29510
175.0,0.00076749,0.0017829,0.0038299,0.0086491,0.018487,0.038007,0.074380,0.13517,0.17908,0.21348,0.25263
200.0,0.00060703,0.0014223,0.0030784,0.0070124,0.015110,0.031346,0.062374,0.11524,0.15404,0.18468,0.21975
250.0,0.00038034,0.00091221,0.0020131,0.0046724,0.010239,0.021599,0.044239,0.084086,0.11383,0.13756,0.16491
300.0,0.00025200,0.00061729,0.0013872,0.0033052,0.0073816,0.015856,0.033316,0.064828,0.088666,0.10785,0.12843
350.0,0.00017369,0.00043382,0.00099236,0.0024212,0.0055069,0.012046,0.025882,0.051388,0.070920,0.085813,0.10276
400.0,0.00012326,0.00031359,0.00072986,0.0018206,0.0042165,0.0093947,0.020594,0.041644,0.057526,0.069795,0.083969
450.0,8.8906e-05,0.00023125,0.00055046,0.0013849,0.0032688,0.0074078,0.016528,0.033963,0.046876,0.057153,0.069067
500.0,6.5323e-05,0.00017343,0.00042137,0.0010685,0.0025731,0.0059286,0.013450,0.027961,0.038721,0.047419,0.057543
600.0,3.5242e-05,9.7029e-05,0.00024571,0.00064409,0.0016046,0.0038496,0.0090482,0.019114,0.026819,0.032882,0.040233
700.0,2.0547e-05,5.8724e-05,0.00015351,0.00041418,0.0010638,0.0026390,0.0063224,0.013512,0.019156,0.023757,0.029168
800.0,1.2384e-05,3.6412e-05,9.8405e-05,0.00027458,0.00071830,0.0018337,0.0045401,0.0098257,0.014057,0.017563,0.021665
1000.0,4.7609e-06,1.4842e-05,4.2492e-05,0.00012640,0.00034818,0.00094174,0.0024059,0.0053779,0.0078203,0.0097961,0.012090
1200.0,1.9325e-06,6.3349e-06,1.9221e-05,5.9591e-05,0.00017772,0.00050314,0.0013141,0.0030202,0.0044198,0.0055614,0.0069212
1500.0,5.1546e-07,1.8192e-06,5.7846e-06,1.9951e-05,6.3854e-05,0.00019582,0.00053868,0.0012804,0.0019005,0.0024225,0.0030040
PGV
r\m,4.0,4.5,5.0,5.5,6.0,6.5,7.0,7.5,7.8,8.0,8.2
0.0,3.0746,7.1772,14.975,26.895,42.211,61.957,91.116,124.45,144.60,157.94,170.70
1.0,2.5481,6.1270,13.151,24.249,38.884,57.903,85.789,118.59,137.85,150.50,162.51
5.0,1.2441,3.2599,7.7254,15.899,27.986,44.575,68.808,98.842,116.21,127.79,138.96
10.0,0.70344,1.8109,4.4197,9.5881,18.458,32.370,53.679,80.511,96.322,107.93,119.35
15.0,0.40272,1.0696,2.7149,6.1551,12.632,23.775,41.616,65.611,81.602,92.324,103.85
20.0,0.25478,0.70875,1.8652,4.3856,9.3648,18.498,33.598,55.098,70.363,81.148,92.089
25.0,0.17701,0.50887,1.3761,3.3247,7.2917,14.923,28.008,47.467,61.648,72.242,83.095
30.0,0.13199,0.38889,1.0739,2.6492,5.9215,12.437,23.958,41.714,54.957,65.008,76.052
40.0,0.083531,0.25532,0.72760,1.8525,4.3006,9.2948,18.588,33.751,45.429,54.607,64.867
50.0,0.058658,0.18419,0.53760,1.4019,3.3520,7.3813,15.189,28.580,39.160,47.376,56.694
60.0,0.044630,0.14310,0.42564,1.1308,2.7626,6.1668,12.972,25.067,34.514,42.066,50.713
70.0,0.037150,0.12080,0.36333,0.97570,2.4240,5.4670,11.687,22.632,31.357,38.383,46.480
80.0,0.032345,0.10619,0.32235,0.87367,2.2028,5.0139,10.785,20.959,29.120,35.716,43.330
90.0,0.028555,0.094571,0.28942,0.79478,2.0206,4.6642,10.006,19.564,27.243,33.463,40.654
100.0,0.025488,0.085094,0.26237,0.72909,1.8676,4.3498,9.3436,18.371,25.633,31.529,38.357
110.0,0.022957,0.077213,0.23972,0.67340,1.7369,4.0653,8.7725,17.336,24.234,29.847,36.361
120.0,0.020827,0.070538,0.22042,0.62548,1.6338,3.8176,8.2734,16.427,23.007,28.365,34.592
130.0,0.018685,0.063865,0.20135,0.57834,1.5221,3.5866,7.8245,15.643,21.975,27.150,33.178
140.0,0.016809,0.057963,0.18429,0.53539,1.4180,3.3700,7.4009,14.897,20.995,25.998,31.842
150.0,0.015201,0.052859,0.16940,0.49779,1.3252,3.1751,7.0166,14.213,20.095,24.937,30.608
175.0,0.012022,0.042594,0.13896,0.41808,1.1273,2.7482,6.1659,12.687,18.106,22.605,27.918
200.0,0.0097309,0.035050,0.11616,0.35549,0.97233,2.4055,5.4742,11.429,16.466,20.690,25.716
250.0,0.0067097,0.024890,0.084875,0.26670,0.74948,1.9018,4.4356,9.4871,13.921,17.707,22.276
300.0,0.0048954,0.018611,0.065014,0.21143,0.60683,1.5701,3.7305,8.1244,12.091,15.527,19.659
350.0,0.0037110,0.014417,0.051452,0.17234,0.50361,1.3253,3.2010,7.0804,10.664,13.761,17.568
400.0,0.0028934,0.011463,0.041703,0.14336,0.42556,1.1369,2.7870,6.2493,9.4887,12.325,15.850
450.0,0.0023477,0.0094832,0.035170,0.12049,0.36422,0.98648,2.4509,5.5640,8.5052,11.120,14.395
500.0,0.0019308,0.0079391,0.029964,0.10234,0.31531,0.86480,2.1748,4.9872,7.6797,10.101,13.153
600.0,0.0013505,0.0057323,0.022298,0.077458,0.24259,0.68033,1.7475,4.0722,6.3674,8.4603,11.130
700.0,0.00097829,0.0042698,0.017056,0.060133,0.19169,0.54815,1.4340,3.3892,5.3699,7.1974,9.5518
800.0,0.00072783,0.0032571,0.013325,0.048097,0.15371,0.44951,1.1931,2.8613,4.5859,6.1940,8.2831
1000.0,0.00042728,0.0019971,0.0085304,0.032098,0.10569,0.31402,0.85083,2.1012,3.4358,4.7017,6.3703
1200.0,0.00026557,0.0012885,0.0057130,0.022299,0.075356,0.22741,0.62731,1.5881,2.6408,3.6542,5.0063
1500.0,0.00013405,0.00068464,0.0031914,0.013097,0.045987,0.14384,0.41023,1.0731,1.8233,2.5589,3.5558
SA0P01
r\m,4.0,4.5,5.0,5.5,6.0,6.5,7.0,7.5,7.8,8.0,8.2
0.0,0.45707,0.72684,1.0641,1.4925,1.8732,2.2639,2.6348,2.8027,2.8659,2.8876,2.9001
1.0,0.34542,0.56679,0.85400,1.2279,1.5783,1.9487,2.3169,2.5655,2.6343,2.6593,2.6747
5.0,0.14585,0.26538,0.44072,0.69570,0.96801,1.2749,1.6150,1.9253,2.0232,2.0713,2.1100
10.0,0.072238,0.13362,0.23112,0.38673,0.59572,0.86621,1.2147,1.5872,1.6750,1.7488,1.7773
15.0,0.040777,0.077517,0.13851,0.24202,0.39558,0.61662,0.92103,1.2763,1.4530,1.5104,1.5726
20.0,0.026010,0.050760,0.092947,0.16778,0.28384,0.46569,0.72387,1.0428,1.2365,1.3406,1.4007
25.0,0.018021,0.035825,0.066743,0.12342,0.21366,0.36367,0.58465,0.87130,1.0511,1.1769,1.2631
30.0,0.013303,0.026837,0.050677,0.095510,0.16805,0.29389,0.48512,0.74296,0.90919,1.0278,1.1532
40.0,0.0081781,0.016876,0.032573,0.063236,0.11497,0.20713,0.35573,0.56781,0.71225,0.82558,0.94900
50.0,0.0055472,0.011652,0.022887,0.045479,0.084864,0.15601,0.27622,0.46017,0.59200,0.68393,0.78435
60.0,0.0042121,0.0089848,0.017907,0.036274,0.069097,0.12885,0.23297,0.40113,0.51168,0.59505,0.68701
70.0,0.0033846,0.0072913,0.014659,0.030079,0.058495,0.11081,0.20651,0.35417,0.45590,0.53355,0.61992
80.0,0.0028416,0.0061715,0.012498,0.025924,0.051370,0.098712,0.18625,0.32096,0.41561,0.48833,0.56964
90.0,0.0024203,0.0052965,0.010796,0.022690,0.045574,0.089508,0.16827,0.29281,0.38110,0.44930,0.52588
100.0,0.0020864,0.0045984,0.0094289,0.020059,0.040784,0.081205,0.15311,0.26878,0.35136,0.41547,0.48774
110.0,0.0018164,0.0040303,0.0083109,0.017827,0.036556,0.073108,0.13857,0.24442,0.32026,0.37923,0.44584
120.0,0.0015942,0.0035602,0.0073814,0.015956,0.033206,0.066248,0.12614,0.22352,0.29350,0.34800,0.40966
130.0,0.0014007,0.0031484,0.0065649,0.014303,0.029958,0.060138,0.11505,0.20479,0.26950,0.32002,0.37726
140.0,0.0012361,0.0027954,0.0058614,0.012865,0.027090,0.054745,0.10520,0.18804,0.24806,0.29499,0.34826
150.0,0.0010937,0.0024879,0.0052447,0.011597,0.024535,0.049902,0.096312,0.17288,0.22862,0.27230,0.32195
175.0,0.00081706,0.0018840,0.0040204,0.0090307,0.019275,0.039659,0.077683,0.14143,0.18818,0.22501,0.26704
200.0,0.00062476,0.0014588,0.0031478,0.0071525,0.015401,0.031958,0.063606,0.11759,0.15746,0.18901,0.22516
250.0,0.00039012,0.00093256,0.0020523,0.0047519,0.010407,0.021954,0.044967,0.085488,0.11587,0.14015,0.16816
300.0,0.00025768,0.00062922,0.0014104,0.0033530,0.0074836,0.016075,0.033771,0.065709,0.089950,0.10947,0.13043
350.0,0.00017711,0.00044107,0.0010066,0.0024509,0.0055710,0.012185,0.026172,0.051951,0.071740,0.086836,0.10401
400.0,0.00012537,0.00031811,0.00073882,0.0018395,0.0042576,0.0094845,0.020782,0.042009,0.058051,0.070445,0.084761
450.0,9.0232e-05,0.00023413,0.00055627,0.0013971,0.0032956,0.0074667,0.016651,0.034201,0.047211,0.057568,0.069568
500.0,6.6170e-05,0.00017529,0.00042519,0.0010764,0.0025908,0.0059674,0.013531,0.028115,0.038937,0.047682,0.057858
600.0,3.5560e-05,9.7767e-05,0.00024725,0.00064738,0.0016121,0.0038664,0.0090829,0.019178,0.026906,0.032986,0.040353
700.0,2.0692e-05,5.9054e-05,0.00015425,0.00041575,0.0010674,0.0026469,0.0063384,0.013540,0.019193,0.023800,0.029216
800.0,1.2449e-05,3.6570e-05,9.8759e-05,0.00027535,0.00072001,0.0018374,0.0045475,0.0098374,0.014072,0.017580,0.021682
1000.0,4.7759e-06,1.4879e-05,4.2577e-05,0.00012659,0.00034858,0.00094254,0.0024072,0.0053795,0.0078220,0.0097977,0.012092
1200.0,1.9360e-06,6.3438e-06,1.9242e-05,5.9637e-05,0.00017781,0.00050329,0.0013143,0.0030202,0.0044198,0.0055614,0.0069212
1500.0,5.1591e-07,1.8203e-06,5.7872e-06,1.9956e-05,6.3859e-05,0.00019582,0.00053868,0.0012804,0.0019005,0.0024225,0.0030040
SA0P02
r\m,4.0,4.5,5.0,5.5,6.0,6.5,7.0,7.5,7.8,8.0,8.2
0.0,0.66036,1.0359,1.4874,2.0402,2.5396,3.0567,3.5682,3.8072,3.9247,3.9864,3.9967
1.0,0.50169,0.81094,1.1994,1.6893,2.1604,2.6664,3.1753,3.5228,3.6497,3.7155,3.7350
5.0,0.21631,0.38715,0.62962,0.97090,1.3463,1.7768,2.2536,2.6881,2.8559,2.9493,3.0125
10.0,0.10887,0.19754,0.33472,0.54750,0.82973,1.1942,1.6914,2.2305,2.3796,2.5019,2.5560
15.0,0.061624,0.11481,0.20076,0.34285,0.55085,0.84970,1.2840,1.8008,2.0769,2.1747,2.2778
20.0,0.039398,0.075305,0.13479,0.23774,0.39586,0.64400,1.0121,1.4752,1.7745,1.9397,2.0392
25.0,0.027401,0.053283,0.096863,0.17473,0.29806,0.50483,0.81924,1.2349,1.5120,1.7079,1.8451
30.0,0.020277,0.039978,0.073591,0.13520,0.23473,0.40973,0.68117,1.0539,1.3097,1.4941,1.6892
40.0,0.012515,0.025194,0.047301,0.089445,0.16104,0.29055,0.50141,0.80620,1.0274,1.2023,1.3925
50.0,0.0085050,0.017402,0.033206,0.064234,0.11908,0.21987,0.39026,0.65335,0.85434,0.99620,1.1512
60.0,0.0064631,0.013410,0.025933,0.051126,0.096999,0.18215,0.33000,0.57075,0.74013,0.86912,1.0114
70.0,0.0051719,0.010833,0.021137,0.042220,0.081816,0.15610,0.29156,0.50172,0.65645,0.77566,0.90841
80.0,0.0043048,0.0090863,0.017857,0.036068,0.071209,0.13778,0.26067,0.45094,0.59378,0.70468,0.82891
90.0,0.0036431,0.0077438,0.015320,0.031356,0.062724,0.12405,0.23374,0.40857,0.54090,0.64428,0.76068
100.0,0.0031204,0.0066767,0.013291,0.027536,0.055741,0.11171,0.21113,0.37241,0.49534,0.59191,0.70116
110.0,0.0026992,0.0058120,0.011637,0.024307,0.049591,0.099730,0.18947,0.33579,0.44761,0.53566,0.63546
120.0,0.0023542,0.0050999,0.010269,0.021613,0.044733,0.089657,0.17109,0.30453,0.40674,0.48736,0.57894
130.0,0.0020566,0.0044818,0.0090762,0.019249,0.040074,0.080763,0.15479,0.27672,0.37039,0.44446,0.52874
140.0,0.0018069,0.0039602,0.0080631,0.017227,0.036033,0.073044,0.14057,0.25232,0.33845,0.40669,0.48448
150.0,0.0015915,0.0035075,0.0071788,0.015453,0.032455,0.066157,0.12784,0.23037,0.30967,0.37264,0.44454
175.0,0.0011752,0.0026226,0.0054313,0.011874,0.025136,0.051784,0.10143,0.18517,0.25022,0.30214,0.36166
200.0,0.00088697,0.0020028,0.0041936,0.0092727,0.019800,0.041114,0.081724,0.15132,0.20548,0.24888,0.29878
250.0,0.00053696,0.0012408,0.0026514,0.0059753,0.012979,0.027366,0.055857,0.10599,0.14519,0.17680,0.21333
300.0,0.00034427,0.00081265,0.0017706,0.0041002,0.0090773,0.019471,0.040692,0.078817,0.10871,0.13293,0.15888
350.0,0.00022999,0.00055410,0.0012307,0.0029216,0.0065868,0.014373,0.030671,0.060487,0.083957,0.10189,0.12224
400.0,0.00015846,0.00038946,0.00088168,0.0021421,0.0049177,0.010918,0.023735,0.047623,0.066003,0.080195,0.096507
450.0,0.00011130,0.00028019,0.00065017,0.0015943,0.0037309,0.0084183,0.018605,0.037897,0.052372,0.063898,0.077139
500.0,7.9806e-05,0.00020544,0.00048760,0.0012063,0.0028810,0.0065991,0.014832,0.030538,0.042281,0.051752,0.062687
600.0,4.0775e-05,0.00010992,0.00027280,0.00070129,0.0017351,0.0041404,0.0096376,0.020168,0.028244,0.034579,0.042183
700.0,2.3115e-05,6.4536e-05,0.00016655,0.00044143,0.0011260,0.0027728,0.0065846,0.013941,0.019718,0.024406,0.029871
800.0,1.3542e-05,3.9198e-05,0.00010459,0.00028741,0.00074629,0.0018928,0.0046489,0.0099688,0.014228,0.017744,0.021816
1000.0,5.0240e-06,1.5467e-05,4.3866e-05,0.00012902,0.00035316,0.00094888,0.0024073,0.0053779,0.0078203,0.0097961,0.012090
1200.0,1.9892e-06,6.4604e-06,1.9477e-05,5.9916e-05,0.00017772,0.00050314,0.0013141,0.0030202,0.0044198,0.0055614,0.0069212
1500.0,5.2000e-07,1.8230e-06,5.7846e-06,1.9951e-05,6.3854e-05,0.00019582,0.00053868,0.0012804,0.0019005,0.0024225,0.0030040
SA0P025
r\m,4.0,4.5,5.0,5.5,6.0,6.5,7.0,7.5,7.8,8.0,8.2
0.0,0.74056,1.1602,1.6593,2.2622,2.8118,3.3815,3.9515,4.2194,4.3587,4.4362,4.4428
1.0,0.56421,0.91087,1.3426,1.8807,2.4043,2.9684,3.5362,3.9231,4.0734,4.1554,4.1737
5.0,0.24443,0.43728,0.70918,1.0880,1.5101,1.9959,2.5311,3.0162,3.2129,3.3244,3.3954
10.0,0.12355,0.22402,0.37879,0.61690,0.93166,1.3371,1.8994,2.5085,2.6825,2.8239,2.8870
15.0,0.070067,0.13040,0.22746,0.38669,0.61886,0.95181,1.4433,2.0287,2.3458,2.4593,2.5779
20.0,0.044878,0.085657,0.15288,0.26835,0.44524,0.72267,1.1393,1.6641,2.0072,2.1968,2.3112
25.0,0.031276,0.060705,0.10997,0.19730,0.33548,0.56757,0.92333,1.3944,1.7121,1.9363,2.0932
30.0,0.023181,0.045602,0.083621,0.15275,0.26447,0.46156,0.76856,1.1907,1.4841,1.6952,1.9177
40.0,0.014348,0.028799,0.053815,0.10113,0.18180,0.32828,0.56688,0.91169,1.1654,1.3653,1.5819
50.0,0.0097706,0.019921,0.037810,0.072656,0.13463,0.24901,0.44186,0.73923,0.96959,1.1319,1.3087
60.0,0.0074366,0.015365,0.029540,0.057833,0.10976,0.20664,0.37414,0.64637,0.84076,0.98849,1.1509
70.0,0.0059549,0.012416,0.024079,0.047756,0.092582,0.17707,0.33051,0.56791,0.74530,0.88172,1.0331
80.0,0.0049526,0.010401,0.020311,0.040730,0.080429,0.15598,0.29495,0.50960,0.67319,0.80002,0.94162
90.0,0.0041903,0.0088580,0.017409,0.035371,0.070751,0.14025,0.26408,0.46111,0.61255,0.73072,0.86337
100.0,0.0035875,0.0076308,0.015088,0.031025,0.062785,0.12609,0.23815,0.41971,0.56025,0.67057,0.79502
110.0,0.0031014,0.0066359,0.013196,0.027351,0.055765,0.11235,0.21332,0.37775,0.50543,0.60591,0.71949
120.0,0.0027031,0.0058166,0.011631,0.024286,0.050224,0.10081,0.19226,0.34195,0.45846,0.55036,0.65450
130.0,0.0023596,0.0051059,0.010266,0.021597,0.044910,0.090621,0.17357,0.31008,0.41669,0.50099,0.59671
140.0,0.0020722,0.0045081,0.0091112,0.019307,0.040326,0.081819,0.15735,0.28225,0.38009,0.45765,0.54588
150.0,0.0018242,0.0039895,0.0081037,0.017301,0.036270,0.073977,0.14284,0.25722,0.34716,0.41860,0.50002
175.0,0.0013448,0.0029756,0.0061124,0.013248,0.027982,0.057664,0.11281,0.20575,0.27915,0.33776,0.40487
200.0,0.0010125,0.0022652,0.0047024,0.010305,0.021951,0.045587,0.090468,0.16730,0.22803,0.27674,0.33267
250.0,0.00060815,0.0013908,0.0029451,0.0065745,0.014246,0.030031,0.061148,0.11575,0.15903,0.19397,0.23428
300.0,0.00038662,0.00090248,0.0019480,0.0044675,0.0098652,0.021150,0.044065,0.085071,0.11760,0.14395,0.17215
350.0,0.00025601,0.00060965,0.0013414,0.0031531,0.0070892,0.015455,0.032862,0.064551,0.089737,0.10898,0.13074
400.0,0.00017480,0.00042457,0.00095215,0.0022906,0.0052430,0.011625,0.025164,0.050274,0.069743,0.084757,0.10196
450.0,0.00012174,0.00030288,0.00069651,0.0016906,0.0039443,0.0088849,0.019542,0.039621,0.054771,0.066832,0.080622
500.0,8.6580e-05,0.00022028,0.00051832,0.0012691,0.0030220,0.0069049,0.015446,0.031644,0.043802,0.053596,0.064860
600.0,4.3317e-05,0.00011581,0.00028503,0.00072627,0.0017923,0.0042669,0.0098816,0.020576,0.028792,0.035227,0.042912
700.0,2.4295e-05,6.7118e-05,0.00017233,0.00045282,0.0011517,0.0028259,0.0066791,0.014068,0.019879,0.024582,0.030040
800.0,1.4059e-05,4.0406e-05,0.00010721,0.00029229,0.00075625,0.0019117,0.0046742,0.0099695,0.014215,0.017711,0.021736
1000.0,5.1324e-06,1.5699e-05,4.4320e-05,0.00012951,0.00035331,0.00094548,0.0024059,0.0053779,0.0078203,0.0097961,0.012090
1200.0,2.0069e-06,6.4835e-06,1.9481e-05,5.9643e-05,0.00017772,0.00050314,0.0013141,0.0030202,0.0044198,0.0055614,0.0069212
1500.0,5.1908e-07,1.8192e-06,5.7846e-06,1.9951e-05,6.3854e-05,0.00019582,0.00053868,0.0012804,0.0019005,0.0024225,0.0030040
SA0P03
r\m,4.0,4.5,5.0,5.5,6.0,6.5,7.0,7.5,7.8,8.0,8.2
0.0,0.79117,1.2415,1.7742,2.4117,2.9982,3.6061,4.2192,4.5089,4.6642,4.7532,4.7559
1.0,0.60442,0.97772,1.4407,2.0133,2.5764,3.1838,3.7948,4.2101,4.3776,4.4712,4.4874
5.0,0.26240,0.47099,0.76472,1.1714,1.6299,2.1585,2.7373,3.2587,3.4766,3.6011,3.6767
10.0,0.13296,0.24193,0.40987,0.66714,1.0068,1.4432,2.0546,2.7149,2.9069,3.0616,3.1307
15.0,0.075556,0.14106,0.24647,0.41870,0.66930,1.0281,1.5629,2.1991,2.5455,2.6700,2.7989
20.0,0.048491,0.092817,0.16587,0.29086,0.48213,0.78186,1.2355,1.8060,2.1808,2.3874,2.5118
25.0,0.033861,0.065888,0.11947,0.21401,0.36364,0.61514,1.0025,1.5148,1.8620,2.1061,2.2764
30.0,0.025139,0.049563,0.090944,0.16581,0.28697,0.50113,0.83535,1.2944,1.6153,1.8453,2.0865
40.0,0.015605,0.031376,0.058630,0.10992,0.19768,0.35741,0.61736,0.99217,1.2697,1.4876,1.7225
50.0,0.010653,0.021745,0.041250,0.079047,0.14665,0.27172,0.48196,0.80513,1.0572,1.2343,1.4262
60.0,0.0081244,0.016795,0.032258,0.062956,0.11970,0.22587,0.40862,0.70460,0.91751,1.0787,1.2551
70.0,0.0065173,0.013592,0.026323,0.052034,0.10105,0.19368,0.36118,0.61925,0.81356,0.96246,1.1270
80.0,0.0054247,0.011389,0.022204,0.044367,0.087742,0.17051,0.32214,0.55543,0.73465,0.87315,1.0271
90.0,0.0045946,0.0097053,0.019038,0.038534,0.077170,0.15328,0.28831,0.50246,0.66841,0.79750,0.94185
100.0,0.0039368,0.0083637,0.016502,0.033798,0.068461,0.13773,0.25987,0.45717,0.61118,0.73175,0.86723
110.0,0.0034054,0.0072747,0.014432,0.029788,0.060774,0.12263,0.23262,0.41123,0.55115,0.66100,0.78472
120.0,0.0029694,0.0063769,0.012719,0.026442,0.054707,0.10994,0.20948,0.37199,0.49967,0.60015,0.71363
130.0,0.0025928,0.0055971,0.011223,0.023502,0.048878,0.098735,0.18893,0.33701,0.45377,0.54592,0.65023
140.0,0.0022780,0.0049422,0.0099584,0.021004,0.043864,0.089071,0.17112,0.30650,0.41360,0.49836,0.59447
150.0,0.0020060,0.0043737,0.0088552,0.018815,0.039428,0.080464,0.15520,0.27908,0.37746,0.45549,0.54416
175.0,0.0014795,0.0032608,0.0066723,0.014386,0.030361,0.062588,0.12228,0.22266,0.30275,0.36665,0.43962
200.0,0.0011135,0.0024795,0.0051247,0.011167,0.023765,0.049366,0.097798,0.18051,0.24657,0.29951,0.36016
250.0,0.00066643,0.0015151,0.0031919,0.0070803,0.015325,0.032305,0.065622,0.12388,0.17052,0.20814,0.25145
300.0,0.00042175,0.00097764,0.0020983,0.0047799,0.010541,0.022593,0.046931,0.090302,0.12500,0.15309,0.18307
350.0,0.00027780,0.00065645,0.0014356,0.0033508,0.0075216,0.016388,0.034728,0.067949,0.094552,0.11485,0.13775
400.0,0.00018859,0.00045428,0.0010123,0.0024175,0.0055233,0.012234,0.026378,0.052481,0.072845,0.088526,0.10645
450.0,0.00013062,0.00032219,0.00073626,0.0017729,0.0041282,0.0092870,0.020335,0.041044,0.056745,0.069238,0.083462
500.0,9.2367e-05,0.00023296,0.00054474,0.0013227,0.0031431,0.0071672,0.015962,0.032542,0.045034,0.055084,0.066599
600.0,4.5477e-05,0.00012082,0.00029545,0.00074724,0.0018405,0.0043731,0.010078,0.020884,0.029200,0.035708,0.043438
700.0,2.5309e-05,6.9304e-05,0.00017728,0.00046228,0.0011731,0.0028685,0.0067485,0.014142,0.019965,0.024668,0.030100
800.0,1.4501e-05,4.1430e-05,0.00010942,0.00029619,0.00076392,0.0019251,0.0046852,0.0099385,0.014157,0.017624,0.021665
1000.0,5.2246e-06,1.5889e-05,4.4676e-05,0.00012972,0.00035273,0.00094174,0.0024059,0.0053779,0.0078203,0.0097961,0.012090
1200.0,2.0210e-06,6.4961e-06,1.9459e-05,5.9591e-05,0.00017772,0.00050314,0.0013141,0.0030202,0.0044198,0.0055614,0.0069212
1500.0,5.1791e-07,1.8192e-06,5.7846e-06,1.9951e-05,6.3854e-05,0.00019582,0.00053868,0.0012804,0.0019005,0.0024225,0.0030040
SA0P04
r\m,4.0,4.5,5.0,5.5,6.0,6.5,7.0,7.5,7.8,8.0,8.2
0.0,0.81760,1.2941,1.8578,2.5258,3.1512,3.7978,4.4552,4.7691,4.9404,5.0404,5.0366
1.0,0.62770,1.0254,1.5194,2.1254,2.7322,3.3861,4.0413,4.4841,4.6685,4.7729,4.7837
5.0,0.27223,0.49515,0.81167,1.2485,1.7502,2.3284,2.9537,3.5099,3.7484,3.8846,3.9617
10.0,0.13812,0.25496,0.43687,0.71542,1.0836,1.5548,2.2198,2.9309,3.1398,3.3055,3.3784
15.0,0.078804,0.14919,0.26354,0.45024,0.72192,1.1096,1.6923,2.3801,2.7539,2.8874,3.0239
20.0,0.050781,0.098508,0.17789,0.31354,0.52136,0.84633,1.3411,1.9589,2.3636,2.5847,2.7166
25.0,0.035588,0.070149,0.12848,0.23117,0.39411,0.66790,1.0906,1.6460,2.0216,2.2830,2.4637
30.0,0.026506,0.052916,0.098044,0.17945,0.31171,0.54571,0.91062,1.4086,1.7563,2.0030,2.2595
40.0,0.016551,0.033670,0.063472,0.11935,0.21564,0.39109,0.67542,1.0822,1.3835,1.6176,1.8678
50.0,0.011357,0.023438,0.044816,0.086069,0.16056,0.29853,0.52889,0.87993,1.1540,1.3448,1.5498
60.0,0.0087004,0.018168,0.035144,0.068689,0.13140,0.24893,0.44949,0.77122,1.0030,1.1768,1.3654
70.0,0.0070171,0.014771,0.028796,0.056972,0.11128,0.21406,0.39825,0.67916,0.89108,1.0520,1.2283
80.0,0.0058664,0.012421,0.024357,0.048683,0.096792,0.18871,0.35566,0.60999,0.80591,0.95598,1.1214
90.0,0.0049904,0.010622,0.020946,0.042390,0.085290,0.16992,0.31874,0.55263,0.73443,0.87465,1.0301
100.0,0.0042923,0.0091811,0.018201,0.037256,0.075780,0.15285,0.28760,0.50340,0.67245,0.80370,0.94993
110.0,0.0037255,0.0080066,0.015952,0.032894,0.067352,0.13621,0.25770,0.45335,0.60732,0.72727,0.86124
120.0,0.0032582,0.0070343,0.014084,0.029242,0.060698,0.12220,0.23224,0.41046,0.55125,0.66124,0.78449
130.0,0.0028520,0.0061848,0.012443,0.026013,0.054250,0.10976,0.20947,0.37196,0.50087,0.60192,0.71544
140.0,0.0025116,0.0054708,0.011055,0.023271,0.048710,0.099030,0.18975,0.33836,0.45671,0.54977,0.65453
150.0,0.0022166,0.0048493,0.0098417,0.020865,0.043802,0.089464,0.17210,0.30811,0.41691,0.50267,0.59943
175.0,0.0016425,0.0036268,0.0074301,0.015972,0.033741,0.069595,0.13554,0.24567,0.33429,0.40462,0.48441
200.0,0.0012405,0.0027632,0.0057115,0.012397,0.026400,0.054867,0.10829,0.19888,0.27190,0.33016,0.39650
250.0,0.00074366,0.0016869,0.0035479,0.0078268,0.016946,0.035726,0.072225,0.13553,0.18670,0.22782,0.27494
300.0,0.00047026,0.0010852,0.0023217,0.0052542,0.011583,0.024819,0.051262,0.097952,0.13565,0.16609,0.19840
350.0,0.00030892,0.00072531,0.0015792,0.0036581,0.0082036,0.017858,0.037598,0.072997,0.10160,0.12335,0.14777
400.0,0.00020882,0.00049905,0.0011060,0.0026187,0.0059735,0.013211,0.028270,0.055792,0.077431,0.094035,0.11292
450.0,0.00014401,0.00035202,0.00079957,0.0019058,0.0044290,0.0099422,0.021588,0.043199,0.059687,0.072784,0.087586
500.0,0.00010132,0.00025296,0.00058771,0.0014109,0.0033450,0.0076009,0.016785,0.033908,0.046872,0.057275,0.069117
600.0,4.8945e-05,0.00012906,0.00031312,0.00078323,0.0019243,0.0045554,0.010399,0.021347,0.029795,0.036394,0.044158
700.0,2.7023e-05,7.3061e-05,0.00018614,0.00047948,0.0012123,0.0029454,0.0068660,0.014242,0.020068,0.024751,0.030117
800.0,1.5282e-05,4.3297e-05,0.00011365,0.00030392,0.00077944,0.0019520,0.0047060,0.0098718,0.014057,0.017563,0.021665
1000.0,5.4136e-06,1.6307e-05,4.5561e-05,0.00013074,0.00035320,0.00094174,0.0024059,0.0053779,0.0078203,0.0097961,0.012090
1200.0,2.0617e-06,6.5663e-06,1.9561e-05,5.9591e-05,0.00017772,0.00050314,0.0013141,0.0030202,0.0044198,0.0055614,0.0069212
1500.0,5.2141e-07,1.8192e-06,5.7846e-06,1.9951e-05,6.3854e-05,0.00019582,0.00053868,0.0012804,0.0019005,0.0024225,0.0030040
SA0P05
r\m,4.0,4.5,5.0,5.5,6.0,6.5,7.0,7.5,7.8,8.0,8.2
0.0,0.78489,1.2572,1.8206,2.4872,3.1204,3.7723,4.4356,4.7549,4.9269,5.0265,5.0184
1.0,0.60514,1.0019,1.4990,2.1082,2.7261,3.3896,4.0505,4.4945,4.6793,4.7826,4.7884
5.0,0.26115,0.48325,0.80355,1.2474,1.7641,2.3575,2.9915,3.5487,3.7876,3.9223,3.9950
10.0,0.13230,0.24885,0.43328,0.71740,1.0946,1.5754,2.2520,2.9671,3.1751,3.3381,3.4082
15.0,0.075765,0.14610,0.26219,0.45274,0.73087,1.1265,1.7204,2.4142,2.7866,2.9178,3.0509
20.0,0.049007,0.096791,0.17752,0.31608,0.52909,0.86132,1.3662,1.9905,2.3947,2.6130,2.7417
25.0,0.034450,0.069121,0.12857,0.23357,0.40088,0.68143,1.1132,1.6751,2.0511,2.3100,2.4871
30.0,0.025733,0.052277,0.098350,0.18168,0.31773,0.55802,0.93107,1.4354,1.7841,2.0290,2.2814
40.0,0.016155,0.033426,0.063947,0.12127,0.22066,0.40144,0.69269,1.1054,1.4083,1.6413,1.8883
50.0,0.011140,0.023372,0.045327,0.087736,0.16487,0.30746,0.54389,0.90058,1.1767,1.3671,1.5701
60.0,0.0085724,0.018187,0.035660,0.070196,0.13528,0.25706,0.46316,0.79026,1.0240,1.1976,1.3843
70.0,0.0069575,0.014871,0.029369,0.058487,0.11505,0.22184,0.41163,0.69790,0.91222,1.0734,1.2486
80.0,0.0058519,0.012572,0.024960,0.050185,0.10043,0.19621,0.36871,0.62863,0.82743,0.97826,1.1432
90.0,0.0050065,0.010805,0.021561,0.043876,0.088803,0.17723,0.33138,0.57110,0.75615,0.89752,1.0530
100.0,0.0043285,0.0093821,0.018812,0.038703,0.079146,0.15986,0.29978,0.52152,0.69411,0.82684,0.97351
110.0,0.0037748,0.0082155,0.016548,0.034286,0.070548,0.14284,0.26933,0.47100,0.62880,0.75062,0.88559
120.0,0.0033158,0.0072450,0.014658,0.030571,0.063751,0.12845,0.24330,0.42753,0.57232,0.68446,0.80914
130.0,0.0029130,0.0063898,0.012984,0.027260,0.057089,0.11558,0.21984,0.38813,0.52110,0.62444,0.73963
140.0,0.0025740,0.0056683,0.011565,0.024440,0.051351,0.10444,0.19944,0.35364,0.47598,0.57139,0.67799
150.0,0.0022789,0.0050380,0.010319,0.021958,0.046254,0.094484,0.18114,0.32249,0.43519,0.52333,0.62204
175.0,0.0017010,0.0037908,0.0078293,0.016881,0.035758,0.073752,0.14310,0.25789,0.35009,0.42272,0.50456
200.0,0.0012929,0.0029028,0.0060428,0.013144,0.028060,0.058311,0.11460,0.20921,0.28542,0.34582,0.41415
250.0,0.00078163,0.0017830,0.0037701,0.0083217,0.018053,0.038047,0.076530,0.14265,0.19614,0.23891,0.28762
300.0,0.00049719,0.0011512,0.0024723,0.0055917,0.012344,0.026428,0.054268,0.10294,0.14232,0.17396,0.20736
350.0,0.00032788,0.00077094,0.0016823,0.0038903,0.0087291,0.018978,0.039698,0.076473,0.10626,0.12881,0.15401
400.0,0.00022212,0.00053066,0.0011772,0.0027791,0.0063382,0.013992,0.029724,0.058183,0.080616,0.097756,0.11716
450.0,0.00015346,0.00037441,0.00085035,0.0020174,0.0046849,0.010492,0.022598,0.044836,0.061836,0.075303,0.090430
500.0,0.00010803,0.00026884,0.00062398,0.0014887,0.0035254,0.0079831,0.017485,0.035003,0.048287,0.058913,0.070943
600.0,5.1870e-05,0.00013642,0.00032990,0.00081932,0.0020092,0.0047374,0.010714,0.021787,0.030335,0.036999,0.044774
700.0,2.8624e-05,7.6803e-05,0.00019547,0.00049906,0.0012578,0.0030361,0.0070115,0.014396,0.020231,0.024903,0.030216
800.0,1.6097e-05,4.5377e-05,0.00011870,0.00031440,0.00080207,0.0019955,0.0047632,0.0098778,0.014057,0.017563,0.021665
1000.0,5.6636e-06,1.6936e-05,4.7096e-05,0.00013373,0.00035883,0.00094174,0.0024059,0.0053779,0.0078203,0.0097961,0.012090
1200.0,2.1393e-06,6.7588e-06,2.0035e-05,5.9856e-05,0.00017772,0.00050314,0.0013141,0.0030202,0.0044198,0.0055614,0.0069212
1500.0,5.3762e-07,1.8319e-06,5.7846e-06,1.9951e-05,6.3854e-05,0.00019582,0.00053868,0.0012804,0.0019005,0.0024225,0.0030040
SA0P075
r\m,4.0,4.5,5.0,5.5,6.0,6.5,7.0,7.5,7.8,8.0,8.2
0.0,0.63823,1.0549,1.5681,2.1817,2.7788,3.3861,3.9975,4.2945,4.4423,4.5225,4.5101
1.0,0.49596,0.85060,1.3089,1.8763,2.4626,3.0836,3.6923,4.0947,4.2525,4.3349,4.3320
5.0,0.21031,0.40665,0.70313,1.1231,1.6222,2.1880,2.7762,3.2802,3.4862,3.5972,3.6523
10.0,0.10571,0.20858,0.37897,0.64812,1.0109,1.4697,2.0991,2.7449,2.9223,3.0584,3.1130
15.0,0.060974,0.12329,0.23085,0.41148,0.67841,1.0558,1.6105,2.2402,2.5640,2.6729,2.7824
20.0,0.039740,0.082242,0.15734,0.28888,0.49347,0.81059,1.2835,1.8528,2.2070,2.3929,2.4992
25.0,0.028093,0.059052,0.11462,0.21462,0.37580,0.64402,1.0496,1.5636,1.8950,2.1177,2.2668
30.0,0.021102,0.044896,0.088144,0.16769,0.29910,0.52925,0.88060,1.3434,1.6522,1.8639,2.0788
40.0,0.013387,0.028997,0.057865,0.11286,0.20933,0.38318,0.65870,1.0395,1.3094,1.5124,1.7247
50.0,0.0093269,0.020472,0.041381,0.082273,0.15751,0.29520,0.51990,0.85063,1.0981,1.2651,1.4407
60.0,0.0072453,0.016068,0.032806,0.066236,0.12998,0.24797,0.44428,0.74784,0.95742,1.1098,1.2714
70.0,0.0059692,0.013323,0.027372,0.055835,0.11170,0.21599,0.39794,0.66535,0.85904,1.0018,1.1546
80.0,0.0051012,0.011432,0.023585,0.048514,0.098628,0.19300,0.35980,0.60456,0.78573,0.92032,1.0652
90.0,0.0044284,0.0099592,0.020633,0.042920,0.088129,0.17600,0.32622,0.55371,0.72372,0.85082,0.98840
100.0,0.0038807,0.0087564,0.018212,0.038270,0.079303,0.16015,0.29750,0.50949,0.66927,0.78950,0.92022
110.0,0.0034272,0.0077570,0.016192,0.034252,0.071358,0.14438,0.26967,0.46428,0.61189,0.72343,0.84502
120.0,0.0030462,0.0069149,0.014486,0.030830,0.065060,0.13092,0.24561,0.42492,0.56170,0.66542,0.77889
130.0,0.0027034,0.0061551,0.012941,0.027710,0.058682,0.11861,0.22343,0.38840,0.51502,0.61140,0.71712
140.0,0.0024102,0.0055049,0.011612,0.025018,0.053116,0.10782,0.20389,0.35594,0.47328,0.56291,0.66147
150.0,0.0021525,0.0049314,0.010435,0.022630,0.048133,0.098092,0.18621,0.32641,0.43522,0.51861,0.61052
175.0,0.0016398,0.0037794,0.0080497,0.017665,0.037739,0.077629,0.14904,0.26432,0.35470,0.42453,0.50200
200.0,0.0012704,0.0029434,0.0063066,0.013941,0.029993,0.062155,0.12076,0.21679,0.29251,0.35144,0.41712
250.0,0.00079217,0.0018569,0.0040272,0.0090052,0.019663,0.041303,0.081983,0.15013,0.20436,0.24701,0.29495
300.0,0.00051706,0.0012251,0.0026894,0.0061468,0.013634,0.029062,0.058792,0.10946,0.14991,0.18194,0.21534
350.0,0.00034839,0.00083483,0.0018558,0.0043257,0.0097343,0.021047,0.043313,0.081813,0.11267,0.13572,0.16119
400.0,0.00024026,0.00058268,0.0013123,0.0031145,0.0071105,0.015590,0.032532,0.062397,0.085733,0.10334,0.12307
450.0,0.00016878,0.00041646,0.00095742,0.0022735,0.0052779,0.011726,0.024772,0.048118,0.065822,0.079714,0.095128
500.0,0.00012044,0.00030205,0.00070768,0.0016833,0.0039801,0.0089235,0.019156,0.037507,0.051319,0.062260,0.074509
600.0,5.8791e-05,0.00015537,0.00037679,0.00092862,0.0022667,0.0052808,0.011670,0.023184,0.032003,0.038835,0.046670
700.0,3.2984e-05,8.8040e-05,0.00022496,0.00056701,0.0014177,0.0033643,0.0075876,0.015186,0.021153,0.025876,0.031169
800.0,1.8660e-05,5.2408e-05,0.00013685,0.00035670,0.00089831,0.0021954,0.0051055,0.010289,0.014446,0.017800,0.021665
1000.0,6.6435e-06,1.9643e-05,5.4223e-05,0.00015070,0.00039729,0.0010116,0.0024090,0.0053779,0.0078203,0.0097961,0.012090
1200.0,2.5171e-06,7.8266e-06,2.2951e-05,6.7045e-05,0.00018906,0.00050314,0.0013141,0.0030202,0.0044198,0.0055614,0.0069212
1500.0,6.3735e-07,2.1215e-06,6.5975e-06,2.1169e-05,6.4045e-05,0.00019582,0.00053868,0.0012804,0.0019005,0.0024225,0.0030040
SA0P1
r\m,4.0,4.5,5.0,5.5,6.0,6.5,7.0,7.5,7.8,8.0,8.2
0.0,0.50986,0.86634,1.3192,1.8695,2.4130,2.9601,3.5027,3.7672,3.8871,3.9467,3.9344
1.0,0.39831,0.70460,1.1123,1.6246,2.1591,2.7180,3.2578,3.6100,3.7372,3.7980,3.7914
5.0,0.16602,0.33334,0.59658,0.97886,1.4381,1.9527,2.4766,2.9168,3.0853,3.1717,3.2125
10.0,0.082728,0.17005,0.32061,0.56476,0.89893,1.3196,1.8794,2.4397,2.5836,2.6929,2.7336
15.0,0.047961,0.10101,0.19628,0.36018,0.60568,0.95146,1.4464,1.9945,2.2642,2.3511,2.4385
20.0,0.031427,0.067714,0.13443,0.25394,0.44206,0.73226,1.1552,1.6527,1.9503,2.1029,2.1882
25.0,0.022297,0.048801,0.098369,0.18948,0.33796,0.58326,0.94692,1.3973,1.6771,1.8618,1.9836
30.0,0.016813,0.037240,0.075941,0.14855,0.26978,0.48022,0.79604,1.2028,1.4644,1.6408,1.8182
40.0,0.010744,0.024227,0.050220,0.10063,0.18982,0.34895,0.59747,0.93374,1.1639,1.3342,1.5109
50.0,0.0075403,0.017228,0.036163,0.073803,0.14354,0.26978,0.47320,0.76661,0.97868,1.1195,1.2664
60.0,0.0058982,0.013611,0.028846,0.059720,0.11895,0.22729,0.40522,0.67462,0.85419,0.98284,1.1180
70.0,0.0049178,0.011416,0.024330,0.050843,0.10314,0.19951,0.36530,0.60398,0.77099,0.89225,1.0209
80.0,0.0042600,0.0099241,0.021228,0.044695,0.092046,0.18001,0.33318,0.55313,0.71039,0.82542,0.94813
90.0,0.0037436,0.0087481,0.018781,0.039970,0.083051,0.16559,0.30453,0.51032,0.65880,0.76806,0.88515
100.0,0.0033184,0.0077766,0.016752,0.035997,0.075414,0.15193,0.27984,0.47282,0.61324,0.71718,0.82902
110.0,0.0029625,0.0069607,0.015042,0.032530,0.068479,0.13819,0.25582,0.43445,0.56532,0.66257,0.76746
120.0,0.0026603,0.0062659,0.013582,0.029547,0.062979,0.12634,0.23486,0.40076,0.52302,0.61420,0.71287
130.0,0.0023820,0.0056248,0.012231,0.026765,0.057223,0.11527,0.21512,0.36877,0.48277,0.56808,0.66064
140.0,0.0021402,0.0050677,0.011051,0.024327,0.052121,0.10541,0.19747,0.33992,0.44620,0.52604,0.61286
150.0,0.0019259,0.0045725,0.0099993,0.022150,0.047518,0.096468,0.18139,0.31347,0.41264,0.48737,0.56883
175.0,0.0014940,0.0035649,0.0078389,0.017561,0.037809,0.077451,0.14719,0.25721,0.34078,0.40428,0.47393
200.0,0.0011781,0.0028225,0.0062366,0.014060,0.030469,0.062868,0.12080,0.21353,0.28452,0.33888,0.39880
250.0,0.00075793,0.0018329,0.0040906,0.0093101,0.020453,0.042747,0.083798,0.15096,0.20305,0.24339,0.28826
300.0,0.00050870,0.0012403,0.0027955,0.0064929,0.014466,0.030651,0.061150,0.11192,0.15152,0.18243,0.21434
350.0,0.00035148,0.00086435,0.0019677,0.0046528,0.010501,0.022543,0.045695,0.084782,0.11547,0.13809,0.16286
400.0,0.00024795,0.00061535,0.0014155,0.0034013,0.0077750,0.016908,0.034709,0.065344,0.088841,0.10635,0.12581
450.0,0.00017803,0.00044824,0.0010497,0.0025150,0.0058384,0.012853,0.026682,0.050833,0.068834,0.082810,0.098180
500.0,0.00012954,0.00033054,0.00078689,0.0018823,0.0044451,0.0098619,0.020785,0.039887,0.054033,0.065127,0.077440
600.0,6.5523e-05,0.00017529,0.00042946,0.0010586,0.0025719,0.0059143,0.012797,0.024881,0.034002,0.041018,0.048961
700.0,3.7773e-05,0.00010139,0.00026117,0.00065523,0.0016256,0.0037946,0.0083709,0.016364,0.022561,0.027414,0.032793
800.0,2.1806e-05,6.1467e-05,0.00016106,0.00041627,0.0010360,0.0024873,0.0056430,0.011079,0.015389,0.018829,0.022509
1000.0,8.0276e-06,2.3638e-05,6.5055e-05,0.00017808,0.00046173,0.0011460,0.0026478,0.0054114,0.0078203,0.0097961,0.012090
1200.0,3.1130e-06,9.5829e-06,2.7874e-05,7.9943e-05,0.00021999,0.00056551,0.0013385,0.0030202,0.0044198,0.0055614,0.0069212
1500.0,8.1183e-07,2.6519e-06,8.1607e-06,2.5415e-05,7.4622e-05,0.00020521,0.00053868,0.0012804,0.0019005,0.0024225,0.0030040
SA0P15
r\m,4.0,4.5,5.0,5.5,6.0,6.5,7.0,7.5,7.8,8.0,8.2
0.0,0.34589,0.61678,0.97570,1.4247,1.8762,2.3253,2.7602,2.9738,3.0567,3.0910,3.0822
1.0,0.27198,0.50732,0.83365,1.2548,1.6988,2.1550,2.5872,2.8651,2.9518,2.9861,2.9787
5.0,0.11041,0.23587,0.44489,0.76099,1.1460,1.5704,1.9913,2.3368,2.4543,2.5096,2.5348
10.0,0.054260,0.11920,0.23760,0.43784,0.71902,1.0719,1.5190,1.9515,2.0507,2.1256,2.1507
15.0,0.031654,0.071241,0.14640,0.28090,0.48707,0.77668,1.1735,1.5980,1.7931,1.8520,1.9120
20.0,0.020882,0.048062,0.10094,0.19917,0.35702,0.59934,0.93953,1.3269,1.5452,1.6537,1.7128
25.0,0.014878,0.034794,0.074282,0.14950,0.27436,0.47868,0.77230,1.1244,1.3310,1.4645,1.5512
30.0,0.011271,0.026675,0.057638,0.11775,0.21982,0.39479,0.65073,0.97001,1.1643,1.2926,1.4207
40.0,0.0072664,0.017513,0.038486,0.080460,0.15569,0.28795,0.49026,0.75623,0.92857,1.0537,1.1829
50.0,0.0051475,0.012570,0.027972,0.059500,0.11847,0.22346,0.38989,0.62349,0.78346,0.88776,0.99579
60.0,0.0040622,0.010018,0.022499,0.048485,0.098707,0.18888,0.33462,0.54915,0.68457,0.77994,0.87944
70.0,0.0034427,0.0085371,0.019272,0.041869,0.086675,0.16762,0.30440,0.49599,0.62302,0.71370,0.80923
80.0,0.0030397,0.0075637,0.017130,0.037461,0.078625,0.15347,0.28126,0.45951,0.58013,0.66677,0.75840
90.0,0.0027176,0.0067815,0.015409,0.034045,0.071993,0.14304,0.26019,0.42847,0.54328,0.62616,0.71412
100.0,0.0024485,0.0061257,0.013960,0.031129,0.066282,0.13290,0.24184,0.40106,0.51052,0.58992,0.67447
110.0,0.0022200,0.0055672,0.012722,0.028550,0.061043,0.12254,0.22396,0.37313,0.47633,0.55145,0.63159
120.0,0.0020233,0.0050845,0.011649,0.026296,0.056902,0.11348,0.20815,0.34830,0.44581,0.51700,0.59318
130.0,0.0018350,0.0046224,0.010620,0.024114,0.052310,0.10470,0.19274,0.32384,0.41565,0.48289,0.55497
140.0,0.0016672,0.0042102,0.0096981,0.022148,0.048120,0.096678,0.17858,0.30117,0.38754,0.45101,0.51919
150.0,0.0015168,0.0038396,0.0088665,0.020374,0.044298,0.089314,0.16554,0.28018,0.36148,0.42139,0.48589
175.0,0.0012083,0.0030721,0.0071287,0.016559,0.036099,0.073400,0.13736,0.23480,0.30477,0.35673,0.41299
200.0,0.00097831,0.0024955,0.0058133,0.013578,0.029772,0.060944,0.11516,0.19885,0.25957,0.30501,0.35443
250.0,0.00066130,0.0016995,0.0039911,0.0093940,0.020844,0.043164,0.083001,0.14586,0.19221,0.22732,0.26584
300.0,0.00046471,0.0012014,0.0028431,0.0068189,0.015308,0.032073,0.062619,0.11164,0.14812,0.17598,0.20436
350.0,0.00033524,0.00087184,0.0020780,0.0050648,0.011489,0.024346,0.048197,0.086985,0.11614,0.13716,0.15992
400.0,0.00024632,0.00064448,0.0015472,0.0038240,0.0087644,0.018778,0.037580,0.068716,0.091637,0.10838,0.12678
450.0,0.00018415,0.00048709,0.0011861,0.0029102,0.0067601,0.014639,0.029577,0.054661,0.072643,0.086346,0.10125
500.0,0.00013912,0.00037159,0.00091650,0.0022352,0.0052719,0.011487,0.023520,0.043734,0.058161,0.069279,0.081485
600.0,7.6129e-05,0.00021117,0.00053172,0.0013242,0.0031927,0.0071749,0.015016,0.028211,0.037843,0.045157,0.053303
700.0,4.6481e-05,0.00012852,0.00033795,0.00085040,0.0020841,0.0047347,0.010081,0.018988,0.025682,0.030834,0.036471
800.0,2.8240e-05,8.1440e-05,0.00021654,0.00055769,0.0013633,0.0031770,0.0069234,0.013049,0.017766,0.021470,0.025342
1000.0,1.1324e-05,3.3696e-05,9.3053e-05,0.00025072,0.00063332,0.0015078,0.0033169,0.0064700,0.0089230,0.010872,0.013058
1200.0,4.7068e-06,1.4483e-05,4.1829e-05,0.00011716,0.00031004,0.00075706,0.0016946,0.0033992,0.0047891,0.0058870,0.0070976
1500.0,1.3398e-06,4.3049e-06,1.3051e-05,3.8884e-05,0.00010854,0.00027948,0.00065781,0.0013773,0.0019902,0.0024768,0.0030735
SA0P2
r\m,4.0,4.5,5.0,5.5,6.0,6.5,7.0,7.5,7.8,8.0,8.2
0.0,0.25057,0.47011,0.76833,1.1483,1.5347,1.9169,2.2819,2.4637,2.5271,2.5497,2.5447
1.0,0.19777,0.38934,0.66178,1.0196,1.3991,1.7854,2.1477,2.3800,2.4456,2.4677,2.4621
5.0,0.078868,0.17881,0.35160,0.62019,0.95031,1.3111,1.6639,1.9507,2.0405,2.0801,2.0987
10.0,0.038394,0.089757,0.18685,0.35581,0.59755,0.90114,1.2735,1.6268,1.7021,1.7588,1.7770
15.0,0.022479,0.053839,0.11559,0.22910,0.40613,0.65500,0.98617,1.3331,1.4858,1.5302,1.5762
20.0,0.014887,0.036457,0.080006,0.16300,0.29844,0.50611,0.79051,1.1083,1.2804,1.3646,1.4102
25.0,0.010631,0.026460,0.059082,0.12280,0.23007,0.40477,0.65081,0.94024,1.1039,1.2085,1.2763
30.0,0.0080754,0.020340,0.045982,0.096993,0.18473,0.33406,0.54904,0.81223,0.96671,1.0676,1.1683
40.0,0.0052323,0.013425,0.030884,0.066634,0.13133,0.24408,0.41448,0.63479,0.77252,0.87161,0.97389
50.0,0.0037266,0.0096900,0.022574,0.049528,0.10030,0.18978,0.33038,0.52469,0.65313,0.73614,0.82204
60.0,0.0029561,0.0077625,0.018250,0.040537,0.083831,0.16067,0.28386,0.46230,0.57100,0.64696,0.72611
70.0,0.0025307,0.0066817,0.015787,0.035327,0.074214,0.14359,0.25971,0.41989,0.52239,0.59499,0.67135
80.0,0.0022617,0.0059927,0.014206,0.031982,0.068061,0.13276,0.24203,0.39194,0.48972,0.55935,0.63282
90.0,0.0020441,0.0054321,0.012918,0.029380,0.062936,0.12482,0.22569,0.36800,0.46150,0.52835,0.59910
100.0,0.0018608,0.0049581,0.011825,0.027137,0.058486,0.11696,0.21137,0.34678,0.43633,0.50063,0.56886
110.0,0.0017040,0.0045511,0.010882,0.025139,0.054383,0.10884,0.19745,0.32529,0.41031,0.47154,0.53660
120.0,0.0015679,0.0041962,0.010058,0.023375,0.051164,0.10168,0.18505,0.30605,0.38693,0.44533,0.50754
130.0,0.0014339,0.0038468,0.0092461,0.021616,0.047418,0.094551,0.17263,0.28656,0.36317,0.41862,0.47780
140.0,0.0013120,0.0035289,0.0085039,0.019996,0.043919,0.087889,0.16098,0.26812,0.34059,0.39321,0.44945
150.0,0.0012022,0.0032411,0.0078294,0.018524,0.040703,0.081729,0.15016,0.25093,0.31951,0.36945,0.42292
175.0,0.00097428,0.0026385,0.0064044,0.015319,0.033733,0.068275,0.12655,0.21338,0.27321,0.31707,0.36427
200.0,0.00080278,0.0021809,0.0053134,0.012777,0.028285,0.057611,0.10772,0.18327,0.23592,0.27480,0.31683
250.0,0.00056134,0.0015359,0.0037708,0.0091326,0.020436,0.042059,0.079881,0.13813,0.17946,0.21032,0.24396
300.0,0.00040746,0.0011210,0.0027711,0.0068367,0.015453,0.032128,0.061844,0.10837,0.14172,0.16683,0.19223
350.0,0.00030332,0.00083867,0.0020856,0.0052260,0.011917,0.025022,0.048760,0.086401,0.11368,0.13308,0.15395
400.0,0.00022979,0.00063839,0.0015965,0.0040536,0.0093237,0.019767,0.038889,0.069724,0.091645,0.10745,0.12470
450.0,0.00017720,0.00049684,0.0012577,0.0031627,0.0073625,0.015756,0.031263,0.056591,0.074147,0.087346,0.10163
500.0,0.00013791,0.00038975,0.00099724,0.0024862,0.0058691,0.012627,0.025350,0.046133,0.060491,0.071420,0.083353
600.0,8.0728e-05,0.00023528,0.00061179,0.0015478,0.0037166,0.0082132,0.016801,0.030821,0.040754,0.048231,0.056481
700.0,5.1766e-05,0.00015009,0.00040500,0.0010306,0.0025074,0.0055898,0.011611,0.021317,0.028405,0.033797,0.039666
800.0,3.2996e-05,9.9126e-05,0.00026959,0.00069889,0.0016902,0.0038568,0.0081692,0.014975,0.020075,0.024036,0.028134
1000.0,1.4369e-05,4.4181e-05,0.00012380,0.00033268,0.00082660,0.0019118,0.0040632,0.0076683,0.010393,0.012532,0.014908
1200.0,6.4253e-06,2.0265e-05,5.8872e-05,0.00016335,0.00042118,0.00099174,0.0021325,0.0041164,0.0056916,0.0069160,0.0082439
1500.0,2.0115e-06,6.5447e-06,1.9799e-05,5.7517e-05,0.00015495,0.00038035,0.00085250,0.0017048,0.0024135,0.0029624,0.0036428
SA0P25
r\m,4.0,4.5,5.0,5.5,6.0,6.5,7.0,7.5,7.8,8.0,8.2
0.0,0.18812,0.37309,0.63067,0.96304,1.3036,1.6395,1.9574,2.1184,2.1712,2.1879,2.1860
1.0,0.14883,0.31039,0.54611,0.85973,1.1936,1.5316,1.8469,2.0498,2.1037,2.1197,2.1163
5.0,0.058626,0.14132,0.28915,0.52379,0.81420,1.1301,1.4367,1.6849,1.7586,1.7898,1.8053
10.0,0.028352,0.070595,0.15310,0.29979,0.51267,0.78055,1.1021,1.4037,1.4652,1.5116,1.5264
15.0,0.016637,0.042444,0.094950,0.19349,0.34921,0.56852,0.85467,1.1508,1.2774,1.3137,1.3518
20.0,0.011047,0.028810,0.065892,0.13798,0.25702,0.43963,0.68562,0.95741,1.1008,1.1705,1.2085
25.0,0.0078997,0.020943,0.048768,0.10420,0.19855,0.35187,0.56500,0.81285,0.94967,1.0367,1.0932
30.0,0.0060104,0.016127,0.038030,0.082457,0.15964,0.29050,0.47701,0.70279,0.83219,0.91633,1.0003
40.0,0.0039068,0.010680,0.025641,0.056848,0.11376,0.21245,0.36054,0.55015,0.66591,0.74881,0.83453
50.0,0.0027921,0.0077365,0.018811,0.042398,0.087090,0.16537,0.28779,0.45548,0.56375,0.63346,0.70568
60.0,0.0022222,0.0062186,0.015260,0.034802,0.072935,0.14014,0.24743,0.40139,0.49303,0.55684,0.62339
70.0,0.0019151,0.0053886,0.013288,0.030518,0.064925,0.12583,0.22725,0.36595,0.45264,0.51383,0.57823
80.0,0.0017256,0.0048732,0.012057,0.027854,0.059995,0.11713,0.21303,0.34334,0.42628,0.48509,0.54717
90.0,0.0015709,0.0044502,0.011047,0.025777,0.055856,0.11078,0.19974,0.32390,0.40342,0.46002,0.51990
100.0,0.0014401,0.0040907,0.010183,0.023977,0.052243,0.10442,0.18805,0.30663,0.38300,0.43757,0.49543
110.0,0.0013276,0.0037805,0.0094354,0.022367,0.048906,0.097803,0.17673,0.28926,0.36210,0.41427,0.46966
120.0,0.0012294,0.0035085,0.0087778,0.020936,0.046309,0.091932,0.16659,0.27364,0.34324,0.39320,0.44635
130.0,0.0011307,0.0032348,0.0081155,0.019476,0.043166,0.085955,0.15622,0.25746,0.32364,0.37125,0.42197
140.0,0.0010396,0.0029820,0.0075009,0.018106,0.040173,0.080274,0.14633,0.24191,0.30474,0.35007,0.39843
150.0,0.00095712,0.0027520,0.0069396,0.016856,0.037408,0.074995,0.13711,0.22736,0.28703,0.33018,0.37631
175.0,0.00078483,0.0022673,0.0057455,0.014112,0.031375,0.063382,0.11683,0.19533,0.24786,0.28608,0.32712
200.0,0.00065450,0.0018970,0.0048251,0.011914,0.026623,0.054103,0.10053,0.16945,0.21612,0.25032,0.28718
250.0,0.00046863,0.0013682,0.0035070,0.0087214,0.019684,0.040385,0.076117,0.13028,0.16762,0.19528,0.22531
300.0,0.00034809,0.0010219,0.0026370,0.0066809,0.015215,0.031494,0.060082,0.10411,0.13480,0.15769,0.18078
350.0,0.00026507,0.00078185,0.0020287,0.0052200,0.011980,0.025017,0.048255,0.084482,0.11002,0.12801,0.14731
400.0,0.00020539,0.00060837,0.0015863,0.0041351,0.0095611,0.020138,0.039181,0.069333,0.090194,0.10510,0.12133
450.0,0.00016208,0.00048415,0.0012763,0.0032907,0.0076935,0.016342,0.032041,0.057198,0.074179,0.086827,0.10050
500.0,0.00012902,0.00038810,0.0010328,0.0026361,0.0062442,0.013327,0.026407,0.047361,0.061470,0.072118,0.083715
600.0,7.9670e-05,0.00024591,0.00066334,0.0017109,0.0041069,0.0089739,0.018075,0.032624,0.042686,0.050215,0.058486
700.0,5.3124e-05,0.00016311,0.00045424,0.0011750,0.0028516,0.0062791,0.012825,0.023137,0.030494,0.036045,0.042083
800.0,3.5248e-05,0.00011153,0.00031250,0.00082101,0.0019762,0.0044465,0.0092352,0.016616,0.022021,0.026190,0.030493
1000.0,1.6474e-05,5.3068e-05,0.00015236,0.00041223,0.0010154,0.0023035,0.0047818,0.0088215,0.011805,0.014122,0.016684
1200.0,7.8683e-06,2.5851e-05,7.6435e-05,0.00021241,0.00053929,0.0012391,0.0025907,0.0048681,0.0066325,0.0079878,0.0094451
1500.0,2.6908e-06,9.0398e-06,2.7643e-05,7.9506e-05,0.00020936,0.00049727,0.0010759,0.0020801,0.0028949,0.0035152,0.0042876
SA0P3
r\m,4.0,4.5,5.0,5.5,6.0,6.5,7.0,7.5,7.8,8.0,8.2
0.0,0.14430,0.30266,0.53050,0.82860,1.1362,1.4389,1.7237,1.8706,1.9169,1.9307,1.9312
1.0,0.11435,0.25260,0.46109,0.74247,1.0435,1.3470,1.6292,1.8119,1.8587,1.8717,1.8703
5.0,0.044645,0.11428,0.24349,0.45280,0.71380,0.99706,1.2707,1.4923,1.5559,1.5821,1.5961
10.0,0.021487,0.056884,0.12857,0.25868,0.44988,0.69113,0.97635,1.2422,1.2951,1.3351,1.3481
15.0,0.012629,0.034256,0.079876,0.16723,0.30692,0.50413,0.75794,1.0187,1.1281,1.1594,1.1926
20.0,0.0083998,0.023291,0.055532,0.11944,0.22614,0.39002,0.60833,0.84788,0.97212,1.0324,1.0655
25.0,0.0060127,0.016949,0.041164,0.090363,0.17495,0.31232,0.50163,0.72023,0.83897,0.91431,0.96358
30.0,0.0045799,0.013067,0.032144,0.071596,0.14080,0.25789,0.42372,0.62308,0.73553,0.80848,0.88143
40.0,0.0029834,0.0086739,0.021730,0.049481,0.10050,0.18871,0.32051,0.48830,0.58911,0.66113,0.73579
50.0,0.0021373,0.0062989,0.015983,0.036991,0.077055,0.14699,0.25609,0.40475,0.49920,0.55994,0.62297
60.0,0.0017049,0.0050749,0.012997,0.030426,0.064620,0.12464,0.22026,0.35672,0.43668,0.49229,0.55038
70.0,0.0014763,0.0044184,0.011370,0.026799,0.057750,0.11229,0.20286,0.32609,0.40191,0.45535,0.51168
80.0,0.0013379,0.0040196,0.010380,0.024603,0.053658,0.10503,0.19097,0.30708,0.37974,0.43118,0.48553
90.0,0.0012243,0.0036902,0.0095607,0.022891,0.050201,0.099772,0.17976,0.29067,0.36047,0.41004,0.46254
100.0,0.0011279,0.0034093,0.0088586,0.021401,0.047175,0.094443,0.16987,0.27608,0.34325,0.39111,0.44190
110.0,0.0010448,0.0031661,0.0082481,0.020064,0.044377,0.088872,0.16035,0.26150,0.32576,0.37164,0.42039
120.0,0.00097199,0.0029521,0.0077092,0.018872,0.042218,0.083911,0.15178,0.24836,0.30994,0.35401,0.40090
130.0,0.00089754,0.0027331,0.0071573,0.017631,0.039518,0.078769,0.14288,0.23451,0.29322,0.33530,0.38015
140.0,0.00082807,0.0025283,0.0066389,0.016451,0.036908,0.073816,0.13427,0.22102,0.27690,0.31706,0.35991
150.0,0.00076498,0.0023414,0.0061637,0.015370,0.034487,0.069196,0.12622,0.20835,0.26156,0.29989,0.34084
175.0,0.00063256,0.0019456,0.0051480,0.012983,0.029180,0.058981,0.10842,0.18036,0.22748,0.26163,0.29826
200.0,0.00053208,0.0016422,0.0043619,0.011060,0.024978,0.050777,0.094042,0.15762,0.19978,0.23052,0.26363
250.0,0.00038760,0.0012053,0.0032270,0.0082420,0.018790,0.038536,0.072321,0.12299,0.15719,0.18239,0.20971
300.0,0.00029281,0.00091579,0.0024684,0.0064247,0.014767,0.030528,0.057930,0.099668,0.12815,0.14928,0.17056
350.0,0.00022677,0.00071259,0.0019309,0.0051050,0.011815,0.024620,0.047195,0.081979,0.10599,0.12281,0.14083
400.0,0.00017870,0.00056382,0.0015347,0.0041107,0.0095777,0.020113,0.038862,0.068172,0.088037,0.10215,0.11750
450.0,0.00014351,0.00045643,0.0012552,0.0033227,0.0078225,0.016555,0.032216,0.056976,0.073351,0.085472,0.098568
500.0,0.00011622,0.00037206,0.0010320,0.0027022,0.0064412,0.013691,0.026902,0.047779,0.061557,0.071896,0.083148
600.0,7.4858e-05,0.00024499,0.00068780,0.0018144,0.0043706,0.0094869,0.018915,0.033762,0.043838,0.051350,0.059584
700.0,5.1485e-05,0.00016772,0.00048413,0.0012786,0.0031087,0.0067961,0.013727,0.024470,0.031992,0.037640,0.043790
800.0,3.5299e-05,0.00011798,0.00034237,0.00091631,0.0022066,0.0049232,0.010090,0.017928,0.023561,0.027889,0.032363
1000.0,1.7498e-05,5.9332e-05,0.00017572,0.00048212,0.0011849,0.0026558,0.0054262,0.0098558,0.013068,0.015543,0.018272
1200.0,8.8460e-06,3.0464e-05,9.2450e-05,0.00025948,0.00065420,0.0014795,0.0030349,0.0055975,0.0075410,0.0090214,0.010608
1500.0,3.2708e-06,1.1443e-05,3.5713e-05,0.00010288,0.00026752,0.00062173,0.0013122,0.0024758,0.0033991,0.0040940,0.0049603
SA0P4
r\m,4.0,4.5,5.0,5.5,6.0,6.5,7.0,7.5,7.8,8.0,8.2
0.0,0.089090,0.20641,0.38972,0.63991,0.90416,1.1646,1.4079,1.5378,1.5778,1.5893,1.5935
1.0,0.070749,0.17297,0.34038,0.57618,0.83362,1.0929,1.3334,1.4914,1.5313,1.5419,1.5437
5.0,0.027297,0.077590,0.17909,0.35177,0.57223,0.81223,1.0435,1.2313,1.2837,1.3050,1.3180
10.0,0.013055,0.038439,0.094205,0.20043,0.36109,0.56574,0.80344,1.0238,1.0673,1.1000,1.1117
15.0,0.0076886,0.023196,0.058662,0.12985,0.24683,0.41345,0.62453,0.83987,0.92856,0.95425,0.98200
20.0,0.0051254,0.015806,0.040880,0.092937,0.18213,0.32005,0.50155,0.69946,0.80010,0.84901,0.87667
25.0,0.0036734,0.011518,0.030364,0.070469,0.14117,0.25644,0.41392,0.59454,0.69086,0.75192,0.79247
30.0,0.0028021,0.0088931,0.023753,0.055927,0.11374,0.21177,0.34985,0.51473,0.60605,0.66523,0.72467
40.0,0.0018305,0.0059214,0.016112,0.038776,0.081347,0.15506,0.26489,0.40397,0.48599,0.54449,0.60541
50.0,0.0013154,0.0043139,0.011891,0.029077,0.062497,0.12087,0.21190,0.33536,0.41232,0.46186,0.51345
60.0,0.0010524,0.0034863,0.0096990,0.023980,0.052503,0.10256,0.18234,0.29558,0.36079,0.40613,0.45368
70.0,0.00091693,0.0030542,0.0085378,0.021244,0.047163,0.092807,0.16853,0.27116,0.33315,0.37684,0.42305
80.0,0.00083732,0.0028004,0.0078570,0.019657,0.044141,0.087372,0.15954,0.25659,0.31613,0.35825,0.40290
90.0,0.00077148,0.0025889,0.0072883,0.018419,0.041567,0.083469,0.15096,0.24397,0.30129,0.34195,0.38513
100.0,0.00071540,0.0024079,0.0067988,0.017337,0.039306,0.079457,0.14337,0.23273,0.28801,0.32735,0.36919
110.0,0.00066688,0.0022506,0.0063715,0.016363,0.037216,0.075238,0.13612,0.22164,0.27473,0.31257,0.35285
120.0,0.00062419,0.0021116,0.0059925,0.015490,0.035629,0.071463,0.12957,0.21161,0.26268,0.29914,0.33801
130.0,0.00057945,0.0019657,0.0055945,0.014555,0.033538,0.067444,0.12259,0.20075,0.24960,0.28452,0.32180
140.0,0.00053702,0.0018268,0.0052139,0.013647,0.031470,0.063493,0.11571,0.18997,0.23662,0.27004,0.30576
150.0,0.00049835,0.0016996,0.0048634,0.012811,0.029542,0.059790,0.10924,0.17981,0.22437,0.25636,0.29060
175.0,0.00041667,0.0014285,0.0041099,0.010953,0.025293,0.051549,0.094860,0.15723,0.19701,0.22572,0.25655
200.0,0.00035454,0.0012200,0.0035243,0.0094448,0.021910,0.044892,0.083169,0.13877,0.17468,0.20075,0.22883
250.0,0.00026429,0.00091686,0.0026707,0.0072123,0.016876,0.034851,0.065333,0.11050,0.14017,0.16190,0.18546
300.0,0.00020427,0.00071306,0.0020916,0.0057591,0.013572,0.028214,0.053406,0.091290,0.11644,0.13498,0.15366
350.0,0.00016187,0.00056784,0.0016745,0.0046852,0.011107,0.023243,0.044388,0.076532,0.098105,0.11313,0.12923
400.0,0.00013056,0.00045985,0.0013618,0.0038615,0.0092046,0.019391,0.037290,0.064853,0.083021,0.095857,0.10981
450.0,0.00010743,0.00038129,0.0011398,0.0031918,0.0076809,0.016291,0.031527,0.055230,0.070482,0.081689,0.093819
500.0,8.9129e-05,0.00031828,0.00095883,0.0026533,0.0064592,0.013753,0.026840,0.047189,0.060259,0.070001,0.080617
600.0,6.0991e-05,0.00022159,0.00067460,0.0018738,0.0045915,0.0099465,0.019650,0.034656,0.044581,0.051952,0.060028
700.0,4.3872e-05,0.00015894,0.00049459,0.0013725,0.0033877,0.0073882,0.014765,0.025987,0.033638,0.039354,0.045611
800.0,3.1584e-05,0.00011666,0.00036469,0.0010229,0.0024967,0.0055473,0.011217,0.019669,0.025583,0.030113,0.034831
1000.0,1.7120e-05,6.3871e-05,0.00020279,0.00057978,0.0014394,0.0031993,0.0064322,0.011486,0.015058,0.017782,0.020784
1200.0,9.4635e-06,3.5662e-05,0.00011521,0.00033518,0.00084849,0.0018944,0.0038083,0.0068795,0.0091325,0.010832,0.012661
1500.0,3.9692e-06,1.5064e-05,4.9630e-05,0.00014661,0.00038005,0.00086564,0.0017768,0.0032567,0.0043880,0.0052306,0.0062773
SA0P5
r\m,4.0,4.5,5.0,5.5,6.0,6.5,7.0,7.5,7.8,8.0,8.2
0.0,0.058110,0.14523,0.29349,0.50770,0.74301,0.97835,1.1982,1.3204,1.3585,1.3701,1.3771
1.0,0.046206,0.12201,0.25711,0.45850,0.68664,0.91948,1.1362,1.2816,1.3192,1.3297,1.3343
5.0,0.017697,0.054438,0.13495,0.28010,0.47232,0.68493,0.89095,1.0595,1.1068,1.1263,1.1394
10.0,0.0084300,0.026889,0.070821,0.15932,0.29826,0.47854,0.68689,0.88036,0.91956,0.94874,0.96030
15.0,0.0049714,0.016248,0.044165,0.10336,0.20414,0.35013,0.53437,0.72232,0.79942,0.82249,0.84750
20.0,0.0033188,0.011087,0.030823,0.074070,0.15076,0.27112,0.42929,0.60177,0.68880,0.73141,0.75624
25.0,0.0023804,0.0080864,0.022923,0.056244,0.11699,0.21731,0.35446,0.51171,0.59494,0.64777,0.68344
30.0,0.0018175,0.0062493,0.017952,0.044683,0.094333,0.17947,0.29971,0.44323,0.52210,0.57327,0.62485
40.0,0.0011894,0.0041691,0.012204,0.031043,0.067548,0.13145,0.22705,0.34817,0.41898,0.46949,0.52228
50.0,0.00085638,0.0030436,0.0090264,0.023324,0.051959,0.10251,0.18176,0.28930,0.35575,0.39862,0.44342
60.0,0.00068648,0.0024645,0.0073766,0.019267,0.043697,0.087018,0.15644,0.25500,0.31134,0.35058,0.39185
70.0,0.00060040,0.0021675,0.0065189,0.017131,0.039379,0.078955,0.14491,0.23444,0.28807,0.32593,0.36608
80.0,0.00055091,0.0019972,0.0060295,0.015930,0.037025,0.074633,0.13766,0.22251,0.27409,0.31062,0.34943
90.0,0.00050976,0.0018546,0.0056182,0.014994,0.035010,0.071554,0.13068,0.21216,0.26187,0.29717,0.33474
100.0,0.00047465,0.0017323,0.0052634,0.014173,0.033236,0.068356,0.12450,0.20293,0.25095,0.28512,0.32156
110.0,0.00044422,0.0016257,0.0049530,0.013435,0.031599,0.064982,0.11863,0.19392,0.24013,0.27307,0.30821
120.0,0.00041738,0.0015313,0.0046769,0.012770,0.030372,0.061954,0.11333,0.18575,0.23031,0.26211,0.29609
130.0,0.00038877,0.0014305,0.0043818,0.012044,0.028692,0.058668,0.10756,0.17674,0.21944,0.24996,0.28260
140.0,0.00036133,0.0013334,0.0040960,0.011327,0.027002,0.055392,0.10181,0.16768,0.20854,0.23779,0.26911
150.0,0.00033626,0.0012441,0.0038321,0.010666,0.025423,0.052311,0.096377,0.15912,0.19822,0.22627,0.25634
175.0,0.00028312,0.0010533,0.0032626,0.0091895,0.021931,0.045429,0.084265,0.14002,0.17509,0.20038,0.22757
200.0,0.00024265,0.00090637,0.0028193,0.0079858,0.019143,0.039853,0.074386,0.12437,0.15619,0.17926,0.20415
250.0,0.00018355,0.00069154,0.0021698,0.0061952,0.014971,0.031393,0.059235,0.10032,0.12691,0.14634,0.16744
300.0,0.00014395,0.00054597,0.0017256,0.0050253,0.012223,0.025774,0.049063,0.083924,0.10672,0.12347,0.14039
350.0,0.00011577,0.00044138,0.0014025,0.0041522,0.010151,0.021532,0.041317,0.071241,0.091010,0.10475,0.11950
400.0,9.4787e-05,0.00036291,0.0011580,0.0034755,0.0085378,0.018216,0.035175,0.061131,0.077975,0.089851,0.10278
450.0,7.9234e-05,0.00030570,0.00098421,0.0029163,0.0072281,0.015515,0.030137,0.052725,0.067039,0.077519,0.088896
500.0,6.6792e-05,0.00025925,0.00084076,0.0024606,0.0061661,0.013284,0.025996,0.045629,0.058048,0.067277,0.077355
600.0,4.7605e-05,0.00018742,0.00061389,0.0017995,0.0045269,0.0098968,0.019577,0.034429,0.044107,0.051289,0.059169
700.0,3.5295e-05,0.00013882,0.00046292,0.0013542,0.0034274,0.0075433,0.015082,0.026457,0.034093,0.039790,0.046061
800.0,2.6284e-05,0.00010494,0.00035154,0.0010380,0.0025956,0.0058134,0.011739,0.020520,0.026565,0.031195,0.036063
1000.0,1.5174e-05,6.1055e-05,0.00020714,0.00062134,0.0015775,0.0035268,0.0070732,0.012565,0.016392,0.019292,0.022494
1200.0,8.9512e-06,3.6262e-05,0.00012462,0.00037918,0.00097827,0.0021917,0.0043861,0.0078683,0.010365,0.012242,0.014281
1500.0,4.1254e-06,1.6744e-05,5.8342e-05,0.00017915,0.00047135,0.0010735,0.0021839,0.0039553,0.0052725,0.0062532,0.0074625
SA0P75
r\m,4.0,4.5,5.0,5.5,6.0,6.5,7.0,7.5,7.8,8.0,8.2
0.0,0.024367,0.067769,0.15474,0.29973,0.48032,0.67617,0.86725,0.98712,1.0287,1.0443,1.0577
1.0,0.019409,0.057135,0.13611,0.27178,0.44529,0.63671,0.82369,0.95899,0.99959,1.0141,1.0250
5.0,0.0073602,0.025309,0.071219,0.16618,0.30717,0.47579,0.64757,0.79429,0.83961,0.85976,0.87556
10.0,0.0034877,0.012453,0.037258,0.094309,0.19419,0.33387,0.50019,0.65939,0.69687,0.72361,0.73711
15.0,0.0020606,0.0075395,0.023285,0.061304,0.13316,0.24470,0.38958,0.54116,0.60523,0.62680,0.64978
20.0,0.0013784,0.0051548,0.016287,0.044018,0.098466,0.18958,0.31314,0.45109,0.52147,0.55704,0.57947
25.0,0.00098983,0.0037650,0.012136,0.033495,0.076543,0.15203,0.25874,0.38380,0.45062,0.49336,0.52355
30.0,0.00075679,0.0029139,0.0095200,0.026653,0.061787,0.12557,0.21889,0.33267,0.39567,0.43683,0.47857
40.0,0.00049655,0.0019496,0.0064934,0.018573,0.044327,0.092026,0.16597,0.26166,0.31788,0.35807,0.40033
50.0,0.00035853,0.0014277,0.0048180,0.013996,0.034161,0.071821,0.13301,0.21770,0.27021,0.30444,0.34041
60.0,0.00028819,0.0011594,0.0039491,0.011591,0.028777,0.061006,0.11453,0.19192,0.23655,0.26782,0.30089
70.0,0.00025341,0.0010254,0.0035095,0.010360,0.026053,0.055567,0.10642,0.17699,0.21950,0.24967,0.28185
80.0,0.00023408,0.00095152,0.0032696,0.0097020,0.024655,0.052824,0.10159,0.16869,0.20962,0.23875,0.26988
90.0,0.00021789,0.00088912,0.0030662,0.0091906,0.023450,0.050901,0.096872,0.16146,0.20096,0.22914,0.25929
100.0,0.00020405,0.00083550,0.0028902,0.0087409,0.022386,0.048869,0.092696,0.15502,0.19323,0.22054,0.24981
110.0,0.00019203,0.00078867,0.0027359,0.0083362,0.021409,0.046714,0.088773,0.14883,0.18571,0.21210,0.24040
120.0,0.00018139,0.00074704,0.0025981,0.0079705,0.020694,0.044774,0.085219,0.14321,0.17887,0.20441,0.23184
130.0,0.00016975,0.00070133,0.0024466,0.0075568,0.019649,0.042602,0.081245,0.13682,0.17108,0.19564,0.22204
140.0,0.00015840,0.00065648,0.0022970,0.0071385,0.018571,0.040388,0.077196,0.13027,0.16312,0.18672,0.21210
150.0,0.00014800,0.00061512,0.0021583,0.0067516,0.017559,0.038297,0.073360,0.12406,0.15557,0.17824,0.20266
175.0,0.00012583,0.00052621,0.0018575,0.0058819,0.015311,0.033602,0.064759,0.11014,0.13857,0.15911,0.18130
200.0,0.00010893,0.00045766,0.0016229,0.0051691,0.013510,0.029783,0.057718,0.098691,0.12465,0.14351,0.16395
250.0,8.4101e-05,0.00035679,0.0012772,0.0041024,0.010800,0.023951,0.046853,0.081065,0.10307,0.11917,0.13672
300.0,6.7307e-05,0.00028779,0.0010384,0.0034043,0.0090097,0.020064,0.039539,0.069029,0.088167,0.10224,0.11657
350.0,5.5253e-05,0.00023771,0.00086262,0.0028769,0.0076451,0.017102,0.033928,0.059651,0.076500,0.088257,0.10093
400.0,4.6202e-05,0.00019974,0.00072802,0.0024632,0.0065699,0.014764,0.029447,0.052121,0.066719,0.077044,0.088331
450.0,3.9488e-05,0.00017211,0.00063277,0.0021130,0.0056811,0.012830,0.025721,0.045793,0.058425,0.067669,0.077775
500.0,3.4042e-05,0.00014932,0.00055280,0.0018224,0.0049501,0.011215,0.022622,0.040386,0.051545,0.059837,0.068947
600.0,2.5730e-05,0.00011407,0.00042645,0.0014044,0.0038145,0.0087364,0.017774,0.031739,0.040772,0.047498,0.054919
700.0,1.9929e-05,8.8617e-05,0.00033537,0.0011011,0.0030037,0.0069265,0.014226,0.025333,0.032716,0.038241,0.044400
800.0,1.5601e-05,7.0006e-05,0.00026633,0.00088116,0.0023729,0.0055597,0.011505,0.020429,0.026501,0.031175,0.036197
1000.0,9.8979e-06,4.4686e-05,0.00017165,0.00057482,0.0015686,0.0036602,0.0075197,0.013543,0.017706,0.020848,0.024347
1200.0,6.4556e-06,2.9245e-05,0.00011315,0.00038286,0.0010575,0.0024675,0.0050494,0.0091745,0.012062,0.014238,0.016667
1500.0,3.4542e-06,1.5592e-05,6.0669e-05,0.00020581,0.00057715,0.0013655,0.0028283,0.0051613,0.0068353,0.0081013,0.0096313
SA1P0
r\m,4.0,4.5,5.0,5.5,6.0,6.5,7.0,7.5,7.8,8.0,8.2
0.0,0.012619,0.036655,0.089669,0.18794,0.32484,0.48815,0.65953,0.78126,0.82888,0.84979,0.86901
1.0,0.010060,0.030957,0.079038,0.17077,0.30162,0.46011,0.62690,0.75935,0.80566,0.82542,0.84220
5.0,0.0037963,0.013665,0.041298,0.10448,0.20839,0.34440,0.49355,0.62956,0.67714,0.70016,0.71953
10.0,0.0017944,0.0067120,0.021576,0.059238,0.13185,0.24225,0.38164,0.52246,0.56181,0.58909,0.60549
15.0,0.0010613,0.0040685,0.013502,0.038554,0.090515,0.17774,0.29746,0.42890,0.48775,0.51012,0.53349
20.0,0.00071073,0.0027850,0.0094563,0.027716,0.066990,0.13776,0.23920,0.35765,0.42029,0.45325,0.47568
25.0,0.00051071,0.0020358,0.0070543,0.021117,0.052131,0.11052,0.19774,0.30443,0.36331,0.40149,0.42976
30.0,0.00039078,0.0015770,0.0055398,0.016821,0.042113,0.091311,0.16736,0.26399,0.31913,0.35560,0.39283
40.0,0.00025678,0.0010570,0.0037864,0.011744,0.030254,0.066959,0.12699,0.20782,0.25657,0.29167,0.32880
50.0,0.00018570,0.00077550,0.0028151,0.0088667,0.023346,0.052294,0.10185,0.17306,0.21826,0.24820,0.27984
60.0,0.00014949,0.00063088,0.0023117,0.0073556,0.019690,0.044448,0.087738,0.15261,0.19114,0.21841,0.24743
70.0,0.00013183,0.00055966,0.0020609,0.0065947,0.017874,0.040576,0.081673,0.14097,0.17764,0.20392,0.23211
80.0,0.00012219,0.00052130,0.0019276,0.0061998,0.016976,0.038695,0.078176,0.13467,0.16999,0.19537,0.22263
90.0,0.00011409,0.00048877,0.0018141,0.0058940,0.016200,0.037391,0.074734,0.12917,0.16328,0.18783,0.21424
100.0,0.00010717,0.00046079,0.0017158,0.0056249,0.015513,0.035999,0.071685,0.12428,0.15728,0.18109,0.20674
110.0,0.00010114,0.00043634,0.0016295,0.0053827,0.014885,0.034517,0.068841,0.11961,0.15151,0.17453,0.19936
120.0,9.5805e-05,0.00041456,0.0015524,0.0051634,0.014433,0.033180,0.066261,0.11538,0.14626,0.16857,0.19266
130.0,8.9876e-05,0.00039025,0.0014660,0.0049100,0.013743,0.031654,0.063326,0.11048,0.14017,0.16165,0.18486
140.0,8.4041e-05,0.00036614,0.0013798,0.0046500,0.013021,0.030079,0.060298,0.10539,0.13390,0.15455,0.17688
150.0,7.8683e-05,0.00034385,0.0012996,0.0044090,0.012341,0.028587,0.057423,0.10056,0.12793,0.14778,0.16929
175.0,6.7236e-05,0.00029582,0.0011253,0.0038652,0.010827,0.025226,0.050959,0.089709,0.11446,0.13249,0.15207
200.0,5.8511e-05,0.00025877,0.00098916,0.0034183,0.0096116,0.022488,0.045657,0.080763,0.10343,0.12002,0.13809
250.0,4.5646e-05,0.00020409,0.00078811,0.0027476,0.0077780,0.018292,0.037454,0.066991,0.086322,0.10057,0.11618
300.0,3.6909e-05,0.00016650,0.00064852,0.0023090,0.0065669,0.015494,0.031930,0.057591,0.074521,0.087058,0.099948
350.0,3.0615e-05,0.00013910,0.00054520,0.0019757,0.0056387,0.013354,0.027680,0.050247,0.065260,0.075844,0.087320
400.0,2.5873e-05,0.00011823,0.00046564,0.0017127,0.0049036,0.011657,0.024278,0.044336,0.057462,0.066835,0.077136
450.0,2.2362e-05,0.00010309,0.00040963,0.0014871,0.0042901,0.010242,0.021431,0.039346,0.050820,0.059271,0.068573
500.0,1.9498e-05,9.0520e-05,0.00036222,0.0012983,0.0037821,0.0090562,0.019051,0.035061,0.045296,0.052947,0.061407
600.0,1.5189e-05,7.1200e-05,0.00028789,0.0010297,0.0029936,0.0072305,0.015324,0.028181,0.036632,0.042975,0.050019
700.0,1.2030e-05,5.6731e-05,0.00023162,0.00082594,0.0024096,0.0058608,0.012531,0.022980,0.030020,0.035332,0.041314
800.0,9.6652e-06,4.5880e-05,0.00018850,0.00067705,0.0019496,0.0048141,0.010357,0.018952,0.024869,0.029463,0.034486
1000.0,6.4434e-06,3.0794e-05,0.00012769,0.00046372,0.0013524,0.0033236,0.0071022,0.013174,0.017431,0.020658,0.024286
1200.0,4.4357e-06,2.1265e-05,8.8624e-05,0.00032485,0.00095775,0.0023528,0.0050070,0.0093753,0.012446,0.014783,0.017450
1500.0,2.5763e-06,1.2297e-05,5.1379e-05,0.00018848,0.00056358,0.0014045,0.0030234,0.0056796,0.0075779,0.0090448,0.010792
SA1P5
r\m,4.0,4.5,5.0,5.5,6.0,6.5,7.0,7.5,7.8,8.0,8.2
0.0,0.0049151,0.014609,0.038107,0.087483,0.16749,0.27855,0.41240,0.52793,0.58191,0.60997,0.63691
1.0,0.0039219,0.012360,0.033660,0.079654,0.15578,0.26282,0.39233,0.51339,0.56582,0.59265,0.61733
5.0,0.0014731,0.0054389,0.017568,0.048778,0.10783,0.19711,0.30939,0.42616,0.47596,0.50309,0.52761
10.0,0.00069471,0.0026675,0.0091695,0.027644,0.068309,0.13904,0.23959,0.35367,0.39487,0.42327,0.44392
15.0,0.00041136,0.0016192,0.0057476,0.018021,0.046968,0.10216,0.18695,0.29051,0.34279,0.36652,0.39105
20.0,0.00027582,0.0011099,0.0040321,0.012976,0.034806,0.079254,0.15045,0.24242,0.29550,0.32568,0.34870
25.0,0.00019835,0.00081224,0.0030124,0.0099030,0.027126,0.063636,0.12449,0.20649,0.25559,0.28860,0.31510
30.0,0.00015191,0.00062991,0.0023689,0.0078991,0.021939,0.052608,0.10544,0.17920,0.22466,0.25577,0.28810
40.0,9.9986e-05,0.00042315,0.0016235,0.0055302,0.015795,0.038632,0.080120,0.14128,0.18086,0.21002,0.24139
50.0,7.2437e-05,0.00031114,0.0012101,0.0041861,0.012214,0.030215,0.064354,0.11782,0.15405,0.17896,0.20573
60.0,5.8412e-05,0.00025366,0.00099617,0.0034809,0.010321,0.025717,0.055501,0.10399,0.13502,0.15761,0.18204
70.0,5.1662e-05,0.00022579,0.00089138,0.0031323,0.0094008,0.023545,0.051789,0.096275,0.12574,0.14744,0.17108
80.0,4.8057e-05,0.00021118,0.00083747,0.0029580,0.0089670,0.022539,0.049733,0.092226,0.12062,0.14157,0.16444
90.0,4.5016e-05,0.00019873,0.00079133,0.0028239,0.0085902,0.021855,0.047689,0.088689,0.11612,0.13640,0.15855
100.0,4.2412e-05,0.00018802,0.00075133,0.0027057,0.0082572,0.021112,0.045879,0.085544,0.11211,0.13178,0.15330
110.0,4.0146e-05,0.00017865,0.00071620,0.0025995,0.0079532,0.020316,0.044203,0.082576,0.10829,0.12733,0.14819
120.0,3.8136e-05,0.00017030,0.00068474,0.0025031,0.0077408,0.019598,0.042682,0.079881,0.10481,0.12329,0.14355
130.0,3.5865e-05,0.00016078,0.00064877,0.0023886,0.0073963,0.018757,0.040912,0.076689,0.10069,0.11850,0.13803
140.0,3.3608e-05,0.00015124,0.00061235,0.0022690,0.0070285,0.017874,0.039058,0.073331,0.096392,0.11352,0.13233
150.0,3.1532e-05,0.00014239,0.00057839,0.0021579,0.0066809,0.017035,0.037291,0.070133,0.092292,0.10878,0.12690
175.0,2.7082e-05,0.00012326,0.00050429,0.0019058,0.0059042,0.015137,0.033305,0.062923,0.083015,0.098014,0.11454
200.0,2.3690e-05,0.00010849,0.00044638,0.0016979,0.0052799,0.013587,0.030028,0.056967,0.075412,0.089239,0.10452
250.0,1.8672e-05,8.6618e-05,0.00036056,0.0013849,0.0043342,0.011202,0.024939,0.047792,0.063619,0.075556,0.088822
300.0,1.5249e-05,7.1513e-05,0.00030065,0.0011805,0.0037103,0.0096120,0.021514,0.041539,0.055496,0.066067,0.077180
350.0,1.2775e-05,6.0443e-05,0.00025603,0.0010242,0.0032292,0.0083895,0.018870,0.036639,0.049107,0.058151,0.068111
400.0,1.0905e-05,5.1977e-05,0.00022147,0.00090011,0.0028459,0.0074163,0.016748,0.032686,0.043702,0.051782,0.060789
450.0,9.5254e-06,4.5869e-05,0.00019733,0.00079202,0.0025225,0.0065977,0.014961,0.029334,0.039077,0.046413,0.054614
500.0,8.3940e-06,4.0761e-05,0.00017672,0.00070058,0.0022528,0.0059084,0.013458,0.026440,0.035222,0.041926,0.049451
600.0,6.7306e-06,3.3010e-05,0.00014488,0.00057308,0.0018361,0.0048470,0.011108,0.021785,0.029187,0.034869,0.041277
700.0,5.4420e-06,2.6972e-05,0.00011934,0.00047098,0.0015137,0.0040258,0.0093021,0.018190,0.024484,0.029341,0.034911
800.0,4.4806e-06,2.2322e-05,9.9596e-05,0.00039609,0.0012569,0.0033917,0.0078769,0.015382,0.020797,0.025093,0.029922
1000.0,3.1290e-06,1.5743e-05,7.0999e-05,0.00028568,0.00091868,0.0024677,0.0056985,0.011282,0.015392,0.018570,0.022212
1200.0,2.2677e-06,1.1468e-05,5.1971e-05,0.00021115,0.00068649,0.0018446,0.0042459,0.0084996,0.011610,0.014038,0.016902
1500.0,1.4250e-06,7.1952e-06,3.2664e-05,0.00013298,0.00043893,0.0012000,0.0027979,0.0056250,0.0077089,0.0093848,0.011362
SA2P0
r\m,4.0,4.5,5.0,5.5,6.0,6.5,7.0,7.5,7.8,8.0,8.2
0.0,0.0025279,0.0075074,0.020110,0.048464,0.098805,0.17617,0.27955,0.38150,0.43498,0.46536,0.49535
1.0,0.0020180,0.0063572,0.017782,0.044174,0.091973,0.16631,0.26606,0.37111,0.42305,0.45223,0.48018
5.0,0.00075635,0.0027935,0.0092778,0.027070,0.063738,0.12489,0.21005,0.30832,0.35609,0.38411,0.41055
10.0,0.00035632,0.0013694,0.0048415,0.015342,0.040418,0.088249,0.16284,0.25596,0.29550,0.32326,0.34549
15.0,0.00021112,0.00083192,0.0030379,0.010013,0.027822,0.064912,0.12718,0.21038,0.25660,0.28000,0.30440
20.0,0.00014166,0.00057076,0.0021334,0.0072174,0.020638,0.050395,0.10242,0.17567,0.22130,0.24887,0.27151
25.0,0.00010192,0.00041796,0.0015955,0.0055145,0.016101,0.040495,0.084808,0.14973,0.19153,0.22064,0.24544
30.0,7.8093e-05,0.00032437,0.0012558,0.0044029,0.013034,0.033499,0.071886,0.13003,0.16845,0.19565,0.22449
40.0,5.1450e-05,0.00021820,0.00086213,0.0030883,0.0093995,0.024633,0.054695,0.10265,0.13576,0.16082,0.18828
50.0,3.7311e-05,0.00016067,0.00064373,0.0023420,0.0072805,0.019292,0.043992,0.085716,0.11577,0.13720,0.16065
60.0,3.0115e-05,0.00013116,0.00053076,0.0019507,0.0061619,0.016441,0.037983,0.075722,0.10157,0.12093,0.14226
70.0,2.6676e-05,0.00011697,0.00047596,0.0017594,0.0056248,0.015083,0.035505,0.070219,0.094728,0.11329,0.13387
80.0,2.4860e-05,0.00010964,0.00044832,0.0016660,0.0053794,0.014474,0.034169,0.067392,0.091020,0.10895,0.12886
90.0,2.3325e-05,0.00010339,0.00042461,0.0015944,0.0051660,0.014066,0.032832,0.064921,0.087764,0.10512,0.12442
100.0,2.2010e-05,9.8009e-05,0.00040404,0.0015314,0.0049774,0.013617,0.031648,0.062725,0.084861,0.10170,0.12045
110.0,2.0865e-05,9.3299e-05,0.00038598,0.0014748,0.0048056,0.013135,0.030556,0.060664,0.082111,0.098433,0.11662
120.0,1.9849e-05,8.9094e-05,0.00036979,0.0014233,0.0046881,0.012698,0.029565,0.058792,0.079609,0.095461,0.11314
130.0,1.8690e-05,8.4254e-05,0.00035102,0.0013611,0.0044890,0.012178,0.028392,0.056540,0.076602,0.091888,0.10894
140.0,1.7533e-05,7.9363e-05,0.00033188,0.0012953,0.0042740,0.011627,0.027153,0.054149,0.073437,0.088151,0.10458
150.0,1.6467e-05,7.4824e-05,0.00031399,0.0012342,0.0040702,0.011101,0.025969,0.051868,0.070413,0.084581,0.10042
175.0,1.4178e-05,6.4986e-05,0.00027487,0.0010949,0.0036137,0.0099086,0.023290,0.046711,0.063557,0.076465,0.090929
200.0,1.2433e-05,5.7391e-05,0.00024427,0.00097980,0.0032461,0.0089331,0.021084,0.042444,0.057933,0.069846,0.083236
250.0,9.8464e-06,4.6115e-05,0.00019883,0.00080603,0.0026880,0.0074274,0.017648,0.035866,0.049206,0.059522,0.071175
300.0,8.0778e-06,3.8304e-05,0.00016700,0.00069268,0.0023201,0.0064235,0.015337,0.031385,0.043201,0.052372,0.062225
350.0,6.7967e-06,3.2562e-05,0.00014320,0.00060568,0.0020352,0.0056493,0.013548,0.027868,0.038469,0.046383,0.055246
400.0,5.8272e-06,2.8161e-05,0.00012470,0.00053636,0.0018075,0.0050311,0.012110,0.025025,0.034452,0.041559,0.049606
450.0,5.1129e-06,2.4994e-05,0.00011184,0.00047537,0.0016139,0.0045080,0.010893,0.022606,0.031004,0.037481,0.044840
500.0,4.5256e-06,2.2336e-05,0.00010081,0.00042347,0.0014518,0.0040663,0.0098661,0.020511,0.028127,0.034075,0.040859
600.0,3.6746e-06,1.8338e-05,8.3929e-05,0.00035203,0.0012021,0.0033865,0.0082629,0.017138,0.023629,0.028731,0.034577
700.0,2.9956e-06,1.5156e-05,6.9928e-05,0.00029296,0.0010039,0.0028507,0.0070115,0.014501,0.020083,0.024493,0.029637
800.0,2.4912e-06,1.2671e-05,5.9068e-05,0.00024960,0.00084503,0.0024348,0.0060168,0.012434,0.017298,0.021246,0.025779
1000.0,1.7718e-06,9.1316e-06,4.3132e-05,0.00018471,0.00063459,0.0018217,0.0044817,0.0093947,0.013197,0.016206,0.019714
1200.0,1.3108e-06,6.8090e-06,3.2362e-05,0.00014017,0.00048743,0.0014016,0.0034413,0.0073062,0.010267,0.012638,0.015502
1500.0,8.4979e-07,4.4250e-06,2.1106e-05,9.1861e-05,0.00032510,0.00095430,0.0023789,0.0050828,0.0071640,0.0088933,0.010941
SA3P0
r\m,4.0,4.5,5.0,5.5,6.0,6.5,7.0,7.5,7.8,8.0,8.2
0.0,0.0010090,0.0029631,0.0081146,0.020590,0.045202,0.088058,0.15357,0.22994,0.27605,0.30498,0.33473
1.0,0.00080583,0.0025114,0.0071831,0.018788,0.042115,0.083183,0.14625,0.22377,0.26856,0.29646,0.32454
5.0,0.00030142,0.0011023,0.0037476,0.011525,0.029231,0.062567,0.11562,0.18613,0.22628,0.25203,0.27768
10.0,0.00014188,0.00054018,0.0019559,0.0065352,0.018562,0.044308,0.089777,0.15465,0.18792,0.21225,0.23382
15.0,8.4125e-05,0.00032851,0.0012289,0.0042713,0.012797,0.032642,0.070212,0.12724,0.16329,0.18398,0.20612
20.0,5.6488e-05,0.00022562,0.00086415,0.0030833,0.0095060,0.025373,0.056613,0.10637,0.14096,0.16364,0.18398
25.0,4.0663e-05,0.00016536,0.00064703,0.0023592,0.0074273,0.020413,0.046935,0.090762,0.12212,0.14521,0.16644
30.0,3.1175e-05,0.00012844,0.00050986,0.0018862,0.0060203,0.016905,0.039830,0.078907,0.10751,0.12888,0.15235
40.0,2.0561e-05,8.6547e-05,0.00035083,0.0013264,0.0043524,0.012459,0.030372,0.062424,0.086824,0.10614,0.12800
50.0,1.4927e-05,6.3835e-05,0.00026252,0.0010083,0.0033793,0.0097788,0.024482,0.052237,0.074180,0.090715,0.10941
60.0,1.2060e-05,5.2192e-05,0.00021690,0.00084180,0.0028666,0.0083513,0.021180,0.046228,0.065188,0.080087,0.097033
70.0,1.0700e-05,4.6647e-05,0.00019501,0.00076138,0.0026243,0.0076828,0.019849,0.042970,0.060932,0.075180,0.091494
80.0,9.9899e-06,4.3831e-05,0.00018422,0.00072330,0.0025181,0.0073956,0.019157,0.041345,0.058684,0.072458,0.088249
90.0,9.3882e-06,4.1423e-05,0.00017494,0.00069430,0.0024256,0.0072080,0.018457,0.039926,0.056710,0.070058,0.085375
100.0,8.8727e-06,3.9349e-05,0.00016690,0.00066877,0.0023439,0.0069983,0.017839,0.038668,0.054954,0.067920,0.082814
110.0,8.4234e-06,3.7534e-05,0.00015983,0.00064586,0.0022697,0.0067699,0.017271,0.037492,0.053298,0.065884,0.080348
120.0,8.0243e-06,3.5911e-05,0.00015348,0.00062503,0.0022205,0.0065633,0.016756,0.036424,0.051792,0.064033,0.078110
130.0,7.5650e-06,3.4020e-05,0.00014602,0.00059921,0.0021319,0.0063114,0.016132,0.035110,0.049943,0.061762,0.075359
140.0,7.1037e-06,3.2094e-05,0.00013832,0.00057158,0.0020347,0.0060403,0.015464,0.033698,0.047975,0.059363,0.072473
150.0,6.6783e-06,3.0303e-05,0.00013112,0.00054579,0.0019423,0.0057812,0.014824,0.032346,0.046090,0.057066,0.069713
175.0,5.7632e-06,2.6413e-05,0.00011531,0.00048686,0.0017345,0.0051901,0.013368,0.029279,0.041801,0.051825,0.063398
200.0,5.0651e-06,2.3406e-05,0.00010293,0.00043794,0.0015667,0.0047054,0.012167,0.026735,0.038278,0.047549,0.058281
250.0,4.0276e-06,1.8928e-05,8.4490e-05,0.00036385,0.0013111,0.0039537,0.010287,0.022805,0.032803,0.040869,0.050248
300.0,3.3160e-06,1.5814e-05,7.1512e-05,0.00031558,0.0011427,0.0034527,0.0090234,0.020131,0.029040,0.036249,0.044275
350.0,2.7991e-06,1.3515e-05,6.1757e-05,0.00027831,0.0010116,0.0030643,0.0080413,0.018025,0.026065,0.032355,0.039608
400.0,2.4071e-06,1.1748e-05,5.4139e-05,0.00024847,0.00090619,0.0027529,0.0072493,0.016316,0.023526,0.029210,0.035829
450.0,2.1184e-06,1.0478e-05,4.8867e-05,0.00022189,0.00081575,0.0024870,0.0065741,0.014855,0.021334,0.026541,0.032627
500.0,1.8804e-06,9.4073e-06,4.4316e-05,0.00019910,0.00073954,0.0022617,0.0060017,0.013583,0.019502,0.024311,0.029952
600.0,1.5405e-06,7.8112e-06,3.7426e-05,0.00016818,0.00062255,0.0019146,0.0051088,0.011531,0.016642,0.020822,0.025748
700.0,1.2611e-06,6.5117e-06,3.1490e-05,0.00014164,0.00052673,0.0016348,0.0043983,0.0099021,0.014354,0.018014,0.022404
800.0,1.0547e-06,5.4823e-06,2.6867e-05,0.00012212,0.00044939,0.0014161,0.0038284,0.0086206,0.012555,0.015871,0.019809
1000.0,7.5660e-07,4.0079e-06,1.9992e-05,9.2442e-05,0.00034624,0.0010896,0.0029392,0.0067227,0.0098972,0.012512,0.015652
1200.0,5.6520e-07,3.0332e-06,1.5280e-05,7.1714e-05,0.00027270,0.00086206,0.0023269,0.0054058,0.0079589,0.010092,0.012759
1500.0,3.7119e-07,2.0124e-06,1.0226e-05,4.8524e-05,0.00018878,0.00061288,0.0016875,0.0039629,0.0058572,0.0075097,0.0095025
SA4P0
r\m,4.0,4.5,5.0,5.5,6.0,6.5,7.0,7.5,7.8,8.0,8.2
0.0,0.00053493,0.0015570,0.0043109,0.011265,0.025863,0.053285,0.098891,0.15779,0.19650,0.22221,0.24943
1.0,0.00042732,0.0013203,0.0038181,0.010285,0.024109,0.050354,0.094206,0.15359,0.19121,0.21605,0.24187
5.0,0.00015970,0.00057923,0.0019923,0.0063136,0.016750,0.037913,0.074554,0.12787,0.16122,0.18380,0.20707
10.0,7.5141e-05,0.00028385,0.0010401,0.0035819,0.010647,0.026886,0.057951,0.10632,0.13398,0.15489,0.17447
15.0,4.4573e-05,0.00017274,0.00065402,0.0023433,0.0073479,0.019828,0.045367,0.087550,0.11650,0.13434,0.15389
20.0,2.9942e-05,0.00011871,0.00046028,0.0016931,0.0054634,0.015427,0.036613,0.073248,0.10064,0.11957,0.13745
25.0,2.1561e-05,8.7049e-05,0.00034490,0.0012968,0.0042729,0.012423,0.030382,0.062556,0.087262,0.10618,0.12442
30.0,1.6535e-05,6.7651e-05,0.00027199,0.0010376,0.0034667,0.010297,0.025805,0.054431,0.076884,0.094310,0.11396
40.0,1.0912e-05,4.5632e-05,0.00018742,0.00073091,0.0025106,0.0076010,0.019711,0.043132,0.062185,0.077779,0.095876
50.0,7.9266e-06,3.3691e-05,0.00014044,0.00055653,0.0019525,0.0059756,0.015915,0.036150,0.053208,0.066575,0.082070
60.0,6.4079e-06,2.7572e-05,0.00011618,0.00046533,0.0016590,0.0051113,0.013789,0.032037,0.046823,0.058851,0.072875
70.0,5.6896e-06,2.4672e-05,0.00010462,0.00042162,0.0015216,0.0047109,0.012945,0.029829,0.043834,0.055329,0.068815
80.0,5.3168e-06,2.3213e-05,9.8992e-05,0.00040130,0.0014629,0.0045439,0.012518,0.028752,0.042286,0.053408,0.066471
90.0,5.0006e-06,2.1964e-05,9.4151e-05,0.00038590,0.0014119,0.0044371,0.012083,0.027812,0.040928,0.051715,0.064396
100.0,4.7295e-06,2.0888e-05,8.9953e-05,0.00037235,0.0013669,0.0043159,0.011699,0.026979,0.039720,0.050209,0.062549
110.0,4.4931e-06,1.9946e-05,8.6264e-05,0.00036020,0.0013260,0.0041828,0.011347,0.026202,0.038584,0.048778,0.060775
120.0,4.2830e-06,1.9104e-05,8.2953e-05,0.00034915,0.0012995,0.0040624,0.011027,0.025498,0.037551,0.047478,0.059165
130.0,4.0401e-06,1.8114e-05,7.9014e-05,0.00033523,0.0012498,0.0039132,0.010635,0.024616,0.036264,0.045857,0.057157
140.0,3.7954e-06,1.7103e-05,7.4937e-05,0.00032022,0.0011946,0.0037510,0.010210,0.023660,0.034883,0.044135,0.055038
150.0,3.5696e-06,1.6161e-05,7.1111e-05,0.00030618,0.0011420,0.0035956,0.0098020,0.022744,0.033558,0.042482,0.053007
175.0,3.0834e-06,1.4112e-05,6.2701e-05,0.00027400,0.0010235,0.0032400,0.0088720,0.020658,0.030534,0.038700,0.048350
200.0,2.7122e-06,1.2527e-05,5.6106e-05,0.00024722,0.00092762,0.0029477,0.0081025,0.018924,0.028047,0.035613,0.044575
250.0,2.1596e-06,1.0161e-05,4.6262e-05,0.00020656,0.00078116,0.0024931,0.0068950,0.016242,0.024176,0.030784,0.038642
300.0,1.7798e-06,8.5110e-06,3.9310e-05,0.00018006,0.00068471,0.0021900,0.0060833,0.014418,0.021519,0.027447,0.034223
350.0,1.5033e-06,7.2899e-06,3.4066e-05,0.00015953,0.00060926,0.0019542,0.0054505,0.012977,0.019411,0.024619,0.030763
400.0,1.2933e-06,6.3481e-06,2.9956e-05,0.00014302,0.00054838,0.0017644,0.0049385,0.011804,0.017604,0.022331,0.027956
450.0,1.1385e-06,5.6714e-06,2.7115e-05,0.00012820,0.00049580,0.0016014,0.0044999,0.010798,0.016037,0.020382,0.025572
500.0,1.0107e-06,5.0991e-06,2.4652e-05,0.00011543,0.00045130,0.0014628,0.0041266,0.0099174,0.014726,0.018753,0.023579
600.0,8.2913e-07,4.2487e-06,2.0939e-05,9.8218e-05,0.00038302,0.0012489,0.0035438,0.0084944,0.012679,0.016206,0.020453
700.0,6.7791e-07,3.5482e-06,1.7673e-05,8.3124e-05,0.00032604,0.0010740,0.0030743,0.0073535,0.011025,0.014136,0.017947
800.0,5.6643e-07,2.9891e-06,1.5122e-05,7.1996e-05,0.00027980,0.00093663,0.0026953,0.0064531,0.0097227,0.012560,0.016011
1000.0,4.0470e-07,2.1862e-06,1.1301e-05,5.4911e-05,0.00021781,0.00072973,0.0020996,0.0051138,0.0077961,0.010075,0.012875
1200.0,3.0091e-07,1.6539e-06,8.6631e-06,4.2865e-05,0.00017311,0.00058413,0.0016857,0.0041802,0.0063756,0.0082699,0.010696
1500.0,1.9568e-07,1.0936e-06,5.8077e-06,2.9212e-05,0.00012127,0.00042238,0.0012487,0.0031427,0.0048187,0.0063328,0.0081949
SA5P0
r\m,4.0,4.5,5.0,5.5,6.0,6.5,7.0,7.5,7.8,8.0,8.2
0.0,0.00032818,0.00094998,0.0026517,0.0070779,0.016784,0.036020,0.069997,0.11715,0.15003,0.17274,0.19730
1.0,0.00026219,0.00080575,0.0023494,0.0064647,0.015651,0.034048,0.066697,0.11405,0.14602,0.16797,0.19135
5.0,9.7939e-05,0.00035343,0.0012261,0.0039704,0.010881,0.025655,0.052822,0.095016,0.12319,0.14298,0.16390
10.0,4.6075e-05,0.00017321,0.00064027,0.0022535,0.0069217,0.018212,0.041093,0.079050,0.10243,0.12056,0.13816
15.0,2.7339e-05,0.00010545,0.00040287,0.0014753,0.0047807,0.013442,0.032194,0.065141,0.089121,0.10462,0.12193
20.0,1.8370e-05,7.2501e-05,0.00028369,0.0010667,0.0035571,0.010466,0.026001,0.054537,0.077037,0.093174,0.10896
25.0,1.3231e-05,5.3186e-05,0.00021270,0.00081754,0.0027841,0.0084332,0.021591,0.046608,0.066836,0.082783,0.098689
30.0,1.0149e-05,4.1350e-05,0.00016782,0.00065459,0.0022603,0.0069945,0.018351,0.040581,0.058925,0.073575,0.090439
40.0,6.7004e-06,2.7911e-05,0.00011576,0.00046167,0.0016391,0.0051702,0.014036,0.032199,0.047718,0.060750,0.076173
50.0,4.8690e-06,2.0622e-05,8.6825e-05,0.00035193,0.0012764,0.0040697,0.011347,0.027021,0.040878,0.052059,0.065278
60.0,3.9375e-06,1.6888e-05,7.1894e-05,0.00029459,0.0010858,0.0034853,0.0098439,0.023974,0.036011,0.046069,0.058022
70.0,3.4978e-06,1.5123e-05,6.4807e-05,0.00026725,0.00099719,0.0032167,0.0092537,0.022350,0.033754,0.043362,0.054851
80.0,3.2703e-06,1.4241e-05,6.1392e-05,0.00025471,0.00096012,0.0031072,0.0089609,0.021571,0.032602,0.041906,0.053042
90.0,3.0773e-06,1.3485e-05,5.8450e-05,0.00024524,0.00092788,0.0030383,0.0086612,0.020892,0.031592,0.040624,0.051443
100.0,2.9117e-06,1.2834e-05,5.5899e-05,0.00023691,0.00089945,0.0029593,0.0083967,0.020291,0.030696,0.039484,0.050020
110.0,2.7673e-06,1.2264e-05,5.3658e-05,0.00022945,0.00087369,0.0028719,0.0081547,0.019732,0.029853,0.038402,0.048653
120.0,2.6388e-06,1.1753e-05,5.1644e-05,0.00022265,0.00085730,0.0027928,0.0079352,0.019225,0.029087,0.037419,0.047414
130.0,2.4899e-06,1.1151e-05,4.9233e-05,0.00021400,0.00082543,0.0026935,0.0076619,0.018581,0.028121,0.036180,0.045852
140.0,2.3397e-06,1.0534e-05,4.6728e-05,0.00020461,0.00078984,0.0025848,0.0073643,0.017879,0.027078,0.034856,0.044194
150.0,2.2009e-06,9.9586e-06,4.4374e-05,0.00019582,0.00075588,0.0024805,0.0070780,0.017205,0.026076,0.033583,0.042603
175.0,1.9020e-06,8.7055e-06,3.9193e-05,0.00017562,0.00067910,0.0022411,0.0064235,0.015667,0.023784,0.030666,0.038947
200.0,1.6735e-06,7.7354e-06,3.5127e-05,0.00015878,0.00061696,0.0020440,0.0058810,0.014387,0.021897,0.028282,0.035984
250.0,1.3331e-06,6.2853e-06,2.9045e-05,0.00013316,0.00052178,0.0017367,0.0050277,0.012403,0.018956,0.024549,0.031320
300.0,1.0987e-06,5.2713e-06,2.4738e-05,0.00011646,0.00045909,0.0015317,0.0044540,0.011054,0.016938,0.021971,0.027842
350.0,9.2782e-07,4.5192e-06,2.1480e-05,0.00010347,0.00040988,0.0013718,0.0040055,0.0099851,0.015334,0.019777,0.025113
400.0,7.9783e-07,3.9380e-06,1.8919e-05,9.2993e-05,0.00037003,0.0012426,0.0036418,0.0091140,0.013952,0.017998,0.022896
450.0,7.0189e-07,3.5197e-06,1.7148e-05,8.3538e-05,0.00033544,0.0011312,0.0033288,0.0083631,0.012751,0.016478,0.021008
500.0,6.2257e-07,3.1653e-06,1.5608e-05,7.5357e-05,0.00030607,0.0010361,0.0030616,0.0077044,0.011743,0.015207,0.019429
600.0,5.1014e-07,2.6389e-06,1.3289e-05,6.4361e-05,0.00026096,0.00088925,0.0026438,0.0066369,0.010170,0.013219,0.016954
700.0,4.1586e-07,2.2023e-06,1.1223e-05,5.4582e-05,0.00022283,0.00076779,0.0023041,0.0057745,0.0088889,0.011591,0.014959
800.0,3.4643e-07,1.8523e-06,9.6050e-06,4.7351e-05,0.00019176,0.00067199,0.0020283,0.0050919,0.0078791,0.010354,0.013421
1000.0,2.4552e-07,1.3489e-06,7.1698e-06,3.6174e-05,0.00014988,0.00052673,0.0015926,0.0040729,0.0063825,0.0083942,0.010911
1200.0,1.8085e-07,1.0146e-06,5.4814e-06,2.8243e-05,0.00011944,0.00042373,0.0012877,0.0033599,0.0052708,0.0069622,0.0091694
1500.0,1.1559e-07,6.6314e-07,3.6488e-06,1.9202e-05,8.3832e-05,0.00030829,0.00096337,0.0025604,0.0040444,0.0054219,0.0071463
SA7P5
r\m,4.0,4.5,5.0,5.5,6.0,6.5,7.0,7.5,7.8,8.0,8.2
0.0,0.00013498,0.00038882,0.0011042,0.0030625,0.0076860,0.017708,0.037280,0.067840,0.091290,0.10853,0.12789
1.0,0.00010786,0.00032992,0.00097878,0.0027987,0.0071705,0.016745,0.035536,0.066070,0.088874,0.10557,0.12406
5.0,4.0268e-05,0.00014470,0.00051104,0.0017204,0.0049913,0.012633,0.028178,0.055104,0.075059,0.089950,0.10636
10.0,1.8942e-05,7.0935e-05,0.00026701,0.00097734,0.0031791,0.0089829,0.021953,0.045899,0.062482,0.075928,0.089754
15.0,1.1244e-05,4.3216e-05,0.00016817,0.00064060,0.0021987,0.0066393,0.017223,0.037870,0.054422,0.065963,0.079288
20.0,7.5582e-06,2.9733e-05,0.00011854,0.00046371,0.0016380,0.0051759,0.013928,0.031745,0.047097,0.058806,0.070926
25.0,5.4455e-06,2.1825e-05,8.8957e-05,0.00035580,0.0012837,0.0041760,0.011580,0.027163,0.040909,0.052306,0.064306
30.0,4.1784e-06,1.6979e-05,7.0250e-05,0.00028520,0.0010434,0.0034677,0.0098547,0.023679,0.036108,0.046539,0.058990
40.0,2.7603e-06,1.1474e-05,4.8540e-05,0.00020156,0.00075837,0.0025692,0.0075555,0.018832,0.029306,0.038510,0.049787
50.0,2.0070e-06,8.4872e-06,3.6467e-05,0.00015396,0.00059185,0.0020270,0.0061225,0.015840,0.025160,0.033070,0.042754
60.0,1.6238e-06,6.9577e-06,3.0242e-05,0.00012912,0.00050452,0.0017397,0.0053229,0.014083,0.022210,0.029322,0.038074
70.0,1.4434e-06,6.2382e-06,2.7307e-05,0.00011738,0.00046441,0.0016094,0.0050155,0.013159,0.020862,0.027657,0.036065
80.0,1.3505e-06,5.8818e-06,2.5913e-05,0.00011210,0.00044819,0.0015584,0.0048684,0.012729,0.020194,0.026784,0.034945
90.0,1.2716e-06,5.5759e-06,2.4711e-05,0.00010815,0.00043410,0.0015273,0.0047164,0.012355,0.019609,0.026016,0.033956
100.0,1.2038e-06,5.3124e-06,2.3668e-05,0.00010468,0.00042169,0.0014909,0.0045824,0.012025,0.019091,0.025335,0.033078
110.0,1.1446e-06,5.0813e-06,2.2752e-05,0.00010156,0.00041046,0.0014500,0.0044602,0.011719,0.018604,0.024689,0.032235
120.0,1.0919e-06,4.8743e-06,2.1929e-05,9.8727e-05,0.00040357,0.0014131,0.0043494,0.011441,0.018163,0.024103,0.031471
130.0,1.0306e-06,4.6284e-06,2.0931e-05,9.5046e-05,0.00038930,0.0013656,0.0042081,0.011080,0.017592,0.023347,0.030487
140.0,9.6867e-07,4.3753e-06,1.9889e-05,9.1013e-05,0.00037317,0.0013130,0.0040525,0.010681,0.016970,0.022531,0.029434
150.0,9.1139e-07,4.1392e-06,1.8908e-05,8.7231e-05,0.00035773,0.0012623,0.0039022,0.010297,0.016370,0.021745,0.028421
175.0,7.8780e-07,3.6237e-06,1.6743e-05,7.8502e-05,0.00032269,0.0011454,0.0035571,0.0094167,0.014993,0.019936,0.026083
200.0,6.9323e-07,3.2239e-06,1.5040e-05,7.1197e-05,0.00029425,0.0010490,0.0032702,0.0086819,0.013858,0.018456,0.024187
250.0,5.5198e-07,2.6243e-06,1.2484e-05,6.0040e-05,0.00025051,0.00089776,0.0028167,0.0075399,0.012083,0.016132,0.021196
300.0,4.5438e-07,2.2032e-06,1.0664e-05,5.2749e-05,0.00022166,0.00079678,0.0025116,0.0067639,0.010865,0.014528,0.018958
350.0,3.8303e-07,1.8895e-06,9.2801e-06,4.7043e-05,0.00019885,0.00071749,0.0022718,0.0061455,0.0098927,0.013152,0.017196
400.0,3.2860e-07,1.6461e-06,8.1863e-06,4.2410e-05,0.00018026,0.00065305,0.0020762,0.0056388,0.0090487,0.012031,0.015760
450.0,2.8830e-07,1.4701e-06,7.4272e-06,3.8190e-05,0.00016398,0.00059698,0.0019065,0.0051990,0.0083096,0.011069,0.014530
500.0,2.5491e-07,1.3205e-06,6.7630e-06,3.4514e-05,0.00015006,0.00054883,0.0017607,0.0048107,0.0076873,0.010261,0.013500
600.0,2.0758e-07,1.0977e-06,5.7610e-06,2.9571e-05,0.00012859,0.00047403,0.0015316,0.0041775,0.0067129,0.0089964,0.011884
700.0,1.6765e-07,9.1141e-07,4.8534e-06,2.5086e-05,0.00011007,0.00041105,0.0013423,0.0036589,0.0059093,0.0079475,0.010568
800.0,1.3827e-07,7.6123e-07,4.1387e-06,2.1743e-05,9.4863e-05,0.00036092,0.0011870,0.0032457,0.0052729,0.0071499,0.0095556
1000.0,9.5628e-08,5.4486e-07,3.0558e-06,1.6523e-05,7.4108e-05,0.00028394,0.00093897,0.0026238,0.0043250,0.0058754,0.0078808
1200.0,6.8467e-08,4.0122e-07,2.3013e-06,1.2781e-05,5.8814e-05,0.00022857,0.00076304,0.0021848,0.0036115,0.0049350,0.0067217
1500.0,4.1571e-08,2.5196e-07,1.4863e-06,8.5126e-06,4.0796e-05,0.00016578,0.00057361,0.0016859,0.0028168,0.0039198,0.0053513
SA10P0
r\m,4.0,4.5,5.0,5.5,6.0,6.5,7.0,7.5,7.8,8.0,8.2
0.0,7.2362e-05,0.00020870,0.00060163,0.0017164,0.0044815,0.010837,0.024085,0.046377,0.064535,0.078415,0.094384
1.0,5.7830e-05,0.00017712,0.00053346,0.0015690,0.0041821,0.010250,0.022964,0.045176,0.062840,0.076286,0.091572
5.0,2.1586e-05,7.7686e-05,0.00027862,0.00096510,0.0029133,0.0077401,0.018224,0.037707,0.053109,0.065045,0.078555
10.0,1.0154e-05,3.8093e-05,0.00014564,0.00054859,0.0018572,0.0055093,0.014212,0.031434,0.044246,0.054948,0.066339
15.0,6.0287e-06,2.3219e-05,9.1789e-05,0.00035986,0.0012856,0.0040757,0.011160,0.025958,0.038568,0.047772,0.058645
20.0,4.0536e-06,1.5981e-05,6.4740e-05,0.00026069,0.00095854,0.0031801,0.0090324,0.021778,0.033404,0.042621,0.052498
25.0,2.9211e-06,1.1736e-05,4.8612e-05,0.00020017,0.00075181,0.0025679,0.0075165,0.018650,0.029038,0.037939,0.047633
30.0,2.2419e-06,9.1335e-06,3.8412e-05,0.00016056,0.00061158,0.0021341,0.0064020,0.016271,0.025650,0.033782,0.043726
40.0,1.4815e-06,6.1771e-06,2.6570e-05,0.00011363,0.00044518,0.0015837,0.0049163,0.012962,0.020850,0.027995,0.036958
50.0,1.0775e-06,4.5722e-06,1.9982e-05,8.6911e-05,0.00034794,0.0012513,0.0039902,0.010919,0.017927,0.024076,0.031781
60.0,8.7207e-07,3.7507e-06,1.6588e-05,7.2978e-05,0.00029701,0.0010755,0.0034742,0.0097217,0.015847,0.021376,0.028339
70.0,7.7545e-07,3.3652e-06,1.4993e-05,6.6424e-05,0.00027379,0.00099649,0.0032785,0.0090973,0.014907,0.020190,0.026880
80.0,7.2580e-07,3.1752e-06,1.4242e-05,6.3521e-05,0.00026461,0.00096640,0.0031873,0.0088134,0.014450,0.019579,0.026079
90.0,6.8355e-07,3.0120e-06,1.3595e-05,6.1356e-05,0.00025665,0.00094852,0.0030923,0.0085667,0.014051,0.019043,0.025373
100.0,6.4726e-07,2.8713e-06,1.3033e-05,5.9453e-05,0.00024964,0.00092720,0.0030088,0.0083493,0.013697,0.018568,0.024748
110.0,6.1557e-07,2.7479e-06,1.2539e-05,5.7749e-05,0.00024330,0.00090303,0.0029326,0.0081474,0.013366,0.018118,0.024147
120.0,5.8732e-07,2.6373e-06,1.2095e-05,5.6196e-05,0.00023951,0.00088120,0.0028636,0.0079647,0.013065,0.017709,0.023603
130.0,5.5441e-07,2.5053e-06,1.1553e-05,5.4155e-05,0.00023131,0.00085263,0.0027742,0.0077229,0.012670,0.017174,0.022891
140.0,5.2109e-07,2.3692e-06,1.0986e-05,5.1904e-05,0.00022197,0.00082077,0.0026748,0.0074539,0.012236,0.016593,0.022124
150.0,4.9028e-07,2.2421e-06,1.0450e-05,4.9790e-05,0.00021300,0.00078998,0.0025787,0.0071941,0.011817,0.016031,0.021385
175.0,4.2374e-07,1.9642e-06,9.2667e-06,4.4899e-05,0.00019261,0.00071880,0.0023572,0.0065974,0.010852,0.014736,0.019676
200.0,3.7276e-07,1.7484e-06,8.3344e-06,4.0794e-05,0.00017602,0.00065988,0.0021727,0.0060980,0.010055,0.013675,0.018288
250.0,2.9651e-07,1.4240e-06,6.9311e-06,3.4506e-05,0.00015044,0.00056722,0.0018799,0.0053202,0.0088061,0.012006,0.016096
300.0,2.4369e-07,1.1954e-06,5.9282e-06,3.0387e-05,0.00013353,0.00050525,0.0016828,0.0047914,0.0079494,0.010854,0.014451
350.0,2.0499e-07,1.0246e-06,5.1620e-06,2.7147e-05,0.00012009,0.00045634,0.0015272,0.0043682,0.0072627,0.0098588,0.013152
400.0,1.7543e-07,8.9157e-07,4.5542e-06,2.4503e-05,0.00010908,0.00041640,0.0013996,0.0040201,0.0066632,0.0090462,0.012090
450.0,1.5346e-07,7.9508e-07,4.1305e-06,2.2080e-05,9.9371e-05,0.00038142,0.0012883,0.0037162,0.0061354,0.0083450,0.011178
500.0,1.3524e-07,7.1276e-07,3.7584e-06,1.9960e-05,9.1030e-05,0.00035124,0.0011922,0.0034465,0.0056897,0.0077554,0.010412
600.0,1.0936e-07,5.8986e-07,3.1947e-06,1.7098e-05,7.8107e-05,0.00030409,0.0010405,0.0030046,0.0049895,0.0068298,0.0092085
700.0,8.7534e-08,4.8672e-07,2.6803e-06,1.4474e-05,6.6825e-05,0.00026393,0.00091367,0.0026391,0.0044067,0.0060552,0.0082211
800.0,7.1477e-08,4.0343e-07,2.2738e-06,1.2506e-05,5.7510e-05,0.00023173,0.00080885,0.0023463,0.0039431,0.0054649,0.0074609
1000.0,4.8276e-08,2.8350e-07,1.6561e-06,9.4136e-06,4.4668e-05,0.00018183,0.00064005,0.0019023,0.0032488,0.0045153,0.0061923
1200.0,3.3616e-08,2.0415e-07,1.2255e-06,7.1869e-06,3.5128e-05,0.00014559,0.00051914,0.0015865,0.0027215,0.0038094,0.0053135
1500.0,1.9414e-08,1.2302e-07,7.6543e-07,4.6640e-06,2.3906e-05,0.00010430,0.00038792,0.0012244,0.0021303,0.0030448,0.0042645
