PGA
r\m,4.0,4.5,5.0,5.5,6.0,6.5,7.0,7.5,7.8,8.0,8.2
0.0,0.11962,0.21534,0.33246,0.45494,0.55333,0.61544,0.70853,0.83274,0.84836,0.84606,0.83307
1.0,0.098470,0.17920,0.27968,0.38645,0.47529,0.53605,0.62403,0.71751,0.73840,0.74155,0.73513
5.0,0.052492,0.099493,0.16321,0.23788,0.31029,0.37069,0.44587,0.50980,0.53448,0.54326,0.54506
10.0,0.030171,0.058747,0.10001,0.15211,0.20621,0.26023,0.30122,0.33084,0.37436,0.38924,0.41195
15.0,0.019830,0.038906,0.067582,0.10540,0.14915,0.19291,0.22292,0.24541,0.26133,0.28458,0.30182
20.0,0.013806,0.027696,0.049305,0.079020,0.11502,0.14830,0.17415,0.19495,0.20329,0.21332,0.23139
25.0,0.010326,0.021052,0.038126,0.062249,0.092373,0.11865,0.14116,0.16023,0.16851,0.17209,0.18335
30.0,0.0080726,0.016671,0.030604,0.050690,0.076344,0.097725,0.11757,0.13502,0.14302,0.14677,0.14894
40.0,0.0053728,0.011326,0.021238,0.035962,0.054264,0.070520,0.086395,0.10114,0.10747,0.10908,0.10971
50.0,0.0038654,0.0082795,0.015781,0.027171,0.040906,0.053952,0.067061,0.078378,0.082830,0.086535,0.089393
60.0,0.0029310,0.0063626,0.012294,0.021460,0.032258,0.043051,0.054142,0.062855,0.068893,0.072318,0.075059
70.0,0.0023075,0.0050675,0.0099045,0.017494,0.026269,0.035405,0.043845,0.053220,0.058682,0.061845,0.064443
80.0,0.0018661,0.0041398,0.0081740,0.014580,0.021885,0.029752,0.037073,0.045876,0.050852,0.053779,0.056239
90.0,0.0015461,0.0034599,0.0068924,0.012300,0.018598,0.025041,0.032203,0.040157,0.044720,0.047444,0.049774
100.0,0.0013026,0.0029382,0.0059006,0.010536,0.016034,0.021638,0.028317,0.035560,0.039768,0.042311,0.044516
110.0,0.0011129,0.0025284,0.0051148,0.0091394,0.013990,0.019101,0.025154,0.031795,0.035701,0.038086,0.040175
120.0,0.00096182,0.0021997,0.0044804,0.0080112,0.012159,0.017014,0.022539,0.028662,0.032300,0.034543,0.036526
130.0,0.00083871,0.0019300,0.0039562,0.0070804,0.010829,0.015263,0.020333,0.026007,0.029411,0.031526,0.033416
140.0,0.00073760,0.0017072,0.0035205,0.0063062,0.0097284,0.013784,0.018459,0.023736,0.026934,0.028934,0.030736
150.0,0.00065353,0.0015208,0.0031537,0.0056472,0.0087941,0.012521,0.016852,0.021779,0.024787,0.026683,0.028405
175.0,0.00049971,0.0011766,0.0024707,0.0044324,0.0070199,0.010101,0.013744,0.017965,0.020587,0.022265,0.023810
200.0,0.00039515,0.00093979,0.0019951,0.0036060,0.0057598,0.0083626,0.011488,0.015165,0.017483,0.018984,0.020383
250.0,0.00024996,0.00060617,0.0013116,0.0024189,0.0039418,0.0058327,0.0081597,0.010966,0.012778,0.013976,0.015114
300.0,0.00016964,0.00041808,0.00091908,0.0016909,0.0027918,0.0041875,0.0059447,0.0081167,0.0095523,0.010517,0.011700
350.0,0.00012096,0.00030225,0.00067354,0.0012384,0.0020675,0.0031368,0.0045085,0.0062382,0.0074031,0.0083471,0.0093354
400.0,8.9470e-05,0.00022628,0.00051033,0.00093863,0.0015822,0.0024246,0.0035222,0.0049297,0.0059642,0.0067813,0.0076178
450.0,6.7657e-05,0.00017155,0.00038693,0.00073417,0.0012409,0.0019185,0.0028131,0.0039776,0.0049111,0.0056054,0.0063222
500.0,5.2401e-05,0.00013330,0.00030104,0.00058817,0.00099269,0.0015468,0.0022874,0.0032820,0.0041026,0.0046989,0.0053184
600.0,3.3372e-05,8.5435e-05,0.00019365,0.00038570,0.00066643,0.0010519,0.0015773,0.0023488,0.0029627,0.0034140,0.0038877
700.0,2.2284e-05,5.7440e-05,0.00013075,0.00026525,0.00046524,0.00074263,0.0011270,0.0017307,0.0021991,0.0025472,0.0029156
800.0,1.5462e-05,4.0070e-05,9.1604e-05,0.00018610,0.00033818,0.00053930,0.00083166,0.0013025,0.0016653,0.0019365,0.0022255
1000.0,7.8587e-06,2.0572e-05,4.7358e-05,9.6514e-05,0.00017681,0.00029464,0.00047379,0.00075321,0.00097175,0.0011365,0.0013132
1200.0,4.2498e-06,1.1169e-05,2.5815e-05,5.2720e-05,9.7128e-05,0.00016677,0.00027620,0.00044246,0.00057305,0.00067210,0.00077901
1500.0,1.7945e-06,4.7684e-06,1.1140e-05,2.3016e-05,4.2931e-05,7.4862e-05,0.00012596,0.00020466,0.00026687,0.00031438,0.00036602
PGV
r\m,4.0,4.5,5.0,5.5,6.0,6.5,7.0,7.5,7.8,8.0,8.2
0.0,3.2552,5.9888,9.7099,13.673,17.334,21.198,27.056,35.821,40.254,43.189,46.011
1.0,2.7204,5.1328,8.4937,12.150,15.598,19.295,24.850,32.341,36.602,39.451,42.204
5.0,1.1740,2.5635,4.8631,7.8642,11.143,14.832,19.942,26.122,30.081,32.772,35.422
10.0,0.56174,1.3113,2.6997,4.7920,7.4928,10.984,14.847,19.285,23.906,26.704,30.330
15.0,0.33761,0.80686,1.7214,3.1983,5.3278,8.2300,11.502,15.409,18.436,21.553,24.693
20.0,0.22685,0.55414,1.2130,2.3248,4.0182,6.3164,9.1773,12.789,15.242,17.417,20.463
25.0,0.16493,0.40894,0.91102,1.7823,3.1539,5.0081,7.5032,10.799,13.111,14.757,17.200
30.0,0.12678,0.31799,0.71773,1.4251,2.5630,4.0908,6.2705,9.2583,11.419,12.987,14.633
40.0,0.083227,0.21259,0.48914,0.99216,1.7972,2.9264,4.6246,7.0874,8.8768,10.097,11.533
50.0,0.059704,0.15475,0.36158,0.74600,1.3565,2.2525,3.6590,5.7375,7.2839,8.6032,10.083
60.0,0.048104,0.12609,0.29796,0.62190,1.1294,1.8939,3.1162,4.8811,6.3995,7.6012,8.9597
70.0,0.039956,0.10575,0.25232,0.53182,0.96561,1.6338,2.6588,4.3272,5.7083,6.8095,8.0622
80.0,0.033920,0.090542,0.21786,0.46299,0.84110,1.4343,2.3476,3.8854,5.1514,6.1656,7.3260
90.0,0.029272,0.078733,0.19087,0.40619,0.74275,1.2582,2.1137,3.5241,4.6911,5.6309,6.7097
100.0,0.025595,0.069322,0.16919,0.36054,0.66318,1.1266,1.9199,3.2220,4.3041,5.1788,6.1863
110.0,0.022623,0.061659,0.15143,0.32312,0.59755,1.0256,1.7570,2.9657,3.9736,4.7918,5.7372
120.0,0.020176,0.055311,0.13661,0.29189,0.53645,0.93963,1.6176,2.7447,3.6884,4.4561,5.3450
130.0,0.018124,0.049958,0.12405,0.26539,0.49101,0.86566,1.4968,2.5519,3.4378,4.1605,4.9999
140.0,0.016382,0.045390,0.11327,0.24264,0.45226,0.80106,1.3911,2.3819,3.2167,3.8993,4.6935
150.0,0.014892,0.041461,0.10394,0.22271,0.41838,0.74431,1.2976,2.2308,3.0189,3.6651,4.4185
175.0,0.011927,0.033569,0.085049,0.18281,0.34857,0.62627,1.1017,1.9119,2.6015,3.1699,3.8356
200.0,0.0097756,0.027778,0.071027,0.15383,0.29571,0.53580,0.95015,1.6626,2.2738,2.7801,3.3754
250.0,0.0068854,0.019870,0.051591,0.11336,0.22129,0.40677,0.73150,1.2973,1.7910,2.2038,2.6928
300.0,0.0050914,0.014885,0.039149,0.085776,0.16910,0.31401,0.57106,1.0249,1.4270,1.7661,2.2080
350.0,0.0038944,0.011516,0.030630,0.067028,0.13322,0.24955,0.45826,0.83072,1.1648,1.4694,1.8453
400.0,0.0030538,0.0091223,0.024508,0.053612,0.10732,0.20260,0.37522,0.68598,0.97710,1.2410,1.5639
450.0,0.0024289,0.0072729,0.019549,0.043828,0.087899,0.16707,0.31179,0.57438,0.83164,1.0595,1.3396
500.0,0.0019637,0.0058974,0.015875,0.036439,0.072984,0.13959,0.26227,0.48864,0.71446,0.91292,1.1576
600.0,0.0013319,0.0040278,0.010883,0.025408,0.051896,0.10034,0.19074,0.36592,0.53887,0.69184,0.88141
700.0,0.00093374,0.0028436,0.0077172,0.018318,0.037896,0.073941,0.14185,0.27857,0.41239,0.53124,0.67916
800.0,0.00067219,0.0020607,0.0056197,0.013384,0.028523,0.055637,0.10812,0.21543,0.32030,0.41378,0.53041
1000.0,0.00036840,0.0011439,0.0031508,0.0075616,0.016281,0.032927,0.066104,0.13323,0.19943,0.25872,0.33298
1200.0,0.00021281,0.00066837,0.0018590,0.0044965,0.0097677,0.020305,0.041813,0.085010,0.12790,0.16644,0.21484
1500.0,9.9262e-05,0.00031912,0.00090735,0.0022433,0.0049621,0.010475,0.021848,0.044874,0.067873,0.088601,0.11470
SA0P01
r\m,4.0,4.5,5.0,5.5,6.0,6.5,7.0,7.5,7.8,8.0,8.2
0.0,0.15549,0.28266,0.44122,0.59870,0.71417,0.78237,0.89513,1.0488,1.0641,1.0575,1.0373
1.0,0.13075,0.23795,0.37301,0.50869,0.61156,0.67844,0.78518,0.89918,0.92198,0.92304,0.91186
5.0,0.076042,0.14022,0.22618,0.31993,0.40276,0.46940,0.55890,0.63384,0.66140,0.66992,0.66960
10.0,0.045240,0.085173,0.14160,0.20739,0.26914,0.32986,0.37526,0.40684,0.45931,0.47604,0.50278
15.0,0.029810,0.056450,0.095626,0.14338,0.19430,0.24390,0.27630,0.29982,0.31738,0.34513,0.36516
20.0,0.020547,0.039873,0.069340,0.10699,0.14935,0.18667,0.21484,0.23705,0.24537,0.25661,0.27790
25.0,0.015207,0.030042,0.053223,0.083767,0.11937,0.14858,0.17330,0.19392,0.20246,0.20578,0.21869
30.0,0.011758,0.023567,0.042376,0.067752,0.098129,0.12171,0.14361,0.16265,0.17106,0.17473,0.17650
40.0,0.0076584,0.015709,0.028920,0.047387,0.068857,0.086861,0.10449,0.12073,0.12739,0.12864,0.12874
50.0,0.0053785,0.011240,0.021079,0.035214,0.051146,0.065630,0.080211,0.092550,0.097125,0.10108,0.10401
60.0,0.0039676,0.0084246,0.016049,0.027265,0.039637,0.051603,0.063933,0.073332,0.079963,0.083653,0.086521
70.0,0.0030376,0.0065414,0.012632,0.021776,0.031709,0.041805,0.051046,0.061401,0.067401,0.070825,0.073574
80.0,0.0023971,0.0052256,0.010211,0.017820,0.026002,0.034658,0.042653,0.052388,0.057850,0.061022,0.063643
90.0,0.0019358,0.0042663,0.0084238,0.014741,0.021734,0.028741,0.036601,0.045352,0.050343,0.053292,0.055780
100.0,0.0015939,0.0035470,0.0070695,0.012403,0.018456,0.024512,0.031819,0.039742,0.044324,0.047070,0.049425
110.0,0.0013335,0.0029938,0.0060175,0.010584,0.015882,0.021385,0.027965,0.035184,0.039414,0.041979,0.044206
120.0,0.0011308,0.0025590,0.0051836,0.0091386,0.013620,0.018839,0.024806,0.031419,0.035337,0.037737,0.039844
130.0,0.00096950,0.0022102,0.0045088,0.0079675,0.011991,0.016728,0.022168,0.028256,0.031898,0.034150,0.036150
140.0,0.00083932,0.0019265,0.0039562,0.0070066,0.010657,0.014963,0.019945,0.025570,0.028970,0.031089,0.032986
150.0,0.00073283,0.0016929,0.0034977,0.0061997,0.0095355,0.013468,0.018054,0.023271,0.026451,0.028447,0.030251
175.0,0.00053734,0.0012593,0.0026384,0.0047025,0.0073909,0.010582,0.014363,0.018744,0.021462,0.023197,0.024791
200.0,0.00040797,0.00096826,0.0020534,0.0037009,0.0058915,0.0085352,0.011713,0.015451,0.017806,0.019330,0.020748
250.0,0.00025677,0.00062152,0.0013436,0.0024716,0.0040159,0.0059312,0.0082901,0.011135,0.012970,0.014182,0.015334
300.0,0.00017354,0.00042696,0.00093778,0.0017212,0.0028344,0.0042445,0.0060210,0.0082167,0.0096672,0.010641,0.011836
350.0,0.00012331,0.00030761,0.00068494,0.0012565,0.0020929,0.0031709,0.0045544,0.0062989,0.0074731,0.0084247,0.0094204
400.0,9.0926e-05,0.00022962,0.00051744,0.00094970,0.0015976,0.0024452,0.0035501,0.0049667,0.0060076,0.0068296,0.0076707
450.0,6.8569e-05,0.00017361,0.00039126,0.00074110,0.0012503,0.0019310,0.0028300,0.0040000,0.0049377,0.0056350,0.0063545
500.0,5.2980e-05,0.00013459,0.00030371,0.00059255,0.00099843,0.0015543,0.0022974,0.0032953,0.0041184,0.0047163,0.0053373
600.0,3.3605e-05,8.5932e-05,0.00019464,0.00038727,0.00066834,0.0010542,0.0015803,0.0023526,0.0029669,0.0034184,0.0038922
700.0,2.2374e-05,5.7618e-05,0.00013108,0.00026572,0.00046567,0.00074294,0.0011272,0.0017307,0.0021991,0.0025472,0.0029156
800.0,1.5492e-05,4.0116e-05,9.1666e-05,0.00018614,0.00033818,0.00053930,0.00083166,0.0013025,0.0016653,0.0019365,0.0022255
1000.0,7.8587e-06,2.0572e-05,4.7358e-05,9.6514e-05,0.00017681,0.00029464,0.00047379,0.00075321,0.00097175,0.0011365,0.0013132
1200.0,4.2498e-06,1.1169e-05,2.5815e-05,5.2720e-05,9.7128e-05,0.00016677,0.00027620,0.00044246,0.00057305,0.00067210,0.00077901
1500.0,1.7945e-06,4.7684e-06,1.1140e-05,2.3016e-05,4.2931e-05,7.4862e-05,0.00012596,0.00020466,0.00026687,0.00031438,0.00036602
SA0P02
r\m,4.0,4.5,5.0,5.5,6.0,6.5,7.0,7.5,7.8,8.0,8.2
0.0,0.24315,0.44332,0.69653,0.93824,1.1008,1.1900,1.3524,1.5817,1.5991,1.5844,1.5486
1.0,0.20728,0.37552,0.58983,0.79581,0.93832,1.0258,1.1801,1.3477,1.3779,1.3759,1.3551
5.0,0.12753,0.23057,0.36769,0.50907,0.62238,0.70920,0.83603,0.94113,0.97815,0.98770,0.98388
10.0,0.077473,0.14273,0.23376,0.33368,0.41810,0.49875,0.55713,0.59564,0.67218,0.69491,0.73348
15.0,0.051211,0.094825,0.15806,0.23060,0.30157,0.36792,0.40794,0.43563,0.45839,0.49853,0.52681
20.0,0.035193,0.066781,0.11428,0.17159,0.23123,0.28034,0.31563,0.34263,0.35169,0.36667,0.39704
25.0,0.025942,0.050114,0.087368,0.13382,0.18414,0.22205,0.25329,0.27886,0.28872,0.29186,0.30961
30.0,0.019963,0.039121,0.069227,0.10772,0.15071,0.18093,0.20880,0.23269,0.24270,0.24657,0.24771
40.0,0.012864,0.025793,0.046738,0.074551,0.10456,0.12769,0.15030,0.17095,0.17883,0.17940,0.17838
50.0,0.0089377,0.018253,0.033698,0.054808,0.076771,0.095406,0.11415,0.12955,0.13469,0.13950,0.14283
60.0,0.0065069,0.013497,0.025316,0.041873,0.058670,0.074025,0.089877,0.10137,0.10979,0.11433,0.11770
70.0,0.0049045,0.010316,0.019621,0.032936,0.046197,0.059087,0.070665,0.083888,0.091509,0.095760,0.099045
80.0,0.0038112,0.0081148,0.015625,0.026557,0.037318,0.048305,0.058286,0.070777,0.077713,0.081660,0.084826
90.0,0.0030343,0.0065320,0.012713,0.021664,0.030771,0.039505,0.049464,0.060648,0.066974,0.070648,0.073667
100.0,0.0024646,0.0053578,0.010531,0.017989,0.025801,0.033287,0.042559,0.052640,0.058428,0.061847,0.064715
110.0,0.0020352,0.0044645,0.0088530,0.015160,0.021938,0.028730,0.037032,0.046166,0.051485,0.054665,0.057376
120.0,0.0017046,0.0037701,0.0075373,0.012937,0.018584,0.025055,0.032538,0.040858,0.045758,0.048722,0.051281
130.0,0.0014456,0.0032216,0.0064882,0.011162,0.016199,0.022044,0.028826,0.036437,0.040964,0.043732,0.046150
140.0,0.0012387,0.0027798,0.0056369,0.0097188,0.014265,0.019547,0.025722,0.032709,0.036910,0.039498,0.041782
150.0,0.0010709,0.0024191,0.0049366,0.0085172,0.012652,0.017449,0.023097,0.029538,0.033442,0.035866,0.038028
175.0,0.00076833,0.0017614,0.0036464,0.0063253,0.0096165,0.013457,0.018051,0.023381,0.026673,0.028750,0.030633
200.0,0.00057178,0.0013279,0.0027832,0.0048842,0.0075271,0.010667,0.014475,0.018960,0.021768,0.023567,0.025222
250.0,0.00034554,0.00081892,0.0017504,0.0031395,0.0049482,0.0071609,0.0099077,0.013219,0.015342,0.016731,0.018035
300.0,0.00022526,0.00054292,0.0011792,0.0021096,0.0033760,0.0049611,0.0069732,0.0094572,0.011087,0.012172,0.013509
350.0,0.00015491,0.00037873,0.00083394,0.0014912,0.0024176,0.0035992,0.0051266,0.0070490,0.0083336,0.0093754,0.010459
400.0,0.00011085,0.00027443,0.00061154,0.0010944,0.0017948,0.0027029,0.0038943,0.0054178,0.0065325,0.0074109,0.0083029
450.0,8.1211e-05,0.00020158,0.00044906,0.00083195,0.0013702,0.0020844,0.0030331,0.0042639,0.0052482,0.0059760,0.0067215
500.0,6.1108e-05,0.00015221,0.00033943,0.00064965,0.0010696,0.0016420,0.0024110,0.0034406,0.0042877,0.0048988,0.0055290
600.0,3.6905e-05,9.2644e-05,0.00020740,0.00040623,0.00068799,0.0010728,0.0015993,0.0023707,0.0029809,0.0034263,0.0038906
700.0,2.3611e-05,5.9766e-05,0.00013452,0.00026938,0.00046524,0.00074263,0.0011270,0.0017307,0.0021991,0.0025472,0.0029156
800.0,1.5807e-05,4.0333e-05,9.1604e-05,0.00018610,0.00033818,0.00053930,0.00083166,0.0013025,0.0016653,0.0019365,0.0022255
1000.0,7.8587e-06,2.0572e-05,4.7358e-05,9.6514e-05,0.00017681,0.00029464,0.00047379,0.00075321,0.00097175,0.0011365,0.0013132
1200.0,4.2498e-06,1.1169e-05,2.5815e-05,5.2720e-05,9.7128e-05,0.00016677,0.00027620,0.00044246,0.00057305,0.00067210,0.00077901
1500.0,1.7945e-06,4.7684e-06,1.1140e-05,2.3016e-05,4.2931e-05,7.4862e-05,0.00012596,0.00020466,0.00026687,0.00031438,0.00036602
SA0P025
r\m,4.0,4.5,5.0,5.5,6.0,6.5,7.0,7.5,7.8,8.0,8.2
0.0,0.27537,0.50027,0.78466,1.0555,1.2361,1.3342,1.5134,1.7696,1.7882,1.7709,1.7301
1.0,0.23440,0.42313,0.66366,0.89415,1.0521,1.1482,1.3190,1.5057,1.5391,1.5364,1.5127
5.0,0.14407,0.25991,0.41411,0.57261,0.69817,0.79338,0.93358,1.0498,1.0907,1.1011,1.0965
10.0,0.087493,0.16095,0.26341,0.37562,0.46928,0.55787,0.62108,0.66230,0.74796,0.77323,0.81666
15.0,0.057840,0.10697,0.17818,0.25966,0.33846,0.41131,0.45426,0.48364,0.50850,0.55344,0.58511
20.0,0.039795,0.075383,0.12885,0.19318,0.25944,0.31315,0.35115,0.38004,0.38951,0.40603,0.44002
25.0,0.029354,0.056586,0.098499,0.15061,0.20652,0.24784,0.28156,0.30906,0.31951,0.32270,0.34241
30.0,0.022601,0.044182,0.078039,0.12121,0.16895,0.20179,0.23191,0.25768,0.26838,0.27240,0.27342
40.0,0.014577,0.029134,0.052669,0.083820,0.11707,0.14218,0.16665,0.18899,0.19739,0.19776,0.19639
50.0,0.010134,0.020618,0.037960,0.061574,0.085836,0.10606,0.12636,0.14294,0.14833,0.15350,0.15704
60.0,0.0073893,0.015259,0.028529,0.047035,0.065537,0.082190,0.099366,0.11167,0.12079,0.12570,0.12929
70.0,0.0055767,0.011669,0.022114,0.036978,0.051537,0.065500,0.077960,0.092291,0.10056,0.10515,0.10867
80.0,0.0043359,0.0091793,0.017605,0.029792,0.041568,0.053455,0.064192,0.077757,0.085283,0.089552,0.092954
90.0,0.0034526,0.0073866,0.014316,0.024278,0.034222,0.043628,0.054397,0.066539,0.073403,0.077378,0.080628
100.0,0.0028036,0.0060550,0.011849,0.020135,0.028649,0.036695,0.046733,0.057674,0.063953,0.067653,0.070742
110.0,0.0023138,0.0050408,0.0099513,0.016945,0.024316,0.031615,0.040593,0.050494,0.056258,0.059694,0.062612
120.0,0.0019364,0.0042524,0.0084628,0.014439,0.020556,0.027522,0.035606,0.044612,0.049913,0.053114,0.055865
130.0,0.0016408,0.0036299,0.0072765,0.012439,0.017888,0.024174,0.031491,0.039718,0.044608,0.047592,0.050187
140.0,0.0014045,0.0031286,0.0063143,0.010815,0.015727,0.021401,0.028053,0.035594,0.040126,0.042910,0.045358
150.0,0.0012130,0.0027193,0.0055229,0.0094635,0.013927,0.019072,0.025149,0.032090,0.036293,0.038896,0.041211
175.0,0.00086807,0.0019744,0.0040674,0.0070033,0.010545,0.014652,0.019579,0.025302,0.028834,0.031057,0.033063
200.0,0.00064419,0.0014839,0.0030948,0.0053886,0.0082227,0.011569,0.015640,0.020437,0.023437,0.025354,0.027110
250.0,0.00038617,0.00090750,0.0019298,0.0034329,0.0053561,0.0076957,0.010608,0.014119,0.016365,0.017830,0.019201
300.0,0.00024964,0.00059647,0.0012887,0.0022849,0.0036189,0.0052801,0.0073947,0.010004,0.011712,0.012846,0.014245
350.0,0.00017021,0.00041244,0.00090321,0.0015997,0.0025667,0.0037941,0.0053851,0.0073863,0.0087193,0.0098011,0.010924
400.0,0.00012073,0.00029618,0.00065633,0.0011628,0.0018872,0.0028225,0.0040526,0.0056240,0.0067715,0.0076750,0.0085895
450.0,8.7642e-05,0.00021550,0.00047721,0.00087587,0.0014275,0.0021569,0.0031280,0.0043861,0.0053912,0.0061323,0.0068890
500.0,6.5345e-05,0.00016119,0.00035723,0.00067785,0.0011043,0.0016840,0.0024646,0.0035082,0.0043656,0.0049821,0.0056155
600.0,3.8716e-05,9.6238e-05,0.00021404,0.00041596,0.00069777,0.0010815,0.0016074,0.0023772,0.0029840,0.0034253,0.0038877
700.0,2.4338e-05,6.1000e-05,0.00013642,0.00027133,0.00046524,0.00074263,0.0011270,0.0017307,0.0021991,0.0025472,0.0029156
800.0,1.6022e-05,4.0506e-05,9.1604e-05,0.00018610,0.00033818,0.00053930,0.00083166,0.0013025,0.0016653,0.0019365,0.0022255
1000.0,7.8587e-06,2.0572e-05,4.7358e-05,9.6514e-05,0.00017681,0.00029464,0.00047379,0.00075321,0.00097175,0.0011365,0.0013132
1200.0,4.2498e-06,1.1169e-05,2.5815e-05,5.2720e-05,9.7128e-05,0.00016677,0.00027620,0.00044246,0.00057305,0.00067210,0.00077901
1500.0,1.7945e-06,4.7684e-06,1.1140e-05,2.3016e-05,4.2931e-05,7.4862e-05,0.00012596,0.00020466,0.00026687,0.00031438,0.00036602
SA0P03
r\m,4.0,4.5,5.0,5.5,6.0,6.5,7.0,7.5,7.8,8.0,8.2
0.0,0.29706,0.53693,0.83932,1.1284,1.3223,1.4279,1.6178,1.8917,1.9117,1.8933,1.8500
1.0,0.25178,0.45278,0.70860,0.95474,1.1243,1.2277,1.4092,1.6088,1.6449,1.6422,1.6173
5.0,0.15311,0.27635,0.44058,0.61043,0.74555,0.84780,0.99717,1.1214,1.1655,1.1769,1.1723
10.0,0.092663,0.17069,0.27974,0.40007,0.50103,0.59593,0.66288,0.70644,0.79867,0.82607,0.87333
15.0,0.061240,0.11346,0.18927,0.27666,0.36137,0.43925,0.48463,0.51560,0.54219,0.59071,0.62508
20.0,0.042211,0.080057,0.13697,0.20590,0.27701,0.33434,0.37453,0.40509,0.41509,0.43286,0.46963
25.0,0.031182,0.060156,0.10477,0.16059,0.22054,0.26459,0.30028,0.32940,0.34047,0.34384,0.36512
30.0,0.024043,0.047017,0.083064,0.12929,0.18046,0.21542,0.24731,0.27461,0.28596,0.29023,0.29131
40.0,0.015548,0.031064,0.056136,0.089484,0.12509,0.15178,0.17769,0.20138,0.21027,0.21059,0.20907
50.0,0.010836,0.022025,0.040513,0.065793,0.091757,0.11323,0.13472,0.15226,0.15792,0.16341,0.16718
60.0,0.0079333,0.016354,0.030532,0.050365,0.070157,0.087829,0.10602,0.11901,0.12871,0.13393,0.13776
70.0,0.0060124,0.012550,0.023736,0.039684,0.055244,0.070054,0.083213,0.098423,0.10722,0.11211,0.11586
80.0,0.0046902,0.0098984,0.018938,0.032025,0.044599,0.057202,0.068541,0.082961,0.090975,0.095522,0.099145
90.0,0.0037448,0.0079825,0.015428,0.026132,0.036743,0.046693,0.058104,0.071017,0.078328,0.082564,0.086025
100.0,0.0030473,0.0065543,0.012787,0.021693,0.030772,0.039278,0.049928,0.061568,0.068257,0.072201,0.075492
110.0,0.0025191,0.0054635,0.010751,0.018267,0.026119,0.033837,0.043359,0.053887,0.060024,0.063683,0.066789
120.0,0.0021109,0.0046134,0.0091499,0.015571,0.022076,0.029449,0.038020,0.047593,0.053233,0.056637,0.059563
130.0,0.0017903,0.0039408,0.0078716,0.013418,0.019208,0.025859,0.033613,0.042351,0.047550,0.050721,0.053477
140.0,0.0015336,0.0033982,0.0068333,0.011667,0.016884,0.022884,0.029930,0.037935,0.042748,0.045704,0.048299
150.0,0.0013252,0.0029547,0.0059783,0.010208,0.014947,0.020384,0.026819,0.034180,0.038641,0.041401,0.043853
175.0,0.00094935,0.0021465,0.0044043,0.0075519,0.011309,0.015643,0.020853,0.026914,0.030654,0.033005,0.035124
200.0,0.00070475,0.0016133,0.0033504,0.0058067,0.0088073,0.012333,0.016632,0.021703,0.024872,0.026894,0.028743
250.0,0.00042155,0.00098393,0.0020830,0.0036857,0.0057121,0.0081664,0.011227,0.014918,0.017277,0.018812,0.020246
300.0,0.00027158,0.00064423,0.0013853,0.0024412,0.0038384,0.0055711,0.0077810,0.010508,0.012290,0.013470,0.014929
350.0,0.00018437,0.00044340,0.00096625,0.0016996,0.0027060,0.0039784,0.0056312,0.0077091,0.0090901,0.010212,0.011374
400.0,0.00013012,0.00031673,0.00069827,0.0012278,0.0019768,0.0029403,0.0042100,0.0058308,0.0070124,0.0079425,0.0088813
450.0,9.3922e-05,0.00022903,0.00050440,0.00091899,0.0014853,0.0022319,0.0032277,0.0045163,0.0055449,0.0063017,0.0070722
500.0,6.9599e-05,0.00017020,0.00037501,0.00070660,0.0011412,0.0017306,0.0025257,0.0035873,0.0044585,0.0050831,0.0057228
600.0,4.0655e-05,0.00010014,0.00022134,0.00042723,0.00071074,0.0010957,0.0016241,0.0023967,0.0030039,0.0034439,0.0038990
700.0,2.5200e-05,6.2565e-05,0.00013903,0.00027482,0.00046645,0.00074263,0.0011270,0.0017307,0.0021991,0.0025472,0.0029156
800.0,1.6350e-05,4.0958e-05,9.1604e-05,0.00018610,0.00033818,0.00053930,0.00083166,0.0013025,0.0016653,0.0019365,0.0022255
1000.0,7.8587e-06,2.0572e-05,4.7358e-05,9.6514e-05,0.00017681,0.00029464,0.00047379,0.00075321,0.00097175,0.0011365,0.0013132
1200.0,4.2498e-06,1.1169e-05,2.5815e-05,5.2720e-05,9.7128e-05,0.00016677,0.00027620,0.00044246,0.00057305,0.00067210,0.00077901
1500.0,1.7945e-06,4.7684e-06,1.1140e-05,2.3016e-05,4.2931e-05,7.4862e-05,0.00012596,0.00020466,0.00026687,0.00031438,0.00036602
SA0P04
r\m,4.0,4.5,5.0,5.5,6.0,6.5,7.0,7.5,7.8,8.0,8.2
0.0,0.31615,0.56472,0.87495,1.1768,1.3861,1.5033,1.7016,1.9910,2.0143,1.9968,1.9535
1.0,0.26463,0.47248,0.73550,0.99335,1.1772,1.2917,1.4823,1.6939,1.7342,1.7332,1.7093
5.0,0.15554,0.28204,0.45120,0.63054,0.77800,0.89083,1.0494,1.1828,1.2316,1.2454,1.2427
10.0,0.093119,0.17266,0.28453,0.41146,0.52193,0.62551,0.69767,0.74527,0.84482,0.87546,0.92787
15.0,0.061474,0.11476,0.19258,0.28479,0.37653,0.46098,0.51024,0.54429,0.57358,0.62639,0.66452
20.0,0.042555,0.081227,0.13964,0.21222,0.28880,0.35105,0.39458,0.42801,0.43940,0.45907,0.49943
25.0,0.031552,0.061209,0.10704,0.16577,0.23019,0.27807,0.31664,0.34840,0.36081,0.36491,0.38842
30.0,0.024421,0.047986,0.085061,0.13371,0.18861,0.22666,0.26107,0.29077,0.30338,0.30836,0.31000
40.0,0.015912,0.031902,0.057773,0.092924,0.13119,0.16012,0.18801,0.21371,0.22354,0.22415,0.22282
50.0,0.011171,0.022756,0.041904,0.068609,0.096568,0.11978,0.14289,0.16192,0.16820,0.17430,0.17860
60.0,0.0082681,0.017062,0.031855,0.052919,0.074312,0.093412,0.11301,0.12711,0.13772,0.14349,0.14782
70.0,0.0063420,0.013233,0.025002,0.042041,0.058917,0.074933,0.089126,0.10563,0.11525,0.12066,0.12486
80.0,0.0049988,0.010533,0.020113,0.034169,0.047843,0.061486,0.073730,0.089402,0.098178,0.10320,0.10725
90.0,0.0040270,0.0085619,0.016503,0.028057,0.039613,0.050397,0.062745,0.076808,0.084826,0.089508,0.093365
100.0,0.0033022,0.0070778,0.013762,0.023417,0.033318,0.042544,0.054097,0.066799,0.074146,0.078505,0.082171
110.0,0.0027479,0.0059344,0.011632,0.019807,0.028375,0.036749,0.047087,0.058581,0.065319,0.069358,0.072809
120.0,0.0023159,0.0050365,0.0099458,0.016949,0.024050,0.032058,0.041371,0.051826,0.058017,0.061772,0.065016
130.0,0.0019735,0.0043202,0.0085890,0.014651,0.020975,0.028202,0.036634,0.046181,0.051884,0.055379,0.058428
140.0,0.0016976,0.0037391,0.0074811,0.012775,0.018476,0.024998,0.032665,0.041411,0.046691,0.049945,0.052812
150.0,0.0014723,0.0032617,0.0065647,0.011205,0.016385,0.022299,0.029303,0.037348,0.042239,0.045274,0.047980
175.0,0.0010630,0.0023859,0.0048669,0.0083313,0.012442,0.017160,0.022837,0.029463,0.033562,0.036143,0.038472
200.0,0.00079398,0.0018027,0.0037201,0.0064297,0.0097144,0.013554,0.018240,0.023783,0.027251,0.029467,0.031493
250.0,0.00047790,0.0011050,0.0023228,0.0040918,0.0063055,0.0089721,0.012302,0.016323,0.018893,0.020564,0.022124
300.0,0.00030872,0.00072473,0.0015465,0.0027088,0.0042282,0.0061021,0.0084960,0.011452,0.013381,0.014656,0.016239
350.0,0.00020959,0.00049839,0.0010773,0.0018806,0.0029685,0.0043363,0.0061166,0.0083547,0.0098384,0.011045,0.012294
400.0,0.00014762,0.00035500,0.00077590,0.0013521,0.0021560,0.0031844,0.0045427,0.0062751,0.0075359,0.0085281,0.0095269
450.0,0.00010614,0.00025549,0.00055743,0.0010060,0.0016087,0.0023992,0.0034559,0.0048214,0.0059102,0.0067092,0.0075198
500.0,7.8233e-05,0.00018868,0.00041160,0.00076808,0.0012261,0.0018446,0.0026809,0.0037956,0.0047088,0.0053609,0.0060259
600.0,4.4974e-05,0.00010912,0.00023853,0.00045570,0.00074883,0.0011449,0.0016898,0.0024850,0.0031068,0.0035548,0.0040157
700.0,2.7371e-05,6.6844e-05,0.00014683,0.00028730,0.00048147,0.00074663,0.0011270,0.0017307,0.0021991,0.0025472,0.0029156
800.0,1.7384e-05,4.2824e-05,9.4611e-05,0.00018610,0.00033818,0.00053930,0.00083166,0.0013025,0.0016653,0.0019365,0.0022255
1000.0,7.9756e-06,2.0572e-05,4.7358e-05,9.6514e-05,0.00017681,0.00029464,0.00047379,0.00075321,0.00097175,0.0011365,0.0013132
1200.0,4.2498e-06,1.1169e-05,2.5815e-05,5.2720e-05,9.7128e-05,0.00016677,0.00027620,0.00044246,0.00057305,0.00067210,0.00077901
1500.0,1.7945e-06,4.7684e-06,1.1140e-05,2.3016e-05,4.2931e-05,7.4862e-05,0.00012596,0.00020466,0.00026687,0.00031438,0.00036602
SA0P05
r\m,4.0,4.5,5.0,5.5,6.0,6.5,7.0,7.5,7.8,8.0,8.2
0.0,0.31545,0.55712,0.85516,1.1517,1.3662,1.4907,1.6876,1.9765,2.0030,1.9886,1.9491
1.0,0.26043,0.46227,0.71578,0.97015,1.1596,1.2813,1.4712,1.6837,1.7269,1.7287,1.7081
5.0,0.14738,0.26899,0.43218,0.61028,0.76315,0.88248,1.0427,1.1793,1.2311,1.2475,1.2477
10.0,0.087196,0.16301,0.27036,0.39608,0.51072,0.61888,0.69401,0.74480,0.84667,0.87946,0.93462
15.0,0.057492,0.10831,0.18301,0.27438,0.36854,0.45614,0.50812,0.54488,0.57604,0.63063,0.67091
20.0,0.039964,0.076906,0.13300,0.20477,0.28292,0.34771,0.39344,0.42916,0.44207,0.46301,0.50516
25.0,0.029741,0.058128,0.10219,0.16025,0.22583,0.27585,0.31623,0.34994,0.36365,0.36870,0.39357
30.0,0.023108,0.045720,0.081420,0.12955,0.18538,0.22526,0.26119,0.29258,0.30633,0.31214,0.31465
40.0,0.015176,0.030603,0.055620,0.090490,0.12955,0.15977,0.18881,0.21583,0.22654,0.22770,0.22696
50.0,0.010736,0.021978,0.040580,0.067162,0.095827,0.12002,0.14406,0.16415,0.17109,0.17773,0.18258
60.0,0.0080376,0.016652,0.031147,0.052262,0.074343,0.094282,0.11470,0.12969,0.14095,0.14720,0.15201
70.0,0.0062452,0.013069,0.024713,0.041930,0.059469,0.076231,0.091124,0.10849,0.11872,0.12456,0.12920
80.0,0.0049795,0.010513,0.020075,0.034381,0.048675,0.062993,0.075872,0.092380,0.10172,0.10714,0.11159
90.0,0.0040525,0.0086253,0.016614,0.028459,0.040585,0.051963,0.064939,0.079797,0.088348,0.093400,0.097625
100.0,0.0033533,0.0071896,0.013962,0.023923,0.034349,0.044111,0.056278,0.069735,0.077587,0.082295,0.086305
110.0,0.0028132,0.0060731,0.011883,0.020362,0.029408,0.038275,0.049184,0.061379,0.068584,0.072944,0.076710
120.0,0.0023881,0.0051886,0.010223,0.017522,0.025048,0.033525,0.043370,0.054481,0.061106,0.065158,0.068693
130.0,0.0020475,0.0044757,0.0088752,0.015219,0.021932,0.029596,0.038526,0.048685,0.054794,0.058564,0.061883
140.0,0.0017711,0.0038936,0.0077676,0.013327,0.019389,0.026317,0.034450,0.043771,0.049430,0.052941,0.056059
150.0,0.0015439,0.0034124,0.0068462,0.011736,0.017251,0.023543,0.030986,0.039570,0.044817,0.048093,0.051033
175.0,0.0011271,0.0025216,0.0051242,0.0088012,0.013194,0.018231,0.024286,0.031377,0.035783,0.038570,0.041099
200.0,0.00084971,0.0019215,0.0039483,0.0068402,0.010362,0.014473,0.019487,0.025434,0.029169,0.031563,0.033761
250.0,0.00051828,0.0011922,0.0024933,0.0043952,0.0067788,0.0096439,0.013219,0.017546,0.020317,0.022122,0.023811
300.0,0.00033797,0.00078853,0.0016731,0.0029288,0.0045678,0.0065837,0.0091583,0.012342,0.014420,0.015795,0.017508
350.0,0.00023096,0.00054536,0.0011715,0.0020413,0.0032149,0.0046857,0.0066003,0.0090088,0.010605,0.011905,0.013252
400.0,0.00016337,0.00038981,0.00084630,0.0014703,0.0023360,0.0034401,0.0048986,0.0067589,0.0081121,0.0091780,0.010250
450.0,0.00011777,0.00028102,0.00060869,0.0010939,0.0017411,0.0025871,0.0037185,0.0051798,0.0063445,0.0071987,0.0080640
500.0,8.6871e-05,0.00020752,0.00044916,0.00083396,0.0013235,0.0019827,0.0028745,0.0040621,0.0050342,0.0057270,0.0064321
600.0,4.9739e-05,0.00011935,0.00025859,0.00049090,0.00080082,0.0012181,0.0017926,0.0026300,0.0032824,0.0037509,0.0042310
700.0,3.0028e-05,7.2417e-05,0.00015753,0.00030607,0.00050859,0.00078403,0.0011687,0.0017680,0.0022203,0.0025485,0.0029156
800.0,1.8841e-05,4.5790e-05,0.00010011,0.00019533,0.00033893,0.00053930,0.00083166,0.0013025,0.0016653,0.0019365,0.0022255
1000.0,8.4704e-06,2.0858e-05,4.7358e-05,9.6514e-05,0.00017681,0.00029464,0.00047379,0.00075321,0.00097175,0.0011365,0.0013132
1200.0,4.2498e-06,1.1169e-05,2.5815e-05,5.2720e-05,9.7128e-05,0.00016677,0.00027620,0.00044246,0.00057305,0.00067210,0.00077901
1500.0,1.7945e-06,4.7684e-06,1.1140e-05,2.3016e-05,4.2931e-05,7.4862e-05,0.00012596,0.00020466,0.00026687,0.00031438,0.00036602
SA0P075
r\m,4.0,4.5,5.0,5.5,6.0,6.5,7.0,7.5,7.8,8.0,8.2
0.0,0.28229,0.48963,0.73728,0.99652,1.2024,1.3315,1.5098,1.7723,1.8036,1.7974,1.7701
1.0,0.22621,0.39919,0.61171,0.83627,1.0204,1.1465,1.3197,1.5158,1.5614,1.5691,1.5579
5.0,0.11799,0.21966,0.35651,0.51525,0.66484,0.78760,0.93837,1.0704,1.1245,1.1452,1.1520
10.0,0.068129,0.13026,0.21916,0.33028,0.44227,0.55076,0.62688,0.68141,0.77931,0.81404,0.87022
15.0,0.044804,0.086482,0.14837,0.22917,0.31933,0.40613,0.46046,0.50109,0.53412,0.58778,0.62931
20.0,0.031395,0.061795,0.10832,0.17160,0.24565,0.31047,0.35780,0.39638,0.41210,0.43426,0.47674
25.0,0.023537,0.046998,0.083642,0.13487,0.19676,0.24728,0.28881,0.32469,0.34061,0.34769,0.37359
30.0,0.018431,0.037218,0.067029,0.10959,0.16224,0.20288,0.23965,0.27277,0.28833,0.29581,0.30038
40.0,0.012300,0.025274,0.046368,0.077433,0.11467,0.14539,0.17496,0.20321,0.21535,0.21798,0.21892
50.0,0.0088400,0.018413,0.034268,0.058160,0.085826,0.11039,0.13488,0.15618,0.16438,0.17189,0.17785
60.0,0.0067760,0.014264,0.026853,0.046155,0.067867,0.088270,0.10920,0.12542,0.13752,0.14454,0.15030
70.0,0.0054092,0.011483,0.021819,0.037868,0.055461,0.072790,0.088426,0.10673,0.11776,0.12431,0.12979
80.0,0.0044212,0.0094543,0.018115,0.031696,0.046290,0.061244,0.074878,0.092317,0.10245,0.10853,0.11374
90.0,0.0036796,0.0079214,0.015291,0.026743,0.039281,0.051378,0.065058,0.080886,0.090214,0.095893,0.10083
100.0,0.0031074,0.0067303,0.013082,0.022875,0.033780,0.044269,0.057158,0.071611,0.080230,0.085540,0.090218
110.0,0.0026560,0.0057854,0.011319,0.019775,0.029327,0.038890,0.050524,0.063693,0.071627,0.076549,0.080930
120.0,0.0022934,0.0050225,0.0098865,0.017261,0.025316,0.034454,0.045020,0.057083,0.064407,0.068989,0.073097
130.0,0.0019952,0.0043922,0.0086952,0.015178,0.022412,0.030721,0.040364,0.051451,0.058232,0.062504,0.066360
140.0,0.0017493,0.0038698,0.0077024,0.013444,0.020014,0.027571,0.036405,0.046630,0.052935,0.056925,0.060548
150.0,0.0015443,0.0034320,0.0068657,0.011967,0.017976,0.024879,0.033008,0.042472,0.048342,0.052073,0.055494
175.0,0.0011592,0.0026033,0.0052684,0.0091870,0.014037,0.019635,0.026333,0.034241,0.039216,0.042411,0.045364
200.0,0.00089532,0.0020296,0.0041487,0.0072852,0.011226,0.015848,0.021460,0.028162,0.032417,0.035180,0.037758
250.0,0.00056785,0.0013064,0.0027136,0.0048342,0.0075580,0.010840,0.014918,0.019880,0.023083,0.025191,0.027186
300.0,0.00038205,0.00088981,0.0018728,0.0033074,0.0052121,0.0075558,0.010536,0.014236,0.016666,0.018286,0.020310
350.0,0.00026779,0.00063017,0.0013413,0.0023536,0.0037348,0.0054638,0.0077058,0.010534,0.012415,0.013955,0.015558
400.0,0.00019339,0.00045916,0.00098679,0.0017230,0.0027511,0.0040592,0.0057813,0.0079819,0.0095859,0.010854,0.012134
450.0,0.00014192,0.00033644,0.00072069,0.0012975,0.0020705,0.0030777,0.0044206,0.0061565,0.0075414,0.0085595,0.0095934
500.0,0.00010614,0.00025152,0.00053787,0.00099764,0.0015842,0.0023704,0.0034313,0.0048443,0.0060006,0.0068256,0.0076658
600.0,6.1779e-05,0.00014661,0.00031319,0.00059169,0.00096155,0.0014572,0.0021383,0.0031296,0.0038992,0.0044505,0.0050142
700.0,3.7527e-05,8.9203e-05,0.00019093,0.00036811,0.00060703,0.00093003,0.0013805,0.0020802,0.0026044,0.0029827,0.0033717
800.0,2.3452e-05,5.6017e-05,0.00012025,0.00023221,0.00039874,0.00061089,0.00092285,0.0014173,0.0017835,0.0020491,0.0023243
1000.0,1.0347e-05,2.4935e-05,5.3871e-05,0.00010490,0.00018322,0.00029568,0.00047379,0.00075321,0.00097175,0.0011365,0.0013132
1200.0,4.9544e-06,1.2098e-05,2.6413e-05,5.2720e-05,9.7128e-05,0.00016677,0.00027620,0.00044246,0.00057305,0.00067210,0.00077901
1500.0,1.8591e-06,4.7684e-06,1.1140e-05,2.3016e-05,4.2931e-05,7.4862e-05,0.00012596,0.00020466,0.00026687,0.00031438,0.00036602
SA0P1
r\m,4.0,4.5,5.0,5.5,6.0,6.5,7.0,7.5,7.8,8.0,8.2
0.0,0.24168,0.41836,0.62313,0.84495,1.0325,1.1561,1.3127,1.5430,1.5752,1.5742,1.5559
1.0,0.18958,0.33690,0.51388,0.70736,0.87651,0.99722,1.1501,1.3242,1.3684,1.3791,1.3742
5.0,0.093381,0.17815,0.29197,0.42921,0.56678,0.68384,0.81997,0.94147,0.99369,1.0158,1.0263
10.0,0.053032,0.10407,0.17728,0.27265,0.37533,0.47719,0.54960,0.60354,0.69313,0.72707,0.78051
15.0,0.034816,0.069048,0.12003,0.18939,0.27111,0.35206,0.40482,0.44579,0.47824,0.52819,0.56814
20.0,0.024526,0.049548,0.087906,0.14215,0.20889,0.26976,0.31549,0.35390,0.37070,0.39247,0.43276
25.0,0.018478,0.037844,0.068118,0.11208,0.16776,0.21554,0.25553,0.29098,0.30760,0.31572,0.34092
30.0,0.014545,0.030110,0.054812,0.091413,0.13879,0.17749,0.21284,0.24542,0.26143,0.26970,0.27551
40.0,0.0098132,0.020653,0.038257,0.065135,0.098945,0.12824,0.15664,0.18431,0.19687,0.20046,0.20261
50.0,0.0071297,0.015198,0.028533,0.049354,0.074731,0.098204,0.12176,0.14290,0.15164,0.15944,0.16595
60.0,0.0055536,0.011957,0.022690,0.039729,0.059951,0.079614,0.099898,0.11628,0.12843,0.13571,0.14193
70.0,0.0045173,0.0098000,0.018752,0.033138,0.049802,0.066682,0.082157,0.10033,0.11148,0.11827,0.12418
80.0,0.0037577,0.0082050,0.015818,0.028168,0.042205,0.056923,0.070536,0.087907,0.098199,0.10454,0.11014
90.0,0.0031782,0.0069810,0.013549,0.024114,0.036317,0.048417,0.062046,0.077935,0.087471,0.093411,0.098720
100.0,0.0027242,0.0060162,0.011750,0.020904,0.031633,0.042234,0.055136,0.069754,0.078621,0.084200,0.089241
110.0,0.0023609,0.0052402,0.010294,0.018294,0.027778,0.037491,0.049212,0.062605,0.070801,0.075986,0.080709
120.0,0.0020650,0.0046053,0.0090966,0.016150,0.024249,0.033538,0.044250,0.056586,0.064185,0.069026,0.073462
130.0,0.0018166,0.0040704,0.0080823,0.014343,0.021667,0.030163,0.039996,0.051396,0.058463,0.062992,0.067163
140.0,0.0016094,0.0036221,0.0072281,0.012823,0.019515,0.027288,0.036349,0.046917,0.053518,0.057763,0.061692
150.0,0.0014348,0.0032427,0.0065013,0.011516,0.017670,0.024813,0.033196,0.043027,0.049200,0.053185,0.056902
175.0,0.0011010,0.0025119,0.0050902,0.0090160,0.014050,0.019919,0.026915,0.035225,0.040510,0.043953,0.047184
200.0,0.00086730,0.0019955,0.0040817,0.0072742,0.011420,0.016325,0.022256,0.029378,0.033944,0.036947,0.039788
250.0,0.00056898,0.0013268,0.0027546,0.0049726,0.0079060,0.011465,0.015866,0.021246,0.024747,0.027076,0.029307
300.0,0.00039397,0.00092894,0.0019525,0.0034928,0.0055876,0.0081776,0.011455,0.015539,0.018239,0.020055,0.022329
350.0,0.00028313,0.00067384,0.0014313,0.0025427,0.0040894,0.0060322,0.0085383,0.011710,0.013831,0.015574,0.017399
400.0,0.00020903,0.00050147,0.0010748,0.0018988,0.0030680,0.0045591,0.0065119,0.0090140,0.010844,0.012296,0.013773
450.0,0.00015660,0.00037484,0.00080042,0.0014540,0.0023454,0.0035073,0.0050491,0.0070462,0.0086426,0.0098217,0.011026
500.0,0.00011927,0.00028513,0.00060750,0.0011342,0.0018185,0.0027348,0.0039655,0.0056070,0.0069522,0.0079161,0.0089025
600.0,7.1492e-05,0.00017085,0.00036322,0.00068868,0.0011263,0.0017121,0.0025141,0.0036813,0.0045879,0.0052390,0.0059065
700.0,4.4393e-05,0.00010604,0.00022555,0.00043528,0.00072019,0.0011046,0.0016390,0.0024680,0.0030881,0.0035357,0.0039963
800.0,2.8161e-05,6.7435e-05,0.00014362,0.00027698,0.00047566,0.00072823,0.0010984,0.0016836,0.0021153,0.0024279,0.0027511
1000.0,1.2533e-05,3.0175e-05,6.4518e-05,0.00012512,0.00021778,0.00035024,0.00055168,0.00085746,0.0010858,0.0012524,0.0014275
1200.0,5.9818e-06,1.4562e-05,3.1408e-05,6.1545e-05,0.00010880,0.00018205,0.00029699,0.00046818,0.00059770,0.00069366,0.00079479
1500.0,2.2145e-06,5.5323e-06,1.2251e-05,2.4678e-05,4.4867e-05,7.7106e-05,0.00012869,0.00020676,0.00026687,0.00031438,0.00036602
SA0P15
r\m,4.0,4.5,5.0,5.5,6.0,6.5,7.0,7.5,7.8,8.0,8.2
0.0,0.17555,0.31179,0.46441,0.63525,0.78958,0.89633,1.0190,1.1986,1.2278,1.2311,1.2218
1.0,0.13418,0.24737,0.38024,0.53034,0.67068,0.77511,0.89569,1.0334,1.0716,1.0836,1.0842
5.0,0.061706,0.12466,0.20947,0.31579,0.42962,0.53041,0.64086,0.74136,0.78676,0.80790,0.82058
10.0,0.034375,0.071543,0.12532,0.19839,0.28289,0.36915,0.43152,0.47990,0.55366,0.58368,0.62962
15.0,0.022526,0.047435,0.084860,0.13801,0.20446,0.27257,0.31905,0.35661,0.38560,0.42762,0.46249
20.0,0.015966,0.034211,0.062386,0.10389,0.15785,0.20950,0.24963,0.28447,0.30080,0.32030,0.35500
25.0,0.012099,0.026262,0.048549,0.082230,0.12720,0.16808,0.20312,0.23508,0.25092,0.25935,0.28173
30.0,0.0095837,0.021013,0.039258,0.067378,0.10568,0.13908,0.17003,0.19931,0.21442,0.22277,0.22933
40.0,0.0065499,0.014587,0.027699,0.048511,0.076171,0.10156,0.12647,0.15131,0.16328,0.16755,0.17077
50.0,0.0048206,0.010864,0.020890,0.037160,0.058199,0.078649,0.099406,0.11871,0.12733,0.13483,0.14142
60.0,0.0038273,0.0087071,0.016908,0.030442,0.047546,0.064907,0.082984,0.098313,0.10962,0.11664,0.12292
70.0,0.0031840,0.0072928,0.014267,0.025917,0.040333,0.055480,0.069670,0.086408,0.096891,0.10349,0.10945
80.0,0.0027056,0.0062324,0.012273,0.022461,0.034861,0.048274,0.060931,0.077036,0.086809,0.093012,0.098690
90.0,0.0023339,0.0054043,0.010705,0.019586,0.030546,0.041825,0.054494,0.069400,0.078547,0.084404,0.089814
100.0,0.0020378,0.0047408,0.0094424,0.017273,0.027059,0.037094,0.049179,0.063046,0.071636,0.077181,0.082346
110.0,0.0017970,0.0041988,0.0084057,0.015357,0.024126,0.033397,0.044487,0.057304,0.065301,0.070486,0.075342
120.0,0.0015975,0.0037480,0.0075393,0.013760,0.021382,0.030277,0.040509,0.052416,0.059887,0.064756,0.069338
130.0,0.0014254,0.0033582,0.0067871,0.012381,0.019346,0.027556,0.037033,0.048128,0.055129,0.059713,0.064042
140.0,0.0012799,0.0030271,0.0061454,0.011207,0.017629,0.025211,0.034020,0.044391,0.050976,0.055301,0.059401
150.0,0.0011557,0.0027434,0.0055931,0.010185,0.016141,0.023171,0.031390,0.041114,0.047318,0.051405,0.055304
175.0,0.00091266,0.0021848,0.0044973,0.0081882,0.013160,0.019055,0.026047,0.034420,0.039819,0.043404,0.046841
200.0,0.00073803,0.0017799,0.0036951,0.0067651,0.010945,0.015967,0.022005,0.029306,0.034052,0.037226,0.040290
250.0,0.00050726,0.0012379,0.0026052,0.0048255,0.0078964,0.011670,0.016306,0.022008,0.025764,0.028302,0.030776
300.0,0.00036598,0.00090197,0.0019197,0.0035258,0.0057979,0.0086364,0.012201,0.016666,0.019651,0.021687,0.024239
350.0,0.00027298,0.00067836,0.0014579,0.0026602,0.0043929,0.0065882,0.0093962,0.012967,0.015380,0.017370,0.019478
400.0,0.00020857,0.00052197,0.0011312,0.0020531,0.0034026,0.0051357,0.0073857,0.010282,0.012414,0.014116,0.015868
450.0,0.00016162,0.00040333,0.00087057,0.0016193,0.0026778,0.0040639,0.0058871,0.0082589,0.010162,0.011580,0.013045
500.0,0.00012699,0.00031633,0.00068107,0.0012980,0.0021329,0.0032527,0.0047436,0.0067396,0.0083804,0.0095680,0.010796
600.0,8.0543e-05,0.00020028,0.00042994,0.00082955,0.0013859,0.0021328,0.0031470,0.0046252,0.0057791,0.0066153,0.0074807
700.0,5.2542e-05,0.00013037,0.00027965,0.00054740,0.00092253,0.0014298,0.0021296,0.0032152,0.0040309,0.0046239,0.0052384
800.0,3.4796e-05,8.6334e-05,0.00018511,0.00036129,0.00062909,0.00097139,0.0014689,0.0022540,0.0028345,0.0032567,0.0036950
1000.0,1.6211e-05,4.0298e-05,8.6532e-05,0.00016920,0.00029707,0.00047958,0.00075532,0.0011728,0.0014836,0.0017104,0.0019490
1200.0,7.9541e-06,1.9917e-05,4.3022e-05,8.4726e-05,0.00015046,0.00025202,0.00041048,0.00064579,0.00082279,0.00095364,0.0010912
1500.0,2.9989e-06,7.6755e-06,1.6986e-05,3.4322e-05,6.2524e-05,0.00010738,0.00017870,0.00028597,0.00036769,0.00042863,0.00049332
SA0P2
r\m,4.0,4.5,5.0,5.5,6.0,6.5,7.0,7.5,7.8,8.0,8.2
0.0,0.13058,0.24102,0.36533,0.50695,0.63888,0.73198,0.83290,0.97957,1.0049,1.0091,1.0036
1.0,0.098378,0.18966,0.29795,0.42261,0.54291,0.63399,0.73352,0.84690,0.87951,0.89068,0.89307
5.0,0.043574,0.093084,0.16136,0.24901,0.34593,0.43335,0.52596,0.61078,0.64992,0.66889,0.68122
10.0,0.024028,0.052912,0.095769,0.15549,0.22706,0.30117,0.35515,0.39771,0.45981,0.48598,0.52548
15.0,0.015733,0.035073,0.064855,0.10825,0.16417,0.22248,0.26319,0.29662,0.32207,0.35787,0.38815
20.0,0.011190,0.025366,0.047780,0.081627,0.12690,0.17132,0.20641,0.23730,0.25222,0.26939,0.29935
25.0,0.0085072,0.019528,0.037272,0.064750,0.10246,0.13779,0.16841,0.19669,0.21107,0.21900,0.23864
30.0,0.0067618,0.015674,0.030223,0.053194,0.085328,0.11434,0.14139,0.16729,0.18095,0.18874,0.19512
40.0,0.0046547,0.010953,0.021453,0.038524,0.061891,0.084016,0.10584,0.12783,0.13873,0.14298,0.14642
50.0,0.0034505,0.0082133,0.016281,0.029692,0.047603,0.065487,0.083736,0.10100,0.10900,0.11588,0.12206
60.0,0.0027686,0.0066503,0.013308,0.024565,0.039297,0.054607,0.070619,0.084531,0.094764,0.10123,0.10713
70.0,0.0023322,0.0056378,0.011359,0.021156,0.033739,0.047234,0.060021,0.075119,0.084673,0.090781,0.096418
80.0,0.0020055,0.0048738,0.0098801,0.018538,0.029497,0.041565,0.053074,0.067673,0.076642,0.082423,0.087811
90.0,0.0017494,0.0042718,0.0087069,0.016337,0.026122,0.036410,0.047941,0.061558,0.070010,0.075500,0.080658
100.0,0.0015436,0.0037854,0.0077547,0.014551,0.023370,0.032613,0.043670,0.056430,0.064421,0.069649,0.074597
110.0,0.0013747,0.0033848,0.0069666,0.013056,0.021026,0.029614,0.039827,0.051691,0.059168,0.064079,0.068747
120.0,0.0012336,0.0030488,0.0063026,0.011801,0.018804,0.027065,0.036546,0.047631,0.054652,0.059286,0.063708
130.0,0.0011098,0.0027534,0.0057171,0.010700,0.017141,0.024812,0.033645,0.044031,0.050645,0.055027,0.059223
140.0,0.0010043,0.0025006,0.0052141,0.0097557,0.015731,0.022857,0.031115,0.040875,0.047127,0.051281,0.055272
150.0,0.00091366,0.0022827,0.0047784,0.0089288,0.014501,0.021146,0.028893,0.038094,0.044013,0.047958,0.051768
175.0,0.00073388,0.0018477,0.0039030,0.0072933,0.012005,0.017652,0.024326,0.032345,0.037556,0.041055,0.044449
200.0,0.00060280,0.0015281,0.0032536,0.0061130,0.010127,0.014999,0.020832,0.027908,0.032542,0.035673,0.038730
250.0,0.00042627,0.0010925,0.0023560,0.0044769,0.0074998,0.011248,0.015832,0.021487,0.025238,0.027797,0.030318
300.0,0.00031555,0.00081613,0.0017789,0.0033547,0.0056463,0.0085325,0.012137,0.016664,0.019710,0.021807,0.024436
350.0,0.00024106,0.00062827,0.0013822,0.0025916,0.0043800,0.0066624,0.0095639,0.013263,0.015779,0.017859,0.020079
400.0,0.00018840,0.00049426,0.0010961,0.0020458,0.0034699,0.0053108,0.0076852,0.010750,0.013015,0.014832,0.016718
450.0,0.00014937,0.00039073,0.00086297,0.0016478,0.0027896,0.0042928,0.0062568,0.0088190,0.010880,0.012427,0.014037
500.0,0.00011997,0.00031322,0.00069002,0.0013477,0.0022685,0.0035076,0.0051464,0.0073459,0.0091586,0.010481,0.011861
600.0,7.9392e-05,0.00020683,0.00045430,0.00089725,0.0015343,0.0023934,0.0035528,0.0052446,0.0065722,0.0075425,0.0085558
700.0,5.3917e-05,0.00014012,0.00030744,0.00061513,0.0010604,0.0016658,0.0024958,0.0037839,0.0047586,0.0054729,0.0062193
800.0,3.7132e-05,9.6402e-05,0.00021132,0.00042137,0.00074888,0.0011717,0.0017815,0.0027441,0.0034608,0.0039857,0.0045347
1000.0,1.8176e-05,4.7233e-05,0.00010366,0.00020681,0.00036975,0.00060322,0.00095409,0.0014863,0.0018842,0.0021761,0.0024849
1200.0,9.2807e-06,2.4241e-05,5.3444e-05,0.00010719,0.00019332,0.00032652,0.00053354,0.00084157,0.0010738,0.0012460,0.0014277
1500.0,3.6486e-06,9.7087e-06,2.1886e-05,4.4948e-05,8.2961e-05,0.00014342,0.00023918,0.00038320,0.00049286,0.00057471,0.00066164
SA0P25
r\m,4.0,4.5,5.0,5.5,6.0,6.5,7.0,7.5,7.8,8.0,8.2
0.0,0.10000,0.19158,0.29748,0.42050,0.53759,0.62135,0.70831,0.83319,0.85542,0.85975,0.85603
1.0,0.074675,0.14999,0.24203,0.35024,0.45698,0.53871,0.62457,0.72162,0.75003,0.76020,0.76310
5.0,0.032326,0.072435,0.12972,0.20503,0.29023,0.36798,0.44846,0.52220,0.55655,0.57354,0.58501
10.0,0.017718,0.040940,0.076616,0.12755,0.19012,0.25552,0.30337,0.34133,0.39512,0.41822,0.45282
15.0,0.011597,0.027135,0.051892,0.088848,0.13750,0.18883,0.22515,0.25517,0.27778,0.30901,0.33569
20.0,0.0082662,0.019661,0.038283,0.067072,0.10637,0.14558,0.17685,0.20453,0.21809,0.23336,0.25969
25.0,0.0062978,0.015163,0.029909,0.053279,0.085987,0.11727,0.14454,0.16986,0.18288,0.19020,0.20764
30.0,0.0050168,0.012195,0.024295,0.043842,0.071721,0.097486,0.12159,0.14476,0.15712,0.16428,0.17027
40.0,0.0034695,0.0085584,0.017311,0.031869,0.052229,0.071917,0.091380,0.11107,0.12098,0.12503,0.12841
50.0,0.0025837,0.0064451,0.013189,0.024657,0.040340,0.056288,0.072602,0.088166,0.095519,0.10180,0.10752
60.0,0.0020869,0.0052521,0.010847,0.020525,0.033520,0.047246,0.061628,0.074288,0.083568,0.089486,0.094952
70.0,0.0017717,0.0044863,0.0093260,0.017806,0.028998,0.041176,0.052791,0.066485,0.075193,0.080809,0.086049
80.0,0.0015350,0.0039064,0.0081676,0.015710,0.025536,0.036494,0.047012,0.060299,0.068512,0.073851,0.078878
90.0,0.0013484,0.0034471,0.0072444,0.013937,0.022766,0.032194,0.042737,0.055193,0.062969,0.068061,0.072891
100.0,0.0011977,0.0030742,0.0064915,0.012492,0.020497,0.029020,0.039164,0.050892,0.058278,0.063147,0.067796
110.0,0.0010734,0.0027656,0.0058655,0.011274,0.018548,0.026497,0.035906,0.046854,0.053789,0.058378,0.062777
120.0,0.00096901,0.0025054,0.0053354,0.010246,0.016684,0.024343,0.033113,0.043382,0.049918,0.054261,0.058441
130.0,0.00087637,0.0022740,0.0048632,0.0093358,0.015282,0.022421,0.030624,0.040281,0.046459,0.050580,0.054558
140.0,0.00079703,0.0020752,0.0044558,0.0085515,0.014088,0.020746,0.028444,0.037553,0.043413,0.047333,0.051127
150.0,0.00072856,0.0019031,0.0041015,0.0078621,0.013043,0.019276,0.026524,0.035140,0.040708,0.044443,0.048076
175.0,0.00059164,0.0015567,0.0033839,0.0064876,0.010906,0.016248,0.022545,0.030116,0.035056,0.038394,0.041656
200.0,0.00049091,0.0013000,0.0028473,0.0054882,0.0092853,0.013933,0.019480,0.026215,0.030643,0.033653,0.036613
250.0,0.00035366,0.00094626,0.0020979,0.0040892,0.0069959,0.010629,0.015058,0.020525,0.024166,0.026664,0.029142
300.0,0.00026630,0.00071864,0.0016096,0.0031157,0.0053560,0.0081986,0.011734,0.016180,0.019182,0.021262,0.023867
350.0,0.00020671,0.00056191,0.0012698,0.0024455,0.0042219,0.0065052,0.0093953,0.013083,0.015602,0.017687,0.019923
400.0,0.00016405,0.00044875,0.0010219,0.0019606,0.0033975,0.0052675,0.0076686,0.010771,0.013071,0.014920,0.016851
450.0,0.00013213,0.00036037,0.00081729,0.0016025,0.0027730,0.0043233,0.0063397,0.0089739,0.011095,0.012695,0.014371
500.0,0.00010777,0.00029334,0.00066360,0.0013295,0.0022891,0.0035866,0.0052948,0.0075905,0.0094853,0.010876,0.012336
600.0,7.3535e-05,0.00019972,0.00045051,0.00091230,0.0015958,0.0025234,0.0037697,0.0055893,0.0070232,0.0080783,0.0091878
700.0,5.1474e-05,0.00013947,0.00031427,0.00064432,0.0011367,0.0018106,0.0027309,0.0041595,0.0052472,0.0060499,0.0068949
800.0,3.6566e-05,9.8944e-05,0.00022273,0.00045518,0.00082704,0.0013128,0.0020093,0.0031097,0.0039346,0.0045430,0.0051839
1000.0,1.8670e-05,5.0575e-05,0.00011402,0.00023315,0.00042590,0.00070406,0.0011206,0.0017546,0.0022316,0.0025839,0.0029585
1200.0,9.8997e-06,2.6927e-05,6.0963e-05,0.00012520,0.00023042,0.00039384,0.00064734,0.0010260,0.0013131,0.0015270,0.0017539
1500.0,4.0712e-06,1.1257e-05,2.6025e-05,5.4665e-05,0.00010281,0.00017968,0.00030124,0.00048463,0.00062480,0.00072983,0.00084176
SA0P3
r\m,4.0,4.5,5.0,5.5,6.0,6.5,7.0,7.5,7.8,8.0,8.2
0.0,0.078618,0.15556,0.24774,0.35738,0.46393,0.54130,0.61905,0.72895,0.74899,0.75325,0.75056
1.0,0.058360,0.12138,0.20125,0.29749,0.39446,0.46965,0.54633,0.63211,0.65751,0.66684,0.66989
5.0,0.024883,0.057995,0.10711,0.17341,0.24997,0.32066,0.39266,0.45849,0.48929,0.50469,0.51532
10.0,0.013586,0.032657,0.063068,0.10762,0.16354,0.22254,0.26596,0.30047,0.34819,0.36894,0.39981
15.0,0.0088910,0.021647,0.042723,0.074993,0.11830,0.16450,0.19759,0.22500,0.24542,0.27322,0.29713
20.0,0.0063474,0.015704,0.031550,0.056657,0.091568,0.12693,0.15536,0.18057,0.19301,0.20679,0.23035
25.0,0.0048431,0.012128,0.024676,0.045049,0.074087,0.10235,0.12713,0.15016,0.16208,0.16885,0.18457
30.0,0.0038641,0.0097672,0.020068,0.037113,0.061861,0.085193,0.10708,0.12816,0.13946,0.14606,0.15165
40.0,0.0026809,0.0068752,0.014338,0.027047,0.045172,0.063019,0.080702,0.098615,0.10770,0.11152,0.11476
50.0,0.0020030,0.0051930,0.010954,0.020982,0.034989,0.049464,0.064302,0.078523,0.085320,0.091086,0.096381
60.0,0.0016252,0.0042505,0.0090458,0.017539,0.029203,0.041703,0.054825,0.066468,0.074965,0.080414,0.085483
70.0,0.0013871,0.0036494,0.0078157,0.015289,0.025394,0.036532,0.047216,0.059774,0.067776,0.072963,0.077835
80.0,0.0012079,0.0031935,0.0068771,0.013553,0.022472,0.032537,0.042250,0.054462,0.062035,0.066982,0.071668
90.0,0.0010662,0.0028311,0.0061267,0.012078,0.020127,0.028841,0.038577,0.050065,0.057257,0.061989,0.066503
100.0,0.00095137,0.0025359,0.0055129,0.010872,0.018199,0.026111,0.035496,0.046349,0.053202,0.057740,0.062097
110.0,0.00085638,0.0022909,0.0050010,0.0098509,0.016533,0.023931,0.032662,0.042820,0.049271,0.053558,0.057689
120.0,0.00077628,0.0020835,0.0045661,0.0089864,0.014931,0.022064,0.030225,0.039779,0.045873,0.049940,0.053874
130.0,0.00070463,0.0018977,0.0041758,0.0082158,0.013722,0.020387,0.028040,0.037048,0.042824,0.046691,0.050443
140.0,0.00064306,0.0017376,0.0038380,0.0075496,0.012689,0.018922,0.026122,0.034639,0.040131,0.043819,0.047406
150.0,0.00058978,0.0015986,0.0035436,0.0069625,0.011783,0.017633,0.024429,0.032506,0.037736,0.041258,0.044700
175.0,0.00048260,0.0013172,0.0029439,0.0057856,0.0099192,0.014963,0.020901,0.028039,0.032705,0.035870,0.038976
200.0,0.00040327,0.0011074,0.0024931,0.0049256,0.0084993,0.012912,0.018172,0.024556,0.028762,0.031631,0.034466
250.0,0.00029432,0.00081622,0.0018590,0.0037139,0.0064808,0.0099688,0.014213,0.019453,0.022950,0.025358,0.027758
300.0,0.00022428,0.00062709,0.0014424,0.0028629,0.0050202,0.0077799,0.011206,0.015513,0.018429,0.020456,0.022994
350.0,0.00017607,0.00049573,0.0011500,0.0022724,0.0040023,0.0062438,0.0090744,0.012687,0.015161,0.017210,0.019413
400.0,0.00014126,0.00040015,0.00093528,0.0018418,0.0032570,0.0051131,0.0074907,0.010564,0.012846,0.014683,0.016608
450.0,0.00011507,0.00032497,0.00075642,0.0015213,0.0026876,0.0042435,0.0062623,0.0089016,0.011028,0.012637,0.014330
500.0,9.4904e-05,0.00026748,0.00062101,0.0012753,0.0022432,0.0035602,0.0052898,0.0076162,0.0095375,0.010953,0.012447
600.0,6.6230e-05,0.00018626,0.00043125,0.00089501,0.0015998,0.0025636,0.0038557,0.0057426,0.0072342,0.0083372,0.0095037
700.0,4.7431e-05,0.00013310,0.00030785,0.00064667,0.0011664,0.0018840,0.0028620,0.0043804,0.0055423,0.0064047,0.0073178
800.0,3.4513e-05,9.6719e-05,0.00022350,0.00046817,0.00086947,0.0014004,0.0021592,0.0033589,0.0042637,0.0049352,0.0056467
1000.0,1.8236e-05,5.1184e-05,0.00011854,0.00024856,0.00046418,0.00077830,0.0012480,0.0019654,0.0025089,0.0029128,0.0033446
1200.0,9.9880e-06,2.8140e-05,6.5446e-05,0.00013779,0.00025914,0.00044896,0.00074340,0.0011853,0.0015224,0.0017751,0.0020445
1500.0,4.2814e-06,1.2248e-05,2.9065e-05,6.2550e-05,0.00012013,0.00021272,0.00035921,0.00058128,0.00075202,0.00088056,0.0010182
SA0P4
r\m,4.0,4.5,5.0,5.5,6.0,6.5,7.0,7.5,7.8,8.0,8.2
0.0,0.051825,0.10780,0.17983,0.27010,0.36188,0.43118,0.49811,0.58943,0.60700,0.61128,0.60991
1.0,0.038193,0.083780,0.14581,0.22469,0.30779,0.37444,0.44007,0.51190,0.53369,0.54199,0.54519
5.0,0.015988,0.039515,0.076963,0.13030,0.19454,0.25554,0.31669,0.37239,0.39856,0.41183,0.42121
10.0,0.0086901,0.022156,0.045149,0.080634,0.12709,0.17724,0.21484,0.24486,0.28448,0.30200,0.32777
15.0,0.0056877,0.014690,0.030597,0.056226,0.091968,0.13106,0.15983,0.18373,0.20117,0.22431,0.24436
20.0,0.0040692,0.010676,0.022626,0.042524,0.071239,0.10124,0.12584,0.14770,0.15856,0.17025,0.18996
25.0,0.0031111,0.0082597,0.017723,0.033857,0.057706,0.081752,0.10313,0.12303,0.13339,0.13933,0.15260
30.0,0.0024875,0.0066649,0.014438,0.027935,0.048250,0.068153,0.087013,0.10519,0.11498,0.12075,0.12570
40.0,0.0017334,0.0047103,0.010352,0.020427,0.035357,0.050589,0.065807,0.081235,0.089136,0.092570,0.095543
50.0,0.0013006,0.0035721,0.0079373,0.015901,0.027488,0.039851,0.052625,0.064941,0.070910,0.075913,0.080543
60.0,0.0010615,0.0029405,0.0065902,0.013363,0.023071,0.033787,0.045118,0.055289,0.062641,0.067381,0.071822
70.0,0.00091225,0.0025415,0.0057298,0.011722,0.020193,0.029789,0.039118,0.050024,0.056975,0.061504,0.065786
80.0,0.00079969,0.0022381,0.0050721,0.010453,0.017981,0.026696,0.035217,0.045842,0.052446,0.056782,0.060915
90.0,0.00071026,0.0019960,0.0045442,0.0093687,0.016197,0.023806,0.032332,0.042367,0.048664,0.052827,0.056822
100.0,0.00063749,0.0017981,0.0041108,0.0084788,0.014726,0.021672,0.029904,0.039422,0.045444,0.049450,0.053319
110.0,0.00057707,0.0016331,0.0037480,0.0077216,0.013445,0.019956,0.027642,0.036580,0.042266,0.046062,0.049740
120.0,0.00052589,0.0014929,0.0034385,0.0070778,0.012204,0.018483,0.025691,0.034123,0.039513,0.043124,0.046636
130.0,0.00047962,0.0013659,0.0031581,0.0064986,0.011262,0.017148,0.023928,0.031903,0.037026,0.040470,0.043829
140.0,0.00043969,0.0012561,0.0029145,0.0059960,0.010456,0.015977,0.022375,0.029939,0.034825,0.038119,0.041338
150.0,0.00040501,0.0011604,0.0027015,0.0055516,0.0097462,0.014945,0.021001,0.028195,0.032862,0.036017,0.039114
175.0,0.00033471,0.00096519,0.0022644,0.0046546,0.0082757,0.012790,0.018118,0.024519,0.028710,0.031565,0.034380
200.0,0.00028226,0.00081861,0.0019336,0.0039952,0.0071487,0.011125,0.015876,0.021640,0.025445,0.028050,0.030636
250.0,0.00020953,0.00061331,0.0014644,0.0030587,0.0055347,0.0087202,0.012605,0.017400,0.020607,0.022825,0.025046
300.0,0.00016218,0.00047833,0.0011526,0.0023933,0.0043523,0.0069084,0.010086,0.014082,0.016794,0.018688,0.021054
350.0,0.00012920,0.00038359,0.00093178,0.0019271,0.0035209,0.0056265,0.0082880,0.011687,0.014022,0.015954,0.018039
400.0,0.00010515,0.00031398,0.00076813,0.0015844,0.0029072,0.0046757,0.0069428,0.0098768,0.012058,0.013816,0.015668
450.0,8.6938e-05,0.00025879,0.00063040,0.0013268,0.0024338,0.0039378,0.0058907,0.0084480,0.010508,0.012073,0.013728
500.0,7.2759e-05,0.00021616,0.00052516,0.0011276,0.0020613,0.0033536,0.0050520,0.0073402,0.0092302,0.010631,0.012117
600.0,5.2331e-05,0.00015515,0.00037593,0.00081560,0.0015161,0.0024925,0.0038027,0.0057176,0.0072379,0.0083703,0.0095768
700.0,3.8661e-05,0.00011443,0.00027699,0.00060812,0.0011421,0.0018946,0.0029217,0.0045173,0.0057481,0.0066691,0.0076528
800.0,2.9095e-05,8.6010e-05,0.00020807,0.00045592,0.00088160,0.0014604,0.0022869,0.0035964,0.0045941,0.0053415,0.0061407
1000.0,1.6155e-05,4.7899e-05,0.00011629,0.00025539,0.00049714,0.00085737,0.0013973,0.0022282,0.0028653,0.0033439,0.0038602
1200.0,9.2966e-06,2.7674e-05,6.7509e-05,0.00014891,0.00029197,0.00052011,0.00087562,0.0014146,0.0018312,0.0021466,0.0024863
1500.0,4.2610e-06,1.2872e-05,3.2023e-05,7.2178e-05,0.00014452,0.00026317,0.00045205,0.00074179,0.00096751,0.0011393,0.0013250
SA0P5
r\m,4.0,4.5,5.0,5.5,6.0,6.5,7.0,7.5,7.8,8.0,8.2
0.0,0.036447,0.078579,0.13619,0.21213,0.29300,0.35691,0.41779,0.49829,0.51489,0.51947,0.51914
1.0,0.026749,0.060928,0.11031,0.17640,0.24926,0.31011,0.36935,0.43314,0.45310,0.46101,0.46448
5.0,0.011081,0.028527,0.057954,0.10201,0.15733,0.21160,0.26600,0.31564,0.33911,0.35112,0.35977
10.0,0.0060089,0.015959,0.033934,0.063033,0.10270,0.14672,0.18064,0.20796,0.24248,0.25797,0.28045
15.0,0.0039340,0.010586,0.023006,0.043976,0.074344,0.10853,0.13450,0.15625,0.17180,0.19194,0.20948
20.0,0.0028186,0.0077033,0.017030,0.033286,0.057621,0.083895,0.10599,0.12573,0.13559,0.14593,0.16311
25.0,0.0021580,0.0059671,0.013353,0.026527,0.046712,0.067807,0.086946,0.10484,0.11419,0.11959,0.13123
30.0,0.0017279,0.0048213,0.010891,0.021909,0.039094,0.056585,0.073431,0.089732,0.098540,0.10376,0.10827
40.0,0.0012075,0.0034167,0.0078277,0.016057,0.028712,0.042093,0.055654,0.069448,0.076566,0.079738,0.082508
50.0,0.00090865,0.0025980,0.0060164,0.012528,0.022373,0.033233,0.044604,0.055650,0.061064,0.065546,0.069712
60.0,0.00074442,0.0021465,0.0050124,0.010563,0.018844,0.028272,0.038369,0.047543,0.054116,0.058365,0.062361
70.0,0.00064248,0.0018629,0.0043752,0.0093013,0.016558,0.025024,0.033400,0.043170,0.049397,0.053463,0.057322
80.0,0.00056554,0.0016471,0.0038875,0.0083248,0.014800,0.022508,0.030179,0.039697,0.045623,0.049524,0.053255
90.0,0.00050425,0.0014745,0.0034952,0.0074880,0.013379,0.020146,0.027797,0.036806,0.042467,0.046218,0.049830
100.0,0.00045427,0.0013330,0.0031725,0.0067995,0.012204,0.018400,0.025789,0.034349,0.039774,0.043391,0.046894
110.0,0.00041267,0.0012148,0.0029017,0.0062117,0.011177,0.016992,0.023904,0.031956,0.037086,0.040519,0.043854
120.0,0.00037733,0.0011141,0.0026701,0.0057107,0.010176,0.015780,0.022274,0.029884,0.034754,0.038025,0.041214
130.0,0.00034516,0.0010223,0.0024590,0.0052573,0.0094153,0.014677,0.020794,0.028003,0.032640,0.035764,0.038819
140.0,0.00031733,0.00094265,0.0022751,0.0048630,0.0087624,0.013707,0.019489,0.026337,0.030765,0.033758,0.036691
150.0,0.00029310,0.00087312,0.0021140,0.0045137,0.0081866,0.012850,0.018332,0.024855,0.029092,0.031962,0.034788
175.0,0.00024375,0.00073064,0.0017820,0.0038054,0.0069883,0.011054,0.015893,0.021718,0.025537,0.028144,0.030722
200.0,0.00020675,0.00062313,0.0015296,0.0032828,0.0060665,0.0096612,0.013992,0.019255,0.022735,0.025123,0.027501
250.0,0.00015513,0.00047169,0.0011697,0.0025371,0.0047407,0.0076421,0.011208,0.015620,0.018576,0.020625,0.022683
300.0,0.00012125,0.00037138,0.00092900,0.0020035,0.0037622,0.0061092,0.0090484,0.012753,0.015273,0.017037,0.019234
350.0,9.7488e-05,0.00030050,0.00075746,0.0016276,0.0030707,0.0050200,0.0075010,0.010677,0.012864,0.014671,0.016626
400.0,8.0048e-05,0.00024812,0.00062970,0.0013499,0.0025582,0.0042092,0.0063397,0.0091046,0.011162,0.012820,0.014573
450.0,6.6798e-05,0.00020640,0.00052150,0.0011400,0.0021606,0.0035768,0.0054277,0.0078591,0.0098167,0.011308,0.012891
500.0,5.6417e-05,0.00017399,0.00043841,0.00097711,0.0018465,0.0030746,0.0046988,0.0068937,0.0087066,0.010055,0.011492
600.0,4.1352e-05,0.00012729,0.00031987,0.00072031,0.0013848,0.0023312,0.0036093,0.0054815,0.0069727,0.0080891,0.0092845
700.0,3.1161e-05,9.5796e-05,0.00024051,0.00054800,0.0010654,0.0018111,0.0028359,0.0044311,0.0056693,0.0066014,0.0076028
800.0,2.3967e-05,7.3613e-05,0.00018474,0.00042040,0.00084170,0.0014304,0.0022754,0.0036183,0.0046500,0.0054282,0.0062659
1000.0,1.3754e-05,4.2429e-05,0.00010698,0.00024426,0.00049293,0.00087253,0.0014455,0.0023343,0.0030230,0.0035448,0.0041114
1200.0,8.1897e-06,2.5384e-05,6.4356e-05,0.00014767,0.00030037,0.00054926,0.00094053,0.0015401,0.0020088,0.0023668,0.0027557
1500.0,3.9403e-06,1.2401e-05,3.2069e-05,7.5213e-05,0.00015634,0.00029245,0.00051134,0.00085148,0.0011199,0.0013262,0.0015513
SA0P75
r\m,4.0,4.5,5.0,5.5,6.0,6.5,7.0,7.5,7.8,8.0,8.2
0.0,0.018131,0.041375,0.076792,0.12845,0.18934,0.24301,0.29520,0.36120,0.37755,0.38333,0.38519
1.0,0.013239,0.031992,0.062122,0.10679,0.16113,0.21131,0.26120,0.31435,0.33265,0.34059,0.34503
5.0,0.0054156,0.014850,0.032464,0.061553,0.10156,0.14419,0.18834,0.22962,0.24966,0.26021,0.26815
10.0,0.0029298,0.0082895,0.018974,0.037985,0.066263,0.099977,0.12810,0.15170,0.17895,0.19166,0.20952
15.0,0.0019200,0.0055047,0.012878,0.026532,0.048007,0.074009,0.095498,0.11418,0.12712,0.14294,0.15689
20.0,0.0013789,0.0040143,0.0095504,0.020113,0.037250,0.057279,0.075355,0.092007,0.10051,0.10892,0.12242
25.0,0.0010581,0.0031162,0.0075027,0.016055,0.030239,0.046361,0.061903,0.076832,0.084774,0.089422,0.098701
30.0,0.00084922,0.0025234,0.0061312,0.013284,0.025346,0.038748,0.052359,0.065857,0.073264,0.077703,0.081596
40.0,0.00059626,0.0017963,0.0044245,0.0097711,0.018681,0.028919,0.039806,0.051124,0.057101,0.059909,0.062395
50.0,0.00045072,0.0013719,0.0034143,0.0076517,0.014610,0.022907,0.032003,0.041099,0.045693,0.049402,0.052874
60.0,0.00037134,0.0011397,0.0028593,0.0064838,0.012366,0.019581,0.027654,0.035272,0.040664,0.044172,0.047495
70.0,0.00032250,0.00099521,0.0025102,0.0057411,0.010927,0.017424,0.024203,0.032181,0.037291,0.040649,0.043856
80.0,0.00028558,0.00088511,0.0022428,0.0051658,0.0098189,0.015753,0.021975,0.029726,0.034594,0.037818,0.040919
90.0,0.00025608,0.00079672,0.0020270,0.0046704,0.0089206,0.014170,0.020330,0.027676,0.032333,0.035436,0.038440
100.0,0.00023194,0.00072407,0.0018489,0.0042615,0.0081755,0.013001,0.018940,0.025931,0.030399,0.033394,0.036311
110.0,0.00021178,0.00066316,0.0016990,0.0039107,0.0075194,0.012054,0.017620,0.024206,0.028438,0.031284,0.034063
120.0,0.00019459,0.00061107,0.0015703,0.0036108,0.0068761,0.011236,0.016476,0.022710,0.026733,0.029448,0.032109
130.0,0.00017879,0.00056312,0.0014520,0.0033370,0.0063852,0.010486,0.015430,0.021345,0.025180,0.027776,0.030328
140.0,0.00016506,0.00052137,0.0013485,0.0030982,0.0059628,0.0098248,0.014505,0.020132,0.023799,0.026290,0.028743
150.0,0.00015307,0.00048481,0.0012576,0.0028858,0.0055894,0.0092392,0.013684,0.019051,0.022565,0.024957,0.027323
175.0,0.00012848,0.00040933,0.0010690,0.0024527,0.0048072,0.0080038,0.011942,0.016751,0.019928,0.022108,0.024273
200.0,0.00010990,0.00035199,0.00092467,0.0021314,0.0042022,0.0070417,0.010578,0.014938,0.017844,0.019848,0.021852
250.0,8.3750e-05,0.00027049,0.00071722,0.0016696,0.0033267,0.0056391,0.0085730,0.012255,0.014743,0.016476,0.018224
300.0,6.6379e-05,0.00021590,0.00057702,0.0013356,0.0026734,0.0045628,0.0070014,0.010119,0.012256,0.013761,0.015623
350.0,5.4070e-05,0.00017694,0.00047622,0.0010985,0.0022087,0.0037938,0.0058707,0.0085672,0.010440,0.011982,0.013655
400.0,4.4952e-05,0.00014790,0.00040058,0.00092206,0.0018622,0.0032189,0.0050194,0.0073894,0.0091614,0.010590,0.012108
450.0,3.7992e-05,0.00012462,0.00033593,0.00078779,0.0015916,0.0027681,0.0043483,0.0064542,0.0081528,0.0094531,0.010841
500.0,3.2491e-05,0.00010639,0.00028596,0.00068309,0.0013770,0.0024089,0.0038109,0.0057319,0.0073219,0.0085135,0.0097913
600.0,2.4437e-05,7.9900e-05,0.00021417,0.00051676,0.0010603,0.0018761,0.0030076,0.0046838,0.0060300,0.0070470,0.0081449
700.0,1.8918e-05,6.1830e-05,0.00016558,0.00040418,0.00083963,0.0015019,0.0024364,0.0039065,0.0050629,0.0059428,0.0068973
800.0,1.4993e-05,4.8994e-05,0.00013121,0.00032020,0.00068528,0.0012274,0.0020240,0.0033058,0.0043074,0.0050722,0.0059048
1000.0,9.0081e-06,2.9648e-05,7.9924e-05,0.00019606,0.00042388,0.00079152,0.0013610,0.0022628,0.0029766,0.0035258,0.0041293
1200.0,5.6319e-06,1.8662e-05,5.0675e-05,0.00012509,0.00027304,0.00052707,0.00093783,0.0015838,0.0021011,0.0025025,0.0029455
1500.0,2.9111e-06,9.8206e-06,2.7237e-05,6.8813e-05,0.00015383,0.00030433,0.00055403,0.00095419,0.0012789,0.0015333,0.0018160
SA1P0
r\m,4.0,4.5,5.0,5.5,6.0,6.5,7.0,7.5,7.8,8.0,8.2
0.0,0.010582,0.025016,0.048619,0.085624,0.13274,0.17811,0.22415,0.28181,0.29839,0.30519,0.30863
1.0,0.0077091,0.019320,0.039314,0.071178,0.11300,0.15494,0.19843,0.24540,0.26305,0.27132,0.27661
5.0,0.0031366,0.0089361,0.020503,0.040985,0.071200,0.10576,0.14319,0.17948,0.19771,0.20761,0.21533
10.0,0.0016960,0.0049863,0.011981,0.025290,0.046466,0.073358,0.097486,0.11875,0.14190,0.15311,0.16845
15.0,0.0011125,0.0033148,0.0081404,0.017684,0.033692,0.054341,0.072740,0.089468,0.10094,0.11433,0.12630
20.0,0.00080030,0.0024211,0.0060451,0.013421,0.026167,0.042095,0.057447,0.072157,0.079889,0.087223,0.098661
25.0,0.00061509,0.0018822,0.0047555,0.010726,0.021264,0.034105,0.047235,0.060307,0.067436,0.071678,0.079628
30.0,0.00049442,0.0015265,0.0038917,0.0088863,0.017843,0.028534,0.039989,0.051737,0.058328,0.062334,0.065897
40.0,0.00034822,0.0010900,0.0028164,0.0065533,0.013183,0.021341,0.030459,0.040231,0.045536,0.048141,0.050478
50.0,0.00026400,0.00083488,0.0021793,0.0051448,0.010334,0.016940,0.024534,0.032400,0.036504,0.039764,0.042840
60.0,0.00021825,0.00069596,0.0018310,0.0043730,0.0087731,0.014520,0.021253,0.027872,0.032555,0.035629,0.038560
70.0,0.00019024,0.00060996,0.0016130,0.0038849,0.0077770,0.012959,0.018654,0.025492,0.029925,0.032861,0.035685
80.0,0.00016906,0.00054438,0.0014460,0.0035066,0.0070097,0.011749,0.016981,0.023602,0.027822,0.030638,0.033365
90.0,0.00015210,0.00049163,0.0013109,0.0031799,0.0063866,0.010598,0.015747,0.022021,0.026056,0.028764,0.031404
100.0,0.00013820,0.00044820,0.0011993,0.0029098,0.0058689,0.0097477,0.014703,0.020674,0.024544,0.027157,0.029717
110.0,0.00012657,0.00041173,0.0011052,0.0026775,0.0054114,0.0090577,0.013704,0.019333,0.022998,0.025481,0.027920
120.0,0.00011663,0.00038046,0.0010242,0.0024785,0.0049607,0.0084612,0.012838,0.018168,0.021653,0.024022,0.026356
130.0,0.00010743,0.00035151,0.00094932,0.0022959,0.0046164,0.0079114,0.012044,0.017102,0.020424,0.022689,0.024927
140.0,9.9431e-05,0.00032625,0.00088376,0.0021363,0.0043197,0.0074259,0.011340,0.016153,0.019330,0.021503,0.023654
150.0,9.2430e-05,0.00030409,0.00082602,0.0019941,0.0040570,0.0069954,0.010715,0.015307,0.018352,0.020439,0.022513
175.0,7.8002e-05,0.00025814,0.00070571,0.0017030,0.0035046,0.0060839,0.0093832,0.013501,0.016254,0.018156,0.020055
200.0,6.7060e-05,0.00022308,0.00061329,0.0014864,0.0030759,0.0053720,0.0083384,0.012075,0.014595,0.016343,0.018101
250.0,5.1563e-05,0.00017297,0.00047974,0.0011737,0.0024530,0.0043308,0.0067985,0.0099600,0.012121,0.013636,0.015172
300.0,4.1195e-05,0.00013916,0.00038887,0.00094579,0.0019849,0.0035264,0.0055842,0.0082672,0.010128,0.011446,0.013069
350.0,3.3799e-05,0.00011487,0.00032316,0.00078314,0.0016505,0.0029499,0.0047085,0.0070359,0.0086706,0.010015,0.011479
400.0,2.8289e-05,9.6675e-05,0.00027360,0.00066167,0.0014004,0.0025178,0.0040482,0.0061008,0.0076482,0.0088971,0.010231
450.0,2.4070e-05,8.2018e-05,0.00023099,0.00056880,0.0012042,0.0021779,0.0035266,0.0053577,0.0068425,0.0079845,0.0092100
500.0,2.0719e-05,7.0488e-05,0.00019792,0.00049619,0.0010483,0.0019069,0.0031089,0.0047854,0.0061802,0.0072325,0.0083668
600.0,1.5788e-05,5.3656e-05,0.00015024,0.00038034,0.00081785,0.0015047,0.0024854,0.0039605,0.0051562,0.0060661,0.0070544
700.0,1.2386e-05,4.2107e-05,0.00011780,0.00030165,0.00065706,0.0012224,0.0020434,0.0033530,0.0043961,0.0051963,0.0060703
800.0,9.9622e-06,3.3883e-05,9.4823e-05,0.00024286,0.00054510,0.0010162,0.0017270,0.0028878,0.0038080,0.0045173,0.0052953
1000.0,6.1208e-06,2.1007e-05,5.9251e-05,0.00015271,0.00034666,0.00067403,0.0011951,0.0020367,0.0027143,0.0032414,0.0038256
1200.0,3.9190e-06,1.3566e-05,3.8590e-05,0.00010018,0.00022985,0.00046222,0.00084865,0.0014706,0.0019781,0.0023767,0.0028211
1500.0,2.0989e-06,7.4153e-06,2.1578e-05,5.7402e-05,0.00013512,0.00027889,0.00052461,0.00092903,0.0012645,0.0015310,0.0018309
SA1P5
r\m,4.0,4.5,5.0,5.5,6.0,6.5,7.0,7.5,7.8,8.0,8.2
0.0,0.0046428,0.011513,0.023831,0.045127,0.075375,0.10843,0.14490,0.19139,0.20771,0.21552,0.22077
1.0,0.0033761,0.0088838,0.019266,0.037519,0.064189,0.094379,0.12834,0.16677,0.18322,0.19171,0.19798
5.0,0.0013679,0.0040990,0.010037,0.021599,0.040462,0.064476,0.092722,0.12216,0.13793,0.14694,0.15439
10.0,0.00073999,0.0022885,0.0058693,0.013339,0.026432,0.044767,0.063219,0.080967,0.099147,0.10854,0.12094
15.0,0.00048626,0.0015243,0.0039956,0.0093443,0.019195,0.033205,0.047235,0.061082,0.070640,0.081156,0.090806
20.0,0.00035062,0.0011159,0.0029735,0.0071054,0.014932,0.025760,0.037352,0.049320,0.055976,0.061999,0.071022
25.0,0.00027009,0.00086952,0.0023442,0.0056899,0.012155,0.020902,0.030753,0.041268,0.047301,0.051007,0.057389
30.0,0.00021759,0.00070678,0.0019225,0.0047231,0.010217,0.017515,0.026070,0.035444,0.040955,0.044402,0.047547
40.0,0.00015392,0.00050688,0.0013972,0.0034967,0.0075755,0.013140,0.019909,0.027623,0.032039,0.034361,0.036495
50.0,0.00011718,0.00038991,0.0010855,0.0027555,0.0059590,0.010462,0.016077,0.022296,0.025738,0.028436,0.031026
60.0,9.7315e-05,0.00032653,0.00091606,0.0023519,0.0050787,0.0089985,0.013970,0.019233,0.023010,0.025537,0.027987
70.0,8.5223e-05,0.00028753,0.00081069,0.0020985,0.0045205,0.0080609,0.012303,0.017639,0.021205,0.023611,0.025960
80.0,7.6073e-05,0.00025778,0.00072989,0.0019019,0.0040903,0.0073338,0.011234,0.016374,0.019762,0.022063,0.024324
90.0,6.8731e-05,0.00023380,0.00066444,0.0017315,0.0037404,0.0066373,0.010447,0.015315,0.018548,0.020758,0.022940
100.0,6.2700e-05,0.00021401,0.00061024,0.0015904,0.0034490,0.0061240,0.0097798,0.014411,0.017508,0.019636,0.021748
110.0,5.7644e-05,0.00019736,0.00056444,0.0014686,0.0031904,0.0057065,0.0091376,0.013503,0.016435,0.018455,0.020464
120.0,5.3311e-05,0.00018304,0.00052494,0.0013639,0.0029339,0.0053448,0.0085794,0.012713,0.015500,0.017425,0.019346
130.0,4.9274e-05,0.00016969,0.00048814,0.0012674,0.0027379,0.0050096,0.0080652,0.011987,0.014643,0.016482,0.018322
140.0,4.5751e-05,0.00015801,0.00045585,0.0011827,0.0025687,0.0047131,0.0076089,0.011341,0.013879,0.015642,0.017409
150.0,4.2661e-05,0.00014774,0.00042734,0.0011071,0.0024186,0.0044496,0.0072022,0.010763,0.013194,0.014887,0.016589
175.0,3.6257e-05,0.00012631,0.00036760,0.00095166,0.0021013,0.0038892,0.0063338,0.0095262,0.011723,0.013262,0.014818
200.0,3.1372e-05,0.00010987,0.00032146,0.00083545,0.0018539,0.0034497,0.0056500,0.0085469,0.010555,0.011970,0.013407
250.0,2.4399e-05,8.6182e-05,0.00025426,0.00066651,0.0014924,0.0028037,0.0046383,0.0070906,0.0088116,0.010035,0.011288
300.0,1.9686e-05,7.0033e-05,0.00020809,0.00054209,0.0012178,0.0022999,0.0038338,0.0059167,0.0073984,0.0084617,0.0097647
350.0,1.6294e-05,5.8329e-05,0.00017442,0.00045260,0.0010204,0.0019370,0.0032515,0.0050608,0.0063631,0.0074360,0.0086126
400.0,1.3746e-05,4.9487e-05,0.00014883,0.00038533,0.00087195,0.0016639,0.0028112,0.0044098,0.0056384,0.0066350,0.0077092
450.0,1.1784e-05,4.2315e-05,0.00012662,0.00033358,0.00075488,0.0014482,0.0024625,0.0038920,0.0050679,0.0059816,0.0069712
500.0,1.0216e-05,3.6636e-05,0.00010929,0.00029294,0.00066147,0.0012757,0.0021830,0.0034941,0.0046001,0.0054448,0.0063639
600.0,7.8907e-06,2.8289e-05,8.4150e-05,0.00022766,0.00052302,0.0010197,0.0017664,0.0029249,0.0038815,0.0046188,0.0054277
700.0,6.2728e-06,2.2516e-05,6.6932e-05,0.00018310,0.00042617,0.00084010,0.0014723,0.0025097,0.0033546,0.0040113,0.0047364
800.0,5.1164e-06,1.8392e-05,5.4708e-05,0.00014976,0.00035917,0.00070974,0.0012643,0.0021964,0.0029536,0.0035456,0.0042024
1000.0,3.2073e-06,1.1664e-05,3.5021e-05,9.6575e-05,0.00023448,0.00048334,0.00089834,0.0015920,0.0021655,0.0026190,0.0031276
1200.0,2.0961e-06,7.7075e-06,2.3380e-05,6.5017e-05,0.00015975,0.00034072,0.00065613,0.0011835,0.0016263,0.0019801,0.0023802
1500.0,1.1561e-06,4.3553e-06,1.3547e-05,3.8678e-05,9.7727e-05,0.00021431,0.00042355,0.00078267,0.0010903,0.0013397,0.0016251
SA2P0
r\m,4.0,4.5,5.0,5.5,6.0,6.5,7.0,7.5,7.8,8.0,8.2
0.0,0.0024528,0.0063027,0.013656,0.027255,0.048112,0.073029,0.10245,0.14113,0.15653,0.16453,0.17053
1.0,0.0017823,0.0048624,0.011041,0.022666,0.040986,0.063590,0.090780,0.12302,0.13812,0.14641,0.15298
5.0,0.00072123,0.0022425,0.0057530,0.013055,0.025855,0.043481,0.065648,0.090208,0.10409,0.11233,0.11941
10.0,0.00039054,0.0012533,0.0033679,0.0080717,0.016910,0.030222,0.044812,0.059861,0.074896,0.083051,0.093628
15.0,0.00025703,0.00083617,0.0022965,0.0056634,0.012297,0.022443,0.033518,0.045204,0.053417,0.062157,0.070360
20.0,0.00018566,0.00061325,0.0017121,0.0043134,0.0095794,0.017433,0.026534,0.036532,0.042365,0.047526,0.055074
25.0,0.00014327,0.00047870,0.0013520,0.0034596,0.0078087,0.014163,0.021869,0.030594,0.035826,0.039130,0.044536
30.0,0.00011562,0.00038979,0.0011107,0.0028763,0.0065730,0.011883,0.018558,0.026299,0.031043,0.034087,0.036925
40.0,8.2057e-05,0.00028049,0.00080983,0.0021360,0.0048872,0.0089362,0.014201,0.020530,0.024321,0.026415,0.028379
50.0,6.2670e-05,0.00021646,0.00063116,0.0016882,0.0038547,0.0071312,0.011490,0.016598,0.019566,0.021888,0.024153
60.0,5.2213e-05,0.00018188,0.00053437,0.0014453,0.0032946,0.0061492,0.010006,0.014344,0.017519,0.019685,0.021816
70.0,4.5874e-05,0.00016069,0.00047445,0.0012936,0.0029409,0.0055224,0.0088311,0.013178,0.016170,0.018226,0.020263
80.0,4.1076e-05,0.00014452,0.00042848,0.0011759,0.0026683,0.0050364,0.0080803,0.012254,0.015092,0.017055,0.019010
90.0,3.7221e-05,0.00013147,0.00039120,0.0010735,0.0024463,0.0045686,0.0075284,0.011479,0.014185,0.016065,0.017949
100.0,3.4051e-05,0.00012069,0.00036029,0.00098863,0.0022612,0.0042243,0.0070602,0.010816,0.013406,0.015215,0.017034
110.0,3.1388e-05,0.00011160,0.00033414,0.00091520,0.0020964,0.0039440,0.0066073,0.010148,0.012598,0.014314,0.016043
120.0,2.9103e-05,0.00010378,0.00031154,0.00085203,0.0019322,0.0037009,0.0062132,0.0095662,0.011894,0.013528,0.015179
130.0,2.6963e-05,9.6442e-05,0.00029039,0.00079348,0.0018067,0.0034748,0.0058491,0.0090303,0.011247,0.012807,0.014387
140.0,2.5092e-05,9.0012e-05,0.00027179,0.00074206,0.0016983,0.0032745,0.0055256,0.0085524,0.010670,0.012164,0.013679
150.0,2.3448e-05,8.4347e-05,0.00025535,0.00069607,0.0016020,0.0030963,0.0052370,0.0081252,0.010152,0.011586,0.013044
175.0,2.0029e-05,7.2488e-05,0.00022075,0.00060113,0.0013977,0.0027159,0.0046188,0.0072073,0.0090371,0.010339,0.011669
200.0,1.7410e-05,6.3346e-05,0.00019392,0.00052996,0.0012378,0.0024168,0.0041309,0.0064793,0.0081510,0.0093448,0.010571
250.0,1.3649e-05,5.0099e-05,0.00015461,0.00042594,0.0010030,0.0019753,0.0034065,0.0053939,0.0068241,0.0078545,0.0089208
300.0,1.1087e-05,4.0997e-05,0.00012739,0.00034867,0.00082319,0.0016283,0.0028267,0.0045144,0.0057440,0.0066377,0.0077315
350.0,9.2302e-06,3.4353e-05,0.00010741,0.00029275,0.00069324,0.0013772,0.0024056,0.0038716,0.0049512,0.0058445,0.0068310
400.0,7.8269e-06,2.9301e-05,9.2127e-05,0.00025048,0.00059507,0.0011876,0.0020863,0.0033819,0.0043964,0.0052246,0.0061248
450.0,6.7417e-06,2.5179e-05,7.8764e-05,0.00021781,0.00051728,0.0010373,0.0018328,0.0029916,0.0039595,0.0047188,0.0055479
500.0,5.8691e-06,2.1898e-05,6.8286e-05,0.00019205,0.00045500,0.00091683,0.0016294,0.0026920,0.0036013,0.0043035,0.0050738
600.0,4.5680e-06,1.7047e-05,5.3007e-05,0.00015041,0.00036238,0.00073762,0.0013259,0.0022644,0.0030525,0.0036667,0.0043461
700.0,3.6560e-06,1.3669e-05,4.2479e-05,0.00012185,0.00029738,0.00061180,0.0011119,0.0019539,0.0026526,0.0032018,0.0038132
800.0,3.0019e-06,1.1247e-05,3.4983e-05,0.00010042,0.00025250,0.00052069,0.00096155,0.0017215,0.0023512,0.0028492,0.0034064
1000.0,1.8974e-06,7.2038e-06,2.2637e-05,6.5495e-05,0.00016676,0.00035862,0.00069070,0.0012615,0.0017432,0.0021288,0.0025651
1200.0,1.2490e-06,4.8025e-06,1.5264e-05,4.4564e-05,0.00011489,0.00025567,0.00051025,0.00094882,0.0013251,0.0016295,0.0019774
1500.0,6.9453e-07,2.7435e-06,8.9568e-06,2.6884e-05,7.1373e-05,0.00016348,0.00033515,0.00063936,0.00090619,0.0011256,0.0013796
SA3P0
r\m,4.0,4.5,5.0,5.5,6.0,6.5,7.0,7.5,7.8,8.0,8.2
0.0,0.00091487,0.0024877,0.0057758,0.012466,0.023901,0.039371,0.059616,0.087902,0.10107,0.10858,0.11483
1.0,0.00066456,0.0019193,0.0046715,0.010372,0.020372,0.034301,0.052849,0.076660,0.089223,0.096662,0.10305
5.0,0.00026888,0.00088575,0.0024371,0.0059833,0.012872,0.023493,0.038278,0.056295,0.067331,0.074262,0.080542
10.0,0.00014591,0.00049619,0.0014300,0.0037077,0.0084375,0.016362,0.026179,0.037423,0.048521,0.054982,0.063228
15.0,9.6284e-05,0.00033195,0.00097781,0.0026084,0.0061503,0.012175,0.019617,0.028304,0.034658,0.041205,0.047573
20.0,6.9746e-05,0.00024416,0.00073102,0.0019918,0.0048024,0.0094766,0.015557,0.022907,0.027523,0.031546,0.037280
25.0,5.3967e-05,0.00019112,0.00057888,0.0016017,0.0039238,0.0077150,0.012844,0.019211,0.023304,0.026003,0.030179
30.0,4.3667e-05,0.00015605,0.00047683,0.0013350,0.0033105,0.0064860,0.010918,0.016536,0.020217,0.022675,0.025048
40.0,3.1153e-05,0.00011289,0.00034949,0.00099634,0.0024725,0.0048969,0.0083821,0.012943,0.015874,0.017608,0.019287
50.0,2.3910e-05,8.7563e-05,0.00027374,0.00079116,0.0019586,0.0039224,0.0068031,0.010490,0.012799,0.014619,0.016443
60.0,2.0018e-05,7.3945e-05,0.00023291,0.00068056,0.0016813,0.0033951,0.0059431,0.0090893,0.011485,0.013173,0.014878
70.0,1.7672e-05,6.5656e-05,0.00020780,0.00061191,0.0015072,0.0030605,0.0052623,0.0083721,0.010624,0.012221,0.013844
80.0,1.5897e-05,5.9327e-05,0.00018854,0.00055869,0.0013731,0.0028011,0.0048293,0.0078032,0.0099363,0.011457,0.013009
90.0,1.4468e-05,5.4213e-05,0.00017290,0.00051221,0.0012637,0.0025496,0.0045121,0.0073260,0.0093567,0.010811,0.012301
100.0,1.3291e-05,4.9980e-05,0.00015990,0.00047359,0.0011723,0.0023650,0.0042426,0.0069177,0.0088589,0.010254,0.011690
110.0,1.2300e-05,4.6406e-05,0.00014889,0.00044009,0.0010906,0.0022146,0.0039801,0.0065026,0.0083383,0.0096608,0.011023
120.0,1.1448e-05,4.3320e-05,0.00013935,0.00041119,0.0010085,0.0020840,0.0037513,0.0061407,0.0078838,0.0091423,0.010442
130.0,1.0644e-05,4.0407e-05,0.00013036,0.00038424,0.00094595,0.0019618,0.0035391,0.0058062,0.0074653,0.0086654,0.0099067
140.0,9.9395e-06,3.7846e-05,0.00012243,0.00036052,0.00089180,0.0018534,0.0033501,0.0055076,0.0070914,0.0082395,0.0094288
150.0,9.3188e-06,3.5584e-05,0.00011541,0.00033924,0.00084357,0.0017567,0.0031813,0.0052402,0.0067556,0.0078561,0.0089991
175.0,8.0206e-06,3.0821e-05,0.00010054,0.00029509,0.00074075,0.0015494,0.0028181,0.0046636,0.0060296,0.0070266,0.0080655
200.0,7.0197e-06,2.7125e-05,8.8929e-05,0.00026185,0.00065984,0.0013855,0.0025303,0.0042047,0.0054510,0.0063636,0.0073191
250.0,5.5698e-06,2.1721e-05,7.1768e-05,0.00021286,0.00054012,0.0011421,0.0021006,0.0035174,0.0045813,0.0053660,0.0061926
300.0,4.5706e-06,1.7962e-05,5.9745e-05,0.00017593,0.00044711,0.00094822,0.0017527,0.0029555,0.0038680,0.0045462,0.0053776
350.0,3.8379e-06,1.5186e-05,5.0814e-05,0.00014894,0.00037929,0.00080690,0.0014986,0.0025429,0.0033424,0.0040107,0.0047586
400.0,3.2786e-06,1.3054e-05,4.3916e-05,0.00012835,0.00032765,0.00069946,0.0013049,0.0022274,0.0029740,0.0035912,0.0042720
450.0,2.8425e-06,1.1295e-05,3.7802e-05,0.00011230,0.00028639,0.00061372,0.0011503,0.0019751,0.0026832,0.0032482,0.0038739
500.0,2.4887e-06,9.8825e-06,3.2969e-05,9.9560e-05,0.00025315,0.00054466,0.0010258,0.0017811,0.0024444,0.0029663,0.0035467
600.0,1.9556e-06,7.7725e-06,2.5856e-05,7.8725e-05,0.00020336,0.00044138,0.00083942,0.0015042,0.0020787,0.0025345,0.0030454
700.0,1.5771e-06,6.2852e-06,2.0897e-05,6.4289e-05,0.00016813,0.00036848,0.00070770,0.0013033,0.0018129,0.0022206,0.0026805
800.0,1.3034e-06,5.2097e-06,1.7341e-05,5.3386e-05,0.00014376,0.00031565,0.00061543,0.0011538,0.0016142,0.0019846,0.0024048
1000.0,8.2883e-07,3.3639e-06,1.1323e-05,3.5143e-05,9.5814e-05,0.00021919,0.00044524,0.00085098,0.0012043,0.0014922,0.0018224
1200.0,5.4689e-07,2.2527e-06,7.6794e-06,2.4068e-05,6.6468e-05,0.00015731,0.00033102,0.00064416,0.00092148,0.0011500,0.0014149
1500.0,3.0322e-07,1.2878e-06,4.5202e-06,1.4589e-05,4.1555e-05,0.00010133,0.00021925,0.00043834,0.00063715,0.00080393,0.0010001
SA4P0
r\m,4.0,4.5,5.0,5.5,6.0,6.5,7.0,7.5,7.8,8.0,8.2
0.0,0.00042522,0.0012109,0.0029676,0.0068003,0.013884,0.024350,0.039135,0.060915,0.072112,0.078875,0.084811
1.0,0.00030889,0.00093450,0.0024011,0.0056603,0.011839,0.021224,0.034706,0.053143,0.063681,0.070236,0.076130
5.0,0.00012508,0.00043177,0.0012544,0.0032702,0.0074920,0.014557,0.025170,0.039070,0.048107,0.054012,0.059556
10.0,6.8011e-05,0.00024238,0.00073763,0.0020306,0.0049203,0.010156,0.017242,0.026009,0.034708,0.040033,0.046798
15.0,4.4978e-05,0.00016252,0.00050552,0.0014317,0.0035937,0.0075703,0.012939,0.019696,0.024820,0.030032,0.035244
20.0,3.2655e-05,0.00011981,0.00037879,0.0010956,0.0028116,0.0059027,0.010276,0.015959,0.019732,0.023015,0.027642
25.0,2.5322e-05,9.4000e-05,0.00030062,0.00088289,0.0023016,0.0048137,0.0084963,0.013400,0.016723,0.018988,0.022396
30.0,2.0533e-05,7.6919e-05,0.00024816,0.00073742,0.0019455,0.0040536,0.0072324,0.011547,0.014522,0.016573,0.018603
40.0,1.4709e-05,5.5883e-05,0.00018265,0.00055253,0.0014584,0.0030703,0.0055676,0.0090572,0.011424,0.012891,0.014345
50.0,1.1334e-05,4.3519e-05,0.00014363,0.00044041,0.0011593,0.0024668,0.0045303,0.0073561,0.0092269,0.010719,0.012246
60.0,9.5252e-06,3.6896e-05,0.00012269,0.00038025,0.00099855,0.0021416,0.0039676,0.0063867,0.0082942,0.0096738,0.011096
70.0,8.4403e-06,3.2886e-05,0.00010987,0.00034313,0.00089813,0.0019362,0.0035218,0.0058942,0.0076851,0.0089880,0.010338
80.0,7.6192e-06,2.9824e-05,0.00010005,0.00031436,0.00082078,0.0017770,0.0032395,0.0055037,0.0071986,0.0084374,0.0097264
90.0,6.9578e-06,2.7348e-05,9.2062e-05,0.00028915,0.00075764,0.0016217,0.0030333,0.0051760,0.0067886,0.0079717,0.0092074
100.0,6.4123e-06,2.5297e-05,8.5423e-05,0.00026819,0.00070489,0.0015080,0.0028580,0.0048955,0.0064361,0.0075704,0.0087592
110.0,5.9527e-06,2.3562e-05,7.9787e-05,0.00024995,0.00065755,0.0014154,0.0026863,0.0046085,0.0060654,0.0071398,0.0082672
120.0,5.5566e-06,2.2062e-05,7.4900e-05,0.00023421,0.00060962,0.0013349,0.0025365,0.0043582,0.0057414,0.0067634,0.0078376
130.0,5.1810e-06,2.0638e-05,7.0266e-05,0.00021945,0.00057319,0.0012593,0.0023971,0.0041262,0.0054425,0.0064165,0.0074420
140.0,4.8510e-06,1.9384e-05,6.6173e-05,0.00020643,0.00054165,0.0011921,0.0022729,0.0039188,0.0051752,0.0061065,0.0070881
150.0,4.5598e-06,1.8273e-05,6.2538e-05,0.00019472,0.00051349,0.0011321,0.0021617,0.0037330,0.0049348,0.0058271,0.0067696
175.0,3.9481e-06,1.5925e-05,5.4812e-05,0.00017036,0.00045323,0.0010029,0.0019217,0.0033310,0.0044138,0.0052211,0.0060763
200.0,3.4743e-06,1.4095e-05,4.8751e-05,0.00015195,0.00040561,0.00090036,0.0017308,0.0030101,0.0039975,0.0047356,0.0055206
250.0,2.7830e-06,1.1397e-05,3.9724e-05,0.00012464,0.00033470,0.00074722,0.0014445,0.0025277,0.0033696,0.0040028,0.0046797
300.0,2.3020e-06,9.5031e-06,3.3337e-05,0.00010381,0.00027895,0.00062387,0.0012105,0.0021303,0.0028513,0.0033971,0.0040688
350.0,1.9461e-06,8.0912e-06,2.8550e-05,8.8449e-05,0.00023798,0.00053338,0.0010387,0.0018372,0.0024680,0.0030006,0.0036034
400.0,1.6721e-06,6.9967e-06,2.4819e-05,7.6643e-05,0.00020658,0.00046418,0.00090702,0.0016122,0.0021986,0.0026891,0.0032365
450.0,1.4569e-06,6.0855e-06,2.1473e-05,6.7373e-05,0.00018131,0.00040862,0.00080147,0.0014316,0.0019854,0.0024335,0.0029357
500.0,1.2809e-06,5.3485e-06,1.8810e-05,5.9968e-05,0.00016083,0.00036366,0.00071610,0.0012924,0.0018099,0.0022231,0.0026880
600.0,1.0133e-06,4.2370e-06,1.4858e-05,4.7732e-05,0.00012993,0.00029602,0.00058781,0.0010933,0.0015404,0.0019003,0.0023081
700.0,8.2123e-07,3.4447e-06,1.2073e-05,3.9172e-05,0.00010788,0.00024796,0.00049670,0.00094842,0.0013443,0.0016654,0.0020314
800.0,6.8113e-07,2.8669e-06,1.0060e-05,3.2657e-05,9.2561e-05,0.00021299,0.00043275,0.00084049,0.0011977,0.0014890,0.0018228
1000.0,4.3387e-07,1.8566e-06,6.5913e-06,2.1569e-05,6.1863e-05,0.00014817,0.00031327,0.00061968,0.00089288,0.0011185,0.0013798
1200.0,2.8559e-07,1.2420e-06,4.4689e-06,1.4771e-05,4.2912e-05,0.00010629,0.00023269,0.00046846,0.00068224,0.00086081,0.0010699
1500.0,1.5669e-07,7.0427e-07,2.6132e-06,8.9036e-06,2.6700e-05,6.8177e-05,0.00015352,0.00031778,0.00047054,0.00060056,0.00075521
SA5P0
r\m,4.0,4.5,5.0,5.5,6.0,6.5,7.0,7.5,7.8,8.0,8.2
0.0,0.00022359,0.00066290,0.0017009,0.0040981,0.0088163,0.016292,0.027528,0.044863,0.054455,0.060488,0.065983
1.0,0.00016245,0.00051172,0.0013767,0.0034124,0.0075208,0.014206,0.024421,0.039150,0.048100,0.053875,0.059241
5.0,6.5848e-05,0.00023673,0.00072027,0.0019743,0.0047659,0.0097560,0.017731,0.028811,0.036368,0.041464,0.046378
10.0,3.5870e-05,0.00013314,0.00042435,0.0012282,0.0031354,0.0068170,0.012163,0.019202,0.026266,0.030760,0.036473
15.0,2.3768e-05,8.9456e-05,0.00029139,0.00086760,0.0022941,0.0050894,0.0091399,0.014557,0.018802,0.023096,0.027490
20.0,1.7289e-05,6.6080e-05,0.00021877,0.00066520,0.0017979,0.0039744,0.0072682,0.011808,0.014961,0.017715,0.021577
25.0,1.3432e-05,5.1943e-05,0.00017396,0.00053701,0.0014742,0.0032459,0.0060169,0.0099245,0.012691,0.014627,0.017495
30.0,1.0912e-05,4.2585e-05,0.00014387,0.00044933,0.0012482,0.0027373,0.0051281,0.0085610,0.011030,0.012776,0.014542
40.0,7.8445e-06,3.1051e-05,0.00010627,0.00033783,0.00093863,0.0020791,0.0039570,0.0067277,0.0086908,0.0099522,0.011228
50.0,6.0646e-06,2.4265e-05,8.3857e-05,0.00027016,0.00074836,0.0016749,0.0032270,0.0054739,0.0070303,0.0082865,0.0095966
60.0,5.1135e-06,2.0642e-05,7.1867e-05,0.00023400,0.00064650,0.0014579,0.0028323,0.0047609,0.0063290,0.0074886,0.0087052
70.0,4.5454e-06,1.8457e-05,6.4567e-05,0.00021180,0.00058313,0.0013213,0.0025194,0.0044011,0.0058726,0.0069665,0.0081195
80.0,4.1156e-06,1.6791e-05,5.8973e-05,0.00019461,0.00053434,0.0012155,0.0023221,0.0041161,0.0055081,0.0065474,0.0076469
90.0,3.7691e-06,1.5442e-05,5.4424e-05,0.00017950,0.00049449,0.0011118,0.0021783,0.0038767,0.0052009,0.0061927,0.0072457
100.0,3.4831e-06,1.4324e-05,5.0640e-05,0.00016693,0.00046118,0.0010361,0.0020560,0.0036717,0.0049366,0.0058870,0.0068990
110.0,3.2420e-06,1.3378e-05,4.7425e-05,0.00015598,0.00043121,0.00097443,0.0019358,0.0034610,0.0046572,0.0055574,0.0065168
120.0,3.0339e-06,1.2559e-05,4.4633e-05,0.00014650,0.00040066,0.00092075,0.0018307,0.0032770,0.0044130,0.0052690,0.0061827
130.0,2.8356e-06,1.1777e-05,4.1974e-05,0.00013759,0.00037752,0.00087020,0.0017327,0.0031061,0.0041872,0.0050028,0.0058746
140.0,2.6610e-06,1.1087e-05,3.9622e-05,0.00012972,0.00035746,0.00082517,0.0016452,0.0029532,0.0039850,0.0047647,0.0055988
150.0,2.5068e-06,1.0476e-05,3.7529e-05,0.00012262,0.00033953,0.00078494,0.0015669,0.0028160,0.0038031,0.0045500,0.0053505
175.0,2.1818e-06,9.1785e-06,3.3064e-05,0.00010781,0.00030103,0.00069803,0.0013972,0.0025187,0.0034080,0.0040832,0.0048087
200.0,1.9289e-06,8.1626e-06,2.9548e-05,9.6592e-05,0.00027049,0.00062884,0.0012619,0.0022807,0.0030915,0.0037085,0.0043737
250.0,1.5578e-06,6.6566e-06,2.4277e-05,7.9854e-05,0.00022477,0.00052498,0.0010581,0.0019217,0.0026127,0.0031412,0.0037134
300.0,1.2975e-06,5.5899e-06,2.0517e-05,6.6943e-05,0.00018842,0.00044046,0.00089009,0.0016237,0.0022151,0.0026699,0.0032321
350.0,1.1033e-06,4.7882e-06,1.7675e-05,5.7356e-05,0.00016154,0.00037810,0.00076603,0.0014031,0.0019200,0.0023606,0.0028642
400.0,9.5268e-07,4.1619e-06,1.5443e-05,4.9935e-05,0.00014080,0.00033015,0.00067058,0.0012332,0.0017121,0.0021168,0.0025734
450.0,8.3361e-07,3.6359e-06,1.3419e-05,4.4070e-05,0.00012401,0.00029144,0.00059371,0.0010963,0.0015470,0.0019163,0.0023343
500.0,7.3560e-07,3.2077e-06,1.1799e-05,3.9359e-05,0.00011032,0.00025997,0.00053130,0.00099048,0.0014108,0.0017508,0.0021370
600.0,5.8522e-07,2.5564e-06,9.3743e-06,3.1496e-05,8.9534e-05,0.00021234,0.00043707,0.00083864,0.0012010,0.0014962,0.0018337
700.0,4.7612e-07,2.0872e-06,7.6493e-06,2.5946e-05,7.4576e-05,0.00017828,0.00036980,0.00072768,0.0010477,0.0013104,0.0016124
800.0,3.9590e-07,1.7421e-06,6.3924e-06,2.1688e-05,6.4121e-05,0.00015337,0.00032240,0.00064477,0.00093290,0.0011706,0.0014453
1000.0,2.5231e-07,1.1298e-06,4.1951e-06,1.4344e-05,4.2886e-05,0.00010666,0.00023306,0.00047422,0.00069345,0.00087649,0.0010902
1200.0,1.6549e-07,7.5377e-07,2.8381e-06,9.8019e-06,2.9679e-05,7.6297e-05,0.00017252,0.00035713,0.00052775,0.00067183,0.00084197
1500.0,8.9680e-08,4.2291e-07,1.6439e-06,5.8567e-06,1.8314e-05,4.8544e-05,0.00011293,0.00024044,0.00036139,0.00046553,0.00059049
SA7P5
r\m,4.0,4.5,5.0,5.5,6.0,6.5,7.0,7.5,7.8,8.0,8.2
0.0,6.1207e-05,0.00019753,0.00055703,0.0014852,0.0035488,0.0072834,0.013613,0.024359,0.031123,0.035691,0.040115
1.0,4.4496e-05,0.00015260,0.00045122,0.0012377,0.0030298,0.0063553,0.012084,0.021269,0.027504,0.031803,0.036031
5.0,1.8085e-05,7.0806e-05,0.00023682,0.00071838,0.0019258,0.0043766,0.0087949,0.015684,0.020834,0.024517,0.028250
10.0,9.8909e-06,3.9988e-05,0.00014010,0.00044868,0.0012717,0.0030685,0.0060508,0.010479,0.015079,0.018224,0.022255
15.0,6.5804e-06,2.6979e-05,9.6603e-05,0.00031821,0.00093387,0.0022984,0.0045600,0.0079633,0.010817,0.013709,0.016802
20.0,4.8060e-06,2.0011e-05,7.2824e-05,0.00024493,0.00073452,0.0018006,0.0036362,0.0064742,0.0086240,0.010534,0.013209
25.0,3.7484e-06,1.5794e-05,5.8137e-05,0.00019849,0.00060443,0.0014752,0.0030183,0.0054533,0.0073295,0.0087129,0.010726
30.0,3.0568e-06,1.2999e-05,4.8268e-05,0.00016670,0.00051351,0.0012479,0.0025792,0.0047141,0.0063818,0.0076229,0.0089292
40.0,2.2137e-06,9.5501e-06,3.5922e-05,0.00012624,0.00038873,0.00095344,0.0020002,0.0037198,0.0050462,0.0059566,0.0069137
50.0,1.7234e-06,7.5169e-06,2.8548e-05,0.00010164,0.00031189,0.00077237,0.0016390,0.0030382,0.0040956,0.0049742,0.0059244
60.0,1.4630e-06,6.4387e-06,2.4635e-05,8.8617e-05,0.00027108,0.00067593,0.0014451,0.0026523,0.0036987,0.0045079,0.0053874
70.0,1.3089e-06,5.7958e-06,2.2279e-05,8.0717e-05,0.00024594,0.00061579,0.0012912,0.0024605,0.0034423,0.0042048,0.0050366
80.0,1.1925e-06,5.3062e-06,2.0477e-05,7.4613e-05,0.00022662,0.00056929,0.0011950,0.0023088,0.0032378,0.0039617,0.0047538
90.0,1.0985e-06,4.9098e-06,1.9011e-05,6.9218e-05,0.00021083,0.00052316,0.0011254,0.0021814,0.0030653,0.0037559,0.0045136
100.0,1.0210e-06,4.5808e-06,1.7791e-05,6.4725e-05,0.00019763,0.00048971,0.0010662,0.0020721,0.0029168,0.0035783,0.0043057
110.0,9.5545e-07,4.3021e-06,1.6754e-05,6.0797e-05,0.00018568,0.00046253,0.0010074,0.0019586,0.0027581,0.0033848,0.0040742
120.0,8.9878e-07,4.0603e-06,1.5851e-05,5.7393e-05,0.00017333,0.00043882,0.00095593,0.0018594,0.0026192,0.0032152,0.0038717
130.0,8.4424e-07,3.8271e-06,1.4983e-05,5.4161e-05,0.00016403,0.00041632,0.00090765,0.0017669,0.0024903,0.0030583,0.0036843
140.0,7.9607e-07,3.6208e-06,1.4212e-05,5.1299e-05,0.00015597,0.00039624,0.00086444,0.0016838,0.0023747,0.0029176,0.0035163
150.0,7.5340e-07,3.4374e-06,1.3524e-05,4.8708e-05,0.00014875,0.00037825,0.00082566,0.0016092,0.0022705,0.0027905,0.0033647
175.0,6.6280e-07,3.0451e-06,1.2046e-05,4.3270e-05,0.00013313,0.00033912,0.00074121,0.0014466,0.0020430,0.0025130,0.0030328
200.0,5.9178e-07,2.7355e-06,1.0872e-05,3.9135e-05,0.00012065,0.00030776,0.00067344,0.0013158,0.0018599,0.0022892,0.0027651
250.0,4.8624e-07,2.2707e-06,9.0900e-06,3.2891e-05,0.00010176,0.00026021,0.00057043,0.0011169,0.0015810,0.0019482,0.0023564
300.0,4.1094e-07,1.9356e-06,7.7961e-06,2.7958e-05,8.6367e-05,0.00022061,0.00048377,0.00094921,0.0013461,0.0016615,0.0020560
350.0,3.5380e-07,1.6793e-06,6.8007e-06,2.4236e-05,7.4820e-05,0.00019102,0.00041910,0.00082387,0.0011704,0.0014724,0.0018246
400.0,3.0874e-07,1.4757e-06,6.0056e-06,2.1312e-05,6.5788e-05,0.00016799,0.00036882,0.00072647,0.0010459,0.0013221,0.0016405
450.0,2.7260e-07,1.3013e-06,5.2665e-06,1.8968e-05,5.8367e-05,0.00014917,0.00032791,0.00064737,0.00094635,0.0011977,0.0014881
500.0,2.4241e-07,1.1572e-06,4.6668e-06,1.7061e-05,5.2245e-05,0.00013370,0.00029439,0.00058586,0.00086363,0.0010944,0.0013617
600.0,1.9516e-07,9.3381e-07,3.7532e-06,1.3804e-05,4.2794e-05,0.00010997,0.00024321,0.00049676,0.00073505,0.00093410,0.0011659
700.0,1.6006e-07,7.6902e-07,3.0882e-06,1.1456e-05,3.5859e-05,9.2701e-05,0.00020615,0.00043084,0.00064016,0.00081601,0.0010218
800.0,1.3374e-07,6.4537e-07,2.5945e-06,9.6204e-06,3.0936e-05,7.9895e-05,0.00017973,0.00038106,0.00056839,0.00072648,0.00091226
1000.0,8.5248e-08,4.1916e-07,1.7055e-06,6.3674e-06,2.0673e-05,5.5385e-05,0.00012917,0.00027791,0.00041839,0.00053823,0.00068044
1200.0,5.5382e-08,2.7742e-07,1.1453e-06,4.3181e-06,1.4186e-05,3.9234e-05,9.4553e-05,0.00020670,0.00031429,0.00040709,0.00051842
1500.0,2.9098e-08,1.5137e-07,6.4629e-07,2.5160e-06,8.5399e-06,2.4354e-05,6.0378e-05,0.00013581,0.00021013,0.00027554,0.00035536
SA10P0
r\m,4.0,4.5,5.0,5.5,6.0,6.5,7.0,7.5,7.8,8.0,8.2
0.0,2.2281e-05,7.7023e-05,0.00023411,0.00067585,0.0017524,0.0039021,0.0078904,0.015196,0.020221,0.023786,0.027382
1.0,1.6207e-05,5.9540e-05,0.00018977,0.00056361,0.0014971,0.0034069,0.0070079,0.013274,0.017877,0.021202,0.024602
5.0,6.6034e-06,2.7699e-05,9.9868e-05,0.00032798,0.00095395,0.0023515,0.0051107,0.0098053,0.013562,0.016367,0.019313
10.0,3.6234e-06,1.5696e-05,5.9279e-05,0.00020552,0.00063187,0.0016532,0.0035247,0.0065648,0.0098330,0.012186,0.015236
15.0,2.4186e-06,1.0626e-05,4.1013e-05,0.00014623,0.00046542,0.0012417,0.0026625,0.0049984,0.0070657,0.0091810,0.011519
20.0,1.7721e-06,7.9075e-06,3.1019e-05,0.00011291,0.00036715,0.00097534,0.0021280,0.0040714,0.0056428,0.0070651,0.0090681
25.0,1.3865e-06,6.2610e-06,2.4843e-05,9.1786e-05,0.00030299,0.00080114,0.0017703,0.0034357,0.0048035,0.0058522,0.0073732
30.0,1.1341e-06,5.1694e-06,2.0691e-05,7.7318e-05,0.00025813,0.00067939,0.0015161,0.0029753,0.0041888,0.0051272,0.0061456
40.0,8.2618e-07,3.8210e-06,1.5491e-05,5.8890e-05,0.00019646,0.00052159,0.0011806,0.0023557,0.0033220,0.0040171,0.0047696
50.0,6.4684e-07,3.0249e-06,1.2382e-05,4.7678e-05,0.00015844,0.00042448,0.00097120,0.0019303,0.0027037,0.0033630,0.0040961
60.0,5.5206e-07,2.6055e-06,1.0744e-05,4.1788e-05,0.00013838,0.00037311,0.00085957,0.0016903,0.0024481,0.0030549,0.0037326
70.0,4.9648e-07,2.3578e-06,9.7675e-06,3.8257e-05,0.00012614,0.00034134,0.00077074,0.0015727,0.0022841,0.0028558,0.0034964
80.0,4.5457e-07,2.1696e-06,9.0229e-06,3.5535e-05,0.00011675,0.00031683,0.00071577,0.0014798,0.0021535,0.0026964,0.0033062
90.0,4.2076e-07,2.0173e-06,8.4176e-06,3.3118e-05,0.00010909,0.00029227,0.00067628,0.0014017,0.0020433,0.0025613,0.0031445
100.0,3.9283e-07,1.8910e-06,7.9141e-06,3.1106e-05,0.00010268,0.00027458,0.00064269,0.0013348,0.0019484,0.0024448,0.0030045
110.0,3.6923e-07,1.7839e-06,7.4858e-06,2.9343e-05,9.6845e-05,0.00026024,0.00060901,0.0012647,0.0018461,0.0023166,0.0028473
120.0,3.4880e-07,1.6909e-06,7.1126e-06,2.7813e-05,9.0743e-05,0.00024772,0.00057952,0.0012033,0.0017564,0.0022041,0.0027095
130.0,3.2895e-07,1.6004e-06,6.7503e-06,2.6350e-05,8.6188e-05,0.00023577,0.00055171,0.0011458,0.0016729,0.0020998,0.0025818
140.0,3.1139e-07,1.5201e-06,6.4282e-06,2.5051e-05,8.2236e-05,0.00022507,0.00052679,0.0010942,0.0015979,0.0020061,0.0024671
150.0,2.9580e-07,1.4487e-06,6.1404e-06,2.3872e-05,7.8688e-05,0.00021548,0.00050438,0.0010476,0.0015302,0.0019213,0.0023635
175.0,2.6251e-07,1.2949e-06,5.5179e-06,2.1386e-05,7.0971e-05,0.00019450,0.00045533,0.00094591,0.0013818,0.0017356,0.0021359
200.0,2.3627e-07,1.1728e-06,5.0209e-06,1.9492e-05,6.4770e-05,0.00017760,0.00041579,0.00086369,0.0012619,0.0015853,0.0019516
250.0,1.9690e-07,9.8775e-07,4.2581e-06,1.6605e-05,5.5301e-05,0.00015175,0.00035523,0.00073788,0.0010782,0.0013549,0.0016689
300.0,1.6841e-07,8.5243e-07,3.6964e-06,1.4277e-05,4.7423e-05,0.00012980,0.00030338,0.00063025,0.00092159,0.0011590,0.0014595
350.0,1.4649e-07,7.4739e-07,3.2579e-06,1.2497e-05,4.1441e-05,0.00011321,0.00026431,0.00054917,0.00080358,0.0010293,0.0012972
400.0,1.2897e-07,6.6271e-07,2.9026e-06,1.1080e-05,3.6705e-05,0.00010016,0.00023366,0.00048568,0.00071954,0.00092558,0.0011672
450.0,1.1473e-07,5.8896e-07,2.5647e-06,9.9307e-06,3.2765e-05,8.9381e-05,0.00020849,0.00043373,0.00065187,0.00083907,0.0010589
500.0,1.0268e-07,5.2724e-07,2.2874e-06,8.9854e-06,2.9478e-05,8.0437e-05,0.00018770,0.00039310,0.00059529,0.00076681,0.00096867
600.0,8.3504e-08,4.2989e-07,1.8582e-06,7.3368e-06,2.4332e-05,6.6542e-05,0.00015563,0.00033373,0.00050661,0.00065386,0.00082790
700.0,6.8949e-08,3.5655e-07,1.5395e-06,6.1257e-06,2.0487e-05,5.6275e-05,0.00013209,0.00028927,0.00044045,0.00056982,0.00072334
800.0,5.7843e-08,3.0053e-07,1.2988e-06,5.1624e-06,1.7718e-05,4.8555e-05,0.00011511,0.00025532,0.00038991,0.00050551,0.00064315
1000.0,3.6881e-08,1.9539e-07,8.5452e-07,3.4167e-06,1.1821e-05,3.3535e-05,8.2225e-05,0.00018466,0.00028427,0.00037065,0.00047443
1200.0,2.3761e-08,1.2837e-07,5.6968e-07,2.2993e-06,8.0427e-06,2.3523e-05,5.9520e-05,0.00013564,0.00021076,0.00027659,0.00035653
1500.0,1.2145e-08,6.8269e-08,3.1369e-07,1.3078e-06,4.7259e-06,1.4248e-05,3.7076e-05,8.6931e-05,0.00013747,0.00018268,0.00023855
