PGA
r\m,4.0,4.5,5.0,5.5,6.0,6.5,7.0,7.5,7.8,8.0,8.2
0.0,0.87077,1.1020,1.3738,1.7313,2.0299,2.3637,2.6835,2.7977,2.8654,2.9101,2.9483
1.0,0.67873,0.90555,1.1574,1.4825,1.7624,2.0772,2.3978,2.5964,2.6612,2.6981,2.7262
5.0,0.18651,0.32891,0.53693,0.82916,1.1242,1.4506,1.7930,2.0749,2.1516,2.1901,2.2200
10.0,0.067777,0.12876,0.23165,0.40744,0.65038,0.98137,1.3757,1.7817,1.8681,1.9318,1.9392
15.0,0.034287,0.067047,0.12556,0.23347,0.40311,0.66853,1.0265,1.4422,1.6467,1.7071,1.7717
20.0,0.020579,0.040960,0.078469,0.15054,0.27022,0.47592,0.77668,1.1581,1.3911,1.5133,1.5835
25.0,0.013283,0.026772,0.052099,0.10216,0.18811,0.34533,0.59453,0.93502,1.1546,1.3062,1.4148
30.0,0.0093502,0.019035,0.037435,0.074497,0.13918,0.26205,0.46844,0.76690,0.97008,1.1150,1.2723
40.0,0.0054349,0.011234,0.022498,0.045730,0.087043,0.16894,0.31632,0.54745,0.71500,0.84746,0.99741
50.0,0.0035736,0.0074768,0.015185,0.031363,0.060447,0.11971,0.23223,0.42539,0.57685,0.68841,0.81617
60.0,0.0027987,0.0059208,0.012149,0.025391,0.049337,0.098382,0.19403,0.36586,0.49146,0.58968,0.70297
70.0,0.0022919,0.0048841,0.010084,0.021240,0.041728,0.084089,0.16971,0.31866,0.43148,0.52071,0.62444
80.0,0.0019371,0.0041537,0.0086176,0.018264,0.036315,0.074038,0.15091,0.28459,0.38771,0.46998,0.56614
90.0,0.0016827,0.0036310,0.0075576,0.016107,0.032387,0.067045,0.13633,0.25889,0.35415,0.43044,0.51983
100.0,0.0014767,0.0032060,0.0066950,0.014347,0.029135,0.060910,0.12409,0.23716,0.32553,0.39669,0.48041
110.0,0.0013071,0.0028543,0.0059802,0.012861,0.026327,0.055268,0.11302,0.21695,0.29863,0.36463,0.44253
120.0,0.0011649,0.0025586,0.0053788,0.011608,0.024001,0.050453,0.10354,0.19955,0.27533,0.33677,0.40942
130.0,0.0010407,0.0022984,0.0048519,0.010508,0.021865,0.046186,0.095085,0.18390,0.25442,0.31187,0.37996
140.0,0.00093209,0.0020688,0.0043889,0.0095385,0.019951,0.042363,0.087470,0.16975,0.23567,0.28950,0.35349
150.0,0.00083779,0.0018688,0.0039837,0.0086867,0.018260,0.038957,0.080675,0.15706,0.21874,0.26936,0.32974
175.0,0.00065640,0.0014798,0.0031863,0.0069972,0.014825,0.031860,0.066711,0.13145,0.18454,0.22851,0.28125
200.0,0.00052615,0.0011975,0.0026009,0.0057514,0.012242,0.026407,0.055989,0.11179,0.15811,0.19679,0.24347
250.0,0.00032523,0.00075951,0.0016830,0.0037893,0.0081901,0.017934,0.039010,0.079784,0.11397,0.14276,0.17779
300.0,0.00021141,0.00050631,0.0011444,0.0026182,0.0057792,0.012894,0.028750,0.060081,0.086600,0.10910,0.13482
350.0,0.00014261,0.00034991,0.00080738,0.0018764,0.0042223,0.0095901,0.021829,0.046473,0.067508,0.084567,0.10501
400.0,9.8923e-05,0.00024842,0.00058505,0.0013806,0.0031647,0.0073135,0.016945,0.036689,0.053313,0.066916,0.083457
450.0,6.8048e-05,0.00017547,0.00042420,0.0010304,0.0024010,0.0056401,0.013277,0.029198,0.042370,0.053414,0.066906
500.0,4.7927e-05,0.00012663,0.00031355,0.00078229,0.0018513,0.0044178,0.010554,0.023471,0.034144,0.043214,0.054318
600.0,2.4161e-05,6.6719e-05,0.00017289,0.00045397,0.0011158,0.0027575,0.0068036,0.015349,0.022588,0.028690,0.036262
700.0,1.3197e-05,3.7880e-05,0.00010201,0.00027965,0.00071065,0.0018120,0.0045585,0.010412,0.015471,0.019823,0.025196
800.0,7.3910e-06,2.2112e-05,6.1875e-05,0.00017650,0.00046342,0.0012124,0.0031347,0.0072485,0.010854,0.013966,0.017862
1000.0,2.4878e-06,7.9843e-06,2.4054e-05,7.4180e-05,0.00020682,0.00057368,0.0015297,0.0036492,0.0055346,0.0072127,0.0092734
1200.0,8.9687e-07,3.0407e-06,9.8183e-06,3.2195e-05,9.7017e-05,0.00028499,0.00078078,0.0019163,0.0029598,0.0038737,0.0050118
1500.0,1.8468e-07,7.0074e-07,2.4848e-06,9.2903e-06,3.0502e-05,9.6093e-05,0.00027974,0.00070216,0.0011071,0.0014961,0.0019118
PGV
r\m,4.0,4.5,5.0,5.5,6.0,6.5,7.0,7.5,7.8,8.0,8.2
0.0,4.0428,8.4783,16.413,27.387,41.713,61.670,92.301,128.59,153.83,172.16,191.16
1.0,3.3156,7.3018,14.653,25.153,39.088,58.546,88.273,125.20,149.92,167.38,184.88
5.0,1.2761,3.2693,7.7429,15.935,28.455,46.571,73.825,109.50,132.69,149.01,165.44
10.0,0.63861,1.6003,3.9319,8.7321,17.627,32.684,57.149,91.246,112.65,129.30,145.45
15.0,0.33357,0.86677,2.2217,5.1883,11.263,22.683,42.765,73.472,96.511,112.00,129.41
20.0,0.19892,0.54238,1.4398,3.4861,7.8975,16.754,33.274,60.399,82.550,99.033,115.72
25.0,0.13088,0.36895,1.0061,2.5037,5.8331,12.859,26.742,50.780,71.034,87.495,104.68
30.0,0.093919,0.27127,0.75486,1.9162,4.5475,10.286,22.138,43.547,62.155,77.565,95.877
40.0,0.056557,0.16942,0.48539,1.2686,3.1052,7.2544,16.312,33.822,49.650,63.436,80.259
50.0,0.038472,0.11834,0.34644,0.92522,2.3161,5.5277,12.838,27.863,42.020,54.082,68.935
60.0,0.029309,0.092007,0.27405,0.74425,1.8895,4.5758,10.868,24.281,36.682,47.570,61.095
70.0,0.024659,0.078402,0.23561,0.64515,1.6535,4.0445,9.7629,21.868,33.266,43.367,55.998
80.0,0.022072,0.070751,0.21416,0.59031,1.5253,3.7619,9.1274,20.478,31.202,40.717,52.625
90.0,0.019989,0.064558,0.19664,0.54534,1.4196,3.5376,8.5744,19.331,29.472,38.475,49.747
100.0,0.018247,0.059351,0.18186,0.50719,1.3292,3.3374,8.0977,18.337,27.972,36.529,47.246
110.0,0.016767,0.054899,0.16918,0.47431,1.2508,3.1566,7.6801,17.463,26.650,34.817,45.052
120.0,0.015484,0.051026,0.15808,0.44552,1.1831,2.9966,7.3111,16.686,25.480,33.295,43.091
130.0,0.014054,0.046746,0.14608,0.41509,1.1119,2.8397,6.9694,16.012,24.507,32.077,41.582
140.0,0.012780,0.042901,0.13518,0.38715,1.0450,2.6904,6.6423,15.355,23.562,30.892,40.110
150.0,0.011611,0.039320,0.12487,0.36026,0.97971,2.5415,6.3109,14.680,22.588,29.669,38.600
175.0,0.0092558,0.031975,0.10338,0.30332,0.83809,2.2103,5.5669,13.147,20.394,26.932,35.229
200.0,0.0075310,0.026487,0.087034,0.25931,0.72613,1.9424,4.9577,11.874,18.575,24.668,32.447
250.0,0.0051634,0.018756,0.063579,0.19450,0.56046,1.5373,4.0179,9.8451,15.694,21.105,28.111
300.0,0.0037357,0.013948,0.048566,0.15183,0.44969,1.2631,3.3743,8.4326,13.656,18.557,24.788
350.0,0.0028031,0.010727,0.038274,0.12207,0.36994,1.0609,2.8904,7.3467,12.054,16.420,22.119
400.0,0.0021604,0.0084577,0.030855,0.10024,0.30992,0.90541,2.5113,6.4782,10.708,14.677,19.918
450.0,0.0016696,0.0066927,0.025023,0.083439,0.26263,0.78034,2.2005,5.7536,9.5660,13.200,18.034
500.0,0.0013170,0.0053947,0.020626,0.070412,0.22523,0.67974,1.9454,5.1422,8.6103,11.955,16.433
600.0,0.00085838,0.0036557,0.014510,0.051565,0.17022,0.52803,1.5506,4.1726,7.0956,9.9537,13.825
700.0,0.00058601,0.0025822,0.010591,0.038991,0.13231,0.42056,1.2629,3.4531,5.9519,8.4235,11.804
800.0,0.00041404,0.0018806,0.0079451,0.030157,0.10492,0.34119,1.0437,2.9000,5.0584,7.2159,10.192
1000.0,0.00022271,0.0010654,0.0047495,0.019030,0.069374,0.23371,0.73526,2.1093,3.7575,5.4336,7.7802
1200.0,0.00012882,0.00064369,0.0030046,0.012616,0.047856,0.16632,0.53633,1.5817,2.8686,4.1970,6.0816
1500.0,5.9559e-05,0.00031682,0.0015732,0.0070389,0.028070,0.10188,0.34190,1.0477,1.9454,2.8905,4.2539
SA0P01
r\m,4.0,4.5,5.0,5.5,6.0,6.5,7.0,7.5,7.8,8.0,8.2
0.0,0.98841,1.2651,1.5848,1.9981,2.3456,2.7328,3.0952,3.2438,3.3556,3.4363,3.4932
1.0,0.76483,1.0347,1.3301,1.7037,2.0292,2.3957,2.7598,3.0076,3.1163,3.1894,3.2402
5.0,0.21541,0.38045,0.62120,0.95860,1.2890,1.6537,2.0357,2.3744,2.4927,2.5656,2.6251
10.0,0.080298,0.15205,0.27207,0.47659,0.74619,1.1042,1.5420,2.0201,2.1418,2.2393,2.2723
15.0,0.041070,0.079957,0.14869,0.27479,0.46359,0.75091,1.1477,1.6292,1.8839,1.9726,2.0694
20.0,0.024837,0.049247,0.093496,0.17813,0.31222,0.53641,0.87034,1.3085,1.5920,1.7510,1.8516
25.0,0.016171,0.032420,0.062494,0.12153,0.21842,0.39155,0.66884,1.0594,1.3242,1.5150,1.6586
30.0,0.011442,0.023168,0.045114,0.089096,0.16243,0.29900,0.52941,0.87200,1.1160,1.2969,1.4977
40.0,0.0066921,0.013753,0.027248,0.054983,0.10234,0.19446,0.36064,0.62692,0.82878,0.99368,1.1840
50.0,0.0044029,0.0091593,0.018405,0.037760,0.071341,0.13856,0.26618,0.48886,0.67059,0.80818,0.96823
60.0,0.0034390,0.0072357,0.014699,0.030551,0.058331,0.11436,0.22352,0.42289,0.57477,0.69685,0.83993
70.0,0.0028152,0.0059646,0.012195,0.025558,0.049386,0.097968,0.19612,0.36921,0.50538,0.61572,0.74580
80.0,0.0023589,0.0050285,0.010335,0.021803,0.042671,0.085705,0.17343,0.32797,0.45150,0.55233,0.67179
90.0,0.0020277,0.0043496,0.0089757,0.019040,0.037714,0.077002,0.15552,0.29618,0.40916,0.50162,0.61139
100.0,0.0017601,0.0037992,0.0078711,0.016788,0.033615,0.069379,0.14045,0.26918,0.37288,0.45807,0.55948
110.0,0.0015407,0.0033452,0.0069577,0.014893,0.030078,0.062386,0.12682,0.24398,0.33858,0.41638,0.50913
120.0,0.0013578,0.0029652,0.0061922,0.013300,0.027152,0.056437,0.11515,0.22236,0.30901,0.38035,0.46545
130.0,0.0011996,0.0026342,0.0055259,0.011913,0.024493,0.051190,0.10482,0.20304,0.28265,0.34839,0.42688
140.0,0.0010629,0.0023459,0.0049465,0.010704,0.022141,0.046543,0.095619,0.18580,0.25935,0.32012,0.39282
150.0,0.00094558,0.0020978,0.0044457,0.0096548,0.020088,0.042457,0.087515,0.17056,0.23864,0.29508,0.36276
175.0,0.00071207,0.0015987,0.0034276,0.0075055,0.015792,0.033710,0.070345,0.13866,0.19515,0.24219,0.29879
200.0,0.00054625,0.0012407,0.0026891,0.0059379,0.012599,0.027087,0.057333,0.11447,0.16204,0.20185,0.24994
250.0,0.00033645,0.00078376,0.0017330,0.0038961,0.0083941,0.018323,0.039791,0.081353,0.11627,0.14572,0.18155
300.0,0.00021792,0.00052049,0.0011739,0.0026817,0.0059017,0.013128,0.029225,0.061042,0.088001,0.11090,0.13706
350.0,0.00014649,0.00035845,0.00082538,0.0019153,0.0042979,0.0097348,0.022123,0.047072,0.068377,0.085661,0.10636
400.0,0.00010128,0.00025366,0.00059624,0.0014049,0.0032123,0.0074044,0.017130,0.037065,0.053852,0.067587,0.084279
450.0,6.9438e-05,0.00017861,0.00043107,0.0010457,0.0024311,0.0056974,0.013394,0.029435,0.042703,0.053825,0.067406
500.0,4.8760e-05,0.00012853,0.00031783,0.00079199,0.0018705,0.0044542,0.010628,0.023619,0.034350,0.043466,0.054622
600.0,2.4439e-05,6.7382e-05,0.00017444,0.00045757,0.0011232,0.0027713,0.0068311,0.015403,0.022661,0.028778,0.036369
700.0,1.3302e-05,3.8137e-05,0.00010263,0.00028118,0.00071382,0.0018177,0.0045697,0.010433,0.015498,0.019855,0.025232
800.0,7.4304e-06,2.2213e-05,6.2130e-05,0.00017714,0.00046472,0.0012147,0.0031388,0.0072556,0.010862,0.013976,0.017872
1000.0,2.4936e-06,7.9985e-06,2.4092e-05,7.4280e-05,0.00020701,0.00057388,0.0015299,0.0036492,0.0055346,0.0072127,0.0092734
1200.0,8.9740e-07,3.0419e-06,9.8213e-06,3.2201e-05,9.7017e-05,0.00028499,0.00078078,0.0019163,0.0029598,0.0038737,0.0050118
1500.0,1.8468e-07,7.0074e-07,2.4848e-06,9.2903e-06,3.0502e-05,9.6093e-05,0.00027974,0.00070216,0.0011071,0.0014961,0.0019118
SA0P02
r\m,4.0,4.5,5.0,5.5,6.0,6.5,7.0,7.5,7.8,8.0,8.2
0.0,1.2909,1.6960,2.1504,2.7118,3.1861,3.7036,4.1617,4.3625,4.5457,4.6790,4.7492
1.0,0.98528,1.3778,1.7991,2.3056,2.7535,3.2506,3.7155,4.0554,4.2387,4.3667,4.4393
5.0,0.28965,0.51629,0.84895,1.3140,1.7464,2.2159,2.6972,3.1613,3.3603,3.4935,3.5971
10.0,0.11329,0.21459,0.38290,0.66865,1.0158,1.4502,2.0037,2.6555,2.8472,3.0088,3.0820
15.0,0.059347,0.11533,0.21327,0.39142,0.63632,0.98660,1.4890,2.1340,2.5008,2.6434,2.7986
20.0,0.036511,0.072330,0.13611,0.25714,0.43379,0.71163,1.1369,1.7186,2.1187,2.3550,2.5118
25.0,0.024219,0.048407,0.092463,0.17791,0.30755,0.52725,0.88277,1.4018,1.7725,2.0492,2.2618
30.0,0.017352,0.035022,0.067546,0.13210,0.23160,0.40857,0.70658,1.1636,1.5045,1.7651,2.0570
40.0,0.010326,0.021138,0.041419,0.082783,0.14873,0.27144,0.49119,0.85007,1.1349,1.3735,1.6508
50.0,0.0068675,0.014229,0.028260,0.057456,0.10515,0.19660,0.36816,0.67034,0.92725,1.1252,1.3562
60.0,0.0053849,0.011283,0.022663,0.046742,0.086744,0.16434,0.31330,0.58792,0.80567,0.98391,1.1934
70.0,0.0044457,0.0093719,0.018944,0.039411,0.074094,0.14223,0.27801,0.51832,0.71451,0.87596,1.0667
80.0,0.0037154,0.0078751,0.016001,0.033517,0.063815,0.12405,0.24539,0.45993,0.63780,0.78528,0.96049
90.0,0.0031893,0.0067971,0.013869,0.029204,0.056246,0.11121,0.21964,0.41494,0.57765,0.71307,0.87448
100.0,0.0027629,0.0059217,0.012134,0.025677,0.049970,0.099912,0.19786,0.37640,0.52568,0.65040,0.79953
110.0,0.0024132,0.0051988,0.010696,0.022700,0.044526,0.089458,0.17790,0.33981,0.47533,0.58868,0.72435
120.0,0.0021222,0.0045934,0.0094893,0.020197,0.040021,0.080556,0.16081,0.30831,0.43181,0.53523,0.65906
130.0,0.0018712,0.0040674,0.0084378,0.018015,0.035927,0.072681,0.14561,0.28010,0.39291,0.48754,0.60101
140.0,0.0016564,0.0036145,0.0075291,0.016132,0.032352,0.065786,0.13225,0.25528,0.35886,0.44586,0.55032
150.0,0.0014739,0.0032299,0.0067552,0.014523,0.029284,0.059838,0.12070,0.23371,0.32920,0.40957,0.50622
175.0,0.0010986,0.0024304,0.0051323,0.011118,0.022657,0.046691,0.095328,0.18666,0.26418,0.32964,0.40859
200.0,0.00083195,0.0018580,0.0039600,0.0086454,0.017776,0.036840,0.076258,0.15120,0.21493,0.26892,0.33417
250.0,0.00049750,0.0011336,0.0024604,0.0054605,0.011384,0.023973,0.050913,0.10317,0.14767,0.18555,0.23157
300.0,0.00031211,0.00072659,0.0016070,0.0036189,0.0077129,0.016560,0.036068,0.074548,0.10741,0.13549,0.16730
350.0,0.00020299,0.00048322,0.0010907,0.0024941,0.0054247,0.011869,0.026401,0.055564,0.080549,0.10083,0.12488
400.0,0.00013582,0.00033058,0.00076199,0.0017689,0.0039257,0.0087505,0.019830,0.042435,0.061454,0.076965,0.095646
450.0,8.9881e-05,0.00022485,0.00053316,0.0012751,0.0028834,0.0065453,0.015089,0.032805,0.047385,0.059584,0.074339
500.0,6.1008e-05,0.00015654,0.00038128,0.00093744,0.0021587,0.0049886,0.011689,0.025712,0.037212,0.046959,0.058777
600.0,2.8440e-05,7.6899e-05,0.00019691,0.00051014,0.0012294,0.0029622,0.0071919,0.016084,0.023569,0.029865,0.037668
700.0,1.4762e-05,4.1615e-05,0.00011110,0.00030223,0.00075654,0.0018866,0.0046856,0.010623,0.015725,0.020105,0.025477
800.0,7.9164e-06,2.3413e-05,6.5210e-05,0.00018488,0.00047894,0.0012313,0.0031531,0.0072502,0.010854,0.013966,0.017862
1000.0,2.5227e-06,8.0261e-06,2.4166e-05,7.4329e-05,0.00020682,0.00057368,0.0015297,0.0036492,0.0055346,0.0072127,0.0092734
1200.0,8.9687e-07,3.0407e-06,9.8183e-06,3.2195e-05,9.7017e-05,0.00028499,0.00078078,0.0019163,0.0029598,0.0038737,0.0050118
1500.0,1.8468e-07,7.0074e-07,2.4848e-06,9.2903e-06,3.0502e-05,9.6093e-05,0.00027974,0.00070216,0.0011071,0.0014961,0.0019118
SA0P025
r\m,4.0,4.5,5.0,5.5,6.0,6.5,7.0,7.5,7.8,8.0,8.2
0.0,1.3723,1.8287,2.3379,2.9557,3.4815,4.0500,4.5443,4.7632,4.9703,5.1187,5.1882
1.0,1.0421,1.4829,1.9565,2.5152,3.0139,3.5635,4.0664,4.4387,4.6479,4.7925,4.8676
5.0,0.31087,0.55888,0.92622,1.4414,1.9151,2.4258,2.9438,3.4547,3.6841,3.8382,3.9551
10.0,0.12386,0.23583,0.42260,0.74033,1.1172,1.5784,2.1746,2.8915,3.1091,3.2936,3.3802
15.0,0.065542,0.12792,0.23733,0.43633,0.70290,1.0753,1.6167,2.3229,2.7309,2.8925,3.0675
20.0,0.040621,0.080848,0.15248,0.28838,0.48187,0.77927,1.2386,1.8740,2.3172,2.5811,2.7568
25.0,0.027152,0.054488,0.10432,0.20082,0.34380,0.58124,0.96642,1.5337,1.9437,2.2511,2.4873
30.0,0.019559,0.039634,0.076613,0.14993,0.26034,0.45326,0.77733,1.2777,1.6546,1.9440,2.2675
40.0,0.011730,0.024105,0.047315,0.094629,0.16861,0.30390,0.54503,0.93965,1.2558,1.5214,1.8294
50.0,0.0078441,0.016312,0.032447,0.066013,0.11997,0.22165,0.41116,0.74445,1.0300,1.2500,1.5059
60.0,0.0061654,0.012965,0.026078,0.053836,0.099325,0.18619,0.35163,0.65602,0.89897,1.0979,1.3308
70.0,0.0051108,0.010809,0.021879,0.045559,0.085177,0.16184,0.31344,0.58064,0.80004,0.98049,1.1929
80.0,0.0042783,0.0090950,0.018501,0.038794,0.073432,0.14127,0.27696,0.51587,0.71511,0.88024,1.0757
90.0,0.0036781,0.0078596,0.016057,0.033840,0.064769,0.12674,0.24807,0.46586,0.64840,0.80033,0.98086
100.0,0.0031904,0.0068538,0.014062,0.029777,0.057567,0.11391,0.22356,0.42286,0.59054,0.73067,0.89772
110.0,0.0027894,0.0060214,0.012403,0.026337,0.051297,0.10198,0.20099,0.38176,0.53402,0.66143,0.81348
120.0,0.0024555,0.0053229,0.011009,0.023439,0.046104,0.091800,0.18161,0.34628,0.48504,0.60131,0.74016
130.0,0.0021669,0.0047151,0.0097908,0.020907,0.041370,0.082766,0.16432,0.31441,0.44111,0.54745,0.67465
140.0,0.0019202,0.0041926,0.0087381,0.018722,0.037245,0.074872,0.14917,0.28643,0.40269,0.50041,0.61746
150.0,0.0017109,0.0037498,0.0078434,0.016861,0.033715,0.068088,0.13611,0.26219,0.36931,0.45955,0.56775
175.0,0.0012743,0.0028168,0.0059433,0.012870,0.025993,0.052900,0.10702,0.20850,0.29505,0.36821,0.45622
200.0,0.00096329,0.0021474,0.0045691,0.0099678,0.020310,0.041535,0.085168,0.16802,0.23875,0.29874,0.37105
250.0,0.00057258,0.0012991,0.0028115,0.0062297,0.012855,0.026709,0.056176,0.11321,0.16192,0.20341,0.25370
300.0,0.00035640,0.00082448,0.0018167,0.0040812,0.0086069,0.018224,0.039307,0.080773,0.11624,0.14656,0.18073
350.0,0.00022965,0.00054249,0.0012191,0.0027796,0.0059801,0.012900,0.028416,0.059460,0.086063,0.10764,0.13309
400.0,0.00015211,0.00036700,0.00084181,0.0019477,0.0042757,0.0093956,0.021087,0.044868,0.064857,0.081124,0.10063
450.0,9.9481e-05,0.00024657,0.00058197,0.0013869,0.0031034,0.0069460,0.015865,0.034301,0.049436,0.062083,0.077309
500.0,6.6699e-05,0.00016951,0.00041127,0.0010074,0.0022968,0.0052355,0.012158,0.026607,0.038416,0.048412,0.060477
600.0,3.0186e-05,8.1027e-05,0.00020690,0.00053384,0.0012767,0.0030403,0.0073240,0.016311,0.023859,0.030202,0.038063
700.0,1.5342e-05,4.2953e-05,0.00011447,0.00031081,0.00077333,0.0019074,0.0047062,0.010632,0.015713,0.020070,0.025398
800.0,8.0652e-06,2.3754e-05,6.6148e-05,0.00018727,0.00048225,0.0012284,0.0031347,0.0072485,0.010854,0.013966,0.017862
1000.0,2.5002e-06,7.9843e-06,2.4054e-05,7.4180e-05,0.00020682,0.00057368,0.0015297,0.0036492,0.0055346,0.0072127,0.0092734
1200.0,8.9687e-07,3.0407e-06,9.8183e-06,3.2195e-05,9.7017e-05,0.00028499,0.00078078,0.0019163,0.0029598,0.0038737,0.0050118
1500.0,1.8468e-07,7.0074e-07,2.4848e-06,9.2903e-06,3.0502e-05,9.6093e-05,0.00027974,0.00070216,0.0011071,0.0014961,0.0019118
SA0P03
r\m,4.0,4.5,5.0,5.5,6.0,6.5,7.0,7.5,7.8,8.0,8.2
0.0,1.3989,1.8902,2.4385,3.0941,3.6576,4.2628,4.7832,5.0151,5.2369,5.3928,5.4588
1.0,1.0584,1.5316,2.0429,2.6378,3.1743,3.7624,4.2923,4.6862,4.9119,5.0651,5.1389
5.0,0.31903,0.57927,0.96912,1.5189,2.0228,2.5632,3.1066,3.6490,3.8994,4.0666,4.1905
10.0,0.12899,0.24740,0.44633,0.78606,1.1837,1.6621,2.2870,3.0479,3.2826,3.4820,3.5768
15.0,0.068845,0.13527,0.25244,0.46605,0.74777,1.1344,1.7019,2.4492,2.8844,3.0581,3.2450
20.0,0.042940,0.086050,0.16314,0.30967,0.51520,0.82561,1.3080,1.9795,2.4511,2.7327,2.9198
25.0,0.028886,0.058343,0.11231,0.21688,0.36966,0.61943,1.0250,1.6249,2.0608,2.3881,2.6384
30.0,0.020906,0.042635,0.082863,0.16270,0.28129,0.48564,0.82792,1.3578,1.7587,2.0666,2.4097
40.0,0.012625,0.026107,0.051505,0.10334,0.18354,0.32819,0.58473,1.0042,1.3416,1.6248,1.9521
50.0,0.0084851,0.017755,0.035486,0.072430,0.13132,0.24080,0.44353,0.79873,1.1039,1.3383,1.6098
60.0,0.0066852,0.014143,0.028582,0.059200,0.10905,0.20306,0.38077,0.70635,0.96657,1.1790,1.4267
70.0,0.0055625,0.011832,0.024060,0.050265,0.093845,0.17715,0.34071,0.62724,0.86274,1.0559,1.2821
80.0,0.0046691,0.0099809,0.020394,0.042899,0.081068,0.15491,0.30162,0.55834,0.77268,0.94980,1.1586
90.0,0.0040237,0.0086433,0.017737,0.037496,0.071616,0.13919,0.27053,0.50499,0.70176,0.86511,1.0584
100.0,0.0034974,0.0075510,0.015560,0.033049,0.063736,0.12525,0.24406,0.45894,0.64002,0.79097,0.97019
110.0,0.0030635,0.0066445,0.013746,0.029273,0.056849,0.11221,0.21958,0.41469,0.57931,0.71677,0.88015
120.0,0.0027016,0.0058818,0.012217,0.026082,0.051138,0.10107,0.19850,0.37639,0.52657,0.65216,0.80158
130.0,0.0023880,0.0052166,0.010876,0.023284,0.045909,0.091143,0.17964,0.34185,0.47906,0.59400,0.73100
140.0,0.0021196,0.0046446,0.0097160,0.020870,0.041355,0.082470,0.16311,0.31153,0.43746,0.54315,0.66928
150.0,0.0018918,0.0041597,0.0087298,0.018813,0.037459,0.075026,0.14889,0.28528,0.40135,0.49895,0.61557
175.0,0.0014109,0.0031260,0.0066126,0.014351,0.028843,0.058178,0.11682,0.22640,0.32000,0.39902,0.49376
200.0,0.0010669,0.0023820,0.0050774,0.011097,0.022496,0.045564,0.092705,0.18195,0.25821,0.32282,0.40046
250.0,0.00063318,0.0014358,0.0031093,0.0068960,0.014142,0.029087,0.060682,0.12164,0.17372,0.21806,0.27163
300.0,0.00039276,0.00090636,0.0019965,0.0044861,0.0093968,0.019685,0.042104,0.086036,0.12361,0.15572,0.19174
350.0,0.00025183,0.00059254,0.0013300,0.0030317,0.0064744,0.013811,0.030165,0.062769,0.090693,0.11330,0.13986
400.0,0.00016580,0.00039795,0.00091117,0.0021066,0.0045889,0.0099676,0.022181,0.046938,0.067719,0.084589,0.10473
450.0,0.00010760,0.00026513,0.00062461,0.0014866,0.0033010,0.0073023,0.016540,0.035571,0.051155,0.064159,0.079746
500.0,7.1525e-05,0.00018060,0.00043752,0.0010700,0.0024213,0.0054550,0.012567,0.027362,0.039415,0.049605,0.061851
600.0,3.1648e-05,8.4518e-05,0.00021560,0.00055489,0.0013191,0.0031088,0.0074340,0.016487,0.024075,0.030446,0.038340
700.0,1.5817e-05,4.4054e-05,0.00011735,0.00031840,0.00078836,0.0019246,0.0047188,0.010621,0.015671,0.020000,0.025274
800.0,8.1767e-06,2.4008e-05,6.6915e-05,0.00018934,0.00048503,0.0012245,0.0031347,0.0072485,0.010854,0.013966,0.017862
1000.0,2.4878e-06,7.9843e-06,2.4054e-05,7.4180e-05,0.00020682,0.00057368,0.0015297,0.0036492,0.0055346,0.0072127,0.0092734
1200.0,8.9687e-07,3.0407e-06,9.8183e-06,3.2195e-05,9.7017e-05,0.00028499,0.00078078,0.0019163,0.0029598,0.0038737,0.0050118
1500.0,1.8468e-07,7.0074e-07,2.4848e-06,9.2903e-06,3.0502e-05,9.6093e-05,0.00027974,0.00070216,0.0011071,0.0014961,0.0019118
SA0P04
r\m,4.0,4.5,5.0,5.5,6.0,6.5,7.0,7.5,7.8,8.0,8.2
0.0,1.3480,1.8679,2.4531,3.1401,3.7435,4.3857,4.9346,5.1795,5.4093,5.5637,5.6195
1.0,1.0151,1.5135,2.0624,2.6908,3.2690,3.8981,4.4561,4.8671,5.1032,5.2564,5.3208
5.0,0.30954,0.57400,0.98018,1.5611,2.0983,2.6708,3.2384,3.8075,4.0753,4.2499,4.3738
10.0,0.12776,0.24932,0.45753,0.81689,1.2351,1.7283,2.3785,3.1764,3.4243,3.6334,3.7321
15.0,0.069097,0.13801,0.26170,0.48901,0.78592,1.1845,1.7751,2.5568,3.0127,3.1936,3.3864
20.0,0.043528,0.088696,0.17072,0.32777,0.54596,0.86835,1.3718,2.0736,2.5671,2.8603,3.0529
25.0,0.029567,0.060704,0.11870,0.23173,0.39543,0.65766,1.0825,1.7104,2.1665,2.5073,2.7650
30.0,0.021560,0.044689,0.088238,0.17515,0.30324,0.51991,0.88022,1.4364,1.8563,2.1769,2.5314
40.0,0.013166,0.027672,0.055439,0.11244,0.20024,0.35568,0.62863,1.0713,1.4266,1.7228,2.0622
50.0,0.0089270,0.018982,0.038508,0.079427,0.14458,0.26341,0.48084,0.85732,1.1794,1.4245,1.7057
60.0,0.0070649,0.015183,0.031135,0.065153,0.12060,0.22332,0.41492,0.76153,1.0368,1.2594,1.5164
70.0,0.0059156,0.012778,0.026359,0.055626,0.10437,0.19593,0.37336,0.67958,0.92964,1.1328,1.3685
80.0,0.0050007,0.010851,0.022487,0.047772,0.090670,0.17220,0.33214,0.60781,0.83655,1.0238,1.2425
90.0,0.0043350,0.0094489,0.019663,0.041978,0.080460,0.15539,0.29903,0.55187,0.76280,0.93634,1.1398
100.0,0.0037883,0.0082961,0.017334,0.037175,0.071892,0.14032,0.27068,0.50326,0.69818,0.85924,1.0487
110.0,0.0033349,0.0073334,0.015380,0.033068,0.064352,0.12611,0.24425,0.45617,0.63407,0.78137,0.95490
120.0,0.0029548,0.0065187,0.013724,0.029577,0.058081,0.11390,0.22137,0.41517,0.57803,0.71318,0.87256
130.0,0.0026232,0.0058033,0.012260,0.026492,0.052278,0.10293,0.20074,0.37788,0.52711,0.65116,0.79780
140.0,0.0023384,0.0051863,0.010987,0.023819,0.047209,0.093317,0.18262,0.34507,0.48231,0.59667,0.73204
150.0,0.0020951,0.0046606,0.0099006,0.021530,0.042857,0.085045,0.16698,0.31653,0.44325,0.54904,0.67440
175.0,0.0015720,0.0035193,0.0075262,0.016476,0.033065,0.066003,0.13106,0.25133,0.35366,0.43950,0.54165
200.0,0.0011944,0.0026909,0.0057917,0.012761,0.025815,0.051683,0.10392,0.20183,0.28517,0.35540,0.43918
250.0,0.00071269,0.0016253,0.0035470,0.0079185,0.016171,0.032841,0.067648,0.13416,0.19080,0.23881,0.29644
300.0,0.00044297,0.0010249,0.0022709,0.0051295,0.010684,0.022066,0.046568,0.094124,0.13467,0.16918,0.20757
350.0,0.00028377,0.00066759,0.0015045,0.0034443,0.0073028,0.015338,0.033037,0.068006,0.097845,0.12189,0.14991
400.0,0.00018623,0.00044581,0.0010233,0.0023735,0.0051273,0.010953,0.024028,0.050304,0.072262,0.089990,0.11100
450.0,0.00012013,0.00029472,0.00069552,0.0016584,0.0036498,0.0079339,0.017714,0.037701,0.053967,0.067490,0.083579
500.0,7.9210e-05,0.00019879,0.00048240,0.0011804,0.0026470,0.0058571,0.013302,0.028674,0.041108,0.051584,0.064082
600.0,3.4126e-05,9.0639e-05,0.00023155,0.00059483,0.0014027,0.0032491,0.0076635,0.016847,0.024504,0.030922,0.038865
700.0,1.6693e-05,4.6187e-05,0.00012323,0.00033442,0.00082210,0.0019714,0.0047735,0.010656,0.015664,0.019947,0.025196
800.0,8.4278e-06,2.4647e-05,6.8917e-05,0.00019498,0.00049519,0.0012298,0.0031347,0.0072485,0.010854,0.013966,0.017862
1000.0,2.4878e-06,7.9843e-06,2.4054e-05,7.4180e-05,0.00020682,0.00057368,0.0015297,0.0036492,0.0055346,0.0072127,0.0092734
1200.0,8.9687e-07,3.0407e-06,9.8183e-06,3.2195e-05,9.7017e-05,0.00028499,0.00078078,0.0019163,0.0029598,0.0038737,0.0050118
1500.0,1.8468e-07,7.0074e-07,2.4848e-06,9.2903e-06,3.0502e-05,9.6093e-05,0.00027974,0.00070216,0.0011071,0.0014961,0.0019118
SA0P05
r\m,4.0,4.5,5.0,5.5,6.0,6.5,7.0,7.5,7.8,8.0,8.2
0.0,1.2384,1.7524,2.3389,3.0207,3.6318,4.2795,4.8353,5.0814,5.3023,5.4438,5.4892
1.0,0.93046,1.4219,1.9750,2.6038,3.1927,3.8306,4.3940,4.8002,5.0284,5.1692,5.2215
5.0,0.28476,0.53874,0.93848,1.5187,2.0656,2.6464,3.2163,3.7815,4.0457,4.2125,4.3265
10.0,0.11901,0.23641,0.44179,0.80047,1.2222,1.7154,2.3653,3.1579,3.4008,3.6034,3.6962
15.0,0.064965,0.13202,0.25476,0.48265,0.78235,1.1809,1.7712,2.5481,2.9965,3.1712,3.3560
20.0,0.041221,0.085470,0.16737,0.32563,0.54689,0.87057,1.3747,2.0728,2.5595,2.8451,3.0298
25.0,0.028189,0.058892,0.11722,0.23188,0.39900,0.66392,1.0906,1.7160,2.1663,2.4995,2.7482
30.0,0.020668,0.043591,0.087633,0.17623,0.30772,0.52792,0.89110,1.4462,1.8613,2.1751,2.5193
40.0,0.012729,0.027224,0.055522,0.11405,0.20500,0.36431,0.64132,1.0850,1.4375,1.7286,2.0594
50.0,0.0086916,0.018804,0.038819,0.081072,0.14902,0.27158,0.49339,0.87194,1.1923,1.4332,1.7073
60.0,0.0069051,0.015093,0.031484,0.066681,0.12468,0.23097,0.42694,0.77614,1.0499,1.2689,1.5193
70.0,0.0058106,0.012763,0.026777,0.057174,0.10835,0.20344,0.38563,0.69496,0.94450,1.1450,1.3758
80.0,0.0049495,0.010920,0.023007,0.049443,0.094732,0.17984,0.34490,0.62470,0.85411,1.0399,1.2549
90.0,0.0043176,0.0095653,0.020236,0.043701,0.084498,0.16305,0.31183,0.56954,0.78201,0.95495,1.1559
100.0,0.0037952,0.0084450,0.017936,0.038908,0.075855,0.14787,0.28336,0.52135,0.71852,0.87969,1.0676
110.0,0.0033594,0.0075039,0.015995,0.034785,0.068203,0.13344,0.25667,0.47442,0.65520,0.80334,0.97634
120.0,0.0029920,0.0067026,0.014339,0.031258,0.061822,0.12096,0.23346,0.43333,0.59954,0.73608,0.89577
130.0,0.0026692,0.0059939,0.012864,0.028114,0.055847,0.10966,0.21234,0.39566,0.54852,0.67435,0.82188
140.0,0.0023901,0.0053794,0.011574,0.025375,0.050600,0.099715,0.19372,0.36231,0.50332,0.61970,0.75636
150.0,0.0021498,0.0048515,0.010463,0.023011,0.046062,0.091096,0.17754,0.33311,0.46361,0.57154,0.69839
175.0,0.0016263,0.0036904,0.0080054,0.017719,0.035723,0.071007,0.13989,0.26551,0.37141,0.45948,0.56349
200.0,0.0012447,0.0028399,0.0061948,0.013794,0.028014,0.055802,0.11126,0.21383,0.30041,0.37278,0.45851
250.0,0.00075126,0.0017311,0.0038230,0.0086141,0.017632,0.035584,0.072602,0.14248,0.20155,0.25128,0.31060
300.0,0.00047107,0.0010986,0.0024593,0.0056016,0.011676,0.023928,0.049972,0.099934,0.14224,0.17805,0.21758
350.0,0.00030369,0.00071852,0.0016331,0.0037669,0.0079798,0.016606,0.035370,0.072037,0.10312,0.12803,0.15683
400.0,0.00020014,0.00048077,0.0011112,0.0025944,0.0055914,0.011819,0.025624,0.053075,0.075865,0.094146,0.11568
450.0,0.00012941,0.00031797,0.00075472,0.0018083,0.0039666,0.0085223,0.018799,0.039587,0.056378,0.070270,0.086692
500.0,8.5332e-05,0.00021410,0.00052220,0.0012820,0.0028635,0.0062564,0.014034,0.029938,0.042697,0.053401,0.066089
600.0,3.6456e-05,9.6698e-05,0.00024796,0.00063725,0.0014957,0.0034183,0.0079603,0.017328,0.025089,0.031576,0.039590
700.0,1.7678e-05,4.8752e-05,0.00013048,0.00035445,0.00086705,0.0020484,0.0048993,0.010832,0.015850,0.020128,0.025275
800.0,8.8166e-06,2.5724e-05,7.2188e-05,0.00020427,0.00051512,0.0012608,0.0031347,0.0072485,0.010854,0.013966,0.017862
1000.0,2.5192e-06,7.9843e-06,2.4054e-05,7.4180e-05,0.00020682,0.00057368,0.0015297,0.0036492,0.0055346,0.0072127,0.0092734
1200.0,8.9687e-07,3.0407e-06,9.8183e-06,3.2195e-05,9.7017e-05,0.00028499,0.00078078,0.0019163,0.0029598,0.0038737,0.0050118
1500.0,1.8468e-07,7.0074e-07,2.4848e-06,9.2903e-06,3.0502e-05,9.6093e-05,0.00027974,0.00070216,0.0011071,0.0014961,0.0019118
SA0P075
r\m,4.0,4.5,5.0,5.5,6.0,6.5,7.0,7.5,7.8,8.0,8.2
0.0,0.95852,1.4086,1.9402,2.5538,3.1262,3.7317,4.2642,4.4928,4.6725,4.7753,4.8023
1.0,0.72003,1.1493,1.6562,2.2330,2.7904,3.3917,3.9274,4.2903,4.4765,4.5773,4.6048
5.0,0.21890,0.43172,0.78401,1.3128,1.8385,2.3963,2.9354,3.4436,3.6683,3.7981,3.8800
10.0,0.092668,0.19148,0.37268,0.69799,1.0989,1.5695,2.1786,2.8930,3.0979,3.2636,3.3311
15.0,0.051279,0.10833,0.21758,0.42566,0.71090,1.0910,1.6444,2.3492,2.7395,2.8817,3.0305
20.0,0.032893,0.070893,0.14454,0.29022,0.50200,0.81195,1.2860,1.9223,2.3503,2.5924,2.7424
25.0,0.022706,0.049343,0.10240,0.20911,0.37067,0.62580,1.0288,1.6006,1.9986,2.2850,2.4922
30.0,0.016789,0.036830,0.077232,0.16026,0.28838,0.50171,0.84663,1.3561,1.7242,1.9950,2.2872
40.0,0.010482,0.023324,0.049620,0.10511,0.19477,0.35058,0.61580,1.0257,1.3404,1.5937,1.8769
50.0,0.0072455,0.016306,0.035088,0.075503,0.14309,0.26379,0.47754,0.82919,1.1166,1.3268,1.5621
60.0,0.0057976,0.013172,0.028615,0.062360,0.12017,0.22500,0.41406,0.73857,0.98352,1.1743,1.3889
70.0,0.0049194,0.011230,0.024526,0.053844,0.10511,0.19928,0.37581,0.66436,0.88902,1.0652,1.2647
80.0,0.0042631,0.0097717,0.021423,0.047310,0.093282,0.17856,0.34025,0.60388,0.81254,0.97733,1.1650
90.0,0.0037709,0.0086767,0.019095,0.042381,0.084216,0.16371,0.31067,0.55563,0.75061,0.90535,1.0822
100.0,0.0033587,0.0077591,0.017137,0.038208,0.076461,0.15001,0.28492,0.51307,0.69559,0.84105,1.0078
110.0,0.0030105,0.0069785,0.015464,0.034573,0.069515,0.13676,0.26062,0.47142,0.64053,0.77570,0.93094
120.0,0.0027136,0.0063057,0.014019,0.031421,0.063699,0.12518,0.23922,0.43452,0.59159,0.71750,0.86235
130.0,0.0024479,0.0057000,0.012708,0.028559,0.058093,0.11449,0.21943,0.40007,0.54587,0.66299,0.79811
140.0,0.0022144,0.0051665,0.011543,0.026022,0.053090,0.10494,0.20172,0.36906,0.50459,0.61379,0.73996
150.0,0.0020086,0.0046974,0.010516,0.023781,0.048661,0.096474,0.18597,0.34127,0.46745,0.56936,0.68722
175.0,0.0015515,0.0036453,0.0082002,0.018657,0.038380,0.076387,0.14869,0.27583,0.37986,0.46444,0.56278
200.0,0.0012118,0.0028593,0.0064601,0.014774,0.030576,0.060915,0.11983,0.22496,0.31125,0.38187,0.46426
250.0,0.00075765,0.0018004,0.0041084,0.0094882,0.019742,0.039750,0.079806,0.15291,0.21318,0.26296,0.32150
300.0,0.00049019,0.0011748,0.0027099,0.0063181,0.013344,0.027199,0.055758,0.10881,0.15270,0.18922,0.22890
350.0,0.00032481,0.00078663,0.0018363,0.0043291,0.0092612,0.019109,0.039870,0.079199,0.11183,0.13750,0.16680
400.0,0.00021920,0.00053678,0.0012698,0.0030251,0.0065614,0.013708,0.029062,0.058681,0.082750,0.10173,0.12381
450.0,0.00014488,0.00036145,0.00087528,0.0021308,0.0046913,0.0099327,0.021393,0.043901,0.061678,0.076175,0.093091
500.0,9.7223e-05,0.00024667,0.00061220,0.0015211,0.0034023,0.0073048,0.015979,0.033208,0.046714,0.057895,0.070976
600.0,4.2478e-05,0.00011329,0.00029413,0.00075956,0.0017763,0.0039708,0.0089923,0.019066,0.027244,0.034009,0.042310
700.0,2.0832e-05,5.7434e-05,0.00015511,0.00042252,0.0010265,0.0023605,0.0054860,0.011805,0.017042,0.021455,0.026692
800.0,1.0407e-05,3.0301e-05,8.5681e-05,0.00024230,0.00060328,0.0014344,0.0034525,0.0075563,0.010996,0.013966,0.017862
1000.0,2.9622e-06,9.1477e-06,2.8010e-05,8.5754e-05,0.00022910,0.00057845,0.0015297,0.0036492,0.0055346,0.0072127,0.0092734
1200.0,9.1175e-07,3.0548e-06,9.9987e-06,3.2622e-05,9.7017e-05,0.00028499,0.00078078,0.0019163,0.0029598,0.0038737,0.0050118
1500.0,1.8468e-07,7.0074e-07,2.4848e-06,9.2903e-06,3.0502e-05,9.6093e-05,0.00027974,0.00070216,0.0011071,0.0014961,0.0019118
SA0P1
r\m,4.0,4.5,5.0,5.5,6.0,6.5,7.0,7.5,7.8,8.0,8.2
0.0,0.75361,1.1375,1.6020,2.1393,2.6548,3.2020,3.6958,3.9033,4.0480,4.1228,4.1415
1.0,0.56750,0.93315,1.3798,1.8923,2.3980,2.9440,3.4382,3.7564,3.9055,3.9767,3.9910
5.0,0.17027,0.34702,0.65003,1.1168,1.6027,2.1204,2.6177,3.0635,3.2480,3.3459,3.4039
10.0,0.072227,0.15419,0.30981,0.59551,0.96473,1.4051,1.9632,2.5903,2.7576,2.8892,2.9364
15.0,0.040235,0.087803,0.18205,0.36545,0.62831,0.98411,1.4914,2.1148,2.4457,2.5583,2.6762
20.0,0.025955,0.057775,0.12168,0.25065,0.44621,0.73643,1.1717,1.7375,2.1044,2.3050,2.4249
25.0,0.017995,0.040421,0.086735,0.18182,0.33180,0.57073,0.94179,1.4513,1.7942,2.0351,2.2055
30.0,0.013367,0.030306,0.065744,0.13996,0.25934,0.45927,0.77772,1.2329,1.5512,1.7799,2.0242
40.0,0.0084095,0.019347,0.042588,0.092505,0.17645,0.32283,0.56830,0.93592,1.2091,1.4245,1.6630
50.0,0.0058572,0.013626,0.030326,0.066870,0.13038,0.24398,0.44225,0.75872,1.0092,1.1885,1.3872
60.0,0.0047086,0.011054,0.024817,0.055353,0.10965,0.20811,0.38318,0.67473,0.88754,1.0500,1.2310
70.0,0.0040151,0.0094698,0.021369,0.047986,0.096235,0.18478,0.34842,0.60817,0.80424,0.95521,1.1247
80.0,0.0035255,0.0083490,0.018907,0.042689,0.086419,0.16736,0.31848,0.55750,0.74091,0.88307,1.0434
90.0,0.0031516,0.0074912,0.017026,0.038642,0.078769,0.15480,0.29304,0.51656,0.68899,0.82326,0.97519
100.0,0.0028357,0.0067660,0.015430,0.035182,0.072168,0.14302,0.27076,0.48023,0.64265,0.76961,0.91371
110.0,0.0025665,0.0061437,0.014054,0.032143,0.066213,0.13151,0.24966,0.44472,0.59642,0.71535,0.85054
120.0,0.0023350,0.0056025,0.012855,0.029482,0.061223,0.12136,0.23095,0.41301,0.55501,0.66666,0.79381
130.0,0.0021247,0.0051083,0.011753,0.027029,0.056291,0.11186,0.21341,0.38296,0.51574,0.62037,0.73983
140.0,0.0019371,0.0046666,0.010758,0.024820,0.051817,0.10324,0.19748,0.35549,0.47968,0.57784,0.69008
150.0,0.0017681,0.0042692,0.0098614,0.022823,0.047762,0.095418,0.18299,0.33029,0.44648,0.53855,0.64393
175.0,0.0013898,0.0033707,0.0078208,0.018212,0.038273,0.076723,0.14843,0.27060,0.36778,0.44531,0.53453
200.0,0.0011046,0.0026897,0.0062652,0.014659,0.030966,0.062114,0.12131,0.22359,0.30535,0.37103,0.44689
250.0,0.00071346,0.0017481,0.0041084,0.0096954,0.020571,0.041633,0.082794,0.15563,0.21419,0.26174,0.31708
300.0,0.00047606,0.0011746,0.0027863,0.0066350,0.014261,0.029158,0.059072,0.11300,0.15659,0.19224,0.23057
350.0,0.00032477,0.00080806,0.0019358,0.0046577,0.010116,0.020893,0.043001,0.083660,0.11664,0.14215,0.17101
400.0,0.00022523,0.00056527,0.0013689,0.0033251,0.0073041,0.015239,0.031815,0.062864,0.087539,0.10669,0.12877
450.0,0.00015309,0.00039033,0.00096498,0.0023870,0.0053104,0.011202,0.023722,0.047597,0.066034,0.080854,0.097989
500.0,0.00010536,0.00027240,0.00068838,0.0017321,0.0039067,0.0083364,0.017902,0.036351,0.050486,0.062029,0.075410
600.0,4.8246e-05,0.00013030,0.00034272,0.00089097,0.0020884,0.0046154,0.010225,0.021150,0.029830,0.036929,0.045572
700.0,2.4441e-05,6.7889e-05,0.00018501,0.00050523,0.0012251,0.0027721,0.0062910,0.013185,0.018777,0.023431,0.028891
800.0,1.2522e-05,3.6570e-05,0.00010402,0.00029382,0.00072622,0.0016936,0.0039707,0.0084539,0.012126,0.015266,0.018980
1000.0,3.6918e-06,1.1334e-05,3.4716e-05,0.00010551,0.00027823,0.00068273,0.0016644,0.0037176,0.0055346,0.0072127,0.0092734
1200.0,1.1552e-06,3.8400e-06,1.2505e-05,4.0330e-05,0.00011420,0.00029939,0.00078078,0.0019163,0.0029598,0.0038737,0.0050118
1500.0,2.2656e-07,8.1091e-07,2.8790e-06,1.0338e-05,3.2005e-05,9.6093e-05,0.00027974,0.00070216,0.0011071,0.0014961,0.0019118
SA0P15
r\m,4.0,4.5,5.0,5.5,6.0,6.5,7.0,7.5,7.8,8.0,8.2
0.0,0.50167,0.79811,1.1604,1.5825,2.0028,2.4539,2.8783,3.0562,3.1606,3.2074,3.2222
1.0,0.37989,0.66026,1.0121,1.4222,1.8383,2.2906,2.7129,2.9703,3.0760,3.1172,3.1229
5.0,0.11121,0.24151,0.47298,0.84218,1.2527,1.6957,2.1213,2.4770,2.6098,2.6711,2.7048
10.0,0.046996,0.10700,0.22531,0.44939,0.76058,1.1447,1.6178,2.1157,2.2346,2.3243,2.3497
15.0,0.026332,0.061289,0.13320,0.27752,0.49923,0.80989,1.2401,1.7404,1.9897,2.0661,2.1471
20.0,0.017077,0.040527,0.089590,0.19151,0.35665,0.60966,0.97916,1.4371,1.7181,1.8645,1.9484
25.0,0.011881,0.028491,0.064255,0.13992,0.26719,0.47491,0.79078,1.2043,1.4690,1.6490,1.7731
30.0,0.0088645,0.021456,0.048949,0.10816,0.20977,0.38323,0.65500,1.0256,1.2725,1.4445,1.6265
40.0,0.0056216,0.013813,0.031992,0.072078,0.14375,0.27068,0.48017,0.78068,0.99369,1.1572,1.3367
50.0,0.0039489,0.0098106,0.022960,0.052464,0.10683,0.20528,0.37460,0.63431,0.83071,0.96754,1.1180
60.0,0.0031919,0.0079967,0.018861,0.043521,0.089893,0.17480,0.32366,0.56201,0.72809,0.85187,0.98865
70.0,0.0027363,0.0068879,0.016322,0.037889,0.079160,0.15549,0.29458,0.50736,0.66134,0.77739,0.90679
80.0,0.0024445,0.0061788,0.014692,0.034267,0.072221,0.14289,0.27273,0.47029,0.61557,0.72568,0.84891
90.0,0.0022157,0.0056211,0.013411,0.031452,0.066686,0.13375,0.25357,0.43979,0.57739,0.68208,0.79952
100.0,0.0020205,0.0051446,0.012314,0.029018,0.061858,0.12499,0.23666,0.41259,0.54317,0.64286,0.75497
110.0,0.0018523,0.0047315,0.011357,0.026860,0.057475,0.11632,0.22070,0.38620,0.50944,0.60377,0.70999
120.0,0.0017061,0.0043686,0.010516,0.024948,0.053816,0.10858,0.20640,0.36243,0.47896,0.56840,0.66930
130.0,0.0015705,0.0040301,0.0097259,0.023147,0.050052,0.10120,0.19274,0.33944,0.44945,0.53407,0.62971
140.0,0.0014467,0.0037206,0.0089981,0.021485,0.046546,0.094336,0.18005,0.31785,0.42162,0.50164,0.59222
150.0,0.0013312,0.0034316,0.0083163,0.019923,0.043239,0.087847,0.16803,0.29729,0.39502,0.47058,0.55619
175.0,0.0010719,0.0027764,0.0067592,0.016296,0.035481,0.072317,0.13935,0.24861,0.33202,0.39693,0.47084
200.0,0.00087353,0.0022715,0.0055512,0.013442,0.029394,0.059952,0.11645,0.20966,0.28131,0.33745,0.40161
250.0,0.00059179,0.0015490,0.0038175,0.0093144,0.020454,0.042019,0.082822,0.15181,0.20521,0.24749,0.29615
300.0,0.00041401,0.0010904,0.0027092,0.0066705,0.014808,0.030665,0.061369,0.11429,0.15548,0.18836,0.22327
350.0,0.00029592,0.00078465,0.0019645,0.0048851,0.010932,0.022816,0.046255,0.087432,0.11964,0.14392,0.17111
400.0,0.00021478,0.00057321,0.0014467,0.0036291,0.0081894,0.017222,0.035323,0.067680,0.092479,0.11127,0.13272
450.0,0.00015335,0.00041448,0.0010640,0.0027052,0.0061654,0.013071,0.027125,0.052677,0.071703,0.086644,0.10374
500.0,0.00011063,0.00030220,0.00078979,0.0020330,0.0046843,0.010015,0.021020,0.041238,0.056168,0.068089,0.081759
600.0,5.5914e-05,0.00015801,0.00042645,0.0011250,0.0026672,0.0058565,0.012606,0.025086,0.034652,0.042320,0.051528
700.0,3.0533e-05,8.8107e-05,0.00024476,0.00067233,0.0016366,0.0036548,0.0080258,0.016130,0.022469,0.027628,0.033596
800.0,1.6740e-05,5.0322e-05,0.00014492,0.00040921,0.0010074,0.0023047,0.0051988,0.010579,0.014822,0.018376,0.022501
1000.0,5.4974e-06,1.7136e-05,5.2508e-05,0.00015763,0.00040923,0.00096938,0.0022532,0.0047852,0.0068100,0.0087420,0.010957
1200.0,1.8635e-06,6.2296e-06,2.0083e-05,6.3404e-05,0.00017431,0.00043517,0.0010374,0.0022902,0.0033941,0.0043645,0.0055459
1500.0,4.0852e-07,1.4387e-06,4.9882e-06,1.7172e-05,5.0871e-05,0.00013314,0.00034014,0.00078089,0.0011965,0.0016146,0.0020014
SA0P2
r\m,4.0,4.5,5.0,5.5,6.0,6.5,7.0,7.5,7.8,8.0,8.2
0.0,0.35370,0.60160,0.90166,1.2506,1.6056,1.9910,2.3644,2.5248,2.6103,2.6460,2.6617
1.0,0.26902,0.50050,0.79268,1.1350,1.4883,1.8754,2.2461,2.4680,2.5531,2.5824,2.5876
5.0,0.077348,0.18100,0.36835,0.67299,1.0263,1.4127,1.7864,2.0872,2.1928,2.2373,2.2616
10.0,0.032523,0.079873,0.17513,0.35879,0.62627,0.96576,1.3781,1.7948,1.8883,1.9567,1.9735
15.0,0.018265,0.045862,0.10381,0.22224,0.41284,0.68757,1.0622,1.4835,1.6854,1.7437,1.8063
20.0,0.011873,0.030389,0.070028,0.15382,0.29578,0.51913,0.84100,1.2285,1.4583,1.5749,1.6405
25.0,0.0082701,0.021408,0.050369,0.11279,0.22244,0.40528,0.68074,1.0311,1.2487,1.3939,1.4932
30.0,0.0061832,0.016154,0.038464,0.087350,0.17498,0.32731,0.56450,0.87902,1.0826,1.2219,1.3690
40.0,0.0039365,0.010444,0.025253,0.058452,0.12030,0.23156,0.41415,0.66973,0.84582,0.97904,1.1250
50.0,0.0027777,0.0074507,0.018199,0.042699,0.089640,0.17581,0.32329,0.54461,0.70749,0.81942,0.94234
60.0,0.0022520,0.0060888,0.014980,0.035453,0.075418,0.14944,0.27866,0.48117,0.61856,0.71970,0.83131
70.0,0.0019357,0.0052591,0.012997,0.030930,0.066514,0.13301,0.25362,0.43460,0.56250,0.65788,0.76413
80.0,0.0017473,0.0047672,0.011821,0.028254,0.061275,0.12333,0.23664,0.40557,0.52681,0.61767,0.71919
90.0,0.0015969,0.0043730,0.010880,0.026152,0.057028,0.11629,0.22142,0.38139,0.49669,0.58339,0.68044
100.0,0.0014679,0.0040344,0.010068,0.024324,0.053304,0.10944,0.20796,0.35979,0.46967,0.55254,0.64551
110.0,0.0013563,0.0037393,0.0093576,0.022695,0.049919,0.10261,0.19530,0.33903,0.44336,0.52223,0.61081
120.0,0.0012586,0.0034787,0.0087288,0.021245,0.047110,0.096491,0.18391,0.32025,0.41949,0.49470,0.57930
130.0,0.0011667,0.0032323,0.0081313,0.019858,0.044134,0.090570,0.17291,0.30183,0.39606,0.46760,0.54822
140.0,0.0010813,0.0030031,0.0075723,0.018555,0.041308,0.084966,0.16251,0.28420,0.37353,0.44151,0.51820
150.0,0.00099971,0.0027834,0.0070338,0.017295,0.038560,0.079500,0.15234,0.26693,0.35141,0.41585,0.48863
175.0,0.00081720,0.0022868,0.0058071,0.014373,0.032137,0.066480,0.12822,0.22626,0.29927,0.35531,0.41887
200.0,0.00067652,0.0019011,0.0048470,0.012049,0.027046,0.056005,0.10878,0.19346,0.25701,0.30611,0.36198
250.0,0.00047269,0.0013381,0.0034412,0.0086162,0.019433,0.040504,0.079662,0.14402,0.19265,0.23057,0.27400
300.0,0.00034126,0.00097232,0.0025199,0.0063699,0.014512,0.030464,0.060697,0.11132,0.14980,0.18002,0.21195
350.0,0.00025183,0.00072206,0.0018841,0.0048104,0.011037,0.023327,0.046995,0.087339,0.11814,0.14098,0.16646
400.0,0.00018875,0.00054429,0.0014298,0.0036821,0.0085072,0.018096,0.036821,0.069249,0.093503,0.11160,0.13216
450.0,0.00013969,0.00040739,0.0010861,0.0028269,0.0065871,0.014107,0.028989,0.055169,0.074191,0.088893,0.10564
500.0,0.00010443,0.00030734,0.00083200,0.0021861,0.0051421,0.011087,0.023002,0.044152,0.059388,0.071362,0.085030
600.0,5.7200e-05,0.00017305,0.00048129,0.0012899,0.0031009,0.0068302,0.014470,0.028066,0.038227,0.046255,0.055800
700.0,3.3327e-05,0.00010252,0.00029217,0.00080949,0.0019874,0.0044353,0.0095559,0.018666,0.025611,0.031172,0.037560
800.0,1.9467e-05,6.1918e-05,0.00018189,0.00051575,0.0012745,0.0029016,0.0063907,0.012602,0.017374,0.021302,0.025817
1000.0,7.1245e-06,2.3291e-05,7.2074e-05,0.00021521,0.00055571,0.0012954,0.0029169,0.0059675,0.0083326,0.010549,0.013062
1200.0,2.6525e-06,9.2037e-06,2.9708e-05,9.2572e-05,0.00025041,0.00060795,0.0013942,0.0029488,0.0042729,0.0054162,0.0067898
1500.0,6.5847e-07,2.3713e-06,8.1326e-06,2.7178e-05,7.8175e-05,0.00019627,0.00047726,0.0010440,0.0015592,0.0020692,0.0025258
SA0P25
r\m,4.0,4.5,5.0,5.5,6.0,6.5,7.0,7.5,7.8,8.0,8.2
0.0,0.25732,0.47156,0.73262,1.0343,1.3448,1.6843,2.0205,2.1696,2.2450,2.2757,2.2931
1.0,0.19635,0.39382,0.64747,0.94491,1.2546,1.5960,1.9292,2.1287,2.2028,2.2270,2.2336
5.0,0.055732,0.14130,0.29969,0.56062,0.87202,1.2164,1.5521,1.8170,1.9072,1.9432,1.9636
10.0,0.023337,0.062147,0.14222,0.29858,0.53383,0.83881,1.2068,1.5697,1.6488,1.7054,1.7186
15.0,0.013120,0.035727,0.084422,0.18526,0.35283,0.59965,0.93368,1.3016,1.4741,1.5222,1.5748
20.0,0.0085397,0.023698,0.057046,0.12844,0.25320,0.45355,0.74044,1.0799,1.2770,1.3756,1.4310
25.0,0.0059511,0.016712,0.041098,0.094379,0.19085,0.35448,0.60010,0.90726,1.0945,1.2181,1.3027
30.0,0.0044545,0.012625,0.031426,0.073166,0.15029,0.28634,0.49790,0.77385,0.94935,1.0682,1.1939
40.0,0.0028424,0.0081822,0.020688,0.049079,0.10351,0.20271,0.36532,0.58979,0.74180,0.85585,0.98085
50.0,0.0020112,0.0058529,0.014947,0.035929,0.077243,0.15398,0.28522,0.47979,0.62066,0.71679,0.82243
60.0,0.0016335,0.0047907,0.012318,0.029846,0.064969,0.13069,0.24540,0.42304,0.54171,0.62852,0.72439
70.0,0.0014064,0.0041447,0.010703,0.026069,0.057344,0.11634,0.22330,0.38218,0.49294,0.57513,0.66677
80.0,0.0012781,0.0037826,0.0098005,0.023970,0.053165,0.10851,0.20943,0.35823,0.46352,0.54200,0.62975
90.0,0.0011744,0.0034885,0.0090683,0.022309,0.049738,0.10282,0.19678,0.33810,0.43850,0.51354,0.59758
100.0,0.0010852,0.0032352,0.0084350,0.020859,0.046725,0.097213,0.18558,0.32012,0.41605,0.48795,0.56862
110.0,0.0010077,0.0030138,0.0078792,0.019565,0.043986,0.091604,0.17511,0.30299,0.39443,0.46310,0.54023
120.0,0.00093968,0.0028176,0.0073857,0.018409,0.041729,0.086560,0.16566,0.28746,0.37477,0.44049,0.51441
130.0,0.00087503,0.0026303,0.0069126,0.017291,0.039282,0.081637,0.15646,0.27207,0.35528,0.41801,0.48868
140.0,0.00081431,0.0024541,0.0064652,0.016228,0.036925,0.076914,0.14765,0.25713,0.33627,0.39606,0.46348
150.0,0.00075515,0.0022817,0.0060252,0.015178,0.034580,0.072197,0.13883,0.24218,0.31722,0.37406,0.43821
175.0,0.00062344,0.0018938,0.0050268,0.012748,0.029125,0.061025,0.11805,0.20719,0.27259,0.32239,0.37884
200.0,0.00052156,0.0015914,0.0042418,0.010804,0.024777,0.051985,0.10120,0.17885,0.23629,0.28030,0.33032
250.0,0.00037209,0.0011445,0.0030780,0.0078962,0.018206,0.038437,0.075662,0.13577,0.18051,0.21509,0.25461
300.0,0.00027449,0.00085005,0.0023039,0.0059695,0.013899,0.029543,0.058825,0.10697,0.14299,0.17102,0.20057
350.0,0.00020710,0.00064540,0.0017605,0.0046081,0.010801,0.023106,0.046462,0.085497,0.11483,0.13637,0.16037
400.0,0.00015879,0.00049755,0.0013653,0.0036051,0.0085032,0.018299,0.037118,0.069032,0.092522,0.10988,0.12957
450.0,0.00012060,0.00038188,0.0010621,0.0028292,0.0067253,0.014561,0.029795,0.055999,0.074736,0.089066,0.10536
500.0,9.2547e-05,0.00029550,0.00083305,0.0022360,0.0053612,0.011677,0.024091,0.045611,0.060864,0.072724,0.086240
600.0,5.3899e-05,0.00017617,0.00050846,0.0013880,0.0033860,0.0075084,0.015771,0.030080,0.040591,0.048813,0.058522
700.0,3.3054e-05,0.00010957,0.00032303,0.00090664,0.0022502,0.0050452,0.010753,0.020608,0.027993,0.033837,0.040532
800.0,2.0341e-05,6.9313e-05,0.00020972,0.00060052,0.0014958,0.0034122,0.0074068,0.014296,0.019501,0.023725,0.028561
1000.0,8.1695e-06,2.8450e-05,8.9969e-05,0.00026933,0.00069641,0.0016145,0.0035616,0.0070954,0.0097798,0.012245,0.015024
1200.0,3.3172e-06,1.2149e-05,3.9809e-05,0.00012363,0.00033223,0.00079492,0.0017764,0.0036403,0.0051857,0.0064991,0.0080623
1500.0,9.2442e-07,3.4779e-06,1.1988e-05,3.9424e-05,0.00011146,0.00027318,0.00064120,0.0013514,0.0019776,0.0025855,0.0031225
SA0P3
r\m,4.0,4.5,5.0,5.5,6.0,6.5,7.0,7.5,7.8,8.0,8.2
0.0,0.19160,0.37755,0.61117,0.88117,1.1606,1.4671,1.7754,1.9165,1.9859,2.0143,2.0333
1.0,0.14655,0.31618,0.54215,0.80869,1.0877,1.3960,1.7012,1.8852,1.9528,1.9747,1.9830
5.0,0.041208,0.11280,0.25023,0.47996,0.76017,1.0727,1.3798,1.6198,1.7003,1.7317,1.7503
10.0,0.017200,0.049481,0.11857,0.25538,0.46638,0.74444,1.0789,1.4039,1.4741,1.5235,1.5353
15.0,0.0096758,0.028465,0.070441,0.15863,0.30880,0.53372,0.83698,1.1668,1.3194,1.3615,1.4080
20.0,0.0063025,0.018892,0.047650,0.11010,0.22184,0.40415,0.66448,0.96932,1.1441,1.2307,1.2798
25.0,0.0043930,0.013332,0.034362,0.081011,0.16745,0.31607,0.53896,0.81483,0.98112,1.0902,1.1652
30.0,0.0032906,0.010078,0.026299,0.062841,0.13194,0.25532,0.44731,0.69525,0.85126,0.95634,1.0676
40.0,0.0021028,0.0065421,0.017343,0.042219,0.090977,0.18080,0.32817,0.52996,0.66518,0.76613,0.87695
50.0,0.0014907,0.0046881,0.012551,0.030950,0.067952,0.13736,0.25621,0.43121,0.55664,0.64194,0.73582
60.0,0.0012123,0.0038413,0.010351,0.025717,0.057138,0.11646,0.22014,0.37964,0.48523,0.56223,0.64740
70.0,0.0010448,0.0033269,0.0090031,0.022480,0.050457,0.10368,0.20027,0.34301,0.44175,0.51484,0.59648
80.0,0.00095399,0.0030506,0.0082826,0.020764,0.046987,0.097098,0.18850,0.32250,0.41655,0.48645,0.56473
90.0,0.00087982,0.0028239,0.0076920,0.019398,0.044119,0.092312,0.17765,0.30516,0.39499,0.46193,0.53699
100.0,0.00081595,0.0026284,0.0071805,0.018204,0.041592,0.087567,0.16802,0.28968,0.37566,0.43989,0.51205
110.0,0.00076038,0.0024571,0.0067308,0.017137,0.039297,0.082805,0.15907,0.27503,0.35721,0.41871,0.48786
120.0,0.00071146,0.0023051,0.0063306,0.016182,0.037417,0.078515,0.15098,0.26174,0.34041,0.39941,0.46585
130.0,0.00066462,0.0021589,0.0059446,0.015252,0.035344,0.074300,0.14305,0.24846,0.32363,0.38010,0.44375
140.0,0.00062024,0.0020201,0.0055766,0.014359,0.033323,0.070214,0.13538,0.23544,0.30710,0.36102,0.42186
150.0,0.00057640,0.0018823,0.0052089,0.013460,0.031277,0.066057,0.12757,0.22219,0.29026,0.34161,0.39961
175.0,0.00047919,0.0015736,0.0043779,0.011392,0.026541,0.056266,0.10927,0.19136,0.25102,0.29627,0.34756
200.0,0.00040386,0.0013324,0.0037230,0.0097295,0.022753,0.048316,0.094392,0.16632,0.21905,0.25927,0.30499
250.0,0.00029242,0.00097304,0.0027440,0.0072226,0.016992,0.036304,0.071642,0.12807,0.16968,0.20165,0.23818
300.0,0.00021907,0.00073417,0.0020866,0.0055494,0.013183,0.028353,0.056538,0.10233,0.13626,0.16249,0.19016
350.0,0.00016796,0.00056646,0.0016200,0.0043534,0.010410,0.022529,0.045327,0.082939,0.11092,0.13133,0.15408
400.0,0.00013093,0.00044395,0.0012767,0.0034614,0.0083260,0.018123,0.036753,0.067901,0.090587,0.10725,0.12615
450.0,0.00010136,0.00034717,0.0010110,0.0027617,0.0066923,0.014651,0.029947,0.055856,0.074190,0.088113,0.10395
500.0,7.9320e-05,0.00027383,0.00080725,0.0022192,0.0054216,0.011935,0.024575,0.046128,0.061243,0.072910,0.086207
600.0,4.8418e-05,0.00017058,0.00051363,0.0014333,0.0035515,0.0079425,0.016615,0.031340,0.042032,0.050338,0.060101
700.0,3.0907e-05,0.00011025,0.00033831,0.00096660,0.0024304,0.0054892,0.011632,0.022010,0.029697,0.035730,0.042638
800.0,1.9833e-05,7.2405e-05,0.00022725,0.00066091,0.0016647,0.0038187,0.0082187,0.015633,0.021174,0.025622,0.030708
1000.0,8.6027e-06,3.1969e-05,0.00010423,0.00031516,0.00082013,0.0019026,0.0041429,0.0080992,0.011066,0.013736,0.016742
1200.0,3.7661e-06,1.4605e-05,4.9082e-05,0.00015326,0.00041208,0.00098005,0.0021532,0.0043119,0.0060649,0.0075350,0.0092734
1500.0,1.1617e-06,4.5938e-06,1.6111e-05,5.2751e-05,0.00014799,0.00035825,0.00082027,0.0016814,0.0024214,0.0031263,0.0037485
SA0P4
r\m,4.0,4.5,5.0,5.5,6.0,6.5,7.0,7.5,7.8,8.0,8.2
0.0,0.11303,0.25124,0.44337,0.67261,0.91355,1.1779,1.4484,1.5796,1.6426,1.6692,1.6907
1.0,0.086739,0.21117,0.39520,0.62097,0.86115,1.1268,1.3943,1.5588,1.6197,1.6402,1.6516
5.0,0.024084,0.074767,0.18172,0.36865,0.60614,0.87519,1.1428,1.3508,1.4206,1.4475,1.4652
10.0,0.010007,0.032679,0.085920,0.19589,0.37291,0.61241,0.90038,1.1759,1.2361,1.2777,1.2889
15.0,0.0056330,0.018813,0.051091,0.12183,0.24746,0.44070,0.70087,0.98026,1.1080,1.1435,1.1833
20.0,0.0036724,0.012495,0.034604,0.084667,0.17799,0.33418,0.55717,0.81567,0.96193,1.0342,1.0761
25.0,0.0025603,0.0088236,0.024984,0.062400,0.13459,0.26153,0.45235,0.68617,0.82554,0.91646,0.97979
30.0,0.0019195,0.0066756,0.019140,0.048438,0.10613,0.21124,0.37552,0.58569,0.71654,0.80424,0.89744
40.0,0.0012288,0.0043419,0.012649,0.032604,0.073265,0.14961,0.27543,0.44648,0.55990,0.64419,0.73706
50.0,0.00087313,0.0031184,0.0091727,0.023941,0.054780,0.11367,0.21500,0.36337,0.46863,0.54009,0.61902
60.0,0.00071123,0.0025586,0.0075725,0.019899,0.046041,0.096227,0.18438,0.31928,0.40786,0.47232,0.54390
70.0,0.00061380,0.0022189,0.0065942,0.017410,0.040680,0.085660,0.16768,0.28851,0.37152,0.43291,0.50175
80.0,0.00056382,0.0020470,0.0061031,0.016174,0.038098,0.080651,0.15856,0.27234,0.35160,0.41043,0.47653
90.0,0.00052249,0.0019040,0.0056949,0.015184,0.035939,0.077008,0.15000,0.25855,0.33442,0.39086,0.45434
100.0,0.00048684,0.0017804,0.0053405,0.014316,0.034034,0.073358,0.14240,0.24625,0.31903,0.37329,0.43443
110.0,0.00045575,0.0016720,0.0050285,0.013541,0.032308,0.069685,0.13540,0.23474,0.30454,0.35665,0.41543
120.0,0.00042830,0.0015755,0.0047503,0.012845,0.030908,0.066370,0.12906,0.22428,0.29133,0.34149,0.39812
130.0,0.00040175,0.0014819,0.0044795,0.012161,0.029324,0.063083,0.12279,0.21374,0.27801,0.32616,0.38057
140.0,0.00037627,0.0013918,0.0042185,0.011494,0.027755,0.059849,0.11665,0.20323,0.26468,0.31078,0.36292
150.0,0.00035063,0.0013005,0.0039518,0.010807,0.026127,0.056470,0.11023,0.19228,0.25080,0.29481,0.34463
175.0,0.00029414,0.0010974,0.0033533,0.0092357,0.022388,0.048587,0.095324,0.16705,0.21873,0.25777,0.30212
200.0,0.00025031,0.00093833,0.0028806,0.0079683,0.019387,0.042165,0.083175,0.14653,0.19257,0.22753,0.26735
250.0,0.00018478,0.00069921,0.0021671,0.0060377,0.014791,0.032368,0.064414,0.11499,0.15193,0.18016,0.21246
300.0,0.00014126,0.00053865,0.0016827,0.0047397,0.011726,0.025828,0.051868,0.093647,0.12429,0.14782,0.17270
350.0,0.00011064,0.00042461,0.0013345,0.0037993,0.0094607,0.020969,0.042443,0.077360,0.10306,0.12168,0.14249
400.0,8.8179e-05,0.00034022,0.0010747,0.0030878,0.0077322,0.017237,0.035128,0.064561,0.085761,0.10123,0.11882
450.0,7.0045e-05,0.00027289,0.00087182,0.0025200,0.0063551,0.014246,0.029232,0.054162,0.071612,0.084761,0.099740
500.0,5.6300e-05,0.00022097,0.00071353,0.0020721,0.0052660,0.011866,0.024499,0.045619,0.060268,0.071481,0.084284
600.0,3.6694e-05,0.00014641,0.00048137,0.0014156,0.0036345,0.0082991,0.017362,0.032375,0.043138,0.051433,0.061127
700.0,2.4800e-05,9.9978e-05,0.00033397,0.00099980,0.0025959,0.0059805,0.012648,0.023604,0.031616,0.037842,0.044983
800.0,1.6917e-05,6.9365e-05,0.00023586,0.00071652,0.0018599,0.0043439,0.0092945,0.017393,0.023377,0.028113,0.033535
1000.0,8.2347e-06,3.4205e-05,0.00011975,0.00037533,0.0010005,0.0023500,0.0050573,0.0096669,0.013079,0.016044,0.019395
1200.0,4.0563e-06,1.7375e-05,6.2235e-05,0.00020015,0.00054712,0.0013059,0.0028214,0.0054904,0.0075973,0.0093287,0.011363
1500.0,1.4712e-06,6.3662e-06,2.3512e-05,7.8225e-05,0.00022056,0.00053225,0.0011850,0.0023433,0.0033025,0.0041843,0.0049793
SA0P5
r\m,4.0,4.5,5.0,5.5,6.0,6.5,7.0,7.5,7.8,8.0,8.2
0.0,0.071699,0.17340,0.33096,0.53096,0.74825,0.98798,1.2356,1.3622,1.4226,1.4490,1.4724
1.0,0.055137,0.14607,0.29588,0.49198,0.70784,0.94815,1.1927,1.3469,1.4051,1.4258,1.4397
5.0,0.015189,0.051478,0.13574,0.29211,0.50040,0.74128,0.98394,1.1733,1.2378,1.2632,1.2812
10.0,0.0062927,0.022447,0.064087,0.15508,0.30837,0.52140,0.77887,1.0242,1.0795,1.1172,1.1290
15.0,0.0035433,0.012928,0.038128,0.096517,0.20490,0.37606,0.60756,0.85532,0.96860,1.0009,1.0372
20.0,0.0023113,0.0085891,0.025843,0.067128,0.14749,0.28539,0.48338,0.71242,0.84147,0.90549,0.94356
25.0,0.0016114,0.0060681,0.018671,0.049521,0.11164,0.22343,0.39265,0.59956,0.72249,0.80259,0.85919
30.0,0.0012087,0.0045932,0.014313,0.038455,0.088062,0.18044,0.32600,0.51187,0.62723,0.70446,0.78683
40.0,0.00077468,0.0029910,0.0094713,0.025913,0.060836,0.12780,0.23905,0.39022,0.49011,0.56424,0.64616
50.0,0.00055123,0.0021511,0.0068767,0.019047,0.045514,0.097095,0.18657,0.31761,0.41027,0.47324,0.54301
60.0,0.00044947,0.0017665,0.0056805,0.015835,0.038242,0.082114,0.15982,0.27874,0.35672,0.41349,0.47673
70.0,0.00038821,0.0015333,0.0049503,0.013861,0.033798,0.073093,0.14530,0.25189,0.32505,0.37921,0.44015
80.0,0.00035793,0.0014198,0.0045985,0.012923,0.031763,0.069041,0.13779,0.23835,0.30830,0.36026,0.41883
90.0,0.00033267,0.0013245,0.0043034,0.012168,0.030048,0.066098,0.13065,0.22674,0.29379,0.34369,0.39998
100.0,0.00031086,0.0012421,0.0040470,0.011506,0.028534,0.063127,0.12432,0.21639,0.28080,0.32883,0.38311
110.0,0.00029183,0.0011697,0.0038211,0.010914,0.027165,0.060133,0.11852,0.20679,0.26868,0.31490,0.36718
120.0,0.00027499,0.0011053,0.0036194,0.010382,0.026063,0.057430,0.11326,0.19806,0.25764,0.30220,0.35267
130.0,0.00025859,0.0010423,0.0034220,0.0098554,0.024795,0.054732,0.10804,0.18921,0.24642,0.28928,0.33785
140.0,0.00024273,0.00098120,0.0032303,0.0093373,0.023524,0.052052,0.10287,0.18028,0.23509,0.27618,0.32280
150.0,0.00022657,0.00091842,0.0030316,0.0087957,0.022183,0.049201,0.097377,0.17084,0.22311,0.26240,0.30700
175.0,0.00019113,0.00077944,0.0025877,0.0075623,0.019124,0.042597,0.084713,0.14923,0.19560,0.23060,0.27046
200.0,0.00016362,0.00067058,0.0022369,0.0065654,0.016663,0.037209,0.074379,0.13164,0.17315,0.20464,0.24059
250.0,0.00012224,0.00050599,0.0017044,0.0050384,0.012884,0.028949,0.058334,0.10454,0.13820,0.16387,0.19329
300.0,9.4638e-05,0.00039491,0.0013409,0.0040087,0.010352,0.023416,0.047576,0.086173,0.11438,0.13599,0.15892
350.0,7.5113e-05,0.00031552,0.0010777,0.0032573,0.0084674,0.019273,0.039442,0.072060,0.095978,0.11326,0.13264
400.0,6.0703e-05,0.00025638,0.00087987,0.0026844,0.0070166,0.016064,0.033081,0.060890,0.080842,0.095377,0.11194
450.0,4.9014e-05,0.00020900,0.00072494,0.0022228,0.0058505,0.013469,0.027910,0.051743,0.068368,0.080852,0.095111
500.0,4.0074e-05,0.00017212,0.00060283,0.0018552,0.0049197,0.011384,0.023720,0.044155,0.058280,0.069050,0.081380
600.0,2.7258e-05,0.00011875,0.00042263,0.0013153,0.0035156,0.0082330,0.017354,0.032278,0.042924,0.051098,0.060626
700.0,1.9132e-05,8.4122e-05,0.00030362,0.00095824,0.0025847,0.0061058,0.012995,0.024153,0.032274,0.038554,0.045777
800.0,1.3602e-05,6.0583e-05,0.00022187,0.00070921,0.0019107,0.0045716,0.0098204,0.018274,0.024499,0.029382,0.034994
1000.0,7.1726e-06,3.2277e-05,0.00012098,0.00039700,0.0010943,0.0026265,0.0056545,0.010704,0.014428,0.017577,0.021160
1200.0,3.8470e-06,1.7706e-05,6.7558e-05,0.00022651,0.00063746,0.0015467,0.0033337,0.0063984,0.0087783,0.010707,0.012967
1500.0,1.5719e-06,7.2690e-06,2.8361e-05,9.7515e-05,0.00028104,0.00068766,0.0015164,0.0029435,0.0040974,0.0051263,0.0060862
SA0P75
r\m,4.0,4.5,5.0,5.5,6.0,6.5,7.0,7.5,7.8,8.0,8.2
0.0,0.029286,0.078712,0.17230,0.31304,0.48663,0.68984,0.90783,1.0351,1.0963,1.1254,1.1531
1.0,0.022586,0.066510,0.15465,0.29148,0.46253,0.66486,0.87949,1.0262,1.0852,1.1094,1.1289
5.0,0.0061562,0.023295,0.070732,0.17310,0.32890,0.52441,0.73189,0.90009,0.96161,0.98790,1.0088
10.0,0.0025403,0.010126,0.033334,0.091794,0.20315,0.37147,0.58307,0.78864,0.84129,0.87618,0.89106
15.0,0.0014310,0.0058353,0.019847,0.057186,0.13523,0.26875,0.45614,0.66027,0.75584,0.78600,0.81943
20.0,0.00093407,0.0038791,0.013466,0.039815,0.097437,0.20418,0.36329,0.55071,0.65729,0.71139,0.74579
25.0,0.00065132,0.0027422,0.0097386,0.029411,0.073854,0.15992,0.29531,0.46374,0.56471,0.63079,0.67922
30.0,0.00048891,0.0020772,0.0074721,0.022852,0.058289,0.12913,0.24523,0.39604,0.49042,0.55386,0.62190
40.0,0.00031382,0.0013550,0.0049539,0.015424,0.040309,0.091458,0.17976,0.30193,0.38322,0.44360,0.51071
50.0,0.00022375,0.00097651,0.0036035,0.011355,0.030183,0.069488,0.14028,0.24581,0.32087,0.37229,0.42958
60.0,0.00018271,0.00080297,0.0029797,0.0094437,0.025354,0.058695,0.11998,0.21539,0.27865,0.32493,0.37680
70.0,0.00015799,0.00069786,0.0025997,0.0082740,0.022419,0.052245,0.10905,0.19467,0.25406,0.29826,0.34828
80.0,0.00014640,0.00064952,0.0024274,0.0077516,0.021169,0.049566,0.10381,0.18481,0.24169,0.28415,0.33229
90.0,0.00013661,0.00060843,0.0022808,0.0073287,0.020105,0.047625,0.098740,0.17629,0.23090,0.27173,0.31806
100.0,0.00012816,0.00057285,0.0021533,0.0069574,0.019164,0.045645,0.094250,0.16871,0.22126,0.26062,0.30535
110.0,0.00012077,0.00054157,0.0020410,0.0066261,0.018317,0.043646,0.090174,0.16177,0.21240,0.25037,0.29355
120.0,0.00011421,0.00051367,0.0019405,0.0063276,0.017644,0.041839,0.086481,0.15546,0.20432,0.24102,0.28281
130.0,0.00010777,0.00048616,0.0018413,0.0060291,0.016848,0.040021,0.082784,0.14899,0.19604,0.23142,0.27172
140.0,0.00010147,0.00045914,0.0017440,0.0057314,0.016037,0.038187,0.079073,0.14237,0.18754,0.22154,0.26030
150.0,9.4923e-05,0.00043080,0.0016408,0.0054129,0.015160,0.036185,0.075023,0.13521,0.17837,0.21093,0.24809
175.0,8.0681e-05,0.00036855,0.0014122,0.0046929,0.013178,0.031597,0.065799,0.11898,0.15749,0.18665,0.22004
200.0,6.9625e-05,0.00031977,0.0012315,0.0041097,0.011581,0.027849,0.058268,0.10577,0.14047,0.16686,0.19714
250.0,5.2863e-05,0.00024550,0.00095510,0.0032100,0.0091207,0.022070,0.046497,0.085379,0.11390,0.13569,0.16078
300.0,4.1631e-05,0.00019507,0.00076519,0.0026019,0.0074668,0.018189,0.038596,0.071559,0.095805,0.11439,0.13428
350.0,3.3640e-05,0.00015878,0.00062654,0.0021544,0.0062240,0.015259,0.032584,0.060862,0.081722,0.096841,0.11390
400.0,2.7704e-05,0.00013154,0.00052138,0.0018103,0.0052580,0.012968,0.027843,0.052331,0.070015,0.082935,0.097737
450.0,2.2873e-05,0.00010966,0.00043895,0.0015297,0.0044734,0.011096,0.023951,0.045285,0.060284,0.071549,0.084488
500.0,1.9145e-05,9.2464e-05,0.00037325,0.0013038,0.0038408,0.0095756,0.020765,0.039372,0.052341,0.062218,0.073594
600.0,1.3821e-05,6.7537e-05,0.00027637,0.00097462,0.0028847,0.0072676,0.015910,0.030047,0.040186,0.047965,0.057015
700.0,1.0234e-05,5.0430e-05,0.00020878,0.00074260,0.0022121,0.0056223,0.012409,0.023371,0.031392,0.037578,0.044748
800.0,7.7219e-06,3.8345e-05,0.00016037,0.00057623,0.0017127,0.0044058,0.0097831,0.018408,0.024808,0.029785,0.035558
1000.0,4.5810e-06,2.2927e-05,9.7317e-05,0.00035649,0.0010792,0.0027783,0.0061556,0.011716,0.015858,0.019210,0.023089
1200.0,2.7976e-06,1.4154e-05,6.0737e-05,0.00022598,0.00069465,0.0017968,0.0039739,0.0076262,0.010426,0.012654,0.015269
1500.0,1.3761e-06,6.9564e-06,3.0157e-05,0.00011370,0.00035455,0.00092484,0.0020732,0.0039995,0.0055167,0.0067986,0.0081037
SA1P0
r\m,4.0,4.5,5.0,5.5,6.0,6.5,7.0,7.5,7.8,8.0,8.2
0.0,0.015136,0.042083,0.099198,0.19665,0.33236,0.50561,0.70351,0.83515,0.90060,0.93384,0.96591
1.0,0.011690,0.035613,0.089212,0.18355,0.31663,0.48833,0.68276,0.82902,0.89239,0.92134,0.94624
5.0,0.0031697,0.012437,0.040749,0.10903,0.22582,0.38687,0.57065,0.72967,0.79311,0.82257,0.84732
10.0,0.0013054,0.0053984,0.019189,0.057793,0.13967,0.27504,0.45610,0.64054,0.69500,0.73059,0.74937
15.0,0.00073552,0.0031121,0.011431,0.036027,0.093067,0.19932,0.35735,0.53699,0.62486,0.65588,0.68952
20.0,0.00048028,0.0020695,0.0077608,0.025100,0.067096,0.15152,0.28479,0.44823,0.54369,0.59380,0.62775
25.0,0.00033493,0.0014636,0.0056158,0.018556,0.050898,0.11872,0.23160,0.37758,0.46729,0.52666,0.57181
30.0,0.00025151,0.0011092,0.0043112,0.014424,0.040187,0.095858,0.19235,0.32253,0.40591,0.46254,0.52354
40.0,0.00016158,0.00072431,0.0028618,0.0097461,0.027811,0.067910,0.14100,0.24593,0.31724,0.37051,0.43000
50.0,0.00011532,0.00052259,0.0020841,0.0071821,0.020839,0.051608,0.11004,0.20027,0.26570,0.31109,0.36190
60.0,9.4245e-05,0.00043009,0.0017247,0.0059762,0.017507,0.043575,0.094065,0.17538,0.23063,0.27141,0.31734
70.0,8.1550e-05,0.00037409,0.0015059,0.0052396,0.015488,0.038795,0.085501,0.15854,0.21036,0.24927,0.29353
80.0,7.5755e-05,0.00034911,0.0014099,0.0049217,0.014662,0.036892,0.081555,0.15077,0.20044,0.23784,0.28044
90.0,7.0833e-05,0.00032774,0.0013278,0.0046638,0.013955,0.035517,0.077708,0.14404,0.19176,0.22774,0.26876
100.0,6.6580e-05,0.00030922,0.0012562,0.0044371,0.013330,0.034106,0.074299,0.13805,0.18400,0.21871,0.25835
110.0,6.2860e-05,0.00029294,0.0011932,0.0042350,0.012768,0.032679,0.071221,0.13260,0.17693,0.21045,0.24876
120.0,5.9558e-05,0.00027841,0.0011367,0.0040528,0.012325,0.031389,0.068433,0.12765,0.17049,0.20292,0.24004
130.0,5.6295e-05,0.00026400,0.0010808,0.0038696,0.011793,0.030084,0.065630,0.12255,0.16385,0.19515,0.23099
140.0,5.3081e-05,0.00024975,0.0010255,0.0036853,0.011246,0.028757,0.062793,0.11728,0.15697,0.18708,0.22158
150.0,4.9715e-05,0.00023465,0.00096624,0.0034856,0.010646,0.027287,0.059654,0.11151,0.14947,0.17832,0.21143
175.0,4.2416e-05,0.00020159,0.00083538,0.0030359,0.0092959,0.023937,0.052546,0.098514,0.13247,0.15838,0.18818
200.0,3.6750e-05,0.00017568,0.00073186,0.0026711,0.0082076,0.021199,0.046742,0.087928,0.11861,0.14212,0.16924
250.0,2.8126e-05,0.00013609,0.00057301,0.0021063,0.0065278,0.016965,0.037642,0.071587,0.096977,0.11651,0.13910
300.0,2.2335e-05,0.00010914,0.00046350,0.0017243,0.0053974,0.014120,0.031535,0.060522,0.082254,0.099024,0.11712
350.0,1.8207e-05,8.9680e-05,0.00038322,0.0014420,0.0045443,0.011966,0.026878,0.051931,0.070765,0.084541,0.10018
400.0,1.5133e-05,7.5029e-05,0.00032209,0.0012241,0.0038782,0.010274,0.023192,0.045059,0.061167,0.073041,0.086715
450.0,1.2632e-05,6.3264e-05,0.00027422,0.0010455,0.0033348,0.0088848,0.020154,0.039365,0.053163,0.063594,0.075639
500.0,1.0695e-05,5.3988e-05,0.00023590,0.00090088,0.0028947,0.0077521,0.017657,0.034562,0.046605,0.055828,0.066510
600.0,7.9545e-06,4.0601e-05,0.00017970,0.00069241,0.0022321,0.0060364,0.013866,0.026986,0.036582,0.043985,0.052612
700.0,6.0506e-06,3.1152e-05,0.00013937,0.00054025,0.0017505,0.0047770,0.011054,0.021434,0.029174,0.035171,0.042170
800.0,4.7067e-06,2.4367e-05,0.00010992,0.00042993,0.0013896,0.0038374,0.0089196,0.017260,0.023574,0.028490,0.034239
1000.0,2.9687e-06,1.5490e-05,7.0650e-05,0.00028082,0.00092263,0.0025486,0.0058990,0.011514,0.015788,0.019180,0.023159
1200.0,1.9438e-06,1.0198e-05,4.6878e-05,0.00018874,0.00062824,0.0017393,0.0040149,0.0078801,0.010869,0.013237,0.016029
1500.0,1.0579e-06,5.5404e-06,2.5583e-05,0.00010380,0.00034905,0.00097663,0.0022758,0.0044786,0.0062152,0.0076388,0.0091894
SA1P5
r\m,4.0,4.5,5.0,5.5,6.0,6.5,7.0,7.5,7.8,8.0,8.2
0.0,0.0059520,0.016637,0.041826,0.091594,0.17350,0.29513,0.45351,0.58344,0.65411,0.69367,0.73247
1.0,0.0046036,0.014101,0.037689,0.085694,0.16567,0.28563,0.44091,0.57989,0.64884,0.68499,0.71800
5.0,0.0012420,0.0049113,0.017197,0.050927,0.11853,0.22731,0.37014,0.51219,0.57837,0.61316,0.64430
10.0,0.00051056,0.0021290,0.0080935,0.026991,0.073419,0.16221,0.29685,0.45058,0.50774,0.54547,0.57062
15.0,0.00028777,0.0012280,0.0048247,0.016841,0.048987,0.11778,0.23299,0.37830,0.45692,0.49014,0.52544
20.0,0.00018799,0.00081702,0.0032786,0.011744,0.035348,0.089618,0.18584,0.31608,0.39787,0.44397,0.47860
25.0,0.00013111,0.00057812,0.0023743,0.0086911,0.026843,0.070257,0.15123,0.26642,0.34216,0.39394,0.43610
30.0,9.8501e-05,0.00043838,0.0018242,0.0067603,0.021208,0.056746,0.12566,0.22767,0.29735,0.34613,0.39936
40.0,6.3339e-05,0.00028665,0.0012128,0.0045752,0.014696,0.040232,0.092159,0.17371,0.23252,0.27741,0.32817
50.0,4.5257e-05,0.00020712,0.00088463,0.0033766,0.011026,0.030598,0.071966,0.14155,0.19487,0.23310,0.27646
60.0,3.7019e-05,0.00017064,0.00073292,0.0028125,0.0092691,0.025840,0.061514,0.12394,0.16915,0.20337,0.24243
70.0,3.2055e-05,0.00014858,0.00064074,0.0024688,0.0082086,0.023021,0.055942,0.11211,0.15440,0.18695,0.22447
80.0,2.9852e-05,0.00013905,0.00060171,0.0023260,0.0077940,0.021953,0.053489,0.10684,0.14740,0.17869,0.21482
90.0,2.7969e-05,0.00013084,0.00056805,0.0022099,0.0074370,0.021186,0.051073,0.10225,0.14125,0.17138,0.20618
100.0,2.6341e-05,0.00012373,0.00053876,0.0021079,0.0071216,0.020391,0.048933,0.098177,0.13576,0.16484,0.19849
110.0,2.4917e-05,0.00011747,0.00051292,0.0020170,0.0068388,0.019585,0.047012,0.094499,0.13080,0.15892,0.19148
120.0,2.3651e-05,0.00011189,0.00048979,0.0019350,0.0066186,0.018857,0.045272,0.091156,0.12628,0.15352,0.18510
130.0,2.2393e-05,0.00010631,0.00046674,0.0018519,0.0063479,0.018116,0.043514,0.087688,0.12159,0.14791,0.17844
140.0,2.1146e-05,0.00010076,0.00044379,0.0017676,0.0060665,0.017354,0.041716,0.084069,0.11669,0.14203,0.17144
150.0,1.9827e-05,9.4804e-05,0.00041884,0.0016748,0.0057531,0.016496,0.039695,0.080053,0.11127,0.13557,0.16381
175.0,1.6979e-05,8.1816e-05,0.00036396,0.0014666,0.0050508,0.014549,0.035144,0.071044,0.099044,0.12091,0.14639
200.0,1.4768e-05,7.1633e-05,0.00032051,0.0012974,0.0044838,0.012957,0.031425,0.063706,0.089081,0.10897,0.13221
250.0,1.1389e-05,5.6009e-05,0.00025355,0.0010341,0.0036065,0.010486,0.025571,0.052367,0.073506,0.090131,0.10961
300.0,9.1156e-06,4.5339e-05,0.00020721,0.00085584,0.0030154,0.0088252,0.021646,0.044701,0.062926,0.077298,0.093122
350.0,7.4922e-06,3.7612e-05,0.00017310,0.00072355,0.0025671,0.0075624,0.018644,0.038730,0.054644,0.066602,0.080377
400.0,6.2807e-06,3.1777e-05,0.00014701,0.00062099,0.0022153,0.0065662,0.016260,0.033939,0.047688,0.058091,0.070226
450.0,5.2963e-06,2.7096e-05,0.00012661,0.00053640,0.0019268,0.0057446,0.014287,0.029955,0.041867,0.051076,0.061850
500.0,4.5330e-06,2.3397e-05,0.00011021,0.00046760,0.0016923,0.0050718,0.012659,0.026579,0.037082,0.045295,0.054933
600.0,3.4676e-06,1.8106e-05,8.6402e-05,0.00036989,0.0013416,0.0040583,0.010204,0.021263,0.029799,0.036519,0.044426
700.0,2.7055e-06,1.4268e-05,6.8822e-05,0.00029580,0.0010774,0.0032902,0.0083280,0.017271,0.024295,0.029846,0.036419
800.0,2.1666e-06,1.1476e-05,5.5747e-05,0.00024162,0.00087801,0.0027136,0.0068885,0.014241,0.020105,0.024749,0.030265
1000.0,1.4494e-06,7.7526e-06,3.7987e-05,0.00016695,0.00061596,0.0019048,0.0048068,0.0099955,0.014166,0.017458,0.021406
1200.0,1.0163e-06,5.4445e-06,2.6838e-05,0.00011928,0.00044524,0.0013777,0.0034662,0.0072302,0.010264,0.012691,0.015589
1500.0,6.1141e-07,3.2755e-06,1.6155e-05,7.2065e-05,0.00027102,0.00085122,0.0021552,0.0044998,0.0064105,0.0079465,0.0097678
SA2P0
r\m,4.0,4.5,5.0,5.5,6.0,6.5,7.0,7.5,7.8,8.0,8.2
0.0,0.0030883,0.0085192,0.021933,0.050580,0.10274,0.18881,0.31315,0.43129,0.50096,0.54265,0.58437
1.0,0.0023903,0.0072259,0.019782,0.047378,0.098213,0.18292,0.30473,0.42894,0.49719,0.53610,0.57302
5.0,0.00064339,0.0025138,0.0090228,0.028167,0.070384,0.14592,0.25641,0.37958,0.44391,0.48057,0.51481
10.0,0.00026426,0.0010892,0.0042463,0.014931,0.043642,0.10435,0.20603,0.33433,0.39012,0.42793,0.45634
15.0,0.00014897,0.00062845,0.0025326,0.0093221,0.029144,0.075856,0.16188,0.28097,0.35131,0.38478,0.42044
20.0,9.7341e-05,0.00041828,0.0017220,0.0065051,0.021044,0.057759,0.12921,0.23492,0.30608,0.34869,0.38313
25.0,6.7900e-05,0.00029608,0.0012477,0.0048175,0.015993,0.045305,0.10521,0.19811,0.26336,0.30953,0.34924
30.0,5.1023e-05,0.00022460,0.00095914,0.0037493,0.012643,0.036607,0.087456,0.16938,0.22896,0.27207,0.31990
40.0,3.2826e-05,0.00014698,0.00063839,0.0025404,0.0087706,0.025977,0.064189,0.12933,0.17917,0.21820,0.26304
50.0,2.3470e-05,0.00010630,0.00046613,0.0018770,0.0065870,0.019773,0.050163,0.10547,0.15027,0.18349,0.22177
60.0,1.9207e-05,8.7639e-05,0.00038653,0.0015648,0.0055418,0.016708,0.042896,0.092381,0.13048,0.16015,0.19455
70.0,1.6638e-05,7.6362e-05,0.00033820,0.0013749,0.0049123,0.014897,0.039038,0.083621,0.11920,0.14734,0.18029
80.0,1.5514e-05,7.1572e-05,0.00031815,0.0012977,0.0046728,0.014231,0.037386,0.079800,0.11394,0.14100,0.17274
90.0,1.4550e-05,6.7433e-05,0.00030079,0.0012349,0.0044661,0.013755,0.035748,0.076470,0.10931,0.13538,0.16596
100.0,1.3716e-05,6.3846e-05,0.00028569,0.0011798,0.0042835,0.013259,0.034298,0.073513,0.10518,0.13036,0.15994
110.0,1.2987e-05,6.0689e-05,0.00027236,0.0011306,0.0041201,0.012756,0.033001,0.070856,0.10147,0.12583,0.15447
120.0,1.2338e-05,5.7870e-05,0.00026043,0.0010863,0.0039937,0.012301,0.031826,0.068441,0.098093,0.12170,0.14950
130.0,1.1691e-05,5.5048e-05,0.00024849,0.0010412,0.0038362,0.011835,0.030633,0.065923,0.094566,0.11740,0.14429
140.0,1.1048e-05,5.2225e-05,0.00023656,0.00099513,0.0036713,0.011353,0.029407,0.063278,0.090858,0.11285,0.13878
150.0,1.0365e-05,4.9177e-05,0.00022349,0.00094399,0.0034858,0.010805,0.028014,0.060318,0.086722,0.10782,0.13273
175.0,8.8914e-06,4.2543e-05,0.00019478,0.00082931,0.0030707,0.0095631,0.024884,0.053690,0.077412,0.096425,0.11893
200.0,7.7476e-06,3.7339e-05,0.00017204,0.00073602,0.0027353,0.0085465,0.022325,0.048289,0.069824,0.087146,0.10769
250.0,5.9959e-06,2.9335e-05,0.00013688,0.00059036,0.0022151,0.0069641,0.018285,0.039934,0.057947,0.072478,0.089764
300.0,4.8161e-06,2.3859e-05,0.00011249,0.00049167,0.0018643,0.0059006,0.015576,0.034289,0.049886,0.062498,0.076669
350.0,3.9728e-06,1.9886e-05,9.4485e-05,0.00041821,0.0015974,0.0050896,0.013500,0.029882,0.043562,0.054145,0.066531
400.0,3.3428e-06,1.6881e-05,8.0680e-05,0.00036110,0.0013872,0.0044479,0.011848,0.026337,0.038231,0.047487,0.058444
450.0,2.8314e-06,1.4471e-05,6.9896e-05,0.00031382,0.0012143,0.0039170,0.010476,0.023384,0.033758,0.041987,0.051758
500.0,2.4347e-06,1.2566e-05,6.1206e-05,0.00027526,0.0010734,0.0034811,0.0093419,0.020872,0.030075,0.037449,0.046230
600.0,1.8859e-06,9.8568e-06,4.8675e-05,0.00022100,0.00086363,0.0028270,0.0076387,0.016923,0.024483,0.030580,0.037848
700.0,1.4878e-06,7.8645e-06,3.9282e-05,0.00017898,0.00070234,0.0023222,0.0063150,0.013915,0.020205,0.025294,0.031411
800.0,1.2068e-06,6.4075e-06,3.2234e-05,0.00014814,0.00058026,0.0019423,0.0052938,0.011623,0.016939,0.021243,0.026437
1000.0,8.2859e-07,4.4527e-06,2.2594e-05,0.00010528,0.00041880,0.0014038,0.0038016,0.0083852,0.012268,0.015372,0.019162
1200.0,5.9915e-07,3.2227e-06,1.6455e-05,7.7547e-05,0.00031214,0.0010468,0.0028271,0.0062495,0.0091398,0.011496,0.014351
1500.0,3.7703e-07,2.0337e-06,1.0385e-05,4.9098e-05,0.00019909,0.00068010,0.0018472,0.0040862,0.0059912,0.0075296,0.0094457
SA3P0
r\m,4.0,4.5,5.0,5.5,6.0,6.5,7.0,7.5,7.8,8.0,8.2
0.0,0.0012427,0.0033401,0.0087442,0.021269,0.046854,0.095005,0.17495,0.26643,0.32708,0.36665,0.40777
1.0,0.00096246,0.0028351,0.0078945,0.019945,0.044843,0.092139,0.17040,0.26517,0.32481,0.36240,0.40000
5.0,0.00025850,0.00098533,0.0036001,0.011865,0.032198,0.073689,0.14374,0.23514,0.29053,0.32539,0.35987
10.0,0.00010610,0.00042679,0.0016945,0.0062926,0.019990,0.052822,0.11576,0.20744,0.25569,0.29013,0.31937
15.0,5.9823e-05,0.00024637,0.0010114,0.0039324,0.013366,0.038455,0.091081,0.17456,0.23048,0.26113,0.29450
20.0,3.9101e-05,0.00016406,0.00068820,0.0027466,0.0096605,0.029311,0.072774,0.14610,0.20099,0.23682,0.26857
25.0,2.7279e-05,0.00011618,0.00049903,0.0020360,0.0073493,0.023012,0.059311,0.12331,0.17308,0.21038,0.24498
30.0,2.0505e-05,8.8178e-05,0.00038388,0.0015858,0.0058150,0.018608,0.049341,0.10551,0.15059,0.18506,0.22454
40.0,1.3200e-05,5.7767e-05,0.00025588,0.0010763,0.0040408,0.013225,0.036267,0.080679,0.11800,0.14860,0.18486
50.0,9.4434e-06,4.1820e-05,0.00018710,0.00079651,0.0030397,0.010082,0.028383,0.065888,0.099102,0.12514,0.15607
60.0,7.7322e-06,3.4512e-05,0.00015533,0.00066491,0.0025609,0.0085288,0.024298,0.057771,0.086143,0.10933,0.13705
70.0,6.7011e-06,3.0097e-05,0.00013607,0.00058501,0.0022733,0.0076156,0.022142,0.052363,0.078798,0.10072,0.12718
80.0,6.2559e-06,2.8255e-05,0.00012826,0.00055338,0.0021675,0.0072920,0.021251,0.050069,0.075460,0.096560,0.12205
90.0,5.8729e-06,2.6658e-05,0.00012147,0.00052766,0.0020761,0.0070631,0.020361,0.048067,0.072519,0.092859,0.11745
100.0,5.5417e-06,2.5274e-05,0.00011556,0.00050507,0.0019953,0.0068225,0.019573,0.046291,0.069899,0.089561,0.11336
110.0,5.2517e-06,2.4055e-05,0.00011035,0.00048496,0.0019231,0.0065771,0.018871,0.044702,0.067553,0.086600,0.10967
120.0,4.9935e-06,2.2967e-05,0.00010568,0.00046681,0.0018679,0.0063553,0.018235,0.043258,0.065419,0.083904,0.10632
130.0,4.7356e-06,2.1873e-05,0.00010099,0.00044822,0.0017977,0.0061269,0.017586,0.041742,0.063175,0.081067,0.10277
140.0,4.4782e-06,2.0774e-05,9.6277e-05,0.00042911,0.0017235,0.0058887,0.016913,0.040136,0.060796,0.078052,0.098998
150.0,4.2034e-06,1.9579e-05,9.1070e-05,0.00040766,0.0016391,0.0056134,0.016138,0.038317,0.058114,0.074679,0.094811
175.0,3.6116e-06,1.6981e-05,7.9639e-05,0.00035957,0.0014502,0.0049912,0.014399,0.034248,0.052080,0.067040,0.085265
200.0,3.1521e-06,1.4942e-05,7.0575e-05,0.00032037,0.0012973,0.0044808,0.012975,0.030928,0.047158,0.060817,0.077492
250.0,2.4467e-06,1.1796e-05,5.6511e-05,0.00025889,0.0010594,0.0036830,0.010717,0.025781,0.039436,0.050955,0.065055
300.0,1.9710e-06,9.6386e-06,4.6723e-05,0.00021717,0.00089873,0.0031466,0.0092032,0.022306,0.034199,0.044251,0.055953
350.0,1.6305e-06,8.0695e-06,3.9472e-05,0.00018599,0.00077588,0.0027357,0.0080392,0.019582,0.030076,0.038604,0.048885
400.0,1.3758e-06,6.8801e-06,3.3894e-05,0.00016166,0.00067874,0.0024093,0.0071087,0.017384,0.026580,0.034090,0.043233
450.0,1.1694e-06,5.9268e-06,2.9536e-05,0.00014141,0.00059844,0.0021379,0.0063332,0.015545,0.023635,0.030348,0.038543
500.0,1.0092e-06,5.1720e-06,2.6016e-05,0.00012484,0.00053274,0.0019143,0.0056897,0.013974,0.021203,0.027253,0.034659
600.0,7.8951e-07,4.1058e-06,2.0973e-05,0.00010175,0.00043540,0.0015800,0.0047276,0.011504,0.017518,0.022581,0.028778
700.0,6.2806e-07,3.3109e-06,1.7133e-05,8.3450e-05,0.00035880,0.0013164,0.0039645,0.0095916,0.014657,0.018934,0.024220
800.0,5.1449e-07,2.7271e-06,1.4226e-05,6.9961e-05,0.00030060,0.0011175,0.0033720,0.0081263,0.012466,0.016129,0.020675
1000.0,3.6020e-07,1.9404e-06,1.0227e-05,5.1065e-05,0.00022316,0.00083231,0.0024959,0.0060383,0.0093016,0.012002,0.015396
1200.0,2.6675e-07,1.4397e-06,7.6499e-06,3.8692e-05,0.00017135,0.00064002,0.0019163,0.0046446,0.0071395,0.0092530,0.011885
1500.0,1.7361e-07,9.4477e-07,5.0302e-06,2.5567e-05,0.00011427,0.00043710,0.0013171,0.0031974,0.0049255,0.0063592,0.0082471
SA4P0
r\m,4.0,4.5,5.0,5.5,6.0,6.5,7.0,7.5,7.8,8.0,8.2
0.0,0.00065893,0.0017415,0.0045932,0.011510,0.026616,0.057408,0.11326,0.18494,0.23628,0.27164,0.30950
1.0,0.00051052,0.0014788,0.0041488,0.010800,0.025489,0.055707,0.11037,0.18413,0.23472,0.26858,0.30367
5.0,0.00013698,0.00051373,0.0018921,0.0064279,0.018321,0.044615,0.093233,0.16348,0.21017,0.24139,0.27344
10.0,5.6206e-05,0.00022251,0.00089077,0.0034103,0.011384,0.032025,0.075182,0.14436,0.18514,0.21541,0.24286
15.0,3.1696e-05,0.00012849,0.00053191,0.0021325,0.0076176,0.023337,0.059212,0.12159,0.16701,0.19402,0.22410
20.0,2.0721e-05,8.5586e-05,0.00036213,0.0014904,0.0055097,0.017801,0.047346,0.10184,0.14574,0.17607,0.20450
25.0,1.4458e-05,6.0630e-05,0.00026272,0.0011055,0.0041946,0.013985,0.038615,0.086016,0.12559,0.15651,0.18664
30.0,1.0869e-05,4.6030e-05,0.00020219,0.00086154,0.0033210,0.011315,0.032144,0.073644,0.10933,0.13775,0.17115
40.0,6.9990e-06,3.0175e-05,0.00013490,0.00058540,0.0023106,0.0080515,0.023655,0.056380,0.085771,0.11074,0.14106
50.0,5.0092e-06,2.1859e-05,9.8726e-05,0.00043370,0.0017402,0.0061452,0.018534,0.046098,0.072115,0.093361,0.11923
60.0,4.1027e-06,1.8049e-05,8.2029e-05,0.00036239,0.0014676,0.0052041,0.015883,0.040458,0.062745,0.081644,0.10479
70.0,3.5564e-06,1.5749e-05,7.1916e-05,0.00031916,0.0013043,0.0046521,0.014490,0.036712,0.057459,0.075297,0.097351
80.0,3.3221e-06,1.4798e-05,6.7863e-05,0.00030231,0.0012454,0.0044612,0.013927,0.035151,0.055097,0.072276,0.093542
90.0,3.1202e-06,1.3973e-05,6.4338e-05,0.00028861,0.0011945,0.0043272,0.013362,0.033790,0.053016,0.069590,0.090118
100.0,2.9456e-06,1.3257e-05,6.1268e-05,0.00027658,0.0011495,0.0041856,0.012863,0.032583,0.051163,0.067197,0.087080
110.0,2.7926e-06,1.2627e-05,5.8561e-05,0.00026588,0.0011094,0.0040406,0.012418,0.031506,0.049508,0.065055,0.084344
120.0,2.6564e-06,1.2064e-05,5.6135e-05,0.00025622,0.0010789,0.0039096,0.012016,0.030528,0.048003,0.063105,0.081860
130.0,2.5201e-06,1.1497e-05,5.3691e-05,0.00024629,0.0010397,0.0037740,0.011603,0.029495,0.046413,0.061043,0.079219
140.0,2.3839e-06,1.0925e-05,5.1229e-05,0.00023603,0.00099793,0.0036318,0.011173,0.028394,0.044716,0.058838,0.076393
150.0,2.2381e-06,1.0302e-05,4.8494e-05,0.00022444,0.00095004,0.0034660,0.010674,0.027136,0.042789,0.056354,0.073236
175.0,1.9243e-06,8.9471e-06,4.2491e-05,0.00019845,0.00084292,0.0030911,0.0095520,0.024324,0.038453,0.050725,0.066034
200.0,1.6806e-06,7.8831e-06,3.7726e-05,0.00017723,0.00075605,0.0027830,0.0086325,0.022027,0.034912,0.046137,0.060167
250.0,1.3059e-06,6.2385e-06,3.0315e-05,0.00014385,0.00062059,0.0023002,0.0071697,0.018460,0.029347,0.038851,0.050758
300.0,1.0530e-06,5.1086e-06,2.5146e-05,0.00012117,0.00052897,0.0019753,0.0061889,0.016052,0.025574,0.033900,0.043860
350.0,8.7182e-07,4.2855e-06,2.1307e-05,0.00010417,0.00045870,0.0017257,0.0054327,0.014159,0.022595,0.029708,0.038491
400.0,7.3620e-07,3.6606e-06,1.8346e-05,9.0867e-05,0.00040295,0.0015268,0.0048263,0.012627,0.020057,0.026349,0.034187
450.0,6.2633e-07,3.1597e-06,1.6033e-05,7.9764e-05,0.00035671,0.0013608,0.0043193,0.011341,0.017912,0.023558,0.030608
500.0,5.4103e-07,2.7627e-06,1.4160e-05,7.0651e-05,0.00031879,0.0012237,0.0038974,0.010238,0.016137,0.021243,0.027638
600.0,4.2456e-07,2.2035e-06,1.1486e-05,5.8013e-05,0.00026269,0.0010190,0.0032679,0.0085036,0.013449,0.017754,0.023141
700.0,3.3843e-07,1.7837e-06,9.4320e-06,4.7861e-05,0.00021793,0.00085549,0.0027622,0.0071464,0.011343,0.015005,0.019634
800.0,2.7796e-07,1.4747e-06,7.8694e-06,4.0360e-05,0.00018384,0.00073180,0.0023678,0.0061025,0.0097248,0.012884,0.016896
1000.0,1.9550e-07,1.0575e-06,5.7129e-06,2.9802e-05,0.00013831,0.00055325,0.0017803,0.0046066,0.0073742,0.0097363,0.012773
1200.0,1.4567e-07,7.9086e-07,4.3159e-06,2.2847e-05,0.00010763,0.00043173,0.0013888,0.0036015,0.0057499,0.0076289,0.010022
1500.0,9.5505e-08,5.2513e-07,2.8791e-06,1.5353e-05,7.3162e-05,0.00030173,0.00097826,0.0025444,0.0040722,0.0053760,0.0071499
SA5P0
r\m,4.0,4.5,5.0,5.5,6.0,6.5,7.0,7.5,7.8,8.0,8.2
0.0,0.00040281,0.0010536,0.0027956,0.0071575,0.017139,0.038664,0.080270,0.13814,0.18199,0.21338,0.24776
1.0,0.00031215,0.00089486,0.0025259,0.0067185,0.016419,0.037531,0.078245,0.13757,0.18082,0.21101,0.24314
5.0,8.3710e-05,0.00031083,0.0011521,0.0040001,0.011810,0.030086,0.066157,0.12224,0.16203,0.18978,0.21907
10.0,3.4342e-05,0.00013463,0.00054249,0.0021230,0.0073433,0.021617,0.053397,0.10803,0.14283,0.16947,0.19469
15.0,1.9369e-05,7.7762e-05,0.00032406,0.0013282,0.0049164,0.015763,0.042084,0.091046,0.12892,0.15273,0.17975
20.0,1.2663e-05,5.1808e-05,0.00022070,0.00092867,0.0035579,0.012031,0.033671,0.076306,0.11257,0.13867,0.16410
25.0,8.8364e-06,3.6710e-05,0.00016017,0.00068917,0.0027101,0.0094567,0.027476,0.064483,0.097051,0.12333,0.14984
30.0,6.6438e-06,2.7877e-05,0.00012332,0.00053731,0.0021467,0.0076551,0.022884,0.055236,0.084533,0.10860,0.13747
40.0,4.2792e-06,1.8283e-05,8.2330e-05,0.00036541,0.0014950,0.0054525,0.016857,0.042329,0.066379,0.087383,0.11340
50.0,3.0633e-06,1.3251e-05,6.0295e-05,0.00027094,0.0011270,0.0041655,0.013221,0.034643,0.055863,0.073740,0.095942
60.0,2.5094e-06,1.0946e-05,5.0127e-05,0.00022656,0.00095127,0.0035306,0.011339,0.030430,0.048646,0.064538,0.084394
70.0,2.1757e-06,9.5545e-06,4.3973e-05,0.00019968,0.00084610,0.0031589,0.010354,0.027637,0.044588,0.059575,0.078470
80.0,2.0330e-06,8.9830e-06,4.1528e-05,0.00018931,0.00080877,0.0030327,0.0099631,0.026491,0.042798,0.057241,0.075472
90.0,1.9100e-06,8.4862e-06,3.9398e-05,0.00018090,0.00077646,0.0029447,0.0095688,0.025491,0.041222,0.055166,0.072776
100.0,1.8036e-06,8.0554e-06,3.7544e-05,0.00017350,0.00074794,0.0028512,0.0092206,0.024605,0.039819,0.053318,0.070386
110.0,1.7104e-06,7.6760e-06,3.5908e-05,0.00016693,0.00072251,0.0027552,0.0089111,0.023815,0.038568,0.051667,0.068237
120.0,1.6273e-06,7.3369e-06,3.4443e-05,0.00016099,0.00070334,0.0026685,0.0086310,0.023098,0.037431,0.050165,0.066287
130.0,1.5441e-06,6.9949e-06,3.2963e-05,0.00015487,0.00067835,0.0025785,0.0083428,0.022338,0.036225,0.048570,0.064204
140.0,1.4609e-06,6.6498e-06,3.1470e-05,0.00014853,0.00065168,0.0024836,0.0080412,0.021524,0.034932,0.046856,0.061966
150.0,1.3717e-06,6.2725e-06,2.9805e-05,0.00014133,0.00062089,0.0023722,0.0076883,0.020588,0.033454,0.044914,0.059453
175.0,1.1798e-06,5.4523e-06,2.6150e-05,0.00012518,0.00055198,0.0021203,0.0068959,0.018495,0.030128,0.040512,0.053715
200.0,1.0307e-06,4.8078e-06,2.3247e-05,0.00011198,0.00049604,0.0019130,0.0062455,0.016784,0.027410,0.036921,0.049038
250.0,8.0126e-07,3.8102e-06,1.8723e-05,9.1164e-05,0.00040864,0.0015874,0.0052083,0.014122,0.023130,0.031209,0.041523
300.0,6.4625e-07,3.1239e-06,1.5562e-05,7.6998e-05,0.00034945,0.0013681,0.0045126,0.012325,0.020229,0.027329,0.036006
350.0,5.3514e-07,2.6233e-06,1.3211e-05,6.6362e-05,0.00030395,0.0011993,0.0039751,0.010909,0.017933,0.024030,0.031703
400.0,4.5192e-07,2.2428e-06,1.1394e-05,5.8021e-05,0.00026776,0.0010644,0.0035430,0.0097601,0.015970,0.021381,0.028247
450.0,3.8452e-07,1.9377e-06,9.9732e-06,5.1042e-05,0.00023766,0.00095155,0.0031808,0.0087934,0.014307,0.019174,0.025366
500.0,3.3217e-07,1.6957e-06,8.8216e-06,4.5301e-05,0.00021292,0.00085814,0.0028787,0.0079624,0.012928,0.017342,0.022972
600.0,2.6083e-07,1.3552e-06,7.1787e-06,3.7359e-05,0.00017634,0.00071865,0.0024282,0.0066531,0.010838,0.014579,0.019347
700.0,2.0791e-07,1.0985e-06,5.9099e-06,3.0923e-05,0.00014689,0.00060623,0.0020631,0.0056209,0.0091901,0.012389,0.016506
800.0,1.7078e-07,9.0928e-07,4.9414e-06,2.6157e-05,0.00012441,0.00052100,0.0017772,0.0048244,0.0079210,0.010694,0.014280
1000.0,1.2007e-07,6.5349e-07,3.6019e-06,1.9425e-05,9.4273e-05,0.00039733,0.0013491,0.0036782,0.0060686,0.0081621,0.010903
1200.0,8.9467e-08,4.8959e-07,2.7311e-06,1.4972e-05,7.3869e-05,0.00031260,0.0010622,0.0029043,0.0047784,0.0064609,0.0086435
1500.0,5.8549e-08,3.2572e-07,1.8302e-06,1.0131e-05,5.0676e-05,0.00022116,0.00075865,0.0020834,0.0034381,0.0046234,0.0062735
SA7P5
r\m,4.0,4.5,5.0,5.5,6.0,6.5,7.0,7.5,7.8,8.0,8.2
0.0,0.00016317,0.00042222,0.0011371,0.0030286,0.0077096,0.018802,0.042652,0.080507,0.11201,0.13605,0.16346
1.0,0.00012647,0.00035870,0.0010278,0.0028442,0.0073895,0.018260,0.041595,0.080206,0.11133,0.13458,0.16046
5.0,3.3895e-05,0.00012458,0.00046890,0.0016945,0.0053215,0.014659,0.035220,0.071360,0.099882,0.12118,0.14472
10.0,1.3904e-05,5.3969e-05,0.00022090,0.00089994,0.0033123,0.010548,0.028469,0.063144,0.088153,0.10834,0.12876
15.0,7.8432e-06,3.1185e-05,0.00013204,0.00056346,0.0022199,0.0077010,0.022465,0.053280,0.079651,0.097733,0.11900
20.0,5.1289e-06,2.0785e-05,8.9982e-05,0.00039430,0.0016080,0.0058837,0.017992,0.044702,0.069620,0.088822,0.10874
25.0,3.5794e-06,1.4734e-05,6.5345e-05,0.00029285,0.0012260,0.0046291,0.014697,0.037813,0.060081,0.079069,0.099382
30.0,2.6918e-06,1.1193e-05,5.0338e-05,0.00022850,0.00097196,0.0037506,0.012253,0.032422,0.052382,0.069691,0.091257
40.0,1.7344e-06,7.3467e-06,3.3648e-05,0.00015562,0.00067804,0.0026762,0.0090421,0.024892,0.041207,0.056176,0.075407
50.0,1.2420e-06,5.3287e-06,2.4670e-05,0.00011556,0.00051198,0.0020481,0.0071044,0.020409,0.034740,0.047489,0.063909
60.0,1.0177e-06,4.4048e-06,2.0532e-05,9.6759e-05,0.00043280,0.0017387,0.0061035,0.017957,0.030301,0.041629,0.056305
70.0,8.8258e-07,3.8474e-06,1.8029e-05,8.5389e-05,0.00038553,0.0015582,0.0055825,0.016337,0.027820,0.038493,0.052440
80.0,8.2511e-07,3.6205e-06,1.7048e-05,8.1081e-05,0.00036918,0.0014988,0.0053821,0.015688,0.026753,0.037051,0.050524
90.0,7.7549e-07,3.4229e-06,1.6192e-05,7.7589e-05,0.00035502,0.0014579,0.0051787,0.015123,0.025812,0.035769,0.048800
100.0,7.3254e-07,3.2515e-06,1.5447e-05,7.4522e-05,0.00034254,0.0014141,0.0049991,0.014623,0.024977,0.034629,0.047274
110.0,6.9489e-07,3.1006e-06,1.4789e-05,7.1795e-05,0.00033142,0.0013689,0.0048399,0.014179,0.024234,0.033613,0.045907
120.0,6.6133e-07,2.9656e-06,1.4200e-05,6.9333e-05,0.00032312,0.0013280,0.0046960,0.013776,0.023559,0.032689,0.044667
130.0,6.2767e-07,2.8291e-06,1.3603e-05,6.6781e-05,0.00031210,0.0012853,0.0045468,0.013345,0.022837,0.031701,0.043331
140.0,5.9394e-07,2.6911e-06,1.2999e-05,6.4125e-05,0.00030026,0.0012400,0.0043896,0.012879,0.022057,0.030630,0.041884
150.0,5.5774e-07,2.5396e-06,1.2321e-05,6.1085e-05,0.00028645,0.0011861,0.0042034,0.012338,0.021156,0.029404,0.040244
175.0,4.7985e-07,2.2102e-06,1.0833e-05,5.4254e-05,0.00025551,0.0010641,0.0037847,0.011126,0.019123,0.026619,0.036491
200.0,4.1929e-07,1.9512e-06,9.6489e-06,4.8659e-05,0.00023034,0.00096345,0.0034404,0.010133,0.017461,0.024346,0.033429
250.0,3.2600e-07,1.5492e-06,7.7980e-06,3.9803e-05,0.00019086,0.00080471,0.0028887,0.0085846,0.014834,0.020716,0.028491
300.0,2.6286e-07,1.2719e-06,6.5004e-06,3.3760e-05,0.00016407,0.00069767,0.0025185,0.0075395,0.013054,0.018252,0.024855
350.0,2.1754e-07,1.0692e-06,5.5317e-06,2.9204e-05,0.00014338,0.00061489,0.0022312,0.0067120,0.011639,0.016140,0.022009
400.0,1.8355e-07,9.1479e-07,4.7809e-06,2.5618e-05,0.00012684,0.00054843,0.0019993,0.0060375,0.010421,0.014438,0.019714
450.0,1.5604e-07,7.9084e-07,4.1927e-06,2.2603e-05,0.00011302,0.00049253,0.0018038,0.0054670,0.0093833,0.013014,0.017793
500.0,1.3466e-07,6.9236e-07,3.7146e-06,2.0114e-05,0.00010162,0.00044608,0.0016400,0.0049740,0.0085196,0.011827,0.016192
600.0,1.0556e-07,5.5381e-07,3.0326e-06,1.6676e-05,8.4740e-05,0.00037663,0.0013958,0.0041946,0.0072094,0.010036,0.013763
700.0,8.3891e-08,4.4878e-07,2.5014e-06,1.3853e-05,7.0953e-05,0.00031981,0.0011948,0.0035721,0.0061634,0.0085995,0.011844
800.0,6.8695e-08,3.7113e-07,2.0938e-06,1.1752e-05,6.0373e-05,0.00027653,0.0010363,0.0030889,0.0053540,0.0074825,0.010330
1000.0,4.7915e-08,2.6595e-07,1.5276e-06,8.7664e-06,4.6099e-05,0.00021312,0.00079657,0.0023875,0.0041624,0.0057940,0.0080033
1200.0,3.5403e-08,1.9834e-07,1.1576e-06,6.7764e-06,3.6343e-05,0.00016916,0.00063431,0.0019097,0.0033211,0.0046515,0.0064384
1500.0,2.2779e-08,1.3069e-07,7.7267e-07,4.5909e-06,2.5083e-05,0.00012110,0.00046007,0.0013960,0.0024388,0.0033972,0.0047834
SA10P0
r\m,4.0,4.5,5.0,5.5,6.0,6.5,7.0,7.5,7.8,8.0,8.2
0.0,8.5979e-05,0.00022228,0.00060753,0.0016671,0.0044304,0.011396,0.027450,0.055153,0.079634,0.099085,0.12187
1.0,6.6652e-05,0.00018887,0.00054926,0.0015661,0.0042476,0.011071,0.026776,0.054959,0.079169,0.098036,0.11965
5.0,1.7859e-05,6.5599e-05,0.00025064,0.00093341,0.0030610,0.0088949,0.022692,0.048937,0.071080,0.088333,0.10799
10.0,7.3254e-06,2.8422e-05,0.00011812,0.00049597,0.0019066,0.0064063,0.018359,0.043338,0.062783,0.079033,0.096148
15.0,4.1328e-06,1.6428e-05,7.0634e-05,0.00031070,0.0012786,0.0046808,0.014498,0.036597,0.056769,0.071349,0.088919
20.0,2.7029e-06,1.0952e-05,4.8157e-05,0.00021754,0.00092676,0.0035786,0.011620,0.030727,0.049655,0.064887,0.081309
25.0,1.8866e-06,7.7658e-06,3.4986e-05,0.00016166,0.00070705,0.0028175,0.0094989,0.026010,0.042881,0.057800,0.074359
30.0,1.4189e-06,5.9011e-06,2.6962e-05,0.00012620,0.00056088,0.0022842,0.0079242,0.022317,0.037410,0.050978,0.068322
40.0,9.1443e-07,3.8754e-06,1.8037e-05,8.6037e-05,0.00039173,0.0016319,0.0058553,0.017156,0.029467,0.041144,0.056525
50.0,6.5498e-07,2.8123e-06,1.3234e-05,6.3948e-05,0.00029612,0.0012504,0.0046063,0.014084,0.024873,0.034824,0.047964
60.0,5.3680e-07,2.3257e-06,1.1022e-05,5.3593e-05,0.00025058,0.0010627,0.0039620,0.012406,0.021720,0.030563,0.042305
70.0,4.6559e-07,2.0323e-06,9.6851e-06,4.7337e-05,0.00022345,0.00095344,0.0036281,0.011300,0.019966,0.028293,0.039448
80.0,4.3538e-07,1.9134e-06,9.1649e-06,4.4993e-05,0.00021421,0.00091822,0.0035023,0.010866,0.019224,0.027266,0.038051
90.0,4.0927e-07,1.8098e-06,8.7110e-06,4.3094e-05,0.00020622,0.00089424,0.0033740,0.010487,0.018570,0.026353,0.036795
100.0,3.8667e-07,1.7200e-06,8.3157e-06,4.1428e-05,0.00019917,0.00086837,0.0032609,0.010152,0.017990,0.025543,0.035684
110.0,3.6685e-07,1.6408e-06,7.9669e-06,3.9946e-05,0.00019290,0.00084152,0.0031608,0.0098552,0.017475,0.024822,0.034691
120.0,3.4917e-07,1.5700e-06,7.6542e-06,3.8608e-05,0.00018826,0.00081730,0.0030702,0.0095859,0.017007,0.024166,0.033790
130.0,3.3144e-07,1.4983e-06,7.3369e-06,3.7217e-05,0.00018202,0.00079185,0.0029760,0.0092963,0.016504,0.023461,0.032815
140.0,3.1365e-07,1.4256e-06,7.0148e-06,3.5763e-05,0.00017527,0.00076470,0.0028762,0.0089814,0.015957,0.022692,0.031752
150.0,2.9454e-07,1.3458e-06,6.6526e-06,3.4092e-05,0.00016735,0.00073219,0.0027570,0.0086131,0.015321,0.021806,0.030538
175.0,2.5342e-07,1.1720e-06,5.8562e-06,3.0332e-05,0.00014959,0.00065841,0.0024886,0.0077866,0.013884,0.019789,0.027757
200.0,2.2143e-07,1.0352e-06,5.2221e-06,2.7247e-05,0.00013512,0.00059749,0.0022676,0.0071089,0.012707,0.018142,0.025487
250.0,1.7210e-07,8.2267e-07,4.2285e-06,2.2352e-05,0.00011236,0.00050110,0.0019123,0.0060493,0.010843,0.015505,0.021817
300.0,1.3868e-07,6.7579e-07,3.5304e-06,1.9004e-05,9.6896e-05,0.00043604,0.0016738,0.0053342,0.0095804,0.013715,0.019108
350.0,1.1467e-07,5.6820e-07,3.0078e-06,1.6474e-05,8.4906e-05,0.00038555,0.0014881,0.0047661,0.0085733,0.012173,0.016982
400.0,9.6645e-08,4.8612e-07,2.6019e-06,1.4476e-05,7.5295e-05,0.00034488,0.0013377,0.0043015,0.0077019,0.010926,0.015263
450.0,8.2059e-08,4.2016e-07,2.2834e-06,1.2791e-05,6.7232e-05,0.00031055,0.0012105,0.0039071,0.0069568,0.0098791,0.013819
500.0,7.0714e-08,3.6770e-07,2.0240e-06,1.1396e-05,6.0562e-05,0.00028192,0.0011035,0.0035650,0.0063349,0.0090047,0.012613
600.0,5.5270e-08,2.9381e-07,1.6535e-06,9.4684e-06,5.0673e-05,0.00023905,0.00094386,0.0030223,0.0053900,0.0076837,0.010781
700.0,4.3759e-08,2.3764e-07,1.3635e-06,7.8737e-06,4.2522e-05,0.00020365,0.00081113,0.0025852,0.0046296,0.0066156,0.0093242
800.0,3.5684e-08,1.9603e-07,1.1402e-06,6.6826e-06,3.6241e-05,0.00017657,0.00070597,0.0022443,0.0040388,0.0057818,0.0081701
1000.0,2.4644e-08,1.3959e-07,8.2913e-07,4.9815e-06,2.7722e-05,0.00013661,0.00054564,0.0017465,0.0031636,0.0045116,0.0063804
1200.0,1.8007e-08,1.0328e-07,6.2516e-07,3.8420e-06,2.1859e-05,0.00010869,0.00043635,0.0014050,0.0025402,0.0036473,0.0051716
1500.0,1.1351e-08,6.7037e-08,4.1291e-07,2.5862e-06,1.5047e-05,7.7926e-05,0.00031793,0.0010347,0.0018820,0.0026889,0.0038858
