PGA
r\m,4.0,4.5,5.0,5.5,6.0,6.5,7.0,7.5,7.8,8.0,8.2
0.0,0.32059,0.49390,0.70074,0.96644,1.1814,1.3973,1.6037,1.7573,1.7938,1.7920,1.7950
1.0,0.23383,0.37313,0.54415,0.76479,0.95143,1.1456,1.3489,1.5213,1.5640,1.5696,1.5772
5.0,0.088931,0.16027,0.26195,0.40825,0.55250,0.71147,0.89670,1.0754,1.1319,1.1551,1.1764
10.0,0.042368,0.078778,0.13459,0.22275,0.33861,0.48828,0.65015,0.82347,0.90076,0.94624,0.98306
15.0,0.024575,0.046684,0.082050,0.14125,0.22750,0.34763,0.48646,0.64670,0.73352,0.78464,0.83334
20.0,0.016055,0.031092,0.055818,0.098944,0.16442,0.25892,0.37773,0.52304,0.60763,0.66238,0.71309
25.0,0.011281,0.022170,0.040443,0.073343,0.12443,0.19973,0.30195,0.43323,0.51235,0.56673,0.61932
30.0,0.0084206,0.016752,0.030934,0.057087,0.098202,0.15959,0.24820,0.36660,0.43998,0.49151,0.54553
40.0,0.0052677,0.010688,0.020141,0.038198,0.066527,0.11057,0.17920,0.27667,0.33888,0.38437,0.43360
50.0,0.0036344,0.0074892,0.014338,0.027777,0.048724,0.082375,0.13778,0.22030,0.27467,0.31475,0.35835
60.0,0.0028069,0.0058645,0.011374,0.022417,0.039522,0.067553,0.11544,0.18881,0.23741,0.27374,0.31361
70.0,0.0022843,0.0048103,0.0093942,0.018719,0.033311,0.057791,0.10013,0.16680,0.21171,0.24572,0.28339
80.0,0.0019352,0.0041020,0.0080544,0.016189,0.029099,0.051210,0.089685,0.15113,0.19312,0.22514,0.26086
90.0,0.0016675,0.0035549,0.0070103,0.014148,0.025758,0.045781,0.081230,0.13822,0.17768,0.20798,0.24192
100.0,0.0014538,0.0031165,0.0061705,0.012501,0.023025,0.041370,0.074135,0.12726,0.16447,0.19321,0.22553
110.0,0.0012801,0.0027579,0.0054815,0.011117,0.020644,0.037423,0.067379,0.11626,0.15072,0.17744,0.20757
120.0,0.0011365,0.0024594,0.0049063,0.0099612,0.018561,0.034072,0.061612,0.10680,0.13887,0.16381,0.19199
130.0,0.0010132,0.0022019,0.0044100,0.0089665,0.016844,0.031147,0.056558,0.098467,0.12840,0.15177,0.17822
140.0,0.00090659,0.0019787,0.0039789,0.0081019,0.015343,0.028556,0.052063,0.090996,0.11901,0.14093,0.16580
150.0,0.00081359,0.0017834,0.0035999,0.0073364,0.014008,0.026234,0.048014,0.084245,0.11050,0.13109,0.15452
175.0,0.00063440,0.0014032,0.0028537,0.0058328,0.011278,0.021335,0.039614,0.070511,0.093197,0.11112,0.13164
200.0,0.00050739,0.0011305,0.0023136,0.0047548,0.0092462,0.017607,0.033211,0.059992,0.079972,0.095821,0.11403
250.0,0.00031885,0.00072514,0.0015130,0.0031655,0.0062511,0.012079,0.023427,0.043510,0.058565,0.070625,0.084614
300.0,0.00021153,0.00049097,0.0010437,0.0021987,0.0044211,0.0086965,0.017318,0.032950,0.044785,0.054352,0.065398
350.0,0.00014579,0.00034556,0.00074723,0.0015883,0.0032516,0.0065123,0.013265,0.025772,0.035346,0.043105,0.052182
400.0,0.00010351,0.00025018,0.00055004,0.0011815,0.0024623,0.0050198,0.010433,0.020637,0.028528,0.034951,0.042447
450.0,7.3205e-05,0.00018018,0.00040259,0.00089582,0.0018906,0.0039186,0.0082817,0.016649,0.023171,0.028486,0.034685
500.0,5.3028e-05,0.00013271,0.00030147,0.00069230,0.0014769,0.0031110,0.0066826,0.013626,0.019062,0.023513,0.028739
600.0,2.8668e-05,7.3302e-05,0.00017188,0.00041124,0.00091417,0.0019977,0.0044361,0.0092931,0.013152,0.016253,0.020014
700.0,1.6341e-05,4.3389e-05,0.00010384,0.00025884,0.00059619,0.0013488,0.0030565,0.0065361,0.0093269,0.011640,0.014373
800.0,9.7635e-06,2.6281e-05,6.4848e-05,0.00016668,0.00040104,0.00092707,0.0021664,0.0047053,0.0067731,0.0084652,0.010484
1000.0,3.6171e-06,1.0283e-05,2.6824e-05,7.3283e-05,0.00018601,0.00046447,0.0011342,0.0025292,0.0036689,0.0046082,0.0057052
1200.0,1.4062e-06,4.2308e-06,1.1755e-05,3.3380e-05,9.1567e-05,0.00024388,0.00061706,0.0014054,0.0020558,0.0025911,0.0032058
1500.0,3.5329e-07,1.1759e-06,3.4513e-06,1.1078e-05,3.2724e-05,9.4466e-05,0.00025078,0.00058862,0.00087329,0.0011040,0.0013697
PGV
r\m,4.0,4.5,5.0,5.5,6.0,6.5,7.0,7.5,7.8,8.0,8.2
0.0,5.8654,10.733,18.004,26.436,35.387,45.906,62.387,83.278,96.891,106.89,117.30
1.0,4.5815,8.9697,15.778,23.983,32.798,43.073,58.888,79.197,92.295,101.65,111.06
5.0,1.3166,3.1693,6.9438,13.367,21.926,32.420,47.327,66.409,78.528,87.142,95.867
10.0,0.55955,1.3985,3.2555,6.9136,13.213,22.729,36.088,53.670,65.898,74.934,84.512
15.0,0.31399,0.80265,1.9257,4.2691,8.7507,16.294,27.711,43.825,55.737,64.641,74.525
20.0,0.20262,0.52977,1.3007,2.9664,6.3081,12.252,21.912,36.463,47.657,56.223,65.727
25.0,0.13999,0.37182,0.93067,2.1702,4.7233,9.4665,17.732,30.804,41.141,49.272,58.467
30.0,0.10437,0.28054,0.71203,1.6860,3.7197,7.5978,14.717,26.444,36.009,43.670,52.588
40.0,0.066528,0.18264,0.47280,1.1443,2.5786,5.3923,10.866,20.527,28.598,35.243,43.164
50.0,0.047163,0.13169,0.34609,0.85135,1.9464,4.1298,8.5593,16.798,23.875,29.810,36.968
60.0,0.037601,0.10639,0.28295,0.70425,1.6198,3.4645,7.3109,14.626,20.951,26.312,32.816
70.0,0.031351,0.089707,0.24094,0.60539,1.4040,3.0333,6.4644,13.079,18.849,23.777,29.791
80.0,0.027231,0.078686,0.21322,0.54019,1.2633,2.7546,5.9031,12.016,17.364,21.940,27.540
90.0,0.024013,0.070032,0.19124,0.48793,1.1502,2.5271,5.4435,11.156,16.137,20.406,25.633
100.0,0.021405,0.062966,0.17317,0.44479,1.0561,2.3377,5.0567,10.424,15.091,19.097,24.001
110.0,0.019249,0.057079,0.15808,0.40850,0.97650,2.1767,4.7245,9.7922,14.186,17.964,22.600
120.0,0.017435,0.052100,0.14520,0.37754,0.90711,2.0372,4.4366,9.2402,13.399,16.971,21.353
130.0,0.015826,0.047665,0.13373,0.34975,0.84570,1.9115,4.1772,8.7399,12.681,16.072,20.234
140.0,0.014379,0.043640,0.12322,0.32411,0.78820,1.7924,3.9320,8.2625,12.004,15.226,19.184
150.0,0.013111,0.040088,0.11388,0.30112,0.73650,1.6845,3.7086,7.8261,11.384,14.454,18.233
175.0,0.010471,0.032554,0.093789,0.25109,0.62121,1.4384,3.1969,6.8206,9.9728,12.705,16.080
200.0,0.0085329,0.026933,0.078587,0.21293,0.53161,1.2437,2.7902,6.0152,8.8491,11.319,14.386
250.0,0.0058606,0.018991,0.056845,0.15707,0.40141,0.95696,2.1846,4.7852,7.1542,9.2519,11.886
300.0,0.0042393,0.014065,0.043066,0.12085,0.31535,0.76467,1.7729,3.9381,5.9682,7.7888,10.089
350.0,0.0031813,0.010785,0.033724,0.096077,0.25504,0.62778,1.4769,3.3196,5.0866,6.6830,8.7203
400.0,0.0024524,0.0084842,0.027053,0.078180,0.21064,0.52564,1.2535,2.8464,4.4019,5.8189,7.6407
450.0,0.0019047,0.0067186,0.021837,0.064417,0.17592,0.44471,1.0744,2.4639,3.8432,5.1097,6.7488
500.0,0.0015070,0.0054141,0.017917,0.053877,0.14895,0.38106,0.93159,2.1559,3.3890,4.5307,6.0170
600.0,0.00098455,0.0036613,0.012487,0.038784,0.11008,0.28773,0.71793,1.6934,2.6975,3.6383,4.8759
700.0,0.00067162,0.0025765,0.0090340,0.028902,0.083959,0.22382,0.56855,1.3639,2.1982,2.9877,4.0360
800.0,0.00047318,0.0018678,0.0067200,0.022058,0.065598,0.17794,0.45950,1.1195,1.8229,2.4948,3.3934
1000.0,0.00025196,0.0010464,0.0039553,0.013612,0.042063,0.11793,0.31330,0.78458,1.3020,1.8035,2.4832
1200.0,0.00014372,0.00062387,0.0024650,0.0088552,0.028309,0.081751,0.22276,0.57167,0.96442,1.3503,1.8801
1500.0,6.4114e-05,0.00029814,0.0012561,0.0048131,0.016150,0.048548,0.13727,0.36507,0.62971,0.89447,1.2638
SA0P01
r\m,4.0,4.5,5.0,5.5,6.0,6.5,7.0,7.5,7.8,8.0,8.2
0.0,0.41408,0.63028,0.87885,1.1893,1.4370,1.6888,1.9268,2.1055,2.1494,2.1567,2.1411
1.0,0.30116,0.47253,0.67667,0.93436,1.1518,1.3814,1.6186,1.8217,1.8759,1.8911,1.8877
5.0,0.11839,0.20707,0.32816,0.49781,0.66487,0.85241,1.0708,1.2843,1.3580,1.3933,1.4167
10.0,0.057154,0.10278,0.16985,0.27293,0.40530,0.57654,0.76883,0.98033,1.0798,1.1401,1.1893
15.0,0.033032,0.060703,0.10318,0.17256,0.27132,0.40849,0.57288,0.76794,0.87838,0.94493,1.0085
20.0,0.021502,0.040297,0.069962,0.12058,0.19582,0.30406,0.44442,0.62037,0.72721,0.79770,0.86323
25.0,0.015092,0.028693,0.050580,0.089172,0.14799,0.23465,0.35517,0.51362,0.61292,0.68234,0.74966
30.0,0.011240,0.021636,0.038606,0.069299,0.11675,0.18774,0.29203,0.43446,0.52619,0.59161,0.66044
40.0,0.0070048,0.013738,0.025014,0.046196,0.079011,0.13027,0.21104,0.32768,0.40507,0.46241,0.52442
50.0,0.0047897,0.0095475,0.017677,0.033397,0.057682,0.096954,0.16201,0.26014,0.32727,0.37727,0.43175
60.0,0.0036688,0.0074253,0.013941,0.026835,0.046687,0.079510,0.13574,0.22295,0.28288,0.32816,0.37796
70.0,0.0029536,0.0060307,0.011421,0.022264,0.039144,0.067721,0.11730,0.19619,0.25119,0.29323,0.33990
80.0,0.0024669,0.0050790,0.0096873,0.019080,0.033913,0.059537,0.10432,0.17658,0.22757,0.26681,0.31076
90.0,0.0020893,0.0043360,0.0083250,0.016489,0.029716,0.052708,0.093604,0.16003,0.20738,0.24407,0.28533
100.0,0.0017908,0.0037458,0.0072367,0.014411,0.026297,0.047164,0.084621,0.14595,0.19007,0.22445,0.26321
110.0,0.0015511,0.0032675,0.0063501,0.012673,0.023330,0.042215,0.076093,0.13186,0.17214,0.20359,0.23917
120.0,0.0013563,0.0028734,0.0056161,0.011234,0.020762,0.038041,0.068863,0.11983,0.15678,0.18571,0.21849
130.0,0.0011920,0.0025390,0.0049908,0.010009,0.018657,0.034434,0.062584,0.10934,0.14337,0.17008,0.20040
140.0,0.0010514,0.0022529,0.0044535,0.0089542,0.016836,0.031273,0.057060,0.10004,0.13148,0.15621,0.18431
150.0,0.00093046,0.0020059,0.0039867,0.0080313,0.015234,0.028473,0.052146,0.091747,0.12086,0.14380,0.16992
175.0,0.00069311,0.0015165,0.0030524,0.0061909,0.011918,0.022509,0.041804,0.074530,0.098762,0.11796,0.13995
200.0,0.00052820,0.0011710,0.0023851,0.0048844,0.0094788,0.018036,0.034021,0.061498,0.082059,0.098387,0.11715
250.0,0.00033043,0.00074791,0.0015536,0.0032395,0.0063850,0.012328,0.023910,0.044424,0.059840,0.072195,0.086528
300.0,0.00021828,0.00050435,0.0010678,0.0022424,0.0045012,0.0088476,0.017616,0.033523,0.045588,0.055346,0.066607
350.0,0.00014984,0.00035370,0.00076205,0.0016150,0.0033010,0.0066065,0.013454,0.026140,0.035862,0.043743,0.052968
400.0,0.00010602,0.00025525,0.00055935,0.0011982,0.0024935,0.0050797,0.010554,0.020876,0.028864,0.035367,0.042951
450.0,7.4739e-05,0.00018331,0.00040833,0.00090648,0.0019105,0.0039570,0.0083597,0.016805,0.023391,0.028756,0.035011
500.0,5.3982e-05,0.00013467,0.00030513,0.00069920,0.0014898,0.0031359,0.0067335,0.013728,0.019205,0.023688,0.028950
600.0,2.8984e-05,7.3988e-05,0.00017317,0.00041373,0.00091899,0.0020074,0.0044563,0.0093334,0.013207,0.016319,0.020092
700.0,1.6478e-05,4.3668e-05,0.00010441,0.00025995,0.00059833,0.0013529,0.0030653,0.0065534,0.0093501,0.011669,0.014405
800.0,9.8188e-06,2.6404e-05,6.5091e-05,0.00016716,0.00040194,0.00092876,0.0021699,0.0047118,0.0067820,0.0084755,0.010495
1000.0,3.6275e-06,1.0305e-05,2.6866e-05,7.3356e-05,0.00018612,0.00046463,0.0011344,0.0025294,0.0036690,0.0046083,0.0057052
1200.0,1.4079e-06,4.2337e-06,1.1759e-05,3.3381e-05,9.1567e-05,0.00024388,0.00061706,0.0014054,0.0020558,0.0025911,0.0032058
1500.0,3.5329e-07,1.1759e-06,3.4513e-06,1.1078e-05,3.2724e-05,9.4466e-05,0.00025078,0.00058862,0.00087329,0.0011040,0.0013697
SA0P02
r\m,4.0,4.5,5.0,5.5,6.0,6.5,7.0,7.5,7.8,8.0,8.2
0.0,0.63073,0.95061,1.3012,1.7183,2.0456,2.3788,2.6851,2.9124,2.9657,2.9869,2.9272
1.0,0.45927,0.71037,0.99783,1.3466,1.6407,1.9532,2.2658,2.5314,2.6048,2.6358,2.6040
5.0,0.18676,0.31881,0.49033,0.72062,0.94804,1.2072,1.5037,1.7937,1.9023,1.9606,1.9849
10.0,0.091575,0.16032,0.25676,0.39909,0.57512,0.80135,1.0677,1.3665,1.5137,1.6043,1.6778
15.0,0.052978,0.094723,0.15588,0.25213,0.38400,0.56507,0.79279,1.0694,1.2320,1.3313,1.4256
20.0,0.034504,0.062891,0.10561,0.17607,0.27725,0.42118,0.61547,0.86419,1.0211,1.1256,1.2223
25.0,0.024294,0.044876,0.076403,0.13017,0.20966,0.32608,0.49276,0.71642,0.86178,0.96426,1.0630
30.0,0.018121,0.033872,0.058332,0.10118,0.16569,0.26197,0.40613,0.60673,0.74082,0.83712,0.93798
40.0,0.011328,0.021520,0.037753,0.067392,0.11244,0.18292,0.29492,0.45860,0.57155,0.65569,0.74591
50.0,0.0077489,0.014941,0.026626,0.048631,0.082211,0.13677,0.22715,0.36448,0.46232,0.53544,0.61467
60.0,0.0059404,0.011625,0.020990,0.039079,0.066735,0.11284,0.19141,0.31395,0.40170,0.46829,0.54110
70.0,0.0047754,0.0094165,0.017149,0.032363,0.055902,0.096112,0.16552,0.27640,0.35681,0.41847,0.48656
80.0,0.0039622,0.0078756,0.014444,0.027559,0.048139,0.084006,0.14652,0.24790,0.32218,0.37954,0.44363
90.0,0.0033372,0.0066839,0.012340,0.023684,0.041951,0.073992,0.13092,0.22393,0.29273,0.34626,0.40633
100.0,0.0028428,0.0057391,0.010663,0.020579,0.036918,0.065857,0.11783,0.20350,0.26740,0.31749,0.37373
110.0,0.0024477,0.0049753,0.0092997,0.017984,0.032530,0.058528,0.10524,0.18268,0.24066,0.28613,0.33748
120.0,0.0021304,0.0043484,0.0081753,0.015842,0.028759,0.052375,0.094611,0.16497,0.21779,0.25936,0.30637
130.0,0.0018655,0.0038216,0.0072245,0.014032,0.025678,0.047080,0.085407,0.14954,0.19784,0.23596,0.27913
140.0,0.0016386,0.0033740,0.0064124,0.012484,0.023034,0.042479,0.077373,0.13599,0.18031,0.21536,0.25510
150.0,0.0014437,0.0029903,0.0057128,0.011141,0.020732,0.038449,0.070301,0.12401,0.16479,0.19709,0.23379
175.0,0.0010626,0.0022328,0.0043157,0.0084700,0.015990,0.029950,0.055525,0.099253,0.13261,0.15917,0.18954
200.0,0.00079943,0.0017001,0.0033225,0.0065825,0.012528,0.023645,0.044501,0.080672,0.10840,0.13055,0.15593
250.0,0.00048246,0.0010472,0.0020877,0.0042138,0.0081515,0.015615,0.030192,0.056147,0.076062,0.092025,0.11054
300.0,0.00030739,0.00068102,0.0013867,0.0028198,0.0055611,0.010844,0.021516,0.040917,0.055873,0.067996,0.081887
350.0,0.00020352,0.00046134,0.00095821,0.0019681,0.0039549,0.0078509,0.015921,0.030891,0.042488,0.051887,0.062955
400.0,0.00013936,0.00032236,0.00068246,0.0014183,0.0029043,0.0058669,0.012139,0.023954,0.033175,0.040683,0.049370
450.0,9.5123e-05,0.00022462,0.00048387,0.0010457,0.0021690,0.0044576,0.0093669,0.018800,0.026205,0.032197,0.039146
500.0,6.6644e-05,0.00016045,0.00035315,0.00078814,0.0016547,0.0034544,0.0073805,0.015024,0.021006,0.025894,0.031600
600.0,3.2968e-05,8.2553e-05,0.00018871,0.00044277,0.00097440,0.0021187,0.0046876,0.0097923,0.013845,0.017078,0.020985
700.0,1.8154e-05,4.6866e-05,0.00011088,0.00027164,0.00061939,0.0013915,0.0031476,0.0067129,0.0095648,0.011932,0.014700
800.0,1.0419e-05,2.7670e-05,6.7410e-05,0.00017094,0.00040762,0.00093642,0.0021831,0.0047325,0.0068131,0.0085075,0.010513
1000.0,3.6964e-06,1.0396e-05,2.6874e-05,7.3283e-05,0.00018601,0.00046447,0.0011342,0.0025292,0.0036689,0.0046082,0.0057052
1200.0,1.4062e-06,4.2308e-06,1.1755e-05,3.3380e-05,9.1567e-05,0.00024388,0.00061706,0.0014054,0.0020558,0.0025911,0.0032058
1500.0,3.5329e-07,1.1759e-06,3.4513e-06,1.1078e-05,3.2724e-05,9.4466e-05,0.00025078,0.00058862,0.00087329,0.0011040,0.0013697
SA0P025
r\m,4.0,4.5,5.0,5.5,6.0,6.5,7.0,7.5,7.8,8.0,8.2
0.0,0.70126,1.0584,1.4461,1.9002,2.2573,2.6203,2.9512,3.1960,3.2526,3.2800,3.2033
1.0,0.51176,0.79221,1.1108,1.4924,1.8163,2.1602,2.5000,2.7875,2.8681,2.9057,2.8624
5.0,0.20966,0.35787,0.54879,0.80212,1.0540,1.3417,1.6676,1.9854,2.1074,2.1749,2.1989
10.0,0.10322,0.18065,0.28854,0.44610,0.63905,0.88612,1.1811,1.5129,1.6782,1.7803,1.8627
15.0,0.059798,0.10686,0.17532,0.28202,0.42664,0.62432,0.87667,1.1844,1.3668,1.4784,1.5840
20.0,0.038998,0.071027,0.11887,0.19705,0.30828,0.46586,0.68114,0.95773,1.1336,1.2509,1.3592
25.0,0.027507,0.050756,0.086085,0.14577,0.23335,0.36129,0.54597,0.79464,0.95757,1.0724,1.1828
30.0,0.020546,0.038354,0.065781,0.11340,0.18462,0.29082,0.45054,0.67348,0.82378,0.93167,1.0443
40.0,0.012878,0.024412,0.042622,0.075592,0.12555,0.20369,0.32795,0.50973,0.63634,0.73057,0.83121
50.0,0.0088262,0.016971,0.030081,0.054576,0.091929,0.15266,0.25305,0.40553,0.51526,0.59716,0.68563
60.0,0.0067797,0.013226,0.023739,0.043899,0.074760,0.12630,0.21376,0.35000,0.44856,0.52326,0.60468
70.0,0.0054611,0.010728,0.019416,0.036393,0.062698,0.10771,0.18508,0.30847,0.39880,0.46798,0.54411
80.0,0.0045338,0.0089736,0.016350,0.030981,0.053966,0.094091,0.16380,0.27664,0.36009,0.42442,0.49613
90.0,0.0038214,0.0076176,0.013967,0.026620,0.047011,0.082842,0.14632,0.24989,0.32718,0.38725,0.45447
100.0,0.0032563,0.0065408,0.012066,0.023122,0.041348,0.073690,0.13163,0.22705,0.29883,0.35506,0.41798
110.0,0.0028042,0.0056692,0.010519,0.020192,0.036397,0.065412,0.11745,0.20364,0.26873,0.31973,0.37718
120.0,0.0024417,0.0049532,0.0092416,0.017774,0.032144,0.058459,0.10546,0.18371,0.24296,0.28957,0.34213
130.0,0.0021389,0.0043514,0.0081614,0.015728,0.028666,0.052473,0.095071,0.16632,0.22045,0.26314,0.31136
140.0,0.0018791,0.0038403,0.0072391,0.013981,0.025684,0.047278,0.086012,0.15107,0.20068,0.23989,0.28423
150.0,0.0016555,0.0034026,0.0064455,0.012468,0.023094,0.042738,0.078055,0.13761,0.18320,0.21929,0.26021
175.0,0.0012176,0.0025373,0.0048586,0.0094533,0.017757,0.033181,0.061442,0.10977,0.14693,0.17652,0.21026
200.0,0.00091495,0.0019277,0.0037292,0.0073214,0.013861,0.026102,0.049057,0.088897,0.11964,0.14420,0.17227
250.0,0.00054806,0.0011772,0.0023210,0.0046397,0.0089279,0.017063,0.032937,0.061196,0.083018,0.10049,0.12072
300.0,0.00034612,0.00075799,0.0015262,0.0030720,0.0060269,0.011723,0.023219,0.044097,0.060283,0.073398,0.088376
350.0,0.00022690,0.00050820,0.0010438,0.0021216,0.0042404,0.0083956,0.016990,0.032921,0.045312,0.055348,0.067186
400.0,0.00015389,0.00035145,0.00073579,0.0015129,0.0030814,0.0062069,0.012816,0.025251,0.034991,0.042920,0.052058
450.0,0.00010399,0.00024242,0.00051619,0.0011046,0.0022783,0.0046697,0.0097881,0.019625,0.027372,0.033622,0.040853
500.0,7.2110e-05,0.00017143,0.00037346,0.00082492,0.0017227,0.0035852,0.0076427,0.015544,0.021731,0.026783,0.032665
600.0,3.4515e-05,8.5858e-05,0.00019445,0.00045285,0.00099328,0.0021568,0.0047652,0.0099434,0.014058,0.017330,0.021279
700.0,1.8775e-05,4.7924e-05,0.00011303,0.00027490,0.00062443,0.0013991,0.0031636,0.0067407,0.0096017,0.011980,0.014747
800.0,1.0593e-05,2.8001e-05,6.7907e-05,0.00017120,0.00040672,0.00093192,0.0021710,0.0047053,0.0067770,0.0084652,0.010484
1000.0,3.6881e-06,1.0327e-05,2.6824e-05,7.3283e-05,0.00018601,0.00046447,0.0011342,0.0025292,0.0036689,0.0046082,0.0057052
1200.0,1.4062e-06,4.2308e-06,1.1755e-05,3.3380e-05,9.1567e-05,0.00024388,0.00061706,0.0014054,0.0020558,0.0025911,0.0032058
1500.0,3.5329e-07,1.1759e-06,3.4513e-06,1.1078e-05,3.2724e-05,9.4466e-05,0.00025078,0.00058862,0.00087329,0.0011040,0.0013697
SA0P03
r\m,4.0,4.5,5.0,5.5,6.0,6.5,7.0,7.5,7.8,8.0,8.2
0.0,0.73895,1.1197,1.5321,2.0099,2.3886,2.7723,3.1205,3.3781,3.4376,3.4700,3.3821
1.0,0.54071,0.84045,1.1804,1.5840,1.9297,2.2959,2.6547,2.9572,3.0432,3.0860,3.0348
5.0,0.22227,0.38119,0.58582,0.85554,1.1260,1.4350,1.7816,2.1186,2.2503,2.3245,2.3482
10.0,0.10969,0.19291,0.30895,0.47753,0.68290,0.94496,1.2606,1.6156,1.7937,1.9037,1.9925
15.0,0.063653,0.11427,0.18794,0.30219,0.45610,0.66568,0.93587,1.2656,1.4619,1.5820,1.6954
20.0,0.041581,0.076066,0.12757,0.21134,0.32991,0.49733,0.72782,1.0242,1.2134,1.3396,1.4557
25.0,0.029379,0.054441,0.092509,0.15649,0.24999,0.38634,0.58407,0.85054,1.0258,1.1492,1.2675
30.0,0.021978,0.041192,0.070768,0.12184,0.19802,0.31152,0.48256,0.72140,0.88316,0.99907,1.1197
40.0,0.013816,0.026278,0.045931,0.081331,0.13495,0.21879,0.35203,0.54673,0.68306,0.78430,0.89209
50.0,0.0094917,0.018303,0.032460,0.058781,0.098987,0.16436,0.27212,0.43548,0.55371,0.64179,0.73666
60.0,0.0073085,0.014293,0.025656,0.047342,0.080649,0.13631,0.23034,0.37646,0.48277,0.56320,0.65058
70.0,0.0059042,0.011620,0.021026,0.039318,0.067756,0.11644,0.19977,0.33223,0.42974,0.50425,0.58600
80.0,0.0049116,0.0097351,0.017725,0.033502,0.058360,0.10177,0.17690,0.29814,0.38826,0.45758,0.53464
90.0,0.0041479,0.0082763,0.015159,0.028814,0.050872,0.089653,0.15811,0.26949,0.35301,0.41778,0.49007
100.0,0.0035401,0.0071150,0.013107,0.025045,0.044764,0.079773,0.14229,0.24497,0.32258,0.38326,0.45095
110.0,0.0030530,0.0061730,0.011434,0.021881,0.039407,0.070805,0.12696,0.21974,0.29015,0.34520,0.40705
120.0,0.0026622,0.0053976,0.010051,0.019266,0.034804,0.063266,0.11398,0.19824,0.26234,0.31267,0.36929
130.0,0.0023350,0.0047448,0.0088788,0.017050,0.031030,0.056761,0.10271,0.17942,0.23798,0.28408,0.33603
140.0,0.0020534,0.0041898,0.0078771,0.015156,0.027795,0.051115,0.092882,0.16290,0.21656,0.25891,0.30668
150.0,0.0018106,0.0037142,0.0070153,0.013516,0.024986,0.046186,0.084256,0.14834,0.19764,0.23662,0.28068
175.0,0.0013337,0.0027719,0.0052878,0.010243,0.019193,0.035814,0.066236,0.11818,0.15832,0.19023,0.22654
200.0,0.0010032,0.0021061,0.0040554,0.0079222,0.014959,0.028129,0.052792,0.095552,0.12867,0.15512,0.18526
250.0,0.00059944,0.0012812,0.0025114,0.0049915,0.0095765,0.018277,0.035220,0.065335,0.088691,0.10735,0.12894
300.0,0.00037704,0.00082052,0.0016416,0.0032831,0.0064207,0.012469,0.024650,0.046730,0.063915,0.077826,0.093666
350.0,0.00024584,0.00054671,0.0011153,0.0022513,0.0044840,0.0088616,0.017895,0.034612,0.047652,0.058202,0.070662
400.0,0.00016580,0.00037557,0.00078070,0.0015934,0.0032335,0.0064994,0.013392,0.026335,0.036500,0.044771,0.054273
450.0,0.00011133,0.00025732,0.00054361,0.0011550,0.0023727,0.0048532,0.010147,0.020316,0.028346,0.034806,0.042264
500.0,7.6678e-05,0.00018068,0.00039083,0.00085653,0.0017816,0.0036989,0.0078667,0.015981,0.022336,0.027520,0.033544
600.0,3.5781e-05,8.8617e-05,0.00019931,0.00046140,0.0010095,0.0021897,0.0048303,0.010066,0.014229,0.017531,0.021511
700.0,1.9293e-05,4.8798e-05,0.00011489,0.00027773,0.00062883,0.0014055,0.0031761,0.0067593,0.0096252,0.012011,0.014774
800.0,1.0734e-05,2.8278e-05,6.8348e-05,0.00017143,0.00040590,0.00092768,0.0021664,0.0047053,0.0067731,0.0084652,0.010484
1000.0,3.6802e-06,1.0283e-05,2.6824e-05,7.3283e-05,0.00018601,0.00046447,0.0011342,0.0025292,0.0036689,0.0046082,0.0057052
1200.0,1.4062e-06,4.2308e-06,1.1755e-05,3.3380e-05,9.1567e-05,0.00024388,0.00061706,0.0014054,0.0020558,0.0025911,0.0032058
1500.0,3.5329e-07,1.1759e-06,3.4513e-06,1.1078e-05,3.2724e-05,9.4466e-05,0.00025078,0.00058862,0.00087329,0.0011040,0.0013697
SA0P04
r\m,4.0,4.5,5.0,5.5,6.0,6.5,7.0,7.5,7.8,8.0,8.2
0.0,0.74435,1.1413,1.5744,2.0713,2.4737,2.8783,3.2449,3.5168,3.5808,3.6198,3.5237
1.0,0.54781,0.86278,1.2226,1.6464,2.0168,2.4066,2.7843,3.1014,3.1937,3.2426,3.1850
5.0,0.22507,0.39256,0.61104,0.89831,1.1917,1.5255,1.8937,2.2490,2.3909,2.4722,2.4956
10.0,0.11127,0.19916,0.32354,0.50423,0.72420,1.0030,1.3410,1.7187,1.9095,2.0269,2.1217
15.0,0.064794,0.11835,0.19739,0.31989,0.48448,0.70727,0.99690,1.3489,1.5584,1.6867,1.8071
20.0,0.042474,0.079034,0.13436,0.22423,0.35121,0.52970,0.77684,1.0935,1.2956,1.4299,1.5534
25.0,0.030105,0.056733,0.097702,0.16640,0.26678,0.41269,0.62477,0.90954,1.0970,1.2282,1.3538
30.0,0.022589,0.043043,0.074924,0.12982,0.21180,0.33371,0.51726,0.77256,0.94569,1.0691,1.1970
40.0,0.014282,0.027595,0.048830,0.086948,0.14495,0.23550,0.37875,0.58695,0.73307,0.84096,0.95528
50.0,0.0098643,0.019308,0.034634,0.063022,0.10670,0.17762,0.29373,0.46862,0.59560,0.68974,0.79066
60.0,0.0076351,0.015145,0.027474,0.050906,0.087239,0.14788,0.24944,0.40607,0.52041,0.60648,0.69952
70.0,0.0062106,0.012387,0.022634,0.042478,0.073612,0.12683,0.21710,0.35943,0.46449,0.54435,0.63152
80.0,0.0051986,0.010433,0.019167,0.036336,0.063613,0.11115,0.19275,0.32332,0.42060,0.49502,0.57735
90.0,0.0044159,0.0089132,0.016461,0.031369,0.055621,0.098187,0.17270,0.29294,0.38328,0.45295,0.53033
100.0,0.0037883,0.0076963,0.014286,0.027357,0.049073,0.087565,0.15574,0.26684,0.35095,0.41636,0.48892
110.0,0.0032823,0.0067035,0.012503,0.023969,0.043296,0.077864,0.13922,0.23984,0.31635,0.37584,0.44232
120.0,0.0028751,0.0058821,0.011023,0.021157,0.038319,0.069679,0.12519,0.21675,0.28654,0.34107,0.40209
130.0,0.0025316,0.0051857,0.0097599,0.018760,0.034207,0.062573,0.11292,0.19638,0.26025,0.31029,0.36636
140.0,0.0022338,0.0045912,0.0086764,0.016704,0.030675,0.056390,0.10220,0.17847,0.23707,0.28309,0.33473
150.0,0.0019758,0.0040803,0.0077422,0.014920,0.027605,0.050989,0.092774,0.16266,0.21655,0.25897,0.30666
175.0,0.0014654,0.0030616,0.0058580,0.011339,0.021246,0.039599,0.073026,0.12975,0.17370,0.20849,0.24789
200.0,0.0011088,0.0023358,0.0045043,0.0087835,0.016575,0.031130,0.058231,0.10495,0.14122,0.17007,0.20279
250.0,0.00066540,0.0014234,0.0027872,0.0055200,0.010576,0.020156,0.038686,0.071426,0.096898,0.11716,0.14051
300.0,0.00041902,0.00091017,0.0018160,0.0036134,0.0070516,0.013668,0.026901,0.050737,0.069351,0.084374,0.10139
350.0,0.00027278,0.00060420,0.0012274,0.0024618,0.0048883,0.0096362,0.019365,0.037264,0.051260,0.062551,0.075893
400.0,0.00018346,0.00041293,0.00085358,0.0017288,0.0034948,0.0070022,0.014357,0.028085,0.038896,0.047673,0.057702
450.0,0.00012267,0.00028126,0.00058976,0.0012429,0.0025411,0.0051807,0.010771,0.021470,0.029943,0.036722,0.044520
500.0,8.3990e-05,0.00019610,0.00042120,0.00091394,0.0018916,0.0039109,0.0082729,0.016738,0.023365,0.028759,0.035004
600.0,3.7974e-05,9.3688e-05,0.00020893,0.00047966,0.0010458,0.0022630,0.0049705,0.010314,0.014567,0.017922,0.021956
700.0,2.0295e-05,5.0682e-05,0.00011924,0.00028554,0.00064303,0.0014298,0.0032226,0.0068309,0.0097146,0.012120,0.014883
800.0,1.1077e-05,2.9071e-05,6.9966e-05,0.00017399,0.00040938,0.00093042,0.0021664,0.0047053,0.0067731,0.0084652,0.010484
1000.0,3.7218e-06,1.0322e-05,2.6824e-05,7.3283e-05,0.00018601,0.00046447,0.0011342,0.0025292,0.0036689,0.0046082,0.0057052
1200.0,1.4062e-06,4.2308e-06,1.1755e-05,3.3380e-05,9.1567e-05,0.00024388,0.00061706,0.0014054,0.0020558,0.0025911,0.0032058
1500.0,3.5329e-07,1.1759e-06,3.4513e-06,1.1078e-05,3.2724e-05,9.4466e-05,0.00025078,0.00058862,0.00087329,0.0011040,0.0013697
SA0P05
r\m,4.0,4.5,5.0,5.5,6.0,6.5,7.0,7.5,7.8,8.0,8.2
0.0,0.70197,1.0908,1.5217,2.0154,2.4248,2.8333,3.2046,3.4811,3.5478,3.5897,3.4971
1.0,0.51952,0.83103,1.1920,1.6167,1.9953,2.3907,2.7719,3.0907,3.1851,3.2360,3.1799
5.0,0.21228,0.37792,0.59870,0.89068,1.1941,1.5371,1.9102,2.2672,2.4111,2.4937,2.5172
10.0,0.10491,0.19184,0.31769,0.50197,0.72775,1.0122,1.3562,1.7370,1.9292,2.0468,2.1420
15.0,0.061284,0.11435,0.19439,0.31930,0.48789,0.71515,1.0103,1.3659,1.5765,1.7051,1.8256
20.0,0.040308,0.076606,0.13271,0.22435,0.35447,0.53681,0.78877,1.1091,1.3125,1.4469,1.5706
25.0,0.028646,0.055136,0.096766,0.16688,0.26988,0.41924,0.63558,0.92390,1.1127,1.2442,1.3698
30.0,0.021553,0.041936,0.074384,0.13045,0.21470,0.33973,0.52709,0.78573,0.96035,1.0841,1.2118
40.0,0.013698,0.027017,0.048688,0.087680,0.14748,0.24064,0.38708,0.59822,0.74584,0.85414,0.96856
50.0,0.0095103,0.018991,0.034671,0.063756,0.10894,0.18209,0.30101,0.47865,0.60722,0.70206,0.80338
60.0,0.0073979,0.014962,0.027605,0.051650,0.089331,0.15204,0.25619,0.41539,0.53126,0.61801,0.71142
70.0,0.0060600,0.012315,0.022873,0.043319,0.075726,0.13092,0.22376,0.36873,0.47541,0.55606,0.64374
80.0,0.0051088,0.010439,0.019481,0.037245,0.065731,0.11518,0.19934,0.33269,0.43169,0.50700,0.58995
90.0,0.0043684,0.0089717,0.016820,0.032312,0.057711,0.10212,0.17917,0.30230,0.39445,0.46511,0.54322
100.0,0.0037704,0.0077889,0.014668,0.028304,0.051109,0.091374,0.16206,0.27611,0.36211,0.42858,0.50197
110.0,0.0032853,0.0068181,0.012895,0.024901,0.045253,0.081509,0.14531,0.24894,0.32743,0.38810,0.45558
120.0,0.0028929,0.0060103,0.011414,0.022062,0.040186,0.073151,0.13103,0.22561,0.29745,0.35324,0.41538
130.0,0.0025587,0.0053193,0.010140,0.019623,0.035967,0.065839,0.11846,0.20488,0.27078,0.32211,0.37937
140.0,0.0022670,0.0047262,0.0090424,0.017520,0.032326,0.059451,0.10741,0.18657,0.24717,0.29450,0.34735
150.0,0.0020128,0.0042144,0.0080921,0.015691,0.029153,0.053856,0.097689,0.17035,0.22620,0.26991,0.31884
175.0,0.0015063,0.0031866,0.0061623,0.011993,0.022546,0.042013,0.077213,0.13642,0.18216,0.21818,0.25878
200.0,0.0011490,0.0024477,0.0047645,0.0093323,0.017660,0.033157,0.061781,0.11071,0.14857,0.17855,0.21240
250.0,0.00069717,0.0015046,0.0029671,0.0058923,0.011311,0.021542,0.041155,0.075508,0.10219,0.12331,0.14756
300.0,0.00044261,0.00096759,0.0019406,0.0038663,0.0075525,0.014620,0.028625,0.053632,0.073142,0.088822,0.10650
350.0,0.00028979,0.00064456,0.0013139,0.0026350,0.0052316,0.010293,0.020566,0.039311,0.053953,0.065720,0.079610
400.0,0.00019571,0.00044129,0.00091380,0.0018479,0.0037315,0.0074562,0.015198,0.029527,0.040804,0.049932,0.060312
450.0,0.00013123,0.00030085,0.00063067,0.0013255,0.0027041,0.0054966,0.011354,0.022489,0.031305,0.038322,0.046368
500.0,8.9937e-05,0.00020964,0.00044993,0.00097167,0.0020057,0.0041310,0.0086816,0.017460,0.024315,0.029879,0.036297
600.0,4.0152e-05,9.9095e-05,0.00022024,0.00050310,0.0010941,0.0023600,0.0051526,0.010626,0.014976,0.018393,0.022488
700.0,2.1450e-05,5.3182e-05,0.00012530,0.00029802,0.00066802,0.0014770,0.0033126,0.0069789,0.0099019,0.012342,0.015123
800.0,1.1598e-05,3.0393e-05,7.3002e-05,0.00018028,0.00042162,0.00095210,0.0021949,0.0047111,0.0067858,0.0084652,0.010484
1000.0,3.8633e-06,1.0668e-05,2.7143e-05,7.3283e-05,0.00018601,0.00046447,0.0011342,0.0025292,0.0036689,0.0046082,0.0057052
1200.0,1.4062e-06,4.2308e-06,1.1755e-05,3.3380e-05,9.1567e-05,0.00024388,0.00061706,0.0014054,0.0020558,0.0025911,0.0032058
1500.0,3.5329e-07,1.1759e-06,3.4513e-06,1.1078e-05,3.2724e-05,9.4466e-05,0.00025078,0.00058862,0.00087329,0.0011040,0.0013697
SA0P075
r\m,4.0,4.5,5.0,5.5,6.0,6.5,7.0,7.5,7.8,8.0,8.2
0.0,0.55800,0.89468,1.2841,1.7363,2.1303,2.5184,2.8760,3.1452,3.2139,3.2553,3.1865
1.0,0.41783,0.69351,1.0261,1.4219,1.7886,2.1657,2.5287,2.8304,2.9220,2.9702,2.9287
5.0,0.16747,0.31324,0.51917,0.79906,1.1005,1.4359,1.7919,2.1262,2.2606,2.3365,2.3609
10.0,0.082419,0.15871,0.27595,0.45306,0.67584,0.95405,1.2836,1.6387,1.8157,1.9225,2.0096
15.0,0.048460,0.095209,0.16995,0.28991,0.45551,0.67774,0.96134,1.2945,1.4875,1.6047,1.7143
20.0,0.032092,0.064205,0.11677,0.20478,0.33249,0.51103,0.75348,1.0547,1.2417,1.3640,1.4766
25.0,0.022918,0.046443,0.085625,0.15310,0.25439,0.40082,0.60932,0.88092,1.0552,1.1749,1.2893
30.0,0.017336,0.035504,0.066153,0.12017,0.20315,0.32592,0.50678,0.75090,0.91261,1.0256,1.1416
40.0,0.011131,0.023104,0.043713,0.081404,0.14058,0.23227,0.37396,0.57389,0.71114,0.81042,0.91493
50.0,0.0078100,0.016404,0.031408,0.059629,0.10455,0.17677,0.29222,0.46113,0.58130,0.66898,0.76215
60.0,0.0061375,0.013041,0.025207,0.048607,0.086207,0.14824,0.24948,0.40090,0.50928,0.58948,0.67531
70.0,0.0051034,0.010888,0.021162,0.041243,0.073834,0.12877,0.21949,0.35800,0.45822,0.53311,0.61402
80.0,0.0043737,0.0093721,0.018283,0.035924,0.064835,0.11442,0.19724,0.32538,0.41888,0.48913,0.56593
90.0,0.0037975,0.0081702,0.015996,0.031555,0.057540,0.10243,0.17873,0.29776,0.38525,0.45146,0.52407
100.0,0.0033251,0.0071877,0.014122,0.027960,0.051470,0.092463,0.16290,0.27380,0.35588,0.41847,0.48698
110.0,0.0029366,0.0063706,0.012558,0.024872,0.046029,0.083242,0.14735,0.24896,0.32452,0.38213,0.44565
120.0,0.0026182,0.0056818,0.011236,0.022264,0.041272,0.075347,0.13396,0.22743,0.29714,0.35055,0.40952
130.0,0.0023402,0.0050786,0.010073,0.019976,0.037228,0.068306,0.12194,0.20793,0.27233,0.32182,0.37653
140.0,0.0020939,0.0045538,0.0090580,0.017978,0.033694,0.062080,0.11127,0.19050,0.25011,0.29603,0.34686
150.0,0.0018767,0.0040956,0.0081699,0.016221,0.030586,0.056576,0.10178,0.17492,0.23019,0.27285,0.32019
175.0,0.0014365,0.0031608,0.0063380,0.012614,0.024028,0.044799,0.081575,0.14191,0.18779,0.22343,0.26324
200.0,0.0011195,0.0024751,0.0049853,0.0099697,0.019095,0.035853,0.066108,0.11654,0.15497,0.18501,0.21861
250.0,0.00070326,0.0015692,0.0031896,0.0064457,0.012498,0.023777,0.044858,0.080864,0.10847,0.13005,0.15461
300.0,0.00046008,0.0010355,0.0021321,0.0043112,0.0084859,0.016382,0.031619,0.058150,0.078612,0.094868,0.11304
350.0,0.00030911,0.00070468,0.0014689,0.0029813,0.0059487,0.011652,0.022918,0.042970,0.058463,0.070783,0.085242
400.0,0.00021346,0.00049101,0.0010356,0.0021130,0.0042770,0.0084939,0.017024,0.032425,0.044428,0.054050,0.064895
450.0,0.00014605,0.00034012,0.00072305,0.0015273,0.0031158,0.0062871,0.012754,0.024774,0.034205,0.041624,0.050069
500.0,0.00010174,0.00023995,0.00052089,0.0011253,0.0023190,0.0047325,0.0097623,0.019255,0.026584,0.032482,0.039234
600.0,4.6047e-05,0.00011474,0.00025598,0.00058228,0.0012605,0.0026913,0.0057643,0.011650,0.016285,0.019888,0.024174
700.0,2.5068e-05,6.1941e-05,0.00014705,0.00034645,0.00076914,0.0016745,0.0036888,0.0076126,0.010707,0.013282,0.016176
800.0,1.3591e-05,3.5699e-05,8.5781e-05,0.00020928,0.00048271,0.0010709,0.0024185,0.0050870,0.0072766,0.0090181,0.010999
1000.0,4.5817e-06,1.2572e-05,3.1766e-05,8.2081e-05,0.00019962,0.00047733,0.0011342,0.0025292,0.0036689,0.0046082,0.0057052
1200.0,1.6519e-06,4.7043e-06,1.2716e-05,3.4426e-05,9.1567e-05,0.00024388,0.00061706,0.0014054,0.0020558,0.0025911,0.0032058
1500.0,3.8905e-07,1.2093e-06,3.4928e-06,1.1078e-05,3.2724e-05,9.4466e-05,0.00025078,0.00058862,0.00087329,0.0011040,0.0013697
SA0P1
r\m,4.0,4.5,5.0,5.5,6.0,6.5,7.0,7.5,7.8,8.0,8.2
0.0,0.44107,0.72539,1.0665,1.4696,1.8341,2.1911,2.5245,2.7783,2.8463,2.8845,2.8386
1.0,0.33309,0.56982,0.86537,1.2228,1.5633,1.9104,2.2460,2.5243,2.6102,2.6535,2.6270
5.0,0.13114,0.25533,0.43951,0.69720,0.98228,1.2964,1.6249,1.9293,2.0505,2.1173,2.1426
10.0,0.064237,0.12900,0.23355,0.39653,0.60721,0.86962,1.1738,1.4940,1.6513,1.7452,1.8225
15.0,0.037941,0.077737,0.14453,0.25489,0.41106,0.62080,0.88310,1.1844,1.3553,1.4586,1.5554
20.0,0.025248,0.052675,0.099789,0.18078,0.30108,0.46959,0.69410,0.96736,1.1334,1.2410,1.3406
25.0,0.018088,0.038233,0.073473,0.13568,0.23118,0.36933,0.56265,0.80942,0.96473,1.0702,1.1713
30.0,0.013733,0.029331,0.056975,0.10682,0.18511,0.30089,0.46881,0.69099,0.83543,0.93534,1.0376
40.0,0.0088782,0.019226,0.037917,0.072789,0.12874,0.21520,0.34692,0.52942,0.65240,0.74042,0.83308
50.0,0.0062769,0.013751,0.027432,0.053625,0.096211,0.16435,0.27192,0.42665,0.53476,0.61305,0.69606
60.0,0.0049685,0.011004,0.022146,0.043912,0.079622,0.13814,0.23247,0.37112,0.46864,0.54021,0.61663
70.0,0.0041770,0.0092868,0.018783,0.037598,0.068737,0.12078,0.20562,0.33285,0.42333,0.49040,0.56265
80.0,0.0036257,0.0080927,0.016420,0.033106,0.060953,0.10825,0.18611,0.30433,0.38907,0.45220,0.52093
90.0,0.0031854,0.0071353,0.014523,0.029383,0.054592,0.097696,0.16979,0.28010,0.35970,0.41939,0.48455
100.0,0.0028210,0.0063449,0.012953,0.026290,0.049254,0.088860,0.15576,0.25900,0.33397,0.39058,0.45227
110.0,0.0025181,0.0056811,0.011630,0.023611,0.044441,0.080662,0.14198,0.23722,0.30671,0.35918,0.41673
120.0,0.0022671,0.0051160,0.010501,0.021326,0.040194,0.073582,0.13003,0.21822,0.28276,0.33171,0.38547
130.0,0.0020432,0.0046108,0.0094894,0.019283,0.036516,0.067159,0.11913,0.20073,0.26072,0.30633,0.35649
140.0,0.0018427,0.0041659,0.0085953,0.017478,0.033267,0.061416,0.10934,0.18493,0.24075,0.28331,0.33016
150.0,0.0016641,0.0037738,0.0078056,0.015876,0.030381,0.056293,0.10057,0.17069,0.22271,0.26245,0.30629
175.0,0.0012977,0.0029638,0.0061570,0.012546,0.024228,0.045222,0.081687,0.14020,0.18391,0.21750,0.25479
200.0,0.0010297,0.0023608,0.0049215,0.010068,0.019535,0.036701,0.067052,0.11650,0.15352,0.18218,0.21404
250.0,0.00066814,0.0015431,0.0032395,0.0066836,0.013109,0.024926,0.046500,0.082493,0.10966,0.13068,0.15445
300.0,0.00045035,0.0010468,0.0022204,0.0045772,0.0090957,0.017524,0.033382,0.060347,0.080841,0.096952,0.11487
350.0,0.00031108,0.00073028,0.0015639,0.0032304,0.0064937,0.012675,0.024567,0.045232,0.060975,0.073374,0.087831
400.0,0.00022032,0.00052037,0.0011243,0.0023299,0.0047410,0.0093680,0.018478,0.034530,0.046876,0.056680,0.067663
450.0,0.00015452,0.00036833,0.00079983,0.0017095,0.0034997,0.0070165,0.013994,0.026653,0.036459,0.044098,0.052748
500.0,0.00011003,0.00026488,0.00058564,0.0012757,0.0026338,0.0053329,0.010805,0.020886,0.028570,0.034698,0.041673
600.0,5.1849e-05,0.00013113,0.00029602,0.00067494,0.0014573,0.0030782,0.0064635,0.012788,0.017710,0.021504,0.025986
700.0,2.9088e-05,7.2444e-05,0.00017370,0.00040817,0.00090002,0.0019315,0.0041701,0.0084165,0.011722,0.014456,0.017499
800.0,1.6110e-05,4.2619e-05,0.00010291,0.00024949,0.00056916,0.0012418,0.0027418,0.0056382,0.0079902,0.0098416,0.011924
1000.0,5.6340e-06,1.5446e-05,3.8920e-05,9.9159e-05,0.00023722,0.00055449,0.0012734,0.0027233,0.0038751,0.0048459,0.0059742
1200.0,2.0883e-06,5.8842e-06,1.5760e-05,4.1903e-05,0.00010697,0.00026324,0.00063232,0.0014054,0.0020558,0.0025911,0.0032058
1500.0,5.0894e-07,1.5448e-06,4.4032e-06,1.2853e-05,3.5293e-05,9.4466e-05,0.00025078,0.00058862,0.00087329,0.0011040,0.0013697
SA0P15
r\m,4.0,4.5,5.0,5.5,6.0,6.5,7.0,7.5,7.8,8.0,8.2
0.0,0.29566,0.50736,0.77318,1.0969,1.4044,1.7055,1.9937,2.2177,2.2825,2.3155,2.2991
1.0,0.22571,0.40562,0.64038,0.93230,1.2212,1.5139,1.8006,2.0395,2.1156,2.1516,2.1451
5.0,0.086587,0.17948,0.32640,0.54154,0.78887,1.0592,1.3385,1.5937,1.6940,1.7474,1.7737
10.0,0.042110,0.090227,0.17316,0.30891,0.49218,0.72133,0.97900,1.2422,1.3689,1.4437,1.5065
15.0,0.025013,0.054689,0.10784,0.19976,0.33525,0.51863,0.74136,0.98944,1.1262,1.2086,1.2862
20.0,0.016745,0.037285,0.074935,0.14245,0.24666,0.39391,0.58480,0.81075,0.94395,1.0295,1.1095
25.0,0.012041,0.027174,0.055462,0.10745,0.19029,0.31080,0.47545,0.67988,0.80504,0.88896,0.97010
30.0,0.0091831,0.020940,0.043213,0.084931,0.15285,0.25370,0.39697,0.58149,0.69826,0.77807,0.85971
40.0,0.0059874,0.013853,0.029029,0.058330,0.10697,0.18215,0.29467,0.44687,0.54671,0.61730,0.69188
50.0,0.0042734,0.010002,0.021194,0.043305,0.080446,0.13967,0.23180,0.36148,0.44972,0.51311,0.58035
60.0,0.0034133,0.0080712,0.017243,0.035673,0.066867,0.11765,0.19838,0.31447,0.39406,0.45196,0.51377
70.0,0.0029103,0.0069086,0.014825,0.030918,0.058345,0.10376,0.17670,0.28364,0.35781,0.41232,0.47099
80.0,0.0025691,0.0061210,0.013173,0.027641,0.052461,0.094130,0.16156,0.26149,0.33129,0.38281,0.43875
90.0,0.0022927,0.0054804,0.011828,0.024894,0.047601,0.085946,0.14881,0.24258,0.30848,0.35738,0.41059
100.0,0.0020614,0.0049451,0.010701,0.022582,0.043481,0.079032,0.13778,0.22605,0.28844,0.33500,0.38559
110.0,0.0018667,0.0044904,0.0097402,0.020562,0.039745,0.072615,0.12701,0.20923,0.26757,0.31112,0.35870
120.0,0.0017029,0.0040982,0.0089100,0.018816,0.036407,0.067012,0.11757,0.19441,0.24910,0.29007,0.33487
130.0,0.0015518,0.0037363,0.0081427,0.017209,0.033434,0.061791,0.10875,0.18045,0.23169,0.27017,0.31229
140.0,0.0014145,0.0034121,0.0074534,0.015763,0.030760,0.057043,0.10071,0.16762,0.21567,0.25184,0.29146
150.0,0.0012908,0.0031222,0.0068355,0.014460,0.028349,0.052744,0.093398,0.15591,0.20101,0.23502,0.27235
175.0,0.0010328,0.0025137,0.0055253,0.011707,0.023134,0.043323,0.077437,0.13049,0.16904,0.19827,0.23054
200.0,0.00084049,0.0020525,0.0045251,0.0096185,0.019082,0.035939,0.064856,0.11041,0.14365,0.16901,0.19706
250.0,0.00057219,0.0014060,0.0031173,0.0066707,0.013354,0.025411,0.046664,0.080908,0.10611,0.12535,0.14695
300.0,0.00040387,0.00099727,0.0022284,0.0047605,0.0096313,0.018527,0.034626,0.061040,0.080626,0.095800,0.11260
350.0,0.00029176,0.00072557,0.0016320,0.0034885,0.0071204,0.013844,0.026257,0.047033,0.062489,0.074495,0.088352
400.0,0.00021554,0.00053786,0.0012168,0.0026042,0.0053647,0.010535,0.020281,0.036805,0.049218,0.058938,0.069759
450.0,0.00015778,0.00039607,0.00089794,0.0019713,0.0040765,0.0081035,0.015747,0.029067,0.039148,0.046902,0.055626
500.0,0.00011699,0.00029555,0.00067925,0.0015133,0.0031486,0.0063080,0.012426,0.023246,0.031313,0.037659,0.044830
600.0,6.0320e-05,0.00015837,0.00036850,0.00085057,0.0018350,0.0038105,0.0077426,0.014784,0.020146,0.024238,0.029018
700.0,3.5977e-05,9.2605e-05,0.00022694,0.00053593,0.0011740,0.0024658,0.0051400,0.0099878,0.013678,0.016691,0.020011
800.0,2.1073e-05,5.7190e-05,0.00014038,0.00033966,0.00076465,0.0016268,0.0034538,0.0068260,0.0095043,0.011582,0.013887
1000.0,8.0823e-06,2.2468e-05,5.6842e-05,0.00014267,0.00033352,0.00075163,0.0016496,0.0033818,0.0047199,0.0058383,0.0071283
1200.0,3.2388e-06,9.1293e-06,2.4236e-05,6.2921e-05,0.00015487,0.00036341,0.00083077,0.0017377,0.0024965,0.0031488,0.0038070
1500.0,8.7259e-07,2.5912e-06,7.2423e-06,2.0163e-05,5.2703e-05,0.00013119,0.00031423,0.00068352,0.0010124,0.0012687,0.0015720
SA0P2
r\m,4.0,4.5,5.0,5.5,6.0,6.5,7.0,7.5,7.8,8.0,8.2
0.0,0.21282,0.38199,0.59923,0.86862,1.1326,1.3924,1.6457,1.8466,1.9082,1.9383,1.9373
1.0,0.16352,0.30866,0.50255,0.74792,0.99671,1.2491,1.4997,1.7103,1.7796,1.8116,1.8158
5.0,0.061700,0.13543,0.25656,0.43929,0.65483,0.89034,1.1332,1.3543,1.4410,1.4864,1.5131
10.0,0.029866,0.067849,0.13591,0.25090,0.41096,0.61257,0.83560,1.0599,1.1670,1.2299,1.2837
15.0,0.017797,0.041265,0.084967,0.16285,0.28103,0.44250,0.63541,0.84672,0.96140,1.0306,1.0962
20.0,0.011957,0.028234,0.059266,0.11651,0.20733,0.33689,0.50233,0.69518,0.80694,0.87845,0.94603
25.0,0.0086152,0.020627,0.044001,0.088161,0.16040,0.26629,0.40910,0.58373,0.68899,0.75917,0.82758
30.0,0.0065873,0.015936,0.034380,0.069846,0.12908,0.21758,0.34197,0.49980,0.59817,0.66505,0.73362
40.0,0.0043156,0.010599,0.023225,0.048200,0.090673,0.15654,0.25426,0.38479,0.46908,0.52836,0.59127
50.0,0.0030972,0.0076962,0.017051,0.035954,0.068442,0.12030,0.20043,0.31197,0.38670,0.44024,0.49716
60.0,0.0024868,0.0062407,0.013937,0.029724,0.057032,0.10143,0.17160,0.27137,0.33877,0.38764,0.43992
70.0,0.0021380,0.0053873,0.012083,0.025956,0.050092,0.089938,0.15350,0.24562,0.30859,0.35473,0.40447
80.0,0.0019065,0.0048219,0.010847,0.023430,0.045442,0.082225,0.14126,0.22762,0.28706,0.33077,0.37825
90.0,0.0017176,0.0043582,0.0098312,0.021297,0.041577,0.075635,0.13090,0.21223,0.26850,0.31008,0.35533
100.0,0.0015585,0.0039683,0.0089747,0.019491,0.038281,0.070043,0.12192,0.19875,0.25218,0.29185,0.33498
110.0,0.0014238,0.0036350,0.0082401,0.017905,0.035290,0.064870,0.11321,0.18520,0.23545,0.27277,0.31352
120.0,0.0013093,0.0033454,0.0076006,0.016524,0.032598,0.060324,0.10555,0.17321,0.22057,0.25586,0.29442
130.0,0.0012012,0.0030721,0.0069966,0.015225,0.030151,0.056005,0.098253,0.16172,0.20632,0.23962,0.27604
140.0,0.0011022,0.0028245,0.0064478,0.014042,0.027921,0.052029,0.091531,0.15106,0.19308,0.22452,0.25893
150.0,0.0010122,0.0026009,0.0059509,0.012965,0.025891,0.048392,0.085351,0.14122,0.18084,0.21054,0.24310
175.0,0.00082291,0.0021273,0.0048877,0.010668,0.021458,0.040352,0.071756,0.11969,0.15393,0.17973,0.20816
200.0,0.00068044,0.0017651,0.0040680,0.0089059,0.017979,0.033983,0.060935,0.10254,0.13240,0.15504,0.18002
250.0,0.00047794,0.0012477,0.0028919,0.0063707,0.012967,0.024732,0.045017,0.076998,0.10016,0.11772,0.13737
300.0,0.00034794,0.00091270,0.0021302,0.0046855,0.0096245,0.018529,0.034241,0.059438,0.077820,0.091943,0.10756
350.0,0.00025925,0.00068425,0.0016057,0.0035329,0.0073103,0.014203,0.026580,0.046794,0.061594,0.073000,0.086080
400.0,0.00019733,0.00052221,0.0012308,0.0027100,0.0056495,0.011069,0.020983,0.037365,0.049474,0.058875,0.069320
450.0,0.00014904,0.00039620,0.00093486,0.0021042,0.0043988,0.0087091,0.016644,0.030086,0.040095,0.047741,0.056322
500.0,0.00011390,0.00030431,0.00072594,0.0016545,0.0034748,0.0069252,0.013391,0.024497,0.032656,0.039020,0.046188
600.0,6.3334e-05,0.00017446,0.00041955,0.00098376,0.0021283,0.0043720,0.0086823,0.016169,0.021783,0.026047,0.030995
700.0,3.9723e-05,0.00010735,0.00026963,0.00064388,0.0014096,0.0029220,0.0059371,0.011226,0.015190,0.018394,0.021914
800.0,2.4504e-05,6.9261e-05,0.00017386,0.00042323,0.00094791,0.0019853,0.0040961,0.0078618,0.010800,0.013061,0.015557
1000.0,1.0245e-05,2.9460e-05,7.5609e-05,0.00018920,0.00043686,0.00096066,0.0020385,0.0040436,0.0055621,0.0068203,0.0082646
1200.0,4.4399e-06,1.2849e-05,3.4246e-05,8.8002e-05,0.00021176,0.00048096,0.0010581,0.0021338,0.0030174,0.0037720,0.0045201
1500.0,1.3290e-06,3.9895e-06,1.1085e-05,3.0016e-05,7.5856e-05,0.00018067,0.00041347,0.00086246,0.0012557,0.0015562,0.0019104
SA0P25
r\m,4.0,4.5,5.0,5.5,6.0,6.5,7.0,7.5,7.8,8.0,8.2
0.0,0.15943,0.30091,0.48608,0.71813,0.95004,1.1796,1.4067,1.5898,1.6487,1.6769,1.6846
1.0,0.12300,0.24485,0.41103,0.62364,0.84272,1.0656,1.2892,1.4792,1.5436,1.5732,1.5835
5.0,0.045902,0.10681,0.21002,0.36895,0.55984,0.76886,0.98473,1.1815,1.2590,1.2994,1.3259
10.0,0.022148,0.053385,0.11113,0.21088,0.35275,0.53275,0.73018,0.92717,1.0210,1.0762,1.1241
15.0,0.013225,0.032539,0.069648,0.13720,0.24185,0.38607,0.55683,0.74218,0.84198,0.90237,0.96010
20.0,0.0089049,0.022316,0.048703,0.098379,0.17875,0.29440,0.44085,0.61016,0.70737,0.76955,0.82884
25.0,0.0064247,0.016327,0.036231,0.074590,0.13855,0.23297,0.35943,0.51279,0.60444,0.66543,0.72531
30.0,0.0049204,0.012635,0.028361,0.059185,0.11163,0.19046,0.30067,0.43939,0.52511,0.58328,0.64309
40.0,0.0032334,0.0084326,0.019230,0.040972,0.078603,0.13720,0.22379,0.33868,0.41223,0.46384,0.51885
50.0,0.0023287,0.0061456,0.014170,0.030660,0.059475,0.10559,0.17665,0.27501,0.34034,0.38712,0.43700
60.0,0.0018760,0.0049990,0.011617,0.025406,0.049640,0.089078,0.15127,0.23920,0.29812,0.34081,0.38659
70.0,0.0016215,0.0043395,0.010127,0.022296,0.043791,0.079264,0.13570,0.21701,0.27215,0.31252,0.35614
80.0,0.0014556,0.0039101,0.0091527,0.020257,0.039964,0.072849,0.12542,0.20182,0.25396,0.29227,0.33394
90.0,0.0013194,0.0035561,0.0083482,0.018528,0.036772,0.067349,0.11671,0.18882,0.23828,0.27477,0.31452
100.0,0.0012045,0.0032574,0.0076669,0.017058,0.034041,0.062671,0.10914,0.17742,0.22447,0.25934,0.29730
110.0,0.0011067,0.0030012,0.0070805,0.015764,0.031564,0.058360,0.10186,0.16609,0.21050,0.24342,0.27939
120.0,0.0010231,0.0027776,0.0065676,0.014632,0.029324,0.054556,0.095421,0.15604,0.19805,0.22928,0.26343
130.0,0.00094280,0.0025630,0.0060753,0.013551,0.027256,0.050890,0.089221,0.14628,0.18598,0.21554,0.24790
140.0,0.00086878,0.0023670,0.0056245,0.012557,0.025356,0.047486,0.083460,0.13715,0.17468,0.20267,0.23334
150.0,0.00080123,0.0021888,0.0052134,0.011646,0.023611,0.044348,0.078124,0.12868,0.16416,0.19068,0.21979
175.0,0.00065832,0.0018093,0.0043288,0.0096896,0.019782,0.037371,0.066322,0.11002,0.14092,0.16413,0.18971
200.0,0.00055014,0.0015176,0.0036431,0.0081799,0.016758,0.031809,0.056872,0.095083,0.12225,0.14276,0.16541
250.0,0.00039470,0.0010963,0.0026476,0.0059817,0.012350,0.023636,0.042822,0.072663,0.094062,0.11024,0.12831
300.0,0.00029352,0.00081946,0.0019924,0.0044966,0.0093613,0.018064,0.033169,0.057044,0.074284,0.087468,0.10206
350.0,0.00022348,0.00062761,0.0015335,0.0034627,0.0072555,0.014114,0.026206,0.045639,0.059725,0.070533,0.082881
400.0,0.00017375,0.00048918,0.0011999,0.0027111,0.0057170,0.011204,0.021038,0.037012,0.048698,0.057724,0.067754
450.0,0.00013421,0.00037939,0.00093140,0.0021466,0.0045366,0.0089732,0.016970,0.030257,0.040045,0.047498,0.055856
500.0,0.00010488,0.00029776,0.00073782,0.0017198,0.0036484,0.0072580,0.013869,0.024993,0.033092,0.039375,0.046445
600.0,6.1823e-05,0.00017998,0.00044863,0.0010708,0.0023288,0.0047541,0.0092961,0.017018,0.022749,0.027097,0.032119
700.0,4.0311e-05,0.00011541,0.00029840,0.00072325,0.0015884,0.0032681,0.0065223,0.012099,0.016238,0.019559,0.023210
800.0,2.5944e-05,7.7164e-05,0.00019927,0.00049058,0.0010988,0.0022805,0.0046111,0.0086676,0.011793,0.014187,0.016830
1000.0,1.1654e-05,3.5128e-05,9.2273e-05,0.00023209,0.00053324,0.0011542,0.0023910,0.0046286,0.0063014,0.0076773,0.0092532
1200.0,5.4060e-06,1.6335e-05,4.4217e-05,0.00011361,0.00027000,0.00060018,0.0012835,0.0025186,0.0035180,0.0043659,0.0052007
1500.0,1.7787e-06,5.5174e-06,1.5450e-05,4.1306e-05,0.00010221,0.00023619,0.00052224,0.0010546,0.0015135,0.0018594,0.0022660
SA0P3
r\m,4.0,4.5,5.0,5.5,6.0,6.5,7.0,7.5,7.8,8.0,8.2
0.0,0.12239,0.24331,0.40570,0.61112,0.81936,1.0264,1.2332,1.4025,1.4590,1.4861,1.4989
1.0,0.094700,0.19895,0.34504,0.53390,0.73083,0.93166,1.1348,1.3091,1.3698,1.3977,1.4117
5.0,0.035064,0.086428,0.17639,0.31745,0.48930,0.67798,0.87333,1.0520,1.1229,1.1597,1.1860
10.0,0.016880,0.043124,0.093260,0.18152,0.30918,0.47219,0.65018,0.82712,0.91153,0.96122,1.0050
15.0,0.010094,0.026325,0.058551,0.11831,0.21238,0.34297,0.49683,0.66305,0.75222,0.80639,0.85850
20.0,0.0068072,0.018083,0.041015,0.084959,0.15717,0.26183,0.39376,0.54562,0.63239,0.68795,0.74132
25.0,0.0049155,0.013244,0.030555,0.064507,0.12197,0.20736,0.32130,0.45884,0.54068,0.59511,0.64890
30.0,0.0037688,0.010261,0.023948,0.051240,0.098363,0.16959,0.26891,0.39337,0.46994,0.52188,0.57545
40.0,0.0024818,0.0068645,0.016280,0.035551,0.069375,0.12227,0.20030,0.30348,0.36922,0.41532,0.46464
50.0,0.0017918,0.0050155,0.012027,0.026662,0.052584,0.094189,0.15826,0.24671,0.30516,0.34704,0.39183
60.0,0.0014468,0.0040886,0.0098805,0.022130,0.043936,0.079491,0.13553,0.21458,0.26729,0.30550,0.34658
70.0,0.0012552,0.0035629,0.0086461,0.019489,0.038880,0.070911,0.12183,0.19499,0.24439,0.28056,0.31976
80.0,0.0011319,0.0032255,0.0078523,0.017788,0.035635,0.065419,0.11296,0.18181,0.22858,0.26295,0.30040
90.0,0.0010304,0.0029463,0.0071939,0.016342,0.032921,0.060699,0.10543,0.17051,0.21494,0.24771,0.28347
100.0,0.00094462,0.0027102,0.0066351,0.015109,0.030594,0.056678,0.098874,0.16061,0.20293,0.23427,0.26846
110.0,0.00087143,0.0025072,0.0061529,0.014024,0.028487,0.052986,0.092613,0.15086,0.19090,0.22057,0.25304
120.0,0.00080856,0.0023296,0.0057300,0.013070,0.026574,0.049721,0.087063,0.14218,0.18016,0.20837,0.23927
130.0,0.00074744,0.0021569,0.0053190,0.012148,0.024788,0.046539,0.081666,0.13369,0.16966,0.19643,0.22577
140.0,0.00069084,0.0019983,0.0049404,0.011296,0.023135,0.043566,0.076622,0.12569,0.15977,0.18518,0.21305
150.0,0.00063900,0.0018534,0.0045934,0.010510,0.021609,0.040807,0.071925,0.11823,0.15053,0.17465,0.20115
175.0,0.00052894,0.0015436,0.0038438,0.0088148,0.018248,0.034653,0.061493,0.10174,0.13002,0.15123,0.17464
200.0,0.00044534,0.0013047,0.0032608,0.0075019,0.015583,0.029725,0.053109,0.088485,0.11349,0.13234,0.15318
250.0,0.00032437,0.00095732,0.0024082,0.0055754,0.011669,0.022430,0.040558,0.068509,0.088434,0.10347,0.12028
300.0,0.00024493,0.00072691,0.0018409,0.0042598,0.0089853,0.017402,0.031847,0.054467,0.070700,0.083082,0.096807
350.0,0.00018943,0.00056552,0.0014392,0.0033327,0.0070715,0.013796,0.025503,0.044116,0.057526,0.067791,0.079492
400.0,0.00014957,0.00044773,0.0011435,0.0026504,0.0056556,0.011108,0.020740,0.036209,0.047450,0.056108,0.065740
450.0,0.00011746,0.00035299,0.00090243,0.0021303,0.0045547,0.0090202,0.016952,0.029953,0.039464,0.046697,0.054812
500.0,9.3330e-05,0.00028162,0.00072588,0.0017319,0.0037148,0.0073954,0.014027,0.025024,0.032988,0.039148,0.046079
600.0,5.7555e-05,0.00017739,0.00045947,0.0011189,0.0024516,0.0049913,0.0096597,0.017476,0.023240,0.027615,0.032655
700.0,3.8672e-05,0.00011752,0.00031408,0.00077522,0.0017130,0.0035126,0.0069243,0.012674,0.016916,0.020302,0.024033
800.0,2.5750e-05,8.0855e-05,0.00021583,0.00053973,0.0012138,0.0025076,0.0049995,0.0092597,0.012513,0.015001,0.017751
1000.0,1.2260e-05,3.8930e-05,0.00010535,0.00026807,0.00061620,0.0013212,0.0026905,0.0051161,0.0069150,0.0083861,0.010070
1200.0,6.0202e-06,1.9124e-05,5.3030e-05,0.00013731,0.00032471,0.00071210,0.0014917,0.0028688,0.0039701,0.0048991,0.0058134
1500.0,2.1482e-06,6.9561e-06,1.9837e-05,5.2971e-05,0.00012957,0.00029351,0.00063262,0.0012465,0.0017684,0.0021584,0.0026159
SA0P4
r\m,4.0,4.5,5.0,5.5,6.0,6.5,7.0,7.5,7.8,8.0,8.2
0.0,0.076035,0.16621,0.29636,0.46604,0.64262,0.81938,0.99817,1.1476,1.2004,1.2260,1.2442
1.0,0.059051,0.13676,0.25393,0.41031,0.57729,0.74839,0.92330,1.0756,1.1310,1.1568,1.1748
5.0,0.021643,0.059090,0.12989,0.24555,0.39042,0.55068,0.71747,0.87108,0.93315,0.96559,0.99115
10.0,0.010389,0.029418,0.068597,0.14048,0.24761,0.38615,0.53698,0.68667,0.75854,0.80112,0.83934
15.0,0.0062238,0.017993,0.043164,0.091762,0.17051,0.28133,0.41145,0.55151,0.62658,0.67254,0.71719
20.0,0.0042055,0.012386,0.030305,0.066027,0.12639,0.21509,0.32654,0.45442,0.52725,0.57406,0.61955
25.0,0.0030402,0.0090833,0.022617,0.050227,0.098260,0.17051,0.26673,0.38247,0.45114,0.49689,0.54253
30.0,0.0023343,0.0070476,0.017757,0.039953,0.079326,0.13952,0.22339,0.32814,0.39238,0.43602,0.48127
40.0,0.0015413,0.0047295,0.012111,0.027801,0.056071,0.10071,0.16656,0.25347,0.30863,0.34736,0.38905
50.0,0.0011163,0.0034669,0.0089769,0.020910,0.042594,0.077677,0.13177,0.20637,0.25547,0.29075,0.32865
60.0,0.00090400,0.0028342,0.0073952,0.017393,0.035642,0.065587,0.11287,0.17949,0.22377,0.25593,0.29068
70.0,0.00078803,0.0024821,0.0065037,0.015388,0.031667,0.058702,0.10173,0.16348,0.20503,0.23553,0.26872
80.0,0.00071486,0.0022608,0.0059437,0.014130,0.029188,0.054426,0.094719,0.15295,0.19236,0.22138,0.25312
90.0,0.00065440,0.0020768,0.0054770,0.013056,0.027109,0.050740,0.088752,0.14392,0.18142,0.20912,0.23947
100.0,0.00060318,0.0019209,0.0050799,0.012139,0.025322,0.047596,0.083557,0.13600,0.17179,0.19833,0.22738
110.0,0.00055936,0.0017865,0.0047362,0.011330,0.023708,0.044729,0.078643,0.12831,0.16229,0.18749,0.21517
120.0,0.00052148,0.0016684,0.0044337,0.010618,0.022238,0.042185,0.074276,0.12145,0.15380,0.17784,0.20426
130.0,0.00048399,0.0015516,0.0041346,0.0099165,0.020842,0.039667,0.069971,0.11465,0.14539,0.16827,0.19343
140.0,0.00044909,0.0014434,0.0038568,0.0092621,0.019537,0.037292,0.065913,0.10819,0.13740,0.15918,0.18314
150.0,0.00041698,0.0013440,0.0036004,0.0086539,0.018323,0.035070,0.062105,0.10212,0.12988,0.15062,0.17347
175.0,0.00034851,0.0011304,0.0030440,0.0073363,0.015636,0.030090,0.053607,0.088642,0.11313,0.13149,0.15180
200.0,0.00029628,0.00096516,0.0026097,0.0063114,0.013497,0.026082,0.046748,0.077766,0.099583,0.11602,0.13424
250.0,0.00022011,0.00072291,0.0019691,0.0047942,0.010328,0.020098,0.036395,0.061295,0.078948,0.092273,0.10718
300.0,0.00016958,0.00056052,0.0015375,0.0037447,0.0081265,0.015917,0.029122,0.049591,0.064194,0.075314,0.087684
350.0,0.00013392,0.00044536,0.0012276,0.0029943,0.0065328,0.012878,0.023762,0.040862,0.053111,0.062474,0.073128
400.0,0.00010795,0.00036013,0.00099633,0.0024335,0.0053351,0.010577,0.019681,0.034112,0.044532,0.052540,0.061475
450.0,8.6698e-05,0.00029037,0.00080447,0.0019977,0.0043875,0.0087610,0.016392,0.028700,0.037643,0.044445,0.052092
500.0,7.0461e-05,0.00023695,0.00066103,0.0016583,0.0036513,0.0073244,0.013809,0.024376,0.031993,0.037870,0.044493
600.0,4.6298e-05,0.00015822,0.00044331,0.0011304,0.0025307,0.0051667,0.0098986,0.017673,0.023372,0.027709,0.032694
700.0,3.2452e-05,0.00010989,0.00031523,0.00081306,0.0018331,0.0037672,0.0073293,0.013209,0.017525,0.020949,0.024743
800.0,2.2703e-05,7.8805e-05,0.00022600,0.00058870,0.0013474,0.0027860,0.0054692,0.0099526,0.013342,0.015936,0.018818
1000.0,1.1779e-05,4.1256e-05,0.00011953,0.00031531,0.00073447,0.0015657,0.0031267,0.0058139,0.0077929,0.0093985,0.011238
1200.0,6.3054e-06,2.2064e-05,6.5017e-05,0.00017372,0.00041339,0.00089695,0.0018329,0.0034358,0.0046983,0.0057537,0.0068018
1500.0,2.5536e-06,9.0312e-06,2.7152e-05,7.3995e-05,0.00018058,0.00040144,0.00083816,0.0015991,0.0022327,0.0027027,0.0032531
SA0P5
r\m,4.0,4.5,5.0,5.5,6.0,6.5,7.0,7.5,7.8,8.0,8.2
0.0,0.049995,0.11775,0.22376,0.36856,0.52455,0.68254,0.84356,0.98015,1.0306,1.0553,1.0761
1.0,0.038915,0.097260,0.19260,0.32603,0.47327,0.62577,0.78275,0.92096,0.97303,0.99779,1.0175
5.0,0.014175,0.041883,0.098558,0.19589,0.32206,0.46359,0.61189,0.74943,0.80601,0.83584,0.86075
10.0,0.0067916,0.020823,0.052013,0.11210,0.20474,0.32648,0.45949,0.59173,0.65578,0.69394,0.72867
15.0,0.0040735,0.012752,0.032775,0.073328,0.14120,0.23831,0.35267,0.47584,0.54204,0.58285,0.62277
20.0,0.0027559,0.0087892,0.023044,0.052830,0.10478,0.18237,0.28014,0.39240,0.45639,0.49769,0.53815
25.0,0.0019937,0.0064512,0.017218,0.040234,0.081544,0.14467,0.22898,0.33046,0.39072,0.43097,0.47140
30.0,0.0015322,0.0050100,0.013531,0.032033,0.065877,0.11841,0.19187,0.28365,0.33998,0.37834,0.41827
40.0,0.0010134,0.0033686,0.0092487,0.022330,0.046628,0.085530,0.14315,0.21929,0.26763,0.30163,0.33840
50.0,0.00073535,0.0024744,0.0068695,0.016827,0.035471,0.066025,0.11334,0.17872,0.22176,0.25276,0.28620
60.0,0.00059661,0.0020264,0.0056689,0.014015,0.029709,0.055767,0.097105,0.15546,0.19426,0.22251,0.25315
70.0,0.00052159,0.0017801,0.0050010,0.012435,0.026463,0.050016,0.087672,0.14180,0.17824,0.20506,0.23434
80.0,0.00047490,0.0016275,0.0045882,0.011461,0.024478,0.046519,0.081842,0.13295,0.16756,0.19310,0.22111
90.0,0.00043622,0.0015004,0.0042433,0.010629,0.022810,0.043499,0.076878,0.12536,0.15833,0.18273,0.20954
100.0,0.00040343,0.0013924,0.0039493,0.0099166,0.021375,0.040921,0.072555,0.11872,0.15021,0.17361,0.19931
110.0,0.00037533,0.0012993,0.0036946,0.0092891,0.020082,0.038583,0.068496,0.11232,0.14229,0.16456,0.18908
120.0,0.00035094,0.0012173,0.0034699,0.0087347,0.018901,0.036505,0.064884,0.10661,0.13520,0.15648,0.17994
130.0,0.00032652,0.0011352,0.0032451,0.0081824,0.017768,0.034426,0.061291,0.10089,0.12812,0.14841,0.17079
140.0,0.00030370,0.0010588,0.0030352,0.0076640,0.016702,0.032452,0.057884,0.095431,0.12135,0.14071,0.16207
150.0,0.00028266,0.00098824,0.0028406,0.0071799,0.015704,0.030597,0.054671,0.090280,0.11496,0.13342,0.15383
175.0,0.00023765,0.00083624,0.0024171,0.0061279,0.013491,0.026424,0.047479,0.078802,0.10068,0.11710,0.13531
200.0,0.00020325,0.00071852,0.0020861,0.0053080,0.011726,0.023059,0.041660,0.069520,0.089104,0.10387,0.12029
250.0,0.00015286,0.00054517,0.0015955,0.0040884,0.0090983,0.018009,0.032840,0.055434,0.071438,0.083534,0.097087
300.0,0.00011926,0.00042831,0.0012627,0.0032391,0.0072589,0.014455,0.026602,0.045364,0.058734,0.068919,0.080287
350.0,9.5415e-05,0.00034487,0.0010219,0.0026268,0.0059165,0.011850,0.021975,0.037805,0.049133,0.057796,0.067651
400.0,7.7922e-05,0.00028266,0.00084077,0.0021651,0.0048986,0.0098633,0.018424,0.031918,0.041648,0.049126,0.057496
450.0,6.3476e-05,0.00023121,0.00068903,0.0018023,0.0040849,0.0082777,0.015540,0.027161,0.035591,0.042014,0.049254
500.0,5.2339e-05,0.00019144,0.00057411,0.0015168,0.0034456,0.0070120,0.013251,0.023328,0.030593,0.036196,0.042527
600.0,3.5853e-05,0.00013286,0.00040020,0.0010723,0.0024695,0.0050987,0.0097641,0.017357,0.022917,0.027164,0.032043
700.0,2.5838e-05,9.5238e-05,0.00029222,0.00079119,0.0018339,0.0038112,0.0073964,0.013252,0.017549,0.020949,0.024739
800.0,1.8690e-05,7.0236e-05,0.00021569,0.00058872,0.0013833,0.0028905,0.0056521,0.010211,0.013643,0.016277,0.019221
1000.0,1.0284e-05,3.8964e-05,0.00012069,0.00033281,0.00079412,0.0017039,0.0033807,0.0062200,0.0083100,0.0099978,0.011936
1200.0,5.8496e-06,2.2142e-05,6.9443e-05,0.00019349,0.00046977,0.0010233,0.0020703,0.0038325,0.0052092,0.0063528,0.0075044
1500.0,2.5958e-06,9.8835e-06,3.1470e-05,8.8902e-05,0.00022028,0.00048951,0.0010075,0.0018900,0.0026144,0.0031518,0.0037815
SA0P75
r\m,4.0,4.5,5.0,5.5,6.0,6.5,7.0,7.5,7.8,8.0,8.2
0.0,0.021305,0.056005,0.12005,0.21989,0.34024,0.47016,0.60674,0.72693,0.77523,0.79984,0.82364
1.0,0.016634,0.046496,0.10396,0.19575,0.30878,0.43324,0.56537,0.68531,0.73400,0.75824,0.78039
5.0,0.0060090,0.019935,0.053229,0.11825,0.21189,0.32391,0.44552,0.56128,0.61127,0.63828,0.66248
10.0,0.0028726,0.0098945,0.028068,0.067706,0.13514,0.22947,0.33611,0.44420,0.49799,0.53048,0.56065
15.0,0.0017257,0.0060701,0.017722,0.044376,0.093408,0.16795,0.25860,0.35783,0.41202,0.44590,0.47938
20.0,0.0011696,0.0041914,0.012486,0.032029,0.069419,0.12870,0.20568,0.29545,0.34725,0.38099,0.41447
25.0,0.00084696,0.0030802,0.0093444,0.024434,0.054110,0.10219,0.16829,0.24903,0.29753,0.33014,0.36326
30.0,0.00065173,0.0023953,0.0073549,0.019479,0.043759,0.083689,0.14111,0.21392,0.25909,0.29004,0.32247
40.0,0.00043210,0.0016151,0.0050425,0.013616,0.031037,0.060518,0.10540,0.16560,0.20422,0.23153,0.26126
50.0,0.00031440,0.0011899,0.0037567,0.010287,0.023661,0.046778,0.083562,0.13518,0.16949,0.19436,0.22136
60.0,0.00025575,0.00097694,0.0031080,0.0085863,0.019845,0.039533,0.071620,0.11763,0.14852,0.17116,0.19587
70.0,0.00022449,0.00086192,0.0027538,0.0076488,0.017741,0.035562,0.064823,0.10752,0.13656,0.15806,0.18169
80.0,0.00020542,0.00079216,0.0025403,0.0070871,0.016491,0.033222,0.060738,0.10113,0.12874,0.14925,0.17187
90.0,0.00018958,0.00073384,0.0023612,0.0066058,0.015439,0.031197,0.057258,0.095647,0.12200,0.14161,0.16328
100.0,0.00017614,0.00068426,0.0022083,0.0061933,0.014534,0.029468,0.054227,0.090848,0.11606,0.13489,0.15570
110.0,0.00016459,0.00064141,0.0020757,0.0058302,0.013722,0.027913,0.051413,0.086292,0.11036,0.12834,0.14826
120.0,0.00015451,0.00060360,0.0019583,0.0055086,0.012977,0.026529,0.048906,0.082225,0.10526,0.12249,0.14159
130.0,0.00014425,0.00056506,0.0018388,0.0051823,0.012251,0.025121,0.046375,0.078099,0.10009,0.11657,0.13484
140.0,0.00013462,0.00052891,0.0017264,0.0048734,0.011561,0.023772,0.043957,0.074122,0.095119,0.11087,0.12836
150.0,0.00012569,0.00049536,0.0016215,0.0045827,0.010910,0.022494,0.041659,0.070345,0.090392,0.10546,0.12220
175.0,0.00010655,0.00042275,0.0013923,0.0039486,0.0094612,0.019607,0.036494,0.061895,0.079773,0.093260,0.10830
200.0,9.1873e-05,0.00036642,0.0012129,0.0034534,0.0083033,0.017272,0.032305,0.055042,0.071161,0.083372,0.097019
250.0,7.0265e-05,0.00028304,0.00094547,0.0027127,0.0065708,0.013750,0.025922,0.044625,0.057983,0.068131,0.079550
300.0,5.5763e-05,0.00022647,0.00076253,0.0021927,0.0053470,0.011249,0.021371,0.037126,0.048443,0.057097,0.066822
350.0,4.5416e-05,0.00018575,0.00062896,0.0018140,0.0044450,0.0093995,0.017970,0.031452,0.041180,0.048651,0.057161
400.0,3.7756e-05,0.00015512,0.00052747,0.0015256,0.0037535,0.0079740,0.015334,0.026996,0.035469,0.042004,0.049369
450.0,3.1361e-05,0.00012945,0.00044145,0.0012954,0.0031933,0.0068214,0.013173,0.023358,0.030801,0.036509,0.042980
500.0,2.6378e-05,0.00010939,0.00037515,0.0011120,0.0027468,0.0058906,0.011436,0.020396,0.026923,0.031974,0.037714
600.0,1.9163e-05,8.0201e-05,0.00027651,0.00082898,0.0020681,0.0044802,0.0087799,0.015775,0.020943,0.024928,0.029514
700.0,1.4361e-05,6.0167e-05,0.00020979,0.00063503,0.0015940,0.0034768,0.0068848,0.012443,0.016565,0.019823,0.023501
800.0,1.0901e-05,4.6204e-05,0.00016161,0.00049214,0.0012504,0.0027409,0.0054586,0.0099276,0.013307,0.015924,0.018886
1000.0,6.5346e-06,2.7920e-05,9.8385e-05,0.00030207,0.00077778,0.0017420,0.0035096,0.0064705,0.0086762,0.010450,0.012503
1200.0,4.0701e-06,1.7399e-05,6.1725e-05,0.00019103,0.00049830,0.0011306,0.0023116,0.0042788,0.0058116,0.0070756,0.0083925
1500.0,2.0780e-06,8.8892e-06,3.1815e-05,9.9228e-05,0.00026281,0.00060603,0.0012542,0.0023396,0.0032175,0.0038764,0.0046517
SA1P0
r\m,4.0,4.5,5.0,5.5,6.0,6.5,7.0,7.5,7.8,8.0,8.2
0.0,0.011122,0.030664,0.070651,0.14001,0.23309,0.34227,0.46329,0.57518,0.62363,0.64932,0.67506
1.0,0.0086958,0.025522,0.061370,0.12503,0.21215,0.31618,0.43260,0.54314,0.59129,0.61635,0.64025
5.0,0.0031290,0.010920,0.031434,0.075740,0.14619,0.23748,0.34228,0.44630,0.49377,0.52014,0.54450
10.0,0.0014943,0.0054164,0.016571,0.043382,0.093407,0.16876,0.25885,0.35365,0.40257,0.43258,0.46081
15.0,0.00089850,0.0033261,0.010475,0.028467,0.064645,0.12371,0.19942,0.28518,0.33329,0.36379,0.39415
20.0,0.00060950,0.0022991,0.0073887,0.020568,0.048086,0.094873,0.15874,0.23563,0.28107,0.31098,0.34092
25.0,0.00044164,0.0016908,0.0055349,0.015706,0.037516,0.075379,0.12996,0.19872,0.24095,0.26960,0.29892
30.0,0.00034008,0.0013159,0.0043604,0.012531,0.030360,0.061755,0.10903,0.17080,0.20992,0.23697,0.26545
40.0,0.00022577,0.00088872,0.0029948,0.0087736,0.021562,0.044694,0.081499,0.13234,0.16561,0.18933,0.21526
50.0,0.00016452,0.00065583,0.0022351,0.0066398,0.016459,0.034578,0.064673,0.10814,0.13759,0.15911,0.18260
60.0,0.00013402,0.00053926,0.0018519,0.0055490,0.013819,0.029239,0.055455,0.094134,0.12062,0.14018,0.16164
70.0,0.00011789,0.00047688,0.0016448,0.0049543,0.012378,0.026347,0.050265,0.086160,0.11105,0.12962,0.15013
80.0,0.00010815,0.00043950,0.0015218,0.0046036,0.011538,0.024674,0.047196,0.081181,0.10487,0.12259,0.14223
90.0,0.00010005,0.00040819,0.0014183,0.0043029,0.010830,0.023224,0.044580,0.076913,0.099527,0.11649,0.13532
100.0,9.3176e-05,0.00038157,0.0013300,0.0040449,0.010220,0.021986,0.042303,0.073178,0.094839,0.11113,0.12923
110.0,8.7265e-05,0.00035854,0.0012533,0.0038181,0.0096745,0.020879,0.040202,0.069661,0.090368,0.10595,0.12330
120.0,8.2093e-05,0.00033820,0.0011854,0.0036169,0.0091738,0.019892,0.038329,0.066519,0.086366,0.10132,0.11798
130.0,7.6775e-05,0.00031726,0.0011155,0.0034106,0.0086803,0.018879,0.036423,0.063308,0.082286,0.096611,0.11257
140.0,7.1770e-05,0.00029754,0.0010495,0.0032143,0.0082091,0.017903,0.034593,0.060197,0.078343,0.092056,0.10735
150.0,6.7126e-05,0.00027917,0.00098761,0.0030289,0.0077628,0.016974,0.032847,0.057232,0.074579,0.087709,0.10238
175.0,5.7139e-05,0.00023933,0.00085223,0.0026234,0.0067670,0.014872,0.028913,0.050581,0.066104,0.077896,0.091110
200.0,4.9476e-05,0.00020840,0.00074613,0.0023065,0.0059704,0.013169,0.025718,0.045180,0.059225,0.069938,0.081973
250.0,3.8162e-05,0.00016250,0.00058759,0.0018312,0.0047755,0.010594,0.020838,0.036967,0.048692,0.057664,0.067808
300.0,3.0548e-05,0.00013126,0.00047868,0.0014962,0.0039280,0.0087572,0.017346,0.031036,0.041043,0.048747,0.057456
350.0,2.5102e-05,0.00010870,0.00039881,0.0012511,0.0033003,0.0073931,0.014728,0.026531,0.035200,0.041903,0.049565
400.0,2.1054e-05,9.1647e-05,0.00033785,0.0010635,0.0028166,0.0063372,0.012689,0.022980,0.030588,0.036494,0.043194
450.0,1.7658e-05,7.7270e-05,0.00028588,0.00091268,0.0024223,0.0054777,0.011011,0.020067,0.026799,0.032006,0.037943
500.0,1.5001e-05,6.5986e-05,0.00024546,0.00079176,0.0021057,0.0047800,0.0096529,0.017683,0.023644,0.028288,0.033596
600.0,1.1229e-05,4.9771e-05,0.00018632,0.00060723,0.0016282,0.0037258,0.0075804,0.013974,0.018782,0.022528,0.026855
700.0,8.5825e-06,3.8233e-05,0.00014424,0.00047461,0.0012806,0.0029519,0.0060601,0.011226,0.015131,0.018231,0.021766
800.0,6.6784e-06,2.9985e-05,0.00011367,0.00037600,0.0010264,0.0023779,0.0049058,0.0091368,0.012387,0.014931,0.017839
1000.0,4.1846e-06,1.8956e-05,7.2410e-05,0.00024143,0.00066774,0.0015775,0.0032885,0.0061954,0.0084069,0.010191,0.012269
1200.0,2.7343e-06,1.2415e-05,4.7636e-05,0.00016004,0.00044776,0.0010713,0.0022622,0.0042762,0.0058643,0.0071739,0.0085762
1500.0,1.5057e-06,6.8333e-06,2.6383e-05,8.9185e-05,0.00025305,0.00061524,0.0013128,0.0024962,0.0034569,0.0041899,0.0050574
SA1P5
r\m,4.0,4.5,5.0,5.5,6.0,6.5,7.0,7.5,7.8,8.0,8.2
0.0,0.0043358,0.012310,0.030466,0.066459,0.12281,0.19913,0.29401,0.39180,0.43982,0.46714,0.49507
1.0,0.0033950,0.010272,0.026543,0.059534,0.11210,0.18440,0.27510,0.37059,0.41759,0.44400,0.47001
5.0,0.0012171,0.0043870,0.013603,0.036170,0.077584,0.13916,0.21857,0.30554,0.34971,0.37567,0.40051
10.0,0.00058074,0.0021749,0.0071717,0.020732,0.049673,0.099224,0.16573,0.24249,0.28542,0.31271,0.33903
15.0,0.00034953,0.0013372,0.0045397,0.013624,0.034431,0.072863,0.12789,0.19578,0.23650,0.26319,0.29016
20.0,0.00023735,0.00092540,0.0032066,0.0098564,0.025642,0.055943,0.10190,0.16193,0.19962,0.22514,0.25114
25.0,0.00017210,0.00068118,0.0024049,0.0075362,0.020030,0.044488,0.083510,0.13667,0.17126,0.19532,0.22034
30.0,0.00013263,0.00053064,0.0018967,0.0060193,0.016225,0.036472,0.070110,0.11756,0.14932,0.17180,0.19579
40.0,8.8183e-05,0.00035908,0.0013056,0.0042234,0.011544,0.026433,0.052478,0.091218,0.11796,0.13745,0.15900
50.0,6.4366e-05,0.00026551,0.00097658,0.0032031,0.0088290,0.020480,0.041703,0.074654,0.098151,0.11570,0.13509
60.0,5.2513e-05,0.00021870,0.00081072,0.0026817,0.0074238,0.017337,0.035794,0.065041,0.086125,0.10202,0.11969
70.0,4.6296e-05,0.00019390,0.00072206,0.0024008,0.0066670,0.015657,0.032507,0.059636,0.079424,0.094493,0.11135
80.0,4.2585e-05,0.00017924,0.00067022,0.0022382,0.0062340,0.014705,0.030600,0.056315,0.075157,0.089548,0.10569
90.0,3.9494e-05,0.00016694,0.00062658,0.0020986,0.0058691,0.013880,0.028974,0.053468,0.071475,0.085259,0.10075
100.0,3.6870e-05,0.00015648,0.00058929,0.0019789,0.0055549,0.013176,0.027559,0.050979,0.068244,0.081491,0.096394
110.0,3.4612e-05,0.00014743,0.00055691,0.0018737,0.0052746,0.012549,0.026263,0.048654,0.065187,0.077882,0.092187
120.0,3.2631e-05,0.00013942,0.00052820,0.0017802,0.0050168,0.011990,0.025106,0.046576,0.062453,0.074659,0.088422
130.0,3.0572e-05,0.00013108,0.00049830,0.0016832,0.0047599,0.011410,0.023918,0.044433,0.059639,0.071347,0.084555
140.0,2.8630e-05,0.00012319,0.00046992,0.0015904,0.0045131,0.010847,0.022772,0.042345,0.056906,0.068130,0.080805
150.0,2.6824e-05,0.00011582,0.00044320,0.0015023,0.0042780,0.010309,0.021671,0.040346,0.054285,0.065047,0.077219
175.0,2.2931e-05,9.9782e-05,0.00038460,0.0013091,0.0037522,0.0090875,0.019185,0.035847,0.048367,0.058066,0.069068
200.0,1.9940e-05,8.7322e-05,0.00033862,0.0011579,0.0033309,0.0080957,0.017163,0.032189,0.043559,0.052402,0.062460
250.0,1.5512e-05,6.8772e-05,0.00026968,0.00093042,0.0026972,0.0065916,0.014065,0.026622,0.036190,0.043659,0.052203
300.0,1.2522e-05,5.6104e-05,0.00022211,0.00076933,0.0022455,0.0055137,0.011838,0.022587,0.030822,0.037283,0.044685
350.0,1.0380e-05,4.6918e-05,0.00018705,0.00065091,0.0019092,0.0047094,0.010163,0.019510,0.026706,0.032377,0.038928
400.0,8.7802e-06,3.9949e-05,0.00016016,0.00055982,0.0016487,0.0040838,0.0088523,0.017075,0.023443,0.028482,0.034275
450.0,7.4328e-06,3.4032e-05,0.00013709,0.00048592,0.0014347,0.0035709,0.0077689,0.015067,0.020749,0.025236,0.030419
500.0,6.3745e-06,2.9368e-05,0.00011898,0.00042632,0.0012616,0.0031523,0.0068856,0.013415,0.018500,0.022538,0.027214
600.0,4.9120e-06,2.2790e-05,9.3083e-05,0.00033686,0.0010037,0.0025234,0.0055434,0.010857,0.015044,0.018381,0.022278
700.0,3.8250e-06,1.7924e-05,7.3568e-05,0.00026894,0.00080689,0.0020451,0.0045277,0.0089050,0.012375,0.015177,0.018427
800.0,3.0484e-06,1.4352e-05,5.9334e-05,0.00021803,0.00066189,0.0016868,0.0037509,0.0074118,0.010350,0.012705,0.015446
1000.0,1.9927e-06,9.4881e-06,3.9589e-05,0.00014678,0.00045179,0.0011728,0.0026342,0.0052564,0.0073549,0.0090724,0.011105
1200.0,1.3638e-06,6.5322e-06,2.7345e-05,0.00010224,0.00031826,0.00083758,0.0019032,0.0038116,0.0053787,0.0066859,0.0081430
1500.0,8.0885e-07,3.8764e-06,1.6315e-05,6.1411e-05,0.00019398,0.00051981,0.0011938,0.0024035,0.0034174,0.0042176,0.0051778
SA2P0
r\m,4.0,4.5,5.0,5.5,6.0,6.5,7.0,7.5,7.8,8.0,8.2
0.0,0.0022111,0.0062976,0.016094,0.037048,0.073204,0.12745,0.20154,0.28539,0.33062,0.35779,0.38597
1.0,0.0017326,0.0052612,0.014042,0.033238,0.066913,0.11818,0.18877,0.27016,0.31414,0.34030,0.36663
5.0,0.00062004,0.0022453,0.0071998,0.020227,0.046419,0.089405,0.15031,0.22315,0.26349,0.28835,0.31276
10.0,0.00029576,0.0011131,0.0037966,0.011600,0.029757,0.063867,0.11416,0.17727,0.21521,0.24019,0.26485
15.0,0.00017811,0.00068481,0.0024054,0.0076300,0.020647,0.046953,0.088184,0.14325,0.17844,0.20227,0.22679
20.0,0.00012101,0.00047428,0.0017004,0.0055250,0.015390,0.036078,0.070320,0.11857,0.15071,0.17313,0.19640
25.0,8.7783e-05,0.00034931,0.0012763,0.0042280,0.012032,0.028711,0.057667,0.10014,0.12938,0.15029,0.17241
30.0,6.7682e-05,0.00027228,0.0010073,0.0033795,0.0097528,0.023552,0.048444,0.086190,0.11287,0.13227,0.15328
40.0,4.5040e-05,0.00018447,0.00069442,0.0023747,0.0069492,0.017090,0.036302,0.066956,0.089273,0.10594,0.12461
50.0,3.2906e-05,0.00013657,0.00052015,0.0018037,0.0053220,0.013257,0.028883,0.054864,0.074367,0.089280,0.10600
60.0,2.6870e-05,0.00011261,0.00043236,0.0015120,0.0044804,0.011234,0.024814,0.047842,0.065312,0.078796,0.094002
70.0,2.3717e-05,9.9991e-05,0.00038572,0.0013560,0.0040304,0.010161,0.022567,0.043924,0.060306,0.073071,0.087560
80.0,2.1846e-05,9.2584e-05,0.00035871,0.0012666,0.0037761,0.0095610,0.021279,0.041539,0.057148,0.069342,0.083220
90.0,2.0287e-05,8.6368e-05,0.00033595,0.0011899,0.0035618,0.0090405,0.020181,0.039497,0.054423,0.066109,0.079429
100.0,1.8963e-05,8.1076e-05,0.00031650,0.0011241,0.0033773,0.0085970,0.019226,0.037713,0.052034,0.063271,0.076094
110.0,1.7823e-05,7.6497e-05,0.00029961,0.0010663,0.0032129,0.0082032,0.018354,0.036052,0.049783,0.060564,0.072884
120.0,1.6821e-05,7.2444e-05,0.00028462,0.0010149,0.0030616,0.0078520,0.017576,0.034569,0.047769,0.058147,0.070013
130.0,1.5776e-05,6.8198e-05,0.00026891,0.00096122,0.0029098,0.0074846,0.016771,0.033029,0.045686,0.055648,0.067047
140.0,1.4787e-05,6.4170e-05,0.00025395,0.00090965,0.0027633,0.0071273,0.015992,0.031523,0.043654,0.053214,0.064164
150.0,1.3867e-05,6.0396e-05,0.00023983,0.00086055,0.0026235,0.0067842,0.015242,0.030077,0.041701,0.050875,0.061398
175.0,1.1880e-05,5.2179e-05,0.00020880,0.00075265,0.0023098,0.0060033,0.013543,0.026817,0.037281,0.045567,0.055099
200.0,1.0353e-05,4.5788e-05,0.00018444,0.00066814,0.0020583,0.0053685,0.012160,0.024163,0.033688,0.041259,0.049992
250.0,8.0872e-06,3.6255e-05,0.00014783,0.00054069,0.0016792,0.0044038,0.010037,0.020121,0.028177,0.034604,0.042057
300.0,6.5552e-06,2.9731e-05,0.00012250,0.00045018,0.0014080,0.0037102,0.0085058,0.017184,0.024153,0.029740,0.036231
350.0,5.4557e-06,2.4989e-05,0.00010377,0.00038343,0.0012055,0.0031912,0.0073518,0.014939,0.021061,0.025990,0.031757
400.0,4.6332e-06,2.1383e-05,8.9365e-05,0.00033192,0.0010481,0.0027862,0.0064456,0.013157,0.018604,0.023004,0.028138
450.0,3.9388e-06,1.8310e-05,7.6956e-05,0.00028992,0.00091819,0.0024526,0.0056945,0.011683,0.016567,0.020510,0.025129
500.0,3.3924e-06,1.5881e-05,6.7164e-05,0.00025593,0.00081266,0.0021795,0.0050796,0.010467,0.014865,0.018432,0.022622
600.0,2.6493e-06,1.2495e-05,5.3356e-05,0.00020543,0.00065663,0.0017708,0.0041479,0.0085890,0.012255,0.015243,0.018779
700.0,2.0798e-06,9.9383e-06,4.2610e-05,0.00016585,0.00053420,0.0014536,0.0034299,0.0071305,0.010205,0.012737,0.015723
800.0,1.6752e-06,8.0355e-06,3.4764e-05,0.00013608,0.00044370,0.0012146,0.0028787,0.0060119,0.0086430,0.010800,0.013355
1000.0,1.1154e-06,5.4234e-06,2.3728e-05,9.3858e-05,0.00031068,0.00086646,0.0020752,0.0043750,0.0063073,0.0079193,0.0098557
1200.0,7.7895e-07,3.8214e-06,1.6783e-05,6.7041e-05,0.00022462,0.00063599,0.0015411,0.0032634,0.0047413,0.0059955,0.0074349
1500.0,4.7729e-07,2.3485e-06,1.0380e-05,4.1826e-05,0.00014246,0.00041177,0.0010098,0.0021517,0.0031480,0.0039587,0.0049460
SA3P0
r\m,4.0,4.5,5.0,5.5,6.0,6.5,7.0,7.5,7.8,8.0,8.2
0.0,0.00086019,0.0024343,0.0064049,0.015644,0.033532,0.064109,0.11165,0.17321,0.21090,0.23528,0.26125
1.0,0.00067450,0.0020362,0.0055964,0.014057,0.030694,0.059517,0.10469,0.16412,0.20054,0.22394,0.24830
5.0,0.00024102,0.00086849,0.0028713,0.0085695,0.021347,0.045149,0.083569,0.13584,0.16850,0.19007,0.21211
10.0,0.00011494,0.00043060,0.0015148,0.0049192,0.013706,0.032325,0.063589,0.10806,0.13778,0.15849,0.17975
15.0,6.9264e-05,0.00026515,0.00096079,0.0032395,0.0095228,0.023799,0.049190,0.087428,0.11436,0.13360,0.15405
20.0,4.7091e-05,0.00018380,0.00067996,0.0023485,0.0071065,0.018309,0.039270,0.072443,0.096686,0.11445,0.13353
25.0,3.4176e-05,0.00013547,0.00051086,0.0017992,0.0055623,0.014586,0.032239,0.061247,0.083084,0.099446,0.11732
30.0,2.6365e-05,0.00010567,0.00040359,0.0014396,0.0045135,0.011976,0.027109,0.052765,0.072549,0.087603,0.10439
40.0,1.7562e-05,7.1699e-05,0.00027874,0.0010137,0.0032226,0.0087066,0.020353,0.041067,0.057486,0.070290,0.085020
50.0,1.2845e-05,5.3159e-05,0.00020917,0.00077145,0.0024730,0.0067666,0.016224,0.033714,0.047977,0.059348,0.072456
60.0,1.0499e-05,4.3895e-05,0.00017416,0.00064787,0.0020858,0.0057438,0.013961,0.029446,0.042200,0.052459,0.064350
70.0,9.2787e-06,3.9041e-05,0.00015569,0.00058229,0.0018805,0.0052066,0.012724,0.027086,0.039040,0.048738,0.060050
80.0,8.5594e-06,3.6217e-05,0.00014511,0.00054526,0.0017663,0.0049112,0.012025,0.025671,0.037070,0.046343,0.057183
90.0,7.9592e-06,3.3845e-05,0.00013619,0.00051344,0.0016701,0.0046549,0.011430,0.024459,0.035373,0.044268,0.054681
100.0,7.4497e-06,3.1825e-05,0.00012857,0.00048614,0.0015873,0.0044368,0.010913,0.023402,0.033886,0.042447,0.052482
110.0,7.0108e-06,3.0078e-05,0.00012195,0.00046219,0.0015137,0.0042438,0.010442,0.022421,0.032490,0.040717,0.050373
120.0,6.6243e-06,2.8529e-05,0.00011607,0.00044089,0.0014457,0.0040716,0.010022,0.021545,0.031242,0.039173,0.048487
130.0,6.2185e-06,2.6895e-05,0.00010985,0.00041841,0.0013771,0.0038897,0.0095841,0.020629,0.029940,0.037565,0.046525
140.0,5.8344e-06,2.5341e-05,0.00010392,0.00039673,0.0013105,0.0037120,0.0091580,0.019728,0.028665,0.035991,0.044609
150.0,5.4762e-06,2.3881e-05,9.8295e-05,0.00037601,0.0012466,0.0035405,0.0087460,0.018860,0.027435,0.034474,0.042766
175.0,4.7021e-06,2.0695e-05,8.5915e-05,0.00033037,0.0011030,0.0031489,0.0078101,0.016896,0.024642,0.031020,0.038553
200.0,4.1062e-06,1.8215e-05,7.6181e-05,0.00029458,0.00098759,0.0028298,0.0070464,0.015294,0.022369,0.028214,0.035136
250.0,3.2204e-06,1.4506e-05,6.1509e-05,0.00024042,0.00081315,0.0023435,0.0058706,0.012852,0.018877,0.023874,0.029820
300.0,2.6201e-06,1.1960e-05,5.1316e-05,0.00020180,0.00068784,0.0019923,0.0050196,0.011071,0.016320,0.020692,0.025907
350.0,2.1884e-06,1.0104e-05,4.3751e-05,0.00017320,0.00059383,0.0017284,0.0043757,0.0097054,0.014349,0.018233,0.022892
400.0,1.8647e-06,8.6876e-06,3.7909e-05,0.00015104,0.00052041,0.0015216,0.0038680,0.0086172,0.012776,0.016267,0.020448
450.0,1.5907e-06,7.4756e-06,3.2851e-05,0.00013285,0.00045947,0.0013502,0.0034453,0.0077124,0.011467,0.014619,0.018408
500.0,1.3748e-06,6.5153e-06,2.8835e-05,0.00011806,0.00040967,0.0012093,0.0030974,0.0069628,0.010370,0.013241,0.016702
600.0,1.0858e-06,5.1915e-06,2.3258e-05,9.6331e-05,0.00033665,0.00099924,0.0025716,0.0058091,0.0086921,0.011136,0.014102
700.0,8.5750e-07,4.1705e-06,1.8760e-05,7.8684e-05,0.00027749,0.00083213,0.0021574,0.0048937,0.0073471,0.0094433,0.011986
800.0,6.9639e-07,3.3997e-06,1.5473e-05,6.5342e-05,0.00023356,0.00070541,0.0018379,0.0041891,0.0063169,0.0081324,0.010344
1000.0,4.6971e-07,2.3341e-06,1.0781e-05,4.6155e-05,0.00016793,0.00051750,0.0013645,0.0031414,0.0047564,0.0061536,0.0078781
1200.0,3.3274e-07,1.6761e-06,7.7883e-06,3.3772e-05,0.00012466,0.00039108,0.0010446,0.0024199,0.0036919,0.0048094,0.0061463
1500.0,2.0860e-07,1.0591e-06,4.9699e-06,2.1835e-05,8.2270e-05,0.00026473,0.00071799,0.0016785,0.0025797,0.0033497,0.0043139
SA4P0
r\m,4.0,4.5,5.0,5.5,6.0,6.5,7.0,7.5,7.8,8.0,8.2
0.0,0.00044370,0.0012483,0.0033350,0.0084328,0.019006,0.038602,0.071762,0.11873,0.14991,0.17109,0.19415
1.0,0.00034803,0.0010447,0.0029162,0.0075832,0.017410,0.035860,0.067326,0.11255,0.14261,0.16291,0.18459
5.0,0.00012428,0.00044553,0.0014969,0.0046277,0.012125,0.027244,0.053816,0.093271,0.11996,0.13841,0.15782
10.0,5.9270e-05,0.00022094,0.00079004,0.0026582,0.0077930,0.019532,0.040999,0.074266,0.098166,0.11550,0.13382
15.0,3.5728e-05,0.00013612,0.00050143,0.0017519,0.0054193,0.014395,0.031745,0.060139,0.081543,0.097435,0.11477
20.0,2.4300e-05,9.4406e-05,0.00035511,0.0012710,0.0040475,0.011083,0.025365,0.049871,0.068992,0.083533,0.099551
25.0,1.7641e-05,6.9614e-05,0.00026697,0.00097450,0.0031706,0.0088360,0.020839,0.042196,0.059330,0.072631,0.087529
30.0,1.3613e-05,5.4329e-05,0.00021104,0.00078028,0.0025747,0.0072604,0.017537,0.036379,0.051845,0.064027,0.077936
40.0,9.0736e-06,3.6897e-05,0.00014593,0.00055018,0.0018410,0.0052859,0.013185,0.028355,0.041138,0.051444,0.063560
50.0,6.6402e-06,2.7381e-05,0.00010964,0.00041928,0.0014148,0.0041139,0.010526,0.023311,0.034382,0.043497,0.054243
60.0,5.4306e-06,2.2629e-05,9.1386e-05,0.00035255,0.0011948,0.0034966,0.0090694,0.020386,0.030280,0.038496,0.048233
70.0,4.8028e-06,2.0147e-05,8.1798e-05,0.00031731,0.0010788,0.0031745,0.0082776,0.018780,0.028051,0.035815,0.045072
80.0,4.4339e-06,1.8709e-05,7.6340e-05,0.00029758,0.0010150,0.0029993,0.0078355,0.017825,0.026675,0.034103,0.042979
90.0,4.1259e-06,1.7501e-05,7.1740e-05,0.00028063,0.00096118,0.0028473,0.0074593,0.017009,0.025490,0.032621,0.041155
100.0,3.8645e-06,1.6473e-05,6.7808e-05,0.00026609,0.00091491,0.0027180,0.0071326,0.016297,0.024453,0.031323,0.039553
110.0,3.6391e-06,1.5583e-05,6.4392e-05,0.00025333,0.00087380,0.0026039,0.0068356,0.015638,0.023481,0.030090,0.038018
120.0,3.4405e-06,1.4794e-05,6.1358e-05,0.00024198,0.00083585,0.0025021,0.0065707,0.015049,0.022611,0.028991,0.036646
130.0,3.2314e-06,1.3958e-05,5.8134e-05,0.00022994,0.00079725,0.0023938,0.0062928,0.014430,0.021700,0.027839,0.035212
140.0,3.0333e-06,1.3161e-05,5.5048e-05,0.00021829,0.00075972,0.0022877,0.0060216,0.013819,0.020804,0.026709,0.033807
150.0,2.8484e-06,1.2412e-05,5.2121e-05,0.00020714,0.00072364,0.0021850,0.0057587,0.013228,0.019938,0.025617,0.032452
175.0,2.4484e-06,1.0775e-05,4.5663e-05,0.00018251,0.00064228,0.0019498,0.0051597,0.011890,0.017966,0.023124,0.029348
200.0,2.1402e-06,9.4995e-06,4.0581e-05,0.00016318,0.00057686,0.0017579,0.0046704,0.010797,0.016360,0.021098,0.026830
250.0,1.6816e-06,7.5883e-06,3.2904e-05,0.00013387,0.00047773,0.0014648,0.0039153,0.0091289,0.013891,0.017961,0.022908
300.0,1.3702e-06,6.2738e-06,2.7556e-05,0.00011290,0.00040629,0.0012524,0.0033672,0.0079098,0.012078,0.015656,0.020016
350.0,1.1460e-06,5.3132e-06,2.3576e-05,9.7332e-05,0.00035253,0.0010924,0.0029516,0.0069722,0.010678,0.013872,0.017783
400.0,9.7759e-07,4.5788e-06,2.0495e-05,8.5230e-05,0.00031041,0.00096666,0.0026228,0.0062231,0.0095583,0.012442,0.015970
450.0,8.3493e-07,3.9486e-06,1.7817e-05,7.5257e-05,0.00027530,0.00086196,0.0023480,0.0055981,0.0086229,0.011239,0.014452
500.0,7.2232e-07,3.4484e-06,1.5684e-05,6.7124e-05,0.00024650,0.00077561,0.0021212,0.0050789,0.0078371,0.010232,0.013179
600.0,5.7280e-07,2.7626e-06,1.2742e-05,5.5232e-05,0.00020445,0.00064710,0.0017787,0.0042806,0.0066369,0.0086959,0.011247
700.0,4.5288e-07,2.2277e-06,1.0324e-05,4.5380e-05,0.00016972,0.00054333,0.0015051,0.0036387,0.0056624,0.0074430,0.0096514
800.0,3.6856e-07,1.8210e-06,8.5545e-06,3.7907e-05,0.00014385,0.00046429,0.0012934,0.0031433,0.0049134,0.0064712,0.0084119
1000.0,2.4909e-07,1.2569e-06,6.0103e-06,2.7072e-05,0.00010482,0.00034578,0.00097633,0.0023991,0.0037696,0.0049907,0.0065312
1200.0,1.7682e-07,9.0764e-07,4.3763e-06,2.0018e-05,7.8812e-05,0.00026530,0.00076000,0.0018825,0.0029816,0.0039755,0.0051997
1500.0,1.1119e-07,5.7772e-07,2.8231e-06,1.3136e-05,5.2987e-05,0.00018368,0.00053600,0.0013436,0.0021460,0.0028571,0.0037680
SA5P0
r\m,4.0,4.5,5.0,5.5,6.0,6.5,7.0,7.5,7.8,8.0,8.2
0.0,0.00026510,0.00074334,0.0020088,0.0052084,0.012175,0.025855,0.050472,0.087716,0.11392,0.13235,0.15279
1.0,0.00020799,0.00062234,0.0017572,0.0046858,0.011158,0.024029,0.047370,0.083176,0.10840,0.12606,0.14530
5.0,7.4244e-05,0.00026540,0.00090230,0.0028616,0.0077780,0.018274,0.037900,0.068986,0.091252,0.10718,0.12431
10.0,3.5409e-05,0.00013164,0.00047640,0.0016446,0.0050028,0.013113,0.028899,0.054969,0.074723,0.089496,0.10547
15.0,2.1350e-05,8.1134e-05,0.00030252,0.0010845,0.0034814,0.0096713,0.022392,0.044543,0.062109,0.075543,0.090503
20.0,1.4525e-05,5.6291e-05,0.00021435,0.00078728,0.0026017,0.0074511,0.017903,0.036961,0.052581,0.064802,0.078543
25.0,1.0547e-05,4.1523e-05,0.00016122,0.00060394,0.0020393,0.0059441,0.014718,0.031292,0.045244,0.056377,0.069097
30.0,8.1403e-06,3.2416e-05,0.00012750,0.00048383,0.0016569,0.0048870,0.012393,0.026994,0.039559,0.049728,0.061558
40.0,5.4280e-06,2.2030e-05,8.8247e-05,0.00034151,0.0011861,0.0035620,0.0093289,0.021065,0.031426,0.040000,0.050259
50.0,3.9739e-06,1.6359e-05,6.6357e-05,0.00026052,0.00091251,0.0027753,0.0074556,0.017338,0.026294,0.033859,0.042940
60.0,3.2513e-06,1.3528e-05,5.5355e-05,0.00021926,0.00077142,0.0023614,0.0064310,0.015178,0.023181,0.029996,0.038221
70.0,2.8767e-06,1.2052e-05,4.9591e-05,0.00019755,0.00069734,0.0021463,0.0058763,0.013998,0.021499,0.027938,0.035754
80.0,2.6570e-06,1.1201e-05,4.6325e-05,0.00018547,0.00065682,0.0020303,0.0055692,0.013302,0.020467,0.026632,0.034132
90.0,2.4736e-06,1.0485e-05,4.3572e-05,0.00017509,0.00062273,0.0019297,0.0053081,0.012707,0.019580,0.025503,0.032718
100.0,2.3179e-06,9.8749e-06,4.1219e-05,0.00016618,0.00059341,0.0018443,0.0050814,0.012189,0.018804,0.024514,0.031478
110.0,2.1836e-06,9.3472e-06,3.9175e-05,0.00015837,0.00056738,0.0017689,0.0048755,0.011709,0.018076,0.023576,0.030290
120.0,2.0652e-06,8.8792e-06,3.7359e-05,0.00015142,0.00054332,0.0017016,0.0046920,0.011281,0.017427,0.022739,0.029228
130.0,1.9403e-06,8.3821e-06,3.5422e-05,0.00014402,0.00051877,0.0016298,0.0044986,0.010829,0.016742,0.021859,0.028114
140.0,1.8219e-06,7.9077e-06,3.3566e-05,0.00013684,0.00049483,0.0015592,0.0043093,0.010381,0.016068,0.020994,0.027020
150.0,1.7113e-06,7.4613e-06,3.1803e-05,0.00012996,0.00047178,0.0014907,0.0041254,0.0099483,0.015415,0.020156,0.025963
175.0,1.4719e-06,6.4847e-06,2.7908e-05,0.00011474,0.00041971,0.0013336,0.0037058,0.0089643,0.013925,0.018239,0.023538
200.0,1.2874e-06,5.7232e-06,2.4840e-05,0.00010279,0.00037779,0.0012052,0.0033625,0.0081601,0.012711,0.016681,0.021570
250.0,1.0124e-06,4.5806e-06,2.0198e-05,8.4629e-05,0.00031417,0.0010088,0.0028319,0.0069314,0.010842,0.014267,0.018501
300.0,8.2556e-07,3.7935e-06,1.6958e-05,7.1609e-05,0.00026821,0.00086610,0.0024460,0.0060319,0.0094687,0.012490,0.016236
350.0,6.9087e-07,3.2173e-06,1.4542e-05,6.1918e-05,0.00023354,0.00075837,0.0021527,0.0053386,0.0084054,0.011112,0.014484
400.0,5.8955e-07,2.7760e-06,1.2667e-05,5.4369e-05,0.00020631,0.00067349,0.0019202,0.0047837,0.0075537,0.010006,0.013060
450.0,5.0367e-07,2.3967e-06,1.1033e-05,4.8128e-05,0.00018354,0.00060260,0.0017253,0.0043193,0.0068401,0.0090734,0.011864
500.0,4.3582e-07,2.0952e-06,9.7283e-06,4.3027e-05,0.00016480,0.00054399,0.0015640,0.0039326,0.0062398,0.0082910,0.010860
600.0,3.4607e-07,1.6828e-06,7.9358e-06,3.5587e-05,0.00013750,0.00045681,0.0013205,0.0033385,0.0053233,0.0071000,0.0093394
700.0,2.7351e-07,1.3591e-06,6.4450e-06,2.9342e-05,0.00011467,0.00038566,0.0011241,0.0028560,0.0045721,0.0061182,0.0080704
800.0,2.2257e-07,1.1118e-06,5.3523e-06,2.4591e-05,9.7609e-05,0.00033128,0.00097159,0.0024829,0.0039933,0.0053556,0.0070837
1000.0,1.5017e-07,7.6813e-07,3.7738e-06,1.7665e-05,7.1691e-05,0.00024908,0.00074156,0.0019181,0.0031038,0.0041859,0.0055759
1200.0,1.0638e-07,5.5515e-07,2.7558e-06,1.3130e-05,5.4292e-05,0.00019288,0.00058350,0.0015238,0.0024868,0.0033789,0.0045024
1500.0,6.6638e-08,3.5333e-07,1.7834e-06,8.6732e-06,3.6866e-05,0.00013534,0.00041826,0.0011084,0.0018261,0.0024808,0.0033358
SA7P5
r\m,4.0,4.5,5.0,5.5,6.0,6.5,7.0,7.5,7.8,8.0,8.2
0.0,0.00010275,0.00028789,0.00079604,0.0021596,0.0053834,0.012361,0.026295,0.049873,0.068142,0.081775,0.097399
1.0,8.0637e-05,0.00024114,0.00069678,0.0019442,0.0049368,0.011494,0.024692,0.047314,0.064867,0.077917,0.092655
5.0,2.8774e-05,0.00010285,0.00035800,0.0011886,0.0034463,0.0087550,0.019785,0.039296,0.054676,0.066330,0.079359
10.0,1.3725e-05,5.1032e-05,0.00018914,0.00068375,0.0022195,0.0062922,0.015108,0.031351,0.044825,0.055449,0.067397
15.0,8.2790e-06,3.1473e-05,0.00012021,0.00045136,0.0015463,0.0046466,0.011722,0.025436,0.037301,0.046856,0.057898
20.0,5.6346e-06,2.1850e-05,8.5248e-05,0.00032798,0.0011568,0.0035840,0.0093829,0.021131,0.031614,0.040238,0.050300
25.0,4.0928e-06,1.6127e-05,6.4170e-05,0.00025185,0.00090773,0.0028623,0.0077226,0.017910,0.027234,0.035045,0.044298
30.0,3.1601e-06,1.2597e-05,5.0790e-05,0.00020195,0.00073831,0.0023558,0.0065099,0.015468,0.023837,0.030945,0.039506
40.0,2.1086e-06,8.5708e-06,3.5206e-05,0.00014280,0.00052957,0.0017207,0.0049107,0.012096,0.018977,0.024943,0.032322
50.0,1.5447e-06,6.3715e-06,2.6512e-05,0.00010913,0.00040821,0.0013434,0.0039329,0.0099770,0.015911,0.021158,0.027672
60.0,1.2646e-06,5.2741e-06,2.2147e-05,9.2002e-05,0.00034573,0.0011452,0.0033992,0.0087515,0.014055,0.018781,0.024678
70.0,1.1197e-06,4.7041e-06,1.9870e-05,8.3038e-05,0.00031315,0.0010431,0.0031125,0.0080878,0.013062,0.017528,0.023132
80.0,1.0349e-06,4.3766e-06,1.8590e-05,7.8101e-05,0.00029555,0.00098880,0.0029562,0.0077018,0.012461,0.016743,0.022126
90.0,9.6409e-07,4.1012e-06,1.7511e-05,7.3858e-05,0.00028076,0.00094175,0.0028234,0.0073727,0.011945,0.016065,0.021252
100.0,9.0395e-07,3.8667e-06,1.6588e-05,7.0220e-05,0.00026805,0.00090185,0.0027084,0.0070863,0.011494,0.015472,0.020486
110.0,8.5207e-07,3.6636e-06,1.5787e-05,6.7032e-05,0.00025677,0.00086672,0.0026040,0.0068214,0.011072,0.014910,0.019752
120.0,8.0629e-07,3.4834e-06,1.5074e-05,6.4193e-05,0.00024633,0.00083541,0.0025110,0.0065853,0.010695,0.014409,0.019097
130.0,7.5786e-07,3.2912e-06,1.4310e-05,6.1146e-05,0.00023561,0.00080165,0.0024122,0.0063334,0.010295,0.013878,0.018403
140.0,7.1189e-07,3.1074e-06,1.3576e-05,5.8185e-05,0.00022512,0.00076831,0.0023150,0.0060832,0.0098988,0.013353,0.017720
150.0,6.6893e-07,2.9342e-06,1.2877e-05,5.5336e-05,0.00021498,0.00073588,0.0022203,0.0058402,0.0095137,0.012844,0.017058
175.0,5.7583e-07,2.5546e-06,1.1330e-05,4.9021e-05,0.00019200,0.00066113,0.0020034,0.0052862,0.0086327,0.011674,0.015533
200.0,5.0397e-07,2.2583e-06,1.0109e-05,4.4054e-05,0.00017347,0.00059993,0.0018255,0.0048326,0.0079140,0.010723,0.014295
250.0,3.9672e-07,1.8124e-06,8.2564e-06,3.6483e-05,0.00014526,0.00050599,0.0015498,0.0041385,0.0068059,0.0092461,0.012362
300.0,3.2365e-07,1.5043e-06,6.9583e-06,3.1031e-05,0.00012478,0.00043747,0.0013485,0.0036287,0.0059892,0.0081567,0.010932
350.0,2.7087e-07,1.2781e-06,5.9863e-06,2.6956e-05,0.00010927,0.00038551,0.0011949,0.0032345,0.0053549,0.0073096,0.0098232
400.0,2.3108e-07,1.1043e-06,5.2291e-06,2.3768e-05,9.7027e-05,0.00034439,0.0010727,0.0029176,0.0048451,0.0066273,0.0089194
450.0,1.9732e-07,9.5436e-07,4.5663e-06,2.1117e-05,8.6727e-05,0.00030984,0.00096966,0.0026511,0.0044159,0.0060494,0.0081573
500.0,1.7061e-07,8.3493e-07,4.0346e-06,1.8942e-05,7.8213e-05,0.00028114,0.00088397,0.0024283,0.0040536,0.0055631,0.0075157
600.0,1.3540e-07,6.7191e-07,3.3067e-06,1.5775e-05,6.5823e-05,0.00023845,0.00075457,0.0020859,0.0035009,0.0048246,0.0065476
700.0,1.0666e-07,5.4272e-07,2.6910e-06,1.3063e-05,5.5246e-05,0.00020298,0.00064842,0.0018032,0.0030404,0.0042048,0.0057249
800.0,8.6528e-08,4.4344e-07,2.2384e-06,1.0989e-05,4.7298e-05,0.00017568,0.00056551,0.0015836,0.0026840,0.0037221,0.0050842
1000.0,5.7848e-08,3.0519e-07,1.5799e-06,7.9388e-06,3.5082e-05,0.00013386,0.00043878,0.0012469,0.0021300,0.0029731,0.0040935
1200.0,4.0544e-08,2.1943e-07,1.1529e-06,5.9236e-06,2.6781e-05,0.00010492,0.00035063,0.0010094,0.0017416,0.0024514,0.0033820
1500.0,2.4927e-08,1.3812e-07,7.4294e-07,3.9242e-06,1.8362e-05,7.4840e-05,0.00025706,0.00075517,0.0013191,0.0018614,0.0025961
SA10P0
r\m,4.0,4.5,5.0,5.5,6.0,6.5,7.0,7.5,7.8,8.0,8.2
0.0,5.2420e-05,0.00014750,0.00041573,0.0011658,0.0030394,0.0073627,0.016608,0.033439,0.047306,0.058054,0.070653
1.0,4.1145e-05,0.00012358,0.00036400,0.0010499,0.0027882,0.0068490,0.015601,0.031732,0.045045,0.055328,0.067227
5.0,1.4680e-05,5.2714e-05,0.00018710,0.00064230,0.0019481,0.0052216,0.012512,0.026377,0.037999,0.047137,0.057622
10.0,7.0033e-06,2.6165e-05,9.8899e-05,0.00036971,0.0012556,0.0037564,0.0095635,0.021063,0.031178,0.039437,0.048973
15.0,4.2255e-06,1.6143e-05,6.2892e-05,0.00024422,0.00087546,0.0027763,0.0074263,0.017103,0.025965,0.033352,0.042103
20.0,2.8766e-06,1.1212e-05,4.4625e-05,0.00017758,0.00065546,0.0021432,0.0059493,0.014220,0.022024,0.028663,0.036606
25.0,2.0899e-06,8.2785e-06,3.3609e-05,0.00013645,0.00051469,0.0017129,0.0049004,0.012062,0.018987,0.024983,0.032262
30.0,1.6140e-06,6.4691e-06,2.6615e-05,0.00010948,0.00041892,0.0014108,0.0041341,0.010425,0.016632,0.022077,0.028793
40.0,1.0774e-06,4.4046e-06,1.8467e-05,7.7512e-05,0.00030089,0.0010319,0.0031232,0.0081648,0.013260,0.017822,0.023592
50.0,7.8963e-07,3.2766e-06,1.3921e-05,5.9305e-05,0.00023225,0.00080682,0.0025050,0.0067446,0.011135,0.015139,0.020227
60.0,6.4667e-07,2.7141e-06,1.1639e-05,5.0053e-05,0.00019695,0.00068874,0.0021681,0.0059245,0.0098496,0.013457,0.018063
70.0,5.7278e-07,2.4224e-06,1.0453e-05,4.5228e-05,0.00017862,0.00062818,0.0019881,0.0054830,0.0091667,0.012577,0.016955
80.0,5.2963e-07,2.2553e-06,9.7887e-06,4.2589e-05,0.00016881,0.00059634,0.0018910,0.0052289,0.0087574,0.012030,0.016241
90.0,4.9357e-07,2.1148e-06,9.2287e-06,4.0321e-05,0.00016056,0.00056874,0.0018086,0.0050124,0.0084064,0.011559,0.015620
100.0,4.6294e-07,1.9951e-06,8.7500e-06,3.8376e-05,0.00015348,0.00054538,0.0017373,0.0048243,0.0081002,0.011148,0.015077
110.0,4.3650e-07,1.8914e-06,8.3343e-06,3.6673e-05,0.00014721,0.00052482,0.0016726,0.0046505,0.0078133,0.010757,0.014557
120.0,4.1316e-07,1.7994e-06,7.9646e-06,3.5156e-05,0.00014139,0.00050652,0.0016150,0.0044955,0.0075575,0.010410,0.014093
130.0,3.8843e-07,1.7010e-06,7.5666e-06,3.3520e-05,0.00013539,0.00048665,0.0015535,0.0043293,0.0072842,0.010039,0.013599
140.0,3.6495e-07,1.6068e-06,7.1836e-06,3.1926e-05,0.00012950,0.00046697,0.0014928,0.0041635,0.0070130,0.0096719,0.013110
150.0,3.4298e-07,1.5179e-06,6.8185e-06,3.0390e-05,0.00012380,0.00044778,0.0014335,0.0040022,0.0067486,0.0093145,0.012636
175.0,2.9536e-07,1.3229e-06,6.0090e-06,2.6980e-05,0.00011085,0.00040343,0.0012973,0.0036335,0.0061422,0.0084921,0.011541
200.0,2.5857e-07,1.1705e-06,5.3696e-06,2.4295e-05,0.00010039,0.00036707,0.0011855,0.0033313,0.0056472,0.0078227,0.010652
250.0,2.0358e-07,9.4076e-07,4.3971e-06,2.0192e-05,8.4431e-05,0.00031112,0.0010117,0.0028684,0.0048832,0.0067826,0.0092630
300.0,1.6605e-07,7.8165e-07,3.7137e-06,1.7229e-05,7.2814e-05,0.00027019,0.00088453,0.0025277,0.0043191,0.0060142,0.0082339
350.0,1.3891e-07,6.6455e-07,3.2005e-06,1.5007e-05,6.3984e-05,0.00023906,0.00078727,0.0022636,0.0038801,0.0054156,0.0074348
400.0,1.1841e-07,5.7439e-07,2.7996e-06,1.3263e-05,5.6991e-05,0.00021435,0.00070960,0.0020507,0.0035264,0.0049325,0.0067821
450.0,1.0101e-07,4.9648e-07,2.4476e-06,1.1808e-05,5.1082e-05,0.00019349,0.00064389,0.0018710,0.0032277,0.0045219,0.0062302
500.0,8.7235e-08,4.3429e-07,2.1644e-06,1.0609e-05,4.6181e-05,0.00017611,0.00058906,0.0017203,0.0029749,0.0041757,0.0057646
600.0,6.9073e-08,3.4937e-07,1.7768e-06,8.8647e-06,3.9046e-05,0.00015022,0.00050616,0.0014887,0.0025892,0.0036506,0.0050640
700.0,5.4205e-08,2.8177e-07,1.4460e-06,7.3534e-06,3.2879e-05,0.00012847,0.00043741,0.0012953,0.0022645,0.0032048,0.0044615
800.0,4.3794e-08,2.2966e-07,1.2022e-06,6.1934e-06,2.8225e-05,0.00011164,0.00038346,0.0011446,0.0020123,0.0028570,0.0039918
1000.0,2.8978e-08,1.5705e-07,8.4625e-07,4.4773e-06,2.1015e-05,8.5627e-05,0.00030024,0.00091139,0.0016173,0.0023129,0.0032598
1200.0,2.0068e-08,1.1203e-07,6.1478e-07,3.3375e-06,1.6079e-05,6.7479e-05,0.00024187,0.00074579,0.0013385,0.0019319,0.0027316
1500.0,1.2084e-08,6.9473e-08,3.9244e-07,2.2021e-06,1.1037e-05,4.8440e-05,0.00017930,0.00056672,0.0010322,0.0014966,0.0021426
