PGA
r\m,4.0,4.5,5.0,5.5,6.0,6.5,7.0,7.5,7.8,8.0,8.2
0.0,0.54474,0.7189,0.91612,1.088,1.2088,1.2706,1.3358,1.367,1.3636,1.3524,1.3378
1.0,0.51666,0.69795,0.9068,1.0981,1.2364,1.3095,1.3763,1.4024,1.396,1.3824,1.3649
5.0,0.23885,0.39309,0.58979,0.80611,0.996,1.1237,1.2181,1.262,1.2669,1.2607,1.2496
10.0,0.11044,0.18854,0.31221,0.47559,0.64785,0.79971,0.92793,1.002,1.0295,1.0418,1.0502
15.0,0.055549,0.1004,0.17572,0.28495,0.41926,0.55791,0.68575,0.78213,0.82636,0.85087,0.87274
20.0,0.032668,0.061859,0.11228,0.19026,0.29325,0.4094,0.52479,0.62434,0.6754,0.70549,0.73371
25.0,0.021272,0.041454,0.076986,0.1341,0.2136,0.30918,0.41104,0.50777,0.56069,0.59341,0.62512
30.0,0.015062,0.029956,0.056556,0.10045,0.1637,0.24301,0.33165,0.42138,0.47373,0.5074,0.54106
40.0,0.008819,0.018009,0.034842,0.063697,0.10698,0.16462,0.23294,0.30783,0.35371,0.3843,0.4157
50.0,0.0058087,0.012085,0.023816,0.044481,0.076338,0.1205,0.17484,0.23737,0.27725,0.3047,0.3333
60.0,0.0042243,0.0089291,0.017841,0.033877,0.059101,0.094777,0.1396,0.19242,0.22655,0.2504,0.27552
70.0,0.0032706,0.0070072,0.014154,0.027231,0.048117,0.078127,0.11662,0.16316,0.19393,0.21595,0.23943
80.0,0.0027566,0.0059652,0.012158,0.023653,0.0422,0.069082,0.10382,0.14622,0.17432,0.19449,0.21606
90.0,0.002356,0.0051472,0.010571,0.020777,0.037411,0.061667,0.093317,0.1322,0.15797,0.17652,0.19637
100.0,0.002037,0.0044909,0.0092918,0.018433,0.033467,0.055533,0.084541,0.12044,0.14419,0.16132,0.17971
110.0,0.0017787,0.0039555,0.0082408,0.016491,0.030179,0.050354,0.07709,0.11038,0.13235,0.14822,0.16529
120.0,0.0015657,0.003511,0.007363,0.014858,0.027384,0.045946,0.070735,0.10173,0.12215,0.13693,0.15286
130.0,0.0013689,0.0030951,0.0065385,0.013314,0.024732,0.041772,0.064673,0.093453,0.11246,0.12624,0.14109
140.0,0.0011969,0.0027276,0.0058061,0.011925,0.022315,0.037917,0.059012,0.085666,0.10336,0.11621,0.13007
150.0,0.0010456,0.0024012,0.0051489,0.010659,0.020081,0.034327,0.053717,0.078372,0.094839,0.10687,0.11988
175.0,7.6527E-4,0.0017893,0.0039032,0.0082414,0.01578,0.027361,0.043334,0.06388,0.077781,0.087989,0.099101
200.0,5.772E-4,0.0013734,0.0030466,0.0065516,0.012726,0.022344,0.035739,0.053168,0.065114,0.073951,0.083629
250.0,3.5631E-4,8.7822E-4,0.0020031,0.0044197,0.0087618,0.015637,0.025524,0.038732,0.047937,0.05482,0.062412
300.0,2.3672E-4,6.0215E-4,0.0014079,0.0031692,0.0063756,0.011572,0.019256,0.029703,0.037067,0.042604,0.048731
350.0,1.6607E-4,4.3322E-4,0.001035,0.0023699,0.0048521,0.0089372,0.015083,0.023589,0.029665,0.034272,0.039412
400.0,1.2088E-4,3.2253E-4,7.8622E-4,0.0018289,0.0038,0.0071034,0.012131,0.019228,0.024352,0.028275,0.032676
450.0,9.3579E-5,2.5529E-4,6.3526E-4,0.0014791,0.0030842,0.0057875,0.0099466,0.015923,0.020298,0.02369,0.027531
500.0,7.3498E-5,2.0481E-4,5.1945E-4,0.0012152,0.0025443,0.004799,0.0083005,0.0134,0.017195,0.020153,0.02353
600.0,4.7662E-5,1.3794E-4,3.6124E-4,8.5577E-4,0.0018125,0.0034535,0.0060366,0.0098809,0.01283,0.015162,0.01787
700.0,3.1979E-5,9.5852E-5,2.5831E-4,6.2097E-4,0.0013314,0.0025621,0.0045258,0.0074999,0.0098354,0.011699,0.013862
800.0,2.2184E-5,6.8529E-5,1.8957E-4,4.626E-4,0.0010055,0.0019564,0.0034923,0.0058521,0.0077356,0.0092445,0.011007
1000.0,1.1394E-5,3.7055E-5,1.073E-4,2.6977E-4,6.0104E-4,0.0011951,0.0021791,0.0037045,0.0049519,0.0059554,0.0071395
1200.0,6.1538E-6,2.0786E-5,6.1894E-5,1.6344E-4,3.733E-4,7.5863E-4,0.0014039,0.0024177,0.0032534,0.0039331,0.0047358
1500.0,2.4122E-6,8.6732E-6,2.7591E-5,7.5731E-5,1.8059E-4,3.8144E-4,7.2725E-4,0.0012826,0.001749,0.0021302,0.0025928
PGV
r\m,4.0,4.5,5.0,5.5,6.0,6.5,7.0,7.5,7.8,8.0,8.2
0.0,4.8722,9.6987,18.257,29.639,46.301,72.951,117.1,176.69,220.91,254.69,291.13
1.0,3.7984,8.1073,16.038,27.084,43.7,70.71,115.71,176.52,220.77,252.98,285.82
5.0,1.1935,3.1395,7.7863,16.821,32.625,59.268,103.72,164.78,208.27,239.44,270.92
10.0,0.54279,1.4033,3.6485,8.7235,19.585,41.052,79.708,135.13,177.58,209.87,245.26
15.0,0.2706,0.72474,1.9609,4.9454,11.987,27.515,57.518,106.29,145.5,176.34,211.78
20.0,0.15627,0.43753,1.227,3.1998,8.1339,19.716,43.568,85.615,121.3,150.18,183.57
25.0,0.10056,0.29097,0.83339,2.2233,5.8075,14.615,33.928,70.519,102.65,129.52,161.71
30.0,0.071342,0.21079,0.6139,1.6588,4.4009,11.356,27.452,59.172,88.397,113.23,143.49
40.0,0.042185,0.12886,0.38439,1.0616,2.8811,7.6321,19.305,44.201,67.751,88.302,113.84
50.0,0.028307,0.08857,0.26877,0.75353,2.0798,5.6096,14.71,35.455,55.546,73.56,96.393
60.0,0.022097,0.070308,0.21616,0.61258,1.7105,4.6745,12.46,30.583,48.523,64.868,85.803
70.0,0.018841,0.060523,0.18703,0.53191,1.4911,4.1038,11.02,27.454,43.897,58.947,78.326
80.0,0.016862,0.05449,0.16916,0.48208,1.3574,3.7504,10.167,25.501,40.871,54.995,73.225
90.0,0.015451,0.050184,0.15626,0.44656,1.2596,3.5016,9.5147,24.015,38.506,51.783,68.906
100.0,0.014249,0.046514,0.14531,0.41622,1.1794,3.2881,8.9621,22.723,36.412,48.992,65.222
110.0,0.01323,0.043383,0.13598,0.3912,1.1106,3.1191,8.523,21.632,34.681,46.677,62.155
120.0,0.012302,0.040621,0.12797,0.36906,1.0541,2.9681,8.1004,20.658,33.136,44.61,59.425
130.0,0.011226,0.037352,0.11846,0.34434,0.9884,2.7903,7.661,19.684,31.66,42.724,57.045
140.0,0.010235,0.034401,0.11004,0.32159,0.92406,2.6242,7.2494,18.759,30.276,40.937,54.763
150.0,0.0093482,0.031654,0.10187,0.2999,0.8656,2.484,6.9021,17.97,29.099,39.451,52.93
175.0,0.0075363,0.026019,0.085182,0.25403,0.74468,2.1691,6.1027,16.131,26.285,35.746,48.106
200.0,0.0061914,0.021744,0.072137,0.21736,0.64492,1.9049,5.4181,14.513,23.765,32.443,43.827
250.0,0.0042324,0.015319,0.052349,0.16113,0.49186,1.4915,4.3303,11.895,20.005,27.683,37.862
300.0,0.0030503,0.011308,0.039569,0.12435,0.38999,1.2061,3.6003,10.095,17.071,23.812,32.869
350.0,0.0022657,0.0085988,0.030832,0.099943,0.31842,1.0018,3.0441,8.6847,14.866,20.952,29.221
400.0,0.0017057,0.0066979,0.024806,0.081856,0.26539,0.84509,2.6165,7.5625,13.115,18.605,26.116
450.0,0.0012657,0.0050987,0.019438,0.066283,0.22055,0.72005,2.262,6.5893,11.548,16.552,23.476
500.0,9.6446E-4,0.0039752,0.015536,0.054507,0.18669,0.62003,1.9731,5.7936,10.289,14.829,21.15
600.0,5.9281E-4,0.002554,0.010429,0.038531,0.13814,0.47536,1.5465,4.6186,8.2783,12.003,17.223
700.0,3.8615E-4,0.0017281,0.0073249,0.028264,0.10448,0.36768,1.2226,3.7147,6.7757,9.9389,14.428
800.0,2.6108E-4,0.0012091,0.005304,0.021277,0.081466,0.29496,0.99534,3.0572,5.6343,8.3224,12.166
1000.0,1.3267E-4,6.4699E-4,0.0030002,0.012793,0.051912,0.19688,0.69205,2.2013,4.1724,6.2765,9.3352
1200.0,7.1936E-5,3.6704E-4,0.0017846,0.0079787,0.03352,0.13097,0.47489,1.558,3.0084,4.5798,6.9015
1500.0,2.9901E-5,1.627E-4,8.4447E-4,0.0040432,0.017989,0.073842,0.2807,0.96406,1.9163,2.973,4.5659
SA0P01
r\m,4.0,4.5,5.0,5.5,6.0,6.5,7.0,7.5,7.8,8.0,8.2
0.0,0.58404,0.75931,0.95717,1.1269,1.2461,1.3081,1.3761,1.4096,1.4082,1.398,1.3843
1.0,0.55547,0.73981,0.95021,1.14,1.2771,1.3507,1.4205,1.4486,1.444,1.4314,1.4146
5.0,0.2553,0.41652,0.61958,0.84054,1.034,1.1652,1.2636,1.3095,1.3163,1.311,1.3005
10.0,0.11704,0.19793,0.32584,0.49398,0.67122,0.82875,0.96377,1.0424,1.0726,1.0864,1.0962
15.0,0.058428,0.10472,0.1824,0.29464,0.43292,0.57689,0.71139,0.81375,0.86161,0.88833,0.91234
20.0,0.034213,0.064281,0.1161,0.19602,0.3019,0.42233,0.54348,0.64894,0.70387,0.73641,0.76713
25.0,0.022205,0.042939,0.079374,0.13778,0.2193,0.31813,0.42471,0.52695,0.58364,0.6188,0.65305
30.0,0.015686,0.030964,0.058201,0.10302,0.16777,0.24958,0.34197,0.43656,0.49239,0.52847,0.56472
40.0,0.0091605,0.018572,0.035774,0.06518,0.10939,0.16867,0.23955,0.31798,0.36662,0.39918,0.43272
50.0,0.0060238,0.012445,0.024418,0.045452,0.077948,0.12324,0.17941,0.24454,0.28661,0.31571,0.34614
60.0,0.0043751,0.0091845,0.018273,0.034584,0.060283,0.096805,0.14299,0.19778,0.2336,0.25877,0.28537
70.0,0.0033803,0.0071949,0.014473,0.027756,0.049005,0.079662,0.11921,0.16733,0.19951,0.22264,0.24743
80.0,0.0028503,0.0061261,0.012432,0.024106,0.04297,0.07042,0.10608,0.14987,0.1792,0.20035,0.22306
90.0,0.0024366,0.0052861,0.010809,0.021172,0.038085,0.062844,0.095305,0.13542,0.16227,0.18168,0.20255
100.0,0.0021068,0.0046116,0.0094989,0.018779,0.03406,0.056574,0.0863,0.12328,0.14799,0.1659,0.18518
110.0,0.0018394,0.0040609,0.0084222,0.016796,0.030703,0.051277,0.078652,0.1129,0.13573,0.15229,0.17017
120.0,0.0016188,0.0036034,0.0075227,0.015127,0.027849,0.046769,0.072125,0.10397,0.12516,0.14056,0.15721
130.0,0.0014147,0.0031752,0.0066776,0.01355,0.025142,0.042497,0.0659,0.09544,0.11513,0.12945,0.14494
140.0,0.001236,0.0027965,0.0059261,0.01213,0.022671,0.038551,0.060086,0.087407,0.1057,0.11903,0.13346
150.0,0.0010786,0.0024594,0.0052507,0.010834,0.020387,0.034872,0.054643,0.079873,0.09686,0.1093,0.1228
175.0,7.8736E-4,0.0018289,0.003973,0.0083627,0.015994,0.027743,0.043986,0.064948,0.079226,0.089742,0.10122
200.0,5.9256E-4,0.0014012,0.0030958,0.0066381,0.01288,0.02262,0.036217,0.053956,0.066182,0.075247,0.085193
250.0,3.6409E-4,8.9261E-4,0.0020289,0.0044656,0.0088448,0.015791,0.025794,0.039177,0.048537,0.055543,0.063281
300.0,2.41E-4,6.1017E-4,0.0014224,0.0031953,0.0064245,0.011663,0.019415,0.029963,0.03742,0.043031,0.049245
350.0,1.6854E-4,4.3793E-4,0.0010436,0.0023855,0.0048816,0.0089927,0.01518,0.023747,0.02988,0.034533,0.039726
400.0,1.2236E-4,3.254E-4,7.9149E-4,0.0018386,0.0038185,0.007138,0.012191,0.019327,0.024487,0.028438,0.032871
450.0,9.4536E-5,2.5717E-4,6.3875E-4,0.0014854,0.0030963,0.0058102,0.0099861,0.015987,0.020383,0.023793,0.027654
500.0,7.4132E-5,2.0607E-4,5.218E-4,0.0012194,0.0025523,0.0048141,0.0083265,0.013441,0.01725,0.020219,0.023608
600.0,4.7948E-5,1.3851E-4,3.6231E-4,8.5768E-4,0.001816,0.0034601,0.0060475,0.0098978,0.012852,0.015188,0.0179
700.0,3.2116E-5,9.6127E-5,2.5881E-4,6.2186E-4,0.0013331,0.002565,0.0045306,0.0075068,0.0098444,0.011709,0.013874
800.0,2.2252E-5,6.8663E-5,1.8981E-4,4.6302E-4,0.0010062,0.0019577,0.0034942,0.0058545,0.0077386,0.0092478,0.011011
1000.0,1.1414E-5,3.7092E-5,1.0736E-4,2.6986E-4,6.0117E-4,0.0011952,0.0021792,0.0037045,0.0049517,0.0059551,0.0071389
1200.0,6.1587E-6,2.0794E-5,6.1902E-5,1.6344E-4,3.7328E-4,7.5856E-4,0.0014037,0.0024173,0.0032528,0.0039324,0.0047348
1500.0,2.4128E-6,8.6734E-6,2.7588E-5,7.5719E-5,1.8055E-4,3.8137E-4,7.271E-4,0.0012823,0.0017486,0.0021297,0.0025922
SA0P02
r\m,4.0,4.5,5.0,5.5,6.0,6.5,7.0,7.5,7.8,8.0,8.2
0.0,1.0882,1.3122,1.5392,1.6961,1.8002,1.8648,1.9654,2.0229,2.0419,2.0419,2.0352
1.0,1.0371,1.3,1.5559,1.7444,1.8726,1.9537,2.0567,2.1048,2.1175,2.1125,2.1
5.0,0.45624,0.72147,1.0233,1.3225,1.5743,1.7549,1.8997,1.9659,1.9918,1.9939,1.987
10.0,0.19977,0.32304,0.513,0.75273,1.0039,1.2397,1.4611,1.5929,1.6535,1.6839,1.708
15.0,0.095762,0.16375,0.27604,0.43337,0.62977,0.84759,1.0688,1.2453,1.336,1.3883,1.4366
20.0,0.054714,0.097957,0.1706,0.28,0.42825,0.60844,0.80575,0.98602,1.0879,1.1496,1.2095
25.0,0.034809,0.063927,0.11399,0.19222,0.30383,0.44859,0.61854,0.79169,0.89474,0.95961,1.0242
30.0,0.024231,0.045393,0.082322,0.14155,0.22874,0.34634,0.48979,0.64757,0.747,0.81271,0.8804
40.0,0.013922,0.026761,0.049678,0.087777,0.14629,0.22929,0.3357,0.46126,0.54505,0.6023,0.66244
50.0,0.0090603,0.017738,0.033514,0.060442,0.10287,0.16493,0.24681,0.34718,0.41783,0.46796,0.52147
60.0,0.0065354,0.012995,0.024882,0.045626,0.078835,0.12806,0.19381,0.27582,0.33424,0.37652,0.4222
70.0,0.0049848,0.01005,0.019449,0.036132,0.063198,0.10379,0.15883,0.22926,0.28054,0.31862,0.36048
80.0,0.0042321,0.0085925,0.016733,0.031395,0.055398,0.091643,0.14108,0.20466,0.2509,0.2853,0.3232
90.0,0.0036353,0.0074319,0.014565,0.027569,0.049045,0.08167,0.12632,0.1841,0.22602,0.25733,0.29177
100.0,0.0031535,0.0064898,0.012798,0.024427,0.04379,0.073355,0.11397,0.16675,0.20499,0.23354,0.26506
110.0,0.0027569,0.0057118,0.011333,0.021801,0.039357,0.066286,0.10342,0.15178,0.18673,0.21289,0.24185
120.0,0.0024264,0.0050615,0.010104,0.019583,0.035592,0.060245,0.094325,0.13887,0.17103,0.19505,0.22171
130.0,0.0021161,0.0044474,0.0089397,0.017474,0.031991,0.05445,0.08564,0.12656,0.15606,0.17811,0.20253
140.0,0.0018411,0.0038989,0.0078917,0.015562,0.028683,0.049073,0.077513,0.11489,0.14191,0.16209,0.18445
150.0,0.0015922,0.0034002,0.0069341,0.013793,0.025597,0.044011,0.069808,0.10381,0.12844,0.14685,0.16723
175.0,0.0011393,0.0024823,0.0051515,0.010458,0.019716,0.034283,0.054918,0.082362,0.10231,0.11736,0.13409
200.0,8.4186E-4,0.0018691,0.0039431,0.0081615,0.015605,0.027431,0.044377,0.067045,0.083583,0.096075,0.11
250.0,4.9566E-4,0.0011441,0.0024909,0.0053045,0.010369,0.018567,0.030562,0.046831,0.058687,0.067647,0.077646
300.0,3.1609E-4,7.5545E-4,0.0016904,0.0036873,0.0073476,0.013365,0.022315,0.034597,0.043602,0.050424,0.058042
350.0,2.1334E-4,5.2597E-4,0.0012073,0.0026886,0.0054525,0.010051,0.016989,0.026643,0.033749,0.039175,0.045266
400.0,1.5012E-4,3.8069E-4,8.9482E-4,0.0020308,0.004182,0.0078092,0.013341,0.02117,0.026963,0.031399,0.03638
450.0,1.1308E-4,2.9457E-4,7.0868E-4,0.0016136,0.0033363,0.006254,0.010742,0.017189,0.021971,0.025692,0.029889
500.0,8.6794E-5,2.3176E-4,5.6976E-4,0.0013055,0.0027135,0.0051092,0.0088234,0.01421,0.018264,0.021423,0.025023
600.0,5.3967E-5,1.5069E-4,3.8439E-4,8.9538E-4,0.0018841,0.003582,0.0062398,0.01018,0.013212,0.015603,0.018363
700.0,3.5136E-5,1.0206E-4,2.6908E-4,6.3788E-4,0.0013602,0.0026092,0.0045941,0.0075811,0.0099329,0.011799,0.013961
800.0,2.3801E-5,7.1544E-5,1.9429E-4,4.6867E-4,0.0010132,0.0019652,0.0034949,0.0058312,0.0076977,0.0091883,0.010925
1000.0,1.1872E-5,3.7799E-5,1.0788E-4,2.6883E-4,5.9641E-4,0.001182,0.0021482,0.0036399,0.0048586,0.005837,0.0069898
1200.0,6.2506E-6,2.0802E-5,6.1329E-5,1.6102E-4,3.6679E-4,7.4394E-4,0.0013736,0.0023605,0.0031739,0.0038345,0.0046142
1500.0,2.4083E-6,8.5715E-6,2.7099E-5,7.4128E-5,1.7651E-4,3.724E-4,7.0915E-4,0.0012493,0.001703,0.0020735,0.0025234
SA0P025
r\m,4.0,4.5,5.0,5.5,6.0,6.5,7.0,7.5,7.8,8.0,8.2
0.0,1.299,1.5659,1.8166,1.9734,2.0714,2.1352,2.2463,2.3098,2.3343,2.3365,2.3305
1.0,1.228,1.5493,1.8394,2.0352,2.1609,2.243,2.3557,2.4071,2.4235,2.4194,2.4064
5.0,0.53384,0.85139,1.2049,1.5469,1.829,2.0308,2.1918,2.2618,2.2921,2.295,2.2873
10.0,0.23292,0.37772,0.59789,0.87294,1.1599,1.4309,1.6872,1.8383,1.9089,1.9444,1.9726
15.0,0.11146,0.19026,0.31922,0.4985,0.72267,0.97402,1.232,1.4377,1.5443,1.6056,1.6623
20.0,0.063604,0.11335,0.19608,0.31984,0.4883,0.69583,0.92614,1.137,1.257,1.3296,1.4
25.0,0.040397,0.073677,0.13037,0.2183,0.34433,0.51032,0.70814,0.91105,1.0325,1.1089,1.1849
30.0,0.028082,0.052172,0.093845,0.16015,0.25815,0.39242,0.55863,0.74338,0.86056,0.93798,1.0178
40.0,0.016111,0.030669,0.05641,0.098826,0.1643,0.25846,0.38099,0.5271,0.62564,0.69297,0.76377
50.0,0.010478,0.020294,0.037963,0.067843,0.11515,0.18516,0.27888,0.39491,0.47782,0.53677,0.59973
60.0,0.0075619,0.014863,0.028156,0.051146,0.08809,0.14344,0.21834,0.31267,0.38104,0.43069,0.48442
70.0,0.0057663,0.011478,0.021957,0.040387,0.070389,0.11585,0.17827,0.25902,0.31893,0.36363,0.41294
80.0,0.0049149,0.0098419,0.018928,0.035141,0.061768,0.10238,0.15846,0.23133,0.28532,0.32569,0.37033
90.0,0.0042359,0.0085319,0.016503,0.030892,0.054723,0.091294,0.1419,0.20807,0.257,0.29374,0.33431
100.0,0.0036846,0.007463,0.014517,0.027388,0.048878,0.082016,0.12801,0.18837,0.23298,0.26647,0.30358
110.0,0.0032278,0.0065757,0.012863,0.024448,0.043918,0.074096,0.11609,0.17126,0.21199,0.24264,0.27673
120.0,0.0028454,0.0058314,0.011472,0.021958,0.039702,0.067309,0.10575,0.15649,0.1939,0.22201,0.25335
130.0,0.0024833,0.0051243,0.010147,0.019577,0.035648,0.06075,0.095855,0.14235,0.1766,0.20233,0.23095
140.0,0.0021608,0.00449,0.0089478,0.017413,0.03191,0.054648,0.086578,0.12892,0.16017,0.18365,0.20977
150.0,0.0018661,0.0039084,0.0078444,0.015398,0.028408,0.048879,0.07774,0.11609,0.14446,0.16575,0.18942
175.0,0.0013306,0.0028408,0.0057972,0.011608,0.021746,0.037802,0.060692,0.091385,0.11414,0.13142,0.1507
200.0,9.796E-4,0.0021293,0.0044125,0.0090054,0.017103,0.03004,0.048722,0.07388,0.092581,0.10677,0.12265
250.0,5.7044E-4,0.0012872,0.0027515,0.0057755,0.011217,0.020089,0.033125,0.050866,0.063987,0.073928,0.085052
300.0,3.597E-4,8.3951E-4,0.0018435,0.0039657,0.0078642,0.014303,0.02388,0.037044,0.046838,0.05427,0.062588
350.0,2.398E-4,5.7758E-4,0.0013015,0.0028605,0.0057716,0.010633,0.01796,0.028161,0.035759,0.041574,0.048112
400.0,1.6675E-4,4.1343E-4,9.5455E-4,0.0021395,0.0043835,0.0081731,0.013948,0.022117,0.028226,0.032901,0.038145
450.0,1.2437E-4,3.1697E-4,7.4924E-4,0.0016856,0.0034673,0.0064899,0.011132,0.017786,0.022751,0.02662,0.030969
500.0,9.461E-5,2.4728E-4,5.9757E-4,0.001353,0.0027992,0.0052607,0.0090679,0.014568,0.01873,0.02197,0.025657
600.0,5.7757E-5,1.5808E-4,3.9679E-4,9.1437E-4,0.0019153,0.0036337,0.0063106,0.010265,0.013313,0.01571,0.018465
700.0,3.7063E-5,1.0562E-4,2.744E-4,6.4417E-4,0.0013677,0.0026164,0.0045934,0.0075525,0.0098853,0.011729,0.013859
800.0,2.4793E-5,7.319E-5,1.9613E-4,4.6896E-4,0.0010093,0.0019521,0.0034598,0.0057502,0.0075805,0.0090382,0.010733
1000.0,1.2162E-5,3.8108E-5,1.0749E-4,2.658E-4,5.8737E-4,0.0011603,0.0021018,0.0035493,0.0047304,0.0056765,0.0067896
1200.0,6.2927E-6,2.0676E-5,6.0397E-5,1.5766E-4,3.5811E-4,7.2476E-4,0.0013347,0.0022878,0.0030733,0.0037099,0.0044607
1500.0,2.3932E-6,8.4311E-6,2.6473E-5,7.2123E-5,1.7141E-4,3.611E-4,6.8644E-4,0.0012073,0.0016449,0.0020019,0.0024353
SA0P03
r\m,4.0,4.5,5.0,5.5,6.0,6.5,7.0,7.5,7.8,8.0,8.2
0.0,1.4409,1.7557,2.0333,2.1955,2.2898,2.3514,2.4667,2.5304,2.5563,2.558,2.5507
1.0,1.3491,1.7296,2.0564,2.2649,2.3905,2.4714,2.587,2.6361,2.652,2.6465,2.6311
5.0,0.58178,0.94123,1.3384,1.7184,2.0262,2.2431,2.412,2.4808,2.5111,2.5125,2.5024
10.0,0.25435,0.41676,0.66103,0.96474,1.2802,1.5772,1.8562,2.0177,2.0929,2.1303,2.1597
15.0,0.12221,0.20978,0.35197,0.54885,0.79488,1.0713,1.3545,1.5786,1.6941,1.7602,1.8211
20.0,0.069908,0.12492,0.2157,0.35099,0.53534,0.76345,1.0171,1.2481,1.3791,1.4581,1.5344
25.0,0.04446,0.081135,0.14315,0.23891,0.37634,0.55848,0.77641,0.99961,1.1328,1.2162,1.2991
30.0,0.030932,0.057421,0.10292,0.17497,0.28156,0.42863,0.61151,0.81505,0.94388,1.0287,1.1161
40.0,0.017769,0.033747,0.061788,0.10774,0.1788,0.28163,0.41621,0.57702,0.68564,0.75962,0.83731
50.0,0.011568,0.022333,0.041556,0.073874,0.12513,0.20138,0.3041,0.43157,0.52313,0.5881,0.65735
60.0,0.0083662,0.016375,0.030835,0.0557,0.095709,0.15592,0.23791,0.34144,0.41701,0.47188,0.53118
70.0,0.0063943,0.012656,0.024044,0.043951,0.076397,0.12579,0.19403,0.28268,0.34903,0.39857,0.45322
80.0,0.0054715,0.010886,0.020775,0.038315,0.067153,0.11133,0.17273,0.25281,0.31268,0.35751,0.40707
90.0,0.0047321,0.0094619,0.018152,0.033736,0.05957,0.099414,0.15483,0.2276,0.28193,0.32279,0.36792
100.0,0.0041287,0.0082943,0.015994,0.029947,0.053261,0.089392,0.13977,0.20617,0.25575,0.29303,0.33439
110.0,0.003626,0.0073205,0.014189,0.026753,0.047876,0.080799,0.12678,0.18742,0.2327,0.26685,0.30487
120.0,0.0032033,0.0065007,0.012667,0.02404,0.043294,0.073413,0.11547,0.1712,0.2128,0.24411,0.27907
130.0,0.0027996,0.0057171,0.011208,0.021433,0.038861,0.06622,0.10458,0.15561,0.19366,0.2223,0.25421
140.0,0.0024386,0.0050113,0.0098813,0.019055,0.034759,0.059512,0.094362,0.14075,0.17543,0.20154,0.23062
150.0,0.0021062,0.0043597,0.0086536,0.016828,0.030902,0.053147,0.084583,0.1265,0.15791,0.18152,0.20782
175.0,0.0015013,0.0031638,0.006378,0.012643,0.023564,0.040914,0.065717,0.099105,0.12418,0.14327,0.16461
200.0,0.0011044,0.0023666,0.0048389,0.0097712,0.018455,0.032362,0.052528,0.079766,0.10027,0.11586,0.13333
250.0,6.3992E-4,0.0014201,0.0029917,0.0062077,0.011988,0.021456,0.035389,0.054366,0.068546,0.079303,0.091357
300.0,4.0097E-4,9.1869E-4,0.001986,0.0042228,0.0083371,0.01515,0.025265,0.039167,0.049624,0.057562,0.066458
350.0,2.6518E-4,6.2666E-4,0.0013898,0.0030199,0.006064,0.011157,0.018816,0.029468,0.037476,0.043611,0.050514
400.0,1.8287E-4,4.4481E-4,0.0010107,0.0022404,0.0045677,0.0084991,0.014478,0.02292,0.029288,0.034154,0.039606
450.0,1.3544E-4,3.3866E-4,7.8763E-4,0.0017524,0.0035862,0.006699,0.011466,0.01828,0.023386,0.027368,0.03183
500.0,1.0235E-4,2.6242E-4,6.2398E-4,0.0013969,0.0028762,0.0053924,0.0092713,0.014848,0.019088,0.022384,0.026126
600.0,6.1571E-5,1.6536E-4,4.0849E-4,9.3125E-4,0.0019411,0.0036731,0.0063556,0.010301,0.013345,0.015731,0.018461
700.0,3.9032E-5,1.0914E-4,2.7932E-4,6.4906E-4,0.0013716,0.0026149,0.0045744,0.0074887,0.0097884,0.011597,0.013682
800.0,2.5822E-5,7.4826E-5,1.9769E-4,4.6819E-4,0.0010025,0.0019322,0.0034101,0.005641,0.0074236,0.0088387,0.010479
1000.0,1.2471E-5,3.841E-5,1.0692E-4,2.6203E-4,5.7626E-4,0.0011338,0.002045,0.0034385,0.0045736,0.0054802,0.0065446
1200.0,6.3395E-6,2.0526E-5,5.9296E-5,1.5368E-4,3.4779E-4,7.0179E-4,0.0012879,0.0021999,0.0029512,0.0035584,0.0042737
1500.0,2.3777E-6,8.2708E-6,2.5739E-5,6.9742E-5,1.6531E-4,3.4746E-4,6.5881E-4,0.0011559,0.0015733,0.0019134,0.0023264
SA0P04
r\m,4.0,4.5,5.0,5.5,6.0,6.5,7.0,7.5,7.8,8.0,8.2
0.0,1.5341,1.9353,2.2673,2.4554,2.5516,2.6071,2.7154,2.7663,2.7841,2.7791,2.7645
1.0,1.409,1.8836,2.278,2.5239,2.6572,2.7324,2.8372,2.8697,2.8752,2.8619,2.8382
5.0,0.60182,1.0072,1.4594,1.8941,2.2374,2.4672,2.6321,2.688,2.7084,2.7026,2.685
10.0,0.26609,0.44912,0.721,1.0594,1.4083,1.7296,2.0202,2.1807,2.2519,2.2857,2.3114
15.0,0.12986,0.22783,0.38518,0.60305,0.87398,1.1745,1.4755,1.707,1.8231,1.8882,1.9475
20.0,0.075033,0.13633,0.2366,0.38583,0.58834,0.8369,1.1089,1.3513,1.4858,1.5657,1.642
25.0,0.048064,0.08891,0.15734,0.26277,0.4135,0.61227,0.84728,1.0841,1.2225,1.3083,1.3929
30.0,0.033614,0.063098,0.1133,0.19255,0.30936,0.47003,0.66791,0.88534,1.0206,1.1087,1.1987
40.0,0.019439,0.03724,0.068195,0.11873,0.19664,0.30904,0.45531,0.62825,0.74371,0.82152,0.90273
50.0,0.01272,0.024728,0.045962,0.081517,0.13775,0.2211,0.33307,0.47082,0.56903,0.63809,0.71112
60.0,0.0092597,0.018221,0.034231,0.061649,0.10565,0.17165,0.26131,0.37375,0.45552,0.5145,0.57778
70.0,0.0071393,0.014166,0.026802,0.048791,0.084546,0.13885,0.21377,0.31065,0.38312,0.43695,0.496
80.0,0.0061529,0.012261,0.023279,0.04273,0.074635,0.12341,0.19113,0.27904,0.34481,0.39382,0.44776
90.0,0.0053578,0.010716,0.020436,0.037777,0.06645,0.11061,0.17192,0.25213,0.31213,0.35707,0.40647
100.0,0.0047035,0.0094399,0.01808,0.033649,0.059598,0.099768,0.15566,0.22907,0.28408,0.3253,0.37085
110.0,0.0041538,0.0083668,0.016094,0.030143,0.05369,0.090388,0.14148,0.20863,0.25901,0.29691,0.33897
120.0,0.0036877,0.0074576,0.014412,0.027147,0.048646,0.082278,0.12903,0.19085,0.23726,0.27211,0.31092
130.0,0.003236,0.0065774,0.012779,0.024236,0.043705,0.074259,0.11692,0.17356,0.21608,0.24801,0.2835
140.0,0.002829,0.0057797,0.011282,0.021565,0.039102,0.066744,0.10551,0.15699,0.19578,0.22492,0.25731
150.0,0.0024504,0.0050354,0.0098843,0.019042,0.034749,0.059574,0.094511,0.14097,0.17611,0.20248,0.2318
175.0,0.001756,0.0036632,0.0072863,0.014286,0.026437,0.045719,0.073197,0.11014,0.13817,0.1595,0.18333
200.0,0.001297,0.0027436,0.0055216,0.011013,0.020635,0.036021,0.058313,0.088359,0.11123,0.12862,0.14808
250.0,7.5342E-4,0.0016412,0.0033919,0.0069331,0.013274,0.023677,0.038937,0.059637,0.075262,0.087108,0.10038
300.0,4.7123E-4,0.0010549,0.0022307,0.0046662,0.0091457,0.01656,0.027487,0.042434,0.053815,0.062439,0.072102
350.0,3.098E-4,7.1344E-4,0.0015451,0.0033011,0.0065749,0.012047,0.020212,0.031503,0.040085,0.046656,0.054048
400.0,2.1194E-4,5.016E-4,0.0011117,0.0024222,0.0048958,0.0090619,0.015352,0.024175,0.030903,0.036022,0.041739
450.0,1.5597E-4,3.7892E-4,8.5833E-4,0.0018755,0.0038025,0.0070654,0.012021,0.019051,0.024339,0.028464,0.033055
500.0,1.1707E-4,2.9121E-4,6.7379E-4,0.0014797,0.0030193,0.0056267,0.009611,0.015275,0.019604,0.022958,0.02675
600.0,6.9123E-5,1.7981E-4,4.3173E-4,9.652E-4,0.0019923,0.003746,0.0064262,0.010328,0.013338,0.015682,0.018337
700.0,4.3089E-5,1.1651E-4,2.8988E-4,6.6061E-4,0.0013822,0.0026142,0.0045348,0.0073509,0.0095733,0.011303,0.013285
800.0,2.8038E-5,7.8495E-5,2.0171E-4,4.6868E-4,9.9265E-4,0.0018973,0.0033159,0.005426,0.0071097,0.008436,0.0099636
1000.0,1.3209E-5,3.9319E-5,1.0646E-4,2.5599E-4,5.5691E-4,0.001085,0.001937,0.0032229,0.0042651,0.0050918,0.0060575
1200.0,6.501E-6,2.0404E-5,5.7503E-5,1.466E-4,3.2875E-4,6.5826E-4,0.0011971,0.0020264,0.0027083,0.0032554,0.0038977
1500.0,2.3736E-6,8.0188E-6,2.4418E-5,6.5256E-5,1.5356E-4,3.2066E-4,6.0353E-4,0.0010513,0.0014269,0.0017315,0.0021014
SA0P05
r\m,4.0,4.5,5.0,5.5,6.0,6.5,7.0,7.5,7.8,8.0,8.2
0.0,1.469,1.9259,2.3013,2.5242,2.6318,2.6816,2.7715,2.8011,2.8035,2.7883,2.7641
1.0,1.3268,1.8505,2.2921,2.5784,2.7266,2.7949,2.878,2.8874,2.8767,2.8533,2.8203
5.0,0.56392,0.97518,1.4451,1.9067,2.267,2.4941,2.6408,2.6785,2.6838,2.6691,2.6435
10.0,0.25277,0.44044,0.7184,1.0675,1.4256,1.7453,2.0193,2.1624,2.2206,2.2465,2.2647
15.0,0.12562,0.22627,0.38717,0.6113,0.88818,1.1882,1.4782,1.6933,1.7969,1.8536,1.9044
20.0,0.07347,0.13653,0.23947,0.39324,0.60024,0.8493,1.1141,1.3434,1.4667,1.5389,1.6067
25.0,0.047504,0.089714,0.1602,0.26911,0.42361,0.62376,0.85443,1.0814,1.2103,1.2892,1.3665
30.0,0.033455,0.064003,0.11586,0.19791,0.31792,0.48039,0.67603,0.88621,1.0138,1.0958,1.1788
40.0,0.019519,0.038046,0.070157,0.1227,0.20311,0.31735,0.46336,0.63258,0.74322,0.81688,0.89319
50.0,0.012856,0.025401,0.047499,0.084596,0.14285,0.22792,0.34056,0.47673,0.57198,0.6382,0.70753
60.0,0.0094307,0.018837,0.03557,0.0643,0.11011,0.17789,0.26876,0.38096,0.46126,0.51858,0.57952
70.0,0.0073509,0.014773,0.028052,0.051212,0.088642,0.1448,0.22136,0.31901,0.39105,0.44408,0.50175
80.0,0.0063742,0.012859,0.02449,0.045069,0.078622,0.12932,0.19892,0.28804,0.3539,0.40257,0.45569
90.0,0.0055843,0.011298,0.021603,0.040023,0.070297,0.11642,0.17972,0.26149,0.32198,0.36692,0.41593
100.0,0.0049306,0.010002,0.019196,0.035791,0.063289,0.10542,0.16337,0.23859,0.29437,0.33587,0.3814
110.0,0.0043779,0.0089048,0.017156,0.032174,0.057193,0.095817,0.14897,0.218,0.26934,0.30768,0.34994
120.0,0.0039062,0.0079704,0.015419,0.029067,0.051969,0.087471,0.13623,0.19999,0.24749,0.28291,0.32211
130.0,0.0034432,0.0070551,0.013712,0.026012,0.046788,0.079099,0.12368,0.18226,0.22593,0.25851,0.29451
140.0,0.0030238,0.0062215,0.012139,0.023197,0.041938,0.07122,0.11182,0.16519,0.20517,0.23501,0.268
150.0,0.0026311,0.0054384,0.010661,0.020521,0.037327,0.063671,0.10033,0.14858,0.18492,0.21205,0.24205
175.0,0.0019033,0.0039831,0.0078958,0.015443,0.028471,0.048973,0.077891,0.11643,0.1456,0.16768,0.19222
200.0,0.0014169,0.0029994,0.0060035,0.011928,0.02225,0.038622,0.062139,0.093551,0.11744,0.13553,0.15571
250.0,8.3315E-4,0.0018062,0.0036992,0.0075112,0.014301,0.025379,0.04148,0.06313,0.079476,0.091831,0.10564
300.0,5.2484E-4,0.0011639,0.0024313,0.0050421,0.0098299,0.017707,0.029191,0.044765,0.056654,0.06563,0.075658
350.0,3.4608E-4,7.8681E-4,0.0016793,0.0035525,0.0070319,0.012814,0.021349,0.033046,0.041964,0.048771,0.056414
400.0,2.3683E-4,5.5194E-4,0.0012034,0.0025933,0.0052058,0.0095761,0.016108,0.025186,0.032133,0.037392,0.043241
450.0,1.7442E-4,4.163E-4,9.2573E-4,0.0019977,0.0040188,0.00742,0.012532,0.019712,0.025109,0.029314,0.03396
500.0,1.3084E-4,3.1907E-4,7.2357E-4,0.0015669,0.0031717,0.0058699,0.0099489,0.015676,0.020058,0.023436,0.02724
600.0,7.6723E-5,1.95E-4,4.5771E-4,0.0010074,0.0020607,0.0038466,0.0065366,0.010408,0.013387,0.015691,0.018275
700.0,4.7444E-5,1.2496E-4,3.0363E-4,6.8052E-4,0.0014103,0.0026439,0.0045436,0.0072878,0.009449,0.011114,0.013009
800.0,3.0578E-5,8.3212E-5,2.0866E-4,4.7656E-4,9.9843E-4,0.0018908,0.0032696,0.0052885,0.0068942,0.008149,0.0095841
1000.0,1.4175E-5,4.0938E-5,1.08E-4,2.5494E-4,5.4833E-4,0.0010568,0.0018648,0.0030667,0.0040345,0.004796,0.0056806
1200.0,6.7987E-6,2.0717E-5,5.6946E-5,1.427E-4,3.1673E-4,6.2837E-4,0.0011305,0.0018935,0.0025187,0.0030158,0.0035972
1500.0,2.4264E-6,7.9541E-6,2.3651E-5,6.2215E-5,1.451E-4,3.0047E-4,5.602E-4,9.6669E-4,0.0013069,0.001581,0.0019139
SA0P075
r\m,4.0,4.5,5.0,5.5,6.0,6.5,7.0,7.5,7.8,8.0,8.2
0.0,1.1337,1.6175,2.0362,2.3277,2.4715,2.5127,2.552,2.5317,2.497,2.4598,2.4168
1.0,0.99358,1.5128,1.986,2.3371,2.5214,2.5766,2.6049,2.566,2.5207,2.4779,2.429
5.0,0.42029,0.77711,1.2113,1.6664,2.0221,2.2197,2.3142,2.3149,2.2891,2.2587,2.2211
10.0,0.19409,0.36271,0.61481,0.94098,1.2743,1.5496,1.7527,1.8435,1.8688,1.876,1.8778
15.0,0.10033,0.1925,0.34006,0.55025,0.8061,1.0654,1.2916,1.4446,1.5093,1.5422,1.5704
20.0,0.060314,0.11874,0.21487,0.3609,0.55315,0.77045,0.98236,1.153,1.2368,1.2839,1.3265
25.0,0.039864,0.079672,0.14643,0.25132,0.39673,0.57401,0.76261,0.93679,1.0281,1.0827,1.1351
30.0,0.028553,0.057686,0.10735,0.18718,0.30137,0.4473,0.61073,0.77541,0.86894,0.9273,0.98514
40.0,0.01702,0.034977,0.066246,0.11829,0.19604,0.30057,0.42613,0.56333,0.64783,0.70254,0.75832
50.0,0.01139,0.023697,0.045472,0.082692,0.13979,0.21889,0.31818,0.43205,0.50699,0.55768,0.60957
60.0,0.0085033,0.017858,0.034563,0.063764,0.10937,0.17363,0.25561,0.352,0.4172,0.46254,0.50967
70.0,0.0068047,0.014332,0.027835,0.051813,0.089806,0.14425,0.21507,0.30124,0.36154,0.40483,0.45085
80.0,0.0059676,0.012615,0.024569,0.0461,0.080541,0.13031,0.19558,0.27542,0.33157,0.37205,0.41531
90.0,0.0052896,0.011207,0.021901,0.041362,0.072755,0.11857,0.17872,0.25304,0.30548,0.34349,0.38408
100.0,0.0047238,0.010026,0.019654,0.037347,0.06613,0.10843,0.16414,0.23346,0.28254,0.31823,0.35662
110.0,0.0042414,0.0090177,0.017731,0.033874,0.060274,0.09942,0.15102,0.21531,0.26106,0.29446,0.33056
120.0,0.0038252,0.0081502,0.01608,0.03086,0.05521,0.091502,0.13926,0.19925,0.24207,0.27332,0.30725
130.0,0.0034063,0.0072792,0.014415,0.027819,0.050048,0.083307,0.12731,0.18293,0.22273,0.25182,0.28337
140.0,0.0030242,0.0064807,0.012869,0.024994,0.045172,0.075536,0.11595,0.1671,0.20396,0.23092,0.26021
150.0,0.0026645,0.0057249,0.011405,0.022286,0.040504,0.068059,0.10489,0.15155,0.18548,0.21038,0.23748
175.0,0.0019799,0.0042873,0.0086066,0.017045,0.031374,0.053175,0.082754,0.12081,0.14872,0.16945,0.19213
200.0,0.0015092,0.0032917,0.0066503,0.013345,0.024824,0.042452,0.066854,0.098326,0.12166,0.13905,0.15816
250.0,9.269E-4,0.0020499,0.0042069,0.0085765,0.016238,0.028376,0.045416,0.067633,0.084066,0.096348,0.10992
300.0,6.0331E-4,0.0013531,0.0028139,0.0058291,0.011281,0.020009,0.032317,0.048529,0.060708,0.069781,0.079805
350.0,4.0773E-4,9.2991E-4,0.0019644,0.0041349,0.0081111,0.014549,0.02375,0.036004,0.045225,0.052183,0.059925
400.0,2.8407E-4,6.5977E-4,0.0014165,0.0030272,0.0060115,0.010877,0.017927,0.027453,0.034669,0.040053,0.045974
450.0,2.1291E-4,5.0329E-4,0.0010961,0.0023348,0.0046346,0.0084108,0.013917,0.021437,0.027001,0.031309,0.035997
500.0,1.6182E-4,3.8857E-4,8.5905E-4,0.0018281,0.0036463,0.0066255,0.010997,0.016944,0.021445,0.024876,0.028694
600.0,9.6099E-5,2.3807E-4,5.4035E-4,0.0011615,0.0023339,0.0042745,0.0070931,0.011034,0.014022,0.016297,0.018798
700.0,5.9688E-5,1.5189E-4,3.5503E-4,7.7381E-4,0.0015712,0.0028807,0.0048351,0.0075591,0.0096783,0.011273,0.013062
800.0,3.8384E-5,1.0017E-4,2.4059E-4,5.3251E-4,0.0010896,0.0020163,0.0033955,0.0053406,0.0068671,0.0080368,0.0093526
1000.0,1.7591E-5,4.8306E-5,1.2118E-4,2.7556E-4,5.7741E-4,0.0010829,0.0018555,0.0029633,0.0038381,0.0045126,0.005285
1200.0,8.1401E-6,2.3486E-5,6.1254E-5,1.477E-4,3.1953E-4,6.1828E-4,0.0010811,0.0017601,0.0023097,0.0027362,0.0032294
1500.0,2.808E-6,8.6508E-6,2.433E-5,6.1558E-5,1.4009E-4,2.8304E-4,5.135E-4,8.623E-4,0.0011513,0.0013796,0.0016567
SA0P1
r\m,4.0,4.5,5.0,5.5,6.0,6.5,7.0,7.5,7.8,8.0,8.2
0.0,0.84888,1.2968,1.7065,2.0255,2.1923,2.2296,2.2343,2.1846,2.1287,2.0805,2.0295
1.0,0.73021,1.1902,1.6378,2.0045,2.2065,2.2539,2.2476,2.1834,2.1206,2.0697,2.0156
5.0,0.3085,0.60182,0.97602,1.3887,1.7157,1.8828,1.9417,1.9234,1.8828,1.8467,1.8061
10.0,0.14545,0.28811,0.50439,0.79144,1.085,1.3132,1.4593,1.5144,1.5203,1.5174,1.5107
15.0,0.077319,0.15687,0.28521,0.4717,0.69636,0.91121,1.0816,1.1872,1.2257,1.2435,1.2578
20.0,0.047423,0.098511,0.1836,0.31501,0.48493,0.6662,0.82915,0.95233,1.0074,1.0373,1.0633
25.0,0.031868,0.067252,0.12722,0.22302,0.35331,0.50313,0.65072,0.77968,0.84242,0.87933,0.91414
30.0,0.023124,0.049306,0.09441,0.16813,0.2716,0.39649,0.52687,0.65086,0.71718,0.75764,0.79708
40.0,0.014015,0.0304,0.059256,0.10819,0.17978,0.27079,0.3736,0.4801,0.54218,0.58157,0.6213
50.0,0.0094952,0.020851,0.041179,0.076638,0.12991,0.19988,0.28308,0.37397,0.43036,0.46773,0.50534
60.0,0.0071838,0.01592,0.031701,0.05986,0.10303,0.16091,0.23108,0.30985,0.36021,0.3945,0.42952
70.0,0.0058687,0.013028,0.026014,0.049565,0.086218,0.13629,0.19827,0.27029,0.31799,0.35152,0.38652
80.0,0.0051844,0.011555,0.023148,0.044477,0.078009,0.12427,0.18204,0.24961,0.29469,0.32654,0.35997
90.0,0.0046316,0.010346,0.020796,0.040232,0.071062,0.11405,0.16792,0.23159,0.27427,0.30456,0.33635
100.0,0.0041686,0.0093279,0.018806,0.036613,0.065107,0.10516,0.15558,0.21567,0.25611,0.28494,0.31543
110.0,0.0037728,0.0084555,0.017095,0.03346,0.05979,0.097163,0.14426,0.20056,0.23865,0.26591,0.29487
120.0,0.0034291,0.0077002,0.015617,0.030704,0.055161,0.090079,0.13405,0.18706,0.22307,0.24884,0.27636
130.0,0.0030772,0.0069277,0.014097,0.027866,0.050335,0.082561,0.1234,0.17298,0.20677,0.231,0.25688
140.0,0.0027557,0.006218,0.012683,0.02522,0.045755,0.075403,0.11323,0.15925,0.19088,0.2136,0.23789
150.0,0.0024537,0.0055466,0.011342,0.022677,0.041364,0.068526,0.10334,0.14572,0.17521,0.19652,0.21937
175.0,0.0018662,0.0042422,0.008727,0.017664,0.032626,0.054559,0.083095,0.11843,0.14329,0.16141,0.18094
200.0,0.0014528,0.0033199,0.006864,0.014059,0.026228,0.044261,0.068189,0.097901,0.11915,0.13473,0.15162
250.0,9.3096E-4,0.0021459,0.0044871,0.009304,0.017629,0.030341,0.047517,0.069197,0.084737,0.096224,0.10877
300.0,6.2758E-4,0.00146,0.0030817,0.0064681,0.012491,0.021818,0.034534,0.050777,0.062624,0.071331,0.080832
350.0,4.3712E-4,0.0010284,0.0021957,0.0046674,0.0091258,0.01612,0.025793,0.038297,0.047464,0.054292,0.061813
400.0,3.1234E-4,7.4472E-4,0.0016094,0.0034631,0.0068448,0.012195,0.019704,0.029561,0.036854,0.042223,0.048065
450.0,2.3993E-4,5.7937E-4,0.0012647,0.002701,0.0053241,0.0095059,0.015419,0.023277,0.028949,0.033305,0.03799
500.0,1.8613E-4,4.5451E-4,0.0010031,0.0021324,0.0042154,0.0075301,0.012253,0.018495,0.023127,0.026617,0.030462
600.0,1.1404E-4,2.8479E-4,6.4052E-4,0.0013667,0.0027138,0.0048834,0.007933,0.012085,0.01517,0.017489,0.02
700.0,7.2369E-5,1.8424E-4,4.2433E-4,9.1362E-4,0.0018281,0.0032854,0.005398,0.0082547,0.010438,0.01205,0.013837
800.0,4.7216E-5,1.2241E-4,2.8822E-4,6.2755E-4,0.001262,0.0022876,0.0037639,0.005781,0.0073364,0.0085085,0.0098088
1000.0,2.1933E-5,5.9281E-5,1.4462E-4,3.2127E-4,6.5965E-4,0.0012079,0.0020164,0.0031392,0.0040073,0.0046649,0.0054085
1200.0,1.0089E-5,2.8448E-5,7.1785E-5,1.6839E-4,3.5647E-4,6.737E-4,0.0011474,0.0018204,0.0023567,0.0027635,0.0032289
1500.0,3.4573E-6,1.0302E-5,2.7834E-5,6.8271E-5,1.5186E-4,2.994E-4,5.2875E-4,8.6449E-4,0.0011389,0.0013513,0.0016088
SA0P15
r\m,4.0,4.5,5.0,5.5,6.0,6.5,7.0,7.5,7.8,8.0,8.2
0.0,0.50832,0.86876,1.231,1.5512,1.7337,1.7691,1.7428,1.6719,1.6024,1.5497,1.4972
1.0,0.42822,0.77945,1.1572,1.5051,1.712,1.7528,1.7179,1.6393,1.5683,1.5161,1.4637
5.0,0.18086,0.38722,0.67037,1.0041,1.2759,1.4026,1.4279,1.3978,1.3507,1.3145,1.2768
10.0,0.087414,0.19144,0.35497,0.58011,0.81153,0.97768,1.0624,1.084,1.0748,1.0648,1.0531
15.0,0.048064,0.10773,0.20679,0.35513,0.53176,0.68731,0.79346,0.85014,0.86437,0.86901,0.87167
20.0,0.030221,0.069266,0.13659,0.24339,0.37833,0.51049,0.61495,0.68644,0.71324,0.72683,0.73762
25.0,0.020738,0.048403,0.096873,0.17651,0.28212,0.3932,0.49,0.56779,0.60102,0.62022,0.6379
30.0,0.015301,0.036097,0.073147,0.13546,0.22075,0.31499,0.40292,0.47944,0.51659,0.53859,0.55955
40.0,0.0094742,0.022769,0.047034,0.08954,0.14996,0.22034,0.29235,0.36113,0.39788,0.42062,0.44332
50.0,0.0065224,0.015883,0.033265,0.064672,0.11055,0.16594,0.22624,0.28745,0.32194,0.34422,0.36618
60.0,0.0050197,0.012341,0.02607,0.05146,0.08944,0.1365,0.18895,0.24383,0.27575,0.2969,0.31804
70.0,0.0042134,0.010375,0.021978,0.043825,0.077014,0.11899,0.16683,0.21851,0.24969,0.27102,0.29276
80.0,0.0037535,0.0092884,0.019763,0.039773,0.070523,0.10987,0.15516,0.20451,0.23463,0.25532,0.27654
90.0,0.0033847,0.0083983,0.017934,0.036374,0.064991,0.10204,0.145,0.1923,0.22136,0.24138,0.26191
100.0,0.0030752,0.0076467,0.016382,0.033462,0.060214,0.095192,0.136,0.18143,0.2094,0.22882,0.24889
110.0,0.0028105,0.0070018,0.015045,0.030908,0.055902,0.088911,0.12753,0.1707,0.19744,0.21604,0.23535
120.0,0.0025794,0.0064404,0.013883,0.028659,0.052116,0.083306,0.11984,0.16104,0.18665,0.2045,0.22312
130.0,0.0023377,0.0058517,0.012655,0.026271,0.048037,0.077139,0.11147,0.15049,0.17487,0.19191,0.20969
140.0,0.0021173,0.0053119,0.011515,0.024043,0.044158,0.071259,0.10349,0.14022,0.1634,0.17962,0.19658
150.0,0.0019127,0.0048061,0.010441,0.021914,0.040458,0.065672,0.095792,0.13013,0.15215,0.16775,0.18411
175.0,0.0015026,0.0037922,0.0082822,0.017591,0.032903,0.053984,0.079506,0.10911,0.12838,0.14202,0.15638
200.0,0.0012054,0.0030552,0.0067042,0.014401,0.027204,0.045053,0.067022,0.092591,0.10964,0.12184,0.13479
250.0,8.2314E-4,0.0020976,0.0046386,0.010061,0.01925,0.032374,0.04894,0.06873,0.082048,0.091731,0.10212
300.0,5.8665E-4,0.0015041,0.0033481,0.0073211,0.014199,0.024221,0.037119,0.05274,0.063423,0.071109,0.079323
350.0,4.3015E-4,0.0011094,0.0024867,0.0054862,0.010763,0.018564,0.028765,0.041281,0.049929,0.05623,0.06305
400.0,3.218E-4,8.3679E-4,0.0018902,0.0042058,0.0083252,0.014492,0.022674,0.032885,0.040028,0.045178,0.050689
450.0,2.5867E-4,6.7745E-4,0.0015379,0.003377,0.0066452,0.01157,0.018174,0.026548,0.032271,0.036606,0.041191
500.0,2.0881E-4,5.5019E-4,0.0012565,0.0027333,0.0053749,0.0093536,0.014744,0.021546,0.026359,0.029921,0.033788
600.0,1.3709E-4,3.6543E-4,8.4231E-4,0.0018218,0.0035831,0.0062752,0.0098664,0.01455,0.017883,0.020342,0.022954
700.0,9.1792E-5,2.4713E-4,5.7846E-4,0.001253,0.0024713,0.0043104,0.006853,0.01014,0.012552,0.014289,0.016181
800.0,6.2541E-5,1.6983E-4,4.0316E-4,8.7689E-4,0.0017324,0.0030455,0.0048397,0.0071809,0.0089178,0.010196,0.011585
1000.0,3.0667E-5,8.5626E-5,2.08E-4,4.5642E-4,9.1608E-4,0.0016206,0.0026022,0.0039025,0.0048688,0.0055821,0.006374
1200.0,1.4563E-5,4.1867E-5,1.0411E-4,2.389E-4,4.9209E-4,8.9685E-4,0.0014672,0.0022382,0.0028324,0.0032672,0.0037562
1500.0,5.1609E-6,1.5387E-5,4.0337E-5,9.5898E-5,2.0669E-4,3.916E-4,6.6223E-4,0.0010372,0.0013343,0.0015566,0.0018254
SA0P2
r\m,4.0,4.5,5.0,5.5,6.0,6.5,7.0,7.5,7.8,8.0,8.2
0.0,0.33121,0.61916,0.93596,1.2405,1.4268,1.466,1.4327,1.3603,1.2912,1.2408,1.192
1.0,0.27598,0.54855,0.8693,1.1894,1.3923,1.4344,1.3948,1.3183,1.2502,1.2019,1.1546
5.0,0.11659,0.26998,0.49566,0.77591,1.011,1.1179,1.1322,1.102,1.0572,1.0244,0.99117
10.0,0.057124,0.13596,0.2663,0.45215,0.64557,0.77909,0.83728,0.84691,0.83395,0.82287,0.81072
15.0,0.032005,0.077992,0.15793,0.2814,0.42852,0.55216,0.62826,0.66433,0.66969,0.66988,0.66877
20.0,0.020409,0.050851,0.10597,0.196,0.30905,0.41416,0.49014,0.53849,0.55385,0.56111,0.56624
25.0,0.014175,0.036036,0.076245,0.14433,0.2339,0.32299,0.39421,0.44814,0.46881,0.48065,0.49136
30.0,0.01056,0.027153,0.058196,0.11203,0.18513,0.26145,0.32726,0.38102,0.40523,0.41929,0.43249
40.0,0.006621,0.017366,0.03799,0.075344,0.12788,0.18571,0.24087,0.29065,0.31558,0.33079,0.34592
50.0,0.004601,0.012239,0.027167,0.055106,0.095501,0.14168,0.1889,0.23444,0.25831,0.27351,0.28832
60.0,0.0035763,0.0096111,0.021528,0.044369,0.078261,0.11815,0.16005,0.20176,0.22435,0.23908,0.25362
70.0,0.0030505,0.008215,0.018463,0.038485,0.068667,0.10494,0.1439,0.18387,0.20631,0.22143,0.23661
80.0,0.0027297,0.0073928,0.016703,0.035166,0.063342,0.097653,0.13489,0.17347,0.19547,0.21033,0.22536
90.0,0.0024741,0.0067217,0.015248,0.032376,0.058794,0.091361,0.12707,0.16445,0.18592,0.20045,0.21513
100.0,0.0022596,0.0061551,0.014012,0.029982,0.054852,0.085849,0.12009,0.15639,0.17727,0.19152,0.20606
110.0,0.0020765,0.0056694,0.012948,0.027878,0.05128,0.080737,0.11341,0.14823,0.16836,0.18212,0.19619
120.0,0.0019163,0.0052458,0.012021,0.026021,0.048129,0.076161,0.10734,0.14084,0.16027,0.17359,0.18728
130.0,0.0017467,0.0047947,0.011024,0.024008,0.044656,0.071,0.10053,0.13252,0.15118,0.16401,0.17721
140.0,0.0015926,0.0043828,0.010105,0.022135,0.041363,0.066092,0.094052,0.12443,0.14236,0.1547,0.16742
150.0,0.0014514,0.0040014,0.0092467,0.020361,0.038248,0.061498,0.087898,0.11658,0.13381,0.14588,0.15837
175.0,0.0011631,0.0032211,0.0074854,0.016691,0.031785,0.051705,0.074579,0.09985,0.11529,0.12599,0.1371
200.0,9.5061E-4,0.0026447,0.0061798,0.013941,0.026821,0.044047,0.064081,0.086288,0.10026,0.11011,0.12042
250.0,6.7642E-4,0.0018922,0.0044527,0.010142,0.019737,0.032791,0.048441,0.066381,0.077826,0.086066,0.094796
300.0,5.0048E-4,0.0014087,0.0033364,0.0076503,0.015029,0.025312,0.03799,0.052733,0.062255,0.069007,0.076112
350.0,3.805E-4,0.0010754,0.0025608,0.0059153,0.011754,0.02001,0.030364,0.042563,0.050549,0.056273,0.062391
400.0,2.9444E-4,8.3752E-4,0.0020061,0.0046659,0.0093458,0.016069,0.024613,0.034865,0.041666,0.046502,0.051618
450.0,2.4488E-4,6.9988E-4,0.0016812,0.0038466,0.0076442,0.013124,0.020181,0.028815,0.034426,0.038633,0.043037
500.0,2.0389E-4,5.8498E-4,0.0014102,0.003189,0.0063162,0.010832,0.016721,0.023902,0.02876,0.032308,0.036121
600.0,1.4182E-4,4.0958E-4,9.9184E-4,0.0022178,0.0043819,0.0075571,0.011637,0.01679,0.020313,0.022882,0.025585
700.0,9.9643E-5,2.8941E-4,7.0837E-4,0.0015792,0.0031181,0.0053481,0.0083257,0.012061,0.014695,0.016565,0.018581
800.0,7.0822E-5,2.0643E-4,5.0997E-4,0.0011363,0.0022443,0.0038789,0.0060335,0.0087628,0.010713,0.012127,0.013646
1000.0,3.6827E-5,1.095E-4,2.748E-4,6.1347E-4,0.0012272,0.0021318,0.0033427,0.0048999,0.0060179,0.0068304,0.0077227
1200.0,1.8409E-5,5.5853E-5,1.4244E-4,3.2989E-4,6.7432E-4,0.0012034,0.0019205,0.0028589,0.0035587,0.0040588,0.0046149
1500.0,6.9186E-6,2.148E-5,5.7042E-5,1.3582E-4,2.8925E-4,5.3484E-4,8.7948E-4,0.0013392,0.0016924,0.00195,0.0022615
SA0P25
r\m,4.0,4.5,5.0,5.5,6.0,6.5,7.0,7.5,7.8,8.0,8.2
0.0,0.22972,0.46035,0.73634,1.0217,1.209,1.256,1.2257,1.1585,1.0936,1.0471,1.0024
1.0,0.19015,0.40468,0.67869,0.972,1.1706,1.2188,1.1835,1.1143,1.0516,1.0077,0.96519
5.0,0.080352,0.19806,0.38317,0.62509,0.83581,0.93351,0.94597,0.91953,0.8787,0.84947,0.8201
10.0,0.039703,0.1009,0.20779,0.36633,0.53508,0.65055,0.69687,0.70252,0.68931,0.67866,0.66725
15.0,0.022507,0.058595,0.12466,0.23046,0.35822,0.46351,0.52447,0.55112,0.55299,0.55159,0.54921
20.0,0.014479,0.038547,0.084512,0.16225,0.26067,0.34992,0.41092,0.44783,0.45799,0.46245,0.46516
25.0,0.010134,0.027565,0.06138,0.12069,0.19925,0.27514,0.3325,0.37414,0.38877,0.39709,0.40451
30.0,0.0075958,0.02091,0.047185,0.094395,0.15892,0.22427,0.27776,0.31951,0.33726,0.3474,0.35682
40.0,0.0048008,0.013495,0.031112,0.064222,0.11101,0.16092,0.20636,0.24574,0.2645,0.27585,0.2871
50.0,0.0033561,0.0095745,0.022411,0.047369,0.083631,0.12384,0.16326,0.19993,0.21811,0.22958,0.24067
60.0,0.0026252,0.0075706,0.01789,0.038441,0.069123,0.10422,0.13964,0.17368,0.19114,0.2024,0.21342
70.0,0.0022624,0.0065417,0.015519,0.033759,0.061428,0.093747,0.12709,0.16004,0.17754,0.18921,0.20081
80.0,0.0020301,0.0059059,0.014094,0.030983,0.056936,0.087675,0.11973,0.15176,0.16909,0.18068,0.19227
90.0,0.0018457,0.0053885,0.012914,0.028649,0.053096,0.082418,0.11338,0.14464,0.16168,0.17307,0.18447
100.0,0.0016912,0.0049521,0.011913,0.026646,0.049765,0.077814,0.10769,0.13826,0.15494,0.1662,0.17757
110.0,0.0015595,0.0045786,0.011052,0.024885,0.046739,0.073514,0.10217,0.13167,0.14784,0.15876,0.16981
120.0,0.0014441,0.0042525,0.010303,0.023329,0.044064,0.06966,0.097168,0.1257,0.14138,0.15201,0.16283
130.0,0.0013211,0.0039017,0.0094859,0.021617,0.041068,0.065236,0.091415,0.11881,0.13395,0.14426,0.15475
140.0,0.0012096,0.0035827,0.0087368,0.020031,0.038236,0.061044,0.085972,0.11214,0.12679,0.13676,0.14694
150.0,0.0011087,0.0032906,0.0080446,0.018544,0.035585,0.05718,0.080878,0.10574,0.11992,0.12979,0.13991
175.0,9.0001E-4,0.0026844,0.0066031,0.015424,0.030023,0.04884,0.069681,0.091894,0.10479,0.11361,0.12267
200.0,7.4465E-4,0.0022324,0.0055258,0.013066,0.025705,0.042219,0.06068,0.080421,0.092285,0.10055,0.10912
250.0,5.4467E-4,0.0016432,0.0040971,0.009788,0.019464,0.032245,0.047023,0.063457,0.0735,0.080684,0.088226
300.0,4.1345E-4,0.0012562,0.0031545,0.0075837,0.015178,0.025475,0.037803,0.05171,0.060275,0.066288,0.072542
350.0,3.2242E-4,9.8319E-4,0.0024812,0.0060057,0.01216,0.020625,0.030936,0.042721,0.050093,0.055314,0.06084
400.0,2.5562E-4,7.8403E-4,0.001989,0.0048444,0.0098824,0.016939,0.025637,0.035769,0.042192,0.046714,0.05146
450.0,2.1793E-4,6.7095E-4,0.0017055,0.004079,0.0082456,0.014093,0.021412,0.030128,0.035557,0.039596,0.043796
500.0,1.8566E-4,5.7331E-4,0.0014608,0.0034491,0.0069356,0.011836,0.018058,0.025457,0.030269,0.033751,0.037466
600.0,1.3502E-4,4.1874E-4,0.0010694,0.0024888,0.0049847,0.0085495,0.013016,0.018525,0.022164,0.024797,0.027552
700.0,9.8606E-5,3.0698E-4,7.904E-4,0.0018292,0.0036526,0.0062258,0.0095807,0.013704,0.016511,0.018488,0.020603
800.0,7.2609E-5,2.2629E-4,5.8641E-4,0.0013526,0.0027003,0.0046388,0.0071344,0.010236,0.012379,0.013917,0.015559
1000.0,3.9765E-5,1.2587E-4,3.3007E-4,7.5977E-4,0.0015338,0.0026482,0.0041018,0.0059373,0.0072174,0.0081394,0.0091455
1200.0,2.0937E-5,6.7247E-5,1.784E-4,4.2359E-4,8.708E-4,0.0015405,0.0024273,0.0035648,0.0043876,0.0049675,0.0056072
1500.0,8.3776E-6,2.73E-5,7.4752E-5,1.815E-4,3.8739E-4,7.083E-4,0.0011472,0.0017187,0.0021452,0.0024511,0.0028207
SA0P3
r\m,4.0,4.5,5.0,5.5,6.0,6.5,7.0,7.5,7.8,8.0,8.2
0.0,0.16708,0.35307,0.59246,0.85677,1.0429,1.0987,1.0761,1.0168,0.95726,0.91477,0.87417
1.0,0.1377,0.30875,0.54325,0.81076,1.0043,1.0601,1.0331,0.97289,0.91612,0.87653,0.83824
5.0,0.058205,0.15055,0.30467,0.51631,0.70873,0.80227,0.81698,0.79572,0.75928,0.73327,0.70722
10.0,0.028924,0.07731,0.16629,0.30378,0.45456,0.55908,0.60024,0.60548,0.59334,0.58365,0.57331
15.0,0.016526,0.04527,0.10056,0.19255,0.30612,0.3998,0.45266,0.47501,0.47568,0.47385,0.47118
20.0,0.010696,0.029966,0.068659,0.13657,0.22417,0.30319,0.3557,0.38663,0.39433,0.39751,0.39915
25.0,0.0075246,0.021563,0.050195,0.10232,0.17254,0.23976,0.28903,0.32388,0.33538,0.34189,0.3476
30.0,0.005664,0.016434,0.038779,0.080455,0.13836,0.19638,0.2425,0.27742,0.29165,0.29969,0.30706
40.0,0.0035996,0.010673,0.025749,0.055186,0.097421,0.14192,0.18133,0.21456,0.22984,0.239,0.24807
50.0,0.0025267,0.0076074,0.018643,0.040947,0.073845,0.10988,0.14433,0.17561,0.19048,0.1998,0.20875
60.0,0.001985,0.0060439,0.014958,0.033413,0.061405,0.093071,0.12427,0.15355,0.16796,0.17718,0.18613
70.0,0.0017229,0.0052622,0.01308,0.029602,0.055065,0.084467,0.11406,0.14257,0.15709,0.16669,0.17616
80.0,0.0015488,0.0047611,0.01191,0.027252,0.051207,0.07927,0.10784,0.13568,0.15015,0.15974,0.16926
90.0,0.0014111,0.0043543,0.010941,0.025273,0.04791,0.074763,0.10249,0.12977,0.14407,0.15354,0.16295
100.0,0.0012957,0.0040114,0.01012,0.023577,0.045046,0.07082,0.097672,0.12449,0.13854,0.14795,0.15738
110.0,0.0011976,0.0037184,0.0094146,0.022087,0.042445,0.067116,0.092962,0.11894,0.13262,0.14177,0.15095
120.0,0.0011116,0.0034625,0.0088001,0.020769,0.040141,0.063797,0.088709,0.11393,0.12722,0.13616,0.14518
130.0,0.0010193,0.0031852,0.0081248,0.019303,0.03753,0.059937,0.083722,0.10801,0.1209,0.1296,0.1384
140.0,9.3607E-4,0.002934,0.0075086,0.01795,0.035071,0.056294,0.079027,0.10233,0.11485,0.1233,0.13186
150.0,8.6134E-4,0.0027061,0.0069441,0.016693,0.03279,0.052982,0.074694,0.096917,0.10911,0.11755,0.12613
175.0,7.0548E-4,0.0022283,0.0057561,0.014031,0.027969,0.045773,0.065062,0.085106,0.096298,0.10386,0.11158
200.0,5.8867E-4,0.0018698,0.004864,0.012009,0.024201,0.03999,0.057206,0.075153,0.085556,0.092748,0.10014
250.0,4.3899E-4,0.0014045,0.003682,0.0091914,0.018716,0.031123,0.045142,0.060401,0.069414,0.075832,0.082522
300.0,3.3935E-4,0.0010945,0.0028922,0.0072656,0.014858,0.025019,0.036965,0.050155,0.057975,0.063423,0.069037
350.0,2.6954E-4,8.7255E-4,0.002317,0.0058594,0.012125,0.020627,0.030797,0.042173,0.04903,0.05384,0.058895
400.0,2.1753E-4,7.0822E-4,0.0018903,0.0048089,0.010023,0.017239,0.025963,0.035912,0.041985,0.046232,0.050661
450.0,1.8889E-4,6.1705E-4,0.0016496,0.0041167,0.0084955,0.014555,0.022002,0.030702,0.035937,0.039806,0.043813
500.0,1.637E-4,5.3623E-4,0.0014362,0.0035363,0.0072489,0.012396,0.018821,0.02633,0.031056,0.034452,0.038055
600.0,1.232E-4,4.0489E-4,0.0010858,0.0026304,0.0053651,0.009216,0.01397,0.019735,0.023435,0.026097,0.028877
700.0,9.2753E-5,3.0581E-4,8.2565E-4,0.001986,0.0040317,0.0068799,0.01054,0.014979,0.017912,0.019967,0.022156
800.0,7.0282E-5,2.317E-4,6.286E-4,0.0015043,0.0030533,0.0052523,0.0080458,0.011478,0.013782,0.015426,0.017171
1000.0,4.0197E-5,1.3428E-4,3.6792E-4,8.7677E-4,0.0017981,0.0031107,0.0047979,0.0069066,0.0083431,0.0093723,0.010491
1200.0,2.2178E-5,7.4936E-5,2.0717E-4,5.0724E-4,0.0010566,0.0018687,0.0029318,0.0042806,0.0052308,0.0058951,0.0066243
1500.0,9.4118E-6,3.2099E-5,9.1042E-5,2.2713E-4,4.8989E-4,8.9389E-4,0.0014394,0.0021405,0.0026501,0.0030119,0.0034485
SA0P4
r\m,4.0,4.5,5.0,5.5,6.0,6.5,7.0,7.5,7.8,8.0,8.2
0.0,0.098344,0.22321,0.40293,0.62428,0.8011,0.87197,0.86785,0.82672,0.77861,0.74371,0.71025
1.0,0.080623,0.19393,0.36706,0.58676,0.7661,0.83511,0.82719,0.78577,0.74066,0.70865,0.67753
5.0,0.034096,0.094149,0.20418,0.3691,0.53266,0.62242,0.64528,0.63545,0.60752,0.58715,0.56654
10.0,0.017064,0.04883,0.11236,0.21828,0.34246,0.43375,0.47248,0.48105,0.47244,0.46516,0.45717
15.0,0.0098464,0.028897,0.068639,0.13969,0.2324,0.31165,0.35724,0.37741,0.37841,0.37711,0.375
20.0,0.006421,0.019278,0.047293,0.10004,0.17156,0.23771,0.28177,0.30784,0.31407,0.31658,0.31774
25.0,0.004547,0.013984,0.034869,0.075639,0.13324,0.18936,0.23017,0.25873,0.26776,0.27283,0.27719
30.0,0.0034411,0.010721,0.027112,0.059889,0.1076,0.15607,0.19418,0.22247,0.23355,0.23973,0.2453
40.0,0.0022022,0.0070194,0.018166,0.041517,0.076543,0.11383,0.14641,0.17327,0.18516,0.19222,0.19916
50.0,0.001554,0.0050333,0.01324,0.031044,0.058484,0.088822,0.11744,0.14288,0.15442,0.16159,0.1684
60.0,0.0012276,0.0040234,0.010693,0.025515,0.049013,0.075859,0.10197,0.12596,0.13721,0.14433,0.15117
70.0,0.0010751,0.0035373,0.0094484,0.022865,0.044475,0.069646,0.094622,0.11809,0.12945,0.13688,0.14411
80.0,9.6865E-4,0.0032092,0.008632,0.02113,0.041532,0.065648,0.089847,0.11287,0.12428,0.13174,0.13907
90.0,8.8484E-4,0.0029437,0.0079555,0.019671,0.039019,0.062173,0.085777,0.10845,0.11978,0.12717,0.13444
100.0,8.1467E-4,0.0027202,0.007383,0.018421,0.036836,0.059138,0.082098,0.1045,0.11567,0.12306,0.13039
110.0,7.5512E-4,0.0025296,0.0068921,0.017324,0.034852,0.05627,0.078455,0.10025,0.11117,0.11837,0.12552
120.0,7.0293E-4,0.0023632,0.0064647,0.016353,0.033092,0.0537,0.075181,0.096415,0.10705,0.11412,0.12117
130.0,6.4656E-4,0.0021812,0.0059896,0.015259,0.031065,0.050658,0.071242,0.091767,0.10212,0.10903,0.11593
140.0,5.9589E-4,0.0020172,0.0055594,0.014254,0.029169,0.047807,0.067563,0.087341,0.097444,0.10419,0.11094
150.0,5.5105E-4,0.0018705,0.0051708,0.013335,0.027436,0.045273,0.064246,0.083204,0.093096,0.099893,0.10673
175.0,4.5646E-4,0.0015588,0.0043411,0.011363,0.023742,0.039701,0.056763,0.074042,0.083213,0.089319,0.095472
200.0,3.8501E-4,0.0013233,0.003715,0.0098576,0.020832,0.035174,0.050542,0.066147,0.074773,0.080668,0.086662
250.0,2.9432E-4,0.0010206,0.0028903,0.0077654,0.016573,0.028068,0.040847,0.054457,0.062144,0.067582,0.07319
300.0,2.3296E-4,8.1578E-4,0.0023321,0.0063075,0.013479,0.023096,0.034285,0.04637,0.053174,0.057866,0.062638
350.0,1.8955E-4,6.6652E-4,0.0019154,0.0052155,0.011283,0.019523,0.029273,0.039935,0.046043,0.050272,0.054667
400.0,1.5664E-4,5.5413E-4,0.0016007,0.0043851,0.0095522,0.01672,0.025273,0.03481,0.040334,0.044162,0.04812
450.0,1.3941E-4,4.9479E-4,0.0014316,0.0038427,0.0082796,0.014413,0.021861,0.03039,0.035283,0.038866,0.042556
500.0,1.2367E-4,4.4015E-4,0.0012754,0.0033765,0.007212,0.012525,0.019086,0.026625,0.031156,0.034381,0.037774
600.0,9.7614E-5,3.4841E-4,0.0010103,0.0026265,0.0055758,0.0097197,0.014798,0.020851,0.024583,0.027251,0.030031
700.0,7.6735E-5,2.7483E-4,8.0144E-4,0.0020658,0.0043552,0.0075388,0.011597,0.01647,0.019551,0.021704,0.02398
800.0,6.0623E-5,2.1698E-4,6.3487E-4,0.0016251,0.0034272,0.0059832,0.0092146,0.013156,0.015694,0.017492,0.019392
1000.0,3.7005E-5,1.3401E-4,3.9553E-4,0.0010065,0.0021437,0.0037706,0.0058494,0.0084379,0.010145,0.011364,0.012686
1200.0,2.2009E-5,8.0417E-5,2.39E-4,6.2193E-4,0.0013407,0.0024027,0.0037937,0.0055528,0.0067438,0.0075729,0.0084778
1500.0,1.0304E-5,3.7841E-5,1.1461E-4,3.0275E-4,6.7341E-4,0.0012424,0.0020108,0.0029948,0.0036815,0.0041652,0.0047469
SA0P5
r\m,4.0,4.5,5.0,5.5,6.0,6.5,7.0,7.5,7.8,8.0,8.2
0.0,0.064079,0.15186,0.28835,0.47102,0.63254,0.71182,0.72402,0.69987,0.66237,0.63418,0.60681
1.0,0.052373,0.13144,0.26168,0.44093,0.60239,0.67871,0.68709,0.66255,0.6278,0.60227,0.57707
5.0,0.022157,0.063655,0.14488,0.27536,0.41514,0.50124,0.53164,0.53218,0.51177,0.49615,0.47997
10.0,0.011137,0.033213,0.080122,0.16336,0.26732,0.34933,0.3885,0.40165,0.39683,0.39196,0.38625
15.0,0.0064639,0.01978,0.049248,0.10516,0.18225,0.25171,0.29421,0.31513,0.31768,0.31749,0.31646
20.0,0.0042343,0.013259,0.034121,0.075753,0.13521,0.19267,0.23257,0.25735,0.26384,0.26665,0.26817
25.0,0.0030104,0.0096644,0.025287,0.0576,0.10559,0.15417,0.19059,0.21673,0.22525,0.23007,0.23418
30.0,0.0022856,0.0074366,0.019739,0.045801,0.085638,0.12755,0.16133,0.18677,0.19682,0.20244,0.20745
40.0,0.0014689,0.0048932,0.0133,0.031959,0.061305,0.093553,0.12224,0.14608,0.15659,0.16283,0.16892
50.0,0.0010399,0.0035217,0.0097338,0.024012,0.047073,0.073348,0.098517,0.121,0.13108,0.13732,0.14322
60.0,8.242E-4,0.0028256,0.0078931,0.019822,0.039639,0.062958,0.085972,0.10719,0.117,0.12318,0.12908
70.0,7.2575E-4,0.002499,0.0070188,0.017889,0.036231,0.058211,0.080303,0.10107,0.11095,0.11737,0.12357
80.0,6.5478E-4,0.0022709,0.0064253,0.016571,0.033919,0.055012,0.076445,0.096853,0.10679,0.11325,0.11954
90.0,5.9905E-4,0.0020868,0.0059333,0.015462,0.031946,0.052229,0.073177,0.093298,0.10318,0.10959,0.11584
100.0,5.5243E-4,0.0019319,0.0055175,0.014513,0.030232,0.049804,0.070216,0.090132,0.099889,0.1063,0.11261
110.0,5.1291E-4,0.0018,0.0051614,0.01368,0.028675,0.047501,0.06726,0.08668,0.096222,0.10247,0.10863
120.0,4.7828E-4,0.0016849,0.0048514,0.012944,0.027293,0.045438,0.064614,0.08356,0.092867,0.099006,0.10508
130.0,4.4071E-4,0.0015582,0.0045045,0.012107,0.025684,0.042969,0.061375,0.079713,0.088785,0.094798,0.10076
140.0,4.0706E-4,0.0014445,0.0041919,0.011341,0.024186,0.040668,0.058368,0.076075,0.08494,0.090817,0.096656
150.0,3.7754E-4,0.0013438,0.0039124,0.010649,0.022834,0.038658,0.055705,0.072722,0.081419,0.087366,0.093306
175.0,3.1485E-4,0.0011281,0.0033102,0.0091505,0.019934,0.03421,0.049643,0.06523,0.073323,0.078665,0.084007
200.0,2.6727E-4,9.6431E-4,0.0028549,0.0080047,0.017643,0.030571,0.04454,0.058681,0.066329,0.071521,0.076762
250.0,2.0739E-4,7.5589E-4,0.002259,0.00642,0.014286,0.024774,0.036525,0.049018,0.055928,0.060797,0.065786
300.0,1.6652E-4,6.137E-4,0.0018535,0.0053049,0.011797,0.020684,0.03113,0.042389,0.048568,0.052805,0.057078
350.0,1.3751E-4,5.0915E-4,0.0015464,0.004457,0.010036,0.017764,0.026992,0.037057,0.042674,0.046533,0.050516
400.0,1.1532E-4,4.2974E-4,0.0013124,0.0038061,0.0086289,0.015455,0.023662,0.032784,0.037922,0.041466,0.045112
450.0,1.0422E-4,3.8975E-4,0.0011925,0.0033866,0.0075895,0.013502,0.02074,0.029009,0.03364,0.037008,0.04047
500.0,9.3828E-5,3.5195E-4,0.0010784,0.0030206,0.0067016,0.011891,0.018351,0.025773,0.030126,0.033206,0.036433
600.0,7.6358E-5,2.8735E-4,8.8128E-4,0.002422,0.0053372,0.0094992,0.014655,0.020792,0.024498,0.027137,0.029891
700.0,6.1752E-5,2.3338E-4,7.1959E-4,0.0019597,0.0042826,0.0075674,0.011794,0.016888,0.020031,0.022229,0.024546
800.0,5.0168E-5,1.8954E-4,5.8614E-4,0.0015839,0.0034645,0.0061765,0.0096468,0.013907,0.016585,0.01848,0.02048
1000.0,3.2024E-5,1.2246E-4,3.8209E-4,0.0010262,0.0022672,0.0040791,0.0064229,0.009369,0.011281,0.012648,0.014131
1200.0,2.0115E-5,7.7597E-5,2.4381E-4,6.6809E-4,0.0014906,0.002726,0.0043726,0.0064784,0.0078714,0.0088447,0.009905
1500.0,1.0141E-5,3.9312E-5,1.2555E-4,3.488E-4,8.0129E-4,0.0015071,0.0024779,0.0037376,0.0045951,0.0052005,0.0059255
SA0P75
r\m,4.0,4.5,5.0,5.5,6.0,6.5,7.0,7.5,7.8,8.0,8.2
0.0,0.028776,0.071911,0.14695,0.26166,0.38212,0.46188,0.49704,0.50229,0.48478,0.46929,0.45339
1.0,0.02343,0.061949,0.13271,0.24367,0.36194,0.43786,0.46903,0.47304,0.45733,0.44374,0.42944
5.0,0.0099195,0.029914,0.073047,0.15079,0.24663,0.31959,0.35913,0.37666,0.36983,0.36285,0.35473
10.0,0.005014,0.015733,0.040671,0.089857,0.15918,0.2228,0.2618,0.28317,0.28571,0.28563,0.28446
15.0,0.0029328,0.0094493,0.025205,0.0583,0.10921,0.16117,0.19868,0.2222,0.22857,0.23111,0.23272
20.0,0.0019327,0.0063745,0.017594,0.042331,0.081566,0.12395,0.15754,0.18176,0.19001,0.19421,0.19723
25.0,0.0013813,0.0046766,0.01313,0.032432,0.064171,0.099784,0.12965,0.15347,0.16252,0.16782,0.17246
30.0,0.0010533,0.0036164,0.010304,0.025939,0.052348,0.082976,0.11023,0.13265,0.14233,0.14793,0.15297
40.0,6.8086E-4,0.0023957,0.0069965,0.018262,0.037798,0.061321,0.084076,0.10432,0.11375,0.11947,0.12501
50.0,4.8407E-4,0.001733,0.0051494,0.013812,0.029219,0.048387,0.068179,0.086904,0.095674,0.10116,0.10635
60.0,3.854E-4,0.0013976,0.0041988,0.011471,0.024765,0.041813,0.059894,0.077473,0.085897,0.091236,0.096333
70.0,3.4181E-4,0.0012459,0.0037658,0.010451,0.022857,0.039025,0.056432,0.073604,0.081991,0.087446,0.09271
80.0,3.0895E-4,0.0011347,0.003457,0.0097116,0.021472,0.037009,0.053898,0.070757,0.079163,0.084638,0.089961
90.0,2.8324E-4,0.0010452,0.0032008,0.0090897,0.02029,0.03525,0.051772,0.068384,0.076731,0.082149,0.087422
100.0,2.6175E-4,9.7006E-4,0.0029846,0.0085583,0.019264,0.033722,0.049838,0.066278,0.074506,0.079922,0.085231
110.0,2.4356E-4,9.0619E-4,0.0027998,0.008093,0.018333,0.032262,0.047885,0.063929,0.071973,0.077244,0.082418
120.0,2.2762E-4,8.5041E-4,0.002639,0.0076817,0.017504,0.030956,0.046146,0.061811,0.069652,0.074828,0.079929
130.0,2.1023E-4,7.8856E-4,0.0024572,0.0072072,0.016526,0.029368,0.043966,0.059132,0.066768,0.071833,0.076834
140.0,1.9472E-4,7.333E-4,0.0022946,0.0067764,0.015622,0.027899,0.041962,0.056626,0.064083,0.069032,0.073926
150.0,1.8129E-4,6.8511E-4,0.0021516,0.0063938,0.014821,0.026652,0.040237,0.054369,0.061683,0.066687,0.071663
175.0,1.5251E-4,5.8062E-4,0.0018393,0.0055562,0.013092,0.02387,0.036259,0.04926,0.056071,0.060563,0.065032
200.0,1.3054E-4,5.0091E-4,0.0016026,0.0049148,0.011721,0.021573,0.032852,0.044703,0.051147,0.055517,0.059907
250.0,1.0327E-4,4.0109E-4,0.0012969,0.0040377,0.0097173,0.01784,0.027452,0.038038,0.043917,0.04806,0.052284
300.0,8.4468E-5,3.3244E-4,0.0010882,0.0034144,0.0081881,0.015183,0.023869,0.033557,0.038862,0.042501,0.046149
350.0,7.1113E-5,2.8148E-4,9.2737E-4,0.0029314,0.0071209,0.013319,0.021123,0.029914,0.034796,0.038143,0.041576
400.0,6.08E-5,2.4244E-4,8.0367E-4,0.0025572,0.0062526,0.011837,0.018898,0.026989,0.031506,0.034628,0.03783
450.0,5.6083E-5,2.2455E-4,7.4613E-4,0.0023236,0.0056111,0.010533,0.016862,0.024313,0.02847,0.031481,0.03458
500.0,5.1488E-5,2.0694E-4,6.8882E-4,0.0021162,0.0050492,0.0094461,0.015194,0.022015,0.025985,0.028792,0.031724
600.0,4.3676E-5,1.7635E-4,5.8812E-4,0.0017716,0.0041944,0.0078614,0.012647,0.018513,0.022036,0.024553,0.027195
700.0,3.6727E-5,1.4924E-4,5.0052E-4,0.0014936,0.0034998,0.0065096,0.010574,0.015654,0.018752,0.020942,0.023249
800.0,3.103E-5,1.2625E-4,4.2471E-4,0.0012568,0.0029508,0.0055399,0.0090331,0.013494,0.016266,0.018242,0.020333
1000.0,2.111E-5,8.7122E-5,2.9636E-4,8.7254E-4,0.0020703,0.0039342,0.0064781,0.0098208,0.011987,0.013558,0.01527
1200.0,1.4396E-5,6.0086E-5,2.063E-4,6.1848E-4,0.0014777,0.0028435,0.0047796,0.0073783,0.009075,0.010285,0.011608
1500.0,8.143E-6,3.4307E-5,1.1969E-4,3.6413E-4,8.9355E-4,0.0017666,0.0030481,0.0048061,0.0059825,0.0068305,0.0078388
SA1P0
r\m,4.0,4.5,5.0,5.5,6.0,6.5,7.0,7.5,7.8,8.0,8.2
0.0,0.016175,0.041353,0.087831,0.16459,0.25407,0.32399,0.36584,0.38559,0.38004,0.37252,0.36401
1.0,0.013147,0.035547,0.07914,0.1529,0.24005,0.30631,0.3443,0.36225,0.35773,0.35153,0.34413
5.0,0.0055691,0.017145,0.043453,0.094235,0.16273,0.22236,0.26235,0.28727,0.28822,0.28646,0.28336
10.0,0.002823,0.0090534,0.024277,0.056287,0.10517,0.15508,0.19106,0.21561,0.22229,0.22513,0.22686
15.0,0.0016575,0.0054605,0.015108,0.036666,0.072387,0.11242,0.14517,0.1692,0.1778,0.18208,0.18547
20.0,0.0010956,0.0036955,0.010586,0.026729,0.054249,0.086667,0.11529,0.13853,0.14787,0.15305,0.15721
25.0,7.8509E-4,0.0027201,0.0079275,0.020558,0.04284,0.069979,0.095085,0.11712,0.12659,0.13235,0.13754
30.0,5.9994E-4,0.0021087,0.0062386,0.016491,0.035051,0.058343,0.08102,0.10138,0.111,0.11677,0.12208
40.0,3.8897E-4,0.0014019,0.0042528,0.011664,0.025421,0.043284,0.062004,0.079945,0.088903,0.094482,0.099936
50.0,2.7717E-4,0.0010168,0.0031394,0.0088518,0.01972,0.034267,0.050436,0.066789,0.074945,0.08016,0.085157
60.0,2.2118E-4,8.2213E-4,0.0025673,0.0073746,0.016769,0.029712,0.044453,0.059722,0.067471,0.072477,0.077312
70.0,1.9685E-4,7.3579E-4,0.0023125,0.0067511,0.015554,0.02786,0.042061,0.056944,0.064603,0.069659,0.074585
80.0,1.781E-4,6.7096E-4,0.002126,0.0062842,0.014637,0.026467,0.040237,0.054823,0.062465,0.067516,0.072469
90.0,1.6345E-4,6.1884E-4,0.0019712,0.0058914,0.013855,0.025251,0.038714,0.053066,0.060632,0.065618,0.070512
100.0,1.5121E-4,5.7506E-4,0.0018406,0.0055558,0.013176,0.024195,0.037326,0.051508,0.058954,0.063921,0.068829
110.0,1.4086E-4,5.379E-4,0.0017292,0.0052622,0.01256,0.023182,0.035915,0.04975,0.05702,0.06185,0.066625
120.0,1.3178E-4,5.0544E-4,0.0016321,0.0050027,0.012011,0.022277,0.034662,0.048166,0.055246,0.059982,0.064681
130.0,1.2185E-4,4.6929E-4,0.0015218,0.004701,0.011358,0.021166,0.033071,0.046136,0.053019,0.057644,0.062241
140.0,1.1301E-4,4.3707E-4,0.0014236,0.0044281,0.010757,0.020144,0.031616,0.044249,0.050959,0.05547,0.05996
150.0,1.0541E-4,4.092E-4,0.0013379,0.0041882,0.01023,0.019289,0.030384,0.04257,0.049142,0.053684,0.058232
175.0,8.9042E-5,3.4839E-4,0.0011495,0.0036596,0.0090881,0.017375,0.027523,0.038746,0.044856,0.048936,0.053019
200.0,7.6509E-5,3.0188E-4,0.0010065,0.0032547,0.0081819,0.015788,0.02505,0.035299,0.041064,0.045016,0.049008
250.0,6.1074E-5,2.4419E-4,8.2347E-4,0.0027053,0.0068611,0.013182,0.021114,0.030285,0.035542,0.039279,0.043107
300.0,5.0387E-5,2.044E-4,6.9847E-4,0.0023135,0.0058378,0.01132,0.018528,0.026958,0.031712,0.035007,0.038328
350.0,4.2804E-5,1.7475E-4,6.013E-4,0.0020071,0.005131,0.01003,0.016552,0.024245,0.028633,0.03167,0.034796
400.0,3.6927E-5,1.5197E-4,5.2637E-4,0.0017691,0.0045514,0.0090052,0.01495,0.022071,0.026144,0.02899,0.031923
450.0,3.4388E-5,1.4217E-4,4.9382E-4,0.0016241,0.0041244,0.0080828,0.01345,0.020045,0.023824,0.026575,0.029426
500.0,3.1862E-5,1.3231E-4,4.6048E-4,0.0014943,0.0037455,0.0073124,0.012224,0.018312,0.021934,0.024518,0.027229
600.0,2.7567E-5,1.1512E-4,4.0176E-4,0.0012781,0.0031772,0.0062087,0.010381,0.015708,0.018976,0.021335,0.023832
700.0,2.3618E-5,9.9408E-5,3.4907E-4,0.0011002,0.0027037,0.0052413,0.0088444,0.013547,0.016465,0.018558,0.020777
800.0,2.0338E-5,8.5821E-5,3.0242E-4,9.4511E-4,0.0023288,0.0045572,0.0077255,0.011956,0.014628,0.016556,0.018613
1000.0,1.4272E-5,6.122E-5,2.1856E-4,6.8039E-4,0.0016949,0.0033624,0.0057615,0.0090639,0.011248,0.012857,0.014626
1200.0,1.0154E-5,4.4168E-5,1.5954E-4,5.0563E-4,0.0012665,0.0025386,0.0044462,0.0071353,0.0089149,0.010212,0.011641
1500.0,6.1041E-6,2.6932E-5,9.9044E-5,3.1916E-4,8.2027E-4,0.0016889,0.0030406,0.0049985,0.0063232,0.0073003,0.0084608
SA1P5
r\m,4.0,4.5,5.0,5.5,6.0,6.5,7.0,7.5,7.8,8.0,8.2
0.0,0.0071243,0.018595,0.04118,0.081946,0.13573,0.18634,0.22613,0.25502,0.26063,0.26123,0.26063
1.0,0.0057819,0.015953,0.03703,0.075962,0.12795,0.17574,0.2123,0.23905,0.24483,0.24605,0.24597
5.0,0.002451,0.0076888,0.020291,0.046652,0.086342,0.12696,0.16108,0.18889,0.19661,0.19989,0.20195
10.0,0.0012461,0.0040766,0.011378,0.027939,0.055894,0.088609,0.11724,0.14158,0.15143,0.15688,0.16147
15.0,7.3447E-4,0.0024693,0.0071108,0.018275,0.038604,0.064379,0.089204,0.11115,0.12111,0.12685,0.13195
20.0,4.8695E-4,0.0016767,0.0050016,0.013378,0.029034,0.049764,0.070965,0.091095,0.10079,0.10667,0.11186
25.0,3.4988E-4,0.0012383,0.0037593,0.01033,0.023016,0.040308,0.058662,0.077125,0.086374,0.092319,0.097933
30.0,2.6797E-4,9.6246E-4,0.0029669,0.0083117,0.01889,0.033696,0.050099,0.066862,0.075823,0.081525,0.086977
40.0,1.7429E-4,6.4226E-4,0.0020312,0.0059078,0.013765,0.025102,0.038475,0.052871,0.060867,0.066093,0.071323
50.0,1.2449E-4,4.6718E-4,0.0015043,0.0045,0.010718,0.019943,0.031398,0.044297,0.051427,0.056181,0.060869
60.0,9.9583E-5,3.788E-4,0.0012339,0.0037616,0.0091463,0.017353,0.027766,0.039729,0.046423,0.050919,0.055381
70.0,8.8947E-5,3.4039E-4,0.0011164,0.0034604,0.0085254,0.016348,0.026383,0.038014,0.044581,0.049067,0.053549
80.0,8.0561E-5,3.1082E-4,0.0010281,0.0032272,0.0080385,0.015559,0.025281,0.036652,0.043164,0.047618,0.052091
90.0,7.402E-5,2.8708E-4,9.5469E-4,0.0030308,0.0076233,0.01487,0.024365,0.03553,0.041953,0.046334,0.050738
100.0,6.855E-5,2.6713E-4,8.9281E-4,0.0028631,0.0072622,0.014271,0.023528,0.034535,0.040842,0.045187,0.049578
110.0,6.393E-5,2.5021E-4,8.4003E-4,0.0027164,0.0069346,0.013695,0.02267,0.033399,0.039545,0.043765,0.048031
120.0,5.9877E-5,2.3543E-4,7.9406E-4,0.0025867,0.0066425,0.01318,0.021911,0.032374,0.038354,0.042483,0.046668
130.0,5.5426E-5,2.1888E-4,7.4147E-4,0.0024346,0.0062915,0.012542,0.020933,0.031045,0.036844,0.040863,0.044943
140.0,5.147E-5,2.0417E-4,6.9482E-4,0.0022976,0.0059697,0.011957,0.020044,0.029816,0.035455,0.039365,0.04334
150.0,4.8093E-5,1.9153E-4,6.5443E-4,0.0021782,0.0056906,0.011477,0.019303,0.028737,0.034247,0.038159,0.042156
175.0,4.0784E-5,1.638E-4,5.6504E-4,0.0019136,0.0050838,0.010395,0.01757,0.026261,0.03137,0.034889,0.038482
200.0,3.5169E-5,1.4253E-4,4.9717E-4,0.0017108,0.0046013,0.0094935,0.016057,0.024004,0.028803,0.032185,0.035665
250.0,2.8306E-5,1.1639E-4,4.1095E-4,0.001438,0.0039004,0.0079965,0.013638,0.020739,0.025092,0.02826,0.031562
300.0,2.3534E-5,9.8308E-5,3.521E-4,0.0012427,0.0033486,0.0069229,0.012065,0.018601,0.022539,0.025343,0.02822
350.0,2.0152E-5,8.479E-5,3.0599E-4,0.0010887,0.0029721,0.00619,0.010867,0.016853,0.020489,0.023071,0.02577
400.0,1.7524E-5,7.4381E-5,2.7034E-4,9.6878E-4,0.0026609,0.0056081,0.0098969,0.015457,0.018835,0.021257,0.023794
450.0,1.6457E-5,7.0216E-5,2.5605E-4,8.9774E-4,0.0024326,0.0050721,0.0089659,0.014132,0.017279,0.019614,0.022078
500.0,1.5371E-5,6.5919E-5,2.4095E-4,8.3373E-4,0.0022274,0.0046238,0.0082081,0.013005,0.016022,0.018223,0.020568
600.0,1.3532E-5,5.8443E-5,2.1443E-4,7.2736E-4,0.0019259,0.0039969,0.007095,0.011348,0.014097,0.016129,0.018319
700.0,1.1785E-5,5.1392E-5,1.8986E-4,6.3821E-4,0.0016684,0.0034329,0.0061452,0.0099561,0.012437,0.014266,0.016236
800.0,1.032E-5,4.5192E-5,1.6767E-4,5.5887E-4,0.0014658,0.0030441,0.0054777,0.0089757,0.011289,0.013003,0.014862
1000.0,7.4356E-6,3.3196E-5,1.2509E-4,4.1601E-4,0.0011035,0.0023264,0.004234,0.0070633,0.009025,0.010512,0.012174
1200.0,5.4985E-6,2.4986E-5,9.5585E-5,3.2373E-4,8.6217E-4,0.0018319,0.0034118,0.0058168,0.0074745,0.0087256,0.010126
1500.0,3.4956E-6,1.6221E-5,6.3406E-5,2.1905E-4,5.9812E-4,0.0013049,0.0025026,0.0043867,0.0057099,0.0067223,0.0079312
SA2P0
r\m,4.0,4.5,5.0,5.5,6.0,6.5,7.0,7.5,7.8,8.0,8.2
0.0,0.0039422,0.010407,0.023633,0.048819,0.084659,0.12225,0.15628,0.18548,0.19507,0.19908,0.20206
1.0,0.0031973,0.0089212,0.021232,0.045211,0.079723,0.11517,0.14657,0.17369,0.18308,0.18736,0.19055
5.0,0.0013561,0.0042993,0.011627,0.027729,0.0537,0.08304,0.11101,0.13705,0.14682,0.15201,0.15626
10.0,6.9059E-4,0.0022845,0.0065326,0.016632,0.034801,0.057991,0.080792,0.10268,0.11303,0.11925,0.12487
15.0,4.0785E-4,0.0013868,0.0040919,0.010903,0.024081,0.04219,0.061527,0.080638,0.090416,0.096423,0.10203
20.0,2.7084E-4,9.4336E-4,0.0028841,0.0079988,0.018146,0.03266,0.048997,0.066132,0.075278,0.08111,0.086512
25.0,1.9488E-4,6.9794E-4,0.0021719,0.0061893,0.014415,0.026499,0.040553,0.056036,0.064548,0.070232,0.075774
30.0,1.4944E-4,5.4325E-4,0.0017168,0.0049886,0.01185,0.022185,0.034677,0.048621,0.056701,0.062053,0.067322
40.0,9.7366E-5,3.6328E-4,0.0011781,0.0035554,0.0086577,0.016565,0.026684,0.038507,0.045573,0.050361,0.055256
50.0,6.9646E-5,2.6469E-4,8.7415E-4,0.0027138,0.0067551,0.013186,0.021814,0.032311,0.038551,0.042851,0.047195
60.0,5.5785E-5,2.1496E-4,7.183E-4,0.0022728,0.0057761,0.011495,0.019325,0.029025,0.034847,0.038884,0.042985
70.0,4.9919E-5,1.9357E-4,6.5138E-4,0.0020962,0.005398,0.010856,0.018402,0.02782,0.033514,0.037518,0.041607
80.0,4.5242E-5,1.769E-4,6.0046E-4,0.001957,0.0050954,0.010344,0.01765,0.026845,0.032471,0.036432,0.040496
90.0,4.1597E-5,1.6352E-4,5.5811E-4,0.0018398,0.0048373,0.0098947,0.017026,0.026042,0.03158,0.035469,0.039463
100.0,3.8547E-5,1.5228E-4,5.224E-4,0.0017398,0.0046128,0.0095053,0.016455,0.025331,0.030761,0.034609,0.038578
110.0,3.5972E-5,1.4274E-4,4.9194E-4,0.0016522,0.0044089,0.0091294,0.015866,0.024512,0.0298,0.033534,0.037386
120.0,3.3711E-5,1.3441E-4,4.654E-4,0.0015747,0.004227,0.0087931,0.015346,0.023774,0.028915,0.032563,0.036336
130.0,3.1223E-5,1.2505E-4,4.3492E-4,0.0014835,0.0040071,0.008374,0.014671,0.02281,0.027788,0.031332,0.035003
140.0,2.9014E-5,1.1674E-4,4.0793E-4,0.0014013,0.0038059,0.0079907,0.014058,0.02192,0.026754,0.030197,0.033767
150.0,2.7133E-5,1.0963E-4,3.8465E-4,0.0013301,0.0036322,0.007678,0.013552,0.021144,0.02586,0.029291,0.032865
175.0,2.3052E-5,9.3956E-5,3.3293E-4,0.0011717,0.0032538,0.0069728,0.012363,0.019356,0.023721,0.026812,0.030027
200.0,1.9912E-5,8.1918E-5,2.9362E-4,0.0010502,0.0029526,0.0063835,0.01132,0.017717,0.021805,0.024758,0.027853
250.0,1.6086E-5,6.7192E-5,2.4388E-4,8.8736E-4,0.0025155,0.0053984,0.0096456,0.015349,0.019041,0.021787,0.024698
300.0,1.3418E-5,5.6984E-5,2.0992E-4,7.7058E-4,0.0021684,0.00469,0.0085614,0.013807,0.017144,0.019577,0.022119
350.0,1.1529E-5,4.9337E-5,1.8319E-4,6.7798E-4,0.0019328,0.0042097,0.0077373,0.012543,0.01562,0.017857,0.020234
400.0,1.0058E-5,4.3441E-5,1.625E-4,6.0584E-4,0.0017374,0.0038284,0.0070693,0.011535,0.014391,0.016486,0.018718
450.0,9.478E-6,4.1164E-5,1.5454E-4,5.6367E-4,0.0015942,0.003473,0.0064207,0.01057,0.013231,0.015243,0.017402
500.0,8.8808E-6,3.8785E-5,1.4598E-4,5.2555E-4,0.0014647,0.0031754,0.0058937,0.0097522,0.012297,0.014194,0.016244
600.0,7.8725E-6,3.4652E-5,1.31E-4,4.6232E-4,0.0012764,0.0027645,0.0051289,0.0085622,0.010884,0.012636,0.014554
700.0,6.8992E-6,3.0695E-5,1.1689E-4,4.0886E-4,0.0011137,0.0023904,0.0044695,0.0075583,0.0096572,0.01124,0.01297
800.0,6.0805E-6,2.7191E-5,1.0403E-4,3.6086E-4,9.8644E-4,0.0021364,0.0040158,0.0068706,0.0088384,0.010328,0.011968
1000.0,4.4211E-6,2.0189E-5,7.8572E-5,2.7215E-4,7.5241E-4,0.001655,0.0031464,0.0054828,0.0071688,0.0084754,0.0099579
1200.0,3.3187E-6,1.5459E-5,6.1197E-5,2.1595E-4,5.9894E-4,0.0013257,0.0025802,0.0045981,0.0060417,0.0071588,0.0084273
1500.0,2.1548E-6,1.0292E-5,4.1731E-5,1.5051E-4,4.2778E-4,9.7189E-4,0.0019492,0.0035775,0.0047619,0.005692,0.0068112
SA3P0
r\m,4.0,4.5,5.0,5.5,6.0,6.5,7.0,7.5,7.8,8.0,8.2
0.0,0.0016765,0.0044997,0.01057,0.022953,0.042347,0.065566,0.090229,0.11533,0.12658,0.13276,0.13833
1.0,0.001359,0.0038545,0.0094898,0.02124,0.039844,0.061712,0.084541,0.10791,0.1187,0.12485,0.13036
5.0,5.769E-4,0.001858,0.0051954,0.013016,0.026803,0.044432,0.063947,0.085049,0.095096,0.1012,0.1068
10.0,2.9432E-4,9.8969E-4,0.0029258,0.0078219,0.017396,0.031061,0.046559,0.063716,0.073205,0.079379,0.08533
15.0,1.742E-4,6.023E-4,0.0018373,0.0051405,0.012064,0.022635,0.035499,0.050072,0.058582,0.064199,0.069729
20.0,1.1589E-4,4.1052E-4,0.001298,0.0037804,0.0091105,0.017552,0.028306,0.041101,0.048805,0.054031,0.059146
25.0,8.3525E-5,3.0432E-4,9.7956E-4,0.0029319,0.0072534,0.014269,0.023463,0.034861,0.04188,0.046815,0.051832
30.0,6.4139E-5,2.3726E-4,7.7566E-4,0.0023677,0.0059743,0.011966,0.020092,0.030279,0.036819,0.04139,0.046074
40.0,4.1877E-5,1.5906E-4,5.338E-4,0.0016928,0.0043781,0.0089587,0.015496,0.024025,0.029637,0.033634,0.037857
50.0,3.0006E-5,1.1612E-4,3.9696E-4,0.0012953,0.0034245,0.0071477,0.012694,0.020194,0.025105,0.028651,0.032363
60.0,2.4073E-5,9.4482E-5,3.2686E-4,0.0010872,0.0029348,0.0062452,0.011269,0.018172,0.022727,0.026032,0.029509
70.0,2.1585E-5,8.5279E-5,2.9717E-4,0.0010055,0.0027504,0.0059135,0.010755,0.01745,0.02189,0.02515,0.028593
80.0,1.958E-5,7.8022E-5,2.7429E-4,9.4009E-4,0.0026,0.0056418,0.010328,0.016853,0.021225,0.024438,0.027845
90.0,1.8018E-5,7.2197E-5,2.5525E-4,8.8493E-4,0.0024715,0.0054033,0.009973,0.016363,0.020657,0.023806,0.027147
100.0,1.671E-5,6.73E-5,2.3918E-4,8.378E-4,0.0023596,0.0051963,0.0096474,0.015928,0.020133,0.023239,0.026548
110.0,1.5605E-5,6.3145E-5,2.2547E-4,7.9653E-4,0.0022578,0.0049957,0.0093101,0.015424,0.019513,0.022526,0.025734
120.0,1.4635E-5,5.9509E-5,2.1351E-4,7.5999E-4,0.0021669,0.0048161,0.0090121,0.014967,0.018942,0.021881,0.025017
130.0,1.3564E-5,5.5411E-5,1.9971E-4,7.1667E-4,0.0020562,0.0045907,0.0086221,0.014368,0.01821,0.021059,0.024104
140.0,1.2613E-5,5.1773E-5,1.8751E-4,6.777E-4,0.001955,0.0043848,0.0082684,0.013816,0.01754,0.020303,0.023258
150.0,1.1806E-5,4.8671E-5,1.7702E-4,6.4409E-4,0.0018681,0.004218,0.0079785,0.013336,0.016964,0.019704,0.022646
175.0,1.0049E-5,4.1809E-5,1.5361E-4,5.6897E-4,0.0016782,0.0038408,0.0072942,0.012227,0.015578,0.01805,0.0207
200.0,8.6945E-6,3.6526E-5,1.3579E-4,5.1127E-4,0.0015268,0.0035242,0.0066896,0.011203,0.01433,0.016676,0.019208
250.0,7.0477E-6,3.0084E-5,1.1331E-4,4.3418E-4,0.0013069,0.0029912,0.0057157,0.0097247,0.012531,0.014691,0.017046
300.0,5.8954E-6,2.5605E-5,9.7942E-5,3.7869E-4,0.0011306,0.0026062,0.005086,0.008764,0.011296,0.01321,0.015269
350.0,5.0788E-6,2.224E-5,8.5774E-5,3.3442E-4,0.0010114,0.0023464,0.0046071,0.0079737,0.010302,0.012056,0.01397
400.0,4.4415E-6,1.964E-5,7.6333E-5,2.9985E-4,9.1201E-4,0.00214,0.0042183,0.007343,0.0094981,0.011136,0.012927
450.0,4.1958E-6,1.8665E-5,7.2827E-5,2.7985E-4,8.3915E-4,0.0019451,0.0038365,0.0067342,0.008738,0.0103,0.01202
500.0,3.9399E-6,1.7631E-5,6.899E-5,2.6169E-4,7.7274E-4,0.0017816,0.0035263,0.0062195,0.0081262,0.0095951,0.011223
600.0,3.5085E-6,1.5839E-5,6.2284E-5,2.316E-4,6.7712E-4,0.001558,0.0030803,0.0054759,0.0072089,0.0085592,0.010074
700.0,3.0861E-6,1.4097E-5,5.5869E-5,2.0591E-4,5.9349E-4,0.0013523,0.002692,0.0048463,0.0064085,0.0076264,0.0089892
800.0,2.7295E-6,1.2545E-5,4.9973E-5,1.8265E-4,5.2835E-4,0.0012143,0.0024296,0.0044248,0.0058894,0.0070343,0.0083253
1000.0,1.9904E-6,9.3581E-6,3.7974E-5,1.387E-4,4.0568E-4,9.4697E-4,0.0019152,0.0035518,0.0048055,0.0058086,0.0069722
1200.0,1.5057E-6,7.2386E-6,2.9939E-5,1.1144E-4,3.2665E-4,7.6579E-4,0.0015854,0.0030073,0.0040841,0.0049465,0.0059471
1500.0,9.8654E-7,4.8843E-6,2.0744E-5,7.9071E-5,2.3733E-4,5.7061E-4,0.0012174,0.0023812,0.0032748,0.0040012,0.004888
SA4P0
r\m,4.0,4.5,5.0,5.5,6.0,6.5,7.0,7.5,7.8,8.0,8.2
0.0,8.9775E-4,0.0024433,0.0058857,0.013243,0.025522,0.041517,0.060223,0.081217,0.091973,0.098439,0.10459
1.0,7.2762E-4,0.0020925,0.0052829,0.012251,0.024007,0.039063,0.056407,0.075964,0.086227,0.09255,0.09854
5.0,3.0908E-4,0.0010091,0.0028928,0.0075069,0.016145,0.028114,0.042652,0.059857,0.06906,0.074998,0.080714
10.0,1.5787E-4,5.3827E-4,0.0016314,0.0045169,0.010489,0.01967,0.03107,0.044853,0.053172,0.058835,0.064493
15.0,9.3556E-5,3.2804E-4,0.001026,0.0029728,0.0072837,0.014349,0.023709,0.035268,0.042567,0.047598,0.052713
20.0,6.2307E-5,2.2386E-4,7.2578E-4,0.0021894,0.0055079,0.011139,0.018921,0.028967,0.035481,0.040076,0.044727
25.0,4.495E-5,1.6614E-4,5.4843E-4,0.0017003,0.0043909,0.0090657,0.015698,0.024586,0.030462,0.034739,0.039211
30.0,3.4546E-5,1.2966E-4,4.3474E-4,0.0013746,0.0036207,0.0076105,0.013454,0.021368,0.026795,0.030727,0.034867
40.0,2.2587E-5,8.7059E-5,2.9971E-4,9.8469E-4,0.0026583,0.0057075,0.010392,0.016974,0.021589,0.024989,0.028668
50.0,1.6202E-5,6.3644E-5,2.232E-4,7.5465E-4,0.0020825,0.0045603,0.0085241,0.014283,0.018304,0.021302,0.024522
60.0,1.3012E-5,5.1845E-5,1.8403E-4,6.3429E-4,0.0017873,0.0039899,0.0075762,0.012866,0.016583,0.019369,0.022373
70.0,1.1681E-5,4.6859E-5,1.6756E-4,5.8759E-4,0.0016777,0.0037837,0.0072404,0.012368,0.015986,0.018726,0.021692
80.0,1.0603E-5,4.2905E-5,1.548E-4,5.4988E-4,0.0015874,0.0036129,0.0069574,0.011952,0.015508,0.018203,0.021131
90.0,9.7627E-6,3.973E-5,1.4417E-4,5.1806E-4,0.0015102,0.0034628,0.0067231,0.01161,0.015099,0.017738,0.020606
100.0,9.0591E-6,3.706E-5,1.3519E-4,4.9086E-4,0.001443,0.0033326,0.0065075,0.011307,0.014721,0.017321,0.020155
110.0,8.4645E-6,3.4793E-5,1.2753E-4,4.6701E-4,0.0013817,0.0032059,0.0062832,0.010952,0.014272,0.016792,0.019539
120.0,7.9417E-6,3.2808E-5,1.2084E-4,4.4589E-4,0.001327,0.0030925,0.006085,0.010632,0.013857,0.016313,0.018996
130.0,7.3638E-6,3.0565E-5,1.131E-4,4.2075E-4,0.0012599,0.0029493,0.0058242,0.010209,0.013324,0.015703,0.018303
140.0,6.8506E-6,2.8574E-5,1.0625E-4,3.9812E-4,0.0011987,0.0028185,0.0055877,0.0098194,0.012836,0.015141,0.017662
150.0,6.4156E-6,2.6878E-5,1.0038E-4,3.7865E-4,0.0011462,0.0027131,0.0053945,0.009482,0.012417,0.014697,0.0172
175.0,5.4667E-6,2.3118E-5,8.7228E-5,3.35E-4,0.0010313,0.0024739,0.0049371,0.0086993,0.011408,0.013466,0.015722
200.0,4.7336E-6,2.0218E-5,7.7206E-5,3.0144E-4,9.3945E-4,0.0022726,0.0045314,0.0079741,0.010495,0.012441,0.014586
250.0,3.8432E-6,1.6687E-5,6.4575E-5,2.5662E-4,8.0603E-4,0.0019321,0.0038759,0.0069251,0.0091787,0.010959,0.01294
300.0,3.2186E-6,1.4225E-5,5.5921E-5,2.2427E-4,6.9836E-4,0.0016853,0.0034517,0.0062429,0.0082729,0.0098496,0.011582
350.0,2.7754E-6,1.2371E-5,4.9044E-5,1.9835E-4,6.2561E-4,0.0015189,0.0031284,0.0056799,0.0075421,0.0089835,0.010587
400.0,2.429E-6,1.0936E-5,4.3698E-5,1.7806E-4,5.6472E-4,0.0013864,0.0028653,0.0052297,0.0069496,0.0082911,0.0097868
450.0,2.2962E-6,1.0402E-5,4.1735E-5,1.6635E-4,5.2E-4,0.0012605,0.0026057,0.0047935,0.0063887,0.0076612,0.0090902
500.0,2.157E-6,9.8332E-6,3.9567E-5,1.5568E-4,4.7907E-4,0.0011547,0.0023945,0.0044248,0.0059365,0.00713,0.0084771
600.0,1.9223E-6,8.8441E-6,3.5776E-5,1.3798E-4,4.2024E-4,0.0010102,0.0020913,0.0038922,0.0052591,0.0063498,0.007596
700.0,1.691E-6,7.8768E-6,3.2119E-5,1.2278E-4,3.6846E-4,8.767E-4,0.0018261,0.0034402,0.0046668,0.0056462,0.0067618
800.0,1.4953E-6,7.0116E-6,2.8744E-5,1.0896E-4,3.2814E-4,7.872E-4,0.0016475,0.0031389,0.0042846,0.0052015,0.0062534
1000.0,1.0871E-6,5.2194E-6,2.181E-5,8.2643E-5,2.5156E-4,6.127E-4,0.0012953,0.0025113,0.0034835,0.0042793,0.0052173
1200.0,8.2114E-7,4.0359E-6,1.7206E-5,6.6439E-5,2.0253E-4,4.9479E-4,0.0010702,0.0021215,0.0029515,0.0036317,0.0044334
1500.0,5.3534E-7,2.7157E-6,1.1902E-5,4.7103E-5,1.4692E-4,3.6777E-4,8.1938E-4,0.0016748,0.0023581,0.0029263,0.0036281
SA5P0
r\m,4.0,4.5,5.0,5.5,6.0,6.5,7.0,7.5,7.8,8.0,8.2
0.0,5.4312E-4,0.001497,0.0036829,0.0085276,0.017017,0.028788,0.043544,0.061284,0.071164,0.077417,0.083565
1.0,4.4017E-4,0.0012819,0.0033054,0.0078884,0.016005,0.027083,0.040778,0.057312,0.066709,0.072776,0.078721
5.0,1.8707E-4,6.1846E-4,0.0018105,0.0048343,0.010764,0.019491,0.030834,0.04516,0.053427,0.058974,0.064478
10.0,9.5632E-5,3.3024E-4,0.0010221,0.0029115,0.0069989,0.013646,0.022472,0.033851,0.041147,0.046274,0.051529
15.0,5.6725E-5,2.0146E-4,6.4345E-4,0.0019183,0.0048648,0.009963,0.017159,0.026629,0.032952,0.037448,0.042127
20.0,3.7807E-5,1.376E-4,4.5562E-4,0.0014142,0.0036821,0.0077405,0.013703,0.021883,0.027477,0.03154,0.035755
25.0,2.7294E-5,1.0221E-4,3.446E-4,0.0010993,0.0029382,0.0063049,0.011376,0.018582,0.023601,0.02735,0.031355
30.0,2.0991E-5,7.9821E-5,2.7338E-4,8.8948E-4,0.0024248,0.0052968,0.0097567,0.016159,0.020768,0.024199,0.027889
40.0,1.3738E-5,5.3661E-5,1.8871E-4,6.3805E-4,0.0017827,0.0039773,0.0075442,0.012847,0.016745,0.019693,0.022943
50.0,9.8632E-6,3.9268E-5,1.4069E-4,4.8957E-4,0.0013982,0.0031813,0.006194,0.010819,0.014206,0.016796,0.019634
60.0,7.9274E-6,3.2017E-5,1.1612E-4,4.1192E-4,0.0012012,0.0027861,0.0055101,0.0097525,0.012879,0.015281,0.017921
70.0,7.1228E-6,2.8967E-5,1.0584E-4,3.8203E-4,0.0011289,0.0026449,0.0052707,0.0093816,0.012422,0.01478,0.017382
80.0,6.4688E-6,2.6539E-5,9.7849E-5,3.5777E-4,0.0010689,0.0025273,0.0050676,0.00907,0.012055,0.014372,0.016936
90.0,5.9591E-6,2.4589E-5,9.1185E-5,3.3729E-4,0.0010176,0.0024237,0.0048995,0.0088141,0.01174,0.014008,0.016518
100.0,5.5321E-6,2.2948E-5,8.5556E-5,3.1977E-4,9.7283E-4,0.0023338,0.0047444,0.0085866,0.011449,0.013681,0.016159
110.0,5.1711E-6,2.1555E-5,8.0749E-5,3.0441E-4,9.3206E-4,0.0022462,0.0045827,0.00832,0.011102,0.013265,0.015666
120.0,4.8535E-6,2.0335E-5,7.6554E-5,2.9079E-4,8.9556E-4,0.0021676,0.0044398,0.0080786,0.010781,0.012888,0.015231
130.0,4.5018E-6,1.8952E-5,7.1681E-5,2.7453E-4,8.5072E-4,0.0020681,0.0042508,0.0077586,0.010367,0.012407,0.014676
140.0,4.1895E-6,1.7725E-5,6.7372E-5,2.5989E-4,8.0973E-4,0.0019772,0.0040794,0.0074641,0.0099891,0.011963,0.014162
150.0,3.9248E-6,1.668E-5,6.3677E-5,2.473E-4,7.7465E-4,0.001904,0.0039398,0.0072092,0.0096647,0.011613,0.013792
175.0,3.3468E-6,1.436E-5,5.5392E-5,2.1903E-4,6.9769E-4,0.0017378,0.0036082,0.0066167,0.0088806,0.010641,0.012606
200.0,2.8997E-6,1.2568E-5,4.907E-5,1.9726E-4,6.3613E-4,0.0015976,0.0033133,0.0060662,0.0081703,0.0098305,0.011693
250.0,2.3567E-6,1.0386E-5,4.1102E-5,1.682E-4,5.4657E-4,0.0013595,0.0028356,0.0052689,0.0071442,0.0086559,0.010367
300.0,1.9749E-6,8.8621E-6,3.5633E-5,1.4716E-4,4.7396E-4,0.0011866,0.0025259,0.0047493,0.0064362,0.0077745,0.0092706
350.0,1.7038E-6,7.7122E-6,3.1275E-5,1.3025E-4,4.2488E-4,0.0010698,0.0022895,0.0043193,0.0058636,0.0070845,0.0084647
400.0,1.4914E-6,6.8203E-6,2.7881E-5,1.1699E-4,3.8368E-4,9.7668E-4,0.0020966,0.0039746,0.0053983,0.0065316,0.0078153
450.0,1.4101E-6,6.4893E-6,2.6638E-5,1.0933E-4,3.5335E-4,8.8783E-4,0.0019057,0.0036401,0.0049574,0.0060282,0.0072493
500.0,1.3245E-6,6.1348E-6,2.5259E-5,1.0234E-4,3.2551E-4,8.1306E-4,0.0017501,0.003357,0.0046014,0.0056031,0.0067507
600.0,1.18E-6,5.5176E-6,2.2841E-5,9.0709E-5,2.8546E-4,7.1078E-4,0.0015266,0.0029474,0.0040671,0.0049774,0.0060327
700.0,1.0371E-6,4.9113E-6,2.0497E-5,8.0675E-5,2.5007E-4,6.1605E-4,0.0013306,0.0025992,0.0035992,0.004413,0.005353
800.0,9.1593E-7,4.3678E-6,1.8329E-5,7.1531E-5,2.2248E-4,5.5239E-4,0.0011984,0.0023666,0.0032965,0.0040547,0.0049365
1000.0,6.6293E-7,3.2386E-6,1.3858E-5,5.4061E-5,1.6989E-4,4.2806E-4,9.3738E-4,0.0018825,0.0026637,0.0033145,0.0040915
1200.0,4.9867E-7,2.4956E-6,1.0899E-5,4.3327E-5,1.3627E-4,3.4408E-4,7.7049E-4,0.0015811,0.0022423,0.0027938,0.003452
1500.0,3.2222E-7,1.6664E-6,7.4868E-6,3.051E-5,9.8116E-5,2.5362E-4,5.8455E-4,0.0012363,0.0017733,0.0022277,0.0027942
SA7P5
r\m,4.0,4.5,5.0,5.5,6.0,6.5,7.0,7.5,7.8,8.0,8.2
0.0,2.0676E-4,5.8614E-4,0.0015052,0.0036868,0.0078665,0.014341,0.023484,0.035842,0.043656,0.048992,0.054505
1.0,1.6758E-4,5.0194E-4,0.0013509,0.0034104,0.0073984,0.01349,0.021991,0.033515,0.04092,0.046051,0.051341
5.0,7.1297E-5,2.4239E-4,7.406E-4,0.0020914,0.0049781,0.0097128,0.016635,0.026418,0.032783,0.037327,0.042062
10.0,3.6502E-5,1.2966E-4,4.1885E-4,0.0012617,0.003242,0.0068093,0.012136,0.019819,0.025265,0.029307,0.033632
15.0,2.1685E-5,7.9237E-5,2.6416E-4,8.3282E-4,0.0022573,0.0049788,0.0092786,0.015605,0.020249,0.023733,0.027511
20.0,1.4473E-5,5.4201E-5,1.8736E-4,6.1503E-4,0.0017113,0.0038737,0.0074187,0.012836,0.016899,0.020003,0.023364
25.0,1.0462E-5,4.0318E-5,1.4193E-4,4.7887E-4,0.0013677,0.0031598,0.0061665,0.010911,0.014526,0.017358,0.020501
30.0,8.0549E-6,3.1528E-5,1.1275E-4,3.8803E-4,0.0011304,0.0026581,0.0052947,0.0094961,0.012792,0.015368,0.018245
40.0,5.2819E-6,2.1242E-5,7.8017E-5,2.7905E-4,8.3308E-4,0.0020004,0.0041022,0.0075622,0.010328,0.012521,0.015025
50.0,3.7984E-6,1.5573E-5,5.8283E-5,2.1456E-4,6.5477E-4,0.0016032,0.0033739,0.0063775,0.0087726,0.01069,0.012868
60.0,3.0575E-6,1.2719E-5,4.8191E-5,1.8088E-4,5.6359E-4,0.0014066,0.0030061,0.0057564,0.0079617,0.0097348,0.011755
70.0,2.7513E-6,1.1527E-5,4.4008E-5,1.6808E-4,5.3067E-4,0.0013377,0.00288,0.0055444,0.0076873,0.0094241,0.011409
80.0,2.5014E-6,1.0574E-5,4.0739E-5,1.5763E-4,5.0316E-4,0.0012798,0.002772,0.0053647,0.007465,0.0091687,0.011121
90.0,2.3066E-6,9.8083E-6,3.8011E-5,1.4879E-4,4.7961E-4,0.0012287,0.0026826,0.0052171,0.0072743,0.0089404,0.010851
100.0,2.1431E-6,9.1632E-6,3.5704E-5,1.4123E-4,4.5903E-4,0.0011843,0.0025999,0.0050857,0.0070973,0.0087348,0.010617
110.0,2.0049E-6,8.615E-6,3.3732E-5,1.3459E-4,4.4024E-4,0.0011409,0.0025132,0.0049304,0.0068846,0.0084716,0.010295
120.0,1.8831E-6,8.1342E-6,3.201E-5,1.2869E-4,4.2339E-4,0.0011019,0.0024364,0.0047895,0.0066874,0.0082326,0.01001
130.0,1.7479E-6,7.5872E-6,2.9998E-5,1.216E-4,4.0253E-4,0.0010521,0.002334,0.0046015,0.0064324,0.0079259,0.0096453
140.0,1.6277E-6,7.1011E-6,2.8218E-5,1.1521E-4,3.8346E-4,0.0010066,0.0022412,0.0044284,0.0061989,0.0076435,0.0093074
150.0,1.5258E-6,6.6877E-6,2.6693E-5,1.0973E-4,3.6714E-4,9.7003E-4,0.0021657,0.0042787,0.0059988,0.0074208,0.0090645
175.0,1.3029E-6,5.7667E-6,2.3261E-5,9.7362E-5,3.3126E-4,8.867E-4,0.0019857,0.0039294,0.0055135,0.0067995,0.0082822
200.0,1.13E-6,5.0536E-6,2.0637E-5,8.7823E-5,3.0247E-4,8.1614E-4,0.0018247,0.0036034,0.0050721,0.0062795,0.0076785
250.0,9.1988E-7,4.1852E-6,1.7326E-5,7.5067E-5,2.6045E-4,6.9559E-4,0.0015628,0.0031295,0.0044321,0.0055234,0.0067977
300.0,7.716E-7,3.5759E-6,1.5045E-5,6.5784E-5,2.2612E-4,6.075E-4,0.0013923,0.0028189,0.0039878,0.0049525,0.0060661
350.0,6.6595E-7,3.1143E-6,1.3218E-5,5.8281E-5,2.0285E-4,5.4784E-4,0.0012614,0.0025606,0.0036266,0.0045033,0.0055248
400.0,5.8298E-7,2.755E-6,1.1788E-5,5.2369E-5,1.832E-4,5.0002E-4,0.0011541,0.0023523,0.0033315,0.0041413,0.0050864
450.0,5.5102E-7,2.6212E-6,1.1264E-5,4.894E-5,1.6867E-4,4.5413E-4,0.0010475,0.0021497,0.0030516,0.0038112,0.0047031
500.0,5.1726E-7,2.477E-6,1.0677E-5,4.5792E-5,1.5525E-4,4.1536E-4,9.6023E-4,0.0019779,0.0028245,0.0035314,0.0043646
600.0,4.5992E-7,2.2244E-6,9.6421E-6,4.0525E-5,1.3587E-4,3.6202E-4,8.3427E-4,0.0017275,0.0024814,0.0031166,0.0038731
700.0,4.0297E-7,1.9747E-6,8.6309E-6,3.5944E-5,1.1862E-4,3.1246E-4,7.2334E-4,0.0015139,0.0021806,0.0027424,0.0034091
800.0,3.545E-7,1.75E-6,7.6912E-6,3.1754E-5,1.0511E-4,2.7884E-4,6.4785E-4,0.0013696,0.0019831,0.0025007,0.0031187
1000.0,2.5364E-7,1.2837E-6,5.7541E-6,2.3742E-5,7.9331E-5,2.1333E-4,4.995E-4,0.001072,0.0015751,0.0020081,0.0025376
1200.0,1.8839E-7,9.7751E-7,4.4745E-6,1.8804E-5,6.281E-5,1.6896E-4,4.0396E-4,8.8453E-4,0.0013008,0.0016593,0.0020972
1500.0,1.1869E-7,6.3739E-7,3.0028E-6,1.2935E-5,4.4107E-5,1.2121E-4,2.9773E-4,6.7071E-4,9.9611E-4,0.00128,0.0016406
SA10P0
r\m,4.0,4.5,5.0,5.5,6.0,6.5,7.0,7.5,7.8,8.0,8.2
0.0,1.0079E-4,2.9258E-4,7.7723E-4,0.0019872,0.004458,0.0085899,0.014916,0.024161,0.030482,0.035001,0.039819
1.0,8.1701E-5,2.5058E-4,6.9765E-4,0.0018384,0.0041931,0.0080811,0.013968,0.022594,0.028573,0.032901,0.037509
5.0,3.4789E-5,1.211E-4,3.8275E-4,0.0011282,0.0028231,0.0058216,0.010571,0.017818,0.0229,0.026678,0.03074
10.0,1.783E-5,6.4862E-5,2.1674E-4,6.8145E-4,0.0018407,0.0040856,0.0077193,0.013376,0.01766,0.020958,0.024591
15.0,1.0604E-5,3.9684E-5,1.3687E-4,4.5036E-4,0.0012831,0.0029905,0.0059072,0.01054,0.014163,0.016982,0.020126
20.0,7.0841E-6,2.7174E-5,9.7188E-5,3.3298E-4,9.739E-4,0.0023291,0.0047273,0.0086764,0.011827,0.014321,0.0171
25.0,5.1253E-6,2.0235E-5,7.3699E-5,2.5955E-4,7.7923E-4,0.0019018,0.0039328,0.0073801,0.010173,0.012434,0.015012
30.0,3.9493E-6,1.5837E-5,5.8605E-5,2.1053E-4,6.4463E-4,0.0016013,0.0033796,0.0064275,0.0089636,0.011014,0.013366
40.0,2.5935E-6,1.0687E-5,4.0621E-5,1.5167E-4,4.7592E-4,0.001207,0.0026221,0.0051246,0.0072445,0.0089819,0.011016
50.0,1.8674E-6,7.8463E-6,3.0391E-5,1.168E-4,3.7462E-4,9.6873E-4,0.0021593,0.0043264,0.0061587,0.0076744,0.0094404
60.0,1.5048E-6,6.4164E-6,2.5162E-5,9.8598E-5,3.2289E-4,8.51E-4,0.0019261,0.0039087,0.0055939,0.0069932,0.0086287
70.0,1.3556E-6,5.8222E-6,2.3008E-5,9.1747E-5,3.0444E-4,8.1032E-4,0.0018473,0.003768,0.005405,0.0067741,0.008379
80.0,1.2335E-6,5.3459E-6,2.1321E-5,8.6133E-5,2.8895E-4,7.7598E-4,0.0017795,0.0036482,0.0052514,0.0065934,0.0081705
90.0,1.1383E-6,4.963E-6,1.9912E-5,8.1383E-5,2.7568E-4,7.4566E-4,0.0017234,0.0035499,0.0051195,0.0064315,0.0079738
100.0,1.0584E-6,4.6403E-6,1.872E-5,7.7313E-5,2.6408E-4,7.1927E-4,0.0016713,0.0034621,0.0049968,0.0062855,0.0078039
110.0,9.9075E-7,4.3659E-6,1.77E-5,7.3735E-5,2.5346E-4,6.9338E-4,0.0016165,0.0033578,0.0048485,0.0060974,0.0075681
120.0,9.3112E-7,4.125E-6,1.6808E-5,7.0557E-5,2.4393E-4,6.7009E-4,0.0015679,0.003263,0.0047108,0.0059265,0.0073593
130.0,8.647E-7,3.8499E-6,1.5762E-5,6.6713E-5,2.3206E-4,6.4016E-4,0.0015027,0.0031359,0.0045321,0.0057064,0.0070915
140.0,8.0562E-7,3.6053E-6,1.4836E-5,6.3249E-5,2.212E-4,6.1278E-4,0.0014435,0.0030187,0.0043682,0.0055035,0.0068432
150.0,7.5558E-7,3.3974E-6,1.4042E-5,6.0275E-5,2.1191E-4,5.9084E-4,0.0013954,0.0029174,0.0042279,0.0053437,0.0066647
175.0,6.4582E-7,2.9329E-6,1.2253E-5,5.3554E-5,1.9144E-4,5.4067E-4,0.0012805,0.0026804,0.0038866,0.0048962,0.0060884
200.0,5.6059E-7,2.5727E-6,1.0882E-5,4.8359E-5,1.7498E-4,4.9806E-4,0.0011773,0.0024584,0.0035753,0.0045209,0.0056425
250.0,4.5689E-7,2.1337E-6,9.151E-6,4.1403E-5,1.5089E-4,4.2493E-4,0.0010088,0.0021349,0.0031224,0.0039732,0.0049897
300.0,3.8348E-7,1.8247E-6,7.9543E-6,3.6319E-5,1.311E-4,3.7125E-4,8.9873E-4,0.0019219,0.0028065,0.0035579,0.0044454
350.0,3.3105E-7,1.5899E-6,6.9916E-6,3.2192E-5,1.1764E-4,3.3479E-4,8.1385E-4,0.0017439,0.0025487,0.0032296,0.0040406
400.0,2.8977E-7,1.4065E-6,6.2363E-6,2.8929E-5,1.0624E-4,3.0544E-4,7.4398E-4,0.0015998,0.0023371,0.002964,0.0037115
450.0,2.7379E-7,1.3379E-6,5.9578E-6,2.7028E-5,9.7758E-5,2.7717E-4,6.7436E-4,0.0014594,0.0021363,0.0027214,0.0034231
500.0,2.5684E-7,1.2636E-6,5.6446E-6,2.5275E-5,8.9911E-5,2.5322E-4,6.1725E-4,0.0013401,0.0019727,0.0025152,0.0031679
600.0,2.2793E-7,1.1328E-6,5.0892E-6,2.2327E-5,7.8509E-5,2.2006E-4,5.3433E-4,0.0011651,0.0017241,0.0022073,0.0027943
700.0,1.9914E-7,1.0031E-6,4.5436E-6,1.9748E-5,6.8321E-5,1.8921E-4,4.6113E-4,0.0010155,0.0015059,0.0019298,0.0024427
800.0,1.7456E-7,8.8592E-7,4.0351E-6,1.7383E-5,6.0298E-5,1.6809E-4,4.1087E-4,9.1322E-4,0.0013607,0.0017477,0.0022185
1000.0,1.2367E-7,6.4363E-7,2.9901E-6,1.2869E-5,4.5026E-5,1.271E-4,3.1268E-4,7.0446E-4,0.0010642,0.0013811,0.0017753
1200.0,9.0778E-8,4.8455E-7,2.2989E-6,1.0073E-5,3.5196E-5,9.925E-5,2.4901E-4,5.7163E-4,8.6328E-4,0.0011203,0.0014394
1500.0,5.5879E-8,3.0888E-7,1.5081E-6,6.7695E-6,2.4116E-5,6.9359E-5,1.7845E-4,4.2069E-4,6.4079E-4,8.3694E-4,0.0010895
