PGA
r\m,4.0,4.5,5.0,5.5,6.0,6.5,7.0,7.5,7.8,8.0,8.2
0.0,0.71107,0.87782,1.0639,1.2036,1.3444,1.4815,1.5958,1.6744,1.7101,1.729,1.7445
1.0,0.63422,0.83182,1.0207,1.1619,1.3037,1.4451,1.566,1.6512,1.6886,1.7065,1.7197
5.0,0.2092,0.37366,0.6003,0.81952,0.9947,1.1644,1.308,1.4091,1.4495,1.4677,1.4812
10.0,0.077476,0.15325,0.27828,0.4489,0.60822,0.7844,0.94904,1.078,1.1297,1.1538,1.1732
15.0,0.038561,0.079886,0.15378,0.2661,0.38736,0.53876,0.69896,0.83929,0.90154,0.93132,0.955
20.0,0.021964,0.046867,0.093355,0.16781,0.25575,0.37541,0.51663,0.65615,0.72731,0.76545,0.79655
25.0,0.013931,0.030409,0.062083,0.11464,0.1804,0.27485,0.39477,0.52391,0.59621,0.63855,0.67552
30.0,0.009571,0.021255,0.044187,0.083169,0.13382,0.20932,0.31037,0.4265,0.49617,0.53924,0.57892
40.0,0.0052394,0.011948,0.025543,0.049414,0.081899,0.13278,0.20559,0.29715,0.35687,0.39644,0.4413
50.0,0.0032489,0.0075656,0.016531,0.032681,0.055472,0.092645,0.14897,0.22616,0.28144,0.32108,0.36288
60.0,0.0023877,0.0056485,0.012543,0.025185,0.043466,0.07385,0.1209,0.18721,0.236,0.27166,0.30984
70.0,0.0020561,0.0048968,0.010941,0.022069,0.038231,0.06526,0.10757,0.16824,0.2135,0.24694,0.28307
80.0,0.0017966,0.0043046,0.0096722,0.019589,0.034055,0.058385,0.096833,0.15265,0.1948,0.22621,0.26039
90.0,0.0015913,0.0038325,0.0086539,0.017598,0.030714,0.05289,0.088147,0.13983,0.17917,0.20868,0.24093
100.0,0.0014203,0.003437,0.0077957,0.01591,0.027876,0.048185,0.080651,0.12863,0.16541,0.19314,0.22357
110.0,0.0012757,0.0031005,0.0070608,0.01446,0.025422,0.044101,0.074107,0.11874,0.15316,0.17925,0.20799
120.0,0.001151,0.0028088,0.0064217,0.013194,0.023273,0.040506,0.068303,0.10992,0.14219,0.16675,0.19388
130.0,0.0010117,0.0024856,0.0057207,0.011827,0.021003,0.036797,0.06246,0.10124,0.13157,0.15476,0.18052
140.0,8.9434E-4,0.0022111,0.0051218,0.01065,0.019028,0.033544,0.057301,0.09348,0.122,0.14393,0.16839
150.0,7.9473E-4,0.0019763,0.0046049,0.0096266,0.017297,0.030668,0.052692,0.086479,0.1133,0.13404,0.15727
175.0,5.941E-4,0.0014968,0.0035348,0.0074828,0.013633,0.024505,0.04267,0.070974,0.093837,0.11171,0.1319
200.0,4.5406E-4,0.0011573,0.0027657,0.00592,0.010915,0.019852,0.034991,0.058915,0.078477,0.093894,0.11145
250.0,2.7926E-4,7.2607E-4,0.0017701,0.003868,0.0072828,0.013519,0.024299,0.041764,0.056316,0.067932,0.081321
300.0,1.802E-4,4.763E-4,0.0011807,0.0026258,0.0050322,0.0094989,0.017354,0.030319,0.041276,0.050119,0.060413
350.0,1.2018E-4,3.2224E-4,8.1042E-4,0.0018308,0.003562,0.0068213,0.01263,0.022373,0.030699,0.037484,0.045428
400.0,8.2144E-5,2.2314E-4,5.6848E-4,0.0013022,0.0025666,0.0049779,0.0093274,0.016709,0.023086,0.028314,0.034468
450.0,5.5864E-5,1.5368E-4,3.9673E-4,9.2676E-4,0.0018567,0.0036548,0.0069332,0.012565,0.017468,0.021504,0.026277
500.0,3.867E-5,1.0764E-4,2.8124E-4,6.6823E-4,0.0013581,0.002708,0.0051956,0.0095108,0.01329,0.016421,0.020144
600.0,2.3613E-5,6.6566E-5,1.7448E-4,4.1867E-4,8.5492E-4,0.0017048,0.0032683,0.0059665,0.0083273,0.010288,0.01255
700.0,1.3025E-5,3.3994E-5,9.0541E-5,2.2034E-4,4.5667E-4,9.2651E-4,0.0018035,0.0033346,0.0046609,0.0057569,0.0070461
800.0,5.9893E-6,1.7425E-5,4.7236E-5,1.174E-4,2.472E-4,5.0991E-4,0.0010021,0.001854,0.0026053,0.0029888,0.0036829
1000.0,1.5817E-6,4.7499E-6,1.3282E-5,3.1107E-5,6.7321E-5,1.4199E-4,2.8589E-4,5.4454E-4,7.7766E-4,9.7173E-4,0.0012052
1200.0,4.3235E-7,1.3187E-6,3.4638E-6,9.2082E-6,2.0389E-5,4.4028E-5,8.9562E-5,1.8071E-4,2.5902E-4,3.2479E-4,3.9139E-4
1500.0,6.132E-8,1.8157E-7,5.4162E-7,1.533E-6,3.4305E-6,7.4308E-6,1.5578E-5,3.0308E-5,4.4201E-5,5.6591E-5,7.0153E-5
PGV
r\m,4.0,4.5,5.0,5.5,6.0,6.5,7.0,7.5,7.8,8.0,8.2
0.0,6.1652,10.782,16.584,21.927,25.9,28.407,32.654,38.07,41.614,44.09,46.545
1.0,4.9339,9.1143,14.573,19.74,23.515,25.752,29.325,34.257,37.597,39.933,42.235
5.0,1.6608,3.6675,7.0465,11.485,15.806,19.079,22.747,27.476,30.674,32.932,35.2
10.0,0.75003,1.7519,3.618,6.4842,9.9632,13.433,17.199,21.834,25.054,27.364,29.77
15.0,0.43504,1.0421,2.2313,4.2007,6.91,10.034,13.6,17.794,20.934,23.206,25.625
20.0,0.28602,0.70156,1.5468,3.014,5.1591,7.7983,10.96,14.846,17.842,20.038,22.377
25.0,0.20309,0.5071,1.1404,2.2774,4.0003,6.2246,9.0259,12.613,15.427,17.536,19.835
30.0,0.15422,0.39002,0.89059,1.8088,3.2318,5.1299,7.6216,10.887,13.536,15.542,17.757
40.0,0.099994,0.25849,0.604,1.2599,2.3111,3.7593,5.7465,8.4956,10.765,12.522,14.56
50.0,0.07132,0.18765,0.44647,0.95076,1.7802,2.9482,4.6076,7.0108,9.0337,10.637,12.474
60.0,0.057026,0.15204,0.36658,0.79208,1.5026,2.5175,3.9766,6.1147,7.9467,9.4155,11.11
70.0,0.047018,0.1268,0.30922,0.67665,1.2977,2.197,3.5018,5.4424,7.1249,8.4818,10.057
80.0,0.039975,0.10893,0.2684,0.59377,1.1504,1.9637,3.157,4.9415,6.4986,7.7608,9.2332
90.0,0.034602,0.095171,0.23662,0.52883,1.0332,1.7784,2.8752,4.5319,5.9798,7.1555,8.5296
100.0,0.030339,0.084164,0.21096,0.47593,0.93773,1.625,2.6414,4.1873,5.5391,6.6423,7.9342
110.0,0.026894,0.07519,0.18993,0.43246,0.85804,1.4984,2.4473,3.8957,5.1667,6.2076,7.4306
120.0,0.024028,0.06773,0.17239,0.39575,0.79137,1.3897,2.2772,3.6431,4.8438,5.8281,6.9858
130.0,0.021605,0.061331,0.15716,0.36372,0.73164,1.2902,2.123,3.4117,4.5461,5.4792,6.5788
140.0,0.019503,0.055776,0.14393,0.33546,0.67759,1.2009,1.9846,3.2025,4.2777,5.1639,6.2098
150.0,0.017691,0.050917,0.13218,0.31034,0.63012,1.1239,1.8648,3.0201,4.0431,4.8895,5.8911
175.0,0.013969,0.04082,0.10754,0.25643,0.52765,0.95225,1.5935,2.6038,3.5023,4.2468,5.1302
200.0,0.011308,0.033494,0.08933,0.21591,0.4493,0.81931,1.3817,2.2748,3.0717,3.7349,4.5247
250.0,0.0078866,0.023808,0.064701,0.15874,0.33661,0.62453,1.0689,1.7876,2.4477,2.9999,3.6616
300.0,0.0057991,0.017787,0.049088,0.12208,0.26322,0.49504,0.861,1.4585,2.0085,2.4748,3.038
350.0,0.0044172,0.013749,0.038501,0.097322,0.21225,0.40389,0.71073,1.2171,1.6881,2.0917,2.5824
400.0,0.0034423,0.010904,0.03105,0.079352,0.17498,0.3361,0.59822,1.033,1.4433,1.7954,2.2252
450.0,0.0028207,0.0089906,0.025691,0.065405,0.14462,0.28042,0.50527,0.88383,1.2423,1.5534,1.9356
500.0,0.0023325,0.0074846,0.021481,0.054635,0.12143,0.23707,0.43184,0.76424,1.0817,1.3573,1.6973
600.0,0.0016361,0.0053319,0.01545,0.039435,0.088442,0.1751,0.32491,0.58779,0.83788,1.0564,1.3275
700.0,0.0011803,0.0039038,0.011429,0.029338,0.066202,0.13235,0.24961,0.46035,0.66236,0.84011,1.0624
800.0,8.6984E-4,0.0029185,0.0086365,0.022329,0.050848,0.10285,0.19648,0.36795,0.53279,0.67858,0.86166
1000.0,4.9992E-4,0.0017186,0.0051892,0.013601,0.031504,0.064989,0.12755,0.24647,0.36214,0.46548,0.59641
1200.0,2.8859E-4,0.0010217,0.0031753,0.0085581,0.020284,0.042688,0.085443,0.16818,0.24975,0.32321,0.41722
1500.0,1.3343E-4,4.9259E-4,0.0015923,0.0044638,0.010952,0.023741,0.048895,0.098793,0.14898,0.19468,0.25385
SA0P01
r\m,4.0,4.5,5.0,5.5,6.0,6.5,7.0,7.5,7.8,8.0,8.2
0.0,0.71294,0.88414,1.0757,1.2208,1.3656,1.5051,1.6202,1.6994,1.7354,1.7545,1.77
1.0,0.63603,0.83804,1.032,1.1781,1.3238,1.4675,1.5895,1.6754,1.7132,1.7315,1.745
5.0,0.21218,0.37887,0.60898,0.83204,1.0088,1.1797,1.3243,1.4264,1.4672,1.486,1.4998
10.0,0.079109,0.1562,0.28325,0.45649,0.61656,0.7933,0.95873,1.0887,1.1409,1.1653,1.185
15.0,0.039462,0.081599,0.15681,0.27088,0.39275,0.5446,0.70551,0.84677,0.90946,0.93951,0.96335
20.0,0.022511,0.047952,0.095352,0.17108,0.25956,0.37966,0.52153,0.66185,0.73344,0.77183,0.80305
25.0,0.014297,0.031161,0.0635,0.11702,0.18325,0.27814,0.39863,0.52853,0.60123,0.64381,0.68091
30.0,0.0098295,0.021801,0.045243,0.084989,0.13605,0.21198,0.31355,0.43038,0.50043,0.54373,0.58354
40.0,0.0053842,0.012268,0.026187,0.050569,0.083387,0.13463,0.2079,0.30007,0.36015,0.39995,0.44499
50.0,0.0033392,0.0077718,0.016961,0.033481,0.056544,0.094032,0.15076,0.22848,0.2841,0.32395,0.36588
60.0,0.002449,0.0057928,0.012853,0.025777,0.044283,0.074938,0.12234,0.18914,0.23825,0.2741,0.31243
70.0,0.0021145,0.0050345,0.011239,0.022641,0.039033,0.066348,0.10904,0.17022,0.21581,0.24946,0.28575
80.0,0.0018513,0.0044339,0.009953,0.020132,0.034825,0.059443,0.098278,0.15461,0.19709,0.22872,0.26306
90.0,0.0016415,0.0039515,0.0089136,0.018102,0.031434,0.053891,0.089529,0.14171,0.18139,0.21112,0.24354
100.0,0.0014663,0.0035466,0.008036,0.016377,0.02855,0.049128,0.081965,0.13044,0.16755,0.19549,0.2261
110.0,0.001318,0.0032015,0.007283,0.014893,0.02605,0.044987,0.075351,0.12046,0.1552,0.18151,0.21042
120.0,0.0011899,0.0029019,0.0066271,0.013596,0.023858,0.041336,0.069476,0.11155,0.14414,0.1689,0.1962
130.0,0.0010451,0.0025662,0.0059002,0.012181,0.021523,0.037541,0.063522,0.10273,0.13335,0.15674,0.18267
140.0,9.2328E-4,0.0022816,0.0052799,0.010964,0.019493,0.034214,0.058265,0.094843,0.12364,0.14575,0.17037
150.0,8.2E-4,0.0020382,0.0047449,0.009906,0.017714,0.031273,0.053569,0.087729,0.11481,0.13573,0.15911
175.0,6.1192E-4,0.0015411,0.0036366,0.0076884,0.013944,0.024962,0.043342,0.071948,0.095022,0.11304,0.13336
200.0,4.6695E-4,0.0011898,0.0028412,0.0060739,0.01115,0.020202,0.03551,0.059677,0.079411,0.094946,0.11261
250.0,2.8636E-4,7.4428E-4,0.0018131,0.0039575,0.0074213,0.013728,0.024617,0.042237,0.056901,0.068595,0.082054
300.0,1.8427E-4,4.8692E-4,0.0012061,0.0026793,0.005116,0.0096266,0.01755,0.030614,0.041644,0.050539,0.060877
350.0,1.2258E-4,3.2857E-4,8.2579E-4,0.0018634,0.0036133,0.0068999,0.012752,0.022558,0.030931,0.037749,0.045722
400.0,8.3588E-5,2.2698E-4,5.779E-4,0.0013223,0.0025983,0.0050265,0.0094031,0.016825,0.023232,0.028481,0.034654
450.0,5.6702E-5,1.5593E-4,4.0234E-4,9.3886E-4,0.001876,0.0036846,0.00698,0.012637,0.017559,0.021608,0.026394
500.0,3.9161E-5,1.0898E-4,2.8458E-4,6.7553E-4,0.0013698,0.0027262,0.0052244,0.0095554,0.013346,0.016487,0.020217
600.0,2.3731E-5,6.6895E-5,1.7537E-4,4.2065E-4,8.5823E-4,0.00171,0.0032767,0.0059801,0.0083451,0.010309,0.012575
700.0,1.3066E-5,3.411E-5,9.0851E-5,2.2109E-4,4.579E-4,9.2855E-4,0.0018068,0.0033401,0.0046683,0.0057658,0.0070564
800.0,6.0027E-6,1.7465E-5,4.7346E-5,1.1766E-4,2.4766E-4,5.1066E-4,0.0010034,0.0018562,0.0026082,0.002993,0.0036878
1000.0,1.5833E-6,4.7546E-6,1.3296E-5,3.1146E-5,6.7395E-5,1.4211E-4,2.8612E-4,5.4497E-4,7.7823E-4,9.7252E-4,0.0012062
1200.0,4.3254E-7,1.3192E-6,3.4659E-6,9.2134E-6,2.0399E-5,4.4046E-5,8.9594E-5,1.8077E-4,2.5913E-4,3.2494E-4,3.9158E-4
1500.0,6.1323E-8,1.8158E-7,5.4166E-7,1.5331E-6,3.4308E-6,7.4311E-6,1.5579E-5,3.0311E-5,4.4208E-5,5.6604E-5,7.0165E-5
SA0P02
r\m,4.0,4.5,5.0,5.5,6.0,6.5,7.0,7.5,7.8,8.0,8.2
0.0,0.73729,0.9974,1.2918,1.5356,1.7575,1.9475,2.085,2.1834,2.2279,2.2524,2.2698
1.0,0.66002,0.9481,1.2382,1.4752,1.6946,1.8886,2.0364,2.1442,2.1919,2.2191,2.24
5.0,0.25994,0.46552,0.7587,1.0547,1.2688,1.4699,1.6398,1.7673,1.8194,1.8487,1.872
10.0,0.10442,0.2036,0.3665,0.58868,0.77,0.9639,1.1497,1.3047,1.3676,1.4003,1.4271
15.0,0.053396,0.109,0.20712,0.35358,0.49156,0.65684,0.8355,0.99829,1.0717,1.1085,1.1368
20.0,0.031024,0.065388,0.12858,0.22759,0.32945,0.46145,0.61897,0.77786,0.8596,0.90409,0.93902
25.0,0.020024,0.043248,0.087084,0.15814,0.23549,0.34137,0.47551,0.62251,0.70479,0.75306,0.7938
30.0,0.013895,0.030609,0.06284,0.11642,0.17699,0.263,0.3768,0.50931,0.58843,0.63719,0.68054
40.0,0.0076903,0.017463,0.036966,0.070568,0.11062,0.17014,0.25381,0.35946,0.42789,0.47287,0.52229
50.0,0.0047939,0.011156,0.024217,0.047363,0.076151,0.12054,0.18624,0.27568,0.33878,0.38336,0.42877
60.0,0.0034594,0.0082056,0.018163,0.036177,0.059358,0.095892,0.15117,0.22851,0.28456,0.32493,0.36677
70.0,0.00307,0.007322,0.016299,0.032623,0.053708,0.0871,0.13801,0.21019,0.26308,0.3015,0.34163
80.0,0.002743,0.0065747,0.01471,0.029565,0.048844,0.079513,0.12662,0.19403,0.24389,0.28037,0.31871
90.0,0.0024619,0.0059268,0.013321,0.026871,0.044564,0.072869,0.1166,0.17967,0.22668,0.26128,0.29782
100.0,0.0022214,0.0053707,0.012121,0.024526,0.04083,0.067016,0.10771,0.16676,0.21108,0.24386,0.27862
110.0,0.0020138,0.0048872,0.01107,0.022465,0.037518,0.061795,0.099707,0.155,0.19676,0.22779,0.26083
120.0,0.001831,0.004459,0.010137,0.02064,0.034551,0.057093,0.092444,0.14428,0.18364,0.213,0.24434
130.0,0.0016012,0.0039276,0.0089924,0.01842,0.031078,0.051734,0.084384,0.13272,0.16971,0.19745,0.22724
140.0,0.0014092,0.0034794,0.0080201,0.016521,0.028066,0.047035,0.077254,0.12235,0.15712,0.18335,0.21164
150.0,0.0012474,0.0030985,0.007186,0.014883,0.02544,0.042905,0.070909,0.11301,0.1457,0.17048,0.19734
175.0,9.1909E-4,0.002314,0.0054401,0.011403,0.019781,0.033851,0.056761,0.091825,0.11947,0.14067,0.16388
200.0,6.9297E-4,0.001765,0.0041981,0.0088927,0.01562,0.02707,0.045987,0.07538,0.098844,0.117,0.13705
250.0,4.1405E-4,0.0010749,0.0026066,0.0056333,0.010115,0.017929,0.03114,0.052147,0.069272,0.082713,0.097775
300.0,2.595E-4,6.8428E-4,0.001686,0.003705,0.0067794,0.012242,0.021662,0.036912,0.049553,0.059595,0.070983
350.0,1.6802E-4,4.4911E-4,0.0011223,0.0025019,0.0046544,0.0085424,0.015352,0.026566,0.035985,0.04355,0.052198
400.0,1.1151E-4,3.0177E-4,7.6378E-4,0.001724,0.0032556,0.0060623,0.011048,0.019369,0.026448,0.032175,0.038773
450.0,7.3309E-5,2.0086E-4,5.1533E-4,0.0011864,0.0022852,0.0043317,0.0080124,0.01424,0.019589,0.023943,0.028994
500.0,4.9105E-5,1.3613E-4,3.5361E-4,8.2823E-4,0.0016241,0.0031281,0.0058675,0.010554,0.014613,0.017942,0.021831
600.0,2.6165E-5,7.3714E-5,1.9416E-4,4.6272E-4,9.2939E-4,0.0018206,0.0034503,0.0062535,0.0086985,0.01072,0.013064
700.0,1.3872E-5,3.6505E-5,9.7339E-5,2.3691E-4,4.8392E-4,9.696E-4,0.00187,0.0034422,0.0048027,0.0059237,0.0072384
800.0,6.2562E-6,1.8247E-5,4.9538E-5,1.2288E-4,2.5659E-4,5.2358E-4,0.0010236,0.0018917,0.0026525,0.0030678,0.0037769
1000.0,1.5998E-6,4.8053E-6,1.347E-5,3.1808E-5,6.8523E-5,1.4355E-4,2.8848E-4,5.493E-4,7.834E-4,9.8189E-4,0.0012183
1200.0,4.2918E-7,1.3104E-6,3.4699E-6,9.2149E-6,2.0364E-5,4.3841E-5,8.9081E-5,1.7989E-4,2.5843E-4,3.2456E-4,3.9166E-4
1500.0,6.0057E-8,1.7821E-7,5.3228E-7,1.5076E-6,3.3777E-6,7.3037E-6,1.5349E-5,2.9932E-5,4.3741E-5,5.623E-5,6.9525E-5
SA0P025
r\m,4.0,4.5,5.0,5.5,6.0,6.5,7.0,7.5,7.8,8.0,8.2
0.0,0.73382,1.0446,1.3983,1.7,1.9685,2.191,2.3453,2.4584,2.5099,2.5391,2.559
1.0,0.65766,0.99318,1.3384,1.629,1.893,2.1194,2.2859,2.4099,2.4657,2.4996,2.5262
5.0,0.2797,0.50363,0.82946,1.1671,1.4052,1.6265,1.8139,1.9592,2.0197,2.0565,2.0867
10.0,0.11534,0.22494,0.40592,0.65457,0.84958,1.0545,1.2534,1.4248,1.4954,1.534,1.566
15.0,0.059535,0.12154,0.23117,0.39493,0.5428,0.71613,0.90545,1.0817,1.1624,1.2039,1.2358
20.0,0.034877,0.073559,0.14478,0.25632,0.36625,0.50519,0.6718,0.84185,0.93001,0.97855,1.0163
25.0,0.022661,0.048996,0.098749,0.17929,0.26331,0.37556,0.51753,0.67463,0.76276,0.81464,0.85787
30.0,0.015793,0.03485,0.071642,0.13275,0.19899,0.29086,0.41168,0.55337,0.63794,0.69006,0.73571
40.0,0.0087939,0.020018,0.042457,0.081124,0.1255,0.18985,0.27956,0.39308,0.46645,0.51455,0.56649
50.0,0.0055041,0.012849,0.027964,0.054776,0.086975,0.13541,0.20633,0.30259,0.37004,0.41734,0.46473
60.0,0.0039628,0.0094345,0.020946,0.041798,0.067757,0.10774,0.16761,0.2511,0.31118,0.35418,0.39802
70.0,0.0035496,0.0084949,0.018968,0.03805,0.061949,0.098952,0.15474,0.23345,0.29066,0.33189,0.37427
80.0,0.0031937,0.0076797,0.017235,0.034724,0.056769,0.091067,0.14314,0.21719,0.27147,0.31085,0.35156
90.0,0.0028807,0.0069555,0.01568,0.031702,0.052038,0.083874,0.1325,0.20214,0.25358,0.29112,0.33012
100.0,0.0026102,0.0063283,0.014324,0.029046,0.047865,0.077454,0.12291,0.18841,0.23711,0.27282,0.31009
110.0,0.0023749,0.0057786,0.013126,0.026691,0.044124,0.071658,0.11418,0.17569,0.22172,0.25565,0.29119
120.0,0.0021662,0.0052881,0.012054,0.024594,0.040743,0.066385,0.10615,0.16398,0.20749,0.23966,0.27347
130.0,0.001895,0.0046594,0.010695,0.021945,0.03664,0.060136,0.096873,0.1508,0.19169,0.2221,0.25425
140.0,0.0016683,0.0041287,0.00954,0.019679,0.033078,0.05465,0.088652,0.13898,0.17741,0.20614,0.23667
150.0,0.0014772,0.0036775,0.0085487,0.017727,0.029976,0.049836,0.081344,0.12832,0.16443,0.19158,0.22056
175.0,0.0010874,0.0027433,0.0064622,0.013551,0.023239,0.039183,0.064874,0.1039,0.13433,0.15747,0.18242
200.0,8.1883E-4,0.0020893,0.0049772,0.01054,0.018289,0.031214,0.052347,0.08494,0.11068,0.13041,0.15189
250.0,4.8663E-4,0.0012648,0.0030696,0.0066258,0.01174,0.020481,0.035115,0.058187,0.0768,0.091286,0.10729
300.0,3.0296E-4,7.993E-4,0.0019696,0.0043186,0.0077896,0.013838,0.024172,0.040747,0.054351,0.065068,0.077057
350.0,1.946E-4,5.2018E-4,0.0012992,0.0028868,0.0052898,0.0095459,0.016936,0.028997,0.039032,0.047027,0.056049
400.0,1.2802E-4,3.4626E-4,8.7555E-4,0.0019676,0.0036578,0.0066946,0.012046,0.020899,0.028367,0.034361,0.041182
450.0,8.3169E-5,2.2769E-4,5.8346E-4,0.0013369,0.0025356,0.004725,0.0086339,0.015192,0.02078,0.025297,0.030478
500.0,5.5026E-5,1.5237E-4,3.9527E-4,9.2099E-4,0.0017791,0.0033705,0.0062492,0.011135,0.015336,0.01876,0.022717
600.0,2.7405E-5,7.7224E-5,2.0418E-4,4.8523E-4,9.6684E-4,0.0018754,0.00353,0.0063708,0.0088435,0.010881,0.013254
700.0,1.4213E-5,3.764E-5,1.0052E-4,2.4493E-4,4.964E-4,9.8728E-4,0.0018932,0.0034754,0.0048441,0.0059694,0.0072871
800.0,6.3465E-6,1.8549E-5,5.0445E-5,1.2506E-4,2.5997E-4,5.2681E-4,0.0010265,0.0018966,0.0026554,0.0030921,0.0038049
1000.0,1.5905E-6,4.7799E-6,1.3431E-5,3.1955E-5,6.8665E-5,1.4318E-4,2.8745E-4,5.4741E-4,7.8E-4,9.8028E-4,0.001217
1200.0,4.2119E-7,1.2876E-6,3.4359E-6,9.1212E-6,2.0139E-5,4.3268E-5,8.7872E-5,1.7763E-4,2.5576E-4,3.2171E-4,3.8881E-4
1500.0,5.8374E-8,1.7364E-7,5.1946E-7,1.4728E-6,3.3058E-6,7.1397E-6,1.5046E-5,2.9423E-5,4.3092E-5,5.5622E-5,6.861E-5
SA0P03
r\m,4.0,4.5,5.0,5.5,6.0,6.5,7.0,7.5,7.8,8.0,8.2
0.0,0.71828,1.0722,1.4781,1.832,2.1438,2.3978,2.5704,2.6995,2.7592,2.7936,2.817
1.0,0.64394,1.0187,1.4124,1.7513,2.0567,2.3144,2.5009,2.6425,2.7073,2.7483,2.7813
5.0,0.29131,0.52826,0.87999,1.2539,1.5154,1.7566,1.9621,2.1258,2.1956,2.2402,2.2778
10.0,0.12229,0.23932,0.43422,0.70486,0.91301,1.1287,1.3404,1.528,1.6066,1.6515,1.689
15.0,0.063568,0.13019,0.24867,0.42661,0.58363,0.76435,0.9635,1.1527,1.2407,1.2872,1.3231
20.0,0.037503,0.079371,0.15686,0.27876,0.39608,0.54125,0.716,0.89644,0.99083,1.0435,1.0842
25.0,0.024497,0.053159,0.10759,0.19604,0.28615,0.40407,0.55299,0.71934,0.81299,0.86839,0.91423
30.0,0.017139,0.037966,0.078399,0.14582,0.21725,0.31434,0.44139,0.59141,0.68105,0.73639,0.78434
40.0,0.0095997,0.021943,0.046759,0.089715,0.13804,0.20675,0.30185,0.4225,0.50042,0.55142,0.60564
50.0,0.0060348,0.014149,0.030944,0.060881,0.0962,0.14829,0.22391,0.32629,0.39766,0.44743,0.49658
60.0,0.0043475,0.010397,0.023195,0.046485,0.074983,0.11808,0.18209,0.27113,0.33486,0.38022,0.42584
70.0,0.0039192,0.00942,0.021137,0.042602,0.069092,0.1094,0.16966,0.25434,0.3155,0.35932,0.40373
80.0,0.0035438,0.0085572,0.019299,0.039074,0.063684,0.10134,0.15799,0.23819,0.29654,0.33861,0.38151
90.0,0.0032092,0.0077798,0.017624,0.035805,0.058604,0.093723,0.1469,0.22266,0.27822,0.3185,0.35979
100.0,0.0029178,0.0071018,0.016152,0.032908,0.054082,0.086851,0.13677,0.20829,0.26109,0.29956,0.33918
110.0,0.0026629,0.006504,0.014844,0.030323,0.049993,0.080584,0.12743,0.1948,0.24485,0.28149,0.31939
120.0,0.0024356,0.0059674,0.013666,0.028011,0.046272,0.074835,0.11876,0.18225,0.22967,0.2645,0.30064
130.0,0.0021337,0.0052649,0.012139,0.025012,0.04163,0.067806,0.1084,0.16762,0.21218,0.2451,0.27948
140.0,0.001881,0.0046707,0.010839,0.022444,0.037596,0.061626,0.099199,0.15446,0.19634,0.22744,0.26008
150.0,0.0016674,0.0041644,0.0097206,0.020229,0.03408,0.056204,0.091023,0.1426,0.18195,0.21132,0.24229
175.0,0.0012295,0.0031109,0.007355,0.015466,0.026397,0.044114,0.072434,0.1152,0.14826,0.17321,0.19979
200.0,9.2691E-4,0.0023713,0.0056669,0.012025,0.020746,0.035068,0.058297,0.093911,0.12179,0.143,0.16581
250.0,5.503E-4,0.0014332,0.0034864,0.0075322,0.01325,0.022869,0.038849,0.063866,0.083868,0.099322,0.11619
300.0,3.4173E-4,9.028E-4,0.0022281,0.0048849,0.0087355,0.015337,0.026534,0.044352,0.058849,0.070186,0.082713
350.0,2.1863E-4,5.8487E-4,0.0014622,0.0032449,0.0058876,0.010491,0.018428,0.031276,0.041878,0.050262,0.059612
400.0,1.4309E-4,3.8714E-4,9.7929E-4,0.0021955,0.0040374,0.0072904,0.012984,0.022329,0.030147,0.036379,0.04339
450.0,9.2211E-5,2.5243E-4,6.4686E-4,0.0014779,0.002772,0.0050949,0.0092149,0.016074,0.021875,0.026534,0.03182
500.0,6.0471E-5,1.6738E-4,4.341E-4,0.001008,0.0019253,0.0035973,0.0066035,0.011668,0.015993,0.019495,0.023502
600.0,2.8393E-5,8.0052E-5,2.1255E-4,5.0422E-4,9.9837E-4,0.0019198,0.0035914,0.0064566,0.0089455,0.01099,0.013382
700.0,1.4436E-5,3.85E-5,1.0303E-4,2.5149E-4,5.0637E-4,0.0010004,0.0019082,0.0034944,0.0048661,0.0059917,0.0073079
800.0,6.3956E-6,1.8738E-5,5.107E-5,1.2662E-4,2.6226E-4,5.2798E-4,0.0010256,0.0018951,0.0026497,0.0031088,0.0038241
1000.0,1.5736E-6,4.7325E-6,1.3337E-5,3.2011E-5,6.8656E-5,1.4252E-4,2.8593E-4,5.4474E-4,7.7551E-4,9.7763E-4,0.0012146
1200.0,4.1166E-7,1.2603E-6,3.3941E-6,9.0098E-6,1.9886E-5,4.2642E-5,8.658E-5,1.7524E-4,2.5301E-4,3.1884E-4,3.861E-4
1500.0,5.6551E-8,1.6874E-7,5.0585E-7,1.4362E-6,3.2323E-6,6.9733E-6,1.4749E-5,2.8942E-5,4.2503E-5,5.5132E-5,6.7821E-5
SA0P04
r\m,4.0,4.5,5.0,5.5,6.0,6.5,7.0,7.5,7.8,8.0,8.2
0.0,0.66882,1.0789,1.5577,1.9868,2.3644,2.6716,2.8815,3.0433,3.1207,3.1666,3.1994
1.0,0.59859,1.0217,1.4824,1.8912,2.2598,2.5705,2.7965,2.9735,3.0575,3.1125,3.1585
5.0,0.29297,0.54016,0.92072,1.3449,1.6465,1.9241,2.1643,2.3636,2.4521,2.5116,2.5634
10.0,0.12504,0.24781,0.45687,0.75492,0.98621,1.2221,1.4576,1.6751,1.7697,1.8267,1.8756
15.0,0.065559,0.13588,0.26322,0.45833,0.63067,0.82459,1.041,1.2534,1.3555,1.4119,1.4564
20.0,0.039099,0.083714,0.16773,0.30233,0.43169,0.58751,0.77601,0.97451,1.0804,1.1409,1.1883
25.0,0.025732,0.056484,0.11593,0.21419,0.3141,0.44137,0.60182,0.78386,0.88741,0.9494,1.0008
30.0,0.018116,0.040583,0.084998,0.16029,0.24001,0.34557,0.48287,0.64681,0.74537,0.80659,0.85928
40.0,0.010255,0.023697,0.051198,0.099611,0.15417,0.22986,0.33373,0.46613,0.55179,0.60787,0.66615
50.0,0.0065032,0.015405,0.034139,0.0681,0.10829,0.1662,0.24938,0.36174,0.4396,0.49355,0.54586
60.0,0.0047158,0.011389,0.025725,0.05222,0.084678,0.13272,0.20339,0.30144,0.3712,0.42053,0.46929
70.0,0.0042785,0.010383,0.023594,0.048196,0.078742,0.12434,0.19186,0.28632,0.35408,0.40226,0.45027
80.0,0.0038896,0.0094827,0.02166,0.044458,0.073092,0.11614,0.18031,0.27065,0.33586,0.38249,0.42927
90.0,0.0035423,0.0086682,0.019886,0.040952,0.06764,0.10808,0.16874,0.25469,0.31721,0.36217,0.40753
100.0,0.003237,0.0079516,0.018312,0.037814,0.062725,0.10067,0.15798,0.23958,0.29933,0.34252,0.38632
110.0,0.0029678,0.0073145,0.016902,0.034989,0.058228,0.093823,0.14786,0.22507,0.28196,0.32328,0.36536
120.0,0.002726,0.0067388,0.015624,0.032448,0.054097,0.087464,0.13833,0.21136,0.26547,0.30489,0.34518
130.0,0.0023994,0.0059711,0.013931,0.029063,0.048779,0.079369,0.1264,0.19454,0.24539,0.28264,0.32095
140.0,0.0021242,0.0053177,0.012481,0.026148,0.044135,0.072224,0.11577,0.17938,0.22715,0.26232,0.29867
150.0,0.0018899,0.0047571,0.011226,0.023625,0.040075,0.065949,0.10631,0.16567,0.21053,0.24373,0.2782
175.0,0.0014048,0.0035798,0.0085483,0.018148,0.031117,0.051789,0.084535,0.13363,0.17119,0.19925,0.22868
200.0,0.0010662,0.0027453,0.00662,0.014162,0.024494,0.04116,0.067935,0.10868,0.14022,0.16398,0.18911
250.0,6.3717E-4,0.0016682,0.0040887,0.0088863,0.01562,0.02673,0.045003,0.073345,0.095727,0.11284,0.13121
300.0,3.9704E-4,0.0010533,0.0026154,0.005757,0.010257,0.017808,0.030486,0.050444,0.066475,0.078873,0.092331
350.0,2.5418E-4,6.822E-4,0.0017136,0.0038109,0.0068683,0.012073,0.020955,0.035171,0.046749,0.055802,0.065715
400.0,1.6607E-4,4.5038E-4,0.0011434,0.0025636,0.004671,0.0083014,0.014591,0.024796,0.033223,0.039864,0.047199
450.0,1.0631E-4,2.9149E-4,7.4899E-4,0.0017095,0.003172,0.0057301,0.010222,0.017613,0.023785,0.028689,0.034155
500.0,6.9123E-5,1.915E-4,4.9763E-4,0.0011529,0.0021758,0.0039915,0.0072244,0.012607,0.01715,0.02079,0.024881
600.0,2.9737E-5,8.4007E-5,2.25E-4,5.3339E-4,0.001049,0.0019923,0.0036934,0.0066021,0.00912,0.011176,0.013609
700.0,1.4677E-5,3.9702E-5,1.068E-4,2.62E-4,5.2327E-4,0.001024,0.0019369,0.0035345,0.0049161,0.0060461,0.0073652
800.0,6.4507E-6,1.8992E-5,5.2037E-5,1.2925E-4,2.667E-4,5.3149E-4,0.0010279,0.0019013,0.0026525,0.0031606,0.0038865
1000.0,1.5457E-6,4.6566E-6,1.321E-5,3.2315E-5,6.9214E-5,1.4267E-4,2.8614E-4,5.4595E-4,7.7612E-4,9.8458E-4,0.0012253
1200.0,3.9724E-7,1.2202E-6,3.3521E-6,8.9053E-6,1.9677E-5,4.208E-5,8.5472E-5,1.7349E-4,2.5197E-4,3.1881E-4,3.8779E-4
1500.0,5.3988E-8,1.6224E-7,4.8864E-7,1.392E-6,3.1552E-6,6.7983E-6,1.4502E-5,2.8685E-5,4.2378E-5,5.5556E-5,6.7964E-5
SA0P05
r\m,4.0,4.5,5.0,5.5,6.0,6.5,7.0,7.5,7.8,8.0,8.2
0.0,0.61587,1.0489,1.5621,2.028,2.4425,2.7868,3.031,3.2231,3.3181,3.3752,3.4188
1.0,0.549,0.9882,1.4801,1.924,2.3283,2.6761,2.9374,3.1463,3.2488,3.3158,3.3735
5.0,0.27728,0.52014,0.90576,1.353,1.6842,1.9919,2.2629,2.4932,2.5992,2.671,2.7348
10.0,0.11838,0.23837,0.44776,0.75481,1.0043,1.259,1.5159,1.7591,1.8686,1.9364,1.9956
15.0,0.062308,0.13108,0.25836,0.45836,0.64212,0.84803,1.0796,1.3119,1.4268,1.4925,1.546
20.0,0.037439,0.081294,0.16562,0.30402,0.44191,0.60687,0.80702,1.0209,1.1371,1.2051,1.2597
25.0,0.024754,0.055073,0.11497,0.21627,0.32293,0.45771,0.62769,0.82278,0.93512,1.0032,1.0606
30.0,0.017507,0.039722,0.084609,0.16239,0.24767,0.3597,0.5053,0.68059,0.78693,0.85355,0.91137
40.0,0.0099992,0.023377,0.051315,0.10155,0.16014,0.2409,0.35154,0.49319,0.58528,0.64584,0.70798
50.0,0.006391,0.015299,0.034406,0.069761,0.113,0.17499,0.26383,0.38386,0.46701,0.52456,0.58007
60.0,0.0046805,0.011412,0.026125,0.053832,0.088779,0.14026,0.21587,0.32078,0.39537,0.44804,0.49982
70.0,0.0042516,0.010417,0.023992,0.049763,0.082816,0.13205,0.20486,0.30668,0.37966,0.43146,0.48283
80.0,0.0038718,0.0095299,0.022065,0.045992,0.077096,0.12382,0.19343,0.29137,0.36198,0.41239,0.46274
90.0,0.0035384,0.008741,0.020326,0.042502,0.071591,0.11565,0.18175,0.27534,0.34332,0.39212,0.44116
100.0,0.0032441,0.0080441,0.018776,0.039364,0.066596,0.10809,0.17075,0.25993,0.32513,0.37217,0.41971
110.0,0.0029836,0.0074222,0.017381,0.036528,0.061999,0.10104,0.16029,0.24491,0.30717,0.35229,0.3981
120.0,0.0027489,0.0068585,0.016114,0.03397,0.057759,0.094446,0.15036,0.23061,0.28995,0.3331,0.37707
130.0,0.002433,0.0061082,0.014434,0.030545,0.05224,0.085898,0.13762,0.21253,0.26829,0.30906,0.35083
140.0,0.0021646,0.0054647,0.012985,0.027579,0.047392,0.078322,0.12624,0.19616,0.24855,0.28703,0.32662
150.0,0.0019342,0.0049083,0.011722,0.024996,0.043137,0.071649,0.11609,0.18134,0.23053,0.26683,0.30436
175.0,0.0014531,0.0037305,0.0090073,0.019349,0.033684,0.056479,0.092525,0.14646,0.18757,0.21818,0.25009
200.0,0.0011133,0.002886,0.0070312,0.015201,0.026644,0.045028,0.074491,0.11921,0.15367,0.17953,0.2067
250.0,6.7369E-4,0.0017742,0.004388,0.0096205,0.017089,0.029331,0.04939,0.08038,0.1047,0.12321,0.14291
300.0,4.2395E-4,0.0011304,0.0028291,0.0062719,0.011262,0.01956,0.033428,0.055146,0.072464,0.085772,0.10008
350.0,2.7347E-4,7.3714E-4,0.0018642,0.0041695,0.0075529,0.013248,0.022916,0.038295,0.050719,0.060366,0.07082
400.0,1.7967E-4,4.8901E-4,0.0012487,0.0028113,0.0051353,0.0090857,0.01589,0.026856,0.035833,0.042855,0.050525
450.0,1.1522E-4,3.1686E-4,8.1817E-4,0.0018735,0.0034785,0.0062442,0.011071,0.018955,0.02548,0.030629,0.036299
500.0,7.4935E-5,2.0807E-4,5.4293E-4,0.0012606,0.0023763,0.004325,0.0077727,0.01347,0.018237,0.022027,0.026237
600.0,3.0614E-5,8.6706E-5,2.3416E-4,5.5637E-4,0.001094,0.0020658,0.0038111,0.006792,0.0093662,0.01146,0.013961
700.0,1.4857E-5,4.0722E-5,1.1018E-4,2.7193E-4,5.4204E-4,0.0010558,0.0019877,0.0036212,0.0050346,0.0061881,0.0075347
800.0,6.5387E-6,1.9338E-5,5.3285E-5,1.3281E-4,2.7419E-4,5.4329E-4,0.0010485,0.0019434,0.0027076,0.0032722,0.0040245
1000.0,1.5488E-6,4.6741E-6,1.3346E-5,3.3264E-5,7.1372E-5,1.4654E-4,2.9419E-4,5.6245E-4,7.9883E-4,0.0010192,0.0012707
1200.0,3.9522E-7,1.2179E-6,3.4105E-6,9.0767E-6,2.0119E-5,4.299E-5,8.7445E-5,1.7798E-4,2.5994E-4,3.3016E-4,4.0348E-4
1500.0,5.3738E-8,1.6265E-7,4.9214E-7,1.4068E-6,3.2162E-6,6.9303E-6,1.4916E-5,2.9739E-5,4.4192E-5,5.8516E-5,7.1233E-5
SA0P075
r\m,4.0,4.5,5.0,5.5,6.0,6.5,7.0,7.5,7.8,8.0,8.2
0.0,0.51442,0.93269,1.4383,1.8986,2.3247,2.7061,3.0101,3.2556,3.3843,3.4628,3.5308
1.0,0.45182,0.86576,1.3495,1.7911,2.2082,2.5938,2.9141,3.1781,3.3148,3.4011,3.4785
5.0,0.22053,0.42995,0.78157,1.2197,1.5845,1.938,2.2633,2.5467,2.6853,2.776,2.8586
10.0,0.091632,0.19187,0.37679,0.66554,0.93865,1.2287,1.5275,1.8166,1.9557,2.043,2.122
15.0,0.048257,0.10528,0.21642,0.40227,0.5991,0.82813,1.0897,1.3596,1.5006,1.585,1.6591
20.0,0.029302,0.065795,0.13952,0.26804,0.41455,0.59612,0.81892,1.0628,1.2006,1.2844,1.3568
25.0,0.019475,0.044715,0.097198,0.19124,0.30414,0.45116,0.63929,0.85939,0.99006,1.0716,1.1443
30.0,0.013872,0.032404,0.071811,0.14394,0.23388,0.35547,0.51621,0.7127,0.83514,0.91367,0.98504
40.0,0.0080489,0.019312,0.043974,0.090669,0.15214,0.23946,0.36119,0.51899,0.62354,0.69348,0.76517
50.0,0.0052231,0.01279,0.029729,0.062642,0.10778,0.17451,0.27189,0.4048,0.49805,0.56332,0.62748
60.0,0.0039254,0.0097642,0.023029,0.04915,0.085776,0.14125,0.22418,0.34034,0.42388,0.48344,0.54296
70.0,0.0035458,0.0088632,0.02103,0.045179,0.079691,0.13272,0.21274,0.32583,0.40788,0.4667,0.52607
80.0,0.0032227,0.0080939,0.019305,0.04167,0.074098,0.12445,0.20112,0.31024,0.38993,0.44742,0.5059
90.0,0.0029573,0.0074538,0.017852,0.038647,0.069049,0.11667,0.18965,0.2943,0.37126,0.42707,0.48421
100.0,0.0027229,0.006888,0.016556,0.035929,0.064466,0.10943,0.17879,0.27884,0.35287,0.40681,0.46233
110.0,0.0025151,0.0063827,0.015391,0.033473,0.060243,0.10267,0.16842,0.26362,0.33448,0.38633,0.43993
120.0,0.0023278,0.0059247,0.014332,0.031256,0.056351,0.096344,0.15852,0.24905,0.31675,0.36643,0.41798
130.0,0.0020865,0.005339,0.012976,0.028377,0.051369,0.088168,0.14578,0.23037,0.29398,0.34089,0.38976
140.0,0.0018777,0.0048276,0.011788,0.025846,0.046933,0.08085,0.13433,0.21335,0.27313,0.31738,0.36364
150.0,0.0016947,0.0043771,0.010735,0.023607,0.042993,0.074347,0.12404,0.19782,0.25396,0.2957,0.33948
175.0,0.0013071,0.0034109,0.0084439,0.018662,0.034168,0.059445,0.099982,0.16115,0.20816,0.24333,0.28045
200.0,0.0010257,0.0026995,0.0067345,0.01495,0.027471,0.048022,0.081348,0.13222,0.17171,0.20145,0.233
250.0,6.4354E-4,0.0017183,0.0043433,0.0097491,0.018078,0.031932,0.054803,0.09028,0.11818,0.13942,0.16215
300.0,4.1813E-4,0.0011289,0.0028827,0.0065269,0.012183,0.021673,0.037598,0.062585,0.082463,0.097709,0.11412
350.0,2.7753E-4,7.5669E-4,0.0019491,0.0044431,0.0083285,0.014895,0.026054,0.0438,0.058061,0.069088,0.081013
400.0,1.8704E-4,5.1438E-4,0.0013355,0.0030585,0.0057548,0.010336,0.018212,0.030882,0.041173,0.049176,0.057873
450.0,1.2244E-4,3.3984E-4,8.9069E-4,0.0020722,0.0039473,0.0071644,0.012759,0.021862,0.029324,0.035174,0.041569
500.0,8.1096E-5,2.2702E-4,6.0026E-4,0.0014136,0.0027232,0.0049921,0.0089867,0.015551,0.020986,0.025273,0.029989
600.0,3.2105E-5,9.1594E-5,2.5158E-4,6.0515E-4,0.00121,0.0022951,0.0042393,0.0075633,0.010426,0.012743,0.015566
700.0,1.5522E-5,4.3671E-5,1.198E-4,3.0049E-4,6.0642E-4,0.001186,0.0022323,0.0040743,0.0056724,0.0069746,0.0085018
800.0,7.0308E-6,2.0976E-5,5.8562E-5,1.477E-4,3.0913E-4,6.1288E-4,0.001186,0.0022137,0.0030833,0.0038265,0.0047149
1000.0,1.6981E-6,5.1452E-6,1.4894E-5,3.8589E-5,8.3915E-5,1.7251E-4,3.4849E-4,6.7025E-4,9.5153E-4,0.0012263,0.0015354
1200.0,4.4215E-7,1.3706E-6,3.9892E-6,1.069E-5,2.4026E-5,5.1561E-5,1.0556E-4,2.159E-4,3.1875E-4,4.0786E-4,5.0371E-4
1500.0,6.266E-8,1.9254E-7,5.8799E-7,1.6939E-6,3.9613E-6,8.5827E-6,1.8834E-5,3.818E-5,5.738E-5,7.7387E-5,9.3467E-5
SA0P1
r\m,4.0,4.5,5.0,5.5,6.0,6.5,7.0,7.5,7.8,8.0,8.2
0.0,0.45004,0.8234,1.2768,1.6839,2.076,2.4515,2.7801,3.0491,3.1951,3.2846,3.3681
1.0,0.38896,0.75387,1.1887,1.5836,1.9693,2.3497,2.6924,2.9799,3.1336,3.227,3.3128
5.0,0.17294,0.34797,0.65185,1.0479,1.4111,1.7777,2.1273,2.4347,2.5904,2.6881,2.7779
10.0,0.069446,0.15034,0.30564,0.55982,0.83312,1.1393,1.4612,1.7743,1.9316,2.0294,2.1199
15.0,0.036454,0.082012,0.17426,0.33627,0.53069,0.77019,1.0491,1.341,1.499,1.5957,1.6851
20.0,0.022246,0.051375,0.11239,0.22395,0.36737,0.55557,0.79123,1.0538,1.2063,1.3013,1.3883
25.0,0.014808,0.034903,0.078279,0.15965,0.26948,0.42026,0.61829,0.85364,0.99703,1.0885,1.1743
30.0,0.010588,0.025338,0.057879,0.12006,0.20702,0.33063,0.49906,0.70798,0.84152,0.92891,1.0122
40.0,0.0062042,0.015208,0.0356,0.075789,0.13467,0.22249,0.34876,0.51501,0.62744,0.70401,0.78377
50.0,0.004067,0.010146,0.024171,0.05246,0.095364,0.16188,0.26207,0.40122,0.50078,0.57165,0.64364
60.0,0.0031207,0.0078918,0.01903,0.04173,0.07673,0.13213,0.21742,0.33886,0.4278,0.49219,0.55848
70.0,0.0027969,0.0071079,0.017238,0.038028,0.070656,0.12308,0.20466,0.32206,0.4089,0.47218,0.53799
80.0,0.0025319,0.0064659,0.01576,0.034918,0.065383,0.11485,0.1926,0.30543,0.38954,0.45124,0.51592
90.0,0.0023267,0.0059629,0.014592,0.032418,0.060963,0.10769,0.18156,0.28965,0.37074,0.43052,0.49354
100.0,0.0021461,0.0055199,0.013555,0.030182,0.056979,0.10108,0.1712,0.2745,0.35241,0.41011,0.47123
110.0,0.0019864,0.0051254,0.012625,0.02817,0.053328,0.094957,0.16141,0.25968,0.33422,0.38963,0.44856
120.0,0.0018428,0.0047691,0.011784,0.026359,0.049985,0.089256,0.15208,0.24559,0.3168,0.36988,0.42651
130.0,0.0016675,0.0043357,0.010757,0.024111,0.045861,0.082116,0.14046,0.22793,0.29488,0.34498,0.39861
140.0,0.0015133,0.003952,0.0098455,0.022112,0.042146,0.075675,0.12996,0.21176,0.27472,0.32199,0.37273
150.0,0.0013763,0.0036089,0.0090263,0.02032,0.038813,0.069904,0.12045,0.1969,0.25609,0.3007,0.3487
175.0,0.0010836,0.0028682,0.0072347,0.016349,0.031339,0.056678,0.098266,0.16202,0.21184,0.24959,0.29038
200.0,8.6667E-4,0.0023121,0.0058733,0.013317,0.02558,0.046407,0.080904,0.13428,0.17638,0.20845,0.24324
250.0,5.6081E-4,0.0015169,0.0039009,0.0089301,0.017283,0.031596,0.055639,0.093408,0.12346,0.14656,0.17175
300.0,3.751E-4,0.0010254,0.0026619,0.0061401,0.011943,0.021937,0.038945,0.065946,0.087603,0.10433,0.12264
350.0,2.5595E-4,7.0623E-4,0.0018479,0.0042888,0.0083613,0.015405,0.027509,0.046953,0.062662,0.074875,0.088267
400.0,1.771E-4,4.9272E-4,0.0012983,0.003026,0.0059089,0.010908,0.019579,0.033641,0.045098,0.054042,0.063873
450.0,1.1888E-4,3.3361E-4,8.8652E-4,0.0020985,0.0041398,0.0077057,0.013947,0.024169,0.032556,0.039147,0.04642
500.0,8.0701E-5,2.2826E-4,6.1132E-4,0.001464,0.0029137,0.0054647,0.0099759,0.017427,0.02359,0.028459,0.03385
600.0,3.2984E-5,9.4948E-5,2.6393E-4,6.4443E-4,0.0013225,0.0025529,0.0047666,0.0085674,0.011842,0.014494,0.017765
700.0,1.6319E-5,4.6835E-5,1.2998E-4,3.3079E-4,6.8329E-4,0.0013567,0.0025765,0.0047321,0.0066088,0.0081408,0.0099517
800.0,7.7218E-6,2.3216E-5,6.5514E-5,1.6736E-4,3.5783E-4,7.183E-4,0.0014021,0.0026376,0.0036822,0.0046421,0.0057356
1000.0,1.9718E-6,6.0055E-6,1.7555E-5,4.6739E-5,1.0361E-4,2.1529E-4,4.3871E-4,8.4882E-4,0.0012066,0.0015631,0.0019637
1200.0,5.402E-7,1.6841E-6,5.0256E-6,1.3578E-5,3.1055E-5,6.731E-5,1.3898E-4,2.8501E-4,4.2348E-4,5.4425E-4,6.7761E-4
1500.0,8.248E-8,2.5662E-7,7.8849E-7,2.2853E-6,5.4589E-6,1.1949E-5,2.6599E-5,5.4531E-5,8.25E-5,1.1233E-4,1.3535E-4
SA0P15
r\m,4.0,4.5,5.0,5.5,6.0,6.5,7.0,7.5,7.8,8.0,8.2
0.0,0.36443,0.65996,1.0121,1.3181,1.6316,1.9612,2.2846,2.5538,2.7055,2.7988,2.8927
1.0,0.30658,0.592,0.93272,1.2357,1.5467,1.8821,2.2161,2.5021,2.6603,2.752,2.8384
5.0,0.11288,0.24211,0.47135,0.78523,1.1105,1.459,1.8077,2.1171,2.2799,2.3757,2.4647
10.0,0.042971,0.099422,0.21181,0.40675,0.65387,0.95546,1.2848,1.6065,1.7762,1.8795,1.9775
15.0,0.02241,0.053683,0.11928,0.24187,0.41521,0.65011,0.93485,1.2385,1.4098,1.5167,1.6219
20.0,0.013734,0.033647,0.076761,0.16051,0.28669,0.4692,0.70802,0.98178,1.1466,1.252,1.3558
25.0,0.0091453,0.022807,0.05334,0.11403,0.2097,0.35368,0.55305,0.7966,0.95063,1.0517,1.1532
30.0,0.0065641,0.016573,0.039418,0.085511,0.16049,0.27685,0.445,0.65952,0.80199,0.89793,0.99562
40.0,0.0038891,0.010021,0.024336,0.05399,0.10401,0.18515,0.30884,0.47682,0.59431,0.67656,0.76526
50.0,0.0025797,0.0067407,0.016591,0.037398,0.073426,0.13396,0.23066,0.3699,0.47313,0.54886,0.63012
60.0,0.0020336,0.0053717,0.013343,0.030297,0.059978,0.11062,0.19299,0.31425,0.40606,0.47441,0.54847
70.0,0.0018006,0.0047794,0.011932,0.027224,0.05436,0.10127,0.17844,0.2935,0.38164,0.44775,0.52008
80.0,0.0016193,0.0043198,0.010835,0.024808,0.049851,0.093547,0.16614,0.27549,0.36002,0.4239,0.49428
90.0,0.0014891,0.0039867,0.010037,0.023035,0.046446,0.087551,0.15614,0.26039,0.34141,0.4029,0.47093
100.0,0.0013755,0.0036955,0.009334,0.021466,0.04342,0.082124,0.14698,0.24629,0.3238,0.38285,0.44844
110.0,0.0012755,0.0034377,0.0087091,0.020067,0.040679,0.077186,0.13851,0.2328,0.30675,0.36328,0.42625
120.0,0.001186,0.0032065,0.0081478,0.018813,0.0382,0.072645,0.13054,0.22019,0.29072,0.34476,0.40512
130.0,0.0010859,0.0029474,0.0075151,0.017377,0.035352,0.067326,0.1213,0.20536,0.27177,0.3228,0.37992
140.0,9.9602E-4,0.0027138,0.0069441,0.016079,0.032746,0.062479,0.1129,0.19168,0.25425,0.30247,0.35654
150.0,9.1444E-4,0.0025006,0.0064209,0.014894,0.030373,0.05808,0.10521,0.17899,0.23794,0.2835,0.3347
175.0,7.3918E-4,0.0020385,0.0052746,0.012267,0.025074,0.048072,0.087449,0.14969,0.19988,0.23884,0.28274
200.0,6.0611E-4,0.0016834,0.0043843,0.010221,0.020915,0.04017,0.073367,0.12616,0.16911,0.20259,0.24041
250.0,4.0897E-4,0.001151,0.0030331,0.0071318,0.0147,0.028398,0.052233,0.09071,0.12213,0.14679,0.17472
300.0,2.8489E-4,8.1001E-4,0.0021541,0.0051006,0.010566,0.020478,0.037883,0.066268,0.089531,0.10783,0.12859
350.0,2.0238E-4,5.8064E-4,0.0015555,0.0037068,0.0076918,0.014938,0.02774,0.048826,0.066174,0.079885,0.09543
400.0,1.4574E-4,4.2151E-4,0.0011365,0.0027211,0.0056509,0.010985,0.020464,0.036198,0.049208,0.059515,0.071205
450.0,1.0189E-4,2.9711E-4,8.0721E-4,0.001964,0.0041163,0.008057,0.015105,0.02689,0.036675,0.044464,0.05331
500.0,7.2114E-5,2.1183E-4,5.7948E-4,0.0014269,0.0030126,0.0059315,0.011189,0.02004,0.027426,0.033325,0.040032
600.0,3.2567E-5,9.7134E-5,2.7453E-4,6.8827E-4,0.0014856,0.002988,0.005734,0.010501,0.014627,0.017992,0.022197
700.0,1.7148E-5,5.1499E-5,1.4559E-4,3.788E-4,8.2164E-4,0.001692,0.0032935,0.006143,0.0086408,0.010694,0.013162
800.0,8.8463E-6,2.7425E-5,7.8705E-5,2.0557E-4,4.5904E-4,9.5328E-4,0.0019011,0.0036273,0.0050994,0.0065166,0.0080974
1000.0,2.5811E-6,8.0889E-6,2.3967E-5,6.5889E-5,1.5187E-4,3.2507E-4,6.7444E-4,0.0013184,0.0018829,0.0024454,0.0030866
1200.0,8.0088E-7,2.5657E-6,7.861E-6,2.1585E-5,5.1099E-5,1.135E-4,2.3849E-4,4.9006E-4,7.3189E-4,9.4397E-4,0.0011877
1500.0,1.4538E-7,4.685E-7,1.4513E-6,4.2424E-6,1.0491E-5,2.3548E-5,5.3339E-5,1.1067E-4,1.6827E-4,2.2994E-4,2.7827E-4
SA0P2
r\m,4.0,4.5,5.0,5.5,6.0,6.5,7.0,7.5,7.8,8.0,8.2
0.0,0.29644,0.54637,0.83276,1.0728,1.3288,1.6134,1.9103,2.1601,2.3035,2.3919,2.4841
1.0,0.24464,0.48369,0.76278,1.0043,1.2597,1.55,1.8556,2.1203,2.2693,2.3535,2.4337
5.0,0.078205,0.18232,0.36594,0.62249,0.90696,1.2228,1.5482,1.8385,1.9943,2.0826,2.1649
10.0,0.028772,0.072464,0.16005,0.31632,0.53349,0.81361,1.128,1.4364,1.6034,1.7035,1.7998
15.0,0.014937,0.03886,0.089403,0.18687,0.33808,0.55628,0.82911,1.124,1.2942,1.4013,1.5103
20.0,0.0091701,0.024344,0.057406,0.12362,0.23279,0.40124,0.62939,0.89635,1.0606,1.1671,1.2762
25.0,0.0061048,0.01647,0.039808,0.087583,0.16983,0.30146,0.49114,0.72778,0.88104,0.98325,1.09
30.0,0.0043899,0.01197,0.029395,0.065524,0.12957,0.23498,0.39402,0.60142,0.74268,0.8395,0.94198
40.0,0.0026161,0.0072643,0.018175,0.041341,0.083678,0.15628,0.27172,0.43234,0.54729,0.62923,0.7198
50.0,0.0017465,0.0049073,0.012414,0.028631,0.058907,0.11255,0.20191,0.33416,0.43476,0.5101,0.59388
60.0,0.0013983,0.0039658,0.010108,0.023445,0.048559,0.093604,0.1698,0.28489,0.37413,0.44187,0.5178
70.0,0.0012287,0.0035016,0.0089652,0.020878,0.043538,0.084626,0.15488,0.26246,0.34692,0.41155,0.48463
80.0,0.0011005,0.0031518,0.0081053,0.01893,0.03968,0.077598,0.14304,0.24433,0.32464,0.3866,0.45707
90.0,0.0010121,0.0029091,0.0075077,0.017572,0.036934,0.072494,0.13406,0.23022,0.30682,0.36612,0.43381
100.0,9.3547E-4,0.002698,0.0069849,0.01638,0.034518,0.067936,0.12597,0.2173,0.29031,0.34703,0.41198
110.0,8.6821E-4,0.0025119,0.0065223,0.015323,0.032348,0.06384,0.1186,0.20517,0.27466,0.32881,0.39095
120.0,8.0826E-4,0.0023458,0.006109,0.014379,0.030403,0.060111,0.11176,0.19397,0.26015,0.31182,0.37125
130.0,7.4488E-4,0.0021696,0.0056678,0.013356,0.02828,0.05596,0.10424,0.18147,0.24387,0.29269,0.34896
140.0,6.8737E-4,0.0020091,0.0052656,0.012422,0.026318,0.052153,0.097376,0.16989,0.22878,0.27498,0.32829
150.0,6.3448E-4,0.0018607,0.0048928,0.011559,0.024516,0.048669,0.091054,0.15908,0.21465,0.25837,0.3089
175.0,5.2072E-4,0.0015393,0.0040771,0.0096533,0.020515,0.040813,0.076618,0.1345,0.18225,0.21994,0.26362
200.0,4.332E-4,0.0012891,0.0034362,0.0081528,0.017342,0.034552,0.065088,0.11467,0.15592,0.18862,0.22659
250.0,2.9971E-4,9.0345E-4,0.0024365,0.0058287,0.012499,0.025042,0.047451,0.084401,0.11518,0.13972,0.16827
300.0,2.1404E-4,6.5169E-4,0.0017737,0.0042732,0.0092185,0.018531,0.035289,0.063214,0.086512,0.10511,0.12677
350.0,1.5594E-4,4.7902E-4,0.0013133,0.0031859,0.0068897,0.013883,0.026527,0.047793,0.065574,0.079826,0.09641
400.0,1.1522E-4,3.5675E-4,9.8423E-4,0.0024011,0.0051995,0.010493,0.020105,0.036387,0.050045,0.061012,0.073773
450.0,8.2778E-5,2.5834E-4,7.18E-4,0.0017815,0.003895,0.0079171,0.015257,0.02777,0.038291,0.046771,0.056642
500.0,6.0292E-5,1.895E-4,5.3012E-4,0.0013321,0.0029346,0.0060005,0.011627,0.021274,0.029413,0.035988,0.043646
600.0,2.9686E-5,9.4575E-5,2.7218E-4,6.9649E-4,0.0015629,0.0032535,0.0063945,0.011906,0.016703,0.020644,0.025599
700.0,1.6503E-5,5.3115E-5,1.5326E-4,4.0521E-4,9.1438E-4,0.0019432,0.0038685,0.0073149,0.010353,0.012869,0.015932
800.0,9.1147E-6,3.003E-5,8.7847E-5,2.3353E-4,5.402E-4,0.0011573,0.002353,0.0045388,0.0064245,0.0082374,0.010284
1000.0,2.9898E-6,9.9486E-6,2.9946E-5,8.3786E-5,1.9947E-4,4.391E-4,9.2502E-4,0.0018227,0.0026159,0.0033926,0.004295
1200.0,1.0391E-6,3.5256E-6,1.0996E-5,3.0636E-5,7.464E-5,1.6962E-4,3.6184E-4,7.4382E-4,0.0011117,0.0014345,0.001816
1500.0,2.2081E-7,7.5601E-7,2.3699E-6,6.976E-6,1.7696E-5,4.0689E-5,9.3017E-5,1.9397E-4,2.9494E-4,4.0108E-4,4.8954E-4
SA0P25
r\m,4.0,4.5,5.0,5.5,6.0,6.5,7.0,7.5,7.8,8.0,8.2
0.0,0.23794,0.45974,0.70741,0.90746,1.1247,1.3743,1.6445,1.8732,2.0061,2.088,2.1753
1.0,0.19374,0.40345,0.64547,0.84882,1.0664,1.3215,1.599,1.8412,1.9789,2.0555,2.129
5.0,0.056017,0.14392,0.29926,0.51773,0.76951,1.0553,1.355,1.6235,1.7693,1.85,1.9253
10.0,0.020156,0.055993,0.12859,0.25984,0.45246,0.70995,1.0046,1.2944,1.454,1.5487,1.6405
15.0,0.010433,0.029892,0.071445,0.15284,0.28634,0.48708,0.74369,1.0238,1.1877,1.2913,1.3989
20.0,0.0064107,0.018716,0.045799,0.10088,0.19676,0.35109,0.56535,0.81974,0.97848,1.0823,1.1912
25.0,0.0042666,0.012646,0.031713,0.07133,0.14326,0.26313,0.44078,0.66582,0.81387,0.91366,1.0204
30.0,0.0030714,0.0091907,0.023402,0.053278,0.10905,0.20448,0.35282,0.54941,0.68558,0.78,0.88239
40.0,0.0018369,0.0055894,0.01448,0.033592,0.070243,0.13543,0.24215,0.39325,0.50309,0.58234,0.67142
50.0,0.0012311,0.0037857,0.0099013,0.023259,0.049349,0.09721,0.17926,0.30313,0.39902,0.47186,0.55477
60.0,9.9534E-4,0.0030863,0.0081249,0.019175,0.040919,0.081222,0.15126,0.25901,0.34396,0.40931,0.4842
70.0,8.704E-4,0.0027116,0.0071683,0.016975,0.036424,0.072803,0.13666,0.23628,0.31584,0.37756,0.44886
80.0,7.7751E-4,0.0024343,0.0064623,0.015341,0.033058,0.066418,0.12549,0.21866,0.29385,0.35264,0.42094
90.0,7.1515E-4,0.0022469,0.0059852,0.014238,0.030748,0.061967,0.11737,0.20556,0.277,0.33305,0.39836
100.0,6.6122E-4,0.0020845,0.0055696,0.013273,0.028729,0.058027,0.11013,0.19372,0.26163,0.31509,0.37753
110.0,6.14E-4,0.0019416,0.005203,0.012421,0.026926,0.054517,0.10363,0.18273,0.24727,0.2982,0.3578
120.0,5.7203E-4,0.0018146,0.0048766,0.011662,0.02532,0.051343,0.09762,0.1727,0.23408,0.28261,0.33953
130.0,5.2935E-4,0.0016848,0.004541,0.01087,0.023629,0.047936,0.091273,0.16189,0.21984,0.26574,0.31964
140.0,4.9033E-4,0.0015657,0.0042331,0.010143,0.022056,0.044799,0.085476,0.15187,0.20662,0.2501,0.30122
150.0,4.5414E-4,0.0014547,0.0039454,0.0094659,0.020601,0.041913,0.080107,0.14247,0.1942,0.23539,0.28389
175.0,3.763E-4,0.0012145,0.0033174,0.0079751,0.017391,0.03545,0.067962,0.12136,0.16609,0.20183,0.24401
200.0,3.1594E-4,0.0010262,0.0028205,0.0067938,0.014829,0.030272,0.058223,0.10429,0.1432,0.17442,0.21134
250.0,2.2215E-4,7.3068E-4,0.0020318,0.0049342,0.010867,0.02231,0.043141,0.078015,0.10748,0.13124,0.15939
300.0,1.6124E-4,5.3556E-4,0.0015031,0.0036766,0.0081533,0.016803,0.032647,0.059467,0.082138,0.10043,0.12213
350.0,1.1945E-4,4.002E-4,0.0011314,0.002788,0.006203,0.012824,0.024999,0.045799,0.063404,0.077664,0.094567
400.0,8.9788E-5,3.0316E-4,8.6242E-4,0.0021387,0.0047686,0.0098807,0.019317,0.035549,0.049321,0.060494,0.073737
450.0,6.5711E-5,2.2358E-4,6.4065E-4,0.001617,0.0036427,0.0076072,0.014958,0.027678,0.038485,0.047281,0.057709
500.0,4.8817E-5,1.6723E-4,4.8226E-4,0.0012335,0.0028018,0.005889,0.011641,0.021648,0.03017,0.03712,0.045362
600.0,2.5655E-5,8.8966E-5,2.6305E-4,6.856E-4,0.0015839,0.0033851,0.0067774,0.012783,0.018036,0.02238,0.027857
700.0,1.4873E-5,5.215E-5,1.5488E-4,4.1566E-4,9.6692E-4,0.0021059,0.004268,0.0081582,0.011604,0.014474,0.018002
800.0,8.6441E-6,3.0861E-5,9.283E-5,2.509E-4,5.9652E-4,0.0013104,0.0027056,0.005262,0.0074903,0.0096036,0.012034
1000.0,3.1102E-6,1.1207E-5,3.4583E-5,9.8101E-5,2.3964E-4,5.3985E-4,0.001151,0.0022819,0.0032886,0.0042554,0.0053984
1200.0,1.1851E-6,4.3429E-6,1.3862E-5,3.9201E-5,9.7746E-5,2.264E-4,4.8888E-4,0.0010049,0.0015008,0.0019359,0.0024601
1500.0,2.8666E-7,1.0607E-6,3.398E-6,1.0088E-5,2.6095E-5,6.1246E-5,1.4075E-4,2.9414E-4,4.466E-4,6.0315E-4,7.4264E-4
SA0P3
r\m,4.0,4.5,5.0,5.5,6.0,6.5,7.0,7.5,7.8,8.0,8.2
0.0,0.1895,0.38907,0.6134,0.78966,0.981,1.2044,1.4518,1.6621,1.7851,1.861,1.943
1.0,0.1528,0.33936,0.55823,0.73828,0.93031,1.1589,1.4127,1.6352,1.7626,1.8327,1.9003
5.0,0.041092,0.11647,0.25279,0.44539,0.67242,0.93345,1.2104,1.4591,1.5952,1.6693,1.7385
10.0,0.014562,0.044653,0.10731,0.22164,0.3953,0.63297,0.90857,1.1804,1.3316,1.4207,1.5075
15.0,0.0075218,0.023764,0.059399,0.12999,0.24994,0.43534,0.67609,0.94071,1.097,1.1962,1.3004
20.0,0.0046247,0.014873,0.038032,0.08565,0.17148,0.31362,0.51445,0.75543,0.90725,1.0071,1.1136
25.0,0.0030774,0.01004,0.026307,0.060479,0.12467,0.23462,0.40082,0.61371,0.75531,0.85143,0.95587
30.0,0.0022169,0.0072966,0.019404,0.045121,0.094751,0.18192,0.32029,0.50586,0.6359,0.7268,0.82698
40.0,0.0013289,0.0044438,0.012012,0.028434,0.060914,0.12013,0.21906,0.36091,0.46519,0.54105,0.62733
50.0,8.9305E-4,0.003015,0.0082191,0.019683,0.042734,0.086016,0.16172,0.27765,0.36854,0.43826,0.51889
60.0,7.268E-4,0.0024725,0.0067799,0.016302,0.035576,0.072098,0.13678,0.2376,0.31805,0.38051,0.4532
70.0,6.3351E-4,0.0021652,0.0059603,0.014374,0.031509,0.064234,0.12273,0.21522,0.28998,0.34853,0.41718
80.0,5.6494E-4,0.0019403,0.0053629,0.012962,0.028515,0.058391,0.11224,0.19832,0.26865,0.32418,0.38961
90.0,5.1967E-4,0.001791,0.0049666,0.012027,0.026509,0.054425,0.10482,0.18612,0.25277,0.30555,0.36792
100.0,4.8061E-4,0.0016618,0.0046223,0.011213,0.024763,0.050937,0.09826,0.1752,0.23844,0.28867,0.34814
110.0,4.4647E-4,0.0015485,0.0043194,0.010496,0.02321,0.047848,0.092407,0.16515,0.22517,0.27296,0.32963
120.0,4.1617E-4,0.0014479,0.0040503,0.009858,0.021833,0.045067,0.087034,0.15603,0.21308,0.25857,0.31263
130.0,3.862E-4,0.0013478,0.0037808,0.0092106,0.02042,0.042161,0.081515,0.14648,0.20037,0.24343,0.29465
140.0,3.5865E-4,0.0012556,0.0035326,0.0086133,0.019099,0.039477,0.076469,0.13761,0.18857,0.22939,0.278
150.0,3.3295E-4,0.0011691,0.0032993,0.0080539,0.017873,0.036998,0.071778,0.12927,0.17746,0.21616,0.26232
175.0,2.7769E-4,9.8219E-4,0.0027911,0.006826,0.015178,0.03148,0.061247,0.11069,0.15256,0.1863,0.22663
200.0,2.3463E-4,8.349E-4,0.0023872,0.0058491,0.013021,0.027045,0.052782,0.095652,0.13227,0.16189,0.19737
250.0,1.6683E-4,6.0101E-4,0.0017384,0.0042943,0.0096514,0.020167,0.039563,0.072394,0.10042,0.1232,0.15054
300.0,1.2247E-4,4.4542E-4,0.0013004,0.0032359,0.007329,0.015379,0.030314,0.055886,0.077712,0.095464,0.1168
350.0,9.1794E-5,3.3669E-4,9.9011E-4,0.0024829,0.0056463,0.011893,0.023524,0.043625,0.060794,0.07481,0.091645
400.0,6.9839E-5,2.5811E-4,7.637E-4,0.0019284,0.004398,0.0092916,0.018436,0.034347,0.047964,0.059097,0.072471
450.0,5.1789E-5,1.9283E-4,5.7464E-4,0.0014777,0.0034071,0.0072595,0.014488,0.027141,0.037979,0.046864,0.057542
500.0,3.9024E-5,1.4626E-4,4.3857E-4,0.0011435,0.0026599,0.0057078,0.011453,0.021562,0.030234,0.037358,0.045922
600.0,2.1535E-5,8.1611E-5,2.5026E-4,6.6533E-4,0.0015734,0.0034317,0.0069697,0.013278,0.018817,0.023421,0.029238
700.0,1.2891E-5,4.9397E-5,1.5235E-4,4.1595E-4,9.918E-4,0.002202,0.004526,0.0087246,0.012457,0.01558,0.019449
800.0,7.786E-6,3.0264E-5,9.4462E-5,2.6007E-4,6.3251E-4,0.0014175,0.0029627,0.0057983,0.0082911,0.010618,0.013344
1000.0,3.0107E-6,1.1803E-5,3.7698E-5,1.0857E-4,2.7099E-4,6.2211E-4,0.0013391,0.0026672,0.0038574,0.0049801,0.0063272
1200.0,1.2343E-6,4.909E-6,1.6168E-5,4.6531E-5,1.1834E-4,2.7846E-4,6.0721E-4,0.0012481,0.0018619,0.0024,0.0030577
1500.0,3.313E-7,1.33E-6,4.3969E-6,1.3214E-5,3.475E-5,8.2984E-5,1.9136E-4,4.0025E-4,6.0661E-4,8.1374E-4,0.0010098
SA0P4
r\m,4.0,4.5,5.0,5.5,6.0,6.5,7.0,7.5,7.8,8.0,8.2
0.0,0.12096,0.27983,0.47548,0.62971,0.7924,0.98225,1.1962,1.3786,1.4861,1.5524,1.6251
1.0,0.096312,0.2422,0.43131,0.58841,0.75166,0.94593,1.1651,1.3579,1.4691,1.5295,1.588
5.0,0.023562,0.079142,0.18962,0.35016,0.54455,0.77038,1.0125,1.2303,1.3505,1.4146,1.4746
10.0,0.0081926,0.029789,0.079279,0.17242,0.32009,0.52776,0.77233,1.0141,1.1503,1.2298,1.3078
15.0,0.0042212,0.015792,0.043683,0.10074,0.20216,0.36415,0.57862,0.81634,0.95837,1.0487,1.1453
20.0,0.0025973,0.0098786,0.027926,0.06624,0.13841,0.26213,0.44079,0.65803,0.79653,0.88828,0.98791
25.0,0.0017279,0.0066607,0.019291,0.04669,0.10044,0.19563,0.3431,0.53471,0.6639,0.75238,0.85036
30.0,0.0012459,0.0048408,0.014221,0.034783,0.076177,0.15124,0.27356,0.44009,0.55853,0.64214,0.73613
40.0,7.4908E-4,0.0029534,0.0088082,0.021905,0.048853,0.099478,0.18623,0.31265,0.4069,0.47619,0.55618
50.0,5.0506E-4,0.0020081,0.0060323,0.01516,0.034209,0.07101,0.137,0.23991,0.32189,0.38557,0.4607
60.0,4.1441E-4,0.0016589,0.0050084,0.012627,0.028622,0.05976,0.11621,0.20571,0.27821,0.33517,0.40274
70.0,3.5983E-4,0.0014469,0.0043836,0.011078,0.02519,0.05283,0.10336,0.18462,0.25131,0.30417,0.3673
80.0,3.2024E-4,0.0012939,0.0039351,0.0099626,0.022715,0.047807,0.094022,0.16918,0.23153,0.28137,0.34116
90.0,2.9463E-4,0.0011945,0.0036441,0.0092425,0.021103,0.044505,0.087635,0.15841,0.21731,0.26451,0.32125
100.0,2.7261E-4,0.0011087,0.0033922,0.0086177,0.019708,0.041623,0.08205,0.14889,0.20464,0.24943,0.30337
110.0,2.534E-4,0.0010337,0.0031712,0.0080694,0.018474,0.039091,0.077113,0.14023,0.19305,0.23559,0.28688
120.0,2.3639E-4,9.6717E-4,0.0029755,0.0075825,0.017385,0.036825,0.07261,0.13244,0.18259,0.22304,0.27189
130.0,2.2014E-4,9.0328E-4,0.0027861,0.0071055,0.016305,0.034536,0.068155,0.12456,0.172,0.21031,0.25664
140.0,2.051E-4,8.4401E-4,0.0026106,0.0066629,0.01529,0.032417,0.064075,0.11723,0.16215,0.19851,0.24252
150.0,1.9097E-4,7.8805E-4,0.0024445,0.0062455,0.014342,0.030448,0.060266,0.11031,0.15284,0.18736,0.2292
175.0,1.6061E-4,6.673E-4,0.0020838,0.0053329,0.012272,0.026104,0.051804,0.095104,0.13229,0.16257,0.19936
200.0,1.368E-4,5.7161E-4,0.0017957,0.0046035,0.010607,0.022599,0.044986,0.082783,0.11552,0.14228,0.17487
250.0,9.8683E-5,4.1726E-4,0.0013258,0.0034263,0.0079779,0.017107,0.034226,0.063614,0.089039,0.10991,0.13539
300.0,7.3514E-5,3.1368E-4,0.0010058,0.0026189,0.0061519,0.013257,0.026653,0.049933,0.070054,0.086589,0.1068
350.0,5.5945E-5,2.4065E-4,7.7716E-4,0.00204,0.0048166,0.010429,0.021048,0.039677,0.055785,0.06907,0.085303
400.0,4.3242E-5,1.8736E-4,6.0868E-4,0.0016099,0.003816,0.0082972,0.016805,0.031836,0.044852,0.055604,0.068749
450.0,3.2626E-5,1.4236E-4,4.6568E-4,0.0012551,0.0030108,0.0066095,0.01347,0.025662,0.036224,0.04497,0.055669
500.0,2.5048E-5,1.0997E-4,3.6186E-4,9.896E-4,0.0023972,0.0053053,0.010873,0.020821,0.029446,0.036601,0.045361
600.0,1.4768E-5,6.5459E-5,2.1944E-4,6.1246E-4,0.0015083,0.0033936,0.0070372,0.013598,0.019393,0.024245,0.030386
700.0,9.2427E-6,4.1391E-5,1.3979E-4,3.9912E-4,9.9325E-4,0.002272,0.0047678,0.0093034,0.013356,0.01677,0.021041
800.0,5.8848E-6,2.6605E-5,9.0801E-5,2.6195E-4,6.6315E-4,0.0015336,0.0032641,0.0064465,0.0092787,0.011851,0.014953
1000.0,2.5193E-6,1.1475E-5,3.9907E-5,1.1969E-4,3.1059E-4,7.3482E-4,0.0016048,0.003219,0.0046797,0.0060197,0.0076636
1200.0,1.1474E-6,5.2811E-6,1.8819E-5,5.6669E-5,1.495E-4,3.6101E-4,7.9923E-4,0.0016431,0.0024463,0.0031491,0.0040249
1500.0,3.5841E-7,1.6625E-6,5.9531E-6,1.857E-5,5.0385E-5,1.2381E-4,2.8691E-4,6.0055E-4,9.0728E-4,0.0012035,0.001512
SA0P5
r\m,4.0,4.5,5.0,5.5,6.0,6.5,7.0,7.5,7.8,8.0,8.2
0.0,0.079863,0.20245,0.37423,0.51951,0.66992,0.84174,1.0347,1.1986,1.2952,1.3548,1.4206
1.0,0.063097,0.17443,0.33883,0.4853,0.63559,0.81105,1.0084,1.1815,1.2813,1.3352,1.3875
5.0,0.014575,0.055361,0.14639,0.28651,0.46114,0.66493,0.88377,1.0803,1.189,1.2462,1.2999
10.0,0.0050122,0.020616,0.060667,0.14021,0.27105,0.45834,0.68071,0.90058,1.0251,1.0975,1.1686
15.0,0.0025789,0.010905,0.033338,0.081748,0.17108,0.31687,0.51208,0.72936,0.85992,0.94309,1.0327
20.0,0.0015874,0.0068196,0.021294,0.053684,0.11698,0.22797,0.39036,0.58926,0.71687,0.8017,0.89481
25.0,0.001056,0.0045952,0.014699,0.037801,0.0848,0.1699,0.30368,0.47889,0.59792,0.67984,0.77154
30.0,7.6185E-4,0.0033398,0.010832,0.028137,0.064234,0.13112,0.2418,0.39379,0.5028,0.58017,0.66814
40.0,4.5889E-4,0.0020399,0.0067119,0.017713,0.041134,0.086037,0.16415,0.27904,0.36538,0.42924,0.50359
50.0,3.1003E-4,0.0013889,0.0045993,0.012257,0.028773,0.061302,0.12049,0.21378,0.28879,0.34748,0.41752
60.0,2.5561E-4,0.0011524,0.0038332,0.010244,0.024145,0.051714,0.10239,0.18352,0.24982,0.30228,0.36519
70.0,2.2148E-4,0.0010029,0.0033468,0.0089617,0.021172,0.045508,0.090585,0.16379,0.2244,0.27279,0.33118
80.0,1.969E-4,8.9584E-4,0.0030005,0.0080469,0.019052,0.04107,0.082142,0.14959,0.20606,0.25151,0.3066
90.0,1.812E-4,8.2713E-4,0.0027788,0.0074647,0.017693,0.038206,0.076476,0.13988,0.19311,0.23606,0.2882
100.0,1.6772E-4,7.6798E-4,0.0025872,0.0069609,0.016522,0.035718,0.071548,0.13136,0.18166,0.22235,0.27184
110.0,1.5598E-4,7.1627E-4,0.0024194,0.0065196,0.015489,0.033541,0.067218,0.12366,0.17128,0.20988,0.25687
120.0,1.4559E-4,6.7055E-4,0.0022711,0.0061282,0.01458,0.0316,0.063284,0.11676,0.16194,0.19862,0.24335
130.0,1.3587E-4,6.275E-4,0.0021305,0.0057528,0.013697,0.029682,0.059479,0.10994,0.15271,0.18747,0.2299
140.0,1.2684E-4,5.8742E-4,0.0019997,0.0054033,0.012864,0.027901,0.055993,0.10359,0.14412,0.17714,0.21748
150.0,1.1832E-4,5.494E-4,0.0018755,0.0050722,0.012083,0.026241,0.052728,0.097572,0.13598,0.16735,0.20572
175.0,1.0001E-4,4.6747E-4,0.0016061,0.0043505,0.010386,0.0226,0.045527,0.084471,0.11818,0.14581,0.17969
200.0,8.561E-5,4.0232E-4,0.0013904,0.0037721,0.0090176,0.019655,0.039718,0.073853,0.10366,0.12818,0.15832
250.0,6.2314E-5,2.9624E-4,0.0010352,0.0028308,0.0068423,0.015015,0.030493,0.057283,0.080641,0.099937,0.12371
300.0,4.6847E-5,2.2468E-4,7.922E-4,0.0021825,0.0053254,0.011749,0.023982,0.045425,0.064099,0.079539,0.098596
350.0,3.599E-5,1.7397E-4,6.1764E-4,0.0017157,0.0042106,0.0093403,0.019143,0.036494,0.051607,0.064151,0.079635
400.0,2.8094E-5,1.3676E-4,4.8831E-4,0.0013672,0.0033705,0.0075141,0.01546,0.029628,0.041986,0.052258,0.064951
450.0,2.1427E-5,1.0501E-4,3.7745E-4,0.0010772,0.0026894,0.0060577,0.012545,0.024182,0.034333,0.04279,0.05325
500.0,1.6643E-5,8.2051E-5,2.9659E-4,8.5916E-4,0.0021674,0.0049251,0.01026,0.019882,0.028279,0.035289,0.043967
600.0,1.0233E-5,5.0883E-5,1.8689E-4,5.5278E-4,0.001418,0.0032773,0.0069078,0.013486,0.019319,0.024224,0.030439
700.0,6.5916E-6,3.309E-5,1.2254E-4,3.6982E-4,9.6002E-4,0.0022543,0.0048089,0.0094692,0.013646,0.01718,0.02163
800.0,4.3414E-6,2.1941E-5,8.2018E-5,2.5038E-4,6.601E-4,0.0015689,0.0033893,0.0067407,0.0097475,0.012423,0.015717
1000.0,1.9871E-6,1.0111E-5,3.8394E-5,1.2125E-4,3.2739E-4,7.9555E-4,0.0017592,0.0035489,0.0051793,0.0066459,0.0084723
1200.0,9.7085E-7,4.9786E-6,1.9266E-5,6.1304E-5,1.6803E-4,4.1564E-4,9.3213E-4,0.0019189,0.0028532,0.0036695,0.0046992
1500.0,3.3599E-7,1.7339E-6,6.7499E-6,2.2119E-5,6.2102E-5,1.5662E-4,3.6494E-4,7.648E-4,0.0011529,0.0015172,0.0019228
SA0P75
r\m,4.0,4.5,5.0,5.5,6.0,6.5,7.0,7.5,7.8,8.0,8.2
0.0,0.033899,0.096444,0.21123,0.33578,0.474,0.62913,0.79905,0.94134,1.0238,1.0742,1.1299
1.0,0.026515,0.082616,0.19081,0.31356,0.44984,0.60662,0.77932,0.92879,1.0137,1.059,1.1028
5.0,0.0056863,0.025267,0.080658,0.18329,0.32701,0.50159,0.69046,0.85923,0.95198,1.0002,1.045
10.0,0.0019287,0.0092846,0.033059,0.089021,0.19224,0.34852,0.5385,0.7268,0.83377,0.89542,0.95606
15.0,9.9076E-4,0.0048986,0.018108,0.051766,0.12124,0.24158,0.40728,0.59329,0.70564,0.7772,0.85494
20.0,6.1027E-4,0.0030625,0.011555,0.033944,0.082779,0.17369,0.31075,0.48076,0.59058,0.66382,0.74508
25.0,4.0596E-4,0.0020623,0.0079692,0.023872,0.059922,0.12921,0.24157,0.39078,0.49305,0.56379,0.64389
30.0,2.9313E-4,0.0014991,0.0058712,0.017752,0.045321,0.099494,0.19201,0.32097,0.41437,0.48109,0.55787
40.0,1.7701E-4,9.1718E-4,0.0036407,0.011172,0.028972,0.065093,0.12988,0.22668,0.30015,0.35487,0.4192
50.0,1.1992E-4,6.2571E-4,0.0024972,0.0077314,0.020241,0.046274,0.095083,0.17333,0.23698,0.28723,0.34799
60.0,9.9494E-5,5.2212E-4,0.0020917,0.0064897,0.017051,0.039158,0.080985,0.14903,0.20526,0.25011,0.30461
70.0,8.6003E-5,4.5326E-4,0.0018211,0.0056585,0.014885,0.034261,0.071169,0.13206,0.18304,0.22408,0.27423
80.0,7.6383E-5,4.0447E-4,0.0016306,0.0050722,0.013361,0.030818,0.06428,0.12011,0.16736,0.20573,0.2528
90.0,7.0332E-5,3.7363E-4,0.0015106,0.0047058,0.012404,0.028646,0.059763,0.11212,0.15656,0.19271,0.23711
100.0,6.5148E-5,3.4715E-4,0.0014071,0.0043897,0.011583,0.02677,0.055863,0.10518,0.14709,0.18127,0.22331
110.0,6.0637E-5,3.2403E-4,0.0013168,0.0041135,0.010862,0.025138,0.052461,0.098951,0.13858,0.17096,0.21082
120.0,5.6653E-5,3.0364E-4,0.001237,0.0038689,0.010229,0.023689,0.049386,0.09341,0.13099,0.16173,0.19963
130.0,5.3028E-5,2.8493E-4,0.0011634,0.0036406,0.0096306,0.022295,0.046499,0.088091,0.1237,0.15286,0.18884
140.0,4.9638E-5,2.6743E-4,0.0010946,0.0034271,0.0090638,0.020998,0.043851,0.083125,0.1169,0.14463,0.17888
150.0,4.642E-5,2.5072E-4,0.0010289,0.0032237,0.0085302,0.019785,0.041362,0.078409,0.11046,0.13682,0.16943
175.0,3.9516E-5,2.1478E-4,8.8684E-4,0.0027818,0.0073763,0.017142,0.035923,0.068255,0.096528,0.11987,0.14881
200.0,3.4056E-5,1.8607E-4,7.7258E-4,0.0024266,0.0064434,0.015,0.031531,0.060027,0.085163,0.106,0.1319
250.0,2.5102E-5,1.3871E-4,5.8208E-4,0.0018419,0.0049474,0.011598,0.024501,0.047137,0.067074,0.083667,0.10435
300.0,1.9113E-5,1.0653E-4,4.509E-4,0.001437,0.003899,0.0091947,0.019525,0.037892,0.054047,0.067507,0.084322
350.0,1.4879E-5,8.357E-5,3.5601E-4,0.001144,0.0031237,0.0074119,0.015809,0.030891,0.04416,0.055258,0.069132
400.0,1.1775E-5,6.6596E-5,2.852E-4,9.2383E-4,0.0025357,0.0060522,0.012965,0.025477,0.036499,0.045734,0.057298
450.0,9.1164E-6,5.19E-5,2.2363E-4,7.3853E-4,0.0020542,0.004958,0.010695,0.021144,0.03035,0.03808,0.047771
500.0,7.1965E-6,4.1205E-5,1.7847E-4,5.9834E-4,0.0016827,0.0041012,0.0089016,0.017699,0.025448,0.03197,0.040159
600.0,4.6857E-6,2.7035E-5,1.1854E-4,4.059E-4,0.001161,0.00288,0.0063256,0.012644,0.01828,0.023048,0.029093
700.0,3.1432E-6,1.8291E-5,8.0933E-5,2.8164E-4,8.1663E-4,0.002056,0.0045708,0.0092003,0.013371,0.016918,0.021422
800.0,2.1701E-6,1.2672E-5,5.6506E-5,1.9912E-4,5.8489E-4,0.0014928,0.0033534,0.0067974,0.0099238,0.01262,0.016042
1000.0,1.0919E-6,6.419E-6,2.8935E-5,1.0461E-4,3.1416E-4,8.1874E-4,0.0018759,0.00385,0.0056666,0.0072545,0.0092746
1200.0,5.899E-7,3.484E-6,1.5865E-5,5.8072E-5,1.7656E-4,4.6651E-4,0.0010846,0.0022573,0.0033595,0.0043201,0.0055515
1500.0,2.3678E-7,1.4052E-6,6.4486E-6,2.4083E-5,7.4479E-5,2.0108E-4,4.8019E-4,0.0010165,0.0015315,0.0019938,0.0025625
SA1P0
r\m,4.0,4.5,5.0,5.5,6.0,6.5,7.0,7.5,7.8,8.0,8.2
0.0,0.017731,0.051916,0.12559,0.22316,0.34658,0.49312,0.65557,0.79309,0.8712,0.91858,0.97009
1.0,0.013804,0.044355,0.11333,0.20837,0.32896,0.47563,0.63962,0.78287,0.86307,0.90578,0.94663
5.0,0.0028596,0.013338,0.047434,0.12127,0.23938,0.39486,0.56956,0.72818,0.81501,0.86008,0.90173
10.0,9.6402E-4,0.0048719,0.019346,0.058699,0.14074,0.2754,0.44682,0.62016,0.71904,0.77597,0.83172
15.0,4.9488E-4,0.0025677,0.010583,0.034097,0.088744,0.19114,0.33881,0.50813,0.61108,0.67669,0.74788
20.0,3.0495E-4,0.0016053,0.0067507,0.022345,0.060553,0.13739,0.25863,0.41233,0.5124,0.57927,0.65357
25.0,2.0288E-4,0.0010808,0.0046548,0.015708,0.043809,0.10213,0.20099,0.3352,0.42798,0.49235,0.56542
30.0,1.4656E-4,7.8586E-4,0.0034293,0.011677,0.033114,0.078564,0.15963,0.27519,0.3596,0.42012,0.49002
40.0,8.8621E-5,4.8128E-4,0.0021278,0.0073497,0.021156,0.051335,0.10781,0.19406,0.2601,0.30948,0.36771
50.0,6.0129E-5,3.2871E-4,0.0014605,0.0050874,0.014775,0.03646,0.078834,0.14826,0.20528,0.25049,0.30545
60.0,5.0038E-5,2.7507E-4,0.0012265,0.0042798,0.01247,0.030902,0.067224,0.12758,0.17791,0.21823,0.26748
70.0,4.3216E-5,2.3859E-4,0.0010667,0.0037268,0.010865,0.02697,0.058897,0.11269,0.15813,0.19487,0.24
80.0,3.8373E-5,2.1286E-4,9.5478E-4,0.0033389,0.0097436,0.024226,0.053105,0.10229,0.14431,0.17857,0.22082
90.0,3.5349E-5,1.9673E-4,8.8488E-4,0.0030985,0.0090465,0.022513,0.049346,0.095428,0.13489,0.16713,0.20692
100.0,3.2762E-5,1.8289E-4,8.2469E-4,0.0028915,0.0084493,0.021037,0.046112,0.089477,0.12667,0.15712,0.19475
110.0,3.0511E-5,1.7081E-4,7.7216E-4,0.0027108,0.0079252,0.019757,0.0433,0.084164,0.11931,0.14814,0.18379
120.0,2.8525E-5,1.6017E-4,7.2586E-4,0.0025509,0.0074668,0.018623,0.040764,0.079449,0.11276,0.14013,0.17401
130.0,2.6741E-5,1.5053E-4,6.8362E-4,0.0024036,0.0070382,0.017546,0.038416,0.074984,0.10656,0.13253,0.16471
140.0,2.5068E-5,1.4149E-4,6.4409E-4,0.0022655,0.0066315,0.016542,0.036262,0.070812,0.10078,0.12549,0.15613
150.0,2.3474E-5,1.3283E-4,6.062E-4,0.0021335,0.0062477,0.015601,0.034233,0.066843,0.095291,0.11879,0.14799
175.0,2.0057E-5,1.1421E-4,5.2434E-4,0.0018472,0.0054199,0.013559,0.02982,0.058347,0.083503,0.10436,0.13034
200.0,1.7348E-5,9.9302E-5,4.584E-4,0.0016166,0.0047496,0.011902,0.026254,0.051463,0.073886,0.092553,0.11586
250.0,1.2873E-5,7.4532E-5,3.4768E-4,0.0012349,0.00367,0.0092608,0.020525,0.040662,0.058548,0.0735,0.092225
300.0,9.8691E-6,5.7643E-5,2.7116E-4,9.6974E-4,0.0029115,0.0073907,0.016464,0.032907,0.047496,0.059704,0.075033
350.0,7.737E-6,4.5545E-5,2.1561E-4,7.7732E-4,0.0023488,0.0060003,0.013427,0.027022,0.039089,0.049228,0.061971
400.0,6.1678E-6,3.6566E-5,1.7398E-4,6.3225E-4,0.0019207,0.0049368,0.011096,0.022461,0.032561,0.041064,0.051771
450.0,4.8126E-6,2.8725E-5,1.375E-4,5.0937E-4,0.0015683,0.0040772,0.0092283,0.018795,0.0273,0.034474,0.043522
500.0,3.8312E-6,2.3002E-5,1.1065E-4,4.1613E-4,0.0012956,0.0034022,0.0077488,0.015872,0.023094,0.029199,0.036914
600.0,2.5675E-6,1.5533E-5,7.5519E-5,2.9004E-4,9.1831E-4,0.0024545,0.0056563,0.011635,0.017006,0.021569,0.027351
700.0,1.7589E-6,1.0732E-5,5.2675E-5,2.0516E-4,6.5881E-4,0.0017858,0.0041648,0.0086188,0.012658,0.016107,0.0205
800.0,1.244E-6,7.6089E-6,3.7608E-5,1.4838E-4,4.8195E-4,0.001325,0.0031182,0.0064879,0.0095771,0.012201,0.015583
1000.0,6.5739E-7,4.051E-6,2.0197E-5,8.1371E-5,2.6981E-4,7.5654E-4,0.0018118,0.0038122,0.0056697,0.0072716,0.0093311
1200.0,3.7425E-7,2.3151E-6,1.1608E-5,4.7454E-5,1.59E-4,4.5082E-4,0.0010953,0.0023291,0.0034886,0.004499,0.0058039
1500.0,1.6237E-7,1.0095E-6,5.1084E-6,2.1196E-5,7.1912E-5,2.0841E-4,5.1663E-4,0.0011161,0.0016908,0.002195,0.0028477
SA1P5
r\m,4.0,4.5,5.0,5.5,6.0,6.5,7.0,7.5,7.8,8.0,8.2
0.0,0.0070448,0.020191,0.053158,0.10829,0.19504,0.31634,0.46526,0.60303,0.68174,0.72955,0.77994
1.0,0.0054613,0.01721,0.047926,0.10111,0.18516,0.30523,0.4541,0.59551,0.67566,0.71952,0.76089
5.0,0.0010963,0.0050968,0.019884,0.058617,0.13488,0.25435,0.40627,0.5567,0.6413,0.68664,0.72832
10.0,3.6758E-4,0.0018521,0.008076,0.028294,0.079329,0.17803,0.32046,0.4771,0.56962,0.62389,0.67681
15.0,1.8861E-4,9.7537E-4,0.0044135,0.016423,0.050018,0.12372,0.24359,0.39229,0.48597,0.54644,0.6117
20.0,1.1628E-4,6.0991E-4,0.0028149,0.010759,0.034116,0.088927,0.18604,0.31877,0.40823,0.46877,0.53595
25.0,7.7381E-5,4.1066E-4,0.0019409,0.0075616,0.024674,0.066063,0.14455,0.25919,0.34114,0.39873,0.46415
30.0,5.5933E-5,2.987E-4,0.0014302,0.0056207,0.018643,0.050784,0.11474,0.2127,0.28659,0.34025,0.40238
40.0,3.387E-5,1.8316E-4,8.8824E-4,0.0035395,0.011908,0.033156,0.077398,0.14982,0.20705,0.25037,0.3016
50.0,2.3018E-5,1.2527E-4,6.103E-4,0.0024515,0.0083167,0.023536,0.05655,0.1144,0.16337,0.20268,0.25072
60.0,1.9213E-5,1.0513E-4,5.139E-4,0.0020674,0.0070344,0.019982,0.048284,0.098529,0.14169,0.17668,0.21967
70.0,1.6585E-5,9.1154E-5,4.4674E-4,0.0017988,0.0061208,0.017405,0.042197,0.086782,0.12558,0.15731,0.19652
80.0,1.4727E-5,8.1337E-5,3.999E-4,0.0016115,0.0054862,0.015619,0.037996,0.078656,0.11442,0.14393,0.18051
90.0,1.3577E-5,7.5234E-5,3.7091E-4,0.0014965,0.0050957,0.014516,0.035297,0.073344,0.10689,0.13461,0.16903
100.0,1.2592E-5,7.0001E-5,3.4598E-4,0.0013975,0.0047618,0.013568,0.032982,0.068756,0.10034,0.1265,0.15901
110.0,1.1737E-5,6.544E-5,3.2423E-4,0.0013112,0.0044692,0.012747,0.030975,0.064673,0.094503,0.11925,0.15003
120.0,1.0982E-5,6.1423E-5,3.0508E-4,0.001235,0.0042137,0.012022,0.02917,0.061059,0.089325,0.11281,0.14205
130.0,1.0313E-5,5.7825E-5,2.8782E-4,0.0011655,0.0039776,0.01134,0.027518,0.057678,0.084482,0.10677,0.13455
140.0,9.6826E-6,5.444E-5,2.7161E-4,0.0011002,0.0037528,0.010705,0.026002,0.054517,0.079966,0.10118,0.12764
150.0,9.0806E-6,5.1188E-5,2.5603E-4,0.0010376,0.0035402,0.010107,0.024572,0.051505,0.075668,0.095854,0.12107
175.0,7.7897E-6,4.4197E-5,2.2238E-4,9.019E-4,0.0030828,0.0088153,0.021474,0.04509,0.066497,0.084448,0.10693
200.0,6.7643E-6,3.8589E-5,1.9522E-4,7.9247E-4,0.0027118,0.0077657,0.01897,0.039893,0.059016,0.075115,0.095342
250.0,5.0566E-6,2.9193E-5,1.4925E-4,6.0996E-4,0.002111,0.0060854,0.014929,0.031723,0.04706,0.060024,0.076362
300.0,3.9058E-6,2.2759E-5,1.1735E-4,4.8277E-4,0.0016876,0.0048928,0.012061,0.025853,0.038439,0.049091,0.062553
350.0,3.0856E-6,1.813E-5,9.408E-5,3.9012E-4,0.0013724,0.0040037,0.0099109,0.021389,0.031869,0.040775,0.052045
400.0,2.4792E-6,1.4679E-5,7.6563E-5,3.1998E-4,0.0011316,0.0033215,0.0082567,0.01792,0.026756,0.03428,0.043822
450.0,1.9508E-6,1.1634E-5,6.105E-5,2.601E-4,9.3219E-4,0.0027674,0.0069259,0.015122,0.022619,0.029017,0.037144
500.0,1.5669E-6,9.4044E-6,4.9595E-5,2.1449E-4,7.7737E-4,0.0023309,0.0058687,0.012885,0.019304,0.024793,0.031783
600.0,1.0809E-6,6.5419E-6,3.4828E-5,1.5382E-4,5.6665E-4,0.0017287,0.0044011,0.0096897,0.014569,0.018757,0.024076
700.0,7.5681E-7,4.622E-6,2.4864E-5,1.1114E-4,4.1531E-4,0.0012834,0.0033043,0.0073091,0.011035,0.014249,0.018366
800.0,5.4861E-7,3.3579E-6,1.8185E-5,8.2365E-5,3.1079E-4,9.7403E-4,0.0025263,0.0056071,0.0085114,0.010962,0.01417
1000.0,3.0484E-7,1.8837E-6,1.0277E-5,4.7317E-5,1.819E-4,5.8023E-4,0.0015265,0.0034196,0.0052247,0.006773,0.0087868
1200.0,1.8308E-7,1.1362E-6,6.2109E-6,2.9085E-5,1.1272E-4,3.6236E-4,9.6597E-4,0.002178,0.0033372,0.0043534,0.0056774
1500.0,8.6016E-8,5.376E-7,2.9734E-6,1.4063E-5,5.4902E-5,1.8021E-4,4.8634E-4,0.0011113,0.0017196,0.0022452,0.0029598
SA2P0
r\m,4.0,4.5,5.0,5.5,6.0,6.5,7.0,7.5,7.8,8.0,8.2
0.0,0.0036854,0.010115,0.027271,0.0596,0.11819,0.21211,0.34153,0.4752,0.55505,0.60467,0.65629
1.0,0.0028516,0.0086128,0.024578,0.055648,0.11221,0.2047,0.3334,0.46938,0.5502,0.59641,0.6402
5.0,5.6441E-4,0.0025337,0.010159,0.032211,0.081792,0.17088,0.29894,0.4398,0.52346,0.57046,0.61416
10.0,1.8881E-4,9.187E-4,0.0041188,0.015531,0.04812,0.11982,0.2364,0.37802,0.46639,0.52001,0.57267
15.0,9.6874E-5,4.8372E-4,0.0022502,0.0090131,0.030345,0.083329,0.17991,0.31133,0.39863,0.45638,0.5188
20.0,5.9743E-5,3.0254E-4,0.0014354,0.0059048,0.020697,0.059899,0.13745,0.25316,0.33515,0.39191,0.45511
25.0,3.9765E-5,2.0373E-4,9.8984E-4,0.0041503,0.014969,0.044493,0.10681,0.20588,0.28015,0.33349,0.39436
30.0,2.8753E-5,1.4823E-4,7.2957E-4,0.0030854,0.01131,0.034196,0.084766,0.16894,0.23536,0.2846,0.34194
40.0,1.7426E-5,9.0968E-5,4.5342E-4,0.001944,0.0072259,0.022323,0.057159,0.11895,0.16998,0.20935,0.2562
50.0,1.1853E-5,6.2272E-5,3.1178E-4,0.0013473,0.0050481,0.015847,0.041757,0.090821,0.13412,0.1695,0.21308
60.0,9.9091E-6,5.2343E-5,2.6292E-4,0.0011377,0.0042751,0.013468,0.035682,0.078269,0.11638,0.14782,0.18675
70.0,8.5538E-6,4.5386E-5,2.2858E-4,9.899E-4,0.0037188,0.011724,0.031155,0.068864,0.10302,0.13146,0.16686
80.0,7.5974E-6,4.0511E-5,2.0468E-4,8.8704E-4,0.0033335,0.010519,0.028043,0.062383,0.09382,0.12021,0.15318
90.0,7.0073E-6,3.7494E-5,1.8997E-4,8.2423E-4,0.0030977,0.0097792,0.026054,0.058168,0.087632,0.11241,0.14341
100.0,6.5029E-6,3.4908E-5,1.7732E-4,7.7023E-4,0.0028962,0.0091439,0.02435,0.054533,0.082265,0.10563,0.13489
110.0,6.0645E-6,3.2656E-5,1.6629E-4,7.2317E-4,0.0027198,0.0085947,0.022875,0.051303,0.077488,0.099586,0.12728
120.0,5.6779E-6,3.0672E-5,1.5658E-4,6.8158E-4,0.002566,0.0081095,0.021549,0.048448,0.073255,0.094216,0.12052
130.0,5.3365E-6,2.8905E-5,1.4787E-4,6.4388E-4,0.0024244,0.0076564,0.020343,0.045792,0.069319,0.089219,0.11421
140.0,5.015E-6,2.7239E-5,1.3969E-4,6.0839E-4,0.0022895,0.007233,0.019235,0.043307,0.065648,0.084584,0.10839
150.0,4.7073E-6,2.5636E-5,1.318E-4,5.7432E-4,0.0021617,0.0068348,0.018189,0.040936,0.062151,0.080173,0.10286
175.0,4.0472E-6,2.219E-5,1.1478E-4,5.005E-4,0.001887,0.0059744,0.015928,0.0359,0.054708,0.070746,0.090993
200.0,3.5223E-6,1.9422E-5,1.0102E-4,4.4088E-4,0.0016639,0.0052748,0.014099,0.03182,0.048636,0.063032,0.081262
250.0,2.6443E-6,1.4763E-5,7.7616E-5,3.4102E-4,0.0013015,0.004152,0.011141,0.025398,0.038921,0.050542,0.065306
300.0,2.0512E-6,1.1564E-5,6.1332E-5,2.7126E-4,0.0010456,0.0033538,0.0090387,0.020781,0.031912,0.04149,0.053692
350.0,1.6275E-6,9.2572E-6,4.9421E-5,2.2032E-4,8.5455E-4,0.0027576,0.0074608,0.017264,0.026564,0.034597,0.044846
400.0,1.3135E-6,7.5318E-6,4.0427E-5,1.8165E-4,7.0825E-4,0.0022991,0.0062446,0.014528,0.022397,0.029208,0.037917
450.0,1.0384E-6,6.0005E-6,3.2409E-5,1.4846E-4,5.8656E-4,0.0019255,0.0052638,0.012316,0.019018,0.02483,0.032276
500.0,8.3807E-7,4.8765E-6,2.6475E-5,1.2312E-4,4.9188E-4,0.0016306,0.0044832,0.010545,0.016307,0.021314,0.027743
600.0,5.8673E-7,3.4455E-6,1.8882E-5,8.9684E-5,3.641E-4,0.0012275,0.0034103,0.0080354,0.012462,0.016321,0.021252
700.0,4.1561E-7,2.4645E-6,1.3657E-5,6.5602E-5,2.7017E-4,9.2183E-4,0.0025882,0.0061209,0.0095273,0.012511,0.016359
800.0,3.0515E-7,1.8142E-6,1.0124E-5,4.9292E-5,2.0481E-4,7.0854E-4,0.0020016,0.0047433,0.0074225,0.0097035,0.012721
1000.0,1.7404E-7,1.0465E-6,5.8837E-6,2.9071E-5,1.2293E-4,4.3223E-4,0.0012358,0.0029508,0.0046437,0.0061084,0.0080312
1200.0,1.0744E-7,6.4963E-7,3.6555E-6,1.8396E-5,7.8328E-5,2.7698E-4,8.0144E-4,0.0019211,0.0030246,0.0040041,0.0052909
1500.0,5.259E-8,3.2091E-7,1.8313E-6,9.2905E-6,3.9745E-5,1.4334E-4,4.1791E-4,0.001013,0.0016086,0.0021248,0.0028442
SA3P0
r\m,4.0,4.5,5.0,5.5,6.0,6.5,7.0,7.5,7.8,8.0,8.2
0.0,0.0015079,0.0038246,0.010296,0.023956,0.053001,0.10875,0.2006,0.31472,0.39047,0.44044,0.49289
1.0,0.0011648,0.0032537,0.0092766,0.022368,0.050329,0.10497,0.19586,0.31093,0.38714,0.43447,0.48078
5.0,2.2769E-4,9.5161E-4,0.003822,0.012932,0.036711,0.087782,0.17598,0.29197,0.36913,0.41645,0.46217
10.0,7.6023E-5,3.4444E-4,0.0015476,0.0062306,0.021609,0.061658,0.13951,0.25165,0.32984,0.38077,0.43231
15.0,3.9008E-5,1.8135E-4,8.4544E-4,0.003616,0.013631,0.042918,0.10631,0.20759,0.28241,0.33482,0.39251
20.0,2.4066E-5,1.1347E-4,5.3944E-4,0.0023695,0.009299,0.03086,0.081262,0.16894,0.23766,0.28782,0.34473
25.0,1.6024E-5,7.6431E-5,3.7212E-4,0.001666,0.0067271,0.022925,0.063157,0.13743,0.19874,0.24504,0.29889
30.0,1.1592E-5,5.5633E-5,2.7439E-4,0.0012389,0.005084,0.017621,0.050128,0.11278,0.16699,0.20916,0.25924
40.0,7.0326E-6,3.4179E-5,1.7071E-4,7.813E-4,0.0032502,0.011507,0.033805,0.079409,0.12059,0.15384,0.19421
50.0,4.7886E-6,2.3423E-5,1.1751E-4,5.4199E-4,0.0022722,0.0081719,0.024702,0.060644,0.095185,0.12461,0.16162
60.0,4.0097E-6,1.9722E-5,9.9265E-5,4.5845E-4,0.0019273,0.0069547,0.021131,0.052306,0.08265,0.10874,0.14173
70.0,3.4621E-6,1.7108E-5,8.6338E-5,3.9906E-4,0.0016768,0.0060531,0.018442,0.04599,0.07311,0.096629,0.12653
80.0,3.0765E-6,1.528E-5,7.7368E-5,3.5784E-4,0.0015039,0.0054328,0.0166,0.041655,0.066563,0.08833,0.11612
90.0,2.8396E-6,1.4154E-5,7.1875E-5,3.3283E-4,0.0013987,0.005054,0.01543,0.038852,0.062183,0.082607,0.10871
100.0,2.6371E-6,1.319E-5,6.7155E-5,3.1133E-4,0.0013089,0.0047292,0.014429,0.036438,0.05839,0.077643,0.10227
110.0,2.4612E-6,1.235E-5,6.3042E-5,2.9262E-4,0.0012304,0.0044488,0.013563,0.034295,0.055019,0.073222,0.096524
120.0,2.3061E-6,1.1611E-5,5.9424E-5,2.7608E-4,0.001162,0.0042013,0.012786,0.032404,0.052036,0.069299,0.091424
130.0,2.1698E-6,1.0955E-5,5.6192E-5,2.6115E-4,0.0010993,0.0039711,0.012082,0.030652,0.049276,0.065667,0.086693
140.0,2.0412E-6,1.0337E-5,5.3151E-5,2.4708E-4,0.0010394,0.0037558,0.011435,0.029012,0.0467,0.062298,0.082327
150.0,1.9179E-6,9.7396E-6,5.0213E-5,2.3354E-4,9.8256E-4,0.0035529,0.010824,0.027445,0.044243,0.059088,0.078176
175.0,1.6534E-6,8.4561E-6,4.3871E-5,2.042E-4,8.6046E-4,0.003115,0.0095038,0.024124,0.039027,0.052246,0.069287
200.0,1.4427E-6,7.4235E-6,3.8737E-5,1.8047E-4,7.612E-4,0.0027586,0.0084354,0.021433,0.034772,0.046646,0.062001
250.0,1.0886E-6,5.6757E-6,2.9952E-5,1.405E-4,5.9923E-4,0.0021845,0.0067014,0.01719,0.027951,0.037562,0.05003
300.0,8.4869E-7,4.472E-6,2.3819E-5,1.1249E-4,4.8453E-4,0.0017754,0.0054674,0.014135,0.023024,0.030973,0.04131
350.0,6.7682E-7,3.6009E-6,1.9316E-5,9.1969E-5,3.9861E-4,0.0014689,0.0045388,0.011804,0.019259,0.025948,0.03466
400.0,5.4906E-7,2.9473E-6,1.5903E-5,7.6337E-5,3.3258E-4,0.0012325,0.0038214,0.0099866,0.01632,0.022012,0.029443
450.0,4.3638E-7,2.3625E-6,1.2833E-5,6.2816E-5,2.7732E-4,0.0010391,0.0032408,0.0085132,0.01393,0.018807,0.025185
500.0,3.5416E-7,1.932E-6,1.0555E-5,5.2462E-5,2.3419E-4,8.8594E-4,0.0027776,0.0073311,0.012009,0.016228,0.021758
600.0,2.5183E-7,1.3884E-6,7.6597E-6,3.8903E-5,1.7646E-4,6.7845E-4,0.0021472,0.0056682,0.0093031,0.012589,0.016868
700.0,1.8066E-7,1.007E-6,5.6246E-6,2.8882E-5,1.329E-4,5.1667E-4,0.0016508,0.0043675,0.0071888,0.0097492,0.013116
800.0,1.3448E-7,7.5228E-7,4.234E-6,2.2052E-5,1.0231E-4,4.031E-4,0.0012939,0.0034245,0.0056644,0.007633,0.01029
1000.0,7.8853E-8,4.4745E-7,2.5401E-6,1.3412E-5,6.3283E-5,2.5298E-4,8.1957E-4,0.0021799,0.003621,0.0049064,0.0066265
1200.0,5.0109E-8,2.8652E-7,1.628E-6,8.7722E-6,4.1637E-5,1.6704E-4,5.466E-4,0.0014546,0.0024107,0.0032864,0.0044581
1500.0,2.5605E-8,1.4828E-7,8.5734E-7,4.6538E-6,2.2146E-5,9.0475E-5,2.9671E-4,7.957E-4,0.0013273,0.0017994,0.0024763
SA4P0
r\m,4.0,4.5,5.0,5.5,6.0,6.5,7.0,7.5,7.8,8.0,8.2
0.0,8.1245E-4,0.0019418,0.0051468,0.012279,0.028827,0.064254,0.13012,0.22353,0.29127,0.3384,0.38899
1.0,6.2714E-4,0.0016514,0.0046368,0.011466,0.027376,0.062028,0.12706,0.22086,0.28883,0.33384,0.37942
5.0,1.2194E-4,4.818E-4,0.0019079,0.0066263,0.019977,0.051919,0.11428,0.20762,0.27568,0.32032,0.36509
10.0,4.0683E-5,1.7427E-4,7.7221E-4,0.003192,0.011764,0.036502,0.090709,0.17918,0.24668,0.29329,0.34201
15.0,2.0877E-5,9.1767E-5,4.2191E-4,0.0018529,0.0074231,0.025421,0.06917,0.14794,0.21139,0.25815,0.31085
20.0,1.2884E-5,5.7432E-5,2.6927E-4,0.0012145,0.0050652,0.018285,0.052892,0.12045,0.17799,0.22203,0.27318
25.0,8.5802E-6,3.8696E-5,1.8581E-4,8.5411E-4,0.0036653,0.013586,0.041118,0.098011,0.14888,0.18909,0.23694
30.0,6.2088E-6,2.8175E-5,1.3705E-4,6.3534E-4,0.0027707,0.010444,0.032641,0.080445,0.12512,0.16143,0.20555
40.0,3.7693E-6,1.7322E-5,8.5328E-5,4.0097E-4,0.0017724,0.0068234,0.022019,0.056655,0.090372,0.11876,0.15401
50.0,2.5683E-6,1.188E-5,5.878E-5,2.7836E-4,0.0012399,0.0048485,0.016096,0.043282,0.071358,0.096233,0.12823
60.0,2.1524E-6,1.0012E-5,4.9706E-5,2.357E-4,0.0010527,0.00413,0.01378,0.037354,0.061993,0.084014,0.11249
70.0,1.8591E-6,8.6887E-6,4.3254E-5,2.0526E-4,9.1628E-4,0.0035956,0.012028,0.032842,0.054832,0.074646,0.10041
80.0,1.6526E-6,7.7643E-6,3.8783E-5,1.8418E-4,8.2222E-4,0.0032285,0.01083,0.029752,0.049928,0.06824,0.092149
90.0,1.5261E-6,7.1968E-6,3.6055E-5,1.7143E-4,7.6527E-4,0.0030053,0.010071,0.02776,0.046656,0.063835,0.086287
100.0,1.418E-6,6.7108E-6,3.3711E-5,1.6048E-4,7.1668E-4,0.002814,0.0094228,0.026046,0.043826,0.060016,0.081197
110.0,1.3241E-6,6.2876E-6,3.1669E-5,1.5094E-4,6.7417E-4,0.0026489,0.0088626,0.024526,0.041311,0.056618,0.076657
120.0,1.2413E-6,5.9151E-6,2.9873E-5,1.4252E-4,6.3715E-4,0.0025033,0.0083593,0.023184,0.039087,0.053604,0.07263
130.0,1.1687E-6,5.5853E-6,2.8272E-5,1.3494E-4,6.033E-4,0.002368,0.007905,0.021944,0.037033,0.05082,0.068903
140.0,1.1002E-6,5.2739E-6,2.6765E-5,1.2778E-4,5.7093E-4,0.0022414,0.0074873,0.020782,0.035116,0.048236,0.065463
150.0,1.0344E-6,4.9729E-6,2.5306E-5,1.2088E-4,5.4018E-4,0.0021221,0.0070919,0.019672,0.033287,0.045774,0.06219
175.0,8.9317E-7,4.3258E-6,2.2157E-5,1.0593E-4,4.741E-4,0.0018644,0.0062388,0.017319,0.029406,0.040529,0.055191
200.0,7.8062E-7,3.8048E-6,1.9605E-5,9.3826E-5,4.2033E-4,0.0016546,0.0055479,0.015412,0.026239,0.036236,0.049453
250.0,5.9084E-7,2.9197E-6,1.5222E-5,7.3362E-5,3.3234E-4,0.0013157,0.0044241,0.012402,0.021155,0.029262,0.040012
300.0,4.6208E-7,2.309E-6,1.2154E-5,5.899E-5,2.6991E-4,0.0010738,0.0036232,0.010233,0.017481,0.0242,0.03313
350.0,3.6966E-7,1.8661E-6,9.8973E-6,4.8439E-5,2.2303E-4,8.9219E-4,0.0030196,0.0085751,0.014669,0.020335,0.027876
400.0,3.0082E-7,1.5331E-6,8.1821E-6,4.0382E-5,1.869E-4,7.5183E-4,0.0025523,0.0072802,0.012471,0.017304,0.02375
450.0,2.3986E-7,1.2335E-6,6.6303E-6,3.3376E-5,1.5655E-4,6.3657E-4,0.0021732,0.0062283,0.01068,0.014831,0.020376
500.0,1.9531E-7,1.0127E-6,5.4762E-6,2.8E-5,1.328E-4,5.4515E-4,0.0018702,0.0053832,0.0092381,0.012838,0.017657
600.0,1.4006E-7,7.3471E-7,4.0146E-6,2.0985E-5,1.0114E-4,4.2183E-4,0.0014598,0.0041983,0.0072141,0.010035,0.013785
700.0,1.012E-7,5.3725E-7,2.9749E-6,1.5724E-5,7.6893E-5,3.2412E-4,0.0011316,0.0032584,0.0056118,0.0078203,0.010784
800.0,7.5911E-8,4.0477E-7,2.26E-6,1.2123E-5,5.9759E-5,2.5524E-4,8.9446E-4,0.0025737,0.0044524,0.006159,0.0085067
1000.0,4.52E-8,2.4498E-7,1.3813E-6,7.5121E-6,3.7657E-5,1.6305E-4,5.7574E-4,0.0016619,0.0028841,0.0040091,0.0055434
1200.0,2.9181E-8,1.5964E-7,9.0152E-7,5.01E-6,2.526E-5,1.0964E-4,3.9057E-4,0.0011256,0.0019457,0.00272,0.0037754
1500.0,1.5261E-8,8.478E-8,4.8843E-7,2.7355E-6,1.3819E-5,6.1033E-5,2.1724E-4,6.2937E-4,0.0010934,0.0015171,0.0021368
SA5P0
r\m,4.0,4.5,5.0,5.5,6.0,6.5,7.0,7.5,7.8,8.0,8.2
0.0,5.0399E-4,0.0011507,0.0030003,0.0072463,0.01767,0.041722,0.090523,0.16695,0.22645,0.26969,0.3172
1.0,3.8889E-4,9.7839E-4,0.0027029,0.0067668,0.016782,0.040281,0.088404,0.16497,0.22456,0.26607,0.3094
5.0,7.5393E-5,2.8509E-4,0.0011115,0.00391,0.01225,0.033735,0.079566,0.15518,0.21447,0.25545,0.29789
10.0,2.5146E-5,1.0309E-4,4.4978E-4,0.0018835,0.0072158,0.023732,0.063202,0.13403,0.19207,0.23409,0.2793
15.0,1.2905E-5,5.4293E-5,2.4578E-4,0.0010935,0.0045546,0.016535,0.048218,0.11072,0.16469,0.20616,0.25402
20.0,7.9661E-6,3.3986E-5,1.569E-4,7.1694E-4,0.0031086,0.011896,0.036881,0.09018,0.13871,0.17739,0.22333
25.0,5.3061E-6,2.2904E-5,1.0829E-4,5.0433E-4,0.00225,0.0088408,0.028678,0.073397,0.11606,0.1511,0.19375
30.0,3.8404E-6,1.6681E-5,7.9897E-5,3.7525E-4,0.0017013,0.0067976,0.02277,0.060253,0.097551,0.12903,0.16811
40.0,2.3326E-6,1.0261E-5,4.9772E-5,2.3696E-4,0.0010888,0.0044431,0.015366,0.042447,0.070477,0.094942,0.12599
50.0,1.5901E-6,7.0406E-6,3.4307E-5,1.646E-4,7.6213E-4,0.0031586,0.011237,0.032439,0.055669,0.07696,0.10493
60.0,1.3334E-6,5.9379E-6,2.9032E-5,1.3948E-4,6.4757E-4,0.0026924,0.0096258,0.02801,0.048384,0.067215,0.092089
70.0,1.152E-6,5.1549E-6,2.5274E-5,1.2152E-4,5.6387E-4,0.0023448,0.008404,0.024631,0.042798,0.059723,0.082199
80.0,1.0244E-6,4.6084E-6,2.2673E-5,1.091E-4,5.0624E-4,0.0021063,0.0075696,0.022319,0.038979,0.054608,0.075449
90.0,9.464E-7,4.2737E-6,2.109E-5,1.016E-4,4.7145E-4,0.0019617,0.0070425,0.020832,0.036436,0.051096,0.070665
100.0,8.7971E-7,3.987E-6,1.973E-5,9.517E-5,4.4178E-4,0.0018379,0.0065922,0.019554,0.034237,0.048054,0.066514
110.0,8.2179E-7,3.7374E-6,1.8545E-5,8.957E-5,4.1583E-4,0.001731,0.0062033,0.01842,0.032284,0.045348,0.062812
120.0,7.7072E-7,3.5177E-6,1.7503E-5,8.4624E-5,3.9323E-4,0.0016368,0.0058539,0.017419,0.030557,0.042948,0.059531
130.0,7.2599E-7,3.3235E-6,1.6576E-5,8.0174E-5,3.7259E-4,0.0015493,0.005539,0.016496,0.028964,0.040734,0.056497
140.0,6.8374E-7,3.1399E-6,1.5702E-5,7.5971E-5,3.5283E-4,0.0014675,0.0052493,0.01563,0.027477,0.038679,0.053696
150.0,6.4313E-7,2.9624E-6,1.4855E-5,7.1916E-5,3.3405E-4,0.0013902,0.0049749,0.014802,0.026057,0.036719,0.051031
175.0,5.5598E-7,2.5805E-6,1.3027E-5,6.3126E-5,2.9368E-4,0.0012234,0.0043829,0.013049,0.023046,0.032547,0.045334
200.0,4.8648E-7,2.2728E-6,1.1545E-5,5.6006E-5,2.6081E-4,0.0010875,0.0039034,0.011627,0.020588,0.029132,0.040662
250.0,3.6904E-7,1.7489E-6,8.9908E-6,4.3934E-5,2.0691E-4,8.6751E-4,0.0031219,0.0093807,0.016639,0.023578,0.032968
300.0,2.8927E-7,1.3868E-6,7.2011E-6,3.5443E-5,1.686E-4,7.103E-4,0.0025643,0.0077604,0.013782,0.019543,0.027355
350.0,2.3193E-7,1.1238E-6,5.8817E-6,2.9198E-5,1.3978E-4,5.9209E-4,0.0021435,0.0065203,0.011593,0.016459,0.023067
400.0,1.8917E-7,9.2572E-7,4.8771E-6,2.4421E-5,1.1753E-4,5.0057E-4,0.0018173,0.0055506,0.0098801,0.014038,0.019696
450.0,1.5118E-7,7.4688E-7,3.9643E-6,2.0251E-5,9.877E-5,4.2522E-4,0.0015521,0.0047615,0.0084824,0.01206,0.016935
500.0,1.2339E-7,6.1484E-7,3.2843E-6,1.7045E-5,8.4074E-5,3.6536E-4,0.0013398,0.0041267,0.0073559,0.010465,0.014709
600.0,8.8993E-8,4.49E-7,2.4248E-6,1.287E-5,6.4516E-5,2.8482E-4,0.0010531,0.0032385,0.0057771,0.008224,0.01154
700.0,6.4623E-8,3.3022E-7,1.8084E-6,9.7083E-6,4.9388E-5,2.2029E-4,8.2131E-4,0.0025271,0.0045162,0.0064388,0.0090675
800.0,4.8724E-8,2.5025E-7,1.3828E-6,7.5368E-6,3.8649E-5,1.7465E-4,6.5323E-4,0.0020068,0.0036014,0.0050933,0.0071823
1000.0,2.9314E-8,1.5328E-7,8.5618E-7,4.7331E-6,2.4684E-5,1.1303E-4,4.255E-4,0.0013096,0.0023556,0.003346,0.0047207
1200.0,1.9124E-8,1.0107E-7,5.6589E-7,3.2001E-6,1.6787E-5,7.7013E-5,2.9221E-4,8.9661E-4,0.0016045,0.0022912,0.0032433
1500.0,1.0158E-8,5.4626E-8,3.126E-7,1.7827E-6,9.369E-6,4.3714E-5,1.6542E-4,5.0931E-4,9.1489E-4,0.001295,0.00186
SA7P5
r\m,4.0,4.5,5.0,5.5,6.0,6.5,7.0,7.5,7.8,8.0,8.2
0.0,2.1055E-4,4.4371E-4,0.0011178,0.0027329,0.0070497,0.018261,0.044545,0.093291,0.13638,0.17035,0.20958
1.0,1.6239E-4,3.772E-4,0.001007,0.0025523,0.0066962,0.017632,0.043508,0.092199,0.13526,0.16808,0.20444
5.0,3.1377E-5,1.0975E-4,4.1383E-4,0.0014748,0.0048909,0.01478,0.039196,0.086806,0.12931,0.16151,0.197
10.0,1.0462E-5,3.9682E-5,1.6746E-4,7.1057E-4,0.0028825,0.010407,0.031169,0.075064,0.11593,0.14818,0.18492
15.0,5.3709E-6,2.0905E-5,9.1543E-5,4.1272E-4,0.0018204,0.0072558,0.023798,0.06206,0.09949,0.13061,0.16834
20.0,3.3165E-6,1.3092E-5,5.8465E-5,2.7072E-4,0.0012431,0.0052229,0.018213,0.050576,0.083847,0.11245,0.14809
25.0,2.2099E-6,8.8262E-6,4.0372E-5,1.9053E-4,9.002E-4,0.0038834,0.014169,0.041182,0.070185,0.095831,0.12854
30.0,1.6001E-6,6.4308E-6,2.98E-5,1.4184E-4,6.81E-4,0.0029873,0.011254,0.03382,0.059014,0.08186,0.11157
40.0,9.7263E-7,3.9595E-6,1.8584E-5,8.9665E-5,4.3631E-4,0.0019544,0.0076013,0.023843,0.042663,0.060272,0.083657
50.0,6.6358E-7,2.7195E-6,1.2823E-5,6.2352E-5,3.0573E-4,0.0013908,0.0055638,0.018236,0.033724,0.048892,0.069729
60.0,5.5702E-7,2.2962E-6,1.0865E-5,5.2905E-5,2.6011E-4,0.001187,0.0047713,0.015761,0.029336,0.042734,0.061237
70.0,4.8152E-7,1.9949E-6,9.4667E-6,4.6139E-5,2.267E-4,0.0010346,0.0041686,0.013867,0.025961,0.037986,0.054678
80.0,4.2847E-7,1.7849E-6,8.5003E-6,4.1462E-5,2.0374E-4,9.3027E-4,0.0037578,0.012574,0.023658,0.03475,0.050211
90.0,3.9611E-7,1.6567E-6,7.9148E-6,3.8657E-5,1.8995E-4,8.6733E-4,0.0034994,0.011746,0.02213,0.032536,0.047054
100.0,3.6847E-7,1.5469E-6,7.412E-6,3.625E-5,1.7819E-4,8.1344E-4,0.0032788,0.011034,0.02081,0.03062,0.044316
110.0,3.4446E-7,1.4514E-6,6.9741E-6,3.4155E-5,1.6791E-4,7.6699E-4,0.0030884,0.010403,0.019637,0.028915,0.041876
120.0,3.2329E-7,1.3673E-6,6.5891E-6,3.2305E-5,1.5897E-4,7.2603E-4,0.0029174,0.0098466,0.018601,0.027405,0.039714
130.0,3.0477E-7,1.2931E-6,6.2469E-6,3.0642E-5,1.5081E-4,6.8805E-4,0.0027634,0.0093333,0.017647,0.026012,0.037717
140.0,2.8727E-7,1.2228E-6,5.924E-6,2.907E-5,1.4299E-4,6.5245E-4,0.0026218,0.0088518,0.016755,0.024719,0.035874
150.0,2.7042E-7,1.1548E-6,5.6108E-6,2.7551E-5,1.3554E-4,6.1881E-4,0.0024874,0.0083908,0.015902,0.023485,0.034118
175.0,2.3425E-7,1.0084E-6,4.9337E-6,2.4255E-5,1.1952E-4,5.4619E-4,0.0021974,0.0074148,0.014096,0.02086,0.030368
200.0,2.0538E-7,8.9027E-7,4.3843E-6,2.1583E-5,1.0647E-4,4.8694E-4,0.0019624,0.0066231,0.012621,0.01871,0.027291
250.0,1.5641E-7,6.8828E-7,3.4329E-6,1.703E-5,8.4971E-5,3.9075E-4,0.0015781,0.0053695,0.010245,0.015206,0.022212
300.0,1.2308E-7,5.4835E-7,2.7643E-6,1.3818E-5,6.9654E-5,3.2182E-4,0.0013034,0.0044638,0.0085241,0.012656,0.018503
350.0,9.9069E-8,4.4645E-7,2.2698E-6,1.1449E-5,5.8092E-5,2.6984E-4,0.0010955,0.0037689,0.0072024,0.010704,0.015664
400.0,8.1116E-8,3.6947E-7,1.8922E-6,9.6311E-6,4.9135E-5,2.2947E-4,9.3385E-4,0.0032241,0.0061659,0.0091686,0.013428
450.0,6.508E-8,2.9949E-7,1.5462E-6,8.0326E-6,4.154E-5,1.9607E-4,8.0195E-4,0.0027794,0.0053176,0.0079102,0.011592
500.0,5.3324E-8,2.477E-7,1.2878E-6,6.8E-6,3.557E-5,1.6946E-4,6.9607E-4,0.0024208,0.0046324,0.0068933,0.010109
600.0,3.8811E-8,1.8281E-7,9.6191E-7,5.1992E-6,2.7649E-5,1.3379E-4,5.5368E-4,0.0019202,0.0036741,0.0054674,0.0079983
700.0,2.8413E-8,1.3574E-7,7.2524E-7,3.9671E-6,2.1419E-5,1.0469E-4,4.3655E-4,0.0015129,0.0028977,0.0043162,0.0063342
800.0,2.1603E-8,1.0387E-7,5.6055E-7,3.116E-6,1.6962E-5,8.3979E-5,3.5101E-4,0.001213,0.0023314,0.0034415,0.0050545
1000.0,1.3214E-8,6.4864E-8,3.5463E-7,2.0015E-6,1.1086E-5,5.5587E-5,2.3347E-4,8.0653E-4,0.0015514,0.0022978,0.0033727
1200.0,8.7654E-9,4.3601E-8,2.3933E-7,1.3844E-6,7.7162E-6,3.8737E-5,1.6377E-4,5.6265E-4,0.0010747,0.0015988,0.0023525
1500.0,4.7698E-9,2.4233E-8,1.3644E-7,7.9716E-7,4.4532E-6,2.2726E-5,9.5563E-5,3.2844E-4,6.284E-4,9.2481E-4,0.0013797
SA10P0
r\m,4.0,4.5,5.0,5.5,6.0,6.5,7.0,7.5,7.8,8.0,8.2
0.0,1.1362E-4,2.271E-4,5.5783E-4,0.0013693,0.0036488,0.01001,0.026346,0.060138,0.092668,0.11978,0.15231
1.0,8.7619E-5,1.9305E-4,5.0255E-4,0.0012789,0.0034662,0.0096662,0.025735,0.059439,0.091915,0.11819,0.14858
5.0,1.6906E-5,5.6144E-5,2.065E-4,7.3906E-4,0.0025326,0.0081065,0.023196,0.055991,0.087909,0.11363,0.14323
10.0,5.637E-6,2.03E-5,8.3575E-5,3.5619E-4,0.0014933,0.0057115,0.018458,0.048448,0.078868,0.10431,0.13454
15.0,2.8945E-6,1.0697E-5,4.57E-5,2.0695E-4,9.4343E-4,0.0039838,0.0141,0.040076,0.067716,0.091994,0.12253
20.0,1.7878E-6,6.701E-6,2.9197E-5,1.358E-4,6.4448E-4,0.0028688,0.010795,0.032673,0.057091,0.079232,0.10784
25.0,1.1916E-6,4.5191E-6,2.0168E-5,9.5611E-5,4.6689E-4,0.0021338,0.008401,0.026614,0.047804,0.067544,0.093628
30.0,8.63E-7,3.2937E-6,1.4892E-5,7.1202E-5,3.5333E-4,0.001642,0.0066754,0.021863,0.040208,0.057713,0.081292
40.0,5.2487E-7,2.0292E-6,9.2939E-6,4.5047E-5,2.2656E-4,0.0010751,0.0045117,0.015423,0.029084,0.042515,0.060983
50.0,3.583E-7,1.3947E-6,6.4175E-6,3.135E-5,1.5888E-4,7.6564E-4,0.0033047,0.011803,0.023004,0.034507,0.050859
60.0,3.0095E-7,1.1784E-6,5.4419E-6,2.6623E-5,1.3529E-4,6.5403E-4,0.0028363,0.010209,0.020023,0.030179,0.044689
70.0,2.6028E-7,1.0244E-6,4.7449E-6,2.3235E-5,1.18E-4,5.7045E-4,0.0024795,0.0089867,0.017728,0.026837,0.039917
80.0,2.3171E-7,9.1709E-7,4.2634E-6,2.0896E-5,1.0613E-4,5.133E-4,0.0022367,0.0081536,0.016164,0.024563,0.036672
90.0,2.1432E-7,8.5175E-7,3.9726E-6,1.9498E-5,9.9027E-5,4.7895E-4,0.0020844,0.0076214,0.015128,0.02301,0.034383
100.0,1.9947E-7,7.9583E-7,3.7229E-6,1.8298E-5,9.2974E-5,4.4955E-4,0.0019545,0.0071641,0.014234,0.021666,0.032399
110.0,1.8656E-7,7.4714E-7,3.5055E-6,1.7254E-5,8.7683E-5,4.2422E-4,0.0018423,0.0067588,0.01344,0.020472,0.03063
120.0,1.7519E-7,7.043E-7,3.3144E-6,1.6332E-5,8.3081E-5,4.0189E-4,0.0017416,0.0064015,0.012739,0.019413,0.029064
130.0,1.6525E-7,6.665E-7,3.1446E-6,1.5504E-5,7.8883E-5,3.8119E-4,0.001651,0.0060721,0.012093,0.018438,0.027618
140.0,1.5584E-7,6.3071E-7,2.9843E-6,1.4721E-5,7.4854E-5,3.6176E-4,0.0015676,0.0057629,0.011489,0.017532,0.026282
150.0,1.4678E-7,5.96E-7,2.8286E-6,1.3963E-5,7.1014E-5,3.434E-4,0.0014884,0.0054665,0.010911,0.016666,0.02501
175.0,1.2732E-7,5.2129E-7,2.492E-6,1.2318E-5,6.2756E-5,3.0374E-4,0.0013175,0.0048392,0.0096875,0.014826,0.022292
200.0,1.1178E-7,4.6099E-7,2.2186E-6,1.0983E-5,5.602E-5,2.7135E-4,0.0011789,0.0043301,0.0086876,0.013318,0.020062
250.0,8.5355E-8,3.5754E-7,1.7436E-6,8.7008E-6,4.4896E-5,2.1865E-4,9.5176E-4,0.0035229,0.0070752,0.010856,0.016375
300.0,6.7343E-8,2.8576E-7,1.4091E-6,7.0882E-6,3.6956E-5,1.8083E-4,7.8913E-4,0.002939,0.0059057,0.0090636,0.013679
350.0,5.4347E-8,2.334E-7,1.1613E-6,5.8963E-6,3.0949E-5,1.5224E-4,6.6582E-4,0.0024901,0.0050061,0.0076887,0.011613
400.0,4.4615E-8,1.9376E-7,9.7154E-7,4.9794E-6,2.6285E-5,1.2999E-4,5.6979E-4,0.0021376,0.0042994,0.0066056,0.0099831
450.0,3.5888E-8,1.5755E-7,7.9675E-7,4.1693E-6,2.2313E-5,1.1153E-4,4.9119E-4,0.0018492,0.0037198,0.0057162,0.0086423
500.0,2.9482E-8,1.3072E-7,6.6599E-7,3.5433E-6,1.9184E-5,9.6782E-5,4.2798E-4,0.0016162,0.0032509,0.0049964,0.0075577
600.0,2.1581E-8,9.7125E-8,5.0122E-7,2.7315E-6,1.5039E-5,7.7058E-5,3.4318E-4,0.0012913,0.0025957,0.0039878,0.0060148
700.0,1.5883E-8,7.257E-8,3.8061E-7,2.1002E-6,1.1745E-5,6.0777E-5,2.7262E-4,0.0010243,0.0020599,0.0031665,0.0047896
800.0,1.214E-8,5.588E-8,2.9627E-7,1.6624E-6,9.3748E-6,4.9142E-5,2.2084E-4,8.2678E-4,0.0016676,0.0025391,0.003842
1000.0,7.5043E-9,3.5332E-8,1.9007E-7,1.0839E-6,6.2228E-6,3.3029E-5,1.4902E-4,5.569E-4,0.001123,0.0017145,0.0025907
1200.0,5.0299E-9,2.4041E-8,1.3002E-7,7.6087E-7,4.3979E-6,2.3366E-5,1.0603E-4,3.9351E-4,7.8706E-4,0.0012062,0.0018258
1500.0,2.7786E-9,1.36E-8,7.5622E-8,4.4763E-7,2.5946E-6,1.4012E-5,6.3149E-5,2.34E-4,4.6816E-4,7.0882E-4,0.0010872
