PGA
r\m,4.0,4.5,5.0,5.5,6.0,6.5,7.0,7.5,7.8,8.0,8.2
0.0,1.82,1.82,1.82,1.82,1.82,1.82,1.82,1.82,1.82,1.82,1.82
1.0,1.7134,1.7723,1.8128,1.817,1.817,1.817,1.817,1.817,1.817,1.817,1.817
5.0,0.57048,0.81522,1.076,1.3214,1.5183,1.6442,1.7155,1.7413,1.742,1.742,1.742
10.0,0.15969,0.27248,0.43895,0.66347,0.92197,1.1583,1.3419,1.4633,1.5179,1.542,1.5619
15.0,0.065794,0.11909,0.20712,0.34488,0.53733,0.75814,0.97185,1.1492,1.2408,1.292,1.343
20.0,0.03393,0.06306,0.1135,0.1977,0.3274,0.498,0.6904,0.8778,0.9858,1.05,1.1149
25.0,0.01932,0.03622,0.06591,0.1169,0.1998,0.3211,0.4768,0.6565,0.7697,0.8426,0.91881
30.0,0.01233,0.02329,0.04268,0.07657,0.133,0.2208,0.3421,0.4975,0.6065,0.6817,0.76338
40.0,0.006222,0.01189,0.02208,0.04008,0.07093,0.1218,0.1998,0.3102,0.3941,0.4558,0.52525
50.0,0.003664,0.007078,0.01332,0.02438,0.04364,0.07643,0.1296,0.2094,0.2744,0.3246,0.38282
60.0,0.002525,0.004942,0.009394,0.01731,0.03118,0.055,0.09419,0.1544,0.2045,0.244,0.29029
70.0,0.001819,0.00361,0.006933,0.01288,0.0234,0.04178,0.07298,0.1235,0.1677,0.2043,0.24861
80.0,0.001657,0.003334,0.006466,0.01209,0.02206,0.03951,0.06914,0.1173,0.1595,0.1944,0.23663
90.0,0.001516,0.003092,0.006055,0.01138,0.02086,0.03749,0.06569,0.1117,0.1521,0.1855,0.22589
100.0,0.001393,0.002878,0.005691,0.01076,0.01979,0.03568,0.0626,0.1068,0.1454,0.1775,0.21628
110.0,0.001285,0.002689,0.005366,0.0102,0.01884,0.03408,0.05986,0.1023,0.1395,0.1703,0.20772
120.0,0.001189,0.002521,0.005076,0.0097,0.01798,0.03264,0.0574,0.09834,0.1341,0.1637,0.19946
130.0,0.0011,0.002361,0.004793,0.009213,0.01715,0.03119,0.05494,0.09432,0.1287,0.1573,0.19194
140.0,0.001017,0.002208,0.004514,0.008741,0.01633,0.02973,0.05241,0.08989,0.1227,0.1498,0.18255
150.0,8.988E-4,0.001973,0.004062,0.00792,0.01485,0.0271,0.04789,0.0823,0.1125,0.1377,0.16818
175.0,6.752E-4,0.001522,0.003187,0.006322,0.01197,0.02195,0.03901,0.06734,0.09249,0.1135,0.13917
200.0,5.211E-4,0.001204,0.002563,0.005168,0.009872,0.01821,0.03253,0.05637,0.07771,0.09558,0.11738
250.0,3.195E-4,7.723E-4,0.001702,0.00352,0.006853,0.01281,0.02325,0.04069,0.05632,0.06948,0.085592
300.0,2.084E-4,5.249E-4,0.001194,0.002532,0.005021,0.009512,0.01751,0.0309,0.04294,0.0531,0.065583
350.0,1.42E-4,3.719E-4,8.738E-4,0.001894,0.003821,0.007337,0.01365,0.02435,0.03397,0.04213,0.052169
400.0,9.986E-5,2.714E-4,6.58E-4,0.001456,0.002989,0.005816,0.01092,0.0197,0.0276,0.03431,0.042603
450.0,7.166E-5,2.016E-4,5.038E-4,0.001138,0.002375,0.004684,0.008881,0.01619,0.02277,0.02839,0.035328
500.0,5.264E-5,1.53E-4,3.935E-4,9.067E-4,0.001925,0.003847,0.007361,0.01356,0.01914,0.02392,0.029857
600.0,3.009E-5,9.284E-5,2.512E-4,6.033E-4,0.001327,0.002719,0.005299,0.009903,0.01409,0.0177,0.022185
700.0,1.825E-5,5.939E-5,1.685E-4,4.21E-4,9.583E-4,0.002012,0.003992,0.007563,0.01084,0.01369,0.017266
800.0,1.159E-5,3.959E-5,1.174E-4,3.046E-4,7.168E-4,0.001541,0.003113,0.0059795,0.008626,0.01093,0.013832
1000.0,5.196E-6,1.93E-5,6.191E-5,1.733E-4,4.321E-4,9.75E-4,0.002038,0.004011,0.00586,0.0074795,0.0095305
1200.0,2.598E-6,1.034E-5,3.557E-5,1.068E-4,2.812E-4,6.64E-4,0.001434,0.002885,0.004263,0.005477,0.0070237
1500.0,8.4485E-7,3.7764E-6,1.4762E-5,4.9286E-5,1.4255E-4,3.6447E-4,8.3141E-4,0.0017393,0.0026238,0.0034114,0.0044263
PGV
r\m,4.0,4.5,5.0,5.5,6.0,6.5,7.0,7.5,7.8,8.0,8.2
0.0,28.588,39.297,48.91,50.46,50.99,53.75,62.35,72.12,81.63,89.72,98.68
1.0,20.633,32.554,44.509,48.894,50.964,54.22,62.677,72.411,81.909,89.59,97.656
5.0,2.5621,5.9994,12.635,22.329,33.256,43.676,55.648,67.941,78.418,86.53,95.069
10.0,0.68087,1.7214,4.0432,8.599,16.352,27.315,41.215,56.778,68.911,78.29,88.825
15.0,0.30518,0.79421,1.9357,4.3731,9.14,17.254,29.34,45.14,57.816,67.79,79.477
20.0,0.1714,0.4538,1.129,2.629,5.758,11.6,21.29,35.6,47.72,57.35,68.723
25.0,0.1042,0.2783,0.7034,1.674,3.769,7.979,15.72,28.13,39.15,48.18,59.105
30.0,0.07073,0.1901,0.4858,1.172,2.677,5.829,12.02,22.57,32.5,40.91,51.337
40.0,0.03958,0.1081,0.2805,0.6897,1.623,3.648,7.831,15.7,23.39,30.15,38.764
50.0,0.0256,0.07099,0.1864,0.4649,1.119,2.556,5.605,11.69,17.87,23.45,30.685
60.0,0.01921,0.05385,0.1426,0.3585,0.8685,2.0,4.43,9.358,14.43,19.08,25.177
70.0,0.01497,0.04242,0.1133,0.2872,0.7024,1.639,3.704,8.069,12.75,17.19,23.159
80.0,0.01465,0.04195,0.113,0.2883,0.7085,1.66,3.761,8.214,12.98,17.49,23.527
90.0,0.0143,0.04137,0.1122,0.2886,0.7121,1.675,3.804,8.354,13.18,17.74,23.849
100.0,0.01394,0.04074,0.1113,0.2883,0.7142,1.687,3.839,8.477,13.36,17.96,24.113
110.0,0.01358,0.04006,0.1102,0.2876,0.7152,1.696,3.868,8.586,13.51,18.15,24.35
120.0,0.01321,0.03935,0.109,0.2865,0.7154,1.703,3.893,8.682,13.65,18.32,24.537
130.0,0.0128,0.03851,0.1074,0.2842,0.7123,1.703,3.902,8.738,13.73,18.42,24.659
140.0,0.01237,0.03756,0.1055,0.281,0.706,1.694,3.888,8.719,13.67,18.31,24.466
150.0,0.01139,0.0349,0.09868,0.2645,0.6668,1.607,3.7,8.334,13.08,17.52,23.43
175.0,0.009372,0.02938,0.08446,0.2299,0.5844,1.423,3.304,7.515,11.81,15.83,21.197
200.0,0.007827,0.02506,0.07324,0.2023,0.5186,1.276,2.985,6.847,10.77,14.45,19.341
250.0,0.005464,0.01815,0.05496,0.1554,0.4106,1.031,2.449,5.684,9.067,12.28,16.606
300.0,0.003971,0.01365,0.04269,0.1234,0.3354,0.8575,2.068,4.848,7.825,10.68,14.557
350.0,0.002976,0.01056,0.03407,0.1007,0.2801,0.7287,1.786,4.222,6.875,9.438,12.935
400.0,0.002282,0.008344,0.02771,0.08372,0.2377,0.6287,1.565,3.729,6.119,8.441,11.627
450.0,0.001773,0.006665,0.02275,0.0702,0.2033,0.5463,1.381,3.315,5.478,7.592,10.502
500.0,0.001402,0.005411,0.01896,0.05968,0.1761,0.4804,1.231,2.978,4.953,6.894,9.5775
600.0,9.172E-4,0.003711,0.01355,0.04443,0.136,0.3811,0.9998,2.466,4.14,5.797,8.1004
700.0,6.29E-4,0.002653,0.01005,0.03422,0.1083,0.3113,0.8339,2.093,3.545,4.989,7.0094
800.0,4.479E-4,0.001959,0.007676,0.02705,0.08831,0.2599,0.7098,1.81,3.089,4.369,6.1682
1000.0,2.478E-4,0.001149,0.0048,0.01801,0.06209,0.19,0.5361,1.407,2.436,3.475,4.9452
1200.0,1.503E-4,7.292E-4,0.003211,0.0127,0.04593,0.1455,0.4227,1.138,1.995,2.868,4.1161
1500.0,6.7667E-5,3.5595E-4,0.0017058,0.0073929,0.028925,0.097009,0.29595,0.83007,1.4809,2.1515,3.1201
SA0P01
r\m,4.0,4.5,5.0,5.5,6.0,6.5,7.0,7.5,7.8,8.0,8.2
0.0,1.82,1.82,1.82,1.82,1.82,1.82,1.82,1.82,1.82,1.82,1.82
1.0,1.7134,1.7723,1.8128,1.817,1.817,1.817,1.817,1.817,1.817,1.817,1.817
5.0,0.57048,0.81522,1.076,1.3214,1.5183,1.6442,1.7155,1.7413,1.742,1.742,1.742
10.0,0.15969,0.27248,0.43895,0.66347,0.92197,1.1583,1.3419,1.4633,1.5179,1.542,1.5619
15.0,0.065794,0.11909,0.20712,0.34488,0.53733,0.75814,0.97185,1.1492,1.2408,1.292,1.343
20.0,0.03393,0.06306,0.1135,0.1977,0.3274,0.498,0.6904,0.8778,0.9858,1.05,1.1149
25.0,0.01932,0.03622,0.06591,0.1169,0.1998,0.3211,0.4768,0.6565,0.7697,0.8426,0.91881
30.0,0.01233,0.02329,0.04268,0.07657,0.133,0.2208,0.3421,0.4975,0.6065,0.6817,0.76338
40.0,0.006222,0.01189,0.02208,0.04008,0.07093,0.1218,0.1998,0.3102,0.3941,0.4558,0.52525
50.0,0.003664,0.007078,0.01332,0.02438,0.04364,0.07643,0.1296,0.2094,0.2744,0.3246,0.38282
60.0,0.002525,0.004942,0.009394,0.01731,0.03118,0.055,0.09419,0.1544,0.2045,0.244,0.29029
70.0,0.001819,0.00361,0.006933,0.01288,0.0234,0.04178,0.07298,0.1235,0.1677,0.2043,0.24861
80.0,0.001657,0.003334,0.006466,0.01209,0.02206,0.03951,0.06914,0.1173,0.1595,0.1944,0.23663
90.0,0.001516,0.003092,0.006055,0.01138,0.02086,0.03749,0.06569,0.1117,0.1521,0.1855,0.22589
100.0,0.001393,0.002878,0.005691,0.01076,0.01979,0.03568,0.0626,0.1068,0.1454,0.1775,0.21628
110.0,0.001285,0.002689,0.005366,0.0102,0.01884,0.03408,0.05986,0.1023,0.1395,0.1703,0.20772
120.0,0.001189,0.002521,0.005076,0.0097,0.01798,0.03264,0.0574,0.09834,0.1341,0.1637,0.19946
130.0,0.0011,0.002361,0.004793,0.009213,0.01715,0.03119,0.05494,0.09432,0.1287,0.1573,0.19194
140.0,0.001017,0.002208,0.004514,0.008741,0.01633,0.02973,0.05241,0.08989,0.1227,0.1498,0.18255
150.0,8.988E-4,0.001973,0.004062,0.00792,0.01485,0.0271,0.04789,0.0823,0.1125,0.1377,0.16818
175.0,6.752E-4,0.001522,0.003187,0.006322,0.01197,0.02195,0.03901,0.06734,0.09249,0.1135,0.13917
200.0,5.211E-4,0.001204,0.002563,0.005168,0.009872,0.01821,0.03253,0.05637,0.07771,0.09558,0.11738
250.0,3.195E-4,7.723E-4,0.001702,0.00352,0.006853,0.01281,0.02325,0.04069,0.05632,0.06948,0.085592
300.0,2.084E-4,5.249E-4,0.001194,0.002532,0.005021,0.009512,0.01751,0.0309,0.04294,0.0531,0.065583
350.0,1.42E-4,3.719E-4,8.738E-4,0.001894,0.003821,0.007337,0.01365,0.02435,0.03397,0.04213,0.052169
400.0,9.986E-5,2.714E-4,6.58E-4,0.001456,0.002989,0.005816,0.01092,0.0197,0.0276,0.03431,0.042603
450.0,7.166E-5,2.016E-4,5.038E-4,0.001138,0.002375,0.004684,0.008881,0.01619,0.02277,0.02839,0.035328
500.0,5.264E-5,1.53E-4,3.935E-4,9.067E-4,0.001925,0.003847,0.007361,0.01356,0.01914,0.02392,0.029857
600.0,3.009E-5,9.284E-5,2.512E-4,6.033E-4,0.001327,0.002719,0.005299,0.009903,0.01409,0.0177,0.022185
700.0,1.825E-5,5.939E-5,1.685E-4,4.21E-4,9.583E-4,0.002012,0.003992,0.007563,0.01084,0.01369,0.017266
800.0,1.159E-5,3.959E-5,1.174E-4,3.046E-4,7.168E-4,0.001541,0.003113,0.0059795,0.008626,0.01093,0.013832
1000.0,5.196E-6,1.93E-5,6.191E-5,1.733E-4,4.321E-4,9.75E-4,0.002038,0.004011,0.00586,0.0074795,0.0095305
1200.0,2.598E-6,1.034E-5,3.557E-5,1.068E-4,2.812E-4,6.64E-4,0.001434,0.002885,0.004263,0.005477,0.0070237
1500.0,8.4485E-7,3.7764E-6,1.4762E-5,4.9286E-5,1.4255E-4,3.6447E-4,8.3141E-4,0.0017393,0.0026238,0.0034114,0.0044263
SA0P02
r\m,4.0,4.5,5.0,5.5,6.0,6.5,7.0,7.5,7.8,8.0,8.2
0.0,2.675,2.675,2.675,2.675,2.675,2.675,2.675,2.675,2.675,2.675,2.675
1.0,2.4955,2.5928,2.6535,2.67,2.67,2.67,2.67,2.67,2.67,2.67,2.67
5.0,0.79208,1.1637,1.554,1.9197,2.2112,2.3998,2.5068,2.5512,2.562,2.562,2.562
10.0,0.2262,0.39161,0.63394,0.96126,1.3391,1.6885,1.9617,2.1486,2.2344,2.274,2.3057
15.0,0.096151,0.17442,0.30221,0.50207,0.78175,1.1061,1.4227,1.6922,1.8332,1.913,1.9906
20.0,0.05096,0.09407,0.1676,0.29,0.4785,0.7286,1.013,1.296,1.461,1.561,1.6616
25.0,0.02975,0.0551,0.09901,0.174,0.2956,0.4744,0.7056,0.9748,1.146,1.256,1.3714
30.0,0.01938,0.036,0.06496,0.1151,0.1987,0.3288,0.5096,0.7419,0.9056,1.019,1.1424
40.0,0.0101,0.01883,0.03421,0.06117,0.1072,0.1831,0.2996,0.4645,0.5898,0.6821,0.7863
50.0,0.006097,0.01139,0.02083,0.03741,0.06615,0.115,0.1941,0.3127,0.409,0.4834,0.56966
60.0,0.004266,0.008004,0.0147,0.02649,0.04702,0.08218,0.1399,0.2284,0.3019,0.3597,0.42736
70.0,0.003101,0.005848,0.01079,0.01953,0.0349,0.06166,0.107,0.1801,0.244,0.2967,0.36015
80.0,0.002833,0.005371,0.009959,0.01809,0.0324,0.05734,0.09962,0.168,0.2278,0.2771,0.33638
90.0,0.002585,0.004929,0.009188,0.01673,0.03006,0.05333,0.09271,0.1567,0.2127,0.2589,0.31477
100.0,0.002357,0.004522,0.00848,0.0155,0.02792,0.04967,0.08641,0.1465,0.1989,0.2422,0.29462
110.0,0.002149,0.004151,0.007834,0.01438,0.02598,0.04634,0.08071,0.1371,0.1863,0.227,0.27618
120.0,0.001959,0.003814,0.007248,0.01336,0.02423,0.04335,0.07558,0.1287,0.175,0.2133,0.25972
130.0,0.001781,0.003496,0.006689,0.0124,0.02258,0.0405,0.07071,0.1207,0.1642,0.2003,0.24394
140.0,0.001614,0.003197,0.006158,0.01152,0.02102,0.03776,0.06599,0.1125,0.1531,0.1866,0.22722
150.0,0.001396,0.002791,0.005417,0.01019,0.01871,0.0337,0.05906,0.1009,0.1376,0.168,0.20469
175.0,9.904E-4,0.002035,0.00403,0.007737,0.01437,0.02606,0.04597,0.07897,0.1082,0.1326,0.16218
200.0,7.222E-4,0.001529,0.003096,0.006063,0.01139,0.02081,0.03696,0.06382,0.0878,0.1079,0.13245
250.0,4.008E-4,9.037E-4,0.001918,0.003886,0.007482,0.0139,0.02512,0.04386,0.06065,0.07477,0.092043
300.0,2.432E-4,5.819E-4,0.001289,0.002694,0.005303,0.01,0.01837,0.03237,0.04494,0.05554,0.068557
350.0,1.579E-4,3.984E-4,9.184E-4,0.00197,0.003957,0.007575,0.01407,0.02507,0.03496,0.04333,0.053623
400.0,1.076E-4,2.847E-4,6.805E-4,0.001495,0.003057,0.005936,0.01113,0.02007,0.0281,0.03493,0.043363
450.0,7.569E-5,2.087E-4,5.158E-4,0.001158,0.002411,0.004747,0.008991,0.01639,0.02304,0.02872,0.035755
500.0,5.487E-5,1.571E-4,4.004E-4,9.184E-4,0.001945,0.003882,0.007422,0.01367,0.01929,0.0241,0.030057
600.0,3.09E-5,9.438E-5,2.539E-4,6.079E-4,0.001335,0.002732,0.005323,0.009945,0.01415,0.01778,0.022317
700.0,1.859E-5,6.009E-5,1.698E-4,4.231E-4,9.62E-4,0.002018,0.004004,0.007584,0.01087,0.01372,0.017295
800.0,1.175E-5,3.994E-5,1.18E-4,3.057E-4,7.186E-4,0.001545,0.003119,0.005985,0.00864,0.01095,0.013857
1000.0,5.242E-6,1.941E-5,6.212E-5,1.737E-4,4.328E-4,9.762E-4,0.00204,0.004011,0.005861,0.007482,0.0095372
1200.0,2.613E-6,1.038E-5,3.563E-5,1.069E-4,2.814E-4,6.644E-4,0.001435,0.002885,0.004263,0.005477,0.0070237
1500.0,8.4485E-7,3.7764E-6,1.4762E-5,4.9286E-5,1.4255E-4,3.6447E-4,8.3141E-4,0.0017393,0.0026238,0.0034114,0.0044263
SA0P025
r\m,4.0,4.5,5.0,5.5,6.0,6.5,7.0,7.5,7.8,8.0,8.2
0.0,2.855,2.855,2.855,2.855,2.855,2.855,2.855,2.855,2.855,2.855,2.855
1.0,2.6444,2.7594,2.8282,2.85,2.85,2.85,2.85,2.85,2.85,2.85,2.85
5.0,0.80011,1.2015,1.6259,2.0248,2.3437,2.5509,2.6695,2.7207,2.737,2.737,2.737
10.0,0.22949,0.40352,0.65934,1.0067,1.4108,1.788,2.0858,2.2919,2.3882,2.435,2.4771
15.0,0.099028,0.18171,0.31654,0.52767,0.82453,1.1715,1.5136,1.808,1.9643,2.054,2.1441
20.0,0.05321,0.09914,0.1772,0.307,0.5073,0.7745,1.081,1.389,1.571,1.682,1.7954
25.0,0.03139,0.05862,0.1056,0.1857,0.3159,0.5078,0.7573,1.05,1.238,1.36,1.4884
30.0,0.02064,0.03862,0.06987,0.1239,0.2138,0.3541,0.55,0.8034,0.983,1.108,1.2456
40.0,0.01093,0.0205,0.03729,0.06665,0.1168,0.1996,0.327,0.5081,0.6463,0.7484,0.86384
50.0,0.006691,0.01257,0.02299,0.04126,0.0729,0.1267,0.214,0.3453,0.4522,0.5349,0.63097
60.0,0.004744,0.008939,0.0164,0.02951,0.05232,0.09138,0.1556,0.2543,0.3364,0.401,0.47692
70.0,0.003493,0.006604,0.01216,0.02196,0.03916,0.06909,0.1198,0.2019,0.2737,0.3329,0.40451
80.0,0.003229,0.006128,0.01132,0.02048,0.0366,0.06466,0.1123,0.1893,0.2568,0.3125,0.3797
90.0,0.00298,0.005675,0.01052,0.01907,0.03414,0.06044,0.1049,0.1774,0.2407,0.293,0.35604
100.0,0.002745,0.005249,0.009772,0.01775,0.03184,0.05647,0.09809,0.1662,0.2256,0.2747,0.33406
110.0,0.002526,0.004852,0.009071,0.01652,0.0297,0.05279,0.09175,0.1558,0.2115,0.2576,0.31325
120.0,0.002323,0.004483,0.008422,0.01539,0.02773,0.0494,0.08592,0.1461,0.1986,0.2419,0.29433
130.0,0.002127,0.004127,0.00779,0.01429,0.02583,0.0461,0.08027,0.1367,0.186,0.2267,0.27589
140.0,0.00194,0.003786,0.007178,0.01325,0.02401,0.04289,0.07471,0.1271,0.1728,0.2106,0.25631
150.0,0.001687,0.003312,0.006312,0.01172,0.02131,0.03815,0.06662,0.1136,0.1547,0.1888,0.22988
175.0,0.001207,0.002414,0.004667,0.008809,0.01618,0.02914,0.05119,0.08771,0.12,0.147,0.17985
200.0,8.812E-4,0.0018,0.003543,0.006808,0.01264,0.02292,0.04054,0.06978,0.0959,0.1177,0.1443
250.0,4.809E-4,0.001034,0.002128,0.004232,0.008059,0.01487,0.02678,0.04664,0.06442,0.07938,0.09765
300.0,2.825E-4,6.445E-4,0.001389,0.002859,0.00558,0.01047,0.01917,0.03374,0.0468,0.05784,0.071396
350.0,1.772E-4,4.293E-4,9.683E-4,0.002054,0.004098,0.007819,0.01449,0.0258,0.03595,0.04455,0.055124
400.0,1.173E-4,3.004E-4,7.064E-4,0.001539,0.003133,0.00607,0.01137,0.02048,0.02865,0.03561,0.044181
450.0,8.069E-5,2.171E-4,5.297E-4,0.001182,0.002454,0.004822,0.009122,0.01662,0.02336,0.02911,0.036239
500.0,5.757E-5,1.617E-4,4.082E-4,9.32E-4,0.001969,0.003924,0.007495,0.0138,0.01947,0.02433,0.030361
600.0,3.178E-5,9.6E-5,2.567E-4,6.127E-4,0.001343,0.002747,0.005348,0.00999,0.01421,0.01785,0.022384
700.0,1.893E-5,6.076E-5,1.709E-4,4.252E-4,9.654E-4,0.002024,0.004014,0.007602,0.0109,0.01375,0.017324
800.0,1.19E-5,4.026E-5,1.186E-4,3.067E-4,7.203E-4,0.001548,0.003124,0.005994,0.008653,0.01097,0.013896
1000.0,5.281E-6,1.951E-5,6.23E-5,1.74E-4,4.333E-4,9.772E-4,0.002042,0.004013,0.005865,0.007488,0.0095457
1200.0,2.626E-6,1.042E-5,3.571E-5,1.07E-4,2.817E-4,6.649E-4,0.001435,0.002885,0.004263,0.005477,0.0070242
1500.0,8.4485E-7,3.7764E-6,1.4762E-5,4.9286E-5,1.4255E-4,3.6447E-4,8.3141E-4,0.0017393,0.0026238,0.0034114,0.0044263
SA0P03
r\m,4.0,4.5,5.0,5.5,6.0,6.5,7.0,7.5,7.8,8.0,8.2
0.0,2.943,2.943,2.943,2.943,2.943,2.943,2.943,2.943,2.943,2.943,2.943
1.0,2.7061,2.8369,2.911,2.938,2.938,2.938,2.938,2.938,2.938,2.938,2.938
5.0,0.78238,1.2008,1.6438,2.0649,2.4007,2.6196,2.7462,2.8016,2.823,2.823,2.823
10.0,0.22509,0.40241,0.66285,1.0199,1.437,1.8292,2.1419,2.3596,2.4637,2.514,2.5579
15.0,0.098302,0.18284,0.32008,0.5361,0.84039,1.1984,1.5546,1.8632,2.0299,2.126,2.2218
20.0,0.0534,0.1007,0.1806,0.3138,0.5193,0.7947,1.113,1.435,1.628,1.747,1.869
25.0,0.03176,0.05996,0.1085,0.1911,0.3254,0.5241,0.7837,1.089,1.287,1.417,1.5542
30.0,0.02103,0.03977,0.07224,0.1282,0.2216,0.3675,0.5719,0.8373,1.027,1.159,1.3032
40.0,0.01128,0.02137,0.039,0.06977,0.1223,0.2092,0.3431,0.5342,0.6807,0.7891,0.91202
50.0,0.006987,0.01324,0.02429,0.04361,0.07708,0.134,0.2266,0.3661,0.48,0.5684,0.67137
60.0,0.005007,0.009514,0.01749,0.03147,0.05579,0.09746,0.1661,0.2717,0.3598,0.4293,0.51123
70.0,0.003723,0.007096,0.01308,0.02361,0.04209,0.07426,0.1289,0.2173,0.2947,0.3587,0.43587
80.0,0.003477,0.006643,0.01228,0.0222,0.03964,0.07,0.1216,0.2051,0.2784,0.339,0.41228
90.0,0.003239,0.006206,0.0115,0.02082,0.03722,0.06584,0.1143,0.1933,0.2624,0.3195,0.38834
100.0,0.003012,0.005787,0.01076,0.0195,0.03492,0.06186,0.1074,0.182,0.2471,0.3009,0.36581
110.0,0.002796,0.00539,0.01005,0.01826,0.03274,0.0581,0.1009,0.1712,0.2326,0.2833,0.34452
120.0,0.002593,0.005016,0.009388,0.01709,0.0307,0.05457,0.09481,0.1612,0.219,0.2668,0.32455
130.0,0.002394,0.004647,0.008728,0.01593,0.02869,0.05107,0.0888,0.1511,0.2055,0.2505,0.30478
140.0,0.002201,0.004289,0.008078,0.01481,0.02673,0.0476,0.08277,0.1407,0.1912,0.233,0.28358
150.0,0.001927,0.003772,0.007128,0.01314,0.02376,0.04238,0.07385,0.1257,0.1712,0.2089,0.25467
175.0,0.001401,0.002775,0.005299,0.009894,0.01803,0.03232,0.05661,0.0968,0.1324,0.162,0.19782
200.0,0.001035,0.00208,0.004022,0.007623,0.01402,0.02527,0.04452,0.07645,0.105,0.1288,0.1577
250.0,5.708E-4,0.001191,0.002387,0.00466,0.008772,0.01607,0.02881,0.05005,0.06906,0.08501,0.10451
300.0,3.331E-4,7.288E-4,0.001525,0.00308,0.005946,0.01109,0.02022,0.03549,0.04919,0.06075,0.074904
350.0,2.049E-4,4.741E-4,0.00104,0.00217,0.004291,0.008144,0.01505,0.02674,0.03724,0.04613,0.05708
400.0,1.323E-4,3.245E-4,7.448E-4,0.001602,0.003239,0.006251,0.01168,0.02102,0.02939,0.03652,0.045301
450.0,8.877E-5,2.302E-4,5.509E-4,0.001218,0.002514,0.004927,0.009307,0.01694,0.0238,0.02965,0.036895
500.0,6.2E-5,1.691E-4,4.203E-4,9.525E-4,0.002005,0.003987,0.007607,0.01399,0.01974,0.02466,0.03076
600.0,3.324E-5,9.856E-5,2.611E-4,6.202E-4,0.001356,0.002769,0.005388,0.01006,0.01431,0.01798,0.022564
700.0,1.947E-5,6.177E-5,1.727E-4,4.282E-4,9.706E-4,0.002033,0.00403,0.00763,0.01094,0.0138,0.017371
800.0,1.213E-5,4.071E-5,1.195E-4,3.082E-4,7.227E-4,0.001552,0.003131,0.006007,0.008671,0.01099,0.013912
1000.0,5.335E-6,1.963E-5,6.255E-5,1.745E-4,4.341E-4,9.785E-4,0.002044,0.004017,0.005871,0.007495,0.0095523
1200.0,2.643E-6,1.046E-5,3.58E-5,1.072E-4,2.82E-4,6.654E-4,0.001436,0.002885,0.004264,0.005479,0.007027
1500.0,8.4485E-7,3.7764E-6,1.4762E-5,4.9286E-5,1.4255E-4,3.6447E-4,8.3141E-4,0.0017393,0.0026238,0.0034114,0.0044263
SA0P04
r\m,4.0,4.5,5.0,5.5,6.0,6.5,7.0,7.5,7.8,8.0,8.2
0.0,2.971,2.971,2.971,2.971,2.971,2.971,2.971,2.971,2.971,2.971,2.971
1.0,2.6922,2.8483,2.9318,2.966,2.966,2.966,2.966,2.966,2.966,2.966,2.966
5.0,0.71761,1.147,1.6065,2.046,2.3982,2.6293,2.7633,2.8254,2.8515,2.852,2.852
10.0,0.20718,0.38285,0.64198,0.99961,1.422,1.8246,2.1487,2.3793,2.4902,2.547,2.5979
15.0,0.092067,0.17631,0.3128,0.52785,0.8326,1.1952,1.5599,1.882,2.0574,2.162,2.268
20.0,0.05081,0.09848,0.1786,0.3119,0.518,0.7963,1.121,1.455,1.657,1.784,1.9148
25.0,0.03059,0.05932,0.1085,0.1919,0.3277,0.5295,0.7952,1.112,1.318,1.455,1.6012
30.0,0.02046,0.03973,0.07293,0.13,0.2252,0.3744,0.5847,0.8598,1.057,1.196,1.3469
40.0,0.01118,0.02173,0.04005,0.0719,0.1264,0.2164,0.3558,0.5556,0.7094,0.824,0.95401
50.0,0.007042,0.01369,0.02533,0.04564,0.08078,0.1406,0.2382,0.3856,0.5066,0.6008,0.71044
60.0,0.005123,0.00998,0.0185,0.03339,0.05926,0.1036,0.1768,0.2898,0.3843,0.4591,0.54726
70.0,0.003867,0.007551,0.01403,0.02538,0.04529,0.07994,0.1389,0.2345,0.3185,0.3881,0.47205
80.0,0.003664,0.00717,0.01334,0.02417,0.04317,0.07625,0.1325,0.2239,0.3042,0.3708,0.45132
90.0,0.003463,0.006789,0.01266,0.02295,0.04102,0.07254,0.126,0.2133,0.2898,0.3532,0.43002
100.0,0.003266,0.006414,0.01199,0.02175,0.03891,0.06889,0.1196,0.2028,0.2756,0.3359,0.40875
110.0,0.003075,0.00605,0.01133,0.02058,0.03686,0.06534,0.1134,0.1926,0.2618,0.3191,0.38823
120.0,0.00289,0.005701,0.01071,0.01946,0.03489,0.06192,0.1075,0.1828,0.2485,0.303,0.36892
130.0,0.002704,0.005346,0.01006,0.01832,0.03289,0.05843,0.1015,0.1727,0.2349,0.2865,0.34895
140.0,0.002519,0.00499,0.009402,0.01718,0.03088,0.05484,0.09523,0.1618,0.2199,0.2681,0.32635
150.0,0.002234,0.004437,0.008374,0.01535,0.02764,0.04913,0.08545,0.1454,0.198,0.2416,0.29458
175.0,0.001674,0.003346,0.006349,0.01175,0.02125,0.03787,0.06613,0.1129,0.1543,0.1889,0.23079
200.0,0.00127,0.00256,0.00489,0.009137,0.01663,0.02974,0.05215,0.08932,0.1225,0.1503,0.18411
250.0,7.325E-4,0.001504,0.002934,0.005593,0.01035,0.01875,0.03336,0.0577,0.07949,0.09777,0.12008
300.0,4.391E-4,9.255E-4,0.001857,0.003633,0.006865,0.01263,0.02283,0.03987,0.05516,0.06804,0.083797
350.0,2.723E-4,5.94E-4,0.001236,0.002489,0.004817,0.009019,0.01653,0.02924,0.04064,0.05029,0.062144
400.0,1.74E-4,3.961E-4,8.599E-4,0.001787,0.003542,0.006755,0.01254,0.02247,0.03137,0.03895,0.048293
450.0,1.14E-4,2.723E-4,6.181E-4,0.001325,0.002691,0.005225,0.009817,0.01781,0.02499,0.03112,0.03869
500.0,7.709E-5,1.94E-4,4.601E-4,0.001017,0.002112,0.00417,0.007925,0.01454,0.0205,0.02559,0.031899
600.0,3.866E-5,1.076E-4,2.76E-4,6.45E-4,0.001399,0.002845,0.005521,0.0103,0.01464,0.01838,0.023058
700.0,2.152E-5,6.539E-5,1.789E-4,4.387E-4,9.886E-4,0.002065,0.004086,0.007731,0.01108,0.01398,0.017627
800.0,1.296E-5,4.228E-5,1.222E-4,3.129E-4,7.309E-4,0.001566,0.003156,0.006052,0.008733,0.01107,0.014016
1000.0,5.512E-6,2.001E-5,6.328E-5,1.758E-4,4.363E-4,9.825E-4,0.002051,0.004029,0.005887,0.007515,0.009577
1200.0,2.694E-6,1.059E-5,3.606E-5,1.077E-4,2.828E-4,6.669E-4,0.001439,0.00289,0.004271,0.005487,0.0070375
1500.0,8.4485E-7,3.7764E-6,1.4762E-5,4.9286E-5,1.4255E-4,3.6447E-4,8.3141E-4,0.0017393,0.0026238,0.0034114,0.0044263
SA0P05
r\m,4.0,4.5,5.0,5.5,6.0,6.5,7.0,7.5,7.8,8.0,8.2
0.0,2.912,2.912,2.912,2.912,2.912,2.912,2.912,2.912,2.912,2.912,2.912
1.0,2.5992,2.7775,2.8672,2.907,2.907,2.907,2.907,2.907,2.907,2.907,2.907
5.0,0.64345,1.0715,1.532,1.9749,2.3304,2.5651,2.7016,2.7664,2.7947,2.797,2.797
10.0,0.18599,0.35624,0.60774,0.95668,1.3714,1.7711,2.0953,2.3285,2.4424,2.502,2.5567
15.0,0.083643,0.16561,0.29801,0.50682,0.80355,1.1597,1.5211,1.8435,2.0215,2.129,2.2387
20.0,0.04667,0.09342,0.1716,0.3015,0.5024,0.7753,1.096,1.429,1.633,1.763,1.8983
25.0,0.02835,0.05673,0.1051,0.1869,0.3201,0.5187,0.7816,1.097,1.304,1.442,1.5883
30.0,0.0191,0.03825,0.07115,0.1274,0.2213,0.3688,0.5778,0.8524,1.051,1.191,1.3444
40.0,0.01057,0.02118,0.03953,0.07132,0.1256,0.2156,0.3552,0.5561,0.7113,0.8273,0.95924
50.0,0.006734,0.0135,0.02527,0.04576,0.08118,0.1415,0.2401,0.3895,0.5124,0.6083,0.72033
60.0,0.004949,0.009942,0.01864,0.0338,0.06012,0.1052,0.1799,0.2953,0.392,0.4688,0.5593
70.0,0.003774,0.007597,0.01427,0.02594,0.04638,0.08195,0.1426,0.241,0.3278,0.3997,0.48675
80.0,0.003613,0.007284,0.0137,0.02494,0.04461,0.07888,0.1372,0.2322,0.3157,0.385,0.46879
90.0,0.003448,0.006964,0.01312,0.02389,0.04277,0.0757,0.1316,0.223,0.3032,0.3698,0.45035
100.0,0.003284,0.006643,0.01254,0.02284,0.04093,0.0725,0.126,0.2138,0.2907,0.3545,0.43181
110.0,0.003121,0.006325,0.01197,0.0218,0.0391,0.06933,0.1204,0.2046,0.2783,0.3394,0.41347
120.0,0.002963,0.006014,0.0114,0.02079,0.03731,0.06622,0.115,0.1957,0.2661,0.3245,0.39532
130.0,0.002799,0.005691,0.0108,0.01973,0.03544,0.06295,0.1093,0.1861,0.2533,0.309,0.37632
140.0,0.002632,0.005361,0.01019,0.01865,0.03352,0.05951,0.1033,0.1756,0.2387,0.291,0.35437
150.0,0.002357,0.004809,0.009149,0.01679,0.03022,0.05367,0.09329,0.1587,0.2162,0.2638,0.32139
175.0,0.001808,0.003705,0.007072,0.01307,0.0236,0.04198,0.0732,0.1249,0.1707,0.2089,0.25521
200.0,0.001403,0.002891,0.005541,0.01032,0.0187,0.03334,0.05833,0.09979,0.1368,0.1678,0.20531
250.0,8.437E-4,0.001758,0.003414,0.006443,0.01182,0.02127,0.03769,0.06501,0.08946,0.11,0.13506
300.0,5.245E-4,0.001109,0.002193,0.004213,0.007851,0.0143,0.02568,0.04468,0.06171,0.07607,0.093648
350.0,3.348E-4,7.225E-4,0.001463,0.002873,0.005455,0.01009,0.01834,0.03228,0.04478,0.05537,0.068366
400.0,2.183E-4,4.834E-4,0.001009,0.002033,0.003945,0.007422,0.01366,0.02436,0.03395,0.04211,0.05215
450.0,1.444E-4,3.301E-4,7.142E-4,0.00148,0.002942,0.005638,0.01051,0.01899,0.0266,0.03309,0.041103
500.0,9.765E-5,2.316E-4,5.214E-4,0.001114,0.002269,0.004429,0.008361,0.01529,0.02151,0.02684,0.033429
600.0,4.766E-5,1.233E-4,3.01E-4,6.849E-4,0.001464,0.002956,0.005712,0.01063,0.0151,0.01895,0.02377
700.0,2.534E-5,7.198E-5,1.895E-4,4.562E-4,0.001019,0.002117,0.004178,0.007892,0.0113,0.01426,0.017978
800.0,1.46E-5,4.52E-5,1.271E-4,3.212E-4,7.451E-4,0.001591,0.003201,0.00613,0.008843,0.0112,0.01416
1000.0,5.85E-6,2.069E-5,6.453E-5,1.78E-4,4.4E-4,9.89E-4,0.002063,0.004049,0.005916,0.007551,0.0096226
1200.0,2.781E-6,1.079E-5,3.647E-5,1.084E-4,2.841E-4,6.691E-4,0.001443,0.002897,0.00428,0.005499,0.0070517
1500.0,8.4485E-7,3.7764E-6,1.4762E-5,4.9286E-5,1.4255E-4,3.6447E-4,8.3141E-4,0.0017393,0.0026238,0.0034114,0.0044263
SA0P075
r\m,4.0,4.5,5.0,5.5,6.0,6.5,7.0,7.5,7.8,8.0,8.2
0.0,2.671,2.671,2.671,2.671,2.671,2.671,2.671,2.671,2.671,2.671,2.671
1.0,2.2879,2.5153,2.6161,2.667,2.667,2.667,2.667,2.667,2.667,2.667,2.667
5.0,0.47842,0.88397,1.3283,1.7584,2.1032,2.3332,2.4681,2.5347,2.5646,2.568,2.568
10.0,0.138,0.29093,0.5193,0.83839,1.2209,1.5965,1.9058,2.1319,2.244,2.303,2.3568
15.0,0.063204,0.13722,0.25717,0.44643,0.71608,1.0447,1.3833,1.6905,1.8629,1.968,2.0758
20.0,0.03587,0.07862,0.1501,0.2685,0.4513,0.7022,1.001,1.316,1.512,1.638,1.7694
25.0,0.0221,0.0484,0.09325,0.1685,0.2909,0.4744,0.7196,1.017,1.215,1.349,1.4937
30.0,0.01507,0.033,0.06384,0.1161,0.2032,0.3405,0.5365,0.796,0.9852,1.12,1.2695
40.0,0.008502,0.01864,0.03615,0.06623,0.1175,0.2024,0.3351,0.527,0.6763,0.7886,0.91677
50.0,0.005514,0.0121,0.02351,0.04323,0.07721,0.1351,0.23,0.3746,0.494,0.5877,0.69766
60.0,0.004115,0.009043,0.0176,0.03241,0.05803,0.1019,0.1748,0.288,0.3831,0.459,0.54872
70.0,0.003187,0.007015,0.01367,0.02525,0.04542,0.08053,0.1405,0.2383,0.3248,0.3967,0.48385
80.0,0.003097,0.006828,0.01332,0.02462,0.04433,0.07862,0.1372,0.2328,0.3171,0.3874,0.47272
90.0,0.003001,0.006625,0.01295,0.02393,0.04311,0.07652,0.1334,0.2267,0.3088,0.3771,0.45982
100.0,0.0029,0.006413,0.01256,0.02321,0.04183,0.07431,0.1294,0.2202,0.3,0.3662,0.44634
110.0,0.002798,0.006196,0.01215,0.02247,0.04052,0.07203,0.1254,0.2136,0.2909,0.3552,0.43303
120.0,0.002695,0.005977,0.01174,0.02172,0.03919,0.06972,0.1213,0.2069,0.2818,0.3441,0.41962
130.0,0.002584,0.005738,0.01129,0.0209,0.03773,0.06715,0.1169,0.1994,0.2717,0.3318,0.40479
140.0,0.002467,0.005485,0.0108,0.02003,0.03616,0.06431,0.1118,0.1904,0.2592,0.3162,0.38516
150.0,0.002242,0.004991,0.009832,0.01827,0.03302,0.05873,0.1022,0.1742,0.2375,0.2901,0.35377
175.0,0.001784,0.003984,0.007863,0.01469,0.02659,0.04732,0.08256,0.141,0.1929,0.2362,0.28883
200.0,0.001436,0.003218,0.006364,0.01194,0.02167,0.0386,0.06751,0.1155,0.1584,0.1944,0.23825
250.0,9.278E-4,0.002091,0.004164,0.007868,0.01438,0.02574,0.04544,0.07824,0.1076,0.1323,0.16243
300.0,6.172E-4,0.001402,0.002812,0.005362,0.009876,0.0178,0.03172,0.05496,0.07576,0.09331,0.11478
350.0,4.203E-4,9.621E-4,0.001951,0.003755,0.006983,0.0127,0.02281,0.03987,0.05515,0.06809,0.083982
400.0,2.906E-4,6.717E-4,0.00138,0.002688,0.005059,0.009303,0.01685,0.02977,0.04134,0.05117,0.063263
450.0,2.024E-4,4.735E-4,9.88E-4,0.001953,0.003732,0.006954,0.01273,0.02274,0.03171,0.03936,0.048796
500.0,1.429E-4,3.388E-4,7.204E-4,0.00145,0.002821,0.005338,0.00988,0.01786,0.02502,0.03114,0.038709
600.0,7.384E-5,1.809E-4,4.025E-4,8.497E-4,0.001729,0.003386,0.006428,0.01184,0.01675,0.02098,0.026239
700.0,3.975E-5,1.018E-4,2.403E-4,5.368E-4,0.001147,0.002328,0.004533,0.008501,0.01214,0.01529,0.019241
800.0,2.226E-5,6.038E-5,1.525E-4,3.614E-4,8.103E-4,0.001701,0.003389,0.00646,0.009302,0.01177,0.014874
1000.0,7.907E-6,2.468E-5,7.134E-5,1.893E-4,4.592E-4,0.001022,0.002121,0.004154,0.006063,0.007735,0.0098513
1200.0,3.339E-6,1.194E-5,3.857E-5,1.122E-4,2.905E-4,6.804E-4,0.001462,0.002932,0.00433,0.005561,0.0071305
1500.0,8.4485E-7,3.7764E-6,1.4762E-5,4.9286E-5,1.4255E-4,3.6447E-4,8.3141E-4,0.0017393,0.0026238,0.0034114,0.0044263
SA0P1
r\m,4.0,4.5,5.0,5.5,6.0,6.5,7.0,7.5,7.8,8.0,8.2
0.0,2.437,2.437,2.437,2.437,2.437,2.437,2.437,2.437,2.437,2.437,2.437
1.0,1.9888,2.2638,2.3749,2.4329,2.433,2.433,2.433,2.433,2.433,2.433,2.433
5.0,0.3554,0.72951,1.154,1.5646,1.8943,2.1153,2.2438,2.3095,2.3393,2.345,2.345
10.0,0.10207,0.23744,0.44533,0.73652,1.0882,1.4378,1.7268,1.9411,2.048,2.106,2.1594
15.0,0.047239,0.1129,0.22175,0.39321,0.63837,0.94,1.2528,1.5403,1.7029,1.804,1.908
20.0,0.02708,0.0653,0.1305,0.2381,0.4043,0.6339,0.9088,1.202,1.386,1.506,1.6313
25.0,0.01684,0.04057,0.08188,0.1508,0.2628,0.431,0.6571,0.933,1.118,1.244,1.3779
30.0,0.01156,0.02785,0.05649,0.1046,0.1847,0.311,0.4925,0.7338,0.9107,1.037,1.1767
40.0,0.0066,0.01593,0.03235,0.0604,0.108,0.1869,0.3105,0.49,0.6302,0.7361,0.85726
50.0,0.004324,0.01045,0.02125,0.03984,0.07172,0.126,0.2151,0.3513,0.4641,0.5529,0.65702
60.0,0.003256,0.007877,0.01604,0.03012,0.05436,0.09585,0.1648,0.2722,0.3629,0.4352,0.52088
70.0,0.002543,0.006164,0.01257,0.02366,0.04291,0.07636,0.1336,0.2272,0.3101,0.3792,0.46319
80.0,0.002493,0.006051,0.01235,0.02327,0.04223,0.07518,0.1315,0.2237,0.3052,0.3732,0.45579
90.0,0.002436,0.00592,0.01211,0.02281,0.04141,0.07378,0.1289,0.2196,0.2996,0.3662,0.44688
100.0,0.002374,0.005778,0.01184,0.02231,0.04052,0.07224,0.1262,0.2151,0.2934,0.3586,0.43766
110.0,0.00231,0.00563,0.01156,0.02178,0.03958,0.0706,0.1232,0.2104,0.2869,0.3506,0.42805
120.0,0.002244,0.005477,0.01126,0.02123,0.03861,0.0689,0.1202,0.2054,0.28,0.3422,0.41752
130.0,0.00217,0.005303,0.01092,0.0206,0.03747,0.0669,0.1167,0.1995,0.2721,0.3326,0.4061
140.0,0.00209,0.005112,0.01053,0.0199,0.0362,0.06458,0.1125,0.192,0.2616,0.3195,0.38969
150.0,0.001916,0.004692,0.009671,0.01831,0.03333,0.05945,0.1037,0.177,0.2416,0.2954,0.36077
175.0,0.001558,0.003825,0.007898,0.01501,0.02737,0.04883,0.08535,0.146,0.1999,0.245,0.30002
200.0,0.001281,0.003155,0.006525,0.01245,0.02274,0.04059,0.0711,0.1218,0.1672,0.2052,0.25137
250.0,8.635E-4,0.002138,0.004443,0.008522,0.01564,0.02803,0.04949,0.08526,0.1173,0.1443,0.17725
300.0,5.995E-4,0.001492,0.003117,0.006014,0.0111,0.01998,0.03555,0.06155,0.08485,0.1045,0.12855
350.0,4.252E-4,0.001065,0.002239,0.004344,0.008065,0.0146,0.02613,0.04559,0.063,0.07775,0.095864
400.0,3.061E-4,7.714E-4,0.001636,0.003193,0.00597,0.01089,0.01959,0.03447,0.04778,0.05909,0.073008
450.0,2.218E-4,5.629E-4,0.001204,0.002369,0.004468,0.008219,0.01489,0.02644,0.03678,0.0456,0.056461
500.0,1.627E-4,4.159E-4,8.984E-4,0.001784,0.003402,0.006324,0.01155,0.02071,0.02891,0.03593,0.044598
600.0,9.017E-5,2.341E-4,5.173E-4,0.001056,0.002075,0.003957,0.007379,0.01344,0.01894,0.02367,0.029563
700.0,5.155E-5,1.364E-4,3.108E-4,6.579E-4,0.001344,0.002646,0.005056,0.009377,0.01333,0.01676,0.021036
800.0,3.024E-5,8.206E-5,1.945E-4,4.309E-4,9.206E-4,0.001877,0.003679,0.006947,0.009967,0.01259,0.015881
1000.0,1.116E-5,3.255E-5,8.544E-5,2.119E-4,4.949E-4,0.001081,0.002222,0.004328,0.006305,0.008036,0.010222
1200.0,4.537E-6,1.464E-5,4.335E-5,1.2E-4,3.036E-4,7.027E-4,0.001502,0.003001,0.004428,0.005684,0.0072842
1500.0,1.0823E-6,3.8713E-6,1.4762E-5,4.9286E-5,1.4255E-4,3.6447E-4,8.3141E-4,0.0017393,0.0026238,0.0034114,0.0044263
SA0P15
r\m,4.0,4.5,5.0,5.5,6.0,6.5,7.0,7.5,7.8,8.0,8.2
0.0,1.4882,2.073,2.073,2.073,2.073,2.073,2.073,2.073,2.073,2.073,2.073
1.0,1.1783,1.8654,1.9988,2.0615,2.07,2.07,2.07,2.07,2.07,2.07,2.07
5.0,0.19751,0.50702,0.89381,1.2754,1.5773,1.7815,1.8992,1.9613,1.99,1.996,1.996
10.0,0.0577,0.16139,0.33645,0.58755,0.89106,1.1985,1.4543,1.6463,1.7433,1.796,1.8452
15.0,0.027152,0.077396,0.16841,0.31433,0.52222,0.78198,1.054,1.3072,1.4524,1.543,1.6372
20.0,0.01577,0.04526,0.1001,0.1919,0.3327,0.5293,0.7667,1.023,1.186,1.293,1.4059
25.0,0.009915,0.02845,0.06371,0.123,0.2186,0.3628,0.5583,0.7982,0.9609,1.073,1.1944
30.0,0.006862,0.01971,0.0444,0.08608,0.1551,0.2638,0.4211,0.6313,0.7863,0.8983,1.0229
40.0,0.003971,0.01144,0.02579,0.05043,0.09199,0.1606,0.2686,0.426,0.5495,0.6433,0.75097
50.0,0.002633,0.007596,0.01714,0.03371,0.06183,0.1095,0.188,0.3085,0.4086,0.4876,0.58098
60.0,0.002003,0.005785,0.01307,0.02572,0.04732,0.08413,0.1455,0.2413,0.3223,0.3872,0.46402
70.0,0.00158,0.004571,0.01034,0.0204,0.0377,0.06767,0.119,0.2033,0.278,0.3405,0.41669
80.0,0.001564,0.004531,0.01026,0.02025,0.03746,0.06726,0.1183,0.202,0.2762,0.3383,0.41376
90.0,0.001543,0.004475,0.01015,0.02004,0.0371,0.06665,0.1171,0.2002,0.2736,0.335,0.4095
100.0,0.001519,0.00441,0.01002,0.01979,0.03665,0.06588,0.1156,0.1979,0.2705,0.3311,0.40465
110.0,0.001492,0.004337,0.009872,0.0195,0.03614,0.065,0.114,0.1954,0.2669,0.3267,0.39933
120.0,0.001463,0.004258,0.00971,0.01919,0.03558,0.06403,0.1122,0.1925,0.263,0.3219,0.39362
130.0,0.001428,0.004163,0.009505,0.0188,0.03487,0.06276,0.11,0.1887,0.2579,0.3157,0.38575
140.0,0.001389,0.004052,0.00926,0.01834,0.03402,0.06116,0.1071,0.1833,0.2503,0.3061,0.37379
150.0,0.001286,0.003755,0.008589,0.01703,0.03161,0.05684,0.09961,0.1706,0.2333,0.2856,0.34916
175.0,0.001071,0.003136,0.007188,0.0143,0.02657,0.04779,0.08391,0.1439,0.1974,0.2422,0.29678
200.0,9.026E-4,0.002649,0.006084,0.01214,0.02259,0.04064,0.07148,0.1228,0.1688,0.2075,0.25467
250.0,6.389E-4,0.001884,0.004346,0.00871,0.01627,0.02935,0.05197,0.08974,0.1236,0.1522,0.1873
300.0,4.656E-4,0.00138,0.003194,0.00643,0.01206,0.02181,0.03887,0.06741,0.093,0.1146,0.14104
350.0,3.465E-4,0.001032,0.0024,0.004848,0.009123,0.01656,0.02964,0.05172,0.07149,0.08825,0.1088
400.0,2.616E-4,7.832E-4,0.001831,0.003711,0.007007,0.01278,0.02294,0.0403,0.05583,0.06904,0.085278
450.0,1.988E-4,5.981E-4,0.001406,0.002859,0.005421,0.009932,0.0179,0.03167,0.04399,0.0545,0.067449
500.0,1.528E-4,4.62E-4,0.001092,0.002229,0.004248,0.007827,0.01417,0.02524,0.03515,0.04362,0.054066
600.0,9.276E-5,2.829E-4,6.755E-4,0.001395,0.002698,0.005038,0.009228,0.01661,0.02328,0.02902,0.036153
700.0,5.79E-5,1.781E-4,4.304E-4,9.019E-4,0.001778,0.003379,0.006286,0.01146,0.01618,0.02025,0.025319
800.0,3.692E-5,1.146E-4,2.808E-4,5.996E-4,0.001211,0.002355,0.004467,0.008264,0.01176,0.0148,0.018605
1000.0,1.575E-5,4.993E-5,1.268E-4,2.871E-4,6.167E-4,0.001274,0.002534,0.004848,0.007014,0.008909,0.011301
1200.0,7.074E-6,2.309E-5,6.184E-5,1.519E-4,3.536E-4,7.824E-4,0.001633,0.003225,0.004737,0.006067,0.0077557
1500.0,2.0957E-6,7.0597E-6,1.9958E-5,5.3142E-5,1.4255E-4,3.6447E-4,8.3141E-4,0.0017393,0.0026238,0.0034114,0.0044263
SA0P2
r\m,4.0,4.5,5.0,5.5,6.0,6.5,7.0,7.5,7.8,8.0,8.2
0.0,0.81848,1.8035,1.814,1.814,1.814,1.814,1.814,1.814,1.814,1.814,1.814
1.0,0.65705,1.5619,1.7298,1.7963,1.812,1.812,1.812,1.812,1.812,1.812,1.812
5.0,0.11649,0.3605,0.71151,1.071,1.3545,1.5457,1.6553,1.7143,1.7406,1.747,1.747
10.0,0.034806,0.11267,0.2615,0.48356,0.75417,1.031,1.2625,1.4376,1.5254,1.575,1.6223
15.0,0.01658,0.054278,0.13114,0.25867,0.44123,0.67127,0.91387,1.1418,1.2723,1.355,1.441
20.0,0.009712,0.03195,0.07841,0.1587,0.2821,0.4553,0.6658,0.895,1.041,1.138,1.2404
25.0,0.00615,0.02025,0.05037,0.1026,0.1869,0.314,0.4871,0.7005,0.8461,0.9467,1.0559
30.0,0.004277,0.0141,0.03535,0.07229,0.1333,0.2292,0.369,0.5559,0.6945,0.7948,0.9068
40.0,0.002496,0.008256,0.02072,0.04277,0.07987,0.1409,0.2371,0.3776,0.4881,0.5723,0.66906
50.0,0.001666,0.005525,0.01387,0.02879,0.05409,0.09673,0.167,0.275,0.3649,0.4361,0.51993
60.0,0.001275,0.004231,0.01063,0.0221,0.04162,0.07473,0.1299,0.2163,0.2894,0.3482,0.418
70.0,0.001012,0.003362,0.008453,0.01762,0.03335,0.06043,0.1069,0.1831,0.2509,0.3077,0.37696
80.0,0.001007,0.003351,0.008432,0.01759,0.03331,0.06039,0.1068,0.183,0.2506,0.3073,0.3763
90.0,9.99E-4,0.003328,0.008389,0.01751,0.03317,0.06017,0.1063,0.1823,0.2496,0.306,0.37478
100.0,9.884E-4,0.003296,0.008326,0.01738,0.03295,0.0598,0.1055,0.1812,0.2481,0.304,0.37204
110.0,9.761E-4,0.003259,0.008247,0.01722,0.03267,0.05932,0.1046,0.1798,0.2461,0.3016,0.36918
120.0,9.625E-4,0.003217,0.008155,0.01704,0.03233,0.05875,0.1035,0.1782,0.2438,0.2987,0.36558
130.0,9.45E-4,0.003162,0.008027,0.01678,0.03186,0.0579,0.102,0.1756,0.2404,0.2946,0.36054
140.0,9.242E-4,0.003095,0.007865,0.01646,0.03125,0.05674,0.09985,0.1715,0.2345,0.2871,0.35088
150.0,8.605E-4,0.002884,0.007337,0.01537,0.0292,0.05302,0.09338,0.1605,0.2198,0.2693,0.32966
175.0,7.269E-4,0.002442,0.006227,0.01309,0.02489,0.04519,0.07974,0.1372,0.1884,0.2315,0.28403
200.0,6.211E-4,0.002091,0.005345,0.01126,0.02145,0.03895,0.06884,0.1186,0.1633,0.2009,0.24696
250.0,4.522E-4,0.00153,0.003926,0.008304,0.01587,0.0289,0.05139,0.08899,0.1228,0.1512,0.18606
300.0,3.388E-4,0.001151,0.002966,0.006297,0.01208,0.02204,0.03942,0.06855,0.09468,0.1168,0.14398
350.0,2.591E-4,8.849E-4,0.002289,0.004876,0.009379,0.01716,0.0308,0.05386,0.07452,0.09204,0.11356
400.0,2.011E-4,6.9E-4,0.001793,0.003829,0.007385,0.01356,0.02439,0.04291,0.05949,0.07358,0.0909
450.0,1.57E-4,5.414E-4,0.001413,0.003026,0.005851,0.01078,0.01945,0.03443,0.04783,0.05926,0.073336
500.0,1.24E-4,4.295E-4,0.001126,0.002418,0.00469,0.008675,0.0157,0.02795,0.0389,0.04827,0.059849
600.0,7.945E-5,2.771E-4,7.323E-4,0.001584,0.003102,0.005788,0.01056,0.01893,0.02649,0.03299,0.041062
700.0,5.229E-5,1.836E-4,4.892E-4,0.001067,0.002114,0.003987,0.007342,0.01328,0.01869,0.02336,0.029183
800.0,3.513E-5,1.241E-4,3.336E-4,7.348E-4,0.001476,0.002823,0.005264,0.009622,0.01363,0.0171,0.021444
1000.0,1.659E-5,5.94E-5,1.622E-4,3.687E-4,7.658E-4,0.001524,0.002944,0.005527,0.007937,0.01004,0.01268
1200.0,8.191E-6,2.971E-5,8.305E-5,1.97E-4,4.308E-4,9.057E-4,0.001831,0.003548,0.005175,0.006606,0.0084208
1500.0,2.8234E-6,1.0434E-5,2.9959E-5,7.4085E-5,1.7066E-4,3.8022E-4,8.3141E-4,0.0017393,0.0026238,0.0034114,0.0044263
SA0P25
r\m,4.0,4.5,5.0,5.5,6.0,6.5,7.0,7.5,7.8,8.0,8.2
0.0,0.49144,1.2094,1.621,1.621,1.621,1.621,1.621,1.621,1.621,1.622,1.624
1.0,0.39863,1.0538,1.5263,1.5983,1.619,1.619,1.619,1.619,1.619,1.619,1.619
5.0,0.073728,0.25203,0.57588,0.91798,1.1887,1.3708,1.474,1.5301,1.5553,1.562,1.562
10.0,0.02239,0.080118,0.20692,0.40644,0.65294,0.9073,1.1202,1.282,1.3633,1.409,1.4525
15.0,0.010759,0.038957,0.10381,0.21717,0.38118,0.58941,0.80989,1.0182,1.1381,1.214,1.2932
20.0,0.00634,0.02308,0.06232,0.1337,0.2443,0.4003,0.5906,0.799,0.9325,1.021,1.1143
25.0,0.004036,0.01471,0.04034,0.08708,0.1629,0.2773,0.4337,0.6269,0.7593,0.8512,0.951
30.0,0.002817,0.01028,0.02845,0.06163,0.1168,0.2033,0.3296,0.4988,0.6246,0.716,0.81818
40.0,0.001653,0.006057,0.01678,0.03673,0.07045,0.1257,0.2128,0.3403,0.4408,0.5175,0.6058
50.0,0.001109,0.004075,0.01129,0.02487,0.04798,0.08675,0.1507,0.2489,0.3308,0.3957,0.47228
60.0,8.515E-4,0.003132,0.00868,0.01916,0.03705,0.06725,0.1176,0.1964,0.2632,0.317,0.38087
70.0,6.784E-4,0.002498,0.006929,0.01533,0.02979,0.05458,0.09707,0.1669,0.229,0.2811,0.34455
80.0,6.781E-4,0.002499,0.006936,0.01536,0.02986,0.05474,0.09732,0.1673,0.2296,0.2817,0.34513
90.0,6.749E-4,0.00249,0.006924,0.01534,0.02984,0.05473,0.0972,0.1673,0.2295,0.2815,0.34494
100.0,6.702E-4,0.002476,0.006896,0.01528,0.02975,0.05459,0.09685,0.1669,0.2289,0.2807,0.3439
110.0,6.642E-4,0.002456,0.006855,0.01519,0.0296,0.05435,0.09634,0.1662,0.2278,0.2794,0.3421
120.0,6.573E-4,0.002433,0.006803,0.01508,0.02941,0.05402,0.09569,0.1653,0.2265,0.2778,0.34029
130.0,6.477E-4,0.0024,0.00672,0.01491,0.02908,0.05343,0.09463,0.1635,0.2241,0.2749,0.33668
140.0,6.359E-4,0.002358,0.006609,0.01468,0.02863,0.05256,0.09299,0.1602,0.2195,0.2689,0.329
150.0,5.943E-4,0.002205,0.006189,0.01376,0.02685,0.04929,0.08728,0.1505,0.2064,0.2531,0.30999
175.0,5.068E-4,0.001884,0.005303,0.01182,0.02309,0.04239,0.07521,0.1298,0.1786,0.2195,0.26949
200.0,4.37E-4,0.001628,0.004594,0.01026,0.02008,0.03687,0.06551,0.1132,0.1561,0.1922,0.23641
250.0,3.242E-4,0.001213,0.003436,0.00771,0.01514,0.02786,0.04978,0.08646,0.1194,0.1472,0.18113
300.0,2.474E-4,9.298E-4,0.002644,0.005954,0.01173,0.02163,0.03885,0.06777,0.09372,0.1157,0.14265
350.0,1.927E-4,7.278E-4,0.002077,0.004693,0.009269,0.01714,0.03087,0.05414,0.07499,0.09269,0.11443
400.0,1.523E-4,5.779E-4,0.001656,0.003751,0.007424,0.01377,0.02485,0.04384,0.06082,0.07528,0.093054
450.0,1.211E-4,4.617E-4,0.001328,0.003016,0.005983,0.01113,0.02014,0.03571,0.04964,0.06154,0.076212
500.0,9.741E-5,3.728E-4,0.001077,0.002452,0.004875,0.009096,0.0165,0.02941,0.04095,0.05083,0.06302
600.0,6.465E-5,2.491E-4,7.251E-4,0.001661,0.003326,0.006248,0.0114,0.02044,0.02859,0.03561,0.044319
700.0,4.408E-5,1.708E-4,5.01E-4,0.001154,0.002332,0.004414,0.008113,0.01463,0.02057,0.0257,0.032088
800.0,3.067E-5,1.195E-4,3.529E-4,8.189E-4,0.00167,0.00319,0.005915,0.01075,0.01519,0.01904,0.023856
1000.0,1.552E-5,6.109E-5,1.825E-4,4.326E-4,9.0E-4,0.001765,0.003356,0.006222,0.00889,0.01122,0.01415
1200.0,8.199E-6,3.258E-5,9.865E-5,2.399E-4,5.147E-4,0.001049,0.002066,0.003935,0.0057,0.007251,0.0092123
1500.0,3.1336E-6,1.2639E-5,3.9009E-5,9.7456E-5,2.1593E-4,4.5768E-4,9.3217E-4,0.0018254,0.0026879,0.0034529,0.0044299
SA0P3
r\m,4.0,4.5,5.0,5.5,6.0,6.5,7.0,7.5,7.8,8.0,8.2
0.0,0.31864,0.84166,1.466,1.466,1.466,1.466,1.466,1.466,1.467,1.472,1.478
1.0,0.26013,0.73721,1.3614,1.4394,1.4662,1.47,1.47,1.47,1.47,1.47,1.47
5.0,0.049495,0.18176,0.4711,0.79682,1.0573,1.2318,1.3298,1.3833,1.408,1.418,1.421
10.0,0.015209,0.058559,0.16593,0.34644,0.5738,0.81035,1.0086,1.1593,1.2354,1.28,1.3229
15.0,0.0073553,0.028674,0.083249,0.18486,0.33434,0.52561,0.72888,0.92148,1.0327,1.104,1.1785
20.0,0.004354,0.01707,0.05013,0.1141,0.2147,0.3574,0.5321,0.7241,0.8475,0.9299,1.0172
25.0,0.002783,0.01093,0.03264,0.07475,0.144,0.2485,0.3919,0.5693,0.6913,0.7762,0.86873
30.0,0.001948,0.007656,0.02311,0.05311,0.1036,0.1828,0.2987,0.4539,0.5695,0.6538,0.74811
40.0,0.001148,0.004534,0.0137,0.03184,0.06288,0.1136,0.1936,0.3107,0.4033,0.4739,0.55553
50.0,7.728E-4,0.003062,0.009247,0.02165,0.04301,0.07871,0.1375,0.228,0.3034,0.3633,0.43398
60.0,5.951E-4,0.00236,0.00713,0.01672,0.03329,0.06118,0.1076,0.1803,0.2421,0.2918,0.35115
70.0,4.754E-4,0.001887,0.005706,0.01341,0.02683,0.04978,0.08906,0.1536,0.2111,0.2594,0.3185
80.0,4.765E-4,0.001893,0.005726,0.01347,0.02697,0.05005,0.08952,0.1544,0.2121,0.2606,0.31965
90.0,4.755E-4,0.001891,0.005731,0.01349,0.02702,0.05017,0.08963,0.1548,0.2126,0.2611,0.32041
100.0,4.734E-4,0.001885,0.005722,0.01347,0.02701,0.05017,0.08954,0.1548,0.2126,0.261,0.32004
110.0,4.704E-4,0.001875,0.005702,0.01343,0.02694,0.05008,0.08929,0.1545,0.2122,0.2605,0.31956
120.0,4.667E-4,0.001862,0.005673,0.01336,0.02684,0.0499,0.08891,0.1541,0.2115,0.2596,0.31842
130.0,4.612E-4,0.001841,0.005618,0.01324,0.02661,0.04949,0.08815,0.1528,0.2098,0.2576,0.31595
140.0,4.539E-4,0.001814,0.005541,0.01307,0.02626,0.04881,0.08685,0.1502,0.206,0.2526,0.30951
150.0,4.254E-4,0.001701,0.005203,0.01229,0.02469,0.0459,0.08174,0.1414,0.1942,0.2384,0.2923
175.0,3.653E-4,0.001463,0.004488,0.01062,0.02138,0.03974,0.0709,0.1228,0.1691,0.2081,0.25579
200.0,3.171E-4,0.001272,0.003914,0.009286,0.01871,0.03479,0.06216,0.1077,0.1488,0.1833,0.22567
250.0,2.385E-4,9.608E-4,0.002968,0.00707,0.0143,0.02664,0.04786,0.08338,0.1154,0.1423,0.17532
300.0,1.844E-4,7.46E-4,0.002314,0.005532,0.01123,0.02096,0.03783,0.06619,0.09164,0.1132,0.1397
350.0,1.456E-4,5.918E-4,0.001841,0.004418,0.008987,0.01682,0.03044,0.05353,0.07423,0.09182,0.11346
400.0,1.166E-4,4.76E-4,0.001487,0.003577,0.00729,0.01368,0.02481,0.04387,0.06093,0.07546,0.093364
450.0,9.396E-5,3.852E-4,0.001207,0.002913,0.005949,0.01119,0.02034,0.03616,0.05031,0.06239,0.077275
500.0,7.655E-5,3.151E-4,9.913E-4,0.002398,0.004907,0.009258,0.01686,0.03012,0.04196,0.05211,0.064661
600.0,5.214E-5,2.159E-4,6.847E-4,0.001665,0.003428,0.006506,0.01191,0.02137,0.0299,0.03725,0.04636
700.0,3.646E-5,1.518E-4,4.848E-4,0.001185,0.002457,0.004694,0.008639,0.01558,0.0219,0.02735,0.034139
800.0,2.602E-5,1.089E-4,3.5E-4,8.604E-4,0.001797,0.003457,0.006406,0.01162,0.0164,0.02054,0.025707
1000.0,1.384E-5,5.846E-5,1.897E-4,4.745E-4,0.001005,0.001969,0.003717,0.006846,0.009751,0.01228,0.015444
1200.0,7.685E-6,3.271E-5,1.072E-4,2.732E-4,5.904E-4,0.001188,0.002304,0.004334,0.006245,0.007922,0.01004
1500.0,3.1652E-6,1.3653E-5,4.5474E-5,1.1836E-4,2.6161E-4,5.4162E-4,0.0010767,0.0020683,0.0030205,0.0038636,0.0049373
SA0P4
r\m,4.0,4.5,5.0,5.5,6.0,6.5,7.0,7.5,7.8,8.0,8.2
0.0,0.1597,0.45042,0.9615,1.238,1.238,1.238,1.238,1.238,1.242,1.252,1.2621
1.0,0.13085,0.39737,0.89008,1.2047,1.2334,1.2421,1.2421,1.2421,1.2458,1.25,1.25
5.0,0.025522,0.10231,0.30639,0.61708,0.86363,1.0277,1.1179,1.1677,1.1927,1.207,1.2154
10.0,0.0079619,0.033618,0.10895,0.25901,0.45779,0.66829,0.84469,0.97907,1.0479,1.09,1.1305
15.0,0.0038854,0.016634,0.055148,0.13772,0.26559,0.432,0.60987,0.77937,0.87776,0.942,1.0097
20.0,0.002315,0.009974,0.03345,0.08531,0.171,0.2942,0.4459,0.6138,0.7221,0.7948,0.87223
25.0,0.001489,0.006429,0.02198,0.05639,0.1157,0.2059,0.3301,0.484,0.5904,0.6649,0.74604
30.0,0.001047,0.004523,0.01565,0.04032,0.08381,0.1522,0.2527,0.3872,0.4877,0.5612,0.64371
40.0,6.207E-4,0.002697,0.009346,0.02438,0.05131,0.09537,0.1648,0.2665,0.3469,0.4085,0.47962
50.0,4.2E-4,0.001832,0.006341,0.01668,0.03533,0.06648,0.1177,0.1964,0.2621,0.3143,0.37589
60.0,3.246E-4,0.001417,0.004906,0.01293,0.02744,0.05185,0.09237,0.1559,0.2098,0.2533,0.30509
70.0,2.603E-4,0.001137,0.00394,0.01041,0.02219,0.04233,0.07671,0.1332,0.1836,0.2259,0.27755
80.0,2.618E-4,0.001145,0.003967,0.01049,0.02238,0.0427,0.07736,0.1344,0.1851,0.2278,0.27992
90.0,2.622E-4,0.001148,0.003984,0.01054,0.0225,0.04296,0.07773,0.1352,0.1861,0.229,0.28135
100.0,2.619E-4,0.001148,0.003992,0.01056,0.02257,0.04311,0.07792,0.1357,0.1868,0.2297,0.28202
110.0,2.611E-4,0.001146,0.003992,0.01056,0.02259,0.04318,0.07797,0.1359,0.1871,0.23,0.28231
120.0,2.6E-4,0.001142,0.003984,0.01055,0.02258,0.04317,0.0779,0.1359,0.1871,0.23,0.28231
130.0,2.578E-4,0.001133,0.003961,0.01049,0.02247,0.04297,0.07751,0.1353,0.1863,0.2291,0.28145
140.0,2.547E-4,0.00112,0.003921,0.01039,0.02226,0.04253,0.07665,0.1334,0.1835,0.2254,0.27625
150.0,2.396E-4,0.001055,0.003696,0.009802,0.02101,0.04014,0.0724,0.1261,0.1736,0.2135,0.26208
175.0,2.076E-4,9.154E-4,0.003218,0.008551,0.01835,0.03507,0.06338,0.1105,0.1526,0.188,0.23128
200.0,1.82E-4,8.035E-4,0.002833,0.007541,0.0162,0.03098,0.05607,0.09778,0.1354,0.1671,0.20599
250.0,1.394E-4,6.181E-4,0.002188,0.005848,0.01262,0.02418,0.04396,0.07708,0.1069,0.1321,0.16306
300.0,1.098E-4,4.888E-4,0.001736,0.00466,0.01009,0.01937,0.03537,0.06229,0.08646,0.107,0.13232
350.0,8.832E-5,3.947E-4,0.001406,0.003789,0.008223,0.01582,0.02896,0.05126,0.07124,0.08824,0.10917
400.0,7.203E-5,3.232E-4,0.001155,0.003122,0.006789,0.0131,0.02401,0.04272,0.05946,0.07373,0.091319
450.0,5.91E-5,2.663E-4,9.547E-4,0.002588,0.005637,0.0109,0.02003,0.0358,0.04991,0.06196,0.076835
500.0,4.903E-5,2.217E-4,7.975E-4,0.002168,0.00473,0.009172,0.01687,0.0303,0.0423,0.05257,0.065268
600.0,3.459E-5,1.572E-4,5.701E-4,0.001557,0.003416,0.006659,0.0123,0.02218,0.03108,0.03874,0.048258
700.0,2.505E-5,1.144E-4,4.177E-4,0.001147,0.00253,0.004956,0.009198,0.01664,0.02339,0.02923,0.036493
800.0,1.851E-5,8.49E-5,3.118E-4,8.601E-4,0.001909,0.003759,0.007009,0.01273,0.01796,0.02249,0.028128
1000.0,1.055E-5,4.873E-5,1.806E-4,5.055E-4,0.001132,0.002255,0.004255,0.007802,0.01108,0.01394,0.017504
1200.0,6.268E-6,2.917E-5,1.087E-4,3.089E-4,6.997E-4,0.001416,0.002715,0.005045,0.007226,0.009137,0.011543
1500.0,2.8606E-6,1.3462E-5,5.0878E-5,1.4713E-4,3.3825E-4,6.9755E-4,0.0013581,0.0025565,0.0036977,0.004705,0.0059794
SA0P5
r\m,4.0,4.5,5.0,5.5,6.0,6.5,7.0,7.5,7.8,8.0,8.2
0.0,0.095577,0.2695,0.6266,0.9301,1.058,1.074,1.074,1.074,1.083,1.095,1.1071
1.0,0.077815,0.23846,0.58153,0.904,1.0506,1.0775,1.0775,1.0775,1.0862,1.094,1.0981
5.0,0.015031,0.062828,0.20573,0.4629,0.71806,0.88151,0.96633,1.0129,1.0402,1.056,1.0667
10.0,0.0047207,0.02091,0.074327,0.19562,0.37401,0.56714,0.728,0.85018,0.9149,0.955,0.99434
15.0,0.0023163,0.010421,0.037943,0.10475,0.21643,0.36542,0.52524,0.67791,0.7675,0.8262,0.88832
20.0,0.001386,0.006281,0.02315,0.06527,0.1397,0.2491,0.3845,0.535,0.6325,0.6981,0.76817
25.0,8.959E-4,0.004073,0.01531,0.04346,0.09525,0.1753,0.2858,0.4229,0.5182,0.585,0.65823
30.0,6.314E-4,0.002874,0.01095,0.03121,0.06934,0.1301,0.2195,0.3392,0.4288,0.4946,0.56859
40.0,3.761E-4,0.001722,0.006574,0.019,0.04275,0.08201,0.1439,0.2344,0.306,0.3611,0.42487
50.0,2.553E-4,0.001174,0.004476,0.01306,0.02957,0.05743,0.1031,0.1733,0.2319,0.2786,0.33386
60.0,1.978E-4,9.108E-4,0.003471,0.01014,0.02302,0.04489,0.08112,0.1378,0.186,0.2249,0.27121
70.0,1.589E-4,7.328E-4,0.002794,0.008184,0.01866,0.03673,0.06752,0.1181,0.1631,0.2011,0.2477
80.0,1.602E-4,7.397E-4,0.00282,0.008265,0.01886,0.03714,0.06825,0.1194,0.1649,0.2032,0.24999
90.0,1.607E-4,7.431E-4,0.002838,0.008323,0.01901,0.03745,0.06872,0.1203,0.1662,0.2047,0.2517
100.0,1.609E-4,7.449E-4,0.00285,0.00836,0.01911,0.03766,0.06905,0.1211,0.1671,0.2059,0.2534
110.0,1.608E-4,7.452E-4,0.002857,0.008382,0.01917,0.03781,0.06925,0.1216,0.1678,0.2066,0.25408
120.0,1.604E-4,7.444E-4,0.002858,0.008389,0.01921,0.03789,0.06934,0.1219,0.1682,0.2071,0.25456
130.0,1.594E-4,7.405E-4,0.002848,0.008363,0.01916,0.0378,0.06916,0.1216,0.1678,0.2067,0.25417
140.0,1.579E-4,7.339E-4,0.002827,0.008303,0.01902,0.03751,0.06857,0.1202,0.1658,0.204,0.25076
150.0,1.489E-4,6.925E-4,0.002671,0.007851,0.01799,0.03549,0.06489,0.1139,0.1572,0.1936,0.23803
175.0,1.298E-4,6.048E-4,0.002341,0.006889,0.01581,0.0312,0.05718,0.1003,0.139,0.1715,0.21132
200.0,1.144E-4,5.341E-4,0.002074,0.006112,0.01404,0.02773,0.05089,0.08935,0.1241,0.1534,0.18955
250.0,8.873E-5,4.16E-4,0.001621,0.004799,0.01108,0.02191,0.04039,0.07132,0.09915,0.1227,0.15156
300.0,7.078E-5,3.33E-4,0.001302,0.003871,0.008973,0.01778,0.03289,0.05833,0.08117,0.1006,0.12458
350.0,5.762E-5,2.722E-4,0.001067,0.003185,0.007399,0.0147,0.02725,0.04857,0.06767,0.08392,0.10396
400.0,4.756E-5,2.256E-4,8.866E-4,0.002656,0.006181,0.01231,0.02286,0.04094,0.05712,0.07092,0.087963
450.0,3.951E-5,1.881E-4,7.413E-4,0.002228,0.005194,0.01037,0.01929,0.03471,0.04849,0.06027,0.074829
500.0,3.318E-5,1.584E-4,6.263E-4,0.001888,0.004409,0.008824,0.01644,0.0297,0.04155,0.0517,0.064268
600.0,2.397E-5,1.15E-4,4.58E-4,0.001387,0.003257,0.006552,0.01226,0.02221,0.03118,0.03891,0.048504
700.0,1.777E-5,8.564E-5,3.433E-4,0.001045,0.002465,0.004984,0.009359,0.01701,0.02396,0.02996,0.037442
800.0,1.343E-5,6.499E-5,2.62E-4,8.013E-4,0.001901,0.00386,0.007277,0.01327,0.01874,0.02349,0.029419
1000.0,8.016E-6,3.904E-5,1.587E-4,4.918E-4,0.001175,0.002409,0.004583,0.008414,0.01195,0.01503,0.018881
1200.0,4.983E-6,2.441E-5,9.989E-5,3.136E-4,7.559E-4,0.001566,0.003013,0.005584,0.007981,0.01008,0.012723
1500.0,2.4358E-6,1.2043E-5,4.9944E-5,1.5938E-4,3.8887E-4,8.18E-4,0.0015921,0.0029772,0.0042891,0.005446,0.006911
SA0P75
r\m,4.0,4.5,5.0,5.5,6.0,6.5,7.0,7.5,7.8,8.0,8.2
0.0,0.042368,0.10574,0.2601,0.4677,0.6384,0.7245,0.7786,0.806,0.8256,0.8423,0.85915
1.0,0.032901,0.093004,0.24215,0.45492,0.63333,0.72662,0.78161,0.80856,0.82793,0.8411,0.85104
5.0,0.0056887,0.02432,0.089178,0.24016,0.43883,0.59847,0.7013,0.76096,0.79345,0.8127,0.82819
10.0,0.0017843,0.0082003,0.033056,0.10436,0.23345,0.39071,0.5317,0.64106,0.69951,0.7361,0.77251
15.0,8.8083E-4,0.004131,0.017117,0.056813,0.13727,0.25503,0.38644,0.51358,0.58872,0.6383,0.69106
20.0,5.301E-4,0.002511,0.01055,0.03582,0.0897,0.1757,0.2849,0.4073,0.4869,0.5408,0.59866
25.0,3.455E-4,0.001647,0.007062,0.02417,0.06202,0.125,0.2136,0.3235,0.4004,0.4547,0.51464
30.0,2.446E-4,0.001169,0.00509,0.0175,0.04558,0.09351,0.1652,0.2608,0.3326,0.3855,0.44526
40.0,1.466E-4,7.065E-4,0.003083,0.01077,0.02846,0.05967,0.1093,0.1816,0.2389,0.283,0.33425
50.0,1.0E-4,4.848E-4,0.002112,0.007465,0.01986,0.04213,0.0788,0.135,0.1819,0.2193,0.26393
60.0,7.767E-5,3.774E-4,0.001643,0.005818,0.01551,0.03305,0.06221,0.1078,0.1464,0.1777,0.21514
70.0,6.257E-5,3.047E-4,0.001328,0.00471,0.01262,0.02713,0.05197,0.09263,0.1288,0.1594,0.19695
80.0,6.325E-5,3.087E-4,0.001345,0.004774,0.0128,0.02753,0.05271,0.09397,0.1307,0.1617,0.19971
90.0,6.362E-5,3.112E-4,0.001359,0.004826,0.01295,0.02786,0.05327,0.09509,0.1322,0.1635,0.20199
100.0,6.386E-5,3.13E-4,0.00137,0.004865,0.01306,0.02812,0.05371,0.09601,0.1335,0.165,0.2037
110.0,6.399E-5,3.142E-4,0.001378,0.004895,0.01316,0.02833,0.05402,0.09676,0.1345,0.1663,0.2055
120.0,6.402E-5,3.149E-4,0.001383,0.004918,0.01323,0.0285,0.05432,0.09736,0.1353,0.1673,0.20674
130.0,6.382E-5,3.144E-4,0.001384,0.004921,0.01324,0.02854,0.05439,0.0975,0.1355,0.1676,0.20702
140.0,6.34E-5,3.128E-4,0.001379,0.004905,0.0132,0.02844,0.05414,0.09677,0.1344,0.166,0.20466
150.0,5.997E-5,2.963E-4,0.001309,0.004655,0.01254,0.02701,0.05147,0.09202,0.128,0.1582,0.19525
175.0,5.271E-5,2.612E-4,0.001159,0.004124,0.01112,0.02398,0.04578,0.08188,0.1142,0.1415,0.1751
200.0,4.686E-5,2.329E-4,0.001037,0.003694,0.009972,0.02152,0.04115,0.07362,0.1029,0.1278,0.15838
250.0,3.701E-5,1.851E-4,8.274E-4,0.002959,0.008034,0.01737,0.03331,0.05998,0.08396,0.1043,0.12937
300.0,3.007E-5,1.511E-4,6.778E-4,0.002434,0.006639,0.01438,0.02767,0.05005,0.07012,0.08718,0.10824
350.0,2.494E-5,1.259E-4,5.659E-4,0.002041,0.005582,0.01213,0.02338,0.04248,0.05958,0.07414,0.092154
400.0,2.099E-5,1.064E-4,4.79E-4,0.001735,0.004753,0.01036,0.02,0.03649,0.05124,0.06382,0.079392
450.0,1.777E-5,9.044E-5,4.079E-4,0.001483,0.004071,0.008895,0.0172,0.03152,0.04431,0.05525,0.068804
500.0,1.521E-5,7.766E-5,3.51E-4,0.00128,0.003522,0.007714,0.01494,0.02748,0.03867,0.04825,0.060134
600.0,1.142E-5,5.853E-5,2.664E-4,9.763E-4,0.002698,0.005945,0.01156,0.02131,0.03008,0.03762,0.04702
700.0,8.788E-6,4.522E-5,2.07E-4,7.622E-4,0.002117,0.004688,0.009149,0.0169,0.02392,0.02999,0.037554
800.0,6.896E-6,3.56E-5,1.638E-4,6.059E-4,0.001692,0.003762,0.007366,0.01363,0.01935,0.0243,0.0305
1000.0,4.434E-6,2.3E-5,1.066E-4,3.992E-4,0.001123,0.002515,0.004955,0.009208,0.01312,0.01652,0.020779
1200.0,2.967E-6,1.546E-5,7.203E-5,2.73E-4,7.732E-4,0.001744,0.00346,0.006462,0.009242,0.01167,0.014722
1500.0,1.6239E-6,8.5043E-6,4.0043E-5,1.542E-4,4.4145E-4,0.0010085,0.0020183,0.0037847,0.0054441,0.006902,0.0087425
SA1P0
r\m,4.0,4.5,5.0,5.5,6.0,6.5,7.0,7.5,7.8,8.0,8.2
0.0,0.026592,0.056757,0.1329,0.2624,0.4124,0.5214,0.5968,0.6428,0.669,0.6881,0.70729
1.0,0.019197,0.049053,0.12367,0.25536,0.40888,0.5226,0.59874,0.64473,0.67076,0.6871,0.70087
5.0,0.0028681,0.012108,0.045984,0.13748,0.2865,0.43296,0.53889,0.60753,0.64322,0.6642,0.68237
10.0,8.9243E-4,0.0040811,0.017269,0.060875,0.15494,0.286,0.41172,0.51361,0.5682,0.6023,0.63662
15.0,4.4145E-4,0.0020671,0.0090255,0.033523,0.092203,0.1886,0.30156,0.41323,0.47948,0.5233,0.57023
20.0,2.664E-4,0.001263,0.005602,0.02131,0.0608,0.131,0.2238,0.3291,0.3977,0.4444,0.49494
25.0,1.743E-4,8.359E-4,0.003779,0.01451,0.04246,0.09401,0.1689,0.2625,0.328,0.3746,0.42618
30.0,1.237E-4,5.957E-4,0.002739,0.01057,0.03142,0.07074,0.1314,0.2124,0.2733,0.3183,0.36931
40.0,7.44E-5,3.619E-4,0.001671,0.006556,0.0198,0.04556,0.08754,0.1488,0.1972,0.2347,0.27838
50.0,5.09E-5,2.494E-4,0.00115,0.004568,0.01391,0.03237,0.06345,0.1111,0.1507,0.1824,0.22022
60.0,3.957E-5,1.945E-4,8.969E-4,0.003569,0.01089,0.02545,0.05022,0.08888,0.1216,0.1482,0.1802
70.0,3.192E-5,1.574E-4,7.264E-4,0.002897,0.008878,0.02095,0.04205,0.07658,0.1073,0.1332,0.16522
80.0,3.231E-5,1.598E-4,7.376E-4,0.002944,0.009025,0.02131,0.04275,0.07787,0.1091,0.1355,0.16825
90.0,3.254E-5,1.614E-4,7.472E-4,0.002983,0.009153,0.02162,0.04331,0.079,0.1106,0.1374,0.17035
100.0,3.271E-5,1.627E-4,7.55E-4,0.003016,0.009261,0.02187,0.04377,0.07996,0.112,0.139,0.17271
110.0,3.283E-5,1.636E-4,7.613E-4,0.003043,0.00935,0.02209,0.04416,0.0808,0.1131,0.1403,0.17368
120.0,3.29E-5,1.644E-4,7.664E-4,0.003064,0.009425,0.02228,0.04449,0.0815,0.1141,0.1416,0.17548
130.0,3.285E-5,1.645E-4,7.688E-4,0.003074,0.009461,0.02237,0.04466,0.08183,0.1146,0.1423,0.17642
140.0,3.269E-5,1.64E-4,7.686E-4,0.003073,0.009457,0.02235,0.04458,0.08144,0.1139,0.1413,0.17491
150.0,3.097E-5,1.557E-4,7.315E-4,0.002925,0.009005,0.02129,0.0425,0.07764,0.1088,0.135,0.16722
175.0,2.735E-5,1.381E-4,6.525E-4,0.002609,0.008042,0.01903,0.03807,0.06956,0.09774,0.1216,0.15106
200.0,2.443E-5,1.239E-4,5.881E-4,0.002352,0.007259,0.0172,0.03446,0.06296,0.08869,0.1105,0.13744
250.0,1.951E-5,9.979E-5,4.758E-4,0.001912,0.005935,0.01409,0.0283,0.05205,0.0734,0.09153,0.11396
300.0,1.604E-5,8.257E-5,3.953E-4,0.001594,0.004975,0.01183,0.02383,0.04404,0.06216,0.07757,0.096658
350.0,1.347E-5,6.974E-5,3.345E-4,0.001355,0.00424,0.01012,0.02041,0.03789,0.05352,0.06684,0.083337
400.0,1.147E-5,5.973E-5,2.869E-4,0.001167,0.003659,0.008756,0.01769,0.03299,0.04663,0.05829,0.072768
450.0,9.843E-6,5.147E-5,2.476E-4,0.001011,0.003176,0.007623,0.01543,0.02887,0.04086,0.05111,0.063843
500.0,8.536E-6,4.48E-5,2.158E-4,8.847E-4,0.002784,0.0067,0.01358,0.0255,0.03612,0.04522,0.056542
600.0,6.576E-6,3.467E-5,1.681E-4,6.921E-4,0.002188,0.005298,0.01078,0.02029,0.02882,0.03617,0.045329
700.0,5.198E-6,2.75E-5,1.341E-4,5.543E-4,0.00176,0.004286,0.008754,0.01649,0.02349,0.02954,0.037097
800.0,4.188E-6,2.222E-5,1.089E-4,4.518E-4,0.001442,0.003526,0.007224,0.01363,0.01946,0.02451,0.030841
1000.0,2.84E-6,1.512E-5,7.452E-5,3.127E-4,0.001005,0.002474,0.005097,0.009643,0.01381,0.01743,0.021984
1200.0,2.001E-6,1.07E-5,5.294E-5,2.245E-4,7.265E-4,0.001799,0.003725,0.007067,0.01015,0.01283,0.016194
1500.0,1.1883E-6,6.3653E-6,3.1732E-5,1.3648E-4,4.4602E-4,0.0011181,0.0023337,0.0044345,0.0063983,0.0081147,0.010277
SA1P5
r\m,4.0,4.5,5.0,5.5,6.0,6.5,7.0,7.5,7.8,8.0,8.2
0.0,0.014276,0.025335,0.05137,0.1059,0.1969,0.2999,0.3888,0.4511,0.4836,0.5047,0.52595
1.0,0.00905,0.02096,0.04752,0.10298,0.19506,0.3003,0.38967,0.45231,0.4847,0.504,0.52155
5.0,0.001112,0.0045187,0.017222,0.056258,0.13887,0.25099,0.3523,0.42707,0.46524,0.4876,0.5082
10.0,3.4184E-4,0.0015084,0.0065053,0.025376,0.076837,0.16869,0.27222,0.3631,0.41227,0.4431,0.47463
15.0,1.6903E-4,7.6709E-4,0.0034323,0.014158,0.046466,0.11288,0.20165,0.29408,0.34933,0.3861,0.42582
20.0,1.021E-4,4.711E-4,0.002148,0.009091,0.03101,0.07932,0.1511,0.2357,0.291,0.3289,0.37023
25.0,6.684E-5,3.151E-4,0.001461,0.006267,0.02195,0.05763,0.1152,0.1891,0.2411,0.2783,0.31984
30.0,4.751E-5,2.257E-4,0.001066,0.004597,0.01639,0.04374,0.09035,0.154,0.2018,0.2372,0.27776
40.0,2.861E-5,1.378E-4,6.572E-4,0.002882,0.01045,0.02852,0.06084,0.1087,0.1466,0.1759,0.21049
50.0,1.961E-5,9.538E-5,4.547E-4,0.002022,0.007399,0.02043,0.0444,0.08168,0.1125,0.1372,0.16689
60.0,1.525E-5,7.448E-5,3.555E-4,0.001584,0.005809,0.0161,0.03523,0.06549,0.09101,0.1118,0.13699
70.0,1.23E-5,6.035E-5,2.886E-4,0.001289,0.004748,0.01329,0.02957,0.05656,0.08049,0.1008,0.12602
80.0,1.245E-5,6.135E-5,2.937E-4,0.001314,0.004841,0.01355,0.03014,0.05766,0.08206,0.1027,0.12826
90.0,1.255E-5,6.206E-5,2.982E-4,0.001335,0.004924,0.01378,0.0306,0.05865,0.08346,0.1044,0.1303
100.0,1.263E-5,6.265E-5,3.02E-4,0.001354,0.004996,0.01399,0.03101,0.05952,0.08469,0.106,0.13244
110.0,1.269E-5,6.313E-5,3.052E-4,0.00137,0.005058,0.01416,0.03136,0.06029,0.08579,0.1073,0.13391
120.0,1.273E-5,6.352E-5,3.08E-4,0.001384,0.005112,0.01432,0.03167,0.06098,0.08676,0.1085,0.13536
130.0,1.272E-5,6.368E-5,3.097E-4,0.001392,0.005147,0.01442,0.03188,0.0614,0.0874,0.1094,0.1367
140.0,1.267E-5,6.362E-5,3.105E-4,0.001396,0.00516,0.01445,0.03193,0.06124,0.08716,0.1089,0.13572
150.0,1.202E-5,6.053E-5,2.964E-4,0.001332,0.004928,0.01381,0.03053,0.05861,0.08345,0.1044,0.1303
175.0,1.064E-5,5.397E-5,2.663E-4,0.001197,0.004434,0.01243,0.02756,0.05289,0.07555,0.09473,0.11855
200.0,9.54E-6,4.867E-5,2.417E-4,0.001088,0.004032,0.01132,0.02514,0.04823,0.06906,0.08674,0.10874
250.0,7.685E-6,3.967E-5,1.986E-4,8.98E-4,0.003351,0.009432,0.02097,0.04054,0.0581,0.07303,0.091624
300.0,6.379E-6,3.324E-5,1.674E-4,7.605E-4,0.002854,0.008049,0.01793,0.03485,0.04998,0.06286,0.078894
350.0,5.413E-6,2.844E-5,1.437E-4,6.563E-4,0.002469,0.006985,0.01559,0.03043,0.04367,0.05496,0.06903
400.0,4.664E-6,2.468E-5,1.25E-4,5.736E-4,0.002161,0.006136,0.01372,0.02685,0.03859,0.0486,0.061084
450.0,4.049E-6,2.156E-5,1.094E-4,5.042E-4,0.001903,0.005422,0.01214,0.02387,0.0343,0.04322,0.054382
500.0,3.556E-6,1.902E-5,9.673E-5,4.475E-4,0.001692,0.004834,0.01084,0.02138,0.03074,0.03876,0.048782
600.0,2.81E-6,1.513E-5,7.752E-5,3.599E-4,0.001366,0.00393,0.008857,0.01749,0.02522,0.03187,0.04019
700.0,2.28E-6,1.234E-5,6.359E-5,2.964E-4,0.001128,0.003266,0.007389,0.01461,0.02111,0.02673,0.033773
800.0,1.888E-6,1.025E-5,5.308E-5,2.48E-4,9.479E-4,0.002758,0.006263,0.01239,0.01795,0.02276,0.028809
1000.0,1.353E-6,7.372E-6,3.833E-5,1.808E-4,6.961E-4,0.002038,0.004654,0.009222,0.01339,0.01701,0.021585
1200.0,1.008E-6,5.504E-6,2.872E-5,1.367E-4,5.292E-4,0.001558,0.003575,0.007097,0.01033,0.01314,0.016687
1500.0,6.528E-7,3.5632E-6,1.8666E-5,8.9808E-5,3.5029E-4,0.0010448,0.0024193,0.0048008,0.0070148,0.0089466,0.011393
SA2P0
r\m,4.0,4.5,5.0,5.5,6.0,6.5,7.0,7.5,7.8,8.0,8.2
0.0,0.0082268,0.014465,0.02679,0.05395,0.1075,0.1875,0.2734,0.3404,0.3755,0.3974,0.41948
1.0,0.0049884,0.011569,0.024585,0.052366,0.10641,0.1876,0.27375,0.34121,0.37627,0.3969,0.41637
5.0,5.7839E-4,0.0022732,0.0085244,0.028449,0.076409,0.15775,0.24822,0.32268,0.36146,0.3841,0.40559
10.0,1.7666E-4,7.5295E-4,0.0032064,0.01288,0.042839,0.10732,0.19331,0.27557,0.32116,0.3496,0.379
15.0,8.7161E-5,3.832E-4,0.0016981,0.0072298,0.026161,0.072558,0.14434,0.22436,0.27303,0.3053,0.34039
20.0,5.257E-5,2.357E-4,0.001067,0.004668,0.01759,0.0514,0.1089,0.1807,0.2282,0.2608,0.29673
25.0,3.428E-5,1.579E-4,7.279E-4,0.003242,0.01256,0.03768,0.08369,0.1456,0.1897,0.2213,0.25689
30.0,2.437E-5,1.134E-4,5.322E-4,0.002389,0.009437,0.02877,0.06603,0.1191,0.1593,0.1891,0.2236
40.0,1.465E-5,6.937E-5,3.306E-4,0.001508,0.006065,0.01892,0.04479,0.08463,0.1163,0.1408,0.16984
50.0,1.004E-5,4.807E-5,2.296E-4,0.001063,0.004314,0.01363,0.03285,0.06384,0.08951,0.1101,0.13497
60.0,7.797E-6,3.754E-5,1.797E-4,8.336E-4,0.003392,0.01076,0.02609,0.05125,0.0725,0.08978,0.11082
70.0,6.284E-6,3.041E-5,1.459E-4,6.793E-4,0.002777,0.008887,0.02193,0.04432,0.0642,0.08105,0.10208
80.0,6.358E-6,3.092E-5,1.487E-4,6.931E-4,0.002835,0.009074,0.02238,0.04524,0.06554,0.08274,0.1042
90.0,6.41E-6,3.129E-5,1.51E-4,7.055E-4,0.002888,0.009243,0.02275,0.04608,0.06675,0.08426,0.1061
100.0,6.449E-6,3.16E-5,1.53E-4,7.162E-4,0.002934,0.009392,0.02308,0.04683,0.06784,0.08561,0.10778
110.0,6.478E-6,3.186E-5,1.548E-4,7.257E-4,0.002976,0.009523,0.02338,0.0475,0.06881,0.08684,0.10934
120.0,6.499E-6,3.208E-5,1.563E-4,7.341E-4,0.003012,0.009641,0.02364,0.0481,0.06969,0.08795,0.11074
130.0,6.495E-6,3.217E-5,1.573E-4,7.398E-4,0.003037,0.009724,0.02383,0.04851,0.07031,0.08876,0.11176
140.0,6.467E-6,3.216E-5,1.579E-4,7.428E-4,0.00305,0.009762,0.02391,0.0485,0.07023,0.08857,0.11141
150.0,6.132E-6,3.061E-5,1.509E-4,7.102E-4,0.002918,0.009344,0.02291,0.04646,0.06737,0.08503,0.10706
175.0,5.429E-6,2.734E-5,1.359E-4,6.407E-4,0.002636,0.008453,0.02077,0.0421,0.06124,0.07746,0.097732
200.0,4.868E-6,2.47E-5,1.238E-4,5.843E-4,0.002407,0.007727,0.01902,0.03855,0.0562,0.07121,0.089977
250.0,3.929E-6,2.022E-5,1.024E-4,4.866E-4,0.00202,0.0065,0.01601,0.03271,0.04774,0.06053,0.076536
300.0,3.272E-6,1.703E-5,8.697E-5,4.155E-4,0.001735,0.005598,0.0138,0.02838,0.04145,0.05258,0.066512
350.0,2.786E-6,1.464E-5,7.517E-5,3.615E-4,0.001514,0.0049,0.0121,0.02499,0.03651,0.04634,0.058652
400.0,2.411E-6,1.278E-5,6.581E-5,3.185E-4,0.001336,0.004339,0.01074,0.02225,0.03252,0.04129,0.052292
450.0,2.103E-6,1.123E-5,5.801E-5,2.822E-4,0.001186,0.003865,0.009585,0.01992,0.02913,0.037,0.046882
500.0,1.856E-6,9.974E-6,5.165E-5,2.524E-4,0.001063,0.003473,0.008627,0.01798,0.02631,0.03344,0.042392
600.0,1.483E-6,8.034E-6,4.2E-5,2.061E-4,8.699E-4,0.002866,0.007157,0.01493,0.02191,0.02791,0.035463
700.0,1.218E-6,6.639E-6,3.495E-5,1.721E-4,7.285E-4,0.002416,0.006062,0.01266,0.01862,0.02375,0.030233
800.0,1.021E-6,5.59E-6,2.96E-5,1.462E-4,6.206E-4,0.002069,0.005211,0.01089,0.01605,0.02051,0.026162
1000.0,7.524E-7,4.136E-6,2.199E-5,1.096E-4,4.684E-4,0.001571,0.00398,0.008329,0.0123,0.01574,0.020096
1200.0,5.765E-7,3.177E-6,1.695E-5,8.511E-5,3.656E-4,0.001233,0.003139,0.00658,0.009735,0.01247,0.015939
1500.0,3.8992E-7,2.1487E-6,1.1506E-5,5.8291E-5,2.5168E-4,8.6012E-4,0.0022133,0.0046333,0.006878,0.0088322,0.011318
SA3P0
r\m,4.0,4.5,5.0,5.5,6.0,6.5,7.0,7.5,7.8,8.0,8.2
0.0,0.0033446,0.0063892,0.01119,0.02107,0.04258,0.08597,0.152,0.2164,0.2523,0.2743,0.29702
1.0,0.0020594,0.0049686,0.010138,0.020364,0.042087,0.085878,0.15198,0.2168,0.2527,0.274,0.29515
5.0,2.3913E-4,9.0083E-4,0.0032432,0.010697,0.030273,0.072704,0.13828,0.20551,0.24304,0.2654,0.28765
10.0,7.2367E-5,2.9494E-4,0.0012032,0.0047942,0.017104,0.050191,0.10875,0.17669,0.21681,0.2422,0.26907
15.0,3.5486E-5,1.496E-4,6.3748E-4,0.0026973,0.010534,0.034369,0.08205,0.14497,0.18524,0.2122,0.24192
20.0,2.13E-5,9.182E-5,4.013E-4,0.001749,0.007138,0.0246,0.06248,0.1176,0.1556,0.182,0.21158
25.0,1.372E-5,6.078E-5,2.724E-4,0.001222,0.005149,0.01826,0.04854,0.09543,0.13,0.1551,0.184
30.0,9.751E-6,4.374E-5,1.989E-4,9.041E-4,0.003894,0.01406,0.03863,0.07859,0.1097,0.1329,0.16006
40.0,5.824E-6,2.669E-5,1.245E-4,5.748E-4,0.002526,0.009349,0.02649,0.05631,0.08061,0.09955,0.12229
50.0,3.984E-6,1.849E-5,8.695E-5,4.071E-4,0.001808,0.006782,0.01956,0.04272,0.06233,0.07811,0.097425
60.0,3.086E-6,1.442E-5,6.805E-5,3.196E-4,0.001424,0.005361,0.01556,0.03434,0.05055,0.06378,0.080108
70.0,2.482E-6,1.167E-5,5.529E-5,2.607E-4,0.001167,0.004435,0.01309,0.02973,0.04482,0.05766,0.073876
80.0,2.506E-6,1.185E-5,5.634E-5,2.663E-4,0.001193,0.004535,0.01338,0.03038,0.04583,0.05895,0.075557
90.0,2.524E-6,1.199E-5,5.722E-5,2.714E-4,0.001218,0.004627,0.01362,0.03099,0.04674,0.06013,0.077076
100.0,2.537E-6,1.211E-5,5.798E-5,2.759E-4,0.001239,0.004708,0.01384,0.03154,0.04757,0.06119,0.078424
110.0,2.547E-6,1.221E-5,5.864E-5,2.799E-4,0.001259,0.004782,0.01403,0.03204,0.04833,0.06216,0.079658
120.0,2.553E-6,1.229E-5,5.922E-5,2.834E-4,0.001276,0.004848,0.01421,0.03249,0.04902,0.06305,0.080788
130.0,2.548E-6,1.233E-5,5.961E-5,2.86E-4,0.001289,0.004898,0.01435,0.03282,0.04955,0.06375,0.081709
140.0,2.534E-6,1.232E-5,5.984E-5,2.876E-4,0.001297,0.004927,0.01442,0.03288,0.04958,0.06374,0.081641
150.0,2.399E-6,1.173E-5,5.719E-5,2.753E-4,0.001243,0.004725,0.01385,0.03156,0.04765,0.06131,0.078566
175.0,2.118E-6,1.047E-5,5.158E-5,2.492E-4,0.001128,0.004296,0.01262,0.02873,0.04352,0.05611,0.072067
200.0,1.894E-6,9.459E-6,4.704E-5,2.28E-4,0.001035,0.003946,0.01161,0.02643,0.04014,0.05183,0.066667
250.0,1.525E-6,7.757E-6,3.915E-5,1.914E-4,8.776E-4,0.003358,0.009877,0.02269,0.0345,0.04459,0.057402
300.0,1.269E-6,6.549E-6,3.345E-5,1.648E-4,7.618E-4,0.002922,0.008601,0.01991,0.03028,0.03916,0.050453
350.0,1.082E-6,5.65E-6,2.907E-5,1.446E-4,6.71E-4,0.002583,0.007615,0.0177,0.02693,0.03483,0.044861
400.0,9.377E-7,4.949E-6,2.56E-5,1.284E-4,5.975E-4,0.002309,0.006821,0.0159,0.0242,0.03131,0.040352
450.0,8.202E-7,4.368E-6,2.27E-5,1.147E-4,5.352E-4,0.002075,0.006145,0.01437,0.02188,0.0283,0.036468
500.0,7.266E-7,3.898E-6,2.034E-5,1.035E-4,4.837E-4,0.001882,0.005582,0.01309,0.01994,0.0258,0.033269
600.0,5.854E-7,3.173E-6,1.676E-5,8.583E-5,4.023E-4,0.001578,0.004713,0.01106,0.01689,0.02191,0.028325
700.0,4.855E-7,2.652E-6,1.414E-5,7.279E-5,3.421E-4,0.001351,0.004056,0.009525,0.01459,0.01895,0.024547
800.0,4.114E-7,2.26E-6,1.214E-5,6.276E-5,2.957E-4,0.001175,0.003542,0.008325,0.01277,0.01662,0.021567
1000.0,3.103E-7,1.717E-6,9.285E-6,4.848E-5,2.299E-4,9.18E-4,0.002786,0.006556,0.01008,0.01312,0.017018
1200.0,2.442E-7,1.356E-6,7.364E-6,3.874E-5,1.846E-4,7.407E-4,0.00226,0.005327,0.008199,0.01069,0.013887
1500.0,1.7213E-7,9.5643E-7,5.2245E-6,2.7757E-5,1.3256E-4,5.387E-4,0.0016648,0.0039161,0.0060451,0.0078986,0.010284
SA4P0
r\m,4.0,4.5,5.0,5.5,6.0,6.5,7.0,7.5,7.8,8.0,8.2
0.0,0.0017467,0.0035383,0.006184,0.0111,0.02171,0.04604,0.09293,0.1488,0.1832,0.2046,0.2271
1.0,0.0011081,0.0027474,0.0055644,0.010693,0.021429,0.045944,0.092807,0.14899,0.18345,0.2044,0.22592
5.0,1.3136E-4,4.8697E-4,0.0016905,0.0054141,0.015275,0.038973,0.084555,0.14146,0.17663,0.1983,0.22093
10.0,3.943E-5,1.5768E-4,6.1874E-4,0.0023892,0.0085847,0.027061,0.066834,0.12222,0.15806,0.1811,0.2061
15.0,1.9218E-5,7.9475E-5,3.2647E-4,0.0013405,0.0052911,0.018644,0.050717,0.10084,0.13557,0.1591,0.18564
20.0,1.148E-5,4.853E-5,2.05E-4,8.691E-4,0.003594,0.01342,0.03884,0.08223,0.1143,0.1369,0.1629
25.0,7.315E-6,3.156E-5,1.378E-4,6.066E-4,0.002604,0.01003,0.03039,0.06709,0.09586,0.117,0.14174
30.0,5.19E-6,2.268E-5,1.001E-4,4.49E-4,0.001976,0.00777,0.02434,0.05551,0.08109,0.1005,0.12372
40.0,3.083E-6,1.378E-5,6.271E-5,2.862E-4,0.001287,0.005201,0.01682,0.04002,0.05991,0.07557,0.094692
50.0,2.103E-6,9.527E-6,4.395E-5,2.031E-4,9.247E-4,0.00379,0.01248,0.03048,0.04645,0.05942,0.07554
60.0,1.626E-6,7.42E-6,3.439E-5,1.595E-4,7.286E-4,0.002998,0.009931,0.02451,0.0377,0.04856,0.06219
70.0,1.306E-6,5.998E-6,2.793E-5,1.301E-4,5.977E-4,0.002483,0.008362,0.02124,0.03345,0.04393,0.057404
80.0,1.316E-6,6.085E-6,2.845E-5,1.329E-4,6.114E-4,0.002541,0.008551,0.02172,0.03422,0.04495,0.058744
90.0,1.324E-6,6.154E-6,2.887E-5,1.355E-4,6.243E-4,0.002594,0.008713,0.02217,0.03493,0.04588,0.05994
100.0,1.33E-6,6.211E-6,2.923E-5,1.378E-4,6.357E-4,0.002642,0.008859,0.02258,0.03558,0.04673,0.061061
110.0,1.333E-6,6.258E-6,2.955E-5,1.398E-4,6.461E-4,0.002685,0.00899,0.02295,0.03617,0.04751,0.062087
120.0,1.335E-6,6.297E-6,2.983E-5,1.417E-4,6.554E-4,0.002724,0.00911,0.02329,0.03672,0.04823,0.063028
130.0,1.331E-6,6.311E-6,3.0E-5,1.43E-4,6.626E-4,0.002755,0.00921,0.02355,0.03715,0.04882,0.063817
140.0,1.321E-6,6.301E-6,3.01E-5,1.438E-4,6.672E-4,0.002775,0.009268,0.02363,0.03723,0.04886,0.063795
150.0,1.249E-6,5.992E-6,2.875E-5,1.378E-4,6.4E-4,0.002664,0.008908,0.02267,0.03582,0.04706,0.061518
175.0,1.099E-6,5.34E-6,2.59E-5,1.248E-4,5.822E-4,0.002429,0.008139,0.02073,0.03281,0.0432,0.056604
200.0,9.8E-7,4.818E-6,2.36E-5,1.144E-4,5.352E-4,0.002237,0.007512,0.01912,0.03034,0.04001,0.052494
250.0,7.847E-7,3.942E-6,1.967E-5,9.628E-5,4.565E-4,0.001917,0.006433,0.01654,0.02628,0.03468,0.045521
300.0,6.509E-7,3.326E-6,1.684E-5,8.317E-5,3.985E-4,0.001679,0.005636,0.0146,0.02323,0.03067,0.040287
350.0,5.533E-7,2.867E-6,1.466E-5,7.32E-5,3.528E-4,0.001493,0.005018,0.01306,0.02078,0.02744,0.03605
400.0,4.788E-7,2.511E-6,1.294E-5,6.525E-5,3.158E-4,0.001342,0.00452,0.0118,0.01877,0.02479,0.032562
450.0,4.186E-7,2.218E-6,1.15E-5,5.853E-5,2.843E-4,0.001213,0.004094,0.01072,0.01706,0.02253,0.029588
500.0,3.709E-7,1.982E-6,1.032E-5,5.298E-5,2.582E-4,0.001105,0.00374,0.009819,0.01562,0.02064,0.027138
600.0,2.994E-7,1.619E-6,8.548E-6,4.428E-5,2.167E-4,9.359E-4,0.00319,0.008381,0.0134,0.01771,0.02333
700.0,2.491E-7,1.359E-6,7.253E-6,3.783E-5,1.858E-4,8.084E-4,0.002771,0.007287,0.01166,0.01546,0.020396
800.0,2.119E-7,1.164E-6,6.265E-6,3.286E-5,1.619E-4,7.087E-4,0.002441,0.006424,0.0103,0.01368,0.018079
1000.0,1.613E-7,8.933E-7,4.854E-6,2.577E-5,1.279E-4,5.627E-4,0.001952,0.005144,0.008275,0.01098,0.014517
1200.0,1.284E-7,7.142E-7,3.903E-6,2.09E-5,1.043E-4,4.609E-4,0.001607,0.004243,0.006825,0.009079,0.012015
1500.0,9.2263E-8,5.1361E-7,2.8271E-6,1.5327E-5,7.6664E-5,3.4296E-4,0.0012127,0.0031944,0.0051533,0.006868,0.0091085
SA5P0
r\m,4.0,4.5,5.0,5.5,6.0,6.5,7.0,7.5,7.8,8.0,8.2
0.0,0.0010681,0.0022332,0.003944,0.006873,0.01297,0.02763,0.06062,0.1071,0.139,0.1595,0.18179
1.0,6.928E-4,0.0017463,0.0035389,0.0066087,0.01279,0.027548,0.060479,0.1072,0.13914,0.1593,0.18076
5.0,8.3495E-5,3.0886E-4,0.0010436,0.0032481,0.0090035,0.023345,0.055113,0.10192,0.13406,0.1545,0.17636
10.0,2.4891E-5,9.901E-5,3.774E-4,0.0014127,0.0050094,0.016217,0.043662,0.088395,0.12025,0.1414,0.16485
15.0,1.207E-5,4.9564E-5,1.9798E-4,7.8899E-4,0.0030791,0.011197,0.033242,0.073258,0.10345,0.1245,0.14868
20.0,7.181E-6,3.01E-5,1.238E-4,5.104E-4,0.002091,0.008081,0.02555,0.05998,0.08747,0.1073,0.13041
25.0,4.541E-6,1.928E-5,8.241E-5,3.546E-4,0.001516,0.006068,0.0201,0.04913,0.07359,0.09195,0.11386
30.0,3.216E-6,1.381E-5,5.959E-5,2.62E-4,0.001151,0.004715,0.01617,0.04079,0.06241,0.07911,0.099415
40.0,1.903E-6,8.353E-6,3.719E-5,1.669E-4,7.515E-4,0.00317,0.01124,0.02954,0.04627,0.05969,0.076371
50.0,1.295E-6,5.765E-6,2.612E-5,1.185E-4,5.408E-4,0.002317,0.008368,0.02257,0.03595,0.04701,0.061026
60.0,9.999E-7,4.485E-6,2.043E-5,9.305E-5,4.262E-4,0.001834,0.006663,0.01816,0.02919,0.03843,0.050213
70.0,8.017E-7,3.621E-6,1.658E-5,7.589E-5,3.497E-4,0.001519,0.005613,0.01574,0.02591,0.03479,0.046414
80.0,8.074E-7,3.67E-6,1.688E-5,7.751E-5,3.578E-4,0.001555,0.005742,0.0161,0.02652,0.0356,0.047468
90.0,8.113E-7,3.709E-6,1.712E-5,7.903E-5,3.654E-4,0.001589,0.00586,0.01644,0.02708,0.03636,0.048476
100.0,8.139E-7,3.74E-6,1.732E-5,8.037E-5,3.722E-4,0.001619,0.005955,0.01675,0.0276,0.03706,0.049459
110.0,8.153E-7,3.766E-6,1.749E-5,8.158E-5,3.783E-4,0.001646,0.006047,0.01704,0.02807,0.03769,0.050255
120.0,8.159E-7,3.788E-6,1.764E-5,8.266E-5,3.839E-4,0.001671,0.00613,0.0173,0.02851,0.03828,0.051075
130.0,8.125E-7,3.793E-6,1.774E-5,8.344E-5,3.882E-4,0.001691,0.006202,0.0175,0.02887,0.03877,0.051711
140.0,8.054E-7,3.783E-6,1.777E-5,8.393E-5,3.911E-4,0.001704,0.006245,0.01757,0.02895,0.03884,0.051776
150.0,7.605E-7,3.594E-6,1.696E-5,8.038E-5,3.753E-4,0.001637,0.006007,0.0169,0.02787,0.03743,0.049923
175.0,6.67E-7,3.196E-6,1.525E-5,7.285E-5,3.417E-4,0.001495,0.005499,0.01546,0.02558,0.03443,0.046053
200.0,5.931E-7,2.878E-6,1.387E-5,6.674E-5,3.145E-4,0.00138,0.005084,0.01429,0.0237,0.03195,0.042784
250.0,4.722E-7,2.347E-6,1.156E-5,5.623E-5,2.691E-4,0.001188,0.004375,0.01242,0.02064,0.02785,0.037315
300.0,3.9E-7,1.975E-6,9.897E-6,4.862E-5,2.356E-4,0.001045,0.003849,0.01102,0.01834,0.02475,0.033167
350.0,3.303E-7,1.699E-6,8.62E-6,4.286E-5,2.093E-4,9.324E-4,0.003442,0.009899,0.01647,0.02224,0.02984
400.0,2.851E-7,1.486E-6,7.607E-6,3.827E-5,1.879E-4,8.412E-4,0.003112,0.008977,0.01493,0.02016,0.027032
450.0,2.488E-7,1.311E-6,6.764E-6,3.439E-5,1.697E-4,7.633E-4,0.00283,0.008189,0.01362,0.01839,0.024663
500.0,2.201E-7,1.171E-6,6.079E-6,3.12E-5,1.546E-4,6.98E-4,0.002594,0.007528,0.01252,0.01691,0.022684
600.0,1.776E-7,9.576E-7,5.045E-6,2.618E-5,1.304E-4,5.95E-4,0.002228,0.006471,0.0108,0.01462,0.019652
700.0,1.479E-7,8.05E-7,4.291E-6,2.245E-5,1.124E-4,5.171E-4,0.001948,0.005663,0.009479,0.01285,0.017315
800.0,1.26E-7,6.909E-7,3.717E-6,1.958E-5,9.843E-5,4.559E-4,0.001726,0.005022,0.008425,0.01143,0.015397
1000.0,9.632E-8,5.332E-7,2.899E-6,1.548E-5,7.856E-5,3.658E-4,0.001395,0.004064,0.006831,0.009278,0.012523
1200.0,7.705E-8,4.289E-7,2.348E-6,1.267E-5,6.471E-5,3.026E-4,0.00116,0.003387,0.005698,0.007748,0.010467
1500.0,5.594E-8,3.1185E-7,1.7207E-6,9.4185E-6,4.8292E-5,2.2871E-4,8.8938E-4,0.002591,0.0043718,0.0059548,0.0080602
SA7P5
r\m,4.0,4.5,5.0,5.5,6.0,6.5,7.0,7.5,7.8,8.0,8.2
0.0,4.4735E-4,9.7231E-4,0.001764,0.002969,0.005273,0.01074,0.02551,0.0533,0.0775,0.09483,0.1148
1.0,3.0074E-4,7.7457E-4,0.001585,0.0028534,0.0051936,0.010699,0.02541,0.053302,0.077554,0.09471,0.1142
5.0,3.7323E-5,1.3884E-4,4.5509E-4,0.0013429,0.0035485,0.0089912,0.02311,0.050766,0.07484,0.09194,0.11145
10.0,1.099E-5,4.3688E-5,1.6089E-4,5.6862E-4,0.0019214,0.0061809,0.018296,0.044292,0.067438,0.08441,0.1044
15.0,5.2802E-6,2.1573E-5,8.3202E-5,3.1363E-4,0.0011676,0.0042503,0.013957,0.036962,0.058334,0.0746,0.09435
20.0,3.119E-6,1.296E-5,5.146E-5,2.012E-4,7.885E-4,0.003067,0.01077,0.03046,0.04958,0.0646,0.083209
25.0,1.949E-6,8.129E-6,3.359E-5,1.375E-4,5.688E-4,0.002307,0.008535,0.02514,0.04193,0.05553,0.072705
30.0,1.374E-6,5.765E-6,2.413E-5,1.01E-4,4.308E-4,0.001798,0.00691,0.02099,0.03568,0.0479,0.063568
40.0,8.074E-7,3.458E-6,1.483E-5,6.387E-5,2.805E-4,0.001215,0.004852,0.01531,0.02661,0.03631,0.049021
50.0,5.467E-7,2.377E-6,1.041E-5,4.529E-5,2.018E-4,8.91E-4,0.003633,0.01175,0.02074,0.02867,0.039228
60.0,4.216E-7,1.846E-6,8.136E-6,3.552E-5,1.591E-4,7.055E-4,0.002895,0.009462,0.01685,0.02345,0.032303
70.0,3.375E-7,1.488E-6,6.597E-6,2.895E-5,1.305E-4,5.847E-4,0.00244,0.008207,0.01497,0.02124,0.029873
80.0,3.393E-7,1.506E-6,6.709E-6,2.954E-5,1.336E-4,5.989E-4,0.002498,0.008401,0.01533,0.02175,0.03059
90.0,3.403E-7,1.519E-6,6.788E-6,3.01E-5,1.364E-4,6.118E-4,0.002549,0.008584,0.01566,0.02222,0.031239
100.0,3.408E-7,1.53E-6,6.855E-6,3.059E-5,1.389E-4,6.235E-4,0.002595,0.00875,0.01597,0.02266,0.031861
110.0,3.408E-7,1.538E-6,6.912E-6,3.103E-5,1.411E-4,6.341E-4,0.002637,0.008902,0.01625,0.02306,0.032414
120.0,3.405E-7,1.544E-6,6.96E-6,3.142E-5,1.432E-4,6.438E-4,0.002676,0.009043,0.01651,0.02344,0.032984
130.0,3.385E-7,1.544E-6,6.982E-6,3.17E-5,1.448E-4,6.519E-4,0.002709,0.00916,0.01673,0.02376,0.033433
140.0,3.348E-7,1.537E-6,6.981E-6,3.186E-5,1.459E-4,6.577E-4,0.002731,0.009208,0.0168,0.02383,0.033495
150.0,3.155E-7,1.457E-6,6.647E-6,3.05E-5,1.4E-4,6.326E-4,0.002629,0.008867,0.0162,0.023,0.032361
175.0,2.752E-7,1.289E-6,5.945E-6,2.761E-5,1.275E-4,5.791E-4,0.002412,0.008139,0.01491,0.02121,0.029879
200.0,2.435E-7,1.156E-6,5.384E-6,2.527E-5,1.174E-4,5.356E-4,0.002236,0.007547,0.01386,0.01975,0.027889
250.0,1.915E-7,9.337E-7,4.465E-6,2.122E-5,1.006E-4,4.635E-4,0.001939,0.006617,0.01218,0.01737,0.024553
300.0,1.566E-7,7.8E-7,3.81E-6,1.833E-5,8.833E-5,4.099E-4,0.001718,0.005916,0.01091,0.01557,0.022029
350.0,1.315E-7,6.66E-7,3.309E-6,1.616E-5,7.87E-5,3.68E-4,0.001546,0.005349,0.009863,0.01408,0.019912
400.0,1.126E-7,5.787E-7,2.915E-6,1.444E-5,7.09E-5,3.339E-4,0.001407,0.004881,0.008998,0.01285,0.018191
450.0,9.757E-8,5.081E-7,2.588E-6,1.299E-5,6.428E-5,3.046E-4,0.001288,0.004482,0.008262,0.01179,0.016657
500.0,8.59E-8,4.523E-7,2.325E-6,1.18E-5,5.877E-5,2.801E-4,0.001187,0.004144,0.00764,0.01091,0.01543
600.0,6.89E-8,3.685E-7,1.928E-6,9.938E-6,4.995E-5,2.411E-4,0.001031,0.003605,0.006672,0.009545,0.01352
700.0,5.721E-8,3.096E-7,1.642E-6,8.561E-6,4.334E-5,2.114E-4,9.107E-4,0.003188,0.005919,0.008483,0.012042
800.0,4.871E-8,2.659E-7,1.426E-6,7.5E-6,3.819E-5,1.879E-4,8.145E-4,0.002855,0.005312,0.007626,0.010841
1000.0,3.728E-8,2.06E-7,1.119E-6,5.984E-6,3.088E-5,1.532E-4,6.692E-4,0.00235,0.00438,0.006292,0.008952
1200.0,2.996E-8,1.668E-7,9.135E-7,4.944E-6,2.576E-5,1.286E-4,5.651E-4,0.001988,0.00371,0.005334,0.0075953
1500.0,2.192E-8,1.2264E-7,6.7887E-7,3.7405E-6,1.9641E-5,9.9557E-5,4.4436E-4,0.0015595,0.0029192,0.0042044,0.0059964
SA10P0
r\m,4.0,4.5,5.0,5.5,6.0,6.5,7.0,7.5,7.8,8.0,8.2
0.0,2.4452E-4,5.4045E-4,0.001,0.001664,0.002866,0.005561,0.01316,0.02994,0.04733,0.06127,0.078355
1.0,1.6782E-4,4.3584E-4,9.015E-4,0.001602,0.0028236,0.0055428,0.013102,0.029921,0.047356,0.0612,0.077969
5.0,2.1229E-5,7.9316E-5,2.5798E-4,7.4064E-4,0.0018905,0.0046128,0.011881,0.028518,0.045752,0.05946,0.076119
10.0,6.203E-6,2.4688E-5,8.9938E-5,3.0847E-4,0.0010024,0.003125,0.0093634,0.024954,0.041361,0.05468,0.07125
15.0,2.9626E-6,1.2087E-5,4.6029E-5,1.6841E-4,6.0238E-4,0.002131,0.0071273,0.020898,0.035914,0.04846,0.064505
20.0,1.742E-6,7.213E-6,2.824E-5,1.072E-4,4.039E-4,0.001531,0.0055,0.01728,0.03063,0.0421,0.057099
25.0,1.083E-6,4.487E-6,1.822E-5,7.213E-5,2.887E-4,0.001146,0.004365,0.01433,0.02599,0.03626,0.049931
30.0,7.599E-7,3.16E-6,1.306E-5,5.277E-5,2.178E-4,8.913E-4,0.003542,0.012,0.02215,0.03129,0.043591
40.0,4.448E-7,1.884E-6,7.925E-6,3.307E-5,1.408E-4,6.019E-4,0.0025,0.008786,0.01657,0.0238,0.033771
50.0,3.002E-7,1.291E-6,5.542E-6,2.339E-5,1.01E-4,4.417E-4,0.001878,0.006761,0.01294,0.01881,0.027035
60.0,2.313E-7,1.002E-6,4.326E-6,1.833E-5,7.96E-5,3.497E-4,0.001497,0.005446,0.01051,0.01539,0.022283
70.0,1.851E-7,8.073E-7,3.504E-6,1.492E-5,6.532E-5,2.899E-4,0.001262,0.004725,0.009342,0.01394,0.02059
80.0,1.86E-7,8.163E-7,3.561E-6,1.522E-5,6.683E-5,2.969E-4,0.001292,0.004839,0.009568,0.01428,0.021092
90.0,1.863E-7,8.225E-7,3.597E-6,1.548E-5,6.818E-5,3.032E-4,0.001319,0.004944,0.009778,0.01459,0.021532
100.0,1.864E-7,8.272E-7,3.628E-6,1.571E-5,6.939E-5,3.089E-4,0.001344,0.00504,0.00997,0.01488,0.021991
110.0,1.862E-7,8.308E-7,3.654E-6,1.592E-5,7.048E-5,3.14E-4,0.001366,0.005129,0.01015,0.01514,0.022353
120.0,1.858E-7,8.334E-7,3.675E-6,1.611E-5,7.148E-5,3.188E-4,0.001387,0.00521,0.01031,0.01539,0.022707
130.0,1.845E-7,8.32E-7,3.682E-6,1.623E-5,7.223E-5,3.228E-4,0.001405,0.005281,0.01046,0.01561,0.023036
140.0,1.823E-7,8.27E-7,3.675E-6,1.63E-5,7.273E-5,3.257E-4,0.001416,0.005313,0.01051,0.01567,0.023122
150.0,1.716E-7,7.829E-7,3.494E-6,1.559E-5,6.977E-5,3.134E-4,0.001363,0.005121,0.01014,0.01513,0.022345
175.0,1.492E-7,6.904E-7,3.113E-6,1.409E-5,6.348E-5,2.871E-4,0.001252,0.004711,0.009349,0.01398,0.020696
200.0,1.316E-7,6.169E-7,2.808E-6,1.287E-5,5.84E-5,2.657E-4,0.001161,0.004377,0.008705,0.01304,0.019331
250.0,1.027E-7,4.948E-7,2.314E-6,1.075E-5,4.994E-5,2.302E-4,0.001012,0.003855,0.007688,0.01153,0.017103
300.0,8.33E-8,4.107E-7,1.965E-6,9.249E-6,4.379E-5,2.04E-4,9.004E-4,0.003463,0.006921,0.01039,0.015426
350.0,6.942E-8,3.482E-7,1.7E-6,8.133E-6,3.902E-5,1.835E-4,8.132E-4,0.003144,0.006287,0.009441,0.014025
400.0,5.904E-8,3.006E-7,1.491E-6,7.258E-6,3.517E-5,1.669E-4,7.424E-4,0.00288,0.005759,0.008646,0.012839
450.0,5.084E-8,2.623E-7,1.32E-6,6.523E-6,3.191E-5,1.527E-4,6.819E-4,0.002655,0.00531,0.007971,0.011837
500.0,4.452E-8,2.324E-7,1.183E-6,5.922E-6,2.921E-5,1.408E-4,6.308E-4,0.002465,0.00493,0.007401,0.010992
600.0,3.542E-8,1.881E-7,9.766E-7,4.984E-6,2.491E-5,1.217E-4,5.518E-4,0.002161,0.004339,0.00653,0.0097209
700.0,2.925E-8,1.574E-7,8.3E-7,4.296E-6,2.167E-5,1.072E-4,4.904E-4,0.001924,0.003877,0.005846,0.0087187
800.0,2.482E-8,1.349E-7,7.201E-7,3.769E-6,1.915E-5,9.577E-5,4.411E-4,0.001733,0.003503,0.00529,0.007903
1000.0,1.893E-8,1.043E-7,5.657E-7,3.015E-6,1.557E-5,7.876E-5,3.659E-4,0.001442,0.002919,0.004412,0.0065974
1200.0,1.52E-8,8.454E-8,4.629E-7,2.5E-6,1.307E-5,6.664E-5,3.118E-4,0.001232,0.002495,0.003775,0.0056488
1500.0,1.1073E-8,6.2106E-8,3.4526E-7,1.9064E-6,1.0083E-5,5.2315E-5,2.4901E-4,9.8245E-4,0.0019963,0.0030262,0.004537
