PGA
r\m,4.0,4.5,5.0,5.5,6.0,6.5,7.0,7.5,7.8,8.0,8.2
0.0,0.76997,1.0664,1.4568,1.6956,1.887,2.0859,2.2487,2.3966,2.4633,2.5042,2.5422
1.0,0.76997,1.0664,1.4568,1.6956,1.887,2.0859,2.2487,2.3966,2.4633,2.5042,2.5422
5.0,0.76997,1.0664,1.4568,1.6956,1.887,2.0859,2.2487,2.3966,2.4633,2.5042,2.5422
10.0,0.60047,0.62018,0.80979,0.94983,1.07,1.2159,1.4383,1.5652,1.6451,1.7164,1.8072
15.0,0.19125,0.22855,0.3312,0.42373,0.52141,0.64254,0.80959,0.96023,1.0581,1.1337,1.2213
20.0,0.079458,0.11054,0.173,0.23559,0.30886,0.40323,0.53134,0.66966,0.76337,0.834,0.91362
25.0,0.042147,0.064527,0.10649,0.15162,0.208,0.2832,0.38623,0.5085,0.59428,0.65897,0.73145
30.0,0.025883,0.042279,0.072561,0.1069,0.15183,0.21354,0.29941,0.40761,0.48574,0.545,0.61153
40.0,0.012546,0.022284,0.040437,0.062646,0.093617,0.13821,0.20231,0.28935,0.35498,0.40562,0.46293
50.0,0.0073682,0.013805,0.026052,0.041861,0.064911,0.099301,0.15019,0.22265,0.27909,0.32331,0.37388
60.0,0.0048529,0.0094458,0.018365,0.030354,0.048431,0.076169,0.11823,0.18019,0.22968,0.26901,0.31437
70.0,0.0040697,0.0080885,0.015881,0.026462,0.042595,0.067486,0.1053,0.16155,0.207,0.24332,0.28531
80.0,0.0035985,0.0072038,0.014229,0.023845,0.038606,0.061514,0.096489,0.14886,0.1914,0.22549,0.26498
90.0,0.0032284,0.0065011,0.012906,0.021735,0.035368,0.056631,0.089247,0.13834,0.1784,0.2106,0.24795
100.0,0.0029285,0.0059268,0.011818,0.01999,0.032672,0.052542,0.083149,0.12943,0.16733,0.19788,0.23338
110.0,0.0026799,0.0054471,0.010905,0.018516,0.030383,0.049046,0.077912,0.12172,0.15775,0.18683,0.22071
120.0,0.0024678,0.0050347,0.010115,0.017238,0.028389,0.045992,0.073317,0.11493,0.14927,0.17706,0.20946
130.0,0.0021023,0.0043254,0.0087739,0.015104,0.025123,0.041117,0.066225,0.10488,0.13701,0.16315,0.19374
140.0,0.0018059,0.0037494,0.0076751,0.013331,0.022377,0.036952,0.060058,0.09595,0.12603,0.15064,0.17955
150.0,0.0015665,0.0032796,0.0067693,0.011859,0.020073,0.033428,0.054786,0.088252,0.11651,0.13973,0.16712
175.0,0.0011354,0.0024212,0.005093,0.009092,0.015686,0.026619,0.044453,0.072952,0.097408,0.11773,0.1419
200.0,8.5343E-4,0.0018495,0.0039552,0.00718,0.012596,0.021731,0.036898,0.061563,0.083032,0.10102,0.12258
250.0,5.1678E-4,0.0011572,0.0025484,0.0047593,0.0085895,0.015245,0.026609,0.045736,0.062768,0.077233,0.094783
300.0,3.4205E-4,7.8363E-4,0.0017655,0.0033733,0.0062285,0.01131,0.020195,0.035465,0.049321,0.061246,0.07585
350.0,2.387E-4,5.5751E-4,0.0012805,0.0024943,0.0046952,0.0086916,0.015823,0.028327,0.039853,0.049871,0.062242
400.0,1.7316E-4,4.1124E-4,9.6047E-4,0.0019024,0.0036414,0.0068544,0.012688,0.023098,0.032824,0.041351,0.051954
450.0,1.2939E-4,3.1184E-4,7.3914E-4,0.0014858,0.0028861,0.0055133,0.010357,0.019135,0.027433,0.034764,0.043936
500.0,9.8962E-5,2.4168E-4,5.8043E-4,0.0011822,0.002327,0.0045042,0.0085738,0.01605,0.023194,0.029547,0.03754
600.0,6.127E-5,1.5317E-4,3.7648E-4,7.846E-4,0.0015798,0.0031275,0.0060875,0.01165,0.017058,0.02192,0.028093
700.0,3.9917E-5,1.0173E-4,2.5492E-4,5.4161E-4,0.0011118,0.0022439,0.0044526,0.0086871,0.012868,0.016664,0.021522
800.0,2.704E-5,7.0076E-5,1.7856E-4,3.8576E-4,8.0522E-4,0.0016525,0.0033344,0.0066151,0.0098974,0.012903,0.016776
1000.0,1.3485E-5,3.5937E-5,9.4161E-5,2.092E-4,4.4902E-4,9.476E-4,0.0020649,0.0041518,0.0062357,0.0080893,0.010457
1200.0,7.2714E-6,1.9818E-5,5.3124E-5,1.3086E-4,2.8162E-4,5.9547E-4,0.0012372,0.0024871,0.0037414,0.0048909,0.0063713
1500.0,3.4623E-6,9.5522E-6,2.5823E-5,5.893E-5,1.2934E-4,2.7793E-4,5.8486E-4,0.0012042,0.0018377,0.0024252,0.0031893
PGV
r\m,4.0,4.5,5.0,5.5,6.0,6.5,7.0,7.5,7.8,8.0,8.2
0.0,1.5502,4.0363,9.9394,19.979,37.031,65.157,107.75,168.69,214.46,248.97,286.54
1.0,1.5502,4.0363,9.9394,19.979,37.031,65.157,107.75,168.69,214.46,248.97,286.54
5.0,1.5502,4.0363,9.9394,19.979,37.031,65.157,107.75,168.69,214.46,248.97,286.54
10.0,1.3278,2.8508,6.8367,13.903,26.15,47.287,83.727,134.34,174.47,206.8,244.34
15.0,0.57779,1.347,3.511,7.6997,15.624,30.371,57.317,99.041,134.09,163.04,197.31
20.0,0.28057,0.74157,2.0763,4.8377,10.432,21.459,42.484,77.791,108.83,134.98,166.4
25.0,0.16296,0.46992,1.3861,3.3789,7.6254,16.372,33.644,64.351,92.315,116.29,145.47
30.0,0.10658,0.32685,1.0031,2.5331,5.9235,13.154,27.858,55.144,80.704,102.95,130.33
40.0,0.056392,0.18771,0.61019,1.6244,4.0057,9.3609,20.777,43.302,65.33,84.973,109.61
50.0,0.035225,0.12372,0.41907,1.1596,2.9735,7.2168,16.599,35.939,55.469,73.222,95.819
60.0,0.024389,0.089062,0.31124,0.88728,2.3446,5.8593,13.859,30.899,48.545,64.834,85.82
70.0,0.021911,0.08117,0.28452,0.81226,2.1509,5.3803,12.72,28.4,44.705,59.791,79.249
80.0,0.020625,0.076403,0.26763,0.76343,2.0201,5.049,11.924,26.596,41.845,55.946,74.121
90.0,0.019541,0.072368,0.25332,0.72211,1.9095,4.7689,11.252,25.075,39.432,52.703,69.799
100.0,0.018605,0.068876,0.24095,0.6864,1.8139,4.5271,10.673,23.763,37.352,49.91,66.079
110.0,0.017782,0.065805,0.23007,0.65501,1.7299,4.3146,10.165,22.614,35.531,47.464,62.825
120.0,0.017029,0.062999,0.22019,0.62665,1.6545,4.1249,9.7134,21.596,33.923,45.309,59.961
130.0,0.01514,0.056638,0.20042,0.57762,1.5442,3.8981,9.2913,20.9,33.054,44.352,58.962
140.0,0.013532,0.05122,0.18337,0.53468,1.4463,3.6939,8.9088,20.275,32.297,43.544,58.166
150.0,0.012181,0.046605,0.16866,0.49722,1.3596,3.5107,8.5599,19.695,31.582,42.769,57.385
175.0,0.0095953,0.037604,0.13945,0.4212,1.1803,3.123,7.803,18.398,29.941,40.952,55.496
200.0,0.0077598,0.031054,0.11764,0.36301,1.0393,2.8091,7.1703,17.272,28.473,39.279,53.689
250.0,0.0053345,0.02221,0.087299,0.27936,0.82935,2.3244,6.1501,15.371,25.899,36.248,50.267
300.0,0.0039122,0.016771,0.067875,0.22364,0.6836,1.9727,5.3742,13.822,23.699,33.562,47.092
350.0,0.0029812,0.0131,0.054341,0.18353,0.57501,1.7008,4.7494,12.521,21.788,31.162,44.159
400.0,0.0023364,0.010488,0.04445,0.15337,0.49091,1.4834,4.232,11.398,20.091,28.981,41.421
450.0,0.0018708,0.0085579,0.036959,0.12995,0.42389,1.3053,3.7948,10.415,18.567,26.986,38.863
500.0,0.0015234,0.0070877,0.031131,0.11132,0.3693,1.1566,3.4197,9.5453,17.19,25.154,36.469
600.0,0.0010501,0.0050304,0.02275,0.083764,0.28611,0.92263,2.8088,8.0726,14.795,21.903,32.13
700.0,7.5212E-4,0.0036931,0.017119,0.06461,0.22621,0.7477,2.3332,6.8733,12.785,19.116,28.319
800.0,5.5403E-4,0.0027793,0.013162,0.050749,0.18152,0.61298,1.9541,5.8813,11.081,16.711,24.969
1000.0,3.1916E-4,0.0016593,0.0081445,0.032546,0.12065,0.42225,1.3951,4.3517,8.377,12.815,19.424
1200.0,1.9447E-4,0.0010407,0.0052597,0.021642,0.082609,0.29771,1.0129,3.2534,6.3733,9.864,15.126
1500.0,9.9082E-5,5.4924E-4,0.0028768,0.012269,0.048538,0.18132,0.63951,2.129,4.2609,6.6891,10.404
SA0P01
r\m,4.0,4.5,5.0,5.5,6.0,6.5,7.0,7.5,7.8,8.0,8.2
0.0,0.76997,1.0664,1.4568,1.6956,1.887,2.0859,2.2487,2.3966,2.4633,2.5042,2.5422
1.0,0.76997,1.0664,1.4568,1.6956,1.887,2.0859,2.2487,2.3966,2.4633,2.5042,2.5422
5.0,0.76997,1.0664,1.4568,1.6956,1.887,2.0859,2.2487,2.3966,2.4633,2.5042,2.5422
10.0,0.60047,0.62018,0.80979,0.94983,1.07,1.2159,1.4383,1.5652,1.6451,1.7164,1.8072
15.0,0.19125,0.22855,0.3312,0.42373,0.52141,0.64254,0.80959,0.96023,1.0581,1.1337,1.2213
20.0,0.079458,0.11054,0.173,0.23559,0.30886,0.40323,0.53134,0.66966,0.76337,0.834,0.91362
25.0,0.042147,0.064527,0.10649,0.15162,0.208,0.2832,0.38623,0.5085,0.59428,0.65897,0.73145
30.0,0.025883,0.042279,0.072561,0.1069,0.15183,0.21354,0.29941,0.40761,0.48574,0.545,0.61153
40.0,0.012546,0.022284,0.040437,0.062646,0.093617,0.13821,0.20231,0.28935,0.35498,0.40562,0.46293
50.0,0.0073682,0.013805,0.026052,0.041861,0.064911,0.099301,0.15019,0.22265,0.27909,0.32331,0.37388
60.0,0.0048529,0.0094458,0.018365,0.030354,0.048431,0.076169,0.11823,0.18019,0.22968,0.26901,0.31437
70.0,0.0040697,0.0080885,0.015881,0.026462,0.042595,0.067486,0.1053,0.16155,0.207,0.24332,0.28531
80.0,0.0035985,0.0072038,0.014229,0.023845,0.038606,0.061514,0.096489,0.14886,0.1914,0.22549,0.26498
90.0,0.0032284,0.0065011,0.012906,0.021735,0.035368,0.056631,0.089247,0.13834,0.1784,0.2106,0.24795
100.0,0.0029285,0.0059268,0.011818,0.01999,0.032672,0.052542,0.083149,0.12943,0.16733,0.19788,0.23338
110.0,0.0026799,0.0054471,0.010905,0.018516,0.030383,0.049046,0.077912,0.12172,0.15775,0.18683,0.22071
120.0,0.0024678,0.0050347,0.010115,0.017238,0.028389,0.045992,0.073317,0.11493,0.14927,0.17706,0.20946
130.0,0.0021023,0.0043254,0.0087739,0.015104,0.025123,0.041117,0.066225,0.10488,0.13701,0.16315,0.19374
140.0,0.0018059,0.0037494,0.0076751,0.013331,0.022377,0.036952,0.060058,0.09595,0.12603,0.15064,0.17955
150.0,0.0015665,0.0032796,0.0067693,0.011859,0.020073,0.033428,0.054786,0.088252,0.11651,0.13973,0.16712
175.0,0.0011354,0.0024212,0.005093,0.009092,0.015686,0.026619,0.044453,0.072952,0.097408,0.11773,0.1419
200.0,8.5343E-4,0.0018495,0.0039552,0.00718,0.012596,0.021731,0.036898,0.061563,0.083032,0.10102,0.12258
250.0,5.1678E-4,0.0011572,0.0025484,0.0047593,0.0085895,0.015245,0.026609,0.045736,0.062768,0.077233,0.094783
300.0,3.4205E-4,7.8363E-4,0.0017655,0.0033733,0.0062285,0.01131,0.020195,0.035465,0.049321,0.061246,0.07585
350.0,2.387E-4,5.5751E-4,0.0012805,0.0024943,0.0046952,0.0086916,0.015823,0.028327,0.039853,0.049871,0.062242
400.0,1.7316E-4,4.1124E-4,9.6047E-4,0.0019024,0.0036414,0.0068544,0.012688,0.023098,0.032824,0.041351,0.051954
450.0,1.2939E-4,3.1184E-4,7.3914E-4,0.0014858,0.0028861,0.0055133,0.010357,0.019135,0.027433,0.034764,0.043936
500.0,9.8962E-5,2.4168E-4,5.8043E-4,0.0011822,0.002327,0.0045042,0.0085738,0.01605,0.023194,0.029547,0.03754
600.0,6.127E-5,1.5317E-4,3.7648E-4,7.846E-4,0.0015798,0.0031275,0.0060875,0.01165,0.017058,0.02192,0.028093
700.0,3.9917E-5,1.0173E-4,2.5492E-4,5.4161E-4,0.0011118,0.0022439,0.0044526,0.0086871,0.012868,0.016664,0.021522
800.0,2.704E-5,7.0076E-5,1.7856E-4,3.8576E-4,8.0522E-4,0.0016525,0.0033344,0.0066151,0.0098974,0.012903,0.016776
1000.0,1.3485E-5,3.5937E-5,9.4161E-5,2.092E-4,4.4902E-4,9.476E-4,0.0020649,0.0041518,0.0062357,0.0080893,0.010457
1200.0,7.2714E-6,1.9818E-5,5.3124E-5,1.3086E-4,2.8162E-4,5.9547E-4,0.0012372,0.0024871,0.0037414,0.0048909,0.0063713
1500.0,3.4623E-6,9.5522E-6,2.5823E-5,5.893E-5,1.2934E-4,2.7793E-4,5.8486E-4,0.0012042,0.0018377,0.0024252,0.0031893
SA0P02
r\m,4.0,4.5,5.0,5.5,6.0,6.5,7.0,7.5,7.8,8.0,8.2
0.0,0.88491,1.2381,1.7146,2.0295,2.3128,2.623,2.9193,3.2221,3.3909,3.5039,3.6173
1.0,0.88491,1.2381,1.7146,2.0295,2.3128,2.623,2.9193,3.2221,3.3909,3.5039,3.6173
5.0,0.88491,1.2381,1.7146,2.0295,2.3128,2.623,2.9193,3.2221,3.3909,3.5039,3.6173
10.0,0.73323,0.80586,1.067,1.2622,1.4396,1.6571,1.9848,2.2065,2.351,2.4763,2.6343
15.0,0.27372,0.32699,0.46854,0.59386,0.72672,0.89373,1.1292,1.3475,1.4929,1.6075,1.7427
20.0,0.11852,0.1614,0.2474,0.33121,0.42855,0.55453,0.72825,0.91747,1.0476,1.1472,1.2615
25.0,0.063498,0.094435,0.15188,0.21165,0.28531,0.38341,0.51891,0.68023,0.79444,0.88152,0.98037
30.0,0.039069,0.061743,0.10293,0.14795,0.20583,0.28486,0.39509,0.534,0.63483,0.71188,0.79922
40.0,0.018908,0.032331,0.05673,0.085355,0.1244,0.17992,0.25928,0.36661,0.44754,0.51017,0.58141
50.0,0.011076,0.019914,0.036221,0.056339,0.084928,0.12687,0.18827,0.27504,0.34239,0.39519,0.45568
60.0,0.0072823,0.013568,0.025361,0.040473,0.062622,0.09593,0.1457,0.21826,0.27589,0.3216,0.37434
70.0,0.0058498,0.011144,0.021099,0.034053,0.053317,0.082544,0.12643,0.19123,0.24337,0.28501,0.33318
80.0,0.0049534,0.0095404,0.018229,0.029683,0.046895,0.07324,0.11312,0.17257,0.2208,0.25949,0.30439
90.0,0.004282,0.0083217,0.016025,0.026296,0.041868,0.065889,0.10251,0.15756,0.20252,0.23874,0.28089
100.0,0.0037604,0.0073642,0.014278,0.02359,0.037817,0.059917,0.093833,0.14516,0.18733,0.22144,0.26125
110.0,0.003344,0.0065919,0.01286,0.021374,0.034477,0.054949,0.086566,0.1347,0.17447,0.20674,0.24451
120.0,0.0030007,0.0059498,0.011672,0.019508,0.031645,0.050716,0.080334,0.12567,0.16332,0.19398,0.22992
130.0,0.0025332,0.005067,0.010037,0.016946,0.027765,0.044953,0.071943,0.1137,0.14865,0.17725,0.21091
140.0,0.0021597,0.0043595,0.0087145,0.014846,0.024546,0.040101,0.064763,0.10325,0.13573,0.16246,0.19404
150.0,0.0018606,0.0037874,0.0076346,0.013118,0.021873,0.036038,0.05869,0.094345,0.12466,0.14971,0.17943
175.0,0.0013297,0.0027572,0.0056644,0.009919,0.016859,0.028307,0.046974,0.076933,0.10281,0.12444,0.1503
200.0,9.8851E-4,0.0020832,0.0043514,0.007749,0.013393,0.022864,0.038581,0.064245,0.086728,0.10567,0.12849
250.0,5.8932E-4,0.0012837,0.0027616,0.0050604,0.0089995,0.015807,0.027422,0.04705,0.064637,0.079654,0.09797
300.0,3.867E-4,8.6186E-4,0.0018972,0.003557,0.0064725,0.011632,0.020648,0.036198,0.050394,0.062675,0.077795
350.0,2.6872E-4,6.1064E-4,0.0013705,0.0026199,0.0048605,0.0089063,0.016118,0.028811,0.040579,0.050862,0.063623
400.0,1.9475E-4,4.5004E-4,0.0010272,0.0019968,0.0037673,0.00702,0.01292,0.023485,0.033413,0.042161,0.053096
450.0,1.4574E-4,3.4181E-4,7.9177E-4,0.0015622,0.0029913,0.0056573,0.010567,0.019495,0.027984,0.035521,0.045
500.0,1.1185E-4,2.6584E-4,6.2402E-4,0.0012476,0.0024209,0.0046396,0.0087819,0.016417,0.023754,0.030313,0.038605
600.0,6.9816E-5,1.6978E-4,4.0778E-4,8.342E-4,0.0016562,0.0032478,0.0062901,0.012032,0.01765,0.022731,0.029216
700.0,4.6152E-5,1.1443E-4,2.8022E-4,5.8448E-4,0.0011832,0.0023656,0.0046712,0.0091102,0.013521,0.017548,0.022731
800.0,3.1817E-5,8.0226E-5,1.9979E-4,4.2378E-4,8.7239E-4,0.0017738,0.0035619,0.0070645,0.010591,0.013838,0.018046
1000.0,1.6538E-5,4.2888E-5,1.0985E-4,2.3963E-4,5.0735E-4,0.0010609,0.0020649,0.0041518,0.0062357,0.0080893,0.010457
1200.0,9.3499E-6,2.4799E-5,5.3124E-5,1.3086E-4,2.8162E-4,5.9547E-4,0.0012372,0.0024871,0.0037414,0.0048909,0.0063713
1500.0,3.4623E-6,9.5522E-6,2.5823E-5,5.893E-5,1.2934E-4,2.7793E-4,5.8486E-4,0.0012042,0.0018377,0.0024252,0.0031893
SA0P025
r\m,4.0,4.5,5.0,5.5,6.0,6.5,7.0,7.5,7.8,8.0,8.2
0.0,1.1016,1.514,2.0631,2.4076,2.7059,3.0341,3.3407,3.6549,3.8279,3.9443,4.0619
1.0,1.1016,1.514,2.0631,2.4076,2.7059,3.0341,3.3407,3.6549,3.8279,3.9443,4.0619
5.0,1.1016,1.514,2.0631,2.4076,2.7059,3.0341,3.3407,3.6549,3.8279,3.9443,4.0619
10.0,0.88917,0.93858,1.2228,1.4313,1.618,1.8517,2.2124,2.4526,2.6119,2.7514,2.9279
15.0,0.31034,0.36611,0.5219,0.65963,0.80629,0.99217,1.2556,1.5039,1.6713,1.8033,1.9588
20.0,0.13248,0.17977,0.27525,0.36863,0.47793,0.62056,0.81834,1.0376,1.1902,1.3075,1.442
25.0,0.070941,0.10546,0.16974,0.23706,0.32077,0.43328,0.58986,0.7794,0.91531,1.0195,1.1381
30.0,0.043766,0.069239,0.11567,0.16683,0.23327,0.32488,0.45385,0.619,0.74046,0.83394,0.94031
40.0,0.021327,0.036569,0.064415,0.097428,0.14295,0.20843,0.30311,0.43319,0.53264,0.61025,0.69906
50.0,0.012573,0.022695,0.041492,0.064958,0.098707,0.14883,0.22319,0.32997,0.41405,0.48058,0.55732
60.0,0.0083125,0.015562,0.029265,0.047052,0.073454,0.11369,0.17468,0.26507,0.33792,0.39627,0.46412
70.0,0.0068456,0.013066,0.024798,0.040176,0.063237,0.098561,0.1522,0.23249,0.29787,0.3505,0.4118
80.0,0.0059419,0.011422,0.021797,0.035501,0.056182,0.088022,0.13658,0.20966,0.26947,0.31775,0.37405
90.0,0.0052487,0.010147,0.019455,0.031831,0.050609,0.079645,0.1241,0.19133,0.24658,0.29127,0.34349
100.0,0.0046988,0.0091268,0.017571,0.028865,0.04608,0.072808,0.11387,0.17621,0.22762,0.26932,0.3181
110.0,0.0042514,0.0082911,0.016021,0.026411,0.042318,0.067092,0.1053,0.16348,0.21163,0.25075,0.2966
120.0,0.0038751,0.007584,0.014703,0.02432,0.0391,0.062196,0.097929,0.1525,0.19781,0.2347,0.27798
130.0,0.0032339,0.0063839,0.0125,0.020894,0.03394,0.054562,0.086838,0.13668,0.17836,0.21248,0.25264
140.0,0.0027255,0.0054313,0.010735,0.018111,0.029697,0.048186,0.077408,0.12293,0.16134,0.19295,0.23031
150.0,0.0023234,0.0046699,0.0093107,0.015847,0.026211,0.042902,0.069517,0.11134,0.1469,0.17629,0.21118
175.0,0.0016218,0.0033225,0.0067552,0.011724,0.01978,0.033012,0.054539,0.089048,0.11886,0.1438,0.17364
200.0,0.0011815,0.0024612,0.0050906,0.0089899,0.015431,0.026199,0.044034,0.073139,0.098651,0.12017,0.14611
250.0,6.8078E-4,0.0014677,0.0031295,0.0056921,0.010063,0.017594,0.030427,0.052128,0.071595,0.088236,0.10856
300.0,4.351E-4,9.6049E-4,0.0020972,0.0039057,0.0070697,0.012657,0.022414,0.039259,0.054663,0.068012,0.084471
350.0,2.9589E-4,6.6638E-4,0.0014844,0.0028204,0.0052084,0.0095134,0.017187,0.030712,0.04328,0.054282,0.06796
400.0,2.1058E-4,4.8253E-4,0.0010937,0.0021143,0.0039728,0.0073834,0.013572,0.024677,0.035138,0.044377,0.055946
450.0,1.5515E-4,3.6101E-4,8.3082E-4,0.001631,0.0031117,0.0058723,0.010961,0.020236,0.02908,0.036951,0.046871
500.0,1.1749E-4,2.7714E-4,6.4659E-4,0.0012867,0.0024889,0.0047616,0.0090101,0.016863,0.024433,0.031217,0.039815
600.0,7.1722E-5,1.7323E-4,4.1386E-4,8.4334E-4,0.0016703,0.0032721,0.0063399,0.01215,0.017856,0.023031,0.029653
700.0,4.659E-5,1.148E-4,2.7982E-4,5.8173E-4,0.0011755,0.0023492,0.0046438,0.0090796,0.013505,0.017558,0.022789
800.0,3.1671E-5,7.941E-5,1.9693E-4,4.1658E-4,8.5645E-4,0.0017416,0.0035029,0.0069688,0.010474,0.013712,0.017921
1000.0,1.6124E-5,4.1617E-5,1.0625E-4,2.3135E-4,4.8961E-4,0.0010249,0.0020649,0.0041518,0.0062357,0.0080893,0.010457
1200.0,8.9905E-6,2.375E-5,5.3124E-5,1.3086E-4,2.8162E-4,5.9547E-4,0.0012372,0.0024871,0.0037414,0.0048909,0.0063713
1500.0,3.4623E-6,9.5522E-6,2.5823E-5,5.893E-5,1.2934E-4,2.7793E-4,5.8486E-4,0.0012042,0.0018377,0.0024252,0.0031893
SA0P03
r\m,4.0,4.5,5.0,5.5,6.0,6.5,7.0,7.5,7.8,8.0,8.2
0.0,1.3176,1.7844,2.3998,2.7683,3.0763,3.4175,3.7299,4.0514,4.2264,4.345,4.4655
1.0,1.3176,1.7844,2.3998,2.7683,3.0763,3.4175,3.7299,4.0514,4.2264,4.345,4.4655
5.0,1.3176,1.7844,2.3998,2.7683,3.0763,3.4175,3.7299,4.0514,4.2264,4.345,4.4655
10.0,1.0409,1.0631,1.3668,1.5862,1.7801,2.0275,2.4177,2.6739,2.8465,2.9988,3.1919
15.0,0.34387,0.40153,0.56998,0.71874,0.87773,1.0806,1.3693,1.6451,1.8328,1.9809,2.1551
20.0,0.1451,0.19633,0.30032,0.40232,0.52248,0.6803,0.90016,1.1473,1.321,1.4549,1.6086
25.0,0.077666,0.11541,0.18589,0.26007,0.353,0.4788,0.65498,0.87107,1.0276,1.1482,1.2857
30.0,0.04802,0.076034,0.12724,0.18404,0.25838,0.36172,0.5083,0.69841,0.8397,0.94906,1.0739
40.0,0.023531,0.040442,0.071461,0.10855,0.16015,0.23504,0.34436,0.49647,0.61406,0.70644,0.81267
50.0,0.013945,0.025254,0.046363,0.07297,0.11161,0.16957,0.25647,0.3829,0.48361,0.56387,0.65699
60.0,0.0092615,0.017407,0.032897,0.053215,0.083682,0.13061,0.20258,0.31068,0.39883,0.46999,0.55325
70.0,0.0077838,0.014881,0.028298,0.045987,0.072698,0.11393,0.17712,0.27273,0.35134,0.41503,0.48963
80.0,0.0068943,0.013231,0.025226,0.041092,0.065121,0.10229,0.15931,0.24582,0.31711,0.37493,0.44266
90.0,0.0061985,0.011931,0.022796,0.037208,0.05909,0.092992,0.14508,0.22423,0.2896,0.34267,0.40486
100.0,0.005637,0.010876,0.020818,0.03404,0.054156,0.085374,0.13339,0.20646,0.2669,0.31604,0.37363
110.0,0.0051728,0.01,0.019172,0.031397,0.050031,0.078982,0.12358,0.19151,0.2478,0.29359,0.34731
120.0,0.0047756,0.0092474,0.017756,0.029121,0.046477,0.073481,0.11513,0.17863,0.23133,0.27425,0.32461
130.0,0.0039481,0.0077103,0.014956,0.024794,0.039993,0.06392,0.10127,0.15886,0.20699,0.2464,0.2928
140.0,0.0032963,0.0065,0.01273,0.021305,0.034698,0.055988,0.089553,0.14177,0.18581,0.22206,0.26493
150.0,0.0027857,0.0055417,0.01095,0.018493,0.030387,0.049471,0.079831,0.12748,0.16798,0.20148,0.24125
175.0,0.0019075,0.0038694,0.0078007,0.013441,0.022538,0.037432,0.061616,0.10035,0.13382,0.16183,0.19537
200.0,0.0013668,0.0028205,0.0057869,0.01015,0.017324,0.029283,0.049058,0.081312,0.1096,0.13348,0.16229
250.0,7.6596E-4,0.0016374,0.0034663,0.0062664,0.011024,0.019203,0.033126,0.056681,0.077832,0.095931,0.11806
300.0,4.7912E-4,0.0010494,0.0022761,0.0042158,0.0075984,0.013562,0.023969,0.041951,0.058419,0.072708,0.09035
350.0,3.2012E-4,7.1568E-4,0.0015844,0.0029956,0.0055111,0.01004,0.018113,0.032359,0.04562,0.057246,0.071722
400.0,2.2446E-4,5.1081E-4,0.0011512,0.0022155,0.004149,0.0076942,0.01413,0.025695,0.036614,0.046273,0.058388
450.0,1.6329E-4,3.7749E-4,8.6415E-4,0.0016894,0.0032137,0.006054,0.011293,0.020862,0.030008,0.038162,0.048457
500.0,1.223E-4,2.8672E-4,6.6563E-4,0.0013196,0.0025459,0.0048636,0.009201,0.017237,0.025003,0.031976,0.040831
600.0,7.3318E-5,1.7611E-4,4.1889E-4,8.5089E-4,0.0016819,0.003292,0.0063808,0.012247,0.018026,0.023279,0.030015
700.0,4.6951E-5,1.1511E-4,2.7949E-4,5.7949E-4,0.0011692,0.0023359,0.0046216,0.0090546,0.013492,0.017567,0.022837
800.0,3.1553E-5,7.8749E-5,1.9463E-4,4.1078E-4,8.4364E-4,0.0017158,0.0034555,0.0068915,0.010379,0.01361,0.017819
1000.0,1.5794E-5,4.0607E-5,1.0339E-4,2.2479E-4,4.7558E-4,9.964E-4,0.0020649,0.0041518,0.0062357,0.0080893,0.010457
1200.0,8.7072E-6,2.2926E-5,5.3124E-5,1.3086E-4,2.8162E-4,5.9547E-4,0.0012372,0.0024871,0.0037414,0.0048909,0.0063713
1500.0,3.4623E-6,9.5522E-6,2.5823E-5,5.893E-5,1.2934E-4,2.7793E-4,5.8486E-4,0.0012042,0.0018377,0.0024252,0.0031893
SA0P04
r\m,4.0,4.5,5.0,5.5,6.0,6.5,7.0,7.5,7.8,8.0,8.2
0.0,1.5257,2.0618,2.7642,3.1758,3.5045,3.8655,4.1782,4.4907,4.6506,4.7572,4.8638
1.0,1.5257,2.0618,2.7642,3.1758,3.5045,3.8655,4.1782,4.4907,4.6506,4.7572,4.8638
5.0,1.5257,2.0618,2.7642,3.1758,3.5045,3.8655,4.1782,4.4907,4.6506,4.7572,4.8638
10.0,1.1661,1.1604,1.4901,1.7323,1.9456,2.218,2.6461,2.9221,3.1072,3.2696,3.4734
15.0,0.36002,0.42402,0.60886,0.77593,0.95662,1.1873,1.5128,1.8275,2.0416,2.2091,2.4037
20.0,0.15085,0.20765,0.32262,0.43831,0.57656,0.75913,1.0131,1.3019,1.5055,1.6619,1.8403
25.0,0.081088,0.12292,0.2015,0.28646,0.39458,0.54221,0.74961,1.0069,1.1942,1.3384,1.5024
30.0,0.050429,0.081566,0.13913,0.20476,0.29212,0.41486,0.59007,0.81987,0.99176,1.125,1.277
40.0,0.024977,0.043927,0.079266,0.12276,0.1844,0.27509,0.40886,0.59719,0.74399,0.85976,0.99307
50.0,0.014929,0.027699,0.052007,0.083576,0.13033,0.20158,0.30977,0.46921,0.59741,0.70011,0.81961
60.0,0.0099814,0.01924,0.037227,0.061557,0.098806,0.15716,0.24798,0.3863,0.50028,0.59282,0.70151
70.0,0.0086371,0.016891,0.032775,0.05426,0.08726,0.13889,0.21896,0.34146,0.44299,0.52561,0.62268
80.0,0.0078731,0.015399,0.029855,0.049376,0.079333,0.12614,0.19856,0.30925,0.40094,0.47549,0.56298
90.0,0.0072564,0.01419,0.027489,0.045421,0.072916,0.11582,0.1821,0.28325,0.367,0.43507,0.51487
100.0,0.0067446,0.013184,0.025521,0.042135,0.067587,0.10726,0.16845,0.26173,0.33889,0.40161,0.47508
110.0,0.006311,0.012331,0.023851,0.039348,0.06307,0.1,0.15691,0.24352,0.31517,0.37335,0.44151
120.0,0.0059295,0.01158,0.022386,0.036906,0.059124,0.093684,0.14689,0.22776,0.29464,0.34895,0.41252
130.0,0.0048709,0.0095879,0.01872,0.031192,0.050495,0.080879,0.12823,0.201,0.26159,0.31104,0.36913
140.0,0.0040391,0.0080266,0.015821,0.026608,0.043483,0.070301,0.11251,0.17795,0.23291,0.27803,0.33123
150.0,0.0033915,0.0067986,0.013517,0.022937,0.037813,0.061674,0.099559,0.15881,0.20897,0.25032,0.29928
175.0,0.0022888,0.0046765,0.0094833,0.016412,0.027602,0.045909,0.075569,0.12289,0.16361,0.19757,0.23814
200.0,0.0016186,0.0033635,0.0069395,0.012222,0.020916,0.035395,0.05928,0.098074,0.13195,0.16046,0.19476
250.0,8.8625E-4,0.0019072,0.0040581,0.0073631,0.012981,0.022627,0.039001,0.066585,0.091243,0.11227,0.1379
300.0,5.4367E-4,0.0011982,0.0026112,0.0048522,0.0087608,0.01564,0.027609,0.04819,0.06695,0.08317,0.10313
350.0,3.5702E-4,8.0289E-4,0.0017854,0.0033853,0.0062368,0.011361,0.020465,0.036448,0.051254,0.064188,0.080239
400.0,2.4643E-4,5.6398E-4,0.0012762,0.0024626,0.0046169,0.0085589,0.015689,0.028435,0.040407,0.050958,0.064149
450.0,1.7671E-4,4.1069E-4,9.438E-4,0.0018494,0.0035213,0.0066293,0.01234,0.022714,0.032578,0.041339,0.052362
500.0,1.3058E-4,3.0769E-4,7.1692E-4,0.0014244,0.0027497,0.0052485,0.0099058,0.018486,0.026734,0.034112,0.043447
600.0,7.6368E-5,1.843E-4,4.398E-4,8.9491E-4,0.0017693,0.0034588,0.0066859,0.012779,0.018747,0.02415,0.031054
700.0,4.7814E-5,1.1775E-4,2.8671E-4,5.9529E-4,0.0012009,0.0023956,0.0047251,0.0092152,0.013684,0.017771,0.023036
800.0,3.1468E-5,7.886E-5,1.9541E-4,4.1289E-4,8.4765E-4,0.0017207,0.0034538,0.0068546,0.010286,0.013452,0.01756
1000.0,1.5158E-5,3.9113E-5,9.9794E-5,2.1711E-4,4.5895E-4,9.5927E-4,0.0020649,0.0041518,0.0062357,0.0080893,0.010457
1200.0,8.0677E-6,2.1311E-5,5.3124E-5,1.3086E-4,2.8162E-4,5.9547E-4,0.0012372,0.0024871,0.0037414,0.0048909,0.0063713
1500.0,3.4623E-6,9.5522E-6,2.5823E-5,5.893E-5,1.2934E-4,2.7793E-4,5.8486E-4,0.0012042,0.0018377,0.0024252,0.0031893
SA0P05
r\m,4.0,4.5,5.0,5.5,6.0,6.5,7.0,7.5,7.8,8.0,8.2
0.0,1.5154,2.0793,2.8223,3.2737,3.6334,4.0208,4.3448,4.6552,4.8045,4.9005,4.9936
1.0,1.5154,2.0793,2.8223,3.2737,3.6334,4.0208,4.3448,4.6552,4.8045,4.9005,4.9936
5.0,1.5154,2.0793,2.8223,3.2737,3.6334,4.0208,4.3448,4.6552,4.8045,4.9005,4.9936
10.0,1.1393,1.14,1.4852,1.7493,1.9853,2.2812,2.7343,3.0261,3.218,3.3833,3.5876
15.0,0.34313,0.41354,0.60599,0.78563,0.98255,1.2331,1.5823,1.9214,2.1501,2.3269,2.53
20.0,0.14436,0.20395,0.32387,0.44822,0.59887,0.79828,1.0743,1.3892,1.6101,1.7787,1.9693
25.0,0.078137,0.12164,0.20397,0.29561,0.41387,0.57617,0.804,1.0873,1.293,1.4506,1.6288
30.0,0.0489,0.081252,0.14182,0.21289,0.30887,0.44463,0.63875,0.89395,1.0845,1.2318,1.399
40.0,0.024457,0.044203,0.081681,0.12912,0.19739,0.2987,0.44882,0.66078,0.82597,0.95601,1.1054
50.0,0.014721,0.028079,0.054014,0.088652,0.14076,0.22097,0.34352,0.52477,0.67062,0.78733,0.9229
60.0,0.0098927,0.01961,0.03889,0.065708,0.10744,0.17352,0.27713,0.4356,0.56635,0.67247,0.79696
70.0,0.0086923,0.017467,0.034695,0.058614,0.095899,0.1548,0.24671,0.38775,0.5047,0.59978,0.71133
80.0,0.0080407,0.016135,0.031984,0.053914,0.088019,0.14175,0.22531,0.35324,0.45913,0.54511,0.64579
90.0,0.0075041,0.015038,0.029751,0.050051,0.081555,0.13107,0.20786,0.32512,0.42205,0.50066,0.59259
100.0,0.0070508,0.01411,0.027867,0.046798,0.076119,0.12211,0.19326,0.30165,0.39111,0.46362,0.54831
110.0,0.0066605,0.013311,0.026248,0.044005,0.071463,0.11444,0.1808,0.28165,0.36481,0.43213,0.51073
120.0,0.0063114,0.012596,0.024804,0.041529,0.067351,0.1077,0.16989,0.26422,0.34192,0.40479,0.47812
130.0,0.0051945,0.010442,0.020759,0.035107,0.057505,0.092911,0.14814,0.23279,0.30298,0.36005,0.42681
140.0,0.0043134,0.0087501,0.017551,0.029945,0.049493,0.080675,0.12978,0.20568,0.26914,0.32101,0.38195
150.0,0.0036261,0.0074166,0.014999,0.025809,0.04301,0.070696,0.11466,0.18318,0.24091,0.2883,0.34418
175.0,0.0024521,0.005107,0.010523,0.018449,0.031333,0.052466,0.086677,0.14102,0.18754,0.22616,0.27208
200.0,0.0017362,0.0036742,0.0076957,0.013718,0.023686,0.040317,0.06771,0.11198,0.15041,0.18258,0.22111
250.0,9.5086E-4,0.0020807,0.004488,0.0082291,0.014616,0.025588,0.044157,0.075251,0.10285,0.12626,0.15464
300.0,5.8232E-4,0.0013035,0.002876,0.0053942,0.0098001,0.01755,0.030981,0.05391,0.074648,0.09247,0.11428
350.0,3.8127E-4,8.6992E-4,0.0019566,0.0037407,0.0069276,0.012646,0.022756,0.040363,0.056536,0.070573,0.087892
400.0,2.6214E-4,6.0813E-4,0.0013906,0.0027033,0.0050901,0.0094474,0.017284,0.031171,0.044098,0.055413,0.069472
450.0,1.871E-4,4.4044E-4,0.001022,0.002016,0.003852,0.007255,0.013469,0.024649,0.035179,0.044465,0.056073
500.0,1.3753E-4,3.2802E-4,7.7121E-4,0.0015413,0.0029838,0.0056939,0.01071,0.019859,0.028565,0.036296,0.046012
600.0,7.9491E-5,1.9394E-4,4.6643E-4,9.5356E-4,0.0018883,0.003686,0.0070923,0.013452,0.019615,0.02515,0.032172
700.0,4.9122E-5,1.2217E-4,2.9949E-4,6.2413E-4,0.0012599,0.0025068,0.0049168,0.009506,0.014021,0.018116,0.023353
800.0,3.1877E-5,8.0606E-5,2.0091E-4,4.2571E-4,8.7371E-4,0.0017676,0.0035249,0.006929,0.010323,0.013426,0.017423
1000.0,1.4899E-5,3.8734E-5,9.9261E-5,2.1624E-4,4.5628E-4,9.4906E-4,0.0020649,0.0041518,0.0062357,0.0080893,0.010457
1200.0,7.6796E-6,2.0414E-5,5.3124E-5,1.3086E-4,2.8162E-4,5.9547E-4,0.0012372,0.0024871,0.0037414,0.0048909,0.0063713
1500.0,3.4623E-6,9.5522E-6,2.5823E-5,5.893E-5,1.2934E-4,2.7793E-4,5.8486E-4,0.0012042,0.0018377,0.0024252,0.0031893
SA0P075
r\m,4.0,4.5,5.0,5.5,6.0,6.5,7.0,7.5,7.8,8.0,8.2
0.0,1.1326,1.6557,2.3736,2.8826,3.3203,3.7803,4.1663,4.5131,4.6691,4.7616,4.8444
1.0,1.1326,1.6557,2.3736,2.8826,3.3203,3.7803,4.1663,4.5131,4.6691,4.7616,4.8444
5.0,1.1326,1.6557,2.3736,2.8826,3.3203,3.7803,4.1663,4.5131,4.6691,4.7616,4.8444
10.0,0.8502,0.90989,1.2556,1.5517,1.8323,2.1706,2.6538,2.9775,3.1787,3.3429,3.5384
15.0,0.2614,0.33861,0.52566,0.71485,0.92991,1.2027,1.5738,1.9359,2.1739,2.3531,2.5541
20.0,0.1129,0.17096,0.28725,0.41663,0.57844,0.7939,1.0893,1.4253,1.6568,1.8302,2.0228
25.0,0.06235,0.1038,0.18396,0.27921,0.40588,0.5814,0.82687,1.1306,1.3479,1.5119,1.6945
30.0,0.039617,0.070278,0.12957,0.20357,0.30646,0.45369,0.66407,0.93915,1.1418,1.2964,1.4695
40.0,0.020241,0.038981,0.076004,0.12565,0.19914,0.30966,0.47381,0.70433,0.88187,1.02,1.1769
50.0,0.012358,0.025087,0.050886,0.087291,0.14361,0.23152,0.36636,0.56477,0.72267,0.84772,0.9914
60.0,0.0083872,0.017682,0.036959,0.065238,0.11047,0.18316,0.29765,0.47193,0.61424,0.72859,0.86136
70.0,0.0074503,0.015929,0.033361,0.058904,0.09985,0.16551,0.26848,0.42569,0.55475,0.65866,0.77933
80.0,0.0069545,0.014854,0.031058,0.054742,0.092636,0.15328,0.2481,0.3926,0.51106,0.60633,0.71679
90.0,0.0065372,0.013947,0.02912,0.051244,0.086583,0.14303,0.23109,0.36501,0.47467,0.56277,0.6648
100.0,0.0061777,0.013167,0.02745,0.048239,0.081392,0.13426,0.21656,0.3415,0.44366,0.5257,0.62063
110.0,0.0058628,0.012482,0.025991,0.045613,0.076864,0.12661,0.20394,0.32109,0.41681,0.4936,0.58242
120.0,0.0055771,0.011861,0.024671,0.043249,0.072802,0.11979,0.19271,0.30299,0.39303,0.46523,0.54867
130.0,0.0046719,0.0099949,0.020954,0.037044,0.062882,0.10437,0.16944,0.26878,0.35035,0.41603,0.49214
140.0,0.0039438,0.008501,0.017956,0.031978,0.054691,0.091441,0.14956,0.23891,0.31282,0.37261,0.44214
150.0,0.0033652,0.0073037,0.015533,0.02786,0.047975,0.080773,0.13301,0.2139,0.28124,0.33593,0.39973
175.0,0.0023494,0.0051763,0.011182,0.020371,0.035637,0.060935,0.1019,0.16636,0.22076,0.26539,0.31782
200.0,0.0017074,0.003812,0.0083475,0.01542,0.027351,0.047411,0.080377,0.13303,0.17801,0.21517,0.2591
250.0,9.7327E-4,0.0022356,0.0050178,0.0094906,0.017236,0.030588,0.053042,0.090038,0.12226,0.14917,0.18135
300.0,6.122E-4,0.0014331,0.0032781,0.0063188,0.011695,0.021151,0.037379,0.064549,0.088599,0.10892,0.13341
350.0,4.0825E-4,9.711E-4,0.0022572,0.0044211,0.0083148,0.015281,0.02744,0.048151,0.066729,0.082562,0.10177
400.0,2.8414E-4,6.8532E-4,0.0016152,0.0032078,0.0061173,0.011399,0.020756,0.03693,0.051607,0.064207,0.079589
450.0,2.0432E-4,4.9888E-4,0.0011902,0.002393,0.0046196,0.0087143,0.016063,0.028932,0.040728,0.05092,0.063429
500.0,1.5077E-4,3.7217E-4,8.977E-4,0.0018247,0.0035613,0.0067918,0.012657,0.023048,0.032659,0.041012,0.05131
600.0,8.7068E-5,2.1904E-4,5.3844E-4,0.0011154,0.0022186,0.004312,0.0081893,0.015198,0.021781,0.02756,0.034743
700.0,5.3309E-5,1.3627E-4,3.404E-4,7.1652E-4,0.0014482,0.0028602,0.0055198,0.010409,0.015062,0.019181,0.024335
800.0,3.4066E-5,8.83E-5,2.2365E-4,4.7734E-4,9.7826E-4,0.001959,0.0038335,0.0073301,0.010695,0.013696,0.017473
1000.0,1.5238E-5,4.0425E-5,1.0479E-4,2.289E-4,4.8012E-4,9.8403E-4,0.0020649,0.0041518,0.0062357,0.0080893,0.010457
1200.0,7.4256E-6,2.0068E-5,5.3017E-5,1.3086E-4,2.8162E-4,5.9547E-4,0.0012372,0.0024871,0.0037414,0.0048909,0.0063713
1500.0,3.4623E-6,9.5522E-6,2.5823E-5,5.893E-5,1.2934E-4,2.7793E-4,5.8486E-4,0.0012042,0.0018377,0.0024252,0.0031893
SA0P1
r\m,4.0,4.5,5.0,5.5,6.0,6.5,7.0,7.5,7.8,8.0,8.2
0.0,0.76295,1.1915,1.8108,2.313,2.7837,3.2841,3.7249,4.12,4.3013,4.4062,4.4971
1.0,0.76295,1.1915,1.8108,2.313,2.7837,3.2841,3.7249,4.12,4.3013,4.4062,4.4971
5.0,0.76295,1.1915,1.8108,2.313,2.7837,3.2841,3.7249,4.12,4.3013,4.4062,4.4971
10.0,0.58402,0.6792,0.99421,1.2894,1.5862,1.9403,2.426,2.7692,2.9752,3.1364,3.323
15.0,0.19016,0.26345,0.43076,0.61152,0.82425,1.0957,1.4613,1.8201,2.0516,2.2227,2.4117
20.0,0.08458,0.13598,0.23977,0.36197,0.51919,0.73045,1.0192,1.3467,1.569,1.7332,1.9132
25.0,0.047553,0.083724,0.15538,0.24499,0.36721,0.53821,0.77717,1.0712,1.2785,1.433,1.6031
30.0,0.030595,0.057261,0.11036,0.17987,0.2788,0.42173,0.62594,0.8911,1.0838,1.229,1.3898
40.0,0.015894,0.032195,0.065476,0.11205,0.18245,0.28929,0.44798,0.66899,0.83693,0.96609,1.1111
50.0,0.0098088,0.020902,0.044151,0.078277,0.13211,0.21684,0.34677,0.53622,0.68497,0.80137,0.93362
60.0,0.0067068,0.014821,0.032222,0.058713,0.10187,0.17177,0.28176,0.4476,0.58116,0.68721,0.80895
70.0,0.0059555,0.013361,0.029142,0.053191,0.092509,0.15615,0.25595,0.40699,0.5294,0.62686,0.73878
80.0,0.0055486,0.012452,0.027156,0.049549,0.086149,0.14536,0.2381,0.37841,0.49211,0.5826,0.68643
90.0,0.0052042,0.011681,0.025468,0.046452,0.080742,0.13618,0.22295,0.35414,0.46043,0.545,0.642
100.0,0.0049061,0.011013,0.024003,0.043767,0.076051,0.12823,0.20982,0.3331,0.43296,0.51242,0.60351
110.0,0.0046439,0.010423,0.022712,0.041399,0.071918,0.12121,0.19825,0.31458,0.4088,0.48375,0.56967
120.0,0.0044062,0.0098883,0.021542,0.039256,0.068182,0.11488,0.18785,0.29793,0.3871,0.45803,0.53931
130.0,0.003766,0.0084934,0.018625,0.034182,0.059785,0.10147,0.16719,0.26717,0.34855,0.41353,0.48816
140.0,0.0032402,0.0073536,0.016226,0.029962,0.052733,0.09005,0.14929,0.23995,0.31422,0.37375,0.44235
150.0,0.0028134,0.0064214,0.01425,0.02647,0.046853,0.080474,0.13417,0.21685,0.28494,0.33971,0.403
175.0,0.0020398,0.0047143,0.010599,0.019944,0.03577,0.062233,0.10509,0.17199,0.22774,0.27298,0.32557
200.0,0.00153,0.003575,0.0081293,0.015475,0.028076,0.049408,0.084394,0.13969,0.18626,0.22428,0.26872
250.0,9.1735E-4,0.0021957,0.0050969,0.0098959,0.018311,0.032861,0.057195,0.09671,0.13055,0.15843,0.19133
300.0,5.9832E-4,0.0014549,0.0034311,0.0067677,0.012722,0.023195,0.041013,0.070335,0.095794,0.11698,0.14216
350.0,4.1004E-4,0.0010105,0.002415,0.0048276,0.0091972,0.016994,0.030453,0.052927,0.072665,0.089214,0.109
400.0,2.9137E-4,7.2639E-4,0.0017563,0.0035517,0.0068452,0.012795,0.023196,0.040783,0.056383,0.069545,0.085361
450.0,2.1286E-4,5.361E-4,0.0013095,0.0026753,0.0052091,0.0098367,0.018016,0.032001,0.044513,0.055129,0.067943
500.0,1.5893E-4,4.0396E-4,9.9578E-4,0.0020531,0.0040341,0.0076879,0.014209,0.025471,0.035625,0.044282,0.054775
600.0,9.3141E-5,2.4051E-4,6.023E-4,0.0012616,0.0025184,0.0048758,0.0091553,0.016673,0.023542,0.029448,0.036657
700.0,5.7355E-5,1.5009E-4,3.8094E-4,8.0864E-4,0.0016359,0.0032099,0.0061083,0.011274,0.016046,0.02018,0.025254
800.0,3.6622E-5,9.6951E-5,2.4893E-4,5.3457E-4,0.0010941,0.0021717,0.0041807,0.0078058,0.011188,0.014135,0.017771
1000.0,1.6129E-5,4.3534E-5,1.1396E-4,2.495E-4,5.2061E-4,0.0010536,0.0020679,0.0041518,0.0062357,0.0080893,0.010457
1200.0,7.6383E-6,2.0938E-5,5.5683E-5,1.3086E-4,2.8162E-4,5.9547E-4,0.0012372,0.0024871,0.0037414,0.0048909,0.0063713
1500.0,3.4623E-6,9.5522E-6,2.5823E-5,5.893E-5,1.2934E-4,2.7793E-4,5.8486E-4,0.0012042,0.0018377,0.0024252,0.0031893
SA0P15
r\m,4.0,4.5,5.0,5.5,6.0,6.5,7.0,7.5,7.8,8.0,8.2
0.0,0.36089,0.62915,1.0548,1.4688,1.9093,2.4019,2.8767,3.3197,3.5376,3.6648,3.7754
1.0,0.36089,0.62915,1.0548,1.4688,1.9093,2.4019,2.8767,3.3197,3.5376,3.6648,3.7754
5.0,0.36089,0.62915,1.0548,1.4688,1.9093,2.4019,2.8767,3.3197,3.5376,3.6648,3.7754
10.0,0.28895,0.38921,0.6285,0.88312,1.1637,1.5038,1.9571,2.308,2.5131,2.6658,2.8367
15.0,0.10598,0.16336,0.28976,0.44019,0.62782,0.87241,1.2019,1.5302,1.738,1.8883,2.0515
20.0,0.049503,0.087206,0.16558,0.26585,0.40104,0.58657,0.84125,1.1301,1.3226,1.4622,1.6129
25.0,0.028578,0.054738,0.10889,0.1819,0.28562,0.43358,0.64129,0.89539,1.0712,1.2,1.3395
30.0,0.018709,0.037924,0.078105,0.13446,0.2177,0.34014,0.51569,0.74167,0.90275,1.0219,1.1518
40.0,0.00994,0.021683,0.04691,0.084436,0.14301,0.23325,0.36747,0.55214,0.6896,0.79338,0.90789
50.0,0.0062217,0.014226,0.031863,0.059237,0.10367,0.17451,0.28305,0.43908,0.55894,0.65097,0.75369
60.0,0.0042975,0.010163,0.023371,0.044548,0.079957,0.13793,0.22893,0.36394,0.47023,0.55298,0.64625
70.0,0.0038187,0.0091746,0.021197,0.040521,0.072996,0.1262,0.20949,0.33358,0.43197,0.50885,0.59552
80.0,0.0035526,0.0085516,0.019781,0.037859,0.068281,0.11818,0.19634,0.31296,0.40555,0.47792,0.55952
90.0,0.0033259,0.0080175,0.018565,0.035565,0.064207,0.11123,0.18494,0.29502,0.38251,0.45094,0.5281
100.0,0.0031286,0.0075506,0.017499,0.03355,0.060621,0.1051,0.17487,0.27915,0.36209,0.42701,0.50022
110.0,0.0029542,0.0071366,0.016552,0.031756,0.057423,0.099621,0.16586,0.26491,0.34376,0.4055,0.47517
120.0,0.0027962,0.0067598,0.015689,0.030121,0.054507,0.094626,0.15764,0.25191,0.32702,0.38587,0.45227
130.0,0.0024647,0.0059818,0.013952,0.02693,0.048989,0.085512,0.14328,0.23025,0.29984,0.35451,0.41634
140.0,0.0021839,0.005325,0.012479,0.024197,0.044224,0.077551,0.13054,0.2107,0.27514,0.32595,0.38354
150.0,0.001948,0.0047703,0.011226,0.021866,0.040137,0.070691,0.1195,0.19367,0.25357,0.30092,0.3547
175.0,0.0014983,0.0037034,0.0088013,0.017311,0.032091,0.057069,0.097405,0.15935,0.20984,0.25002,0.2959
200.0,0.0011813,0.002944,0.0070565,0.014001,0.026181,0.04696,0.080844,0.13339,0.17657,0.21111,0.25071
250.0,7.6852E-4,0.0019509,0.0047498,0.0095651,0.018154,0.033047,0.057699,0.096764,0.1293,0.1555,0.18578
300.0,5.325E-4,0.0013679,0.0033704,0.0068686,0.013193,0.024303,0.042941,0.072769,0.097879,0.11828,0.14197
350.0,3.8265E-4,9.9293E-4,0.0024712,0.0050871,0.0098698,0.018366,0.032779,0.05611,0.07593,0.092122,0.11102
400.0,2.824E-4,7.3921E-4,0.0018559,0.0038539,0.0075426,0.014158,0.025491,0.044017,0.059878,0.072901,0.088166
450.0,2.127E-4,5.6106E-4,0.0014195,0.0029705,0.0058586,0.011082,0.020107,0.034988,0.047816,0.058395,0.07084
500.0,1.6279E-4,4.324E-4,0.0011015,0.002321,0.0046093,0.0087793,0.016038,0.028102,0.038563,0.047225,0.057448
600.0,9.8936E-5,2.6593E-4,6.8558E-4,0.0014619,0.0029379,0.005663,0.010469,0.018564,0.025657,0.03157,0.038588
700.0,6.2358E-5,1.6931E-4,4.409E-4,9.4968E-4,0.0019279,0.0037537,0.0070098,0.012555,0.017458,0.021568,0.026469
800.0,4.0366E-5,1.1056E-4,2.9043E-4,6.3106E-4,0.0012923,0.0025382,0.0047815,0.0086392,0.012076,0.014971,0.018437
1000.0,1.7904E-5,4.9757E-5,1.3263E-4,2.9241E-4,6.076E-4,0.0012109,0.0023147,0.0042435,0.0062357,0.0080893,0.010457
1200.0,8.3771E-6,2.3553E-5,6.3535E-5,1.4176E-4,2.9812E-4,6.0136E-4,0.0012372,0.0024871,0.0037414,0.0048909,0.0063713
1500.0,3.4623E-6,9.5522E-6,2.5823E-5,5.893E-5,1.2934E-4,2.7793E-4,5.8486E-4,0.0012042,0.0018377,0.0024252,0.0031893
SA0P2
r\m,4.0,4.5,5.0,5.5,6.0,6.5,7.0,7.5,7.8,8.0,8.2
0.0,0.19307,0.36636,0.6627,0.98665,1.362,1.8018,2.2529,2.6899,2.9147,3.0477,3.1645
1.0,0.19307,0.36636,0.6627,0.98665,1.362,1.8018,2.2529,2.6899,2.9147,3.0477,3.1645
5.0,0.19307,0.36636,0.6627,0.98665,1.362,1.8018,2.2529,2.6899,2.9147,3.0477,3.1645
10.0,0.16002,0.2417,0.42124,0.62991,0.87586,1.1818,1.5876,1.9223,2.1166,2.2573,2.4116
15.0,0.064595,0.10807,0.20401,0.3265,0.4864,0.69961,0.98879,1.2813,1.4645,1.5954,1.7359
20.0,0.031308,0.059108,0.11872,0.19983,0.31333,0.47223,0.6921,0.94217,1.1069,1.2249,1.351
25.0,0.018406,0.037572,0.078798,0.13754,0.22379,0.34904,0.52607,0.74221,0.88992,0.99675,1.1112
30.0,0.012188,0.02624,0.05683,0.102,0.17074,0.27348,0.42161,0.61141,0.74488,0.84238,0.94735
40.0,0.0065684,0.015154,0.034356,0.06426,0.11215,0.18692,0.29848,0.45079,0.56246,0.64564,0.73621
50.0,0.0041487,0.010004,0.023425,0.045145,0.081221,0.13938,0.22859,0.35559,0.45158,0.52423,0.60421
60.0,0.0028858,0.0071826,0.017234,0.033989,0.062594,0.10987,0.18402,0.2928,0.37698,0.44154,0.51327
70.0,0.0025837,0.0065296,0.015732,0.031104,0.057466,0.10104,0.16913,0.26933,0.3474,0.40747,0.47419
80.0,0.0024188,0.0061226,0.014766,0.02922,0.054035,0.095088,0.15928,0.25384,0.32759,0.38437,0.44742
90.0,0.0022763,0.0057688,0.013924,0.027574,0.051032,0.089867,0.15062,0.24019,0.31011,0.36396,0.42377
100.0,0.0021508,0.0054559,0.013178,0.026113,0.04836,0.085216,0.1429,0.22799,0.29445,0.34568,0.40257
110.0,0.0020387,0.0051754,0.012508,0.024799,0.045952,0.081013,0.13592,0.21694,0.28028,0.3291,0.38335
120.0,0.001936,0.004918,0.011892,0.02359,0.043739,0.077152,0.12951,0.20678,0.26723,0.31385,0.36566
130.0,0.0017395,0.0044336,0.010766,0.021453,0.039952,0.070795,0.1194,0.19153,0.24817,0.29196,0.34072
140.0,0.0015695,0.004016,0.0097906,0.019585,0.03662,0.065145,0.1103,0.17759,0.23066,0.27181,0.31772
150.0,0.0014235,0.0036558,0.0089451,0.017962,0.033706,0.060183,0.10227,0.16524,0.21508,0.25383,0.29714
175.0,0.0011361,0.0029407,0.0072551,0.014689,0.027798,0.050041,0.085731,0.13962,0.18262,0.21626,0.25403
200.0,9.246E-4,0.0024098,0.0059885,0.012215,0.023286,0.042224,0.072868,0.11953,0.15705,0.18651,0.21973
250.0,6.3418E-4,0.0016791,0.0042283,0.0087337,0.016861,0.030959,0.054068,0.08993,0.1191,0.14215,0.16832
300.0,4.5762E-4,0.0012239,0.0031133,0.006496,0.012668,0.023496,0.041451,0.069552,0.092626,0.111,0.13196
350.0,3.3988E-4,9.1679E-4,0.0023521,0.0049498,0.0097353,0.018212,0.032404,0.054838,0.073405,0.088268,0.10529
400.0,2.5782E-4,7.0061E-4,0.0018108,0.0038389,0.0076065,0.014335,0.025696,0.043808,0.058901,0.071037,0.084989
450.0,1.9875E-4,5.4363E-4,0.0014143,0.0030179,0.0060189,0.011417,0.020599,0.035349,0.047715,0.057696,0.069209
500.0,1.5518E-4,4.2694E-4,0.0011172,0.0023979,0.0048104,0.0091783,0.016657,0.028751,0.038944,0.047201,0.056751
600.0,9.7396E-5,2.7068E-4,7.1549E-4,0.0015513,0.0031435,0.0060588,0.011107,0.019366,0.026391,0.032116,0.038771
700.0,6.2918E-5,1.7636E-4,4.7017E-4,0.0010281,0.0021013,0.0040847,0.0075522,0.013281,0.018192,0.022214,0.026908
800.0,4.1514E-5,1.1722E-4,3.1484E-4,6.9358E-4,0.0014281,0.0027966,0.0052091,0.0092284,0.012697,0.01555,0.018892
1000.0,1.8905E-5,5.4047E-5,1.4696E-4,3.2778E-4,6.8328E-4,0.0013547,0.0025547,0.0045822,0.0063515,0.0080893,0.010457
1200.0,8.9818E-6,2.5932E-5,7.1229E-5,1.6049E-4,3.3797E-4,6.7697E-4,0.00129,0.0024871,0.0037414,0.0048909,0.0063713
1500.0,3.4623E-6,9.5522E-6,2.5823E-5,5.893E-5,1.2934E-4,2.7793E-4,5.8486E-4,0.0012042,0.0018377,0.0024252,0.0031893
SA0P25
r\m,4.0,4.5,5.0,5.5,6.0,6.5,7.0,7.5,7.8,8.0,8.2
0.0,0.11411,0.23205,0.4465,0.70175,1.0164,1.3993,1.8092,2.2168,2.4317,2.5596,2.6721
1.0,0.11411,0.23205,0.4465,0.70175,1.0164,1.3993,1.8092,2.2168,2.4317,2.5596,2.6721
5.0,0.11411,0.23205,0.4465,0.70175,1.0164,1.3993,1.8092,2.2168,2.4317,2.5596,2.6721
10.0,0.096891,0.16038,0.29753,0.46825,0.68028,0.9506,1.3098,1.6191,1.7979,1.9249,2.0618
15.0,0.042073,0.075341,0.14984,0.25043,0.3868,0.57236,0.82591,1.0853,1.2464,1.3601,1.4811
20.0,0.020995,0.042007,0.088467,0.15491,0.25087,0.38763,0.57829,0.7956,0.93734,1.0378,1.1441
25.0,0.012518,0.026961,0.059127,0.10711,0.17957,0.28649,0.4386,0.624,0.74934,0.83901,0.93405
30.0,0.0083609,0.018944,0.04282,0.079627,0.1371,0.22425,0.35057,0.51184,0.62393,0.70489,0.79111
40.0,0.004555,0.011024,0.026016,0.050287,0.09005,0.15289,0.24695,0.37459,0.46699,0.53498,0.60816
50.0,0.0028974,0.0073135,0.017792,0.035372,0.065175,0.11373,0.18834,0.29371,0.37229,0.43101,0.49487
60.0,0.0020274,0.005274,0.013129,0.026668,0.050224,0.089509,0.15115,0.24073,0.30908,0.36082,0.41758
70.0,0.0018354,0.0048424,0.012089,0.024586,0.046393,0.082713,0.13939,0.22188,0.28516,0.33319,0.38581
80.0,0.0017359,0.0045817,0.011437,0.023257,0.043879,0.078217,0.13177,0.20969,0.26946,0.31482,0.36448
90.0,0.0016482,0.004351,0.01086,0.022079,0.041652,0.074232,0.12501,0.19888,0.25554,0.29853,0.34559
100.0,0.0015695,0.0041437,0.010341,0.021021,0.039649,0.070651,0.11895,0.18917,0.24303,0.28389,0.3286
110.0,0.0014981,0.0039553,0.0098695,0.020058,0.037829,0.06739,0.11343,0.18034,0.23166,0.27058,0.31317
120.0,0.0014317,0.0037797,0.0094305,0.019164,0.03614,0.064373,0.10834,0.17219,0.22117,0.25832,0.29896
130.0,0.0013014,0.0034464,0.0086321,0.017614,0.033353,0.059659,0.10083,0.16093,0.20719,0.24236,0.28091
140.0,0.001187,0.0031551,0.0079317,0.016244,0.030871,0.055419,0.09401,0.15056,0.19426,0.22759,0.26419
150.0,0.0010876,0.0029007,0.0073166,0.015036,0.028673,0.05165,0.087911,0.14125,0.18262,0.21425,0.24905
175.0,8.8787E-4,0.0023853,0.0060629,0.012556,0.02413,0.043797,0.075109,0.12158,0.1579,0.18583,0.2167
200.0,7.3698E-4,0.0019926,0.0050987,0.010632,0.020572,0.037591,0.064904,0.10576,0.13793,0.16276,0.19031
250.0,5.2285E-4,0.0014343,0.0037154,0.007838,0.015344,0.028365,0.049519,0.081733,0.10738,0.1273,0.14955
300.0,3.8753E-4,0.001073,0.0028058,0.0059746,0.011806,0.02203,0.03882,0.064598,0.085306,0.10151,0.11969
350.0,2.944E-4,8.2163E-4,0.0021654,0.0046477,0.0092567,0.01741,0.030923,0.051865,0.068816,0.082148,0.097168
400.0,2.2772E-4,6.399E-4,0.0016981,0.0036696,0.0073589,0.013936,0.024922,0.042087,0.056073,0.067119,0.079609
450.0,1.7859E-4,5.0488E-4,0.0013479,0.0029305,0.0059123,0.011264,0.020266,0.034432,0.04604,0.055243,0.065681
500.0,1.4159E-4,4.0244E-4,0.0010802,0.0023613,0.0047897,0.0091749,0.016596,0.02835,0.038031,0.045732,0.054491
600.0,9.1234E-5,2.6176E-4,7.092E-4,0.0015648,0.003204,0.006195,0.011311,0.019504,0.026311,0.031757,0.037981
700.0,6.0257E-5,1.7425E-4,4.7587E-4,0.0010583,0.0021841,0.0042565,0.0078336,0.013614,0.018453,0.022344,0.026807
800.0,4.0522E-5,1.1799E-4,3.2443E-4,7.2648E-4,0.0015096,0.0029622,0.005489,0.009605,0.013073,0.015872,0.019095
1000.0,1.9045E-5,5.6091E-5,1.5601E-4,3.5336E-4,7.427E-4,0.0014741,0.0027631,0.0048906,0.0067021,0.0081747,0.010457
1200.0,9.2806E-6,2.7584E-5,7.7444E-5,1.7707E-4,3.7568E-4,7.5273E-4,0.0014246,0.0025457,0.0037414,0.0048909,0.0063713
1500.0,3.4623E-6,9.9174E-6,2.8164E-5,6.5141E-5,1.3981E-4,2.8342E-4,5.8486E-4,0.0012042,0.0018377,0.0024252,0.0031893
SA0P3
r\m,4.0,4.5,5.0,5.5,6.0,6.5,7.0,7.5,7.8,8.0,8.2
0.0,0.072414,0.15633,0.31715,0.52192,0.78685,1.1195,1.4866,1.858,2.0562,2.1741,2.2774
1.0,0.072414,0.15633,0.31715,0.52192,0.78685,1.1195,1.4866,1.858,2.0562,2.1741,2.2774
5.0,0.072414,0.15633,0.31715,0.52192,0.78685,1.1195,1.4866,1.858,2.0562,2.1741,2.2774
10.0,0.062547,0.11175,0.21877,0.3598,0.54264,0.78096,1.0987,1.3805,1.5426,1.6557,1.7758
15.0,0.028721,0.0546,0.11371,0.19744,0.31472,0.4772,0.70064,0.93098,1.0728,1.1718,1.276
20.0,0.014681,0.030939,0.067975,0.12329,0.20543,0.32439,0.49127,0.68162,0.80454,0.89074,0.98103
25.0,0.0088583,0.020025,0.045715,0.085618,0.14741,0.23992,0.37223,0.53316,0.64079,0.71695,0.79683
30.0,0.0059609,0.014146,0.033237,0.063809,0.11267,0.18776,0.29708,0.43611,0.53166,0.5999,0.67179
40.0,0.0032789,0.0082898,0.020294,0.040416,0.074078,0.12788,0.20866,0.31763,0.39556,0.45224,0.51255
50.0,0.0020993,0.0055263,0.013925,0.028482,0.053639,0.095037,0.15875,0.2481,0.31388,0.36244,0.41464
60.0,0.0014773,0.0040031,0.010308,0.021518,0.041371,0.074774,0.12721,0.20279,0.25968,0.30223,0.34834
70.0,0.0013534,0.0037144,0.0095784,0.019988,0.038447,0.06941,0.11766,0.18716,0.2397,0.27905,0.32161
80.0,0.0012944,0.0035488,0.0091384,0.019042,0.036575,0.065931,0.11158,0.17721,0.22675,0.26381,0.30383
90.0,0.0012411,0.0033991,0.0087419,0.018192,0.034897,0.062823,0.10617,0.16837,0.21526,0.2503,0.28811
100.0,0.0011922,0.0032621,0.0083797,0.017418,0.033373,0.060009,0.10128,0.16041,0.20492,0.23816,0.27399
110.0,0.001147,0.0031355,0.008046,0.016706,0.031975,0.057429,0.096815,0.15315,0.19551,0.22713,0.26118
120.0,0.0011041,0.0030153,0.0077306,0.016036,0.030667,0.055028,0.092675,0.14644,0.18684,0.21697,0.2494
130.0,0.0010107,0.0027686,0.0071251,0.01484,0.028491,0.051331,0.086802,0.1377,0.17608,0.20477,0.23571
140.0,9.2797E-4,0.0025513,0.0065893,0.013772,0.026538,0.047981,0.081429,0.12961,0.16609,0.19345,0.22301
150.0,8.5556E-4,0.0023599,0.0061151,0.012825,0.024794,0.044979,0.076587,0.1223,0.15703,0.18314,0.21141
175.0,7.0827E-4,0.0019677,0.0051373,0.010855,0.021146,0.038648,0.066295,0.10663,0.13753,0.16089,0.1863
200.0,5.9528E-4,0.0016641,0.0043733,0.0093032,0.018243,0.033563,0.057954,0.093828,0.1215,0.14252,0.16547
250.0,4.317E-4,0.0012239,0.003255,0.0070036,0.013891,0.025847,0.045117,0.073961,0.096464,0.11366,0.13257
300.0,3.2582E-4,9.322E-4,0.002502,0.0054328,0.010875,0.02042,0.03597,0.059442,0.077922,0.092149,0.10787
350.0,2.5148E-4,7.2507E-4,0.0019612,0.0042914,0.0086565,0.016381,0.029079,0.048427,0.063778,0.075656,0.088833
400.0,1.973E-4,5.7269E-4,0.0015594,0.0034352,0.0069759,0.013289,0.023749,0.039816,0.052648,0.062621,0.073725
450.0,1.5675E-4,4.5767E-4,0.0012536,0.0027778,0.0056744,0.010874,0.019548,0.032966,0.043745,0.052154,0.061548
500.0,1.2576E-4,3.6914E-4,0.0010165,0.0022643,0.0046499,0.0089577,0.016189,0.027445,0.036535,0.04365,0.051621
600.0,8.2807E-5,2.4529E-4,6.8161E-4,0.0015323,0.0031756,0.0061737,0.01126,0.019264,0.025786,0.03092,0.0367
700.0,5.5758E-5,1.6644E-4,4.6611E-4,0.001056,0.0022054,0.0043208,0.0079413,0.013692,0.018412,0.022147,0.026368
800.0,3.8165E-5,1.1469E-4,3.2334E-4,7.3745E-4,0.0015505,0.0030581,0.0056583,0.0098215,0.01326,0.015993,0.019092
1000.0,1.8516E-5,5.6269E-5,1.6042E-4,3.6998E-4,7.8663E-4,0.001569,0.0029357,0.0051529,0.007004,0.008485,0.010457
1200.0,9.2832E-6,2.8464E-5,8.1896E-5,1.9062E-4,4.0903E-4,8.2344E-4,0.0015552,0.0027554,0.003766,0.0048909,0.0063713
1500.0,3.4623E-6,1.0634E-5,3.094E-5,7.2832E-5,1.5805E-4,3.2183E-4,6.1493E-4,0.0012042,0.0018377,0.0024252,0.0031893
SA0P4
r\m,4.0,4.5,5.0,5.5,6.0,6.5,7.0,7.5,7.8,8.0,8.2
0.0,0.03356,0.080289,0.17824,0.31688,0.51023,0.76509,1.0584,1.3604,1.5224,1.6174,1.6988
1.0,0.03356,0.080289,0.17824,0.31688,0.51023,0.76509,1.0584,1.3604,1.5224,1.6174,1.6988
5.0,0.03356,0.080289,0.17824,0.31688,0.51023,0.76509,1.0584,1.3604,1.5224,1.6174,1.6988
10.0,0.029638,0.060048,0.12888,0.22848,0.36691,0.55427,0.8059,1.0372,1.168,1.2565,1.3475
15.0,0.014748,0.031138,0.070336,0.13059,0.21982,0.34738,0.52451,0.70856,0.81957,0.89519,0.9729
20.0,0.0078391,0.018134,0.042976,0.082974,0.14535,0.23824,0.3698,0.51954,0.61415,0.67896,0.7453
25.0,0.0048291,0.011918,0.029252,0.058152,0.10496,0.17685,0.28053,0.4058,0.4877,0.54432,0.60234
30.0,0.003294,0.0085061,0.021439,0.043598,0.080539,0.13866,0.22388,0.33127,0.40337,0.45366,0.50542
40.0,0.0018453,0.0050559,0.013235,0.027836,0.053216,0.094638,0.15712,0.24037,0.29848,0.33974,0.38262
50.0,0.0011966,0.0034051,0.0091545,0.01973,0.038673,0.070433,0.11945,0.18723,0.23587,0.27094,0.30773
60.0,8.5176E-4,0.0024901,0.0068288,0.014993,0.029947,0.055535,0.095746,0.1528,0.19463,0.22516,0.25746
70.0,7.9715E-4,0.0023543,0.006448,0.014114,0.028126,0.051956,0.089008,0.14134,0.17977,0.20781,0.23736
80.0,7.7789E-4,0.0022888,0.0062443,0.013615,0.027026,0.049728,0.084844,0.13419,0.17027,0.19651,0.22407
90.0,7.5916E-4,0.0022264,0.0060532,0.013153,0.02602,0.047712,0.081115,0.12783,0.16186,0.18655,0.2124
100.0,7.4095E-4,0.0021666,0.0058726,0.012721,0.02509,0.045866,0.077729,0.1221,0.15431,0.17762,0.20198
110.0,7.2325E-4,0.0021091,0.0057013,0.012316,0.024224,0.044157,0.074621,0.11688,0.14745,0.16953,0.19256
120.0,7.0532E-4,0.0020519,0.0055333,0.011924,0.023397,0.042547,0.071722,0.11204,0.14114,0.16212,0.18395
130.0,6.5027E-4,0.0018974,0.0051363,0.011114,0.021896,0.039979,0.067667,0.10612,0.13396,0.15409,0.17508
140.0,6.0096E-4,0.00176,0.0047821,0.010385,0.020535,0.037632,0.06393,0.10061,0.12729,0.14664,0.16687
150.0,5.5752E-4,0.0016382,0.0044664,0.0097337,0.019313,0.035513,0.060535,0.095582,0.12118,0.13979,0.1593
175.0,4.6828E-4,0.0013862,0.0038085,0.0083638,0.016725,0.03099,0.053228,0.084675,0.10785,0.1248,0.14267
200.0,3.9887E-4,0.0011884,0.003287,0.0072681,0.014633,0.027298,0.047205,0.0756,0.096685,0.11219,0.1286
250.0,2.9654E-4,8.9605E-4,0.0025087,0.0056122,0.011431,0.021574,0.037725,0.061184,0.078819,0.091884,0.10582
300.0,2.2877E-4,6.9776E-4,0.0019719,0.0044527,0.0091547,0.017439,0.030782,0.050342,0.065194,0.076284,0.088178
350.0,1.8019E-4,5.5394E-4,0.0015779,0.0035912,0.007442,0.014289,0.025422,0.041905,0.054526,0.064004,0.074217
400.0,1.4409E-4,4.4602E-4,0.0012792,0.0029314,0.0061164,0.011825,0.021181,0.035155,0.045932,0.054063,0.062862
450.0,1.1657E-4,3.6302E-4,0.0010474,0.0024149,0.0050692,0.0098594,0.017768,0.029669,0.038904,0.045902,0.053502
500.0,9.5177E-5,2.9799E-4,8.6446E-4,0.0020038,0.0042291,0.0082701,0.014984,0.025156,0.033094,0.039131,0.045709
600.0,6.4785E-5,2.0474E-4,5.9952E-4,0.0014028,0.0029883,0.0058986,0.010788,0.018281,0.024185,0.028704,0.033654
700.0,4.5023E-5,1.4342E-4,4.2328E-4,9.9825E-4,0.0021435,0.0042645,0.0078613,0.013427,0.017848,0.02125,0.024994
800.0,3.1768E-5,1.0189E-4,3.0279E-4,7.1898E-4,0.0015544,0.0031138,0.0057795,0.0099394,0.013266,0.015838,0.018679
1000.0,1.6337E-5,5.3E-5,1.5931E-4,3.8265E-4,8.368E-4,0.0016956,0.0031833,0.0055375,0.0074418,0.0089254,0.010575
1200.0,8.6608E-6,2.8356E-5,8.6036E-5,2.086E-4,4.6049E-4,9.4196E-4,0.0017854,0.0031355,0.0042377,0.0051017,0.0063713
1500.0,3.4701E-6,1.1488E-5,3.5257E-5,8.6477E-5,1.9311E-4,3.9964E-4,7.6651E-4,0.0013621,0.0018537,0.0024252,0.0031893
SA0P5
r\m,4.0,4.5,5.0,5.5,6.0,6.5,7.0,7.5,7.8,8.0,8.2
0.0,0.017545,0.04588,0.11003,0.20883,0.35505,0.55541,0.79268,1.0387,1.1696,1.2448,1.3072
1.0,0.017545,0.04588,0.11003,0.20883,0.35505,0.55541,0.79268,1.0387,1.1696,1.2448,1.3072
5.0,0.017545,0.04588,0.11003,0.20883,0.35505,0.55541,0.79268,1.0387,1.1696,1.2448,1.3072
10.0,0.015722,0.035383,0.082187,0.15537,0.26304,0.41355,0.61704,0.80778,0.91362,0.98289,1.0518
15.0,0.0082948,0.019206,0.046617,0.091786,0.16197,0.26506,0.40928,0.5595,0.64808,0.70682,0.76557
20.0,0.0045542,0.011455,0.029052,0.059288,0.10852,0.18365,0.29082,0.41223,0.48716,0.53721,0.58713
25.0,0.0028582,0.0076371,0.020011,0.04196,0.078965,0.1371,0.22147,0.32259,0.38714,0.43067,0.47416
30.0,0.0019746,0.0055065,0.014791,0.031675,0.060913,0.1079,0.17717,0.26358,0.32021,0.35875,0.39742
40.0,0.0011259,0.0033208,0.0092419,0.020423,0.040555,0.074043,0.12474,0.19146,0.23689,0.26838,0.30027
50.0,7.3955E-4,0.0022607,0.0064505,0.014584,0.029642,0.055335,0.095085,0.14927,0.1872,0.21389,0.24119
60.0,5.3234E-4,0.0016694,0.0048522,0.01116,0.023082,0.043815,0.07643,0.122,0.15457,0.17777,0.2017
70.0,5.0612E-4,0.0016004,0.0046363,0.01061,0.021854,0.041243,0.07135,0.11311,0.14294,0.16414,0.18589
80.0,5.0108E-4,0.0015756,0.0045389,0.010329,0.021156,0.039701,0.068288,0.10764,0.13556,0.15531,0.17548
90.0,4.9536E-4,0.00155,0.0044432,0.010062,0.020507,0.038294,0.065537,0.10278,0.12905,0.14755,0.16637
100.0,4.8915E-4,0.0015239,0.0043494,0.0098063,0.0199,0.036997,0.063032,0.098402,0.12321,0.14063,0.15828
110.0,4.8259E-4,0.0014976,0.0042576,0.0095613,0.019326,0.035787,0.060726,0.09441,0.11793,0.13438,0.151
120.0,4.7518E-4,0.0014695,0.0041634,0.0093177,0.018769,0.034635,0.058564,0.090719,0.11308,0.12867,0.14437
130.0,4.3933E-4,0.0013627,0.0038764,0.0087124,0.017623,0.032658,0.055453,0.086238,0.10772,0.12276,0.13793
140.0,4.0704E-4,0.0012675,0.0036193,0.0081656,0.016581,0.030844,0.052576,0.082065,0.10275,0.11728,0.13198
150.0,3.7858E-4,0.0011829,0.00339,0.0076763,0.015643,0.029204,0.049957,0.078248,0.098184,0.11222,0.12648
175.0,3.1998E-4,0.0010076,0.002911,0.0066445,0.013651,0.025689,0.044296,0.069928,0.088165,0.10111,0.11433
200.0,2.7427E-4,8.6957E-4,0.0025297,0.0058157,0.012033,0.022805,0.039603,0.06296,0.079721,0.091682,0.10396
250.0,2.0654E-4,6.6438E-4,0.0019574,0.0045549,0.0095398,0.0183,0.032151,0.051784,0.066066,0.076345,0.086995
300.0,1.6135E-4,5.2408E-4,0.0015591,0.0036637,0.0077484,0.015009,0.026628,0.043268,0.055508,0.064394,0.073661
350.0,1.2867E-4,4.2142E-4,0.0012641,0.002995,0.0063864,0.012473,0.022312,0.036555,0.047128,0.054854,0.062955
400.0,1.0419E-4,3.4366E-4,0.0010382,0.0024775,0.0053208,0.010466,0.018856,0.031115,0.040286,0.047025,0.054124
450.0,8.5339E-5,2.8327E-4,8.612E-4,0.002068,0.0044695,0.0088472,0.01604,0.026635,0.034617,0.040508,0.046741
500.0,7.0543E-5,2.3548E-4,7.1995E-4,0.0017386,0.0037788,0.0075222,0.013715,0.022902,0.029867,0.035029,0.04051
600.0,4.922E-5,1.6591E-4,5.1222E-4,0.0012491,0.0027414,0.0055106,0.010146,0.017108,0.022441,0.026423,0.030677
700.0,3.5061E-5,1.1916E-4,3.7094E-4,9.1204E-4,0.0020183,0.0040906,0.0075935,0.012911,0.017019,0.020105,0.023419
800.0,2.5357E-5,8.6799E-5,2.7213E-4,6.7389E-4,0.0015019,0.0030659,0.0057322,0.0098159,0.012995,0.015395,0.017984
1000.0,1.3699E-5,4.7455E-5,1.5057E-4,3.7733E-4,8.5106E-4,0.0017581,0.0033266,0.0057648,0.0076868,0.0091501,0.01074
1200.0,7.6284E-6,2.668E-5,8.5486E-5,2.1634E-4,4.9274E-4,0.001028,0.0019646,0.0034384,0.0046119,0.0055114,0.0064944
1500.0,3.2901E-6,1.1642E-5,3.7749E-5,9.6685E-5,2.2287E-4,4.7063E-4,9.1057E-4,0.0016133,0.0021796,0.0026174,0.0031893
SA0P75
r\m,4.0,4.5,5.0,5.5,6.0,6.5,7.0,7.5,7.8,8.0,8.2
0.0,0.0047129,0.014815,0.041642,0.090305,0.17128,0.29122,0.44097,0.59761,0.67862,0.72259,0.75606
1.0,0.0047129,0.014815,0.041642,0.090305,0.17128,0.29122,0.44097,0.59761,0.67862,0.72259,0.75606
5.0,0.0047129,0.014815,0.041642,0.090305,0.17128,0.29122,0.44097,0.59761,0.67862,0.72259,0.75606
10.0,0.0043312,0.012074,0.033014,0.071233,0.13431,0.22879,0.35878,0.48445,0.55113,0.5916,0.62852
15.0,0.0025559,0.0071874,0.020289,0.045161,0.087887,0.15447,0.24919,0.34811,0.40352,0.43791,0.46989
20.0,0.0015042,0.0045199,0.013231,0.030341,0.060874,0.11004,0.18131,0.26114,0.30786,0.33718,0.3645
25.0,9.8408E-4,0.003115,0.0093776,0.022009,0.04522,0.083555,0.14,0.20645,0.24663,0.27214,0.29598
30.0,6.9975E-4,0.0023001,0.0070751,0.016911,0.035404,0.066563,0.11308,0.16985,0.20507,0.22766,0.24889
40.0,4.1544E-4,0.0014354,0.0045544,0.011187,0.024084,0.046485,0.080725,0.1246,0.15285,0.17132,0.18888
50.0,2.8096E-4,0.0010022,0.0032501,0.0081436,0.017892,0.035207,0.062185,0.097887,0.1215,0.13719,0.15226
60.0,2.0736E-4,7.5673E-4,0.0024936,0.0063403,0.014141,0.028225,0.050485,0.080601,0.10092,0.11459,0.12785
70.0,2.0061E-4,7.3661E-4,0.0024155,0.0061023,0.013532,0.026815,0.047503,0.075212,0.093846,0.10633,0.11834
80.0,2.0148E-4,7.3464E-4,0.0023926,0.0060034,0.013223,0.026024,0.045782,0.071987,0.08945,0.10107,0.11216
90.0,2.0179E-4,7.3133E-4,0.0023677,0.0059056,0.01293,0.025296,0.044232,0.069125,0.085582,0.096463,0.10679
100.0,2.0168E-4,7.2704E-4,0.0023413,0.005809,0.012651,0.02462,0.042817,0.066549,0.082122,0.092363,0.10202
110.0,2.0123E-4,7.2198E-4,0.002314,0.0057138,0.012385,0.023984,0.04151,0.064199,0.078991,0.088666,0.097749
120.0,2.0017E-4,7.1518E-4,0.0022828,0.0056133,0.012117,0.023368,0.040274,0.062017,0.07611,0.085287,0.093861
130.0,1.8551E-4,6.6485E-4,0.0021311,0.0052641,0.011413,0.02211,0.038275,0.059185,0.0728,0.081702,0.090047
140.0,1.7227E-4,6.1993E-4,0.0019953,0.0049484,0.010773,0.020953,0.036421,0.05654,0.069718,0.078375,0.086526
150.0,1.6062E-4,5.8015E-4,0.0018743,0.0046662,0.010197,0.019908,0.034735,0.054122,0.06689,0.075311,0.083271
175.0,1.3668E-4,4.9777E-4,0.0016219,0.0040722,0.0089755,0.017673,0.031097,0.048858,0.060692,0.068571,0.076084
200.0,1.1804E-4,4.3298E-4,0.0014213,0.0035956,0.0079847,0.01584,0.02808,0.044449,0.055465,0.062854,0.069949
250.0,9.0411E-5,3.3667E-4,0.0011199,0.0028698,0.0064552,0.01297,0.02328,0.037354,0.046983,0.053513,0.059862
300.0,7.1916E-5,2.7057E-4,9.0936E-4,0.0023543,0.0053505,0.010862,0.019697,0.031907,0.040369,0.04617,0.051859
350.0,5.8458E-5,2.2186E-4,7.5217E-4,0.0019644,0.0045033,0.009222,0.01687,0.027566,0.035059,0.040237,0.045352
400.0,4.8279E-5,1.8462E-4,6.3064E-4,0.0016595,0.0038331,0.0079089,0.014577,0.024,0.030663,0.035297,0.039905
450.0,4.036E-5,1.5536E-4,5.3425E-4,0.0014152,0.0032907,0.0068352,0.012682,0.021019,0.026962,0.03112,0.035276
500.0,3.4064E-5,1.3191E-4,4.5631E-4,0.001216,0.0028443,0.0059431,0.011093,0.018495,0.023809,0.027546,0.031299
600.0,2.4802E-5,9.7039E-5,3.3915E-4,9.1313E-4,0.002158,0.0045559,0.0085916,0.014473,0.018747,0.021779,0.024849
700.0,1.8455E-5,7.2837E-5,2.5679E-4,6.9744E-4,0.0016627,0.0035408,0.0067358,0.011446,0.014904,0.017375,0.019893
800.0,1.3952E-5,5.5483E-5,1.9709E-4,5.3934E-4,0.0012955,0.0027798,0.0053281,0.0091226,0.011932,0.013953,0.016023
1000.0,8.2491E-6,3.322E-5,1.195E-4,3.3117E-4,8.0559E-4,0.0017505,0.0033978,0.0058913,0.0077643,0.0091248,0.010532
1200.0,5.0342E-6,2.0481E-5,7.4437E-5,2.0843E-4,5.123E-4,0.0011248,0.0022064,0.0038657,0.0051266,0.0060499,0.0070118
1500.0,2.4954E-6,1.0278E-5,3.783E-5,1.0728E-4,2.6705E-4,5.9388E-4,0.0011801,0.0020945,0.0027989,0.0033198,0.0038672
SA1P0
r\m,4.0,4.5,5.0,5.5,6.0,6.5,7.0,7.5,7.8,8.0,8.2
0.0,0.0016812,0.0060912,0.019358,0.04656,0.096185,0.17464,0.27727,0.38643,0.44231,0.47162,0.49259
1.0,0.0016812,0.0060912,0.019358,0.04656,0.096185,0.17464,0.27727,0.38643,0.44231,0.47162,0.49259
5.0,0.0016812,0.0060912,0.019358,0.04656,0.096185,0.17464,0.27727,0.38643,0.44231,0.47162,0.49259
10.0,0.0015748,0.0051837,0.016095,0.038511,0.079059,0.14356,0.23435,0.32508,0.37224,0.39935,0.42231
15.0,0.0010198,0.0033421,0.010617,0.02602,0.054721,0.10185,0.17028,0.24262,0.28195,0.30518,0.32547
20.0,6.3822E-4,0.0022042,0.007217,0.018136,0.039131,0.074591,0.12699,0.18573,0.21895,0.23886,0.25634
25.0,4.3294E-4,0.001564,0.0052471,0.013454,0.029638,0.057587,0.099483,0.14853,0.17715,0.19451,0.20984
30.0,3.1544E-4,0.0011785,0.0040296,0.0105,0.023518,0.046402,0.081136,0.12314,0.14825,0.16364,0.17733
40.0,1.935E-4,7.5626E-4,0.0026587,0.0070984,0.016299,0.032919,0.05868,0.091248,0.11143,0.12404,0.13541
50.0,1.3388E-4,5.3861E-4,0.0019311,0.0052479,0.012271,0.025215,0.045625,0.072205,0.089105,0.09984,0.10963
60.0,1.0073E-4,4.1379E-4,0.0015048,0.0041427,0.0098169,0.020426,0.037364,0.059867,0.074451,0.083834,0.092475
70.0,9.7289E-5,4.022E-4,0.0014573,0.0039917,0.0094172,0.019479,0.035341,0.056226,0.069722,0.078374,0.086274
80.0,9.7272E-5,3.9992E-4,0.0014413,0.0039265,0.0092138,0.018956,0.034202,0.054115,0.066885,0.075021,0.082396
90.0,9.708E-5,3.9725E-4,0.0014248,0.0038635,0.0090233,0.018476,0.033176,0.052237,0.064378,0.072069,0.078999
100.0,9.6758E-5,3.9427E-4,0.0014083,0.0038024,0.0088433,0.018031,0.032239,0.050542,0.062126,0.069429,0.075972
110.0,9.6333E-5,3.9105E-4,0.0013915,0.003743,0.0086723,0.017615,0.031373,0.04899,0.060079,0.067036,0.073241
120.0,9.5631E-5,3.8692E-4,0.0013725,0.0036798,0.0084986,0.017206,0.030545,0.047537,0.05818,0.064831,0.070735
130.0,8.8814E-5,3.6048E-4,0.001284,0.003458,0.008021,0.016311,0.029086,0.045456,0.055762,0.062232,0.068
140.0,8.267E-5,3.3689E-4,0.0012048,0.0032575,0.0075865,0.015489,0.02773,0.043506,0.053499,0.059805,0.065456
150.0,7.7261E-5,3.1601E-4,0.0011343,0.0030785,0.0071961,0.014747,0.026499,0.041726,0.051426,0.057575,0.06311
175.0,6.615E-5,2.7276E-4,9.8726E-4,0.002702,0.0063696,0.013162,0.023849,0.037862,0.046897,0.052684,0.057948
200.0,5.7488E-5,2.3873E-4,8.7042E-4,0.0023999,0.0056995,0.011864,0.021655,0.034632,0.043089,0.048549,0.053557
250.0,4.4625E-5,1.8807E-4,6.9471E-4,0.0019398,0.004665,0.0098336,0.018169,0.029446,0.036922,0.041809,0.046356
300.0,3.5977E-5,1.5316E-4,5.7151E-4,0.001612,0.0039162,0.0083391,0.015564,0.025463,0.032114,0.036512,0.040646
350.0,2.9647E-5,1.273E-4,4.791E-4,0.001363,0.0033396,0.0071724,0.013502,0.022278,0.028242,0.03222,0.035991
400.0,2.4827E-5,1.074E-4,4.072E-4,0.001167,0.0028808,0.0062332,0.011821,0.01965,0.025021,0.028631,0.032077
450.0,2.1047E-5,9.1643E-5,3.4975E-4,0.001009,0.002507,0.0054599,0.010423,0.017439,0.022293,0.025576,0.028729
500.0,1.8017E-5,7.8908E-5,3.0292E-4,8.7898E-4,0.0021968,0.0048125,0.0092406,0.015552,0.019951,0.022942,0.025831
600.0,1.3498E-5,5.9717E-5,2.3158E-4,6.7882E-4,0.0017138,0.0037926,0.0073565,0.012507,0.016143,0.018638,0.02107
700.0,1.0337E-5,4.6126E-5,1.8041E-4,5.3338E-4,0.0013582,0.0030315,0.0059307,0.01017,0.013193,0.015285,0.017339
800.0,8.0446E-6,3.6165E-5,1.425E-4,4.2444E-4,0.0010889,0.0024484,0.0048256,0.0083364,0.010863,0.012623,0.014362
1000.0,5.0422E-6,2.295E-5,9.1561E-5,2.7611E-4,7.1717E-4,0.0016327,0.0032581,0.0056987,0.0074815,0.0087367,0.0099895
1200.0,3.2631E-6,1.5002E-5,6.0461E-5,1.8419E-4,4.8331E-4,0.0011116,0.0022412,0.0039606,0.0052316,0.0061342,0.0070423
1500.0,1.7672E-6,8.2232E-6,3.3556E-5,1.0351E-4,2.7502E-4,6.4053E-4,0.001308,0.0023409,0.0031154,0.0036712,0.0042357
SA1P5
r\m,4.0,4.5,5.0,5.5,6.0,6.5,7.0,7.5,7.8,8.0,8.2
0.0,3.7398E-4,0.0016344,0.0061291,0.017012,0.039733,0.079719,0.13699,0.20209,0.23694,0.25555,0.26902
1.0,3.7398E-4,0.0016344,0.0061291,0.017012,0.039733,0.079719,0.13699,0.20209,0.23694,0.25555,0.26902
5.0,3.7398E-4,0.0016344,0.0061291,0.017012,0.039733,0.079719,0.13699,0.20209,0.23694,0.25555,0.26902
10.0,3.5975E-4,0.0014805,0.0054637,0.015098,0.035064,0.070257,0.12284,0.18033,0.21122,0.22863,0.24262
15.0,2.6925E-4,0.0010876,0.0040564,0.011363,0.026747,0.054401,0.096774,0.14436,0.1706,0.18575,0.19836
20.0,1.8717E-4,7.7876E-4,0.0029641,0.0084512,0.020252,0.041903,0.075595,0.11492,0.13723,0.15027,0.16126
25.0,1.3474E-4,5.7925E-4,0.0022461,0.0065045,0.015838,0.033263,0.060705,0.09381,0.11304,0.12441,0.13404
30.0,1.018E-4,4.4956E-4,0.0017703,0.0051937,0.012817,0.027254,0.050224,0.078661,0.095516,0.10557,0.11414
40.0,6.5195E-5,2.9907E-4,0.0012052,0.0036076,0.0090891,0.019705,0.036887,0.058959,0.072443,0.080626,0.087688
50.0,4.6309E-5,2.1782E-4,8.9244E-4,0.0027117,0.0069374,0.01526,0.028921,0.046916,0.058159,0.06508,0.071123
60.0,3.5632E-5,1.7078E-4,7.0823E-4,0.0021754,0.0056281,0.012509,0.02391,0.039176,0.048875,0.054913,0.060228
70.0,3.3673E-5,1.6285E-4,6.7609E-4,0.0020765,0.0053749,0.011936,0.022745,0.037179,0.04637,0.052099,0.05712
80.0,3.2791E-5,1.5855E-4,6.5797E-4,0.0020199,0.0052262,0.0116,0.022093,0.036095,0.045005,0.050555,0.055414
90.0,3.1994E-5,1.5466E-4,6.4159E-4,0.0019688,0.0050919,0.011297,0.021505,0.035118,0.043775,0.049165,0.05388
100.0,3.1265E-5,1.5109E-4,6.2657E-4,0.001922,0.004969,0.01102,0.020969,0.034226,0.042653,0.047897,0.052481
110.0,3.0589E-5,1.4779E-4,6.1266E-4,0.0018787,0.0048553,0.010764,0.020473,0.033403,0.041617,0.046727,0.051192
120.0,2.9886E-5,1.4438E-4,5.9842E-4,0.0018348,0.0047416,0.010511,0.01999,0.032608,0.040623,0.045608,0.049963
130.0,2.7922E-5,1.353E-4,5.6294E-4,0.0017329,0.0044957,0.010006,0.019106,0.031291,0.03907,0.043929,0.048192
140.0,2.6159E-5,1.2721E-4,5.3117E-4,0.0016408,0.0042721,0.0095415,0.018285,0.030047,0.037598,0.042336,0.046513
150.0,2.46E-5,1.2002E-4,5.0277E-4,0.0015583,0.0040706,0.0091217,0.017537,0.028912,0.03625,0.040873,0.044965
175.0,2.1371E-5,1.0502E-4,4.432E-4,0.0013839,0.0036422,0.0082221,0.015925,0.026445,0.033304,0.037665,0.041563
200.0,1.8825E-5,9.3093E-5,3.9544E-4,0.0012429,0.0032927,0.0074817,0.014585,0.024379,0.030824,0.034952,0.03867
250.0,1.4991E-5,7.5109E-5,3.2277E-4,0.0010259,0.0027485,0.0063151,0.012445,0.02105,0.026799,0.030524,0.033923
300.0,1.2364E-5,6.2509E-5,2.7105E-4,8.6935E-4,0.00235,0.0054483,0.010834,0.018478,0.023647,0.02703,0.030148
350.0,1.0409E-5,5.3028E-5,2.317E-4,7.4879E-4,0.0020396,0.0047648,0.0095472,0.016408,0.021093,0.024185,0.027056
400.0,8.8961E-6,4.5619E-5,2.0064E-4,6.5273E-4,0.0017897,0.0042086,0.0084887,0.014685,0.018953,0.021789,0.02444
450.0,7.6908E-6,3.9669E-5,1.7549E-4,5.7423E-4,0.0015836,0.0037458,0.0075993,0.013223,0.017126,0.019734,0.022187
500.0,6.7094E-6,3.4787E-5,1.547E-4,5.0884E-4,0.0014106,0.003354,0.0068398,0.011964,0.015543,0.017948,0.020221
600.0,5.2133E-6,2.7275E-5,1.2239E-4,4.062E-4,0.0011363,0.0027261,0.0056097,0.0099008,0.012933,0.014987,0.016947
700.0,4.1351E-6,2.1799E-5,9.8565E-5,3.2964E-4,9.2913E-4,0.0022462,0.0046575,0.0082831,0.01087,0.012634,0.01433
800.0,3.3296E-6,1.7669E-5,8.042E-5,2.7073E-4,7.6816E-4,0.0018694,0.0039018,0.0069849,0.0092024,0.010725,0.012196
1000.0,2.2293E-6,1.1961E-5,5.5044E-5,1.8736E-4,5.375E-4,0.0013225,0.002791,0.0050519,0.0066998,0.0078428,0.008958
1200.0,1.5378E-6,8.3241E-6,3.8655E-5,1.3277E-4,3.8437E-4,9.5438E-4,0.0020327,0.0037131,0.0049512,0.0058169,0.0066681
1500.0,9.1407E-7,5.0014E-6,2.3484E-5,8.1565E-5,2.3877E-4,5.9953E-4,0.0012915,0.0023859,0.0032028,0.0037795,0.0043517
SA2P0
r\m,4.0,4.5,5.0,5.5,6.0,6.5,7.0,7.5,7.8,8.0,8.2
0.0,1.3845E-4,6.6533E-4,0.0027272,0.0082238,0.020758,0.044725,0.082094,0.12857,0.15583,0.17163,0.1843
1.0,1.3845E-4,6.6533E-4,0.0027272,0.0082238,0.020758,0.044725,0.082094,0.12857,0.15583,0.17163,0.1843
5.0,1.3845E-4,6.6533E-4,0.0027272,0.0082238,0.020758,0.044725,0.082094,0.12857,0.15583,0.17163,0.1843
10.0,1.3512E-4,6.2447E-4,0.0025317,0.007608,0.019119,0.041128,0.07635,0.11908,0.14416,0.15912,0.17179
15.0,1.1088E-4,5.0143E-4,0.0020417,0.0061841,0.015657,0.033994,0.063921,0.10067,0.12254,0.13579,0.14732
20.0,8.3473E-5,3.8288E-4,0.0015801,0.0048465,0.012425,0.027321,0.051965,0.082991,0.10179,0.1133,0.1234
25.0,6.2878E-5,2.9512E-4,0.0012355,0.0038372,0.0099635,0.022173,0.042592,0.068939,0.085177,0.095197,0.10405
30.0,4.8667E-5,2.3342E-4,9.8998E-4,0.0031086,0.0081636,0.018361,0.03557,0.058244,0.072437,0.081251,0.08907
40.0,3.1792E-5,1.5768E-4,6.8253E-4,0.0021818,0.0058356,0.013353,0.02623,0.043741,0.054976,0.062045,0.068366
50.0,2.2709E-5,1.1525E-4,5.0654E-4,0.0016413,0.0044518,0.010322,0.020503,0.034657,0.043913,0.049802,0.055112
60.0,1.7595E-5,9.0998E-5,4.0449E-4,0.0013238,0.0036284,0.0084922,0.01699,0.028968,0.036914,0.042018,0.046642
70.0,1.629E-5,8.5197E-5,3.8066E-4,0.001251,0.0034443,0.0080888,0.016205,0.027679,0.035342,0.040288,0.044773
80.0,1.5485E-5,8.132E-5,3.6465E-4,0.0012026,0.0033231,0.0078318,0.015744,0.026987,0.034532,0.039421,0.043871
90.0,1.4794E-5,7.7962E-5,3.507E-4,0.0011602,0.0032159,0.0076026,0.01533,0.026357,0.03379,0.038622,0.043034
100.0,1.419E-5,7.5003E-5,3.3832E-4,0.0011223,0.0031196,0.0073952,0.014952,0.025777,0.033101,0.037877,0.042251
110.0,1.3654E-5,7.2356E-5,3.2719E-4,0.0010881,0.003032,0.0072051,0.014603,0.025237,0.032457,0.037177,0.041512
120.0,1.3139E-5,6.9799E-5,3.1638E-4,0.0010546,0.0029458,0.0070171,0.014256,0.024697,0.031808,0.036469,0.04076
130.0,1.2343E-5,6.5772E-5,2.9913E-4,0.0010007,0.0028051,0.0067059,0.013675,0.023777,0.030688,0.035235,0.039436
140.0,1.1632E-5,6.2175E-5,2.8368E-4,9.52E-4,0.002677,0.0064201,0.013133,0.022906,0.029621,0.034055,0.038165
150.0,1.0997E-5,5.8957E-5,2.6979E-4,9.0811E-4,0.0025611,0.0061604,0.012639,0.022107,0.02864,0.032966,0.036989
175.0,9.6712E-6,5.2184E-5,2.404E-4,8.1456E-4,0.0023128,0.0056001,0.011566,0.020362,0.026484,0.030568,0.034393
200.0,8.613E-6,4.6737E-5,2.1656E-4,7.3817E-4,0.0021083,0.0051348,0.010667,0.01889,0.024657,0.028526,0.032171
250.0,6.9929E-6,3.8398E-5,1.7979E-4,6.1902E-4,0.0017859,0.0043934,0.0092163,0.016496,0.021666,0.025166,0.028497
300.0,5.862E-6,3.245E-5,1.5317E-4,5.3167E-4,0.0015463,0.003835,0.0081103,0.014625,0.019299,0.022489,0.025547
350.0,5.0066E-6,2.7905E-5,1.3262E-4,4.6351E-4,0.0013574,0.0033895,0.0072173,0.013104,0.017363,0.020289,0.023111
400.0,4.3349E-6,2.4305E-5,1.162E-4,4.0853E-4,0.0012035,0.0030232,0.0064756,0.011828,0.015727,0.018421,0.021034
450.0,3.7928E-6,2.1377E-5,1.0274E-4,3.6311E-4,0.0010753,0.0027153,0.0058467,0.010735,0.014319,0.016807,0.019231
500.0,3.3461E-6,1.8948E-5,9.1494E-5,3.2488E-4,9.6659E-4,0.0024523,0.0053052,0.0097865,0.013091,0.015394,0.017647
600.0,2.654E-6,1.5151E-5,7.3756E-5,2.6403E-4,7.9194E-4,0.0020256,0.0044177,0.0082157,0.011043,0.013028,0.014984
700.0,2.1449E-6,1.2329E-5,6.0432E-5,2.1782E-4,6.5784E-4,0.0016941,0.0037203,0.0069663,0.0094026,0.011123,0.012828
800.0,1.7575E-6,1.0163E-5,5.0108E-5,1.8168E-4,5.5198E-4,0.00143,0.0031589,0.0059504,0.0080601,0.0095578,0.011049
1000.0,1.215E-6,7.0958E-6,3.5336E-5,1.294E-4,3.9706E-4,0.0010389,0.0023179,0.0044098,0.0060089,0.0071539,0.0083026
1200.0,8.6292E-7,5.0801E-6,2.5505E-5,9.4165E-5,2.9132E-4,7.6852E-4,0.0017289,0.0033165,0.0045414,0.0054244,0.0063158
1500.0,5.341E-7,3.175E-6,1.61E-5,6.0042E-5,1.8763E-4,5.0002E-4,0.0011364,0.0022023,0.003034,0.0036384,0.0042531
SA3P0
r\m,4.0,4.5,5.0,5.5,6.0,6.5,7.0,7.5,7.8,8.0,8.2
0.0,4.6396E-5,2.3041E-4,9.8995E-4,0.0031736,0.0086426,0.020371,0.041512,0.073197,0.095933,0.11162,0.1269
1.0,4.6396E-5,2.3041E-4,9.8995E-4,0.0031736,0.0086426,0.020371,0.041512,0.073197,0.095933,0.11162,0.1269
5.0,4.6396E-5,2.3041E-4,9.8995E-4,0.0031736,0.0086426,0.020371,0.041512,0.073197,0.095933,0.11162,0.1269
10.0,4.5751E-5,2.2203E-4,9.4756E-4,0.003031,0.0082307,0.019379,0.039758,0.069914,0.091551,0.10666,0.12166
15.0,4.046E-5,1.9269E-4,8.2328E-4,0.0026448,0.0072094,0.017067,0.035338,0.062488,0.082078,0.095877,0.10976
20.0,3.2988E-5,1.575E-4,6.7833E-4,0.002198,0.0060413,0.014431,0.030168,0.053871,0.07114,0.083376,0.095777
25.0,2.6117E-5,1.2633E-4,5.4995E-4,0.0017998,0.0049964,0.012053,0.02543,0.045913,0.060995,0.071737,0.082674
30.0,2.0684E-5,1.0168E-4,4.4756E-4,0.0014791,0.0041473,0.010101,0.02149,0.039213,0.052403,0.061839,0.071475
40.0,1.3546E-5,6.8615E-5,3.0798E-4,0.0010357,0.0029563,0.007324,0.015806,0.02937,0.039658,0.047085,0.054709
50.0,9.4806E-6,4.9151E-5,2.2411E-4,7.6445E-4,0.002214,0.0055616,0.012146,0.022896,0.03118,0.037209,0.043431
60.0,7.3268E-6,3.8867E-5,1.7941E-4,6.1837E-4,0.0018109,0.0045915,0.010086,0.019155,0.02623,0.031416,0.036773
70.0,6.7144E-6,3.5995E-5,1.6734E-4,5.8048E-4,0.0017113,0.0043656,0.0096374,0.018399,0.025286,0.03036,0.035617
80.0,6.2655E-6,3.3806E-5,1.5807E-4,5.5147E-4,0.0016351,0.0041948,0.0093118,0.017878,0.024654,0.029669,0.034885
90.0,5.8879E-6,3.1944E-5,1.5013E-4,5.2636E-4,0.0015685,0.0040441,0.0090216,0.017407,0.024078,0.029034,0.034206
100.0,5.5639E-6,3.0332E-5,1.4319E-4,5.0429E-4,0.0015095,0.0039094,0.0087597,0.016977,0.023546,0.028444,0.033572
110.0,5.2816E-6,2.8916E-5,1.3706E-4,4.8464E-4,0.0014566,0.0037875,0.0085207,0.01658,0.023052,0.027893,0.032976
120.0,5.0212E-6,2.7593E-5,1.3127E-4,4.659E-4,0.0014055,0.0036684,0.0082839,0.01618,0.022547,0.027323,0.032352
130.0,4.7366E-6,2.6116E-5,1.2467E-4,4.4407E-4,0.0013444,0.0035214,0.0079803,0.015643,0.021846,0.026513,0.031437
140.0,4.4828E-6,2.4797E-5,1.1875E-4,4.2433E-4,0.0012888,0.0033865,0.0076995,0.01514,0.021184,0.025744,0.030565
150.0,4.2555E-6,2.3609E-5,1.134E-4,4.0645E-4,0.0012382,0.0032632,0.0074413,0.014675,0.020572,0.025029,0.029753
175.0,3.7763E-6,2.1089E-5,1.0198E-4,3.6798E-4,0.0011287,0.0029947,0.0068748,0.013648,0.019209,0.023436,0.027937
200.0,3.3898E-6,1.904E-5,9.2619E-5,3.3621E-4,0.0010374,0.0027689,0.0063944,0.01277,0.018038,0.02206,0.026359
250.0,2.7908E-6,1.5861E-5,7.7979E-5,2.8597E-4,8.9144E-4,0.0024037,0.0056063,0.011317,0.016087,0.019754,0.0237
300.0,2.3665E-6,1.3561E-5,6.7222E-5,2.4856E-4,7.8123E-4,0.0021239,0.0049947,0.01016,0.014511,0.017878,0.02152
350.0,2.0419E-6,1.1783E-5,5.8814E-5,2.1899E-4,6.931E-4,0.0018975,0.0044934,0.0092044,0.013201,0.016309,0.019686
400.0,1.7843E-6,1.0359E-5,5.2019E-5,1.9487E-4,6.2048E-4,0.001709,0.0040715,0.0083907,0.012078,0.014957,0.018098
450.0,1.5745E-6,9.1895E-6,4.6394E-5,1.7473E-4,5.5932E-4,0.0015488,0.0037096,0.0076857,0.011098,0.013774,0.016702
500.0,1.4001E-6,8.2107E-6,4.1651E-5,1.5761E-4,5.0695E-4,0.0014105,0.0033945,0.0070665,0.010234,0.012725,0.015459
600.0,1.1268E-6,6.6629E-6,3.408E-5,1.3003E-4,4.2171E-4,0.001183,0.0028708,0.0060258,0.0087698,0.010941,0.013336
700.0,9.2288E-7,5.4954E-6,2.8305E-5,1.0876E-4,3.5518E-4,0.0010034,0.0024519,0.0051827,0.0075745,0.009476,0.011583
800.0,7.6563E-7,4.5867E-6,2.3768E-5,9.1879E-5,3.0189E-4,8.5801E-4,0.0021094,0.0044858,0.0065798,0.0082515,0.010111
1000.0,5.4157E-7,3.2774E-6,1.7156E-5,6.6994E-5,2.2236E-4,6.3842E-4,0.0015855,0.003406,0.0050263,0.0063289,0.0077863
1200.0,3.926E-7,2.3954E-6,1.2644E-5,4.9791E-5,1.6665E-4,4.8252E-4,0.0012085,0.0026182,0.0038832,0.0049058,0.0060557
1500.0,2.4998E-7,1.5405E-6,8.2154E-6,3.2687E-5,1.1054E-4,3.2339E-4,8.1853E-4,0.0017919,0.0026741,0.0033922,0.0042045
SA4P0
r\m,4.0,4.5,5.0,5.5,6.0,6.5,7.0,7.5,7.8,8.0,8.2
0.0,2.8362E-5,1.3279E-4,5.5288E-4,0.0017654,0.0049224,0.012209,0.026914,0.052765,0.074678,0.091958,0.11114
1.0,2.8362E-5,1.3279E-4,5.5288E-4,0.0017654,0.0049224,0.012209,0.026914,0.052765,0.074678,0.091958,0.11114
5.0,2.8362E-5,1.3279E-4,5.5288E-4,0.0017654,0.0049224,0.012209,0.026914,0.052765,0.074678,0.091958,0.11114
10.0,2.8008E-5,1.2846E-4,5.3173E-4,0.001695,0.0047156,0.01169,0.02593,0.050737,0.071774,0.088495,0.10727
15.0,2.5035E-5,1.1282E-4,4.6774E-4,0.001498,0.004185,0.010434,0.023364,0.045985,0.065265,0.080696,0.098178
20.0,2.0635E-5,9.3141E-5,3.8936E-4,0.0012585,0.0035473,0.00893,0.020209,0.040186,0.057362,0.071184,0.08694
25.0,1.6395E-5,7.4925E-5,3.1684E-4,0.0010354,0.0029507,0.0075106,0.01718,0.034576,0.04968,0.061899,0.075891
30.0,1.2929E-5,6.007E-5,2.5719E-4,8.5001E-4,0.0024499,0.0063057,0.01457,0.029678,0.042932,0.053703,0.066079
40.0,8.2793E-6,3.9745E-5,1.741E-4,5.875E-4,0.0017295,0.004543,0.010687,0.022243,0.032575,0.041051,0.050851
50.0,5.6266E-6,2.7747E-5,1.2389E-4,4.2546E-4,0.0012751,0.0034073,0.0081384,0.017242,0.025516,0.032363,0.040325
60.0,4.3321E-6,2.1958E-5,9.933E-5,3.4475E-4,0.0010451,0.0028189,0.006768,0.014444,0.021501,0.027377,0.034215
70.0,4.0507E-6,2.0631E-5,9.3619E-5,3.2583E-4,9.9065E-4,0.0026791,0.006446,0.01379,0.02056,0.026207,0.032785
80.0,3.8277E-6,1.9553E-5,8.8948E-5,3.1031E-4,9.4575E-4,0.0025637,0.006182,0.013255,0.019792,0.025251,0.031618
90.0,3.6366E-6,1.8624E-5,8.4903E-5,2.9682E-4,9.0655E-4,0.0024625,0.0059497,0.012783,0.01911,0.024402,0.030579
100.0,3.4704E-6,1.7811E-5,8.1348E-5,2.8492E-4,8.7185E-4,0.0023726,0.0057427,0.01236,0.018498,0.023638,0.029644
110.0,3.3236E-6,1.709E-5,7.8186E-5,2.743E-4,8.4079E-4,0.0022918,0.0055562,0.011977,0.017944,0.022945,0.028794
120.0,3.1754E-6,1.6361E-5,7.5019E-5,2.6377E-4,8.1031E-4,0.0022136,0.0053782,0.011618,0.017427,0.022303,0.028012
130.0,2.9833E-6,1.5434E-5,7.107E-5,2.5098E-4,7.7434E-4,0.0021245,0.0051839,0.011245,0.016911,0.02168,0.027275
140.0,2.8123E-6,1.4608E-5,6.7535E-5,2.3944E-4,7.4172E-4,0.0020431,0.0050053,0.010901,0.016432,0.021101,0.02659
150.0,2.66E-6,1.3868E-5,6.4351E-5,2.2902E-4,7.1207E-4,0.0019688,0.0048412,0.010582,0.015988,0.020562,0.02595
175.0,2.3415E-6,1.2308E-5,5.7594E-5,2.067E-4,6.4816E-4,0.0018072,0.0044812,0.0098769,0.014998,0.019355,0.024512
200.0,2.0876E-6,1.1052E-5,5.2102E-5,1.8839E-4,5.9514E-4,0.0016717,0.0041761,0.0092728,0.014144,0.018307,0.023254
250.0,1.6995E-6,9.1292E-6,4.3602E-5,1.5967E-4,5.1088E-4,0.0014533,0.003676,0.0082711,0.012715,0.01654,0.021117
300.0,1.4295E-6,7.7579E-6,3.7434E-5,1.385E-4,4.477E-4,0.0012867,0.0032881,0.0074707,0.011553,0.015092,0.019346
350.0,1.2257E-6,6.7101E-6,3.2661E-5,1.2189E-4,3.9746E-4,0.0011523,0.0029703,0.0068074,0.010583,0.013872,0.017844
400.0,1.066E-6,5.8798E-6,2.8836E-5,1.0843E-4,3.5624E-4,0.0010406,0.0027027,0.006241,0.009746,0.012814,0.016533
450.0,9.3719E-7,5.2039E-6,2.5691E-5,9.7253E-5,3.2165E-4,9.4582E-4,0.0024729,0.0057484,0.0090128,0.011881,0.01537
500.0,8.3106E-7,4.6421E-6,2.3055E-5,8.7793E-5,2.9209E-4,8.6405E-4,0.0022726,0.0053143,0.008362,0.011049,0.014329
600.0,6.6645E-7,3.7612E-6,1.8873E-5,7.2616E-5,2.441E-4,7.2956E-4,0.0019387,0.0045806,0.0072522,0.0096226,0.01253
700.0,5.4499E-7,3.1027E-6,1.5705E-5,6.0955E-5,2.067E-4,6.2318E-4,0.0016705,0.0039815,0.0063368,0.0084374,0.011025
800.0,4.5209E-7,2.5933E-6,1.3226E-5,5.1724E-5,1.7672E-4,5.3686E-4,0.00145,0.0034822,0.0055673,0.0074352,0.0097449
1000.0,3.2074E-7,1.8632E-6,9.6237E-6,3.8113E-5,1.3187E-4,4.057E-4,0.0011097,0.0026989,0.0043477,0.0058358,0.0076874
1200.0,2.3377E-7,1.372E-6,7.1612E-6,2.866E-5,1.0021E-4,3.1155E-4,8.6123E-4,0.0021168,0.0034314,0.0046252,0.0061181
1500.0,1.5058E-7,8.9492E-7,4.7315E-6,1.9183E-5,6.7941E-5,2.14E-4,5.9936E-4,0.0014925,0.0024382,0.0033034,0.0043921
SA5P0
r\m,4.0,4.5,5.0,5.5,6.0,6.5,7.0,7.5,7.8,8.0,8.2
0.0,2.1661E-5,9.4037E-5,3.7297E-4,0.0011655,0.0032677,0.0083728,0.019588,0.041872,0.063232,0.081745,0.10417
1.0,2.1661E-5,9.4037E-5,3.7297E-4,0.0011655,0.0032677,0.0083728,0.019588,0.041872,0.063232,0.081745,0.10417
5.0,2.1661E-5,9.4037E-5,3.7297E-4,0.0011655,0.0032677,0.0083728,0.019588,0.041872,0.063232,0.081745,0.10417
10.0,2.1376E-5,9.0821E-5,3.5815E-4,0.0011177,0.0031279,0.0080138,0.018877,0.040297,0.060851,0.078787,0.10071
15.0,1.898E-5,7.9233E-5,3.1331E-4,9.8371E-4,0.0027684,0.0071448,0.017015,0.03659,0.055484,0.072083,0.092535
20.0,1.5453E-5,6.4694E-5,2.5848E-4,8.2084E-4,0.0023355,0.0060992,0.014712,0.032033,0.048914,0.063833,0.082331
25.0,1.208E-5,5.1326E-5,2.0797E-4,6.6945E-4,0.0019306,0.0051105,0.012491,0.027594,0.042474,0.055706,0.072197
30.0,9.3562E-6,4.0529E-5,1.6672E-4,5.442E-4,0.0015915,0.0042708,0.010572,0.023697,0.036779,0.048476,0.063118
40.0,5.7767E-6,2.601E-5,1.1004E-4,3.6861E-4,0.0011066,0.0030458,0.0077139,0.017755,0.027978,0.037223,0.048888
50.0,3.7974E-6,1.7658E-5,7.6497E-5,2.6194E-4,8.0413E-4,0.0022616,0.0058416,0.013746,0.021946,0.029437,0.038958
60.0,2.9032E-6,1.3926E-5,6.115E-5,2.116E-4,6.5711E-4,0.0018651,0.004842,0.011483,0.018451,0.024854,0.033008
70.0,2.808E-6,1.344E-5,5.8819E-5,2.0282E-4,6.2772E-4,0.0017754,0.0045909,0.010848,0.017393,0.023396,0.031024
80.0,2.7312E-6,1.3034E-5,5.6867E-5,1.9547E-4,6.0308E-4,0.0017003,0.0043818,0.01032,0.016514,0.022186,0.029378
90.0,2.6626E-6,1.2674E-5,5.5136E-5,1.8898E-4,5.8142E-4,0.0016345,0.0041998,0.0098614,0.015753,0.021138,0.027958
100.0,2.6005E-6,1.2348E-5,5.3582E-5,1.8319E-4,5.6215E-4,0.0015762,0.0040392,0.0094583,0.015085,0.02022,0.026715
110.0,2.5436E-6,1.205E-5,5.2172E-5,1.7795E-4,5.448E-4,0.0015239,0.0038957,0.0090992,0.014491,0.019405,0.025614
120.0,2.4625E-6,1.1658E-5,5.0449E-5,1.72E-4,5.2641E-4,0.0014719,0.0037607,0.0087771,0.013972,0.018704,0.024679
130.0,2.2946E-6,1.0917E-5,4.7496E-5,1.6283E-4,5.0104E-4,0.0014086,0.0036181,0.0084883,0.013553,0.018181,0.024039
140.0,2.1457E-6,1.026E-5,4.4869E-5,1.546E-4,4.7814E-4,0.001351,0.003488,0.0082239,0.013172,0.017707,0.02346
150.0,2.0144E-6,9.6782E-6,4.2522E-5,1.4722E-4,4.5746E-4,0.0012987,0.0033689,0.0079806,0.012819,0.017265,0.022919
175.0,1.7445E-6,8.469E-6,3.7608E-5,1.316E-4,4.1336E-4,0.0011861,0.0031097,0.0074452,0.012036,0.016282,0.021708
200.0,1.5337E-6,7.5145E-6,3.3683E-5,1.1899E-4,3.7728E-4,0.0010928,0.0028922,0.0069898,0.011364,0.015431,0.020652
250.0,1.2203E-6,6.088E-6,2.7744E-5,9.9599E-5,3.2094E-4,9.4468E-4,0.00254,0.0062415,0.010248,0.014004,0.018863
300.0,1.009E-6,5.0997E-6,2.3544E-5,8.5629E-5,2.7953E-4,8.3356E-4,0.0022705,0.0056495,0.0093469,0.01284,0.017386
350.0,8.536E-7,4.3621E-6,2.0362E-5,7.4874E-5,2.4713E-4,7.4511E-4,0.0020521,0.0051625,0.0085977,0.011863,0.016134
400.0,7.344E-7,3.789E-6,1.7856E-5,6.6291E-5,2.2091E-4,6.7242E-4,0.0018697,0.0047487,0.0079542,0.011017,0.015041
450.0,6.4005E-7,3.3302E-6,1.5827E-5,5.9255E-5,1.9913E-4,6.1128E-4,0.0017141,0.0043904,0.0073912,0.010272,0.014071
500.0,5.6355E-7,2.9543E-6,1.4147E-5,5.3368E-5,1.807E-4,5.5892E-4,0.0015791,0.0040754,0.006892,0.0096074,0.0132
600.0,4.4721E-7,2.3753E-6,1.1524E-5,4.4044E-5,1.511E-4,4.7349E-4,0.0013554,0.0035439,0.0060405,0.0084645,0.011691
700.0,3.6323E-7,1.9507E-6,9.5694E-6,3.698E-5,1.2827E-4,4.0644E-4,0.0011764,0.0031101,0.0053363,0.0075109,0.01042
800.0,3.0008E-7,1.6271E-6,8.0588E-6,3.1442E-5,1.1011E-4,3.5226E-4,0.0010294,0.0027477,0.0047417,0.0066995,0.0093297
1000.0,2.1239E-7,1.1702E-6,5.8895E-6,2.3349E-5,8.3093E-5,2.7011E-4,8.0205E-4,0.0021754,0.0037904,0.00539,0.0075543
1200.0,1.5521E-7,8.6642E-7,4.4189E-6,1.7753E-5,6.4024E-5,2.1092E-4,6.3473E-4,0.0017447,0.0030643,0.0043806,0.0061721
1500.0,1.0103E-7,5.7306E-7,2.9709E-6,1.2133E-5,4.4478E-5,1.4896E-4,4.5577E-4,0.0012737,0.002259,0.0032506,0.0046099
SA7P5
r\m,4.0,4.5,5.0,5.5,6.0,6.5,7.0,7.5,7.8,8.0,8.2
0.0,1.0977E-5,4.4928E-5,1.7296E-4,5.4019E-4,0.001558,0.0042288,0.010788,0.025891,0.0425,0.058425,0.079538
1.0,1.0977E-5,4.4928E-5,1.7296E-4,5.4019E-4,0.001558,0.0042288,0.010788,0.025891,0.0425,0.058425,0.079538
5.0,1.0977E-5,4.4928E-5,1.7296E-4,5.4019E-4,0.001558,0.0042288,0.010788,0.025891,0.0425,0.058425,0.079538
10.0,1.0789E-5,4.2964E-5,1.643E-4,5.1266E-4,0.0014767,0.0040117,0.010329,0.024782,0.040712,0.056094,0.076674
15.0,9.259E-6,3.6153E-5,1.3909E-4,4.3835E-4,0.0012748,0.0035036,0.0091625,0.02224,0.036783,0.050941,0.070046
20.0,7.1551E-6,2.8177E-5,1.1018E-4,3.5325E-4,0.0010447,0.002922,0.0077828,0.019236,0.032144,0.044813,0.062038
25.0,5.3035E-6,2.1371E-5,8.5295E-5,2.7889E-4,8.4104E-4,0.0023986,0.0065092,0.016418,0.027751,0.038968,0.054321
30.0,3.9184E-6,1.6227E-5,6.6157E-5,2.2059E-4,6.784E-4,0.0019722,0.0054483,0.01402,0.02397,0.033895,0.047566
40.0,2.2481E-6,9.8044E-6,4.1529E-5,1.4348E-4,4.5734E-4,0.0013765,0.0039251,0.010467,0.01827,0.026173,0.037182
50.0,1.4022E-6,6.3757E-6,2.7875E-5,9.9205E-5,3.2585E-4,0.0010097,0.0029578,0.0081241,0.014431,0.020905,0.030014
60.0,1.042E-6,4.9114E-6,2.1815E-5,7.8622E-5,2.618E-4,8.2053E-4,0.0024233,0.0067329,0.012061,0.01757,0.025356
70.0,1.0692E-6,4.984E-6,2.1821E-5,7.7482E-5,2.5427E-4,7.8506E-4,0.0022821,0.0062453,0.011092,0.016066,0.02305
80.0,1.1065E-6,5.0856E-6,2.1963E-5,7.6927E-5,2.4903E-4,7.5845E-4,0.0021744,0.0058687,0.010337,0.01489,0.021242
90.0,1.1397E-6,5.174E-6,2.2075E-5,7.6389E-5,2.4431E-4,7.3508E-4,0.0020817,0.0055492,0.009702,0.013907,0.01974
100.0,1.1697E-6,5.2514E-6,2.2163E-5,7.5864E-5,2.4E-4,7.1429E-4,0.0020006,0.0052737,0.0091586,0.01307,0.018469
110.0,1.1967E-6,5.3198E-6,2.2232E-5,7.5352E-5,2.3604E-4,6.9554E-4,0.0019287,0.0050326,0.0086874,0.012347,0.017378
120.0,1.1976E-6,5.288E-6,2.1968E-5,7.402E-5,2.305E-4,6.7514E-4,0.0018606,0.0048231,0.0082922,0.011754,0.016498
130.0,1.0989E-6,4.8832E-6,2.0435E-5,6.9378E-5,2.1765E-4,6.4227E-4,0.0017828,0.0046531,0.0080315,0.011415,0.016063
140.0,1.012E-6,4.5287E-6,1.9085E-5,6.5244E-5,2.0613E-4,6.1251E-4,0.0017122,0.0044999,0.0078002,0.011118,0.015691
150.0,9.3682E-7,4.2194E-6,1.7897E-5,6.1587E-5,1.9584E-4,5.8579E-4,0.0016482,0.00436,0.0075878,0.010844,0.015345
175.0,7.8651E-7,3.5938E-6,1.5469E-5,5.4019E-5,1.7434E-4,5.2918E-4,0.001511,0.0040559,0.0071215,0.010238,0.014575
200.0,6.7351E-7,3.1166E-6,1.3589E-5,4.8075E-5,1.5718E-4,4.8329E-4,0.0013979,0.0038013,0.0067269,0.0097215,0.013912
250.0,5.1314E-7,2.4334E-6,1.0852E-5,3.9252E-5,1.312E-4,4.1241E-4,0.0012191,0.003391,0.0060815,0.0088664,0.0128
300.0,4.1073E-7,1.9828E-6,9.0018E-6,3.3144E-5,1.1278E-4,3.6087E-4,0.001086,0.0030733,0.0055704,0.0081796,0.011894
350.0,3.3864E-7,1.6596E-6,7.6493E-6,2.8593E-5,9.8769E-5,3.2086E-4,9.8025E-4,0.0028163,0.005151,0.0076097,0.011132
400.0,2.8534E-7,1.4169E-6,6.6164E-6,2.5058E-5,8.7699E-5,2.8865E-4,8.9347E-4,0.0026009,0.0047944,0.0071201,0.01047
450.0,2.4448E-7,1.2281E-6,5.8014E-6,2.2227E-5,7.8695E-5,2.6202E-4,8.2048E-4,0.0024162,0.0044849,0.0066913,0.0098854
500.0,2.1225E-7,1.0772E-6,5.1418E-6,1.9904E-5,7.1205E-5,2.3955E-4,7.5791E-4,0.0022551,0.004212,0.0063102,0.009361
600.0,1.6487E-7,8.5191E-7,4.1397E-6,1.6315E-5,5.9418E-5,2.0351E-4,6.555E-4,0.0019856,0.0037488,0.0056566,0.0084517
700.0,1.3196E-7,6.9229E-7,3.4154E-6,1.3666E-5,5.0529E-5,1.7571E-4,5.7459E-4,0.0017671,0.0033667,0.0051108,0.0076827
800.0,1.0797E-7,5.7391E-7,2.8688E-6,1.163E-5,4.3571E-5,1.5351E-4,5.0864E-4,0.0015849,0.0030435,0.0046445,0.0070186
1000.0,7.5747E-8,4.1154E-7,2.1028E-6,8.7139E-6,3.337E-5,1.2018E-4,4.0702E-4,0.0012964,0.0025224,0.0038833,0.00592
1200.0,5.5401E-8,3.0645E-7,1.5945E-6,6.7285E-6,2.6239E-5,9.6233E-5,3.3193E-4,0.0010767,0.0021178,0.0032841,0.0050429
1500.0,3.6546E-8,2.0663E-7,1.0994E-6,4.7441E-6,1.8919E-5,7.0962E-5,2.5035E-4,8.305E-4,0.0016556,0.0025904,0.0040133
SA10P0
r\m,4.0,4.5,5.0,5.5,6.0,6.5,7.0,7.5,7.8,8.0,8.2
0.0,3.6263E-6,1.6441E-5,6.6824E-5,2.4349E-4,7.947E-4,0.0023261,0.0060991,0.014338,0.022715,0.030204,0.039468
1.0,3.6263E-6,1.6441E-5,6.6824E-5,2.4349E-4,7.947E-4,0.0023261,0.0060991,0.014338,0.022715,0.030204,0.039468
5.0,3.6263E-6,1.6441E-5,6.6824E-5,2.4349E-4,7.947E-4,0.0023261,0.0060991,0.014338,0.022715,0.030204,0.039468
10.0,3.5676E-6,1.5759E-5,6.3632E-5,2.3161E-4,7.5473E-4,0.0022104,0.0058462,0.013734,0.021769,0.029006,0.038049
15.0,3.0845E-6,1.3357E-5,5.4199E-5,1.9904E-4,6.5411E-4,0.0019359,0.0051948,0.012332,0.019666,0.026328,0.034728
20.0,2.404E-6,1.0475E-5,4.3138E-5,1.6094E-4,5.3709E-4,0.0016156,0.0044107,0.010649,0.017144,0.023093,0.030655
25.0,1.79E-6,7.9624E-6,3.3424E-5,1.2702E-4,4.3174E-4,0.0013227,0.003676,0.0090474,0.014724,0.019969,0.026683
30.0,1.3222E-6,6.0349E-6,2.585E-5,1.0009E-4,3.4665E-4,0.0010817,0.0030582,0.007673,0.012625,0.017238,0.023181
40.0,7.5124E-7,3.605E-6,1.6026E-5,6.4226E-5,2.303E-4,7.4329E-4,0.0021671,0.0056301,0.0094525,0.013069,0.017784
50.0,4.6149E-7,2.3077E-6,1.0584E-5,4.3669E-5,1.6128E-4,5.3561E-4,0.0016034,0.0042885,0.0073251,0.010239,0.014077
60.0,3.3895E-7,1.761E-6,8.2178E-6,3.4386E-5,1.2893E-4,4.3358E-4,0.0013087,0.0035408,0.0061009,0.0085775,0.011854
70.0,3.3563E-7,1.7365E-6,8.0534E-6,3.3478E-5,1.2473E-4,4.1667E-4,0.0012485,0.0033549,0.0057584,0.0080754,0.01113
80.0,3.3465E-7,1.7211E-6,7.934E-6,3.2785E-5,1.2142E-4,4.0318E-4,0.0012007,0.0032067,0.0054841,0.007672,0.010547
90.0,3.3345E-7,1.7058E-6,7.8216E-6,3.2148E-5,1.1843E-4,3.9115E-4,0.0011585,0.003077,0.0052451,0.0073217,0.010043
100.0,3.3208E-7,1.6906E-6,7.715E-6,3.1558E-5,1.157E-4,3.8028E-4,0.0011208,0.0029621,0.0050341,0.0070134,0.0096014
110.0,3.3056E-7,1.6756E-6,7.6133E-6,3.1006E-5,1.1318E-4,3.7036E-4,0.0010867,0.0028589,0.0048458,0.0067389,0.0092091
120.0,3.2452E-7,1.6411E-6,7.4429E-6,3.0256E-5,1.1024E-4,3.6006E-4,0.0010544,0.0027674,0.0046841,0.0065079,0.0088848
130.0,3.0279E-7,1.5397E-6,7.0248E-6,2.8734E-5,1.0533E-4,3.4614E-4,0.0010197,0.0026918,0.0045714,0.0063659,0.0087104
140.0,2.8338E-7,1.4492E-6,6.6504E-6,2.7357E-5,1.0087E-4,3.3336E-4,9.8767E-4,0.0026221,0.0044688,0.0062375,0.0085548
150.0,2.6625E-7,1.3689E-6,6.3147E-6,2.6117E-5,9.6807E-5,3.2166E-4,9.5813E-4,0.0025573,0.0043725,0.0061164,0.008407
175.0,2.3091E-7,1.2012E-6,5.6082E-6,2.3475E-5,8.8074E-5,2.9618E-4,8.9291E-4,0.002412,0.0041541,0.0058395,0.0080658
200.0,2.032E-7,1.0681E-6,5.0396E-6,2.132E-5,8.0843E-5,2.7476E-4,8.3714E-4,0.0022854,0.0039614,0.0055923,0.0077574
250.0,1.6182E-7,8.678E-7,4.1711E-6,1.7969E-5,6.9378E-5,2.4009E-4,7.4467E-4,0.002071,0.0036294,0.0051606,0.0072104
300.0,1.3377E-7,7.2793E-7,3.5503E-6,1.5519E-5,6.0802E-5,2.1351E-4,6.7196E-4,0.0018955,0.0033505,0.0047922,0.006735
350.0,1.1306E-7,6.2288E-7,3.0757E-6,1.3612E-5,5.3995E-5,1.9196E-4,6.1168E-4,0.0017469,0.0031109,0.0044716,0.0063156
400.0,9.7123E-8,5.4086E-7,2.6995E-6,1.2076E-5,4.8419E-5,1.74E-4,5.6041E-4,0.0016177,0.0028995,0.0041856,0.0059371
450.0,8.4481E-8,4.7494E-7,2.393E-6,1.0807E-5,4.3743E-5,1.5869E-4,5.1597E-4,0.0015036,0.0027103,0.0039274,0.005592
500.0,7.4214E-8,4.2077E-7,2.1381E-6,9.7381E-6,3.9752E-5,1.4544E-4,4.7691E-4,0.0014016,0.0025394,0.0036921,0.0052749
600.0,5.8579E-8,3.3704E-7,1.738E-6,8.0327E-6,3.3275E-5,1.2354E-4,4.111E-4,0.0012261,0.002241,0.0032774,0.00471
700.0,4.7288E-8,2.7547E-7,1.4383E-6,6.7305E-6,2.8229E-5,1.0612E-4,3.5753E-4,0.0010796,0.0019881,0.002922,0.0042202
800.0,3.8807E-8,2.2851E-7,1.206E-6,5.7046E-6,2.4185E-5,9.1897E-5,3.1297E-4,9.553E-4,0.0017705,0.0026135,0.0037909
1000.0,2.7069E-8,1.6228E-7,8.7201E-7,4.1996E-6,1.8128E-5,7.0131E-5,2.4317E-4,7.5573E-4,0.0014158,0.002105,0.0030754
1200.0,1.9476E-8,1.1849E-7,6.4626E-7,3.1591E-6,1.3841E-5,5.4354E-5,1.9131E-4,6.0351E-4,0.0011408,0.0017062,0.0025075
1500.0,1.2369E-8,7.6615E-8,4.256E-7,2.119E-6,9.4564E-6,3.7825E-5,1.3562E-4,4.358E-4,8.3283E-4,0.0012548,0.0018576
