PGA
r\m,4.0,4.5,5.0,5.5,6.0,6.5,7.0,7.5,7.8,8.0,8.2
0.0,0.19624,0.33318,0.50293,0.69096,0.86070,0.99139,1.1424,1.2627,1.2885,1.2852,1.2750
1.0,0.16434,0.28650,0.44249,0.62007,0.78573,0.91852,1.0670,1.1807,1.2094,1.2096,1.2023
5.0,0.080892,0.15475,0.26183,0.39958,0.54652,0.67963,0.81831,0.92751,0.96425,0.97475,0.97741
10.0,0.043227,0.084815,0.15086,0.24503,0.35686,0.47573,0.59694,0.69408,0.74006,0.76049,0.77692
15.0,0.026066,0.052165,0.095594,0.16104,0.24699,0.34674,0.45031,0.54038,0.58234,0.60795,0.62784
20.0,0.017179,0.035347,0.066534,0.11552,0.18307,0.26519,0.35392,0.43660,0.47647,0.49980,0.52178
25.0,0.012256,0.025707,0.049281,0.087349,0.14161,0.20990,0.28675,0.36225,0.40078,0.42259,0.44361
30.0,0.0092591,0.019709,0.038311,0.068962,0.11367,0.17135,0.23843,0.30708,0.34378,0.36534,0.38416
40.0,0.0058940,0.012822,0.025472,0.046927,0.079195,0.12248,0.17505,0.23221,0.26420,0.28342,0.30096
50.0,0.0041147,0.0090970,0.018374,0.034443,0.059144,0.093212,0.13596,0.18421,0.21217,0.23020,0.24717
60.0,0.0031045,0.0069569,0.014238,0.027054,0.047101,0.075239,0.11128,0.15282,0.17805,0.19438,0.21003
70.0,0.0024672,0.0055894,0.011558,0.022189,0.039048,0.063033,0.094141,0.13115,0.15402,0.16908,0.18371
80.0,0.0020333,0.0046496,0.0097023,0.018800,0.033392,0.054376,0.081927,0.11529,0.13615,0.15003,0.16366
90.0,0.0017112,0.0039447,0.0082943,0.016208,0.029011,0.047581,0.072327,0.10263,0.12180,0.13467,0.14739
100.0,0.0014622,0.0033954,0.0071889,0.014153,0.025508,0.042118,0.064513,0.092246,0.10995,0.12193,0.13384
110.0,0.0012653,0.0029577,0.0063015,0.012487,0.022638,0.037603,0.057963,0.083411,0.099791,0.11094,0.12210
120.0,0.0011063,0.0026019,0.0055759,0.011114,0.020264,0.033840,0.052469,0.075955,0.091183,0.10161,0.11208
130.0,0.00096862,0.0022915,0.0049406,0.0099062,0.018160,0.030504,0.047581,0.069295,0.083486,0.093252,0.10311
140.0,0.00085229,0.0020273,0.0043963,0.0088627,0.016328,0.027579,0.043265,0.063375,0.076636,0.085813,0.095122
150.0,0.00075478,0.0018046,0.0039346,0.0079727,0.014755,0.025054,0.039518,0.058206,0.070631,0.079278,0.088084
175.0,0.00057438,0.0013883,0.0030635,0.0062758,0.011735,0.020164,0.032206,0.048041,0.058774,0.066328,0.074101
200.0,0.00045155,0.0011019,0.0024571,0.0050794,0.0095864,0.016643,0.026880,0.040551,0.049977,0.056678,0.063629
250.0,0.00028352,0.00070863,0.0016148,0.0034056,0.0065484,0.011581,0.019080,0.029358,0.036601,0.041827,0.047321
300.0,0.00019087,0.00048706,0.0011311,0.0024296,0.0047415,0.0085109,0.014253,0.022286,0.028044,0.032253,0.036783
350.0,0.00013497,0.00035091,0.00082914,0.0018090,0.0035771,0.0065056,0.011046,0.017516,0.022223,0.025731,0.029510
400.0,9.9022e-05,0.00026182,0.00062847,0.0013901,0.0027814,0.0051182,0.0087953,0.014123,0.018064,0.021024,0.024231
450.0,7.4948e-05,0.00020110,0.00048920,0.0010910,0.0022071,0.0041052,0.0071327,0.011586,0.014929,0.017454,0.020209
500.0,5.7973e-05,0.00015767,0.00038828,0.00087282,0.0017839,0.0033513,0.0058811,0.0096562,0.012523,0.014700,0.017090
600.0,3.7298e-05,0.00010351,0.00025986,0.00059225,0.0012277,0.0023409,0.0041727,0.0069757,0.0091450,0.010809,0.012667
700.0,2.4581e-05,6.9691e-05,0.00017787,0.00041131,0.00086576,0.0016765,0.0030313,0.0051483,0.0068107,0.0081031,0.0095503
800.0,1.6816e-05,4.8438e-05,0.00012564,0.00029443,0.00062791,0.0012314,0.0022570,0.0038841,0.0051775,0.0061902,0.0073308
1000.0,8.4091e-06,2.4936e-05,6.6350e-05,0.00015885,0.00034631,0.00069656,0.0013089,0.0022929,0.0030871,0.0037101,0.0044125
1200.0,4.4849e-06,1.3561e-05,3.6574e-05,9.0086e-05,0.00020012,0.00040939,0.00077940,0.0013793,0.0018667,0.0022520,0.0026885
1500.0,1.7946e-06,5.5936e-06,1.5571e-05,3.9175e-05,8.9168e-05,0.00018713,0.00036390,0.00065511,0.00089472,0.0010849,0.0013009
PGV
r\m,4.0,4.5,5.0,5.5,6.0,6.5,7.0,7.5,7.8,8.0,8.2
0.0,3.7113,7.7024,13.911,21.670,29.704,38.216,51.082,65.982,73.960,78.976,83.502
1.0,2.9392,6.3250,11.818,18.983,26.678,34.936,47.083,60.808,68.389,73.157,77.431
5.0,1.1925,2.8727,6.1074,11.310,17.949,25.672,36.244,48.130,54.987,59.404,63.499
10.0,0.60121,1.5026,3.3689,6.7112,11.729,18.586,27.446,37.215,44.157,48.634,53.574
15.0,0.37227,0.94646,2.1821,4.5093,8.3574,14.078,21.617,30.305,35.999,40.527,45.112
20.0,0.25393,0.66138,1.5650,3.3320,6.3901,11.136,17.625,25.501,30.571,34.323,38.712
25.0,0.18578,0.49218,1.1875,2.5835,5.0671,9.0536,14.733,21.899,26.636,29.910,33.785
30.0,0.14403,0.38671,0.94695,2.0932,4.1690,7.5781,12.594,19.132,23.571,26.693,29.916
40.0,0.096332,0.26448,0.66219,1.4992,3.0673,5.6935,9.7266,15.276,19.098,21.756,24.547
50.0,0.070289,0.19642,0.50039,1.1538,2.4092,4.5355,7.9057,12.687,16.008,18.516,21.208
60.0,0.055184,0.15642,0.40396,0.94434,1.9989,3.7985,6.7174,10.904,13.965,16.246,18.715
70.0,0.045036,0.12921,0.33761,0.79843,1.7124,3.2863,5.8488,9.6478,12.439,14.538,16.827
80.0,0.037934,0.11001,0.29039,0.69384,1.5059,2.9158,5.2248,8.7046,11.274,13.218,15.348
90.0,0.032513,0.095212,0.25363,0.61338,1.3415,2.6170,4.7260,7.9384,10.319,12.127,14.115
100.0,0.028263,0.083506,0.22428,0.54841,1.2079,2.3731,4.3139,7.2997,9.5186,11.212,13.077
110.0,0.024855,0.074039,0.20040,0.49492,1.0971,2.1700,3.9673,6.7584,8.8376,10.431,12.195
120.0,0.022068,0.066242,0.18055,0.45013,1.0054,1.9975,3.6718,6.2932,8.2525,9.7559,11.423
130.0,0.019721,0.059639,0.16367,0.41158,0.92420,1.8479,3.4138,5.8845,7.7346,9.1594,10.743
140.0,0.017707,0.053925,0.14894,0.37760,0.85184,1.7137,3.1823,5.5145,7.2672,8.6212,10.129
150.0,0.015997,0.049046,0.13629,0.34832,0.78889,1.5964,2.9784,5.1874,6.8525,8.1430,9.5846
175.0,0.012671,0.039433,0.11110,0.28881,0.66035,1.3535,2.5539,4.5022,5.9866,7.1452,8.4464
200.0,0.010290,0.032452,0.092545,0.24370,0.56297,1.1666,2.2243,3.9642,5.3061,6.3604,7.5523
250.0,0.0071487,0.023056,0.067210,0.18040,0.42560,0.89885,1.7458,3.1668,4.2977,5.1996,6.2313
300.0,0.0052495,0.017260,0.051266,0.14084,0.33688,0.72039,1.4170,2.6038,3.5715,4.3530,5.2884
350.0,0.0040077,0.013404,0.040483,0.11349,0.27462,0.59374,1.1814,2.1949,3.0373,3.7426,4.5759
400.0,0.0031484,0.010695,0.032790,0.093579,0.22875,0.49954,1.0044,1.8839,2.6351,3.2677,4.0170
450.0,0.0025872,0.0088943,0.027555,0.078268,0.19352,0.42646,0.86567,1.6380,2.3150,2.8845,3.5630
500.0,0.0021541,0.0074896,0.023438,0.066333,0.16601,0.36887,0.75528,1.4421,2.0544,2.5714,3.1903
600.0,0.0015434,0.0054809,0.017450,0.049776,0.12603,0.28416,0.59055,1.1500,1.6563,2.0884,2.6102
700.0,0.0011450,0.0041435,0.013403,0.038524,0.098743,0.22555,0.47472,0.94003,1.3666,1.7338,2.1806
800.0,0.00087241,0.0032117,0.010542,0.030704,0.079085,0.18302,0.38991,0.78286,1.1473,1.4633,1.8501
1000.0,0.00053718,0.0020384,0.0068774,0.020523,0.053747,0.12635,0.27521,0.56456,0.83899,1.0798,1.3775
1200.0,0.00035022,0.0013640,0.0047155,0.014384,0.038245,0.091188,0.20236,0.42265,0.63535,0.82402,1.0593
1500.0,0.00018929,0.00076744,0.0027535,0.0087150,0.023859,0.058390,0.13278,0.28399,0.43316,0.56718,0.73599
SA0P01
r\m,4.0,4.5,5.0,5.5,6.0,6.5,7.0,7.5,7.8,8.0,8.2
0.0,0.25650,0.42551,0.63373,0.85369,1.0492,1.2039,1.3938,1.5428,1.5803,1.5808,1.5706
1.0,0.22031,0.37175,0.56298,0.77049,0.96104,1.1178,1.3032,1.4442,1.4846,1.4888,1.4820
5.0,0.11491,0.21025,0.34519,0.50950,0.68107,0.83881,1.0104,1.1441,1.1927,1.2078,1.2120
10.0,0.062566,0.11581,0.19939,0.31297,0.44410,0.58522,0.73581,0.85665,0.91535,0.94194,0.96244
15.0,0.036599,0.069562,0.12380,0.20218,0.30339,0.42222,0.55005,0.66253,0.71735,0.74994,0.77525
20.0,0.023548,0.046305,0.084891,0.14324,0.22271,0.32028,0.42908,0.53187,0.58391,0.61430,0.64216
25.0,0.016514,0.033222,0.062134,0.10718,0.17079,0.25165,0.34519,0.43852,0.48826,0.51680,0.54378
30.0,0.012319,0.025212,0.047870,0.083956,0.13617,0.20423,0.28525,0.36950,0.41644,0.44435,0.46906
40.0,0.0076993,0.016156,0.031398,0.056450,0.093841,0.14456,0.20737,0.27650,0.31672,0.34125,0.36380
50.0,0.0052859,0.011304,0.022368,0.040977,0.069365,0.10898,0.15945,0.21694,0.25149,0.27389,0.29512
60.0,0.0039106,0.0084988,0.017070,0.031753,0.054542,0.086900,0.12890,0.17770,0.20826,0.22817,0.24734
70.0,0.0030449,0.0067080,0.013633,0.025670,0.044610,0.071861,0.10760,0.15047,0.17770,0.19574,0.21336
80.0,0.0024741,0.0055107,0.011313,0.021525,0.037780,0.061408,0.092739,0.13095,0.15544,0.17182,0.18797
90.0,0.0020493,0.0046107,0.0095504,0.018344,0.032483,0.053181,0.081030,0.11533,0.13751,0.15247,0.16730
100.0,0.0017249,0.0039169,0.0081795,0.015847,0.028284,0.046629,0.071578,0.10262,0.12284,0.13657,0.15027
110.0,0.0014714,0.0033697,0.0070894,0.013839,0.024872,0.041262,0.063724,0.091915,0.11040,0.12302,0.13568
120.0,0.0012691,0.0029295,0.0062063,0.012201,0.022065,0.036820,0.057184,0.082950,0.099934,0.11159,0.12334
130.0,0.0010963,0.0025501,0.0054411,0.010773,0.019608,0.032915,0.051416,0.075014,0.090666,0.10147,0.11239
140.0,0.00095219,0.0022309,0.0047926,0.0095529,0.017489,0.029523,0.046372,0.068028,0.082496,0.092532,0.10273
150.0,0.00083289,0.0019647,0.0042479,0.0085208,0.015684,0.026617,0.042026,0.061979,0.075398,0.084755,0.094298
175.0,0.00061185,0.0014662,0.0032178,0.0065488,0.012205,0.020963,0.033501,0.050007,0.061274,0.069214,0.077388
200.0,0.00046443,0.0011290,0.0025113,0.0051764,0.0097552,0.016933,0.027355,0.041276,0.050904,0.057752,0.064856
250.0,0.00029020,0.00072291,0.0016438,0.0034582,0.0066415,0.011744,0.019351,0.029779,0.037143,0.042458,0.048046
300.0,0.00019461,0.00049515,0.0011477,0.0024597,0.0047957,0.0086071,0.014416,0.022540,0.028375,0.032639,0.037229
350.0,0.00013718,0.00035571,0.00083905,0.0018270,0.0036099,0.0065644,0.011146,0.017674,0.022429,0.025973,0.029790
400.0,0.00010037,0.00026477,0.00063456,0.0014011,0.0028015,0.0051548,0.0088581,0.014223,0.018194,0.021177,0.024408
450.0,7.5786e-05,0.00020293,0.00049297,0.0010979,0.0022197,0.0041283,0.0071724,0.011649,0.015012,0.017550,0.020320
500.0,5.8504e-05,0.00015882,0.00039064,0.00087715,0.0017918,0.0033659,0.0059061,0.0096955,0.012574,0.014761,0.017159
600.0,3.7508e-05,0.00010396,0.00026074,0.00059383,0.0012306,0.0023463,0.0041819,0.0069897,0.0091632,0.010830,0.012690
700.0,2.4668e-05,6.9863e-05,0.00017820,0.00041186,0.00086674,0.0016783,0.0030343,0.0051523,0.0068158,0.0081086,0.0095559
800.0,1.6850e-05,4.8499e-05,0.00012574,0.00029455,0.00062809,0.0012317,0.0022574,0.0038842,0.0051775,0.0061902,0.0073308
1000.0,8.4119e-06,2.4936e-05,6.6350e-05,0.00015885,0.00034631,0.00069656,0.0013089,0.0022929,0.0030871,0.0037101,0.0044125
1200.0,4.4849e-06,1.3561e-05,3.6574e-05,9.0086e-05,0.00020012,0.00040939,0.00077940,0.0013793,0.0018667,0.0022520,0.0026885
1500.0,1.7946e-06,5.5936e-06,1.5571e-05,3.9175e-05,8.9168e-05,0.00018713,0.00036390,0.00065511,0.00089472,0.0010849,0.0013009
SA0P02
r\m,4.0,4.5,5.0,5.5,6.0,6.5,7.0,7.5,7.8,8.0,8.2
0.0,0.41989,0.67861,0.99462,1.3093,1.5825,1.8058,2.0977,2.3224,2.3869,2.3948,2.3822
1.0,0.36785,0.60087,0.89116,1.1877,1.4536,1.6793,1.9623,2.1748,2.2430,2.2558,2.2481
5.0,0.20001,0.35294,0.56436,0.80590,1.0507,1.2795,1.5392,1.7386,1.8170,1.8436,1.8511
10.0,0.11040,0.19505,0.32631,0.49523,0.68326,0.88802,1.1171,1.3001,1.3931,1.4359,1.4685
15.0,0.063177,0.11486,0.19886,0.31431,0.45991,0.63289,0.82617,0.99775,1.0857,1.1375,1.1779
20.0,0.039956,0.075333,0.13446,0.21979,0.33392,0.47545,0.63891,0.79531,0.87851,0.92735,0.97165
25.0,0.027677,0.053435,0.097341,0.16271,0.25366,0.37049,0.50994,0.65133,0.73014,0.77595,0.81902
30.0,0.020454,0.040202,0.074362,0.12641,0.20077,0.29867,0.41849,0.54525,0.61904,0.66340,0.70323
40.0,0.012611,0.025434,0.048154,0.083931,0.13667,0.20906,0.30088,0.40331,0.46552,0.50391,0.53945
50.0,0.0085667,0.017611,0.033953,0.060302,0.099980,0.15611,0.22904,0.31287,0.36548,0.39982,0.43259
60.0,0.0062491,0.013056,0.025547,0.046088,0.077519,0.12283,0.18271,0.25285,0.29863,0.32865,0.35772
70.0,0.0047916,0.010146,0.020083,0.036680,0.062408,0.10003,0.15016,0.21093,0.25108,0.27788,0.30419
80.0,0.0038572,0.0082523,0.016494,0.030434,0.052280,0.084579,0.12803,0.18156,0.21721,0.24121,0.26497
90.0,0.0031666,0.0068390,0.013789,0.025664,0.044492,0.072488,0.11077,0.15830,0.19021,0.21186,0.23340
100.0,0.0026417,0.0057556,0.011698,0.021946,0.038365,0.062957,0.096938,0.13952,0.16829,0.18794,0.20761
110.0,0.0022335,0.0049059,0.010045,0.018978,0.033418,0.055210,0.085508,0.12379,0.14982,0.16770,0.18569
120.0,0.0019097,0.0042268,0.0087150,0.016575,0.029356,0.048841,0.076053,0.11071,0.13439,0.15074,0.16725
130.0,0.0016328,0.0036421,0.0075638,0.014488,0.025840,0.043256,0.067738,0.099157,0.12075,0.13573,0.15091
140.0,0.0014033,0.0031537,0.0065946,0.012719,0.022835,0.038442,0.060522,0.089057,0.10880,0.12256,0.13657
150.0,0.0012145,0.0027491,0.0057860,0.011232,0.020292,0.034342,0.054342,0.080365,0.098479,0.11117,0.12414
175.0,0.00087190,0.0020065,0.0042872,0.0084495,0.015478,0.026511,0.042445,0.063499,0.078346,0.088849,0.099682
200.0,0.00064771,0.0015134,0.0032783,0.0065515,0.012146,0.021025,0.034021,0.051423,0.063825,0.072673,0.081862
250.0,0.00038706,0.00092897,0.0020604,0.0042143,0.0079788,0.014075,0.023213,0.035740,0.044805,0.051355,0.058236
300.0,0.00024981,0.00061364,0.0013892,0.0028982,0.0055815,0.0099989,0.016753,0.026184,0.033092,0.038140,0.043562
350.0,0.00017020,0.00042693,0.00098479,0.0020903,0.0040863,0.0074196,0.012596,0.019950,0.025393,0.029446,0.033795
400.0,0.00012077,0.00030876,0.00072447,0.0015620,0.0030944,0.0056863,0.0097656,0.015652,0.020065,0.023373,0.026939
450.0,8.8599e-05,0.00023036,0.00054853,0.0011974,0.0024004,0.0044588,0.0077382,0.012537,0.016180,0.018921,0.021893
500.0,6.6677e-05,0.00017607,0.00042504,0.00093819,0.0019017,0.0035679,0.0062514,0.010232,0.013281,0.015587,0.018102
600.0,4.0656e-05,0.00011024,0.00027211,0.00061219,0.0012627,0.0024067,0.0042836,0.0071369,0.0093548,0.011046,0.012922
700.0,2.5899e-05,7.1872e-05,0.00018114,0.00041474,0.00086981,0.0016833,0.0030390,0.0051483,0.0068107,0.0081031,0.0095503
800.0,1.7216e-05,4.8791e-05,0.00012564,0.00029443,0.00062791,0.0012314,0.0022570,0.0038841,0.0051775,0.0061902,0.0073308
1000.0,8.4091e-06,2.4936e-05,6.6350e-05,0.00015885,0.00034631,0.00069656,0.0013089,0.0022929,0.0030871,0.0037101,0.0044125
1200.0,4.4849e-06,1.3561e-05,3.6574e-05,9.0086e-05,0.00020012,0.00040939,0.00077940,0.0013793,0.0018667,0.0022520,0.0026885
1500.0,1.7946e-06,5.5936e-06,1.5571e-05,3.9175e-05,8.9168e-05,0.00018713,0.00036390,0.00065511,0.00089472,0.0010849,0.0013009
SA0P025
r\m,4.0,4.5,5.0,5.5,6.0,6.5,7.0,7.5,7.8,8.0,8.2
0.0,0.48467,0.77932,1.1387,1.4924,1.7980,2.0498,2.3812,2.6361,2.7108,2.7216,2.7078
1.0,0.42504,0.69068,1.0209,1.3543,1.6515,1.9058,2.2270,2.4678,2.5468,2.5631,2.5550
5.0,0.23159,0.40714,0.64917,0.92249,1.1978,1.4558,1.7505,1.9762,2.0665,2.0980,2.1071
10.0,0.12793,0.22491,0.37507,0.56643,0.77787,1.0086,1.2686,1.4758,1.5831,1.6329,1.6712
15.0,0.073029,0.13208,0.22786,0.35828,0.52191,0.71670,0.93574,1.1304,1.2314,1.2915,1.3386
20.0,0.046126,0.086467,0.15375,0.24995,0.37811,0.53725,0.72230,0.89976,0.99509,1.0514,1.1029
25.0,0.031921,0.061253,0.11113,0.18470,0.28673,0.41798,0.57561,0.73596,0.82613,0.87869,0.92847
30.0,0.023575,0.046040,0.084799,0.14331,0.22667,0.33656,0.47178,0.61538,0.69969,0.75051,0.79628
40.0,0.014523,0.029091,0.054821,0.094972,0.15398,0.23513,0.33856,0.45426,0.52513,0.56892,0.60950
50.0,0.0098600,0.020124,0.038604,0.068133,0.11245,0.17530,0.25729,0.35168,0.41141,0.45051,0.48786
60.0,0.0071878,0.014899,0.028999,0.051971,0.086995,0.13763,0.20482,0.28360,0.33553,0.36962,0.40269
70.0,0.0055101,0.011567,0.022760,0.041277,0.069867,0.11182,0.16791,0.23607,0.28153,0.31193,0.34181
80.0,0.0044383,0.0094069,0.018681,0.034213,0.058447,0.094418,0.14296,0.20292,0.24322,0.27039,0.29732
90.0,0.0036447,0.0077928,0.015605,0.028811,0.049666,0.080789,0.12351,0.17667,0.21270,0.23717,0.26154
100.0,0.0030404,0.0065539,0.013225,0.024601,0.042759,0.070058,0.10793,0.15547,0.18791,0.21009,0.23231
110.0,0.0025696,0.0055813,0.011343,0.021239,0.037178,0.061334,0.095042,0.13770,0.16700,0.18714,0.20742
120.0,0.0021958,0.0048037,0.0098279,0.018517,0.032591,0.054165,0.084379,0.12291,0.14952,0.16790,0.18648
130.0,0.0018747,0.0041318,0.0085127,0.016148,0.028624,0.047866,0.074988,0.10984,0.13404,0.15084,0.16788
140.0,0.0016086,0.0035709,0.0074060,0.014144,0.025238,0.042442,0.066844,0.098416,0.12049,0.13588,0.15157
150.0,0.0013896,0.0031062,0.0064831,0.012459,0.022375,0.037826,0.059875,0.088591,0.10879,0.12294,0.13742
175.0,0.00099341,0.0022565,0.0047790,0.0093214,0.016977,0.029045,0.046513,0.069607,0.086061,0.097708,0.10972
200.0,0.00073469,0.0016938,0.0036354,0.0071895,0.013253,0.022915,0.037085,0.056065,0.069724,0.079473,0.089598
250.0,0.00043400,0.0010275,0.0022576,0.0045702,0.0086066,0.015166,0.025012,0.038503,0.048346,0.055459,0.062927
300.0,0.00027701,0.00067107,0.0015049,0.0031066,0.0059537,0.010657,0.017852,0.027884,0.035288,0.040695,0.046500
350.0,0.00018669,0.00046182,0.0010551,0.0022161,0.0043129,0.0078253,0.013280,0.021015,0.026777,0.031064,0.035658
400.0,0.00013107,0.00033047,0.00076802,0.0016388,0.0032332,0.0059378,0.010192,0.016317,0.020935,0.024392,0.028111
450.0,9.5135e-05,0.00024397,0.00057542,0.0012444,0.0024852,0.0046135,0.0080011,0.012944,0.016715,0.019548,0.022610
500.0,7.0878e-05,0.00018463,0.00044153,0.00096653,0.0019520,0.0036600,0.0064071,0.010469,0.013594,0.015952,0.018515
600.0,4.2246e-05,0.00011320,0.00027694,0.00061901,0.0012738,0.0024280,0.0043179,0.0071804,0.0094109,0.011106,0.012979
700.0,2.6500e-05,7.2659e-05,0.00018180,0.00041400,0.00086671,0.0016771,0.0030313,0.0051483,0.0068107,0.0081031,0.0095503
800.0,1.7360e-05,4.8709e-05,0.00012564,0.00029443,0.00062791,0.0012314,0.0022570,0.0038841,0.0051775,0.0061902,0.0073308
1000.0,8.4091e-06,2.4936e-05,6.6350e-05,0.00015885,0.00034631,0.00069656,0.0013089,0.0022929,0.0030871,0.0037101,0.0044125
1200.0,4.4849e-06,1.3561e-05,3.6574e-05,9.0086e-05,0.00020012,0.00040939,0.00077940,0.0013793,0.0018667,0.0022520,0.0026885
1500.0,1.7946e-06,5.5936e-06,1.5571e-05,3.9175e-05,8.9168e-05,0.00018713,0.00036390,0.00065511,0.00089472,0.0010849,0.0013009
SA0P03
r\m,4.0,4.5,5.0,5.5,6.0,6.5,7.0,7.5,7.8,8.0,8.2
0.0,0.52802,0.84764,1.2373,1.6199,1.9499,2.2227,2.5808,2.8569,2.9380,2.9507,2.9359
1.0,0.46203,0.75026,1.1086,1.4691,1.7901,2.0656,2.4126,2.6732,2.7592,2.7780,2.7697
5.0,0.25064,0.44131,0.70443,1.0009,1.2988,1.5785,1.8973,2.1416,2.2403,2.2753,2.2859
10.0,0.13830,0.24354,0.40656,0.61391,0.84255,1.0920,1.3732,1.5971,1.7149,1.7698,1.8129
15.0,0.078984,0.14299,0.24684,0.38791,0.56456,0.77489,1.0116,1.2221,1.3321,1.3983,1.4506
20.0,0.049949,0.093648,0.16653,0.27046,0.40871,0.58036,0.78030,0.97223,1.0757,1.1373,1.1942
25.0,0.034599,0.066365,0.12037,0.19981,0.30982,0.45132,0.62155,0.79500,0.89285,0.94997,1.0047
30.0,0.025573,0.049902,0.091863,0.15502,0.24489,0.36333,0.50931,0.66459,0.75607,0.81126,0.86109
40.0,0.015775,0.031555,0.059407,0.10273,0.16632,0.25376,0.36540,0.49043,0.56725,0.61467,0.65866
50.0,0.010723,0.021845,0.041848,0.073707,0.12146,0.18916,0.27764,0.37952,0.44418,0.48659,0.52714
60.0,0.0078310,0.016191,0.031455,0.056238,0.093955,0.14851,0.22104,0.30603,0.36235,0.39935,0.43526
70.0,0.0060190,0.012591,0.024715,0.044692,0.075470,0.12069,0.18119,0.25482,0.30416,0.33717,0.36965
80.0,0.0048610,0.010259,0.020313,0.037076,0.063166,0.10195,0.15434,0.21914,0.26290,0.29243,0.32170
90.0,0.0040005,0.0085113,0.016986,0.031238,0.053691,0.087245,0.13339,0.19085,0.22999,0.25659,0.28310
100.0,0.0033429,0.0071660,0.014405,0.026679,0.046226,0.075659,0.11658,0.16797,0.20322,0.22734,0.25151
110.0,0.0028291,0.0061072,0.012360,0.023032,0.040183,0.066223,0.10262,0.14872,0.18055,0.20244,0.22449
120.0,0.0024200,0.0052590,0.010711,0.020075,0.035204,0.058461,0.091072,0.13268,0.16159,0.18155,0.20175
130.0,0.0020668,0.0045227,0.0092740,0.017494,0.030892,0.051620,0.080865,0.11846,0.14473,0.16297,0.18147
140.0,0.0017734,0.0039074,0.0080633,0.015309,0.027213,0.045726,0.072012,0.10603,0.12996,0.14665,0.16366
150.0,0.0015316,0.0033971,0.0070529,0.013472,0.024101,0.040711,0.064434,0.095334,0.11720,0.13254,0.14822
175.0,0.0010943,0.0024645,0.0051888,0.010054,0.018241,0.031180,0.049922,0.074698,0.092464,0.10504,0.11801
200.0,0.00080832,0.0018466,0.0039381,0.0077343,0.014202,0.024532,0.039693,0.059991,0.074692,0.085184,0.096074
250.0,0.00047491,0.0011132,0.0024291,0.0048820,0.0091583,0.016123,0.026580,0.040893,0.051397,0.058982,0.066940
300.0,0.00030128,0.00072220,0.0016077,0.0032932,0.0062880,0.011245,0.018828,0.029384,0.037215,0.042929,0.049061
350.0,0.00020172,0.00049350,0.0011189,0.0023310,0.0045205,0.0081957,0.013900,0.021972,0.028012,0.032504,0.037310
400.0,0.00014063,0.00035055,0.00080823,0.0017104,0.0033632,0.0061722,0.010587,0.016925,0.021725,0.025315,0.029169
450.0,0.00010132,0.00025681,0.00060075,0.0012893,0.0025665,0.0047612,0.0082494,0.013324,0.017211,0.020126,0.023269
500.0,7.4929e-05,0.00019289,0.00045745,0.00099429,0.0020016,0.0037505,0.0065583,0.010697,0.013891,0.016296,0.018903
600.0,4.3845e-05,0.00011622,0.00028195,0.00062654,0.0012866,0.0024520,0.0043562,0.0072293,0.0094726,0.011171,0.013042
700.0,2.7151e-05,7.3588e-05,0.00018283,0.00041419,0.00086576,0.0016765,0.0030313,0.0051483,0.0068107,0.0081031,0.0095503
800.0,1.7555e-05,4.8766e-05,0.00012564,0.00029443,0.00062791,0.0012314,0.0022570,0.0038841,0.0051775,0.0061902,0.0073308
1000.0,8.4091e-06,2.4936e-05,6.6350e-05,0.00015885,0.00034631,0.00069656,0.0013089,0.0022929,0.0030871,0.0037101,0.0044125
1200.0,4.4849e-06,1.3561e-05,3.6574e-05,9.0086e-05,0.00020012,0.00040939,0.00077940,0.0013793,0.0018667,0.0022520,0.0026885
1500.0,1.7946e-06,5.5936e-06,1.5571e-05,3.9175e-05,8.9168e-05,0.00018713,0.00036390,0.00065511,0.00089472,0.0010849,0.0013009
SA0P04
r\m,4.0,4.5,5.0,5.5,6.0,6.5,7.0,7.5,7.8,8.0,8.2
0.0,0.56068,0.90253,1.3201,1.7341,2.0924,2.3883,2.7679,3.0634,3.1484,3.1620,3.1459
1.0,0.48605,0.79402,1.1783,1.5686,1.9173,2.2159,2.5845,2.8630,2.9541,2.9748,2.9662
5.0,0.25896,0.46096,0.74202,1.0622,1.3853,1.6882,2.0287,2.2907,2.3967,2.4355,2.4482
10.0,0.14218,0.25366,0.42715,0.64994,0.89701,1.1658,1.4652,1.7033,1.8319,1.8922,1.9419
15.0,0.081625,0.14951,0.26009,0.41147,0.60148,0.82715,1.0792,1.3030,1.4204,1.4935,1.5518
20.0,0.051935,0.098318,0.17597,0.28743,0.43594,0.61981,0.83289,1.0372,1.1471,1.2134,1.2765
25.0,0.036143,0.069915,0.12755,0.21280,0.33102,0.48258,0.66415,0.84905,0.95305,1.0138,1.0735
30.0,0.026814,0.052721,0.097567,0.16542,0.26207,0.38900,0.54486,0.71061,0.80796,0.86671,0.91985
40.0,0.016639,0.033496,0.063339,0.10999,0.17849,0.27233,0.39184,0.52560,0.60747,0.65779,0.70451
50.0,0.011369,0.023285,0.044771,0.079143,0.13068,0.20347,0.29843,0.40756,0.47654,0.52192,0.56534
60.0,0.0083624,0.017361,0.033822,0.060649,0.10148,0.16034,0.23850,0.32981,0.39037,0.43017,0.46880
70.0,0.0064896,0.013609,0.026756,0.048476,0.081920,0.13093,0.19637,0.27596,0.32933,0.36503,0.40016
80.0,0.0052844,0.011166,0.022121,0.040420,0.068871,0.11108,0.16797,0.23834,0.28589,0.31797,0.34976
90.0,0.0043804,0.0093185,0.018593,0.034202,0.058760,0.095384,0.14570,0.20833,0.25105,0.28007,0.30897
100.0,0.0036834,0.0078858,0.015836,0.029315,0.050749,0.082969,0.12774,0.18392,0.22254,0.24894,0.27540
110.0,0.0031343,0.0067502,0.013639,0.025381,0.044218,0.072788,0.11269,0.16318,0.19813,0.22215,0.24632
120.0,0.0026939,0.0058347,0.011857,0.022176,0.038808,0.064378,0.10019,0.14583,0.17762,0.19957,0.22176
130.0,0.0023088,0.0050311,0.010287,0.019352,0.034090,0.056901,0.089039,0.13031,0.15923,0.17930,0.19964
140.0,0.0019871,0.0043565,0.0089588,0.016953,0.030056,0.050443,0.079347,0.11670,0.14307,0.16145,0.18016
150.0,0.0017207,0.0037946,0.0078463,0.014930,0.026633,0.044931,0.071025,0.10496,0.12907,0.14596,0.16322
175.0,0.0012360,0.0027631,0.0057867,0.011156,0.020174,0.034432,0.055054,0.082261,0.10186,0.11571,0.12998
200.0,0.00091650,0.0020752,0.0043973,0.0085847,0.015704,0.027082,0.043756,0.066025,0.082229,0.093779,0.10575
250.0,0.00053931,0.0012501,0.0027062,0.0053990,0.010085,0.017724,0.029168,0.044782,0.056292,0.064590,0.073276
300.0,0.00034161,0.00080826,0.0017827,0.0036197,0.0068799,0.012281,0.020521,0.031947,0.040459,0.046657,0.053305
350.0,0.00022784,0.00054932,0.0012326,0.0025424,0.0049074,0.0088806,0.015028,0.023686,0.030191,0.035024,0.040180
400.0,0.00015794,0.00038749,0.00088324,0.0018493,0.0036188,0.0066291,0.011342,0.018073,0.023193,0.027015,0.031101
450.0,0.00011301,0.00028157,0.00065054,0.0013815,0.0027364,0.0050668,0.0087551,0.014088,0.018191,0.021257,0.024547
500.0,8.2917e-05,0.00020960,0.00049059,0.0010553,0.0021138,0.0039530,0.0068916,0.011194,0.014527,0.017027,0.019721
600.0,4.7344e-05,0.00012326,0.00029484,0.00064902,0.0013279,0.0025281,0.0044785,0.0073981,0.0096822,0.011400,0.013279
700.0,2.8800e-05,7.6491e-05,0.00018763,0.00042121,0.00087732,0.0016948,0.0030441,0.0051483,0.0068107,0.0081031,0.0095503
800.0,1.8247e-05,4.9762e-05,0.00012564,0.00029443,0.00062791,0.0012314,0.0022570,0.0038841,0.0051775,0.0061902,0.0073308
1000.0,8.4091e-06,2.4936e-05,6.6350e-05,0.00015885,0.00034631,0.00069656,0.0013089,0.0022929,0.0030871,0.0037101,0.0044125
1200.0,4.4849e-06,1.3561e-05,3.6574e-05,9.0086e-05,0.00020012,0.00040939,0.00077940,0.0013793,0.0018667,0.0022520,0.0026885
1500.0,1.7946e-06,5.5936e-06,1.5571e-05,3.9175e-05,8.9168e-05,0.00018713,0.00036390,0.00065511,0.00089472,0.0010849,0.0013009
SA0P05
r\m,4.0,4.5,5.0,5.5,6.0,6.5,7.0,7.5,7.8,8.0,8.2
0.0,0.54899,0.88943,1.3066,1.7284,2.0962,2.3980,2.7724,3.0679,3.1496,3.1619,3.1450
1.0,0.47043,0.77642,1.1606,1.5581,1.9161,2.2207,2.5856,2.8636,2.9524,2.9724,2.9638
5.0,0.24521,0.44294,0.72130,1.0450,1.3746,1.6827,2.0221,2.2850,2.3905,2.4299,2.4437
10.0,0.13382,0.24300,0.41414,0.63777,0.88875,1.1608,1.4581,1.6945,1.8246,1.8859,1.9388
15.0,0.077382,0.14410,0.25349,0.40554,0.59769,0.82500,1.0755,1.2973,1.4135,1.4881,1.5484
20.0,0.049615,0.095308,0.17231,0.28435,0.43441,0.61944,0.83156,1.0345,1.1425,1.2087,1.2735
25.0,0.034732,0.068102,0.12542,0.21131,0.33089,0.48350,0.66460,0.84853,0.95101,1.0109,1.0712
30.0,0.025887,0.051554,0.096270,0.16477,0.26269,0.39066,0.54647,0.71171,0.80785,0.86581,0.91827
40.0,0.016183,0.032964,0.062851,0.11013,0.17977,0.27462,0.39462,0.52856,0.60971,0.65929,0.70533
50.0,0.011127,0.023042,0.044644,0.079606,0.13218,0.20597,0.30174,0.41143,0.47998,0.52521,0.56848
60.0,0.0082576,0.017316,0.033969,0.061410,0.10329,0.16330,0.24262,0.33487,0.39570,0.43564,0.47440
70.0,0.0064829,0.013715,0.027125,0.049504,0.084050,0.13437,0.20120,0.28231,0.33634,0.37245,0.40797
80.0,0.0053293,0.011348,0.022600,0.041570,0.071128,0.11472,0.17319,0.24536,0.29384,0.32650,0.35883
90.0,0.0044553,0.0095421,0.019126,0.035399,0.061039,0.099063,0.15108,0.21567,0.25948,0.28921,0.31878
100.0,0.0037751,0.0081296,0.016390,0.030512,0.052989,0.086598,0.13311,0.19135,0.23117,0.25836,0.28558
110.0,0.0032346,0.0070012,0.014193,0.026546,0.046370,0.076289,0.11791,0.17043,0.20662,0.23145,0.25641
120.0,0.0027976,0.0060848,0.012399,0.023295,0.040853,0.067725,0.10520,0.15284,0.18588,0.20865,0.23164
130.0,0.0024104,0.0052707,0.010801,0.020399,0.035997,0.060036,0.093762,0.13695,0.16710,0.18798,0.20911
140.0,0.0020848,0.0045832,0.0094412,0.017928,0.031827,0.053367,0.083777,0.12296,0.15052,0.16970,0.18918
150.0,0.0018135,0.0040076,0.0082967,0.015834,0.028275,0.047651,0.075168,0.11084,0.13610,0.15376,0.17177
175.0,0.0013154,0.0029423,0.0061622,0.011902,0.021529,0.036699,0.058547,0.087274,0.10790,0.12246,0.13742
200.0,0.00098340,0.0022246,0.0047090,0.0092009,0.016827,0.028975,0.046703,0.070294,0.087418,0.099596,0.11219
250.0,0.00058501,0.0013515,0.0029178,0.0058158,0.010851,0.019036,0.031244,0.047830,0.060036,0.068812,0.077977
300.0,0.00037315,0.00087811,0.0019286,0.0039068,0.0074112,0.013202,0.021995,0.034128,0.043157,0.049711,0.056742
350.0,0.00024988,0.00059812,0.0013347,0.0027429,0.0052812,0.0095351,0.016084,0.025259,0.032145,0.037256,0.042695
400.0,0.00017353,0.00042195,0.00095530,0.0019906,0.0038841,0.0070979,0.012104,0.019210,0.024614,0.028641,0.032932
450.0,0.00012420,0.00030623,0.00070185,0.0014821,0.0029262,0.0054044,0.0093047,0.014907,0.019220,0.022434,0.025867
500.0,9.1017e-05,0.00022734,0.00052730,0.0011272,0.0022498,0.0041960,0.0072871,0.011781,0.015264,0.017867,0.020659
600.0,5.1379e-05,0.00013203,0.00031241,0.00068317,0.0013935,0.0026475,0.0046720,0.0076785,0.010029,0.011787,0.013697
700.0,3.0977e-05,8.0972e-05,0.00019653,0.00043805,0.00090944,0.0017526,0.0031348,0.0052317,0.0068772,0.0081259,0.0095503
800.0,1.9379e-05,5.2036e-05,0.00012846,0.00029443,0.00062791,0.0012314,0.0022570,0.0038841,0.0051775,0.0061902,0.0073308
1000.0,8.5030e-06,2.4936e-05,6.6350e-05,0.00015885,0.00034631,0.00069656,0.0013089,0.0022929,0.0030871,0.0037101,0.0044125
1200.0,4.4849e-06,1.3561e-05,3.6574e-05,9.0086e-05,0.00020012,0.00040939,0.00077940,0.0013793,0.0018667,0.0022520,0.0026885
1500.0,1.7946e-06,5.5936e-06,1.5571e-05,3.9175e-05,8.9168e-05,0.00018713,0.00036390,0.00065511,0.00089472,0.0010849,0.0013009
SA0P075
r\m,4.0,4.5,5.0,5.5,6.0,6.5,7.0,7.5,7.8,8.0,8.2
0.0,0.46113,0.76177,1.1334,1.5293,1.8825,2.1670,2.4912,2.7560,2.8212,2.8280,2.8110
1.0,0.38463,0.65274,0.99485,1.3673,1.7110,1.9981,2.3170,2.5655,2.6389,2.6542,2.6459
5.0,0.19077,0.35715,0.59821,0.89382,1.2036,1.4913,1.7931,2.0313,2.1237,2.1593,2.1738
10.0,0.10272,0.19464,0.34159,0.54268,0.77622,1.0276,1.2896,1.4982,1.6166,1.6729,1.7257
15.0,0.060413,0.11719,0.21200,0.34943,0.52687,0.73500,0.95624,1.1509,1.2514,1.3205,1.3776
20.0,0.039420,0.078617,0.14587,0.24759,0.38613,0.55541,0.74366,0.92239,1.0145,1.0729,1.1336
25.0,0.027971,0.056838,0.10732,0.18585,0.29670,0.43664,0.59825,0.76092,0.84891,0.90023,0.95490
30.0,0.021073,0.043437,0.083103,0.14613,0.23731,0.35510,0.49504,0.64204,0.72506,0.77496,0.82007
40.0,0.013400,0.028205,0.055033,0.099013,0.16454,0.25249,0.36153,0.48217,0.55297,0.59558,0.63516
50.0,0.0093484,0.019979,0.039573,0.072426,0.12238,0.19136,0.27943,0.37935,0.43968,0.47969,0.51793
60.0,0.0070817,0.015306,0.030663,0.056857,0.097289,0.15424,0.22839,0.31363,0.36855,0.40452,0.43937
70.0,0.0057109,0.012430,0.025070,0.046873,0.080896,0.12958,0.19320,0.26977,0.31952,0.35267,0.38517
80.0,0.0047969,0.010494,0.021288,0.040080,0.069669,0.11253,0.16907,0.23837,0.28378,0.31427,0.34436
90.0,0.0040898,0.0089872,0.018329,0.034710,0.060740,0.098664,0.14974,0.21269,0.25438,0.28255,0.31050
100.0,0.0035286,0.0077861,0.015956,0.030378,0.053491,0.087457,0.13377,0.19130,0.22974,0.25588,0.28196
110.0,0.0030742,0.0068096,0.014019,0.026795,0.047406,0.077983,0.11989,0.17233,0.20765,0.23178,0.25594
120.0,0.0027002,0.0060030,0.012411,0.023810,0.042261,0.070002,0.10812,0.15617,0.18875,0.21111,0.23357
130.0,0.0023592,0.0052666,0.010940,0.021082,0.037617,0.062662,0.097286,0.14123,0.17124,0.19191,0.21275
140.0,0.0020682,0.0046361,0.0096720,0.018725,0.033581,0.056223,0.087719,0.12793,0.15560,0.17476,0.19413
150.0,0.0018221,0.0041012,0.0085910,0.016704,0.030106,0.050644,0.079383,0.11629,0.14187,0.15965,0.17769
175.0,0.0013592,0.0030879,0.0065303,0.012826,0.023373,0.039743,0.062970,0.093200,0.11447,0.12938,0.14463
200.0,0.0010414,0.0023867,0.0050911,0.010094,0.018572,0.031880,0.051015,0.076202,0.094135,0.10680,0.11983
250.0,0.00064473,0.0015016,0.0032555,0.0065594,0.012283,0.021455,0.034931,0.053030,0.066119,0.075464,0.085163
300.0,0.00042412,0.0010018,0.0022026,0.0044976,0.0085419,0.015132,0.024986,0.038415,0.048253,0.055340,0.062948
350.0,0.00029094,0.00069621,0.0015505,0.0032034,0.0061628,0.011055,0.018471,0.028720,0.036303,0.041914,0.047859
400.0,0.00020586,0.00049853,0.0011232,0.0023470,0.0045682,0.0082889,0.013992,0.021973,0.027972,0.032424,0.037136
450.0,0.00014974,0.00036628,0.00083282,0.0017572,0.0034567,0.0063353,0.010792,0.017093,0.021903,0.025463,0.029235
500.0,0.00011101,0.00027414,0.00062901,0.0013395,0.0026610,0.0049225,0.0084541,0.013504,0.017388,0.020266,0.023326
600.0,6.3005e-05,0.00015926,0.00037099,0.00080535,0.0016336,0.0030798,0.0053730,0.0087172,0.011309,0.013223,0.015278
700.0,3.8081e-05,9.7255e-05,0.00023193,0.00051155,0.0010547,0.0020149,0.0035601,0.0058586,0.0076410,0.0089750,0.010405
800.0,2.3644e-05,6.1896e-05,0.00014957,0.00033545,0.00070241,0.0013597,0.0024358,0.0040533,0.0053195,0.0062713,0.0073308
1000.0,1.0120e-05,2.7359e-05,6.8202e-05,0.00015885,0.00034631,0.00069656,0.0013089,0.0022929,0.0030871,0.0037101,0.0044125
1200.0,4.7171e-06,1.3561e-05,3.6574e-05,9.0086e-05,0.00020012,0.00040939,0.00077940,0.0013793,0.0018667,0.0022520,0.0026885
1500.0,1.7946e-06,5.5936e-06,1.5571e-05,3.9175e-05,8.9168e-05,0.00018713,0.00036390,0.00065511,0.00089472,0.0010849,0.0013009
SA0P1
r\m,4.0,4.5,5.0,5.5,6.0,6.5,7.0,7.5,7.8,8.0,8.2
0.0,0.37458,0.63138,0.95012,1.3039,1.6257,1.8816,2.1541,2.3833,2.4341,2.4370,2.4213
1.0,0.30618,0.53336,0.82629,1.1583,1.4710,1.7292,1.9994,2.2141,2.2733,2.2845,2.2771
5.0,0.14643,0.28271,0.48417,0.74164,1.0181,1.2745,1.5337,1.7416,1.8200,1.8508,1.8647
10.0,0.078077,0.15334,0.27540,0.44860,0.65560,0.87796,1.1013,1.2797,1.3828,1.4321,1.4811
15.0,0.046502,0.093422,0.17282,0.29188,0.44861,0.63160,0.82063,0.98623,1.0705,1.1313,1.1824
20.0,0.030735,0.063352,0.12006,0.20861,0.33111,0.47997,0.64142,0.79379,0.87020,0.91980,0.97371
25.0,0.022026,0.046215,0.089087,0.15788,0.25628,0.37963,0.51887,0.65798,0.73128,0.77397,0.82144
30.0,0.016728,0.035577,0.069463,0.12498,0.20626,0.31042,0.43164,0.55794,0.62740,0.66906,0.70669
40.0,0.010772,0.023375,0.046521,0.085630,0.14457,0.22283,0.31819,0.42291,0.48264,0.51817,0.55119
50.0,0.0075961,0.016727,0.033777,0.063244,0.10857,0.17036,0.24815,0.33573,0.38699,0.42115,0.45377
60.0,0.0058437,0.013008,0.026554,0.050365,0.087552,0.13923,0.20560,0.28120,0.32882,0.35996,0.39009
70.0,0.0048088,0.010772,0.022124,0.042296,0.074140,0.11904,0.17686,0.24595,0.28976,0.31887,0.34736
80.0,0.0041048,0.0092369,0.019072,0.036706,0.064793,0.10485,0.15693,0.22033,0.26087,0.28801,0.31473
90.0,0.0035522,0.0080252,0.016651,0.032237,0.057255,0.093144,0.14078,0.19908,0.23677,0.26217,0.28730
100.0,0.0031076,0.0070463,0.014683,0.028582,0.051052,0.083564,0.12726,0.18115,0.21632,0.24015,0.26386
110.0,0.0027430,0.0062402,0.013057,0.025512,0.045754,0.075312,0.11524,0.16484,0.19745,0.21964,0.24180
120.0,0.0024389,0.0055657,0.011690,0.022923,0.041230,0.068282,0.10494,0.15079,0.18114,0.20187,0.22264
130.0,0.0021555,0.0049366,0.010412,0.020505,0.037050,0.061684,0.095267,0.13754,0.16572,0.18505,0.20447
140.0,0.0019110,0.0043922,0.0092998,0.018392,0.033381,0.055841,0.086647,0.12565,0.15184,0.16989,0.18808
150.0,0.0017021,0.0039256,0.0083422,0.016565,0.030192,0.050735,0.079071,0.11514,0.13955,0.15643,0.17349
175.0,0.0013007,0.0030238,0.0064798,0.012985,0.023897,0.040566,0.063876,0.093932,0.11457,0.12897,0.14362
200.0,0.0010189,0.0023856,0.0051506,0.010407,0.019316,0.033084,0.052588,0.078010,0.095690,0.10811,0.12082
250.0,0.00065572,0.0015558,0.0034062,0.0069768,0.013153,0.022897,0.037000,0.055743,0.069002,0.078410,0.088127
300.0,0.00044553,0.0010692,0.0023690,0.0049104,0.0093688,0.016518,0.027044,0.041233,0.051412,0.058699,0.066531
350.0,0.00031418,0.00076178,0.0017062,0.0035727,0.0068920,0.012291,0.020348,0.031356,0.039341,0.045236,0.051462
400.0,0.00022765,0.00055717,0.0012598,0.0026637,0.0051904,0.0093547,0.015639,0.024323,0.030742,0.035490,0.040495
450.0,0.00016940,0.00041759,0.00095065,0.0020222,0.0039777,0.0072363,0.012202,0.019131,0.024345,0.028184,0.032232
500.0,0.00012800,0.00031770,0.00072826,0.0015584,0.0030930,0.0056760,0.0096451,0.015244,0.019494,0.022623,0.025932
600.0,7.4617e-05,0.00018865,0.00043725,0.00094978,0.0019209,0.0035909,0.0061950,0.0099385,0.012801,0.014898,0.017131
700.0,4.6005e-05,0.00011693,0.00027661,0.00060825,0.0012482,0.0023623,0.0041242,0.0067046,0.0086765,0.010137,0.011688
800.0,2.8904e-05,7.5037e-05,0.00017924,0.00039973,0.00083154,0.0015940,0.0028192,0.0046276,0.0060219,0.0070571,0.0081589
1000.0,1.2465e-05,3.3190e-05,8.1382e-05,0.00018660,0.00039792,0.00078220,0.0014188,0.0023764,0.0031273,0.0037101,0.0044125
1200.0,5.7677e-06,1.5778e-05,3.9780e-05,9.4265e-05,0.00020591,0.00041442,0.00077940,0.0013793,0.0018667,0.0022520,0.0026885
1500.0,1.9852e-06,5.6795e-06,1.5571e-05,3.9175e-05,8.9168e-05,0.00018713,0.00036390,0.00065511,0.00089472,0.0010849,0.0013009
SA0P15
r\m,4.0,4.5,5.0,5.5,6.0,6.5,7.0,7.5,7.8,8.0,8.2
0.0,0.25528,0.45153,0.69383,0.97579,1.2391,1.4455,1.6469,1.8237,1.8576,1.8571,1.8445
1.0,0.20340,0.37454,0.59623,0.85952,1.1147,1.3227,1.5247,1.6900,1.7316,1.7384,1.7328
5.0,0.092992,0.19069,0.33789,0.53551,0.75487,0.95854,1.1558,1.3176,1.3764,1.4002,1.4126
10.0,0.048994,0.10283,0.19129,0.32242,0.48522,0.66030,0.82851,0.96378,1.0435,1.0820,1.1228
15.0,0.029636,0.063590,0.12177,0.21271,0.33571,0.47889,0.62159,0.74608,0.80817,0.85588,0.89674
20.0,0.019899,0.043716,0.085652,0.15378,0.25018,0.36677,0.48923,0.60404,0.65949,0.69673,0.73943
25.0,0.014438,0.032257,0.064257,0.11766,0.19555,0.29249,0.39875,0.50393,0.55741,0.58856,0.62517
30.0,0.011073,0.025063,0.050555,0.093977,0.15870,0.24094,0.33410,0.43017,0.48112,0.51163,0.53918
40.0,0.0072437,0.016716,0.034355,0.065346,0.11286,0.17519,0.24941,0.33017,0.37444,0.40039,0.42457
50.0,0.0051770,0.012118,0.025260,0.048885,0.085860,0.13553,0.19688,0.26533,0.30368,0.32943,0.35402
60.0,0.0040607,0.0096076,0.020239,0.039684,0.070606,0.11287,0.16617,0.22618,0.26277,0.28667,0.30978
70.0,0.0034282,0.0081591,0.017288,0.034167,0.061304,0.098862,0.14626,0.20237,0.23672,0.25947,0.28170
80.0,0.0029866,0.0071394,0.015203,0.030250,0.054664,0.088792,0.13226,0.18472,0.21707,0.23867,0.25988
90.0,0.0026341,0.0063206,0.013520,0.027082,0.049214,0.080324,0.12077,0.16983,0.20040,0.22094,0.24122
100.0,0.0023461,0.0056485,0.012131,0.024446,0.044653,0.073290,0.11099,0.15705,0.18603,0.20560,0.22502
110.0,0.0021063,0.0050867,0.010965,0.022186,0.040662,0.067063,0.10199,0.14495,0.17216,0.19061,0.20896
120.0,0.0019031,0.0046090,0.0099700,0.020249,0.037216,0.061680,0.094179,0.13439,0.16002,0.17745,0.19485
130.0,0.0017081,0.0041501,0.0090119,0.018382,0.033913,0.056476,0.086616,0.12414,0.14821,0.16464,0.18107
140.0,0.0015376,0.0037478,0.0081671,0.016728,0.030976,0.051810,0.079801,0.11483,0.13747,0.15297,0.16853
150.0,0.0013902,0.0033988,0.0074309,0.015282,0.028392,0.047685,0.073745,0.10652,0.12785,0.14251,0.15726
175.0,0.0010987,0.0027044,0.0059572,0.012359,0.023145,0.039235,0.061253,0.089278,0.10777,0.12057,0.13354
200.0,0.00088801,0.0021987,0.0048747,0.010185,0.019216,0.032841,0.051713,0.075978,0.092196,0.10350,0.11500
250.0,0.00060548,0.0015152,0.0033993,0.0071841,0.013733,0.023808,0.038058,0.056723,0.069428,0.078369,0.087547
300.0,0.00043269,0.0010924,0.0024751,0.0052902,0.010204,0.017875,0.028905,0.043548,0.053667,0.060847,0.068593
350.0,0.00031923,0.00081219,0.0018561,0.0040041,0.0077880,0.013775,0.022495,0.034218,0.042417,0.048458,0.054822
400.0,0.00024101,0.00061730,0.0014211,0.0030915,0.0060596,0.010814,0.017816,0.027327,0.034131,0.039148,0.044415
450.0,0.00018686,0.00048064,0.0011111,0.0024183,0.0047777,0.0085959,0.014272,0.022053,0.027739,0.031902,0.036273
500.0,0.00014649,0.00037826,0.00087816,0.0019135,0.0038096,0.0069068,0.011549,0.017977,0.022728,0.026199,0.029852
600.0,9.0968e-05,0.00023772,0.00055532,0.0012200,0.0024652,0.0045451,0.0077063,0.012167,0.015489,0.017902,0.020451
700.0,5.8998e-05,0.00015418,0.00036568,0.00080868,0.0016529,0.0030811,0.0052801,0.0084374,0.010785,0.012505,0.014312
800.0,3.8641e-05,0.00010251,0.00024436,0.00054561,0.0011264,0.0021243,0.0036826,0.0059308,0.0076159,0.0088491,0.010144
1000.0,1.7592e-05,4.7365e-05,0.00011490,0.00026191,0.00055174,0.0010633,0.0018844,0.0030849,0.0039986,0.0046739,0.0053926
1200.0,8.3809e-06,2.2980e-05,5.7001e-05,0.00013333,0.00028672,0.00056475,0.0010217,0.0017037,0.0022331,0.0026293,0.0030554
1500.0,2.9342e-06,8.3286e-06,2.1468e-05,5.2006e-05,0.00011608,0.00023690,0.00044230,0.00075801,0.0010117,0.0012044,0.0014132
SA0P2
r\m,4.0,4.5,5.0,5.5,6.0,6.5,7.0,7.5,7.8,8.0,8.2
0.0,0.18264,0.34240,0.53978,0.77409,0.99572,1.1683,1.3283,1.4726,1.4981,1.4968,1.4866
1.0,0.14342,0.28105,0.46063,0.67849,0.89267,1.0663,1.2279,1.3626,1.3949,1.3999,1.3958
5.0,0.063920,0.13982,0.25601,0.41595,0.59674,0.76497,0.92416,1.0567,1.1041,1.1237,1.1348
10.0,0.033453,0.075150,0.14455,0.24977,0.38321,0.52702,0.66190,0.77103,0.83610,0.86772,0.90241
15.0,0.020412,0.046870,0.092781,0.16613,0.26690,0.38412,0.49867,0.59852,0.64778,0.68701,0.72099
20.0,0.013828,0.032474,0.065734,0.12093,0.20004,0.29558,0.39413,0.48629,0.52985,0.55973,0.59502
25.0,0.010102,0.024119,0.049629,0.093117,0.15728,0.23689,0.32269,0.40727,0.44939,0.47395,0.50378
30.0,0.0077917,0.018839,0.039250,0.074769,0.12828,0.19600,0.27155,0.34905,0.38928,0.41339,0.43517
40.0,0.0051422,0.012673,0.026899,0.052443,0.092021,0.14362,0.20425,0.26992,0.30508,0.32554,0.34465
50.0,0.0037031,0.0092563,0.019923,0.039531,0.070551,0.11189,0.16241,0.21852,0.24914,0.26982,0.28959
60.0,0.0029370,0.0074209,0.016142,0.032459,0.058704,0.094253,0.13862,0.18827,0.21794,0.23734,0.25610
70.0,0.0025162,0.0063956,0.013993,0.028368,0.051751,0.083778,0.12373,0.17079,0.19896,0.21762,0.23584
80.0,0.0022178,0.0056625,0.012450,0.025418,0.046714,0.076144,0.11318,0.15767,0.18449,0.20238,0.21995
90.0,0.0019777,0.0050687,0.011194,0.023023,0.042541,0.069659,0.10447,0.14651,0.17211,0.18929,0.20623
100.0,0.0017798,0.0045774,0.010149,0.021011,0.039016,0.064228,0.096999,0.13685,0.16134,0.17785,0.19423
110.0,0.0016139,0.0041633,0.0092651,0.019265,0.035885,0.059331,0.089960,0.12742,0.15059,0.16627,0.18185
120.0,0.0014721,0.0038082,0.0085035,0.017755,0.033168,0.055063,0.083796,0.11914,0.14112,0.15604,0.17091
130.0,0.0013335,0.0034606,0.0077563,0.016268,0.030496,0.050853,0.077711,0.11094,0.13173,0.14589,0.16003
140.0,0.0012115,0.0031538,0.0070931,0.014942,0.028100,0.047053,0.072194,0.10345,0.12314,0.13659,0.15006
150.0,0.0011054,0.0028860,0.0065116,0.013775,0.025980,0.043673,0.067262,0.096732,0.11541,0.12821,0.14106
175.0,0.00089177,0.0023434,0.0053258,0.011368,0.021592,0.036617,0.056898,0.082521,0.098972,0.11032,0.12179
200.0,0.00073492,0.0019418,0.0044402,0.0095428,0.018251,0.031186,0.048850,0.071382,0.086033,0.096203,0.10653
250.0,0.00052006,0.0013875,0.0032079,0.0069684,0.013486,0.023347,0.037089,0.054936,0.066755,0.075037,0.083513
300.0,0.00038429,0.0010334,0.0024111,0.0052993,0.010330,0.018044,0.028961,0.043330,0.052990,0.059812,0.067202
350.0,0.00029246,0.00079172,0.0018615,0.0041304,0.0081071,0.014278,0.023123,0.034902,0.042920,0.048828,0.055049
400.0,0.00022733,0.00061889,0.0014646,0.0032768,0.0064724,0.011488,0.018755,0.028528,0.035347,0.040373,0.045642
450.0,0.00018166,0.00049603,0.0011773,0.0026266,0.0052248,0.0093405,0.015360,0.023525,0.029358,0.033620,0.038090
500.0,0.00014647,0.00040100,0.00095465,0.0021256,0.0042588,0.0076658,0.012688,0.019573,0.024552,0.028179,0.031991
600.0,9.5940e-05,0.00026490,0.00063322,0.0014158,0.0028701,0.0052450,0.0087944,0.013756,0.017371,0.019990,0.022753
700.0,6.5088e-05,0.00017941,0.00043390,0.00097315,0.0019915,0.0036762,0.0062251,0.0098488,0.012486,0.014411,0.016428
800.0,4.4446e-05,0.00012386,0.00030038,0.00067830,0.0013980,0.0026089,0.0044646,0.0071128,0.0090547,0.010468,0.011946
1000.0,2.1576e-05,6.0653e-05,0.00014887,0.00034140,0.00071540,0.0013603,0.0023742,0.0038348,0.0049209,0.0057166,0.0065570
1200.0,1.0797e-05,3.0711e-05,7.6685e-05,0.00017939,0.00038247,0.00074161,0.0013188,0.0021642,0.0028047,0.0032779,0.0037813
1500.0,3.9779e-06,1.1606e-05,2.9892e-05,7.2062e-05,0.00015906,0.00031886,0.00058350,0.00098024,0.0012913,0.0015236,0.0017716
SA0P25
r\m,4.0,4.5,5.0,5.5,6.0,6.5,7.0,7.5,7.8,8.0,8.2
0.0,0.13541,0.26934,0.43808,0.64102,0.83433,0.98413,1.1183,1.2414,1.2623,1.2609,1.2526
1.0,0.10536,0.21961,0.37219,0.56008,0.74634,0.89679,1.0328,1.1476,1.1746,1.1787,1.1756
5.0,0.046219,0.10768,0.20433,0.33984,0.49478,0.63915,0.77379,0.88701,0.92716,0.94405,0.95410
10.0,0.024089,0.057755,0.11517,0.20372,0.31753,0.44038,0.55390,0.64618,0.70159,0.72867,0.75898
15.0,0.014778,0.036213,0.074312,0.13621,0.22210,0.32200,0.41844,0.50251,0.54374,0.57728,0.60658
20.0,0.010067,0.025214,0.052888,0.099576,0.16708,0.24853,0.33161,0.40921,0.44542,0.47060,0.50089
25.0,0.0073863,0.018804,0.040091,0.076988,0.13186,0.19982,0.27229,0.34357,0.37862,0.39910,0.42448
30.0,0.0057168,0.014736,0.031811,0.062025,0.10788,0.16579,0.22977,0.29521,0.32874,0.34885,0.36704
40.0,0.0037939,0.0099669,0.021917,0.043745,0.077823,0.12209,0.17367,0.22940,0.25880,0.27583,0.29179
50.0,0.0027451,0.0073136,0.016307,0.033133,0.059961,0.095550,0.13874,0.18660,0.21228,0.22970,0.24638
60.0,0.0021924,0.0059048,0.013306,0.027405,0.050272,0.081081,0.11927,0.16187,0.18701,0.20346,0.21938
70.0,0.0018957,0.0051368,0.011643,0.024183,0.044757,0.072760,0.10743,0.14815,0.17219,0.18812,0.20367
80.0,0.0016833,0.0045820,0.010438,0.021836,0.040722,0.066642,0.099014,0.13779,0.16083,0.17620,0.19129
90.0,0.0015115,0.0041305,0.0094511,0.019927,0.037361,0.061413,0.092042,0.12892,0.15105,0.16590,0.18054
100.0,0.0013693,0.0037550,0.0086262,0.018315,0.034507,0.057013,0.086028,0.12121,0.14250,0.15686,0.17110
110.0,0.0012496,0.0034373,0.0079249,0.016907,0.031946,0.052996,0.080268,0.11352,0.13376,0.14745,0.16106
120.0,0.0011467,0.0031633,0.0073178,0.015681,0.029719,0.049477,0.075200,0.10674,0.12603,0.13912,0.15216
130.0,0.0010449,0.0028916,0.0067143,0.014456,0.027487,0.045956,0.070126,0.099922,0.11825,0.13072,0.14318
140.0,0.00095498,0.0026510,0.0061766,0.013358,0.025477,0.042765,0.065509,0.093679,0.11112,0.12302,0.13493
150.0,0.00087652,0.0024402,0.0057036,0.012390,0.023692,0.039919,0.061369,0.088061,0.10468,0.11606,0.12747
175.0,0.00071668,0.0020079,0.0047270,0.010364,0.019948,0.033896,0.052555,0.076027,0.090817,0.10101,0.11128
200.0,0.00059822,0.0016849,0.0039905,0.0088089,0.017067,0.029212,0.045640,0.066498,0.079806,0.089025,0.098373
250.0,0.00043396,0.0012337,0.0029530,0.0065875,0.012906,0.022362,0.035409,0.052268,0.063221,0.070879,0.078706
300.0,0.00032804,0.00093957,0.0022688,0.0051241,0.010102,0.017640,0.028199,0.042022,0.051138,0.057560,0.064541
350.0,0.00025505,0.00073504,0.0017880,0.0040789,0.0080888,0.014228,0.022935,0.034466,0.042163,0.047841,0.053822
400.0,0.00020237,0.00058622,0.0014346,0.0033012,0.0065824,0.011660,0.018936,0.028664,0.035329,0.040245,0.045399
450.0,0.00016525,0.00047985,0.0011771,0.0026952,0.0054095,0.0096449,0.015771,0.024032,0.029835,0.034074,0.038521
500.0,0.00013600,0.00039574,0.00097315,0.0022195,0.0044856,0.0080480,0.013242,0.020319,0.025356,0.029022,0.032877
600.0,9.2813e-05,0.00027184,0.00067058,0.0015319,0.0031258,0.0056863,0.0094707,0.014734,0.018509,0.021244,0.024129
700.0,6.5253e-05,0.00019072,0.00047494,0.0010860,0.0022342,0.0041030,0.0068981,0.010853,0.013687,0.015754,0.017922
800.0,4.6144e-05,0.00013599,0.00033924,0.00077973,0.0016122,0.0029915,0.0050793,0.0080453,0.010186,0.011742,0.013370
1000.0,2.3735e-05,7.0322e-05,0.00017695,0.00041167,0.00086319,0.0016284,0.0028158,0.0045151,0.0057572,0.0066641,0.0076198
1200.0,1.2487e-05,3.7274e-05,9.5059e-05,0.00022462,0.00047794,0.00091766,0.0016143,0.0026244,0.0033754,0.0039268,0.0045103
1500.0,4.8828e-06,1.4845e-05,3.8818e-05,9.4101e-05,0.00020672,0.00040943,0.00073902,0.0012256,0.0015993,0.0018756,0.0021677
SA0P3
r\m,4.0,4.5,5.0,5.5,6.0,6.5,7.0,7.5,7.8,8.0,8.2
0.0,0.10323,0.21675,0.36477,0.54569,0.71935,0.85362,0.97087,1.0794,1.0976,1.0963,1.0894
1.0,0.079823,0.17593,0.30897,0.47576,0.64253,0.77700,0.89604,0.99725,1.0207,1.0244,1.0222
5.0,0.034647,0.085416,0.16821,0.28664,0.42352,0.55129,0.66922,0.76899,0.80424,0.81928,0.82858
10.0,0.018008,0.045752,0.094699,0.17163,0.27168,0.37987,0.47887,0.55960,0.60828,0.63219,0.65928
15.0,0.011088,0.028791,0.061321,0.11516,0.19059,0.27837,0.36243,0.43572,0.47152,0.50107,0.52701
20.0,0.0075811,0.020112,0.043777,0.084436,0.14373,0.21530,0.28775,0.35537,0.38667,0.40863,0.43536
25.0,0.0055790,0.015041,0.033275,0.065465,0.11372,0.17347,0.23675,0.29887,0.32918,0.34692,0.36919
30.0,0.0043282,0.011814,0.026461,0.052861,0.093243,0.14421,0.20015,0.25726,0.28627,0.30368,0.31946
40.0,0.0028832,0.0080197,0.018297,0.037422,0.067518,0.10655,0.15178,0.20057,0.22605,0.24078,0.25461
50.0,0.0020929,0.0059034,0.013656,0.028436,0.052197,0.083651,0.12165,0.16368,0.18599,0.20117,0.21572
60.0,0.0016794,0.0047892,0.011197,0.023637,0.043990,0.071342,0.10509,0.14266,0.16464,0.17904,0.19298
70.0,0.0014614,0.0041928,0.0098604,0.020996,0.039430,0.064441,0.095256,0.13137,0.15249,0.16649,0.18016
80.0,0.0013042,0.0037591,0.0088844,0.019059,0.036071,0.059336,0.088243,0.12280,0.14313,0.15670,0.17003
90.0,0.0011766,0.0034049,0.0080834,0.017483,0.033264,0.054957,0.082429,0.11545,0.13506,0.14822,0.16121
100.0,0.0010708,0.0031096,0.0074116,0.016147,0.030872,0.051261,0.077399,0.10903,0.12798,0.14076,0.15343
110.0,0.00098136,0.0028590,0.0068389,0.014974,0.028710,0.047856,0.072519,0.10253,0.12060,0.13282,0.14497
120.0,0.00090432,0.0026421,0.0063413,0.013949,0.026830,0.044863,0.068213,0.096777,0.11406,0.12577,0.13745
130.0,0.00082739,0.0024251,0.0058422,0.012915,0.024918,0.041837,0.063856,0.090937,0.10740,0.11860,0.12979
140.0,0.00075932,0.0022324,0.0053964,0.011985,0.023190,0.039087,0.059883,0.085576,0.10129,0.11201,0.12275
150.0,0.00069980,0.0020633,0.0050035,0.011163,0.021653,0.036630,0.056314,0.080745,0.095769,0.10605,0.11636
175.0,0.00057753,0.0017136,0.0041851,0.0094265,0.018398,0.031382,0.048645,0.070299,0.083766,0.093037,0.10238
200.0,0.00048639,0.0014506,0.0035639,0.0080824,0.015876,0.027272,0.042587,0.061973,0.074177,0.082624,0.091183
250.0,0.00035904,0.0010806,0.0026825,0.0061475,0.012205,0.021212,0.033555,0.049452,0.059641,0.066757,0.074024
300.0,0.00027583,0.00083614,0.0020936,0.0048604,0.0097038,0.016983,0.027106,0.040316,0.048907,0.054951,0.061540
350.0,0.00021778,0.00066409,0.0016746,0.0039290,0.0078857,0.013893,0.022350,0.033509,0.040855,0.046279,0.051999
400.0,0.00017539,0.00053743,0.0013632,0.0032273,0.0065092,0.011541,0.018698,0.028232,0.034678,0.039438,0.044431
450.0,0.00014551,0.00044682,0.0011356,0.0026715,0.0054222,0.0096720,0.015773,0.023970,0.029658,0.033814,0.038178
500.0,0.00012160,0.00037406,0.00095272,0.0022294,0.0045558,0.0081743,0.013411,0.020521,0.025522,0.029163,0.032994
600.0,8.5623e-05,0.00026480,0.00067632,0.0015826,0.0032603,0.0059249,0.0098343,0.015258,0.019102,0.021890,0.024835
700.0,6.1897e-05,0.00019106,0.00049184,0.0011505,0.0023874,0.0043784,0.0073337,0.011507,0.014464,0.016621,0.018889
800.0,4.5022e-05,0.00013988,0.00036055,0.00084694,0.0017638,0.0032670,0.0055241,0.0087264,0.011010,0.012672,0.014415
1000.0,2.4318e-05,7.5802e-05,0.00019671,0.00046668,0.00098379,0.0018498,0.0031825,0.0050858,0.0064597,0.0074625,0.0085197
1200.0,1.3384e-05,4.1917e-05,0.00010994,0.00026412,0.00056391,0.0010774,0.0018836,0.0030475,0.0039008,0.0045256,0.0051860
1500.0,5.5459e-06,1.7597e-05,4.7110e-05,0.00011569,0.00025439,0.00050039,0.00089547,0.0014739,0.0019107,0.0022319,0.0025699
SA0P4
r\m,4.0,4.5,5.0,5.5,6.0,6.5,7.0,7.5,7.8,8.0,8.2
0.0,0.064249,0.14699,0.26437,0.41481,0.56325,0.67904,0.77683,0.86770,0.88311,0.88256,0.87770
1.0,0.049300,0.11863,0.22309,0.36068,0.50214,0.61723,0.71638,0.80102,0.82082,0.82433,0.82328
5.0,0.021119,0.056900,0.12019,0.21539,0.32860,0.43546,0.53290,0.61585,0.64519,0.65800,0.66635
10.0,0.010940,0.030427,0.067570,0.12878,0.21068,0.30007,0.38115,0.44756,0.48768,0.50756,0.53034
15.0,0.0067670,0.019234,0.043948,0.086791,0.14833,0.22050,0.28914,0.34902,0.37815,0.40251,0.42406
20.0,0.0046484,0.013492,0.031496,0.063870,0.11221,0.17098,0.23009,0.28521,0.31050,0.32842,0.35050
25.0,0.0034334,0.010126,0.024022,0.049691,0.089069,0.13814,0.18978,0.24037,0.26484,0.27919,0.29746
30.0,0.0026716,0.0079759,0.019156,0.040239,0.073227,0.11511,0.16082,0.20736,0.23077,0.24485,0.25763
40.0,0.0017882,0.0054394,0.013306,0.028620,0.053274,0.085411,0.12246,0.16233,0.18293,0.19481,0.20599
50.0,0.0013034,0.0040201,0.0099700,0.021836,0.041359,0.067310,0.098534,0.13301,0.15108,0.16342,0.17527
60.0,0.0010522,0.0032811,0.0082237,0.018265,0.035084,0.057769,0.085655,0.11662,0.13455,0.14631,0.15772
70.0,0.00092285,0.0028957,0.0073010,0.016359,0.031716,0.052613,0.078249,0.10822,0.12555,0.13704,0.14828
80.0,0.00082881,0.0026129,0.0066207,0.014948,0.029214,0.048769,0.072958,0.10181,0.11858,0.12978,0.14079
90.0,0.00075223,0.0023811,0.0060603,0.013802,0.027115,0.045457,0.068570,0.096291,0.11255,0.12347,0.13426
100.0,0.00068850,0.0021873,0.0055889,0.012826,0.025321,0.042654,0.064760,0.091459,0.10725,0.11790,0.12847
110.0,0.00063451,0.0020222,0.0051856,0.011964,0.023682,0.040038,0.060998,0.086445,0.10156,0.11179,0.12196
120.0,0.00058779,0.0018788,0.0048338,0.011208,0.022258,0.037731,0.057668,0.081996,0.096510,0.10635,0.11617
130.0,0.00054060,0.0017335,0.0044765,0.010433,0.020781,0.035364,0.054249,0.077413,0.091299,0.10074,0.11018
140.0,0.00049873,0.0016042,0.0041566,0.0097340,0.019441,0.033208,0.051125,0.073200,0.086504,0.095579,0.10466
150.0,0.00046205,0.0014904,0.0038740,0.0091157,0.018246,0.031278,0.048314,0.069397,0.082166,0.090898,0.099659
175.0,0.00038590,0.0012525,0.0032787,0.0077916,0.015686,0.027104,0.042199,0.061073,0.072622,0.080566,0.088577
200.0,0.00032875,0.0010724,0.0028235,0.0067561,0.013686,0.023809,0.037329,0.054387,0.064947,0.072250,0.079649
250.0,0.00024821,0.00081685,0.0021724,0.0052530,0.010749,0.018905,0.030007,0.044259,0.053237,0.059502,0.065899
300.0,0.00019474,0.00064536,0.0017306,0.0042430,0.0087234,0.015433,0.024698,0.036748,0.044448,0.049859,0.055784
350.0,0.00015690,0.00052289,0.0014118,0.0035008,0.0072296,0.012864,0.020737,0.031090,0.037784,0.042738,0.047971
400.0,0.00012888,0.00043149,0.0011715,0.0029334,0.0060832,0.010884,0.017661,0.026658,0.032637,0.037062,0.041711
450.0,0.00010922,0.00036635,0.00099632,0.0024742,0.0051617,0.0092852,0.015161,0.023028,0.028401,0.032332,0.036469
500.0,9.3175e-05,0.00031301,0.00085278,0.0021031,0.0044169,0.0079875,0.013116,0.020060,0.024870,0.028375,0.032074
600.0,6.8521e-05,0.00023111,0.00063126,0.0015538,0.0032829,0.0060040,0.0099681,0.015462,0.019294,0.022084,0.025040
700.0,5.1519e-05,0.00017356,0.00047691,0.0011717,0.0024909,0.0045950,0.0076964,0.012076,0.015134,0.017372,0.019737
800.0,3.9041e-05,0.00013210,0.00036338,0.00089556,0.0019071,0.0035516,0.0060025,0.0094862,0.011934,0.013723,0.015610
1000.0,2.2703e-05,7.6948e-05,0.00021269,0.00052810,0.0011358,0.0021428,0.0036819,0.0058850,0.0074508,0.0085975,0.0098118
1200.0,1.3433e-05,4.5610e-05,0.00012698,0.00031807,0.00069105,0.0013219,0.0023048,0.0037241,0.0047461,0.0054953,0.0062892
1500.0,6.1479e-06,2.1009e-05,5.9336e-05,0.00015117,0.00033702,0.00066171,0.0011771,0.0019283,0.0024825,0.0028890,0.0033164
SA0P5
r\m,4.0,4.5,5.0,5.5,6.0,6.5,7.0,7.5,7.8,8.0,8.2
0.0,0.042979,0.10434,0.19862,0.32656,0.45820,0.56374,0.65181,0.73329,0.74804,0.74848,0.74526
1.0,0.032830,0.083936,0.16724,0.28349,0.40804,0.51201,0.60080,0.67662,0.69503,0.69891,0.69893
5.0,0.013957,0.039972,0.089550,0.16841,0.26588,0.36000,0.44586,0.51929,0.54554,0.55724,0.56518
10.0,0.0072166,0.021355,0.050305,0.10061,0.17041,0.24809,0.31880,0.37708,0.41220,0.42975,0.44989
15.0,0.0044759,0.013536,0.032806,0.067985,0.12024,0.18259,0.24217,0.29432,0.31967,0.34091,0.35979
20.0,0.0030832,0.0095194,0.023566,0.050141,0.091133,0.14180,0.19297,0.24079,0.26268,0.27824,0.29747
25.0,0.0022824,0.0071593,0.018011,0.039091,0.072474,0.11475,0.15940,0.20319,0.22430,0.23672,0.25257
30.0,0.0017792,0.0056492,0.014387,0.031710,0.059679,0.095755,0.13526,0.17550,0.19567,0.20782,0.21887
40.0,0.0011944,0.0038636,0.010021,0.022617,0.043539,0.071226,0.10324,0.13772,0.15546,0.16568,0.17533
50.0,0.00087277,0.0028626,0.0075264,0.017298,0.033886,0.056258,0.083267,0.11312,0.12868,0.13932,0.14955
60.0,0.00070710,0.0023450,0.0062309,0.014523,0.028856,0.048464,0.072647,0.099521,0.11501,0.12517,0.13504
70.0,0.00062317,0.0020796,0.0055586,0.013073,0.026219,0.044355,0.066675,0.092777,0.10778,0.11774,0.12748
80.0,0.00056182,0.0018838,0.0050603,0.011993,0.024250,0.041277,0.062405,0.087610,0.10218,0.11191,0.12149
90.0,0.00051176,0.0017231,0.0046490,0.011117,0.022595,0.038620,0.058865,0.083155,0.097319,0.10684,0.11624
100.0,0.00047004,0.0015884,0.0043023,0.010369,0.021177,0.036367,0.055785,0.079248,0.093039,0.10235,0.11159
110.0,0.00043463,0.0014735,0.0040053,0.0097066,0.019875,0.034248,0.052709,0.075131,0.088365,0.097324,0.10623
120.0,0.00040393,0.0013734,0.0037456,0.0091235,0.018744,0.032374,0.049982,0.071472,0.084205,0.092844,0.10146
130.0,0.00037267,0.0012713,0.0034796,0.0085206,0.017555,0.030436,0.047156,0.067668,0.079876,0.088181,0.096481
140.0,0.00034491,0.0011802,0.0032413,0.0079758,0.016475,0.028667,0.044570,0.064167,0.075891,0.083889,0.091897
150.0,0.00032057,0.0011000,0.0030305,0.0074938,0.015511,0.027083,0.042243,0.061007,0.072284,0.079996,0.087735
175.0,0.00026969,0.00093124,0.0025834,0.0064526,0.013429,0.023630,0.037141,0.054036,0.064287,0.071338,0.078449
200.0,0.00023137,0.00080287,0.0022400,0.0056335,0.011795,0.020891,0.033060,0.048413,0.057835,0.064350,0.070952
250.0,0.00017713,0.00062003,0.0017469,0.0044396,0.0093862,0.016797,0.026899,0.039867,0.047963,0.053612,0.059382
300.0,0.00014079,0.00049623,0.0014095,0.0036337,0.0077138,0.013877,0.022394,0.033474,0.040487,0.045416,0.050826
350.0,0.00011485,0.00040708,0.0011640,0.0030366,0.0064714,0.011701,0.019014,0.028632,0.034791,0.039356,0.044186
400.0,9.5511e-05,0.00034007,0.00097763,0.0025765,0.0055112,0.010015,0.016375,0.024820,0.030382,0.034505,0.038844
450.0,8.2031e-05,0.00029259,0.00084234,0.0021993,0.0047314,0.0086404,0.014213,0.021677,0.026731,0.030434,0.034340
500.0,7.0898e-05,0.00025327,0.00073030,0.0018916,0.0040965,0.0075175,0.012434,0.019096,0.023672,0.027012,0.030545
600.0,5.3619e-05,0.00019219,0.00055562,0.0014347,0.0031216,0.0057872,0.0096738,0.015072,0.018806,0.021533,0.024432
700.0,4.1363e-05,0.00014822,0.00043057,0.0011088,0.0024259,0.0045350,0.0076466,0.012055,0.015110,0.017354,0.019737
800.0,3.2217e-05,0.00011583,0.00033689,0.00086988,0.0019040,0.0035921,0.0061104,0.0097079,0.012217,0.014059,0.016014
1000.0,1.9718e-05,7.0990e-05,0.00020733,0.00053867,0.0011891,0.0022700,0.0039250,0.0063096,0.0079919,0.0092299,0.010549
1200.0,1.2298e-05,4.4305e-05,0.00013008,0.00034026,0.00075761,0.0014642,0.0025673,0.0041703,0.0053141,0.0061562,0.0070536
1500.0,6.0746e-06,2.1957e-05,6.5166e-05,0.00017282,0.00039387,0.00077985,0.0013923,0.0022891,0.0029421,0.0034224,0.0039296
SA0P75
r\m,4.0,4.5,5.0,5.5,6.0,6.5,7.0,7.5,7.8,8.0,8.2
0.0,0.019553,0.051399,0.10780,0.19490,0.29579,0.38553,0.46306,0.53505,0.55166,0.55513,0.55555
1.0,0.014850,0.041175,0.090517,0.16885,0.26304,0.34978,0.42656,0.49341,0.51233,0.51819,0.52088
5.0,0.0062529,0.019434,0.048097,0.099653,0.17046,0.24488,0.31559,0.37781,0.40139,0.41254,0.42070
10.0,0.0032261,0.010373,0.026998,0.059482,0.10923,0.16877,0.22558,0.27406,0.30314,0.31805,0.33494
15.0,0.0020083,0.0065997,0.017671,0.040337,0.077294,0.12449,0.17166,0.21416,0.23513,0.25241,0.26791
20.0,0.0013886,0.0046572,0.012734,0.029839,0.058731,0.096873,0.13703,0.17546,0.19340,0.20608,0.22159
25.0,0.0010310,0.0035128,0.0097598,0.023330,0.046826,0.078558,0.11340,0.14830,0.16537,0.17550,0.18825
30.0,0.00080574,0.0027786,0.0078148,0.018969,0.038643,0.065678,0.096402,0.12830,0.14448,0.15428,0.16324
40.0,0.00054310,0.0019081,0.0054646,0.013583,0.028300,0.049015,0.073814,0.10099,0.11511,0.12332,0.13108
50.0,0.00039826,0.0014188,0.0041185,0.010424,0.022101,0.038831,0.059711,0.083204,0.095553,0.10401,0.11216
60.0,0.00032426,0.0011682,0.0034268,0.0087973,0.018918,0.033616,0.052342,0.073528,0.085789,0.093864,0.10172
70.0,0.00028761,0.0010428,0.0030773,0.0079716,0.017306,0.030964,0.048330,0.068948,0.080852,0.088772,0.096538
80.0,0.00026065,0.00094970,0.0028164,0.0073530,0.016094,0.028966,0.045459,0.065423,0.077011,0.084771,0.092419
90.0,0.00023859,0.00087309,0.0026005,0.0068518,0.015073,0.027236,0.043082,0.062380,0.073673,0.081280,0.088811
100.0,0.00022017,0.00080875,0.0024182,0.0064237,0.014197,0.025767,0.041010,0.059707,0.070730,0.078189,0.085609
110.0,0.00020451,0.00075376,0.0022617,0.0060419,0.013385,0.024369,0.038907,0.056825,0.067428,0.074623,0.081792
120.0,0.00019090,0.00070574,0.0021244,0.0057051,0.012682,0.023131,0.037038,0.054260,0.064486,0.071440,0.078387
130.0,0.00017689,0.00065615,0.0019822,0.0053519,0.011928,0.021833,0.035076,0.051558,0.061384,0.068084,0.074791
140.0,0.00016442,0.00061185,0.0018545,0.0050322,0.011242,0.020647,0.033280,0.049071,0.058529,0.064995,0.071480
150.0,0.00015348,0.00057280,0.0017415,0.0047493,0.010629,0.019584,0.031663,0.046826,0.055944,0.062193,0.068475
175.0,0.00013040,0.00048979,0.0014994,0.0041308,0.0092896,0.017243,0.028079,0.041821,0.050155,0.055899,0.061701
200.0,0.00011294,0.00042635,0.0013125,0.0036404,0.0082335,0.015375,0.025197,0.037763,0.045466,0.050803,0.056220
250.0,8.8096e-05,0.00033556,0.0010429,0.0029224,0.0066686,0.012569,0.020829,0.031580,0.038279,0.042964,0.047758
300.0,7.1259e-05,0.00027337,0.00085629,0.0024357,0.0055750,0.010551,0.017604,0.026906,0.032779,0.036917,0.041471
350.0,5.9125e-05,0.00022813,0.00071920,0.0020714,0.0047553,0.0090356,0.015170,0.023349,0.028570,0.032453,0.036574
400.0,4.9991e-05,0.00019382,0.00061426,0.0017883,0.0041170,0.0078540,0.013260,0.020539,0.025316,0.028870,0.032626
450.0,4.3716e-05,0.00016983,0.00053893,0.0015520,0.0035920,0.0068810,0.011683,0.018204,0.022606,0.025845,0.029278
500.0,3.8457e-05,0.00014968,0.00047567,0.0013570,0.0031609,0.0060807,0.010377,0.016284,0.020327,0.023294,0.026449
600.0,3.0224e-05,0.00011803,0.00037618,0.0010683,0.0024950,0.0048403,0.0083416,0.013284,0.016693,0.019203,0.021889
700.0,2.4160e-05,9.4519e-05,0.00030231,0.00085535,0.0020067,0.0039231,0.0068185,0.010994,0.013885,0.016027,0.018324
800.0,1.9561e-05,7.6719e-05,0.00024586,0.00069718,0.0016335,0.0032212,0.0056467,0.0091853,0.011652,0.013483,0.015450
1000.0,1.2891e-05,5.0705e-05,0.00016317,0.00046507,0.0010970,0.0021851,0.0038937,0.0064182,0.0081998,0.0095283,0.010962
1200.0,8.7027e-06,3.4272e-05,0.00011069,0.00031696,0.00075258,0.0015148,0.0027358,0.0045581,0.0058567,0.0068262,0.0078750
1500.0,4.8496e-06,1.9132e-05,6.2251e-05,0.00018006,0.00043612,0.00089693,0.0016461,0.0027738,0.0035889,0.0041972,0.0048503
SA1P0
r\m,4.0,4.5,5.0,5.5,6.0,6.5,7.0,7.5,7.8,8.0,8.2
0.0,0.010860,0.029536,0.065474,0.12632,0.20412,0.28070,0.35150,0.41929,0.43853,0.44483,0.44828
1.0,0.0082268,0.023615,0.054906,0.10934,0.18140,0.25455,0.32370,0.38655,0.40719,0.41516,0.42026
5.0,0.0034490,0.011102,0.029076,0.064342,0.11728,0.17787,0.23916,0.29568,0.31874,0.33029,0.33925
10.0,0.0017779,0.0059244,0.016319,0.038398,0.075152,0.12262,0.17094,0.21440,0.24067,0.25461,0.27012
15.0,0.0011089,0.0037766,0.010702,0.026089,0.053264,0.090544,0.13020,0.16763,0.18671,0.20210,0.21608
20.0,0.00076819,0.0026699,0.0077255,0.019331,0.040528,0.070538,0.10403,0.13744,0.15364,0.16504,0.17875
25.0,0.00057128,0.0020171,0.0059304,0.015137,0.032357,0.057267,0.086175,0.11626,0.13147,0.14061,0.15191
30.0,0.00044704,0.0015976,0.0047549,0.012324,0.026735,0.047926,0.073326,0.10066,0.11494,0.12370,0.13176
40.0,0.00030199,0.0010996,0.0033325,0.0088446,0.019621,0.035831,0.056237,0.079360,0.091703,0.098992,0.10592
50.0,0.00022188,0.00081932,0.0025167,0.0068018,0.015353,0.028434,0.045564,0.065480,0.076227,0.083614,0.090767
60.0,0.00018112,0.00067646,0.0020999,0.0057561,0.013179,0.024678,0.040036,0.057991,0.068587,0.075618,0.082493
70.0,0.00016118,0.00060596,0.0018923,0.0052343,0.012098,0.022806,0.037077,0.054532,0.064813,0.071701,0.078486
80.0,0.00014646,0.00055343,0.0017368,0.0048421,0.011283,0.021391,0.034961,0.051866,0.061873,0.068621,0.075300
90.0,0.00013440,0.00051016,0.0016081,0.0045249,0.010596,0.020165,0.033211,0.049564,0.059317,0.065931,0.072508
100.0,0.00012433,0.00047380,0.0014993,0.0042537,0.010006,0.019123,0.031685,0.047539,0.057062,0.063548,0.070029
110.0,0.00011576,0.00044269,0.0014058,0.0040113,0.0094571,0.018126,0.030121,0.045330,0.054496,0.060755,0.067019
120.0,0.00010830,0.00041548,0.0013236,0.0037971,0.0089821,0.017242,0.028730,0.043363,0.052207,0.058261,0.064334
130.0,0.00010057,0.00038720,0.0012380,0.0035706,0.0084674,0.016308,0.027260,0.041276,0.049780,0.055614,0.061480
140.0,9.3691e-05,0.00036191,0.0011610,0.0033654,0.0079979,0.015454,0.025914,0.039356,0.047545,0.053179,0.058853
150.0,8.7649e-05,0.00033961,0.0010928,0.0031839,0.0075786,0.014689,0.024701,0.037622,0.045522,0.050970,0.056469
175.0,7.4849e-05,0.00029195,0.00094599,0.0027843,0.0066574,0.012993,0.022000,0.033737,0.040968,0.045982,0.051068
200.0,6.5138e-05,0.00025544,0.00083231,0.0024663,0.0059289,0.011637,0.019823,0.030579,0.037273,0.041940,0.046695
250.0,5.1294e-05,0.00020306,0.00066798,0.0019996,0.0048470,0.0095956,0.016516,0.025764,0.031609,0.035721,0.039946
300.0,4.1857e-05,0.00016697,0.00055362,0.0016826,0.0040886,0.0081203,0.014064,0.022107,0.027254,0.030902,0.034926
350.0,3.5021e-05,0.00014058,0.00046916,0.0014443,0.0035178,0.0070096,0.012209,0.019319,0.023918,0.027353,0.031014
400.0,2.9854e-05,0.00012047,0.00040423,0.0012582,0.0030718,0.0061413,0.010752,0.017116,0.021343,0.024505,0.027862
450.0,2.6338e-05,0.00010655,0.00035800,0.0011015,0.0027026,0.0054226,0.0095432,0.015282,0.019197,0.022096,0.025186
500.0,2.3370e-05,9.4764e-05,0.00031892,0.00097141,0.0023984,0.0048302,0.0085421,0.013773,0.017393,0.020067,0.022926
600.0,1.8716e-05,7.6194e-05,0.00025731,0.00077976,0.0019281,0.0039114,0.0069810,0.011424,0.014523,0.016824,0.019302
700.0,1.5223e-05,6.2194e-05,0.00021073,0.00063602,0.0015789,0.0032263,0.0058058,0.0096225,0.012297,0.014296,0.016458
800.0,1.2563e-05,5.1471e-05,0.00017488,0.00052900,0.0013103,0.0026998,0.0048992,0.0081968,0.010524,0.012270,0.014164
1000.0,8.5900e-06,3.5377e-05,0.00012082,0.00036735,0.00091533,0.0019033,0.0035111,0.0059595,0.0077104,0.0090323,0.010475
1200.0,6.0406e-06,2.4952e-05,8.5544e-05,0.00026120,0.00065463,0.0013742,0.0025694,0.0044112,0.0057407,0.0067474,0.0078503
1500.0,3.5899e-06,1.4881e-05,5.1384e-05,0.00015836,0.00040431,0.00086628,0.0016452,0.0028588,0.0037449,0.0044171,0.0051503
SA1P5
r\m,4.0,4.5,5.0,5.5,6.0,6.5,7.0,7.5,7.8,8.0,8.2
0.0,0.0046178,0.012882,0.030256,0.063168,0.11128,0.16630,0.22396,0.28391,0.30590,0.31570,0.32311
1.0,0.0034896,0.010282,0.025344,0.054635,0.098849,0.15076,0.20621,0.26169,0.28399,0.29461,0.30289
5.0,0.0014574,0.0048171,0.013383,0.032075,0.063785,0.10519,0.15220,0.20001,0.22216,0.23425,0.24439
10.0,0.00075091,0.0025711,0.0075138,0.019147,0.040893,0.072548,0.10880,0.14500,0.16774,0.18058,0.19463
15.0,0.00046928,0.0016426,0.0049383,0.013038,0.029036,0.053649,0.082967,0.11345,0.13016,0.14339,0.15572
20.0,0.00032576,0.0011636,0.0035720,0.0096788,0.022130,0.041852,0.066364,0.093102,0.10717,0.11713,0.12886
25.0,0.00024267,0.00088065,0.0027471,0.0075931,0.017698,0.034024,0.055038,0.078823,0.091778,0.099847,0.10954
30.0,0.00019017,0.00069863,0.0022062,0.0061921,0.014645,0.028511,0.046885,0.068315,0.080304,0.087899,0.095053
40.0,0.00012879,0.00048218,0.0015507,0.0044567,0.010777,0.021365,0.036030,0.053953,0.064170,0.070440,0.076507
50.0,9.4838e-05,0.00036018,0.0011741,0.0034363,0.0084539,0.016991,0.029249,0.044594,0.053422,0.059590,0.065662
60.0,7.7635e-05,0.00029831,0.00098284,0.0029177,0.0072804,0.014790,0.025768,0.039586,0.048177,0.054008,0.059801
70.0,6.9323e-05,0.00026823,0.00088915,0.0026638,0.0067096,0.013717,0.023941,0.037335,0.045650,0.051344,0.057037
80.0,6.3172e-05,0.00024576,0.00081882,0.0024725,0.0062783,0.012905,0.022637,0.035598,0.043681,0.049248,0.054840
90.0,5.8131e-05,0.00022724,0.00076052,0.0023182,0.0059148,0.012201,0.021559,0.034097,0.041968,0.047417,0.052914
100.0,5.3915e-05,0.00021166,0.00071121,0.0021861,0.0056023,0.011602,0.020619,0.032777,0.040457,0.045795,0.051203
110.0,5.0325e-05,0.00019832,0.00066881,0.0020678,0.0053101,0.011026,0.019646,0.031318,0.038709,0.043860,0.049086
120.0,4.7193e-05,0.00018663,0.00063150,0.0019630,0.0050577,0.010513,0.018780,0.030017,0.037150,0.042131,0.047196
130.0,4.3930e-05,0.00017439,0.00059225,0.0018512,0.0047805,0.0099678,0.017857,0.028626,0.035484,0.040284,0.045173
140.0,4.1022e-05,0.00016343,0.00055695,0.0017497,0.0045273,0.0094686,0.017011,0.027346,0.033951,0.038584,0.043313
150.0,3.8466e-05,0.00015375,0.00052567,0.0016599,0.0043010,0.0090210,0.016249,0.026191,0.032563,0.037043,0.041624
175.0,3.3024e-05,0.00013297,0.00045787,0.0014608,0.0038007,0.0080227,0.014542,0.023587,0.029422,0.033544,0.037780
200.0,2.8884e-05,0.00011699,0.00040522,0.0013016,0.0034037,0.0072219,0.013162,0.021465,0.026869,0.030705,0.034664
250.0,2.2967e-05,9.4013e-05,0.00032890,0.0010673,0.0028125,0.0060127,0.011062,0.018227,0.022954,0.026339,0.029860
300.0,1.8907e-05,7.8070e-05,0.00027543,0.00090792,0.0023965,0.0051346,0.0094957,0.015756,0.019929,0.022940,0.026283
350.0,1.5950e-05,6.6343e-05,0.00023569,0.00078731,0.0020819,0.0044709,0.0083082,0.013868,0.017610,0.020443,0.023496
400.0,1.3704e-05,5.7361e-05,0.00020499,0.00069270,0.0018350,0.0039506,0.0073738,0.012376,0.015825,0.018442,0.021253
450.0,1.2191e-05,5.1208e-05,0.00018334,0.00061210,0.0016291,0.0035174,0.0065957,0.011131,0.014336,0.016747,0.019349
500.0,1.0905e-05,4.5960e-05,0.00016489,0.00054475,0.0014587,0.0031594,0.0059504,0.010108,0.013086,0.015323,0.017745
600.0,8.8857e-06,3.7663e-05,0.00013577,0.00044617,0.0011952,0.0026043,0.0049457,0.0085254,0.011108,0.013062,0.015194
700.0,7.3414e-06,3.1312e-05,0.00011330,0.00037089,0.00099709,0.0021871,0.0041858,0.0073082,0.0095742,0.011300,0.013195
800.0,6.1633e-06,2.6396e-05,9.5923e-05,0.00031487,0.00084402,0.0018660,0.0036002,0.0063488,0.0083583,0.0098969,0.011594
1000.0,4.3544e-06,1.8825e-05,6.8943e-05,0.00022770,0.00061381,0.0013684,0.0026845,0.0048089,0.0063843,0.0076009,0.0089533
1200.0,3.1762e-06,1.3826e-05,5.0917e-05,0.00016902,0.00045825,0.0010308,0.0020502,0.0037194,0.0049692,0.0059394,0.0070248
1500.0,2.0014e-06,8.7860e-06,3.2669e-05,0.00010957,0.00030257,0.00069458,0.0014039,0.0025832,0.0034752,0.0041714,0.0049507
SA2P0
r\m,4.0,4.5,5.0,5.5,6.0,6.5,7.0,7.5,7.8,8.0,8.2
0.0,0.0024739,0.0069660,0.016870,0.036923,0.068838,0.10917,0.15559,0.20752,0.22958,0.24073,0.24998
1.0,0.0018675,0.0055560,0.014126,0.031927,0.061136,0.098955,0.14325,0.19127,0.21313,0.22464,0.23433
5.0,0.00077871,0.0025994,0.0074514,0.018728,0.039426,0.069011,0.10570,0.14616,0.16670,0.17860,0.18906
10.0,0.00040120,0.0013879,0.0041854,0.011185,0.025290,0.047625,0.075589,0.10597,0.12588,0.13770,0.15060
15.0,0.00025101,0.00088779,0.0027544,0.0076264,0.017979,0.035252,0.057686,0.082961,0.097711,0.10937,0.12052
20.0,0.00017444,0.00062967,0.0019948,0.0056686,0.013718,0.027526,0.046178,0.068119,0.080491,0.089364,0.099749
25.0,0.00013007,0.00047708,0.0015359,0.0044523,0.010983,0.022399,0.038328,0.057708,0.068964,0.076210,0.084823
30.0,0.00010202,0.00037884,0.0012348,0.0036347,0.0090968,0.018786,0.032674,0.050046,0.060374,0.067123,0.073625
40.0,6.9198e-05,0.00026193,0.00086953,0.0026212,0.0067071,0.014100,0.025145,0.039572,0.048294,0.053839,0.059306
50.0,5.1027e-05,0.00019598,0.00065953,0.0020247,0.0052704,0.011231,0.020440,0.032746,0.040246,0.045590,0.050947
60.0,4.1839e-05,0.00016262,0.00055323,0.0017228,0.0045483,0.0097946,0.018038,0.029110,0.036343,0.041372,0.046454
70.0,3.7430e-05,0.00014654,0.00050166,0.0015766,0.0042017,0.0091039,0.016792,0.027501,0.034490,0.039387,0.044367
80.0,3.4165e-05,0.00013452,0.00046292,0.0014665,0.0039397,0.0085812,0.015903,0.026260,0.033046,0.037827,0.042709
90.0,3.1487e-05,0.00012461,0.00043080,0.0013778,0.0037190,0.0081276,0.015170,0.025188,0.031790,0.036464,0.041255
100.0,2.9246e-05,0.00011626,0.00040362,0.0013019,0.0035292,0.0077425,0.014531,0.024246,0.030683,0.035256,0.039964
110.0,2.7337e-05,0.00010912,0.00038024,0.0012337,0.0033512,0.0073696,0.013865,0.023194,0.029389,0.033801,0.038347
120.0,2.5671e-05,0.00010285,0.00035965,0.0011733,0.0031976,0.0070384,0.013272,0.022257,0.028236,0.032501,0.036905
130.0,2.3928e-05,9.6254e-05,0.00033786,0.0011084,0.0030274,0.0066832,0.012637,0.021250,0.026997,0.031105,0.035355
140.0,2.2373e-05,9.0343e-05,0.00031826,0.0010495,0.0028718,0.0063581,0.012054,0.020323,0.025857,0.029821,0.033929
150.0,2.1006e-05,8.5124e-05,0.00030088,0.00099735,0.0027327,0.0060665,0.011529,0.019487,0.024825,0.028657,0.032635
175.0,1.8087e-05,7.3873e-05,0.00026307,0.00088121,0.0024239,0.0054137,0.010349,0.017594,0.022482,0.026006,0.029680
200.0,1.5863e-05,6.5209e-05,0.00023364,0.00078805,0.0021784,0.0048890,0.0093931,0.016050,0.020576,0.023854,0.027285
250.0,1.2678e-05,5.2723e-05,0.00019091,0.00065068,0.0018120,0.0040949,0.0079361,0.013692,0.017651,0.020543,0.023591
300.0,1.0484e-05,4.4022e-05,0.00016084,0.00055706,0.0015535,0.0035163,0.0068456,0.011885,0.015385,0.017957,0.020839
350.0,8.8802e-06,3.7595e-05,0.00013839,0.00048595,0.0013573,0.0030776,0.0060170,0.010504,0.013645,0.016060,0.018694
400.0,7.6584e-06,3.2657e-05,0.00012099,0.00042995,0.0012028,0.0027329,0.0053640,0.0094107,0.012308,0.014541,0.016969
450.0,6.8390e-06,2.9291e-05,0.00010878,0.00038190,0.0010733,0.0024447,0.0048186,0.0084970,0.011191,0.013253,0.015504
500.0,6.1393e-06,2.6406e-05,9.8318e-05,0.00034156,0.00096579,0.0022060,0.0043656,0.0077472,0.010255,0.012171,0.014272
600.0,5.0397e-06,2.1833e-05,8.1780e-05,0.00028270,0.00079941,0.0018357,0.0036609,0.0065901,0.0087778,0.010462,0.012323
700.0,4.1899e-06,1.8303e-05,6.8870e-05,0.00023726,0.00067326,0.0015560,0.0031262,0.0056995,0.0076329,0.0091319,0.010800
800.0,3.5412e-06,1.5553e-05,5.8855e-05,0.00020344,0.00057555,0.0013405,0.0027147,0.0049999,0.0067297,0.0080785,0.0095876
1000.0,2.5319e-06,1.1264e-05,4.3059e-05,0.00014997,0.00042684,0.0010024,0.0020645,0.0038655,0.0052488,0.0063380,0.0075671
1200.0,1.8712e-06,8.4102e-06,3.2395e-05,0.00011355,0.00032526,0.00077081,0.0016104,0.0030566,0.0041787,0.0050681,0.0060797
1500.0,1.2037e-06,5.4813e-06,2.1383e-05,7.5883e-05,0.00022164,0.00053653,0.0011404,0.0021997,0.0030305,0.0036941,0.0044518
SA3P0
r\m,4.0,4.5,5.0,5.5,6.0,6.5,7.0,7.5,7.8,8.0,8.2
0.0,0.0010012,0.0028476,0.0071512,0.016592,0.033290,0.057254,0.088535,0.12754,0.14712,0.15829,0.16836
1.0,0.00075509,0.0022699,0.0059860,0.014345,0.029564,0.051898,0.081520,0.11755,0.13658,0.14772,0.15782
5.0,0.00031449,0.0010610,0.0031558,0.0084118,0.019063,0.036193,0.060157,0.089835,0.10684,0.11745,0.12735
10.0,0.00016207,0.00056692,0.0017742,0.0050284,0.012241,0.025002,0.043054,0.065163,0.080717,0.090594,0.10148
15.0,0.00010154,0.00036320,0.0011696,0.0034346,0.0087159,0.018532,0.032894,0.051060,0.062688,0.071993,0.081251
20.0,7.0660e-05,0.00025799,0.00084839,0.0025570,0.0066602,0.014490,0.026362,0.041963,0.051677,0.058856,0.067279
25.0,5.2752e-05,0.00019574,0.00065420,0.0020115,0.0053403,0.011807,0.021905,0.035582,0.044311,0.050225,0.057240
30.0,4.1421e-05,0.00015563,0.00052666,0.0016445,0.0044296,0.0099146,0.018695,0.030886,0.038822,0.044266,0.049708
40.0,2.8149e-05,0.00010786,0.00037185,0.0011892,0.0032747,0.0074595,0.014417,0.024465,0.031101,0.035552,0.040087
50.0,2.0795e-05,8.0876e-05,0.00028273,0.00092094,0.0025797,0.0059549,0.011743,0.020279,0.025956,0.030147,0.034481
60.0,1.7085e-05,6.7275e-05,0.00023780,0.00078580,0.0022325,0.0052068,0.010387,0.018062,0.023479,0.027401,0.031487
70.0,1.5319e-05,6.0784e-05,0.00021626,0.00072133,0.0020686,0.0048532,0.0096930,0.017100,0.022325,0.026133,0.030120
80.0,1.4010e-05,5.5928e-05,0.00020008,0.00067278,0.0019449,0.0045861,0.0092006,0.016360,0.021427,0.025137,0.029037
90.0,1.2936e-05,5.1923e-05,0.00018666,0.00063377,0.0018408,0.0043543,0.0087954,0.015721,0.020646,0.024268,0.028088
100.0,1.2037e-05,4.8551e-05,0.00017530,0.00060039,0.0017512,0.0041576,0.0084421,0.015159,0.019958,0.023498,0.027245
110.0,1.1270e-05,4.5661e-05,0.00016553,0.00057035,0.0016669,0.0039661,0.0080707,0.014525,0.019144,0.022558,0.026174
120.0,1.0600e-05,4.3125e-05,0.00015691,0.00054373,0.0015943,0.0037959,0.0077400,0.013960,0.018418,0.021717,0.025219
130.0,9.8960e-06,4.0437e-05,0.00014773,0.00051484,0.0015128,0.0036118,0.0073826,0.013349,0.017634,0.020810,0.024186
140.0,9.2672e-06,3.8026e-05,0.00013945,0.00048855,0.0014382,0.0034430,0.0070548,0.012786,0.016911,0.019975,0.023236
150.0,8.7141e-06,3.5896e-05,0.00013211,0.00046531,0.0013715,0.0032916,0.0067595,0.012277,0.016258,0.019219,0.022375
175.0,7.5289e-06,3.1284e-05,0.00011607,0.00041324,0.0012226,0.0029510,0.0060920,0.011123,0.014767,0.017489,0.020400
200.0,6.6240e-06,2.7725e-05,0.00010355,0.00037131,0.0011039,0.0026764,0.0055500,0.010179,0.013553,0.016082,0.018797
250.0,5.3242e-06,2.2579e-05,8.5306e-05,0.00030928,0.00092611,0.0022595,0.0047217,0.0087341,0.011688,0.013917,0.016326
300.0,4.4239e-06,1.8971e-05,7.2392e-05,0.00026689,0.00080018,0.0019540,0.0040983,0.0076219,0.010235,0.012218,0.014481
350.0,3.7626e-06,1.6291e-05,6.2694e-05,0.00023448,0.00070401,0.0017213,0.0036229,0.0067691,0.0091174,0.010973,0.013041
400.0,3.2564e-06,1.4221e-05,5.5133e-05,0.00020882,0.00062793,0.0015377,0.0032470,0.0060930,0.0082589,0.0099751,0.011883
450.0,2.9178e-06,1.2816e-05,4.9847e-05,0.00018658,0.00056364,0.0013832,0.0029315,0.0055260,0.0075409,0.0091274,0.010898
500.0,2.6269e-06,1.1602e-05,4.5287e-05,0.00016778,0.00051004,0.0012547,0.0026687,0.0050603,0.0069384,0.0084156,0.010071
600.0,2.1685e-06,9.6703e-06,3.8046e-05,0.00014038,0.00042675,0.0010549,0.0022593,0.0043431,0.0059900,0.0072952,0.0087688
700.0,1.8097e-06,8.1610e-06,3.2304e-05,0.00011890,0.00036287,0.00090262,0.0019470,0.0037898,0.0052548,0.0064241,0.0077535
800.0,1.5350e-06,6.9755e-06,2.7824e-05,0.00010289,0.00031312,0.00078499,0.0017066,0.0033564,0.0046775,0.0057386,0.0069526
1000.0,1.1023e-06,5.1003e-06,2.0632e-05,7.7068e-05,0.00023627,0.00059754,0.0013218,0.0026455,0.0037216,0.0045952,0.0056044
1200.0,8.1774e-07,3.8419e-06,1.5717e-05,5.9246e-05,0.00018310,0.00046776,0.0010510,0.0021356,0.0030271,0.0037569,0.0046081
1500.0,5.2799e-07,2.5323e-06,1.0552e-05,4.0445e-05,0.00012785,0.00033446,0.00076654,0.0015885,0.0022729,0.0028395,0.0035052
SA4P0
r\m,4.0,4.5,5.0,5.5,6.0,6.5,7.0,7.5,7.8,8.0,8.2
0.0,0.00051761,0.0014850,0.0038227,0.0092202,0.019434,0.035337,0.057890,0.088206,0.10500,0.11521,0.12483
1.0,0.00039024,0.0011835,0.0031996,0.0079715,0.017260,0.032034,0.053308,0.081305,0.097482,0.10752,0.11703
5.0,0.00016248,0.00055311,0.0016869,0.0046753,0.011132,0.022347,0.039351,0.062153,0.076272,0.085511,0.094448
10.0,8.3766e-05,0.00029573,0.00094908,0.0027970,0.0071542,0.015450,0.028183,0.045106,0.057650,0.065985,0.075297
15.0,5.2525e-05,0.00018965,0.00062636,0.0019127,0.0050998,0.011463,0.021551,0.035368,0.044796,0.052461,0.060308
20.0,3.6583e-05,0.00013485,0.00045483,0.0014256,0.0039011,0.0089714,0.017285,0.029087,0.036948,0.042908,0.049958
25.0,2.7333e-05,0.00010241,0.00035108,0.0011227,0.0031313,0.0073170,0.014375,0.024681,0.031700,0.036634,0.042521
30.0,2.1477e-05,8.1494e-05,0.00028292,0.00091879,0.0025999,0.0061502,0.012279,0.021438,0.027789,0.032304,0.036941
40.0,1.4615e-05,5.6570e-05,0.00020012,0.00066567,0.0019257,0.0046354,0.0094838,0.017003,0.022288,0.025971,0.029818
50.0,1.0810e-05,4.2484e-05,0.00015242,0.00051646,0.0015198,0.0037067,0.0077364,0.014112,0.018621,0.022045,0.025671
60.0,8.8937e-06,3.5396e-05,0.00012843,0.00044152,0.0013178,0.0032469,0.0068538,0.012586,0.016865,0.020059,0.023465
70.0,7.9856e-06,3.2035e-05,0.00011702,0.00040611,0.0012235,0.0030321,0.0064066,0.011933,0.016056,0.019153,0.022471
80.0,7.3124e-06,2.9522e-05,0.00010845,0.00037948,0.0011525,0.0028702,0.0060905,0.011431,0.015428,0.018443,0.021683
90.0,6.7599e-06,2.7449e-05,0.00010135,0.00035812,0.0010927,0.0027296,0.0058310,0.010998,0.014882,0.017823,0.020994
100.0,6.2973e-06,2.5703e-05,9.5334e-05,0.00033984,0.0010413,0.0026105,0.0056047,0.010618,0.014401,0.017274,0.020381
110.0,5.9027e-06,2.4206e-05,9.0158e-05,0.00032338,0.00099283,0.0024941,0.0053654,0.010186,0.013828,0.016598,0.019596
120.0,5.5578e-06,2.2891e-05,8.5594e-05,0.00030878,0.00095109,0.0023906,0.0051522,0.0098002,0.013316,0.015993,0.018896
130.0,5.1938e-06,2.1492e-05,8.0700e-05,0.00029282,0.00090388,0.0022779,0.0049206,0.0093811,0.012761,0.015338,0.018136
140.0,4.8685e-06,2.0235e-05,7.6286e-05,0.00027829,0.00086059,0.0021745,0.0047079,0.0089946,0.012249,0.014735,0.017437
150.0,4.5823e-06,1.9125e-05,7.2369e-05,0.00026545,0.00082187,0.0020817,0.0045163,0.0086458,0.011786,0.014188,0.016802
175.0,3.9676e-06,1.6714e-05,6.3783e-05,0.00023655,0.00073514,0.0018722,0.0040817,0.0078511,0.010728,0.012935,0.015345
200.0,3.4976e-06,1.4850e-05,5.7070e-05,0.00021322,0.00066585,0.0017030,0.0037282,0.0072004,0.0098641,0.011915,0.014161
250.0,2.8208e-06,1.2149e-05,4.7268e-05,0.00017863,0.00056185,0.0014455,0.0031869,0.0062030,0.0085361,0.010343,0.012334
300.0,2.3503e-06,1.0246e-05,4.0296e-05,0.00015492,0.00048791,0.0012560,0.0027776,0.0054319,0.0074980,0.0091061,0.010968
350.0,2.0033e-06,8.8272e-06,3.5035e-05,0.00013672,0.00043119,0.0011110,0.0024644,0.0048392,0.0066976,0.0081990,0.0099007
400.0,1.7367e-06,7.7261e-06,3.0915e-05,0.00012224,0.00038613,0.00099622,0.0022161,0.0043682,0.0060824,0.0074707,0.0090413
450.0,1.5583e-06,6.9795e-06,2.8039e-05,0.00010959,0.00034783,0.00089914,0.0020068,0.0039720,0.0055667,0.0068509,0.0083092
500.0,1.4044e-06,6.3315e-06,2.5543e-05,9.8848e-05,0.00031575,0.00081812,0.0018320,0.0036462,0.0051334,0.0063300,0.0076937
600.0,1.1610e-06,5.2944e-06,2.1560e-05,8.3158e-05,0.00026571,0.00069159,0.0015589,0.0031441,0.0044513,0.0055106,0.0067269
700.0,9.6897e-07,4.4772e-06,1.8367e-05,7.0734e-05,0.00022697,0.00059455,0.0013495,0.0027554,0.0039214,0.0048729,0.0059731
800.0,8.2145e-07,3.8312e-06,1.5861e-05,6.1428e-05,0.00019665,0.00051926,0.0011879,0.0024509,0.0035059,0.0043724,0.0053807
1000.0,5.8760e-07,2.8008e-06,1.1794e-05,4.6240e-05,0.00014931,0.00039801,0.00092703,0.0019479,0.0028137,0.0035329,0.0043785
1200.0,4.3334e-07,2.1053e-06,8.9915e-06,3.5656e-05,0.00011626,0.00031340,0.00074223,0.0015855,0.0023094,0.0029163,0.0036375
1500.0,2.7627e-07,1.3781e-06,6.0234e-06,2.4382e-05,8.1555e-05,0.00022573,0.00054673,0.0011946,0.0017593,0.0022392,0.0028150
SA5P0
r\m,4.0,4.5,5.0,5.5,6.0,6.5,7.0,7.5,7.8,8.0,8.2
0.0,0.00030488,0.00088252,0.0023184,0.0057645,0.012623,0.023964,0.041072,0.065424,0.079863,0.089033,0.097934
1.0,0.00022982,0.00070328,0.0019405,0.0049841,0.011212,0.021726,0.037825,0.060310,0.074152,0.083098,0.091818
5.0,9.5681e-05,0.00032871,0.0010233,0.0029240,0.0072337,0.015162,0.027932,0.046118,0.058034,0.066105,0.074120
10.0,4.9349e-05,0.00017585,0.00057612,0.0017506,0.0046522,0.010490,0.020016,0.033484,0.043883,0.051030,0.059112
15.0,3.0964e-05,0.00011286,0.00038054,0.0011982,0.0033192,0.0077891,0.015317,0.026270,0.034114,0.040587,0.047361
20.0,2.1580e-05,8.0308e-05,0.00027656,0.00089379,0.0025412,0.0061007,0.012294,0.021617,0.028151,0.033209,0.039247
25.0,1.6133e-05,6.1032e-05,0.00021365,0.00070447,0.0020414,0.0049795,0.010231,0.018352,0.024164,0.028365,0.033416
30.0,1.2684e-05,4.8602e-05,0.00017229,0.00057700,0.0016963,0.0041885,0.0087444,0.015950,0.021193,0.025024,0.029041
40.0,8.6410e-06,3.3781e-05,0.00012205,0.00041868,0.0012584,0.0031614,0.0067625,0.012664,0.017013,0.020135,0.023458
50.0,6.3978e-06,2.5400e-05,9.3087e-05,0.00032531,0.00099457,0.0025314,0.0055232,0.010521,0.014227,0.017104,0.020211
60.0,5.2688e-06,2.1190e-05,7.8545e-05,0.00027852,0.00086366,0.0022205,0.0048993,0.0093937,0.012897,0.015577,0.018489
70.0,4.7359e-06,1.9202e-05,7.1669e-05,0.00025658,0.00080309,0.0020767,0.0045856,0.0089160,0.012290,0.014886,0.017719
80.0,4.3409e-06,1.7717e-05,6.6511e-05,0.00024009,0.00075757,0.0019684,0.0043646,0.0085499,0.011820,0.014346,0.017111
90.0,4.0166e-06,1.6491e-05,6.2234e-05,0.00022689,0.00071927,0.0018745,0.0041834,0.0082343,0.011412,0.013875,0.016578
100.0,3.7450e-06,1.5459e-05,5.8614e-05,0.00021560,0.00068636,0.0017949,0.0040255,0.0079569,0.011053,0.013458,0.016106
110.0,3.5133e-06,1.4574e-05,5.5498e-05,0.00020542,0.00065522,0.0017169,0.0038577,0.0076398,0.010621,0.012940,0.015495
120.0,3.3107e-06,1.3797e-05,5.2749e-05,0.00019638,0.00062846,0.0016475,0.0037083,0.0073569,0.010235,0.012477,0.014950
130.0,3.0962e-06,1.2966e-05,4.9789e-05,0.00018646,0.00059797,0.0015716,0.0035450,0.0070481,0.0098156,0.011974,0.014358
140.0,2.9045e-06,1.2219e-05,4.7116e-05,0.00017741,0.00056999,0.0015019,0.0033951,0.0067632,0.0094287,0.011510,0.013812
150.0,2.7357e-06,1.1559e-05,4.4744e-05,0.00016942,0.00054495,0.0014394,0.0032600,0.0065061,0.0090785,0.011090,0.013317
175.0,2.3726e-06,1.0123e-05,3.9532e-05,0.00015137,0.00048873,0.0012977,0.0029528,0.0059189,0.0082762,0.010125,0.012177
200.0,2.0946e-06,9.0116e-06,3.5451e-05,0.00013677,0.00044375,0.0011831,0.0027025,0.0054375,0.0076212,0.0093388,0.011251
250.0,1.6935e-06,7.3972e-06,2.9480e-05,0.00011508,0.00037608,0.0010084,0.0023185,0.0046985,0.0066126,0.0081263,0.0098202
300.0,1.4137e-06,6.2563e-06,2.5216e-05,0.00010019,0.00032783,0.00087927,0.0020271,0.0041252,0.0058215,0.0071689,0.0087488
350.0,1.2068e-06,5.4020e-06,2.1987e-05,8.8703e-05,0.00029068,0.00078023,0.0018035,0.0036835,0.0052105,0.0064664,0.0079102
400.0,1.0473e-06,4.7368e-06,1.9448e-05,7.9528e-05,0.00026105,0.00070150,0.0016256,0.0033317,0.0047402,0.0059015,0.0072341
450.0,9.4043e-07,4.2856e-06,1.7675e-05,7.1469e-05,0.00023573,0.00063463,0.0014752,0.0030349,0.0043453,0.0054198,0.0066573
500.0,8.4791e-07,3.8922e-06,1.6129e-05,6.4592e-05,0.00021445,0.00057865,0.0013493,0.0027905,0.0040129,0.0050145,0.0061719
600.0,7.0103e-07,3.2597e-06,1.3651e-05,5.4523e-05,0.00018112,0.00049088,0.0011518,0.0024133,0.0034889,0.0043765,0.0054095
700.0,5.8443e-07,2.7578e-06,1.1646e-05,4.6479e-05,0.00015511,0.00042314,0.00099970,0.0021201,0.0030809,0.0038790,0.0048145
800.0,4.9456e-07,2.3588e-06,1.0065e-05,4.0426e-05,0.00013465,0.00037034,0.00088190,0.0018901,0.0027607,0.0034887,0.0043475
1000.0,3.5155e-07,1.7187e-06,7.4766e-06,3.0454e-05,0.00010243,0.00028462,0.00069047,0.0015079,0.0022248,0.0028314,0.0035547
1200.0,2.5700e-07,1.2845e-06,5.6811e-06,2.3451e-05,7.9766e-05,0.00022438,0.00055407,0.0012315,0.0018334,0.0023478,0.0029682
1500.0,1.6099e-07,8.3009e-07,3.7720e-06,1.5947e-05,5.5799e-05,0.00016155,0.00040897,0.00093226,0.0014054,0.0018160,0.0023169
SA7P5
r\m,4.0,4.5,5.0,5.5,6.0,6.5,7.0,7.5,7.8,8.0,8.2
0.0,0.00011080,0.00032811,0.00089872,0.0023694,0.0055739,0.011467,0.021378,0.037008,0.047376,0.054436,0.061628
1.0,8.3511e-05,0.00026147,0.00075233,0.0020490,0.0049519,0.010398,0.019692,0.034122,0.043995,0.050815,0.057787
5.0,3.4779e-05,0.00012227,0.00039700,0.0012031,0.0031977,0.0072630,0.014553,0.026111,0.034454,0.040447,0.046673
10.0,1.7954e-05,6.5490e-05,0.00022381,0.00072129,0.0020596,0.0050321,0.010442,0.018977,0.026076,0.031248,0.037250
15.0,1.1279e-05,4.2093e-05,0.00014807,0.00049451,0.0014718,0.0037421,0.0080011,0.014904,0.020289,0.024874,0.029867
20.0,7.8703e-06,2.9993e-05,0.00010778,0.00036948,0.0011286,0.0029353,0.0064303,0.012278,0.016758,0.020369,0.024768
25.0,5.8905e-06,2.2825e-05,8.3383e-05,0.00029167,0.00090803,0.0023993,0.0053582,0.010435,0.014399,0.017412,0.021103
30.0,4.6363e-06,1.8200e-05,6.7341e-05,0.00023926,0.00075567,0.0020210,0.0045855,0.0090786,0.012640,0.015374,0.018353
40.0,3.1649e-06,1.2681e-05,4.7834e-05,0.00017412,0.00056221,0.0015296,0.0035549,0.0072231,0.010165,0.012390,0.014846
50.0,2.3479e-06,9.5577e-06,3.6580e-05,0.00013566,0.00044559,0.0012280,0.0029103,0.0060130,0.0085152,0.010542,0.012809
60.0,1.9374e-06,7.9921e-06,3.0947e-05,0.00011648,0.00038803,0.0010800,0.0025877,0.0053793,0.0077331,0.0096163,0.011735
70.0,1.7448e-06,7.2597e-06,2.8313e-05,0.00010760,0.00036183,0.0010127,0.0024277,0.0051162,0.0073824,0.0092046,0.011262
80.0,1.6022e-06,6.7130e-06,2.6341e-05,0.00010096,0.00034223,0.00096236,0.0023159,0.0049154,0.0071120,0.0088841,0.010891
90.0,1.4851e-06,6.2620e-06,2.4706e-05,9.5648e-05,0.00032576,0.00091864,0.0022245,0.0047426,0.0068774,0.0086047,0.010565
100.0,1.3870e-06,5.8821e-06,2.3323e-05,9.1112e-05,0.00031162,0.00088170,0.0021450,0.0045909,0.0066708,0.0083575,0.010277
110.0,1.3033e-06,5.5563e-06,2.2132e-05,8.7015e-05,0.00029819,0.00084526,0.0020597,0.0044153,0.0064195,0.0080465,0.0098989
120.0,1.2300e-06,5.2698e-06,2.1081e-05,8.3379e-05,0.00028667,0.00081287,0.0019837,0.0042587,0.0061953,0.0077685,0.0095615
130.0,1.1520e-06,4.9614e-06,1.9939e-05,7.9342e-05,0.00027337,0.00077703,0.0018999,0.0040863,0.0059493,0.0074642,0.0091923
140.0,1.0821e-06,4.6840e-06,1.8907e-05,7.5655e-05,0.00026113,0.00074408,0.0018228,0.0039270,0.0057222,0.0071836,0.0088521
150.0,1.0206e-06,4.4384e-06,1.7990e-05,7.2395e-05,0.00025018,0.00071449,0.0017534,0.0037832,0.0055167,0.0069292,0.0085433
175.0,8.8789e-07,3.9024e-06,1.5966e-05,6.5000e-05,0.00022547,0.00064714,0.0015946,0.0034535,0.0050440,0.0063428,0.0078303
200.0,7.8598e-07,3.4862e-06,1.4377e-05,5.8994e-05,0.00020564,0.00059250,0.0014649,0.0031825,0.0046573,0.0058645,0.0072504
250.0,6.3839e-07,2.8793e-06,1.2043e-05,5.0033e-05,0.00017568,0.00050879,0.0012652,0.0027652,0.0040602,0.0051248,0.0063521
300.0,5.3476e-07,2.4473e-06,1.0364e-05,4.3852e-05,0.00015418,0.00044651,0.0011124,0.0024391,0.0035887,0.0045371,0.0056769
350.0,4.5760e-07,2.1215e-06,9.0817e-06,3.9045e-05,0.00013750,0.00039838,0.00099447,0.0021865,0.0032229,0.0041049,0.0051463
400.0,3.9775e-07,1.8659e-06,8.0656e-06,3.5173e-05,0.00012409,0.00035985,0.00090009,0.0019844,0.0029405,0.0037559,0.0047172
450.0,3.5749e-07,1.6920e-06,7.3547e-06,3.1731e-05,0.00011252,0.00032682,0.00081964,0.0018128,0.0027021,0.0034569,0.0043495
500.0,3.2238e-07,1.5391e-06,6.7286e-06,2.8768e-05,0.00010271,0.00029897,0.00075184,0.0016708,0.0025007,0.0032044,0.0040392
600.0,2.6617e-07,1.2906e-06,5.7136e-06,2.4394e-05,8.7187e-05,0.00025490,0.00064475,0.0014506,0.0021816,0.0028056,0.0035508
700.0,2.2103e-07,1.0906e-06,4.8783e-06,2.0840e-05,7.4885e-05,0.00022041,0.00056127,0.0012778,0.0019313,0.0024927,0.0031678
800.0,1.8595e-07,9.2972e-07,4.2110e-06,1.8133e-05,6.5086e-05,0.00019323,0.00049605,0.0011414,0.0017341,0.0022466,0.0028668
1000.0,1.2987e-07,6.6918e-07,3.1038e-06,1.3599e-05,4.9406e-05,0.00014841,0.00038860,0.00091221,0.0014010,0.0018289,0.0023527
1200.0,9.2669e-08,4.9096e-07,2.3259e-06,1.0367e-05,3.8203e-05,0.00011646,0.00031108,0.00074492,0.0011560,0.0015201,0.0019714
1500.0,5.5310e-08,3.0511e-07,1.4969e-06,6.8801e-06,2.6235e-05,8.2754e-05,0.00022779,0.00056260,0.00088700,0.0011797,0.0015482
SA10P0
r\m,4.0,4.5,5.0,5.5,6.0,6.5,7.0,7.5,7.8,8.0,8.2
0.0,5.2402e-05,0.00015854,0.00044920,0.0012383,0.0030717,0.0067004,0.013277,0.024414,0.032354,0.038005,0.043944
1.0,3.9496e-05,0.00012635,0.00037609,0.0010711,0.0027294,0.0060771,0.012232,0.022513,0.030049,0.035481,0.041210
5.0,1.6456e-05,5.9120e-05,0.00019860,0.00062935,0.0017639,0.0042479,0.0090466,0.017238,0.023545,0.028255,0.033299
10.0,8.5015e-06,3.1696e-05,0.00011208,0.00037774,0.0011374,0.0029463,0.0064971,0.012538,0.017832,0.021843,0.026591
15.0,5.3457e-06,2.0394e-05,7.4236e-05,0.00025929,0.00081376,0.0021935,0.0049832,0.0098556,0.013885,0.017399,0.021333
20.0,3.7334e-06,1.4546e-05,5.4095e-05,0.00019396,0.00062472,0.0017224,0.0040088,0.0081254,0.011477,0.014257,0.017700
25.0,2.7967e-06,1.1081e-05,4.1898e-05,0.00015329,0.00050320,0.0014094,0.0033437,0.0069115,0.0098675,0.012195,0.015090
30.0,2.2030e-06,8.8441e-06,3.3873e-05,0.00012588,0.00041923,0.0011884,0.0028642,0.0060179,0.0086683,0.010774,0.013131
40.0,1.5063e-06,6.1739e-06,2.4111e-05,9.1810e-05,0.00031258,0.00090127,0.0022245,0.0047953,0.0069807,0.0086935,0.010633
50.0,1.1191e-06,4.6615e-06,1.8475e-05,7.1682e-05,0.00024825,0.00072498,0.0018243,0.0039979,0.0058552,0.0074056,0.0091839
60.0,9.2481e-07,3.9048e-06,1.5660e-05,6.1671e-05,0.00021663,0.00063887,0.0016249,0.0035819,0.0053243,0.0067632,0.0084223
70.0,8.3413e-07,3.5532e-06,1.4355e-05,5.7087e-05,0.00020241,0.00060021,0.0015271,0.0034116,0.0050893,0.0064811,0.0080917
80.0,7.6701e-07,3.2910e-06,1.3380e-05,5.3664e-05,0.00019182,0.00057139,0.0014591,0.0032822,0.0049088,0.0062623,0.0078323
90.0,7.1187e-07,3.0747e-06,1.2572e-05,5.0938e-05,0.00018292,0.00054639,0.0014037,0.0031710,0.0047524,0.0060717,0.0076054
100.0,6.6569e-07,2.8926e-06,1.1888e-05,4.8610e-05,0.00017530,0.00052531,0.0013556,0.0030735,0.0046148,0.0059032,0.0074044
110.0,6.2625e-07,2.7363e-06,1.1299e-05,4.6504e-05,0.00016803,0.00050441,0.0013036,0.0029596,0.0044456,0.0056890,0.0071380
120.0,5.9171e-07,2.5989e-06,1.0780e-05,4.4636e-05,0.00016181,0.00048585,0.0012573,0.0028579,0.0042948,0.0054975,0.0069004
130.0,5.5480e-07,2.4501e-06,1.0211e-05,4.2543e-05,0.00015455,0.00046513,0.0012058,0.0027453,0.0041282,0.0052867,0.0066390
140.0,5.2171e-07,2.3161e-06,9.6968e-06,4.0629e-05,0.00014787,0.00044606,0.0011584,0.0026412,0.0039745,0.0050923,0.0063981
150.0,4.9256e-07,2.1975e-06,9.2396e-06,3.8938e-05,0.00014188,0.00042893,0.0011156,0.0025472,0.0038352,0.0049160,0.0061794
175.0,4.2949e-07,1.9377e-06,8.2275e-06,3.5084e-05,0.00012832,0.00038980,0.0010176,0.0023309,0.0035140,0.0045085,0.0056731
200.0,3.8098e-07,1.7356e-06,7.4312e-06,3.1946e-05,0.00011741,0.00035798,0.00093740,0.0021528,0.0032509,0.0041756,0.0052608
250.0,3.1049e-07,1.4400e-06,6.2577e-06,2.7248e-05,0.00010088,0.00030906,0.00081343,0.0018778,0.0028435,0.0036597,0.0046209
300.0,2.6075e-07,1.2283e-06,5.4085e-06,2.3996e-05,8.8966e-05,0.00027246,0.00071806,0.0016618,0.0025203,0.0032478,0.0041383
350.0,2.2352e-07,1.0677e-06,4.7560e-06,2.1450e-05,7.9660e-05,0.00024401,0.00064405,0.0014937,0.0022684,0.0029442,0.0037579
400.0,1.9450e-07,9.4101e-07,4.2356e-06,1.9385e-05,7.2129e-05,0.00022110,0.00058451,0.0013585,0.0020734,0.0026981,0.0034491
450.0,1.7489e-07,8.5454e-07,3.8705e-06,1.7532e-05,6.5575e-05,0.00020132,0.00053344,0.0012432,0.0019080,0.0024863,0.0031836
500.0,1.5769e-07,7.7793e-07,3.5464e-06,1.5925e-05,5.9982e-05,0.00018453,0.00049016,0.0011474,0.0017677,0.0023070,0.0029588
600.0,1.2997e-07,6.5237e-07,3.0158e-06,1.3536e-05,5.1057e-05,0.00015775,0.00042132,0.00099793,0.0015444,0.0020223,0.0026037
700.0,1.0751e-07,5.5018e-07,2.5733e-06,1.1568e-05,4.3891e-05,0.00013654,0.00036711,0.00087970,0.0013680,0.0017977,0.0023239
800.0,8.9938e-08,4.6724e-07,2.2162e-06,1.0052e-05,3.8123e-05,0.00011967,0.00032440,0.00078572,0.0012282,0.0016201,0.0021032
1000.0,6.1785e-08,3.3209e-07,1.6180e-06,7.4857e-06,2.8784e-05,9.1534e-05,0.00025330,0.00062647,0.00099049,0.0013171,0.0017245
1200.0,4.3098e-08,2.3916e-07,1.1943e-06,5.6368e-06,2.2036e-05,7.1249e-05,0.00020150,0.00050929,0.00081455,0.0010919,0.0014427
1500.0,2.4577e-08,1.4298e-07,7.4390e-07,3.6399e-06,1.4793e-05,4.9705e-05,0.00014548,0.00038098,0.00062078,0.00084339,0.0011299
