PGA
r\m,4.0,4.5,5.0,5.5,6.0,6.5,7.0,7.5,7.8,8.0,8.2
0.0,1.1731,1.5091,1.881,2.3466,2.6914,3.0602,3.3715,3.5968,3.674,3.7286,3.7293
1.0,0.80297,1.0967,1.4199,1.818,2.135,2.4774,2.8053,3.0512,3.09,3.1127,3.1037
5.0,0.22866,0.39967,0.64625,0.99377,1.3326,1.696,2.0676,2.365,2.4251,2.4563,2.4683
10.0,0.091746,0.16799,0.29173,0.49568,0.78002,1.1518,1.5467,1.909,2.0678,2.159,2.2399
15.0,0.046524,0.087793,0.15879,0.28793,0.48731,0.78553,1.1365,1.5228,1.7122,1.821,1.9284
20.0,0.027876,0.053205,0.099459,0.18642,0.33018,0.55963,0.84879,1.1885,1.389,1.523,1.6372
25.0,0.018145,0.035551,0.067294,0.12818,0.23238,0.40473,0.6415,0.94943,1.1413,1.2838,1.437
30.0,0.013084,0.025742,0.04894,0.094557,0.17292,0.30748,0.50635,0.77426,0.96219,1.0982,1.2471
40.0,0.0077076,0.015394,0.02978,0.058829,0.10784,0.19448,0.33887,0.55285,0.69592,0.80146,0.91896
50.0,0.0049441,0.010069,0.019889,0.040201,0.074804,0.13813,0.24924,0.42521,0.54769,0.64155,0.74838
60.0,0.0039439,0.0080693,0.015912,0.032084,0.060766,0.11497,0.21167,0.36781,0.476,0.55911,0.65396
70.0,0.0032359,0.0065935,0.013006,0.026493,0.050791,0.096831,0.17969,0.32112,0.41759,0.49254,0.5786
80.0,0.0026654,0.0054949,0.010946,0.022427,0.043298,0.08306,0.15773,0.28472,0.37217,0.44064,0.51965
90.0,0.0022992,0.0047686,0.0095284,0.019642,0.038156,0.074411,0.14237,0.25855,0.33878,0.40141,0.47374
100.0,0.0020028,0.0041823,0.0083922,0.017382,0.034314,0.067185,0.12917,0.23628,0.3099,0.36782,0.43489
110.0,0.0017657,0.0037086,0.0074649,0.015555,0.030809,0.060909,0.11737,0.21304,0.28,0.33362,0.39606
120.0,0.0015615,0.0033122,0.0067089,0.014012,0.028032,0.055524,0.1062,0.19332,0.25524,0.30431,0.36151
130.0,0.0013768,0.0029348,0.005964,0.012529,0.02513,0.049825,0.095548,0.17538,0.23181,0.27656,0.32877
140.0,0.0012151,0.002609,0.0053385,0.011244,0.022577,0.044869,0.086728,0.15958,0.21125,0.25234,0.30037
150.0,0.0010785,0.0023258,0.0047766,0.010094,0.020316,0.040827,0.079099,0.14525,0.19286,0.23161,0.27721
175.0,8.0787E-4,0.0017636,0.0036719,0.007861,0.016081,0.032626,0.063323,0.11701,0.15743,0.1905,0.22976
200.0,6.1485E-4,0.0013659,0.0028883,0.006245,0.012751,0.025769,0.050993,0.095987,0.12963,0.15696,0.18946
250.0,3.7834E-4,8.6198E-4,0.0018495,0.0040425,0.008359,0.017197,0.03487,0.068174,0.093957,0.11491,0.14003
300.0,2.4831E-4,5.7558E-4,0.00125,0.0027649,0.0058196,0.012096,0.02537,0.050491,0.069716,0.085668,0.10526
350.0,1.6602E-4,3.9187E-4,8.6437E-4,0.0019587,0.0041824,0.0087835,0.018621,0.038287,0.053263,0.066285,0.082237
400.0,1.1314E-4,2.7562E-4,6.2416E-4,0.0014293,0.0030851,0.0065674,0.014353,0.029755,0.042039,0.052434,0.065187
450.0,7.9938E-5,1.9817E-4,4.5747E-4,0.0010627,0.0023226,0.0050282,0.011065,0.023534,0.033196,0.040841,0.050068
500.0,5.7765E-5,1.4546E-4,3.4103E-4,8.0463E-4,0.0017925,0.0039168,0.0088423,0.018899,0.026267,0.032386,0.039778
600.0,2.9607E-5,7.7214E-5,1.8823E-4,4.6174E-4,0.001082,0.0024767,0.0056067,0.011918,0.017239,0.021737,0.027373
700.0,1.5821E-5,4.3929E-5,1.1343E-4,2.9553E-4,7.0302E-4,0.0016268,0.0037743,0.008217,0.011922,0.015095,0.019014
800.0,9.3034E-6,2.6471E-5,7.0308E-5,1.8837E-4,4.7302E-4,0.0011464,0.0027033,0.005901,0.0085642,0.010825,0.013645
1000.0,3.4009E-6,1.0367E-5,2.9565E-5,8.5422E-5,2.2478E-4,5.759E-4,0.0013798,0.0030272,0.0044356,0.0056409,0.0071069
1200.0,1.1687E-6,3.7026E-6,1.12E-5,3.3885E-5,9.5678E-5,2.5958E-4,6.6809E-4,0.0015594,0.002347,0.003027,0.0038667
1500.0,2.3992E-7,8.4806E-7,2.7991E-6,9.4977E-6,2.9258E-5,8.6512E-5,2.3893E-4,5.8607E-4,9.0651E-4,0.0011911,0.0015435
PGV
r\m,4.0,4.5,5.0,5.5,6.0,6.5,7.0,7.5,7.8,8.0,8.2
0.0,5.6343,11.436,20.396,31.516,42.719,53.66,69.103,85.281,94.272,100.1,105.49
1.0,4.4555,9.5517,17.826,28.605,39.735,50.425,64.757,79.765,87.971,93.209,97.927
5.0,1.6041,3.9909,8.7959,16.925,27.24,38.148,51.52,65.653,73.29,78.226,82.8
10.0,0.77758,1.9958,4.6378,9.663,17.371,27.247,39.279,52.352,60.337,65.76,71.159
15.0,0.44973,1.1796,2.8293,6.1739,11.88,20.111,30.492,42.496,50.276,55.631,61.148
20.0,0.29109,0.78411,1.9446,4.4042,8.8644,15.663,24.617,35.549,42.983,48.249,53.609
25.0,0.20585,0.56685,1.4309,3.3233,6.8707,12.495,20.291,30.42,37.421,42.563,48.054
30.0,0.15614,0.43606,1.1178,2.6389,5.5504,10.312,17.267,26.479,33.148,38.065,43.386
40.0,0.1005,0.28796,0.75691,1.8428,3.977,7.5682,13.155,21.053,26.787,31.099,35.85
50.0,0.071053,0.20784,0.5572,1.3897,3.0618,5.9312,10.619,17.584,22.584,26.392,30.62
60.0,0.055553,0.16484,0.44799,1.136,2.542,4.9958,9.0792,15.252,19.802,23.334,27.301
70.0,0.045169,0.1356,0.37257,0.95824,2.1716,4.3291,7.9649,13.625,17.862,21.166,24.908
80.0,0.03859,0.11709,0.32503,0.84595,1.9417,3.9098,7.2932,12.587,16.562,19.685,23.235
90.0,0.033659,0.10308,0.28853,0.75948,1.76,3.5875,6.7361,11.721,15.47,18.404,21.742
100.0,0.029706,0.091761,0.2589,0.68838,1.6141,3.3171,6.2714,10.984,14.517,17.306,20.487
110.0,0.026512,0.082533,0.23458,0.63113,1.4919,3.1048,5.9061,10.368,13.739,16.406,19.457
120.0,0.023791,0.074794,0.2145,0.58227,1.3933,2.9195,5.5623,9.8264,13.053,15.612,18.542
130.0,0.021414,0.06783,0.19587,0.53766,1.2958,2.7236,5.2197,9.277,12.356,14.811,17.631
140.0,0.019276,0.061644,0.1796,0.49705,1.2013,2.5416,4.8995,8.7581,11.702,14.053,16.757
150.0,0.017417,0.056078,0.16439,0.45958,1.118,2.3927,4.6383,8.3299,11.163,13.441,16.072
175.0,0.013674,0.044821,0.13366,0.38091,0.94568,2.0576,4.0346,7.3337,9.8825,11.927,14.296
200.0,0.011004,0.036624,0.11063,0.32025,0.80792,1.7844,3.5349,6.4924,8.7859,10.639,12.795
250.0,0.0076411,0.026026,0.080429,0.23679,0.61093,1.3808,2.7827,5.2271,7.2446,8.8719,10.775
300.0,0.0056139,0.019466,0.061216,0.18324,0.48328,1.1103,2.2963,4.3937,6.0977,7.51,9.1854
350.0,0.0042635,0.015051,0.048215,0.1484,0.39568,0.92175,1.9343,3.7579,5.2659,6.5436,8.0744
400.0,0.0032861,0.011955,0.039375,0.12284,0.33195,0.77993,1.6624,3.2647,4.6263,5.7771,7.164
450.0,0.0027092,0.010002,0.033413,0.10393,0.28143,0.66866,1.4366,2.845,4.0656,5.1247,6.4149
500.0,0.0022548,0.0084378,0.028543,0.088911,0.24303,0.58008,1.255,2.5054,3.6235,4.5867,5.7654
600.0,0.0016047,0.0061822,0.021446,0.067547,0.1872,0.45349,0.99294,2.0125,2.9271,3.719,4.6924
700.0,0.0011815,0.0046695,0.016568,0.052856,0.1471,0.35795,0.79392,1.634,2.4134,3.0972,3.9481
800.0,8.8862E-4,0.0035977,0.013045,0.04223,0.11917,0.29399,0.65617,1.3617,2.0269,2.6143,3.3496
1000.0,5.4334E-4,0.0022784,0.0085434,0.028277,0.081746,0.2062,0.47325,1.0134,1.5448,2.0236,2.6304
1200.0,3.2147E-4,0.0014008,0.0054608,0.018778,0.055665,0.14357,0.33747,0.73953,1.1433,1.5116,1.9856
1500.0,1.5733E-4,7.2133E-4,0.0029587,0.010712,0.033114,0.088638,0.21581,0.48902,0.77377,1.0385,1.385
SA0P01
r\m,4.0,4.5,5.0,5.5,6.0,6.5,7.0,7.5,7.8,8.0,8.2
0.0,1.2036,1.5485,1.9297,2.4074,2.7647,3.148,3.4723,3.7093,3.7922,3.8504,3.8503
1.0,0.82415,1.1255,1.4572,1.8663,2.1955,2.5525,2.8939,3.1515,3.1956,3.2215,3.2124
5.0,0.23589,0.41144,0.66422,1.0209,1.3703,1.7467,2.1318,2.4419,2.5081,2.5431,2.5568
10.0,0.09491,0.17337,0.30049,0.51012,0.80206,1.1837,1.592,1.9689,2.1353,2.2312,2.3162
15.0,0.048234,0.090784,0.16381,0.29665,0.50138,0.80744,1.1694,1.5697,1.7675,1.8818,1.9943
20.0,0.028951,0.055101,0.10269,0.19217,0.33992,0.57555,0.87375,1.2254,1.4341,1.5738,1.6931
25.0,0.018894,0.036877,0.069553,0.13224,0.23937,0.41657,0.66076,0.97961,1.179,1.3269,1.4855
30.0,0.013639,0.02673,0.050632,0.097608,0.17825,0.31671,0.52194,0.79948,0.99433,1.1353,1.2895
40.0,0.0080465,0.016004,0.030839,0.060782,0.11131,0.20063,0.34973,0.57121,0.71969,0.82926,0.951
50.0,0.0051709,0.010482,0.020615,0.04157,0.077268,0.14259,0.25743,0.43959,0.56677,0.66423,0.77497
60.0,0.0041264,0.008404,0.016503,0.033204,0.062823,0.11879,0.21877,0.38046,0.49295,0.57939,0.6779
70.0,0.0033856,0.0068695,0.013496,0.027431,0.052536,0.10013,0.18588,0.33235,0.4327,0.51063,0.59995
80.0,0.0027876,0.0057209,0.011349,0.023205,0.04477,0.085875,0.16312,0.29463,0.38554,0.45673,0.53875
90.0,0.002403,0.0049613,0.0098739,0.020311,0.039431,0.076885,0.14714,0.2674,0.3508,0.41596,0.49111
100.0,0.0020921,0.0043484,0.0086907,0.017963,0.035435,0.069376,0.13343,0.24424,0.32078,0.38102,0.4507
110.0,0.0018426,0.0038521,0.007724,0.016065,0.031795,0.06284,0.12114,0.2201,0.28968,0.34538,0.41017
120.0,0.0016277,0.0034372,0.0069375,0.014462,0.028904,0.057238,0.10955,0.19962,0.26389,0.31484,0.37416
130.0,0.0014346,0.0030441,0.0061647,0.012924,0.025895,0.051336,0.098506,0.18099,0.23953,0.28595,0.34003
140.0,0.001266,0.0027053,0.005515,0.011592,0.023255,0.046209,0.08937,0.16461,0.21817,0.26076,0.31047
150.0,0.0011233,0.0024106,0.0049322,0.010403,0.020919,0.042019,0.081455,0.14975,0.19906,0.23922,0.2864
175.0,8.4039E-4,0.0018258,0.0037867,0.0080891,0.016528,0.033514,0.065093,0.12044,0.16221,0.19639,0.2369
200.0,6.391E-4,0.0014123,0.0029738,0.0064152,0.013086,0.026438,0.05235,0.098654,0.13337,0.16159,0.1951
250.0,3.919E-4,8.8811E-4,0.0018983,0.0041407,0.0085543,0.017597,0.035696,0.06984,0.096265,0.11774,0.14346
300.0,2.5628E-4,5.9114E-4,0.0012794,0.0028248,0.0059416,0.012347,0.025904,0.051581,0.071217,0.087498,0.10749
350.0,1.7085E-4,4.0142E-4,8.8272E-4,0.0019964,0.0042595,0.0089436,0.018964,0.039004,0.054257,0.067514,0.083729
400.0,1.1614E-4,2.8168E-4,6.3597E-4,0.0014538,0.0031357,0.0066728,0.014584,0.030242,0.042725,0.053284,0.066219
450.0,8.1792E-5,2.0199E-4,4.6515E-4,0.0010789,0.0023567,0.0051,0.011223,0.023872,0.033676,0.041439,0.0508
500.0,5.8938E-5,1.4793E-4,3.4611E-4,8.1562E-4,0.0018159,0.0039668,0.0089542,0.019139,0.026611,0.032815,0.040305
600.0,3.0051E-5,7.8216E-5,1.9039E-4,4.6664E-4,0.0010931,0.002501,0.0056621,0.012039,0.017415,0.021959,0.027649
700.0,1.6018E-5,4.439E-5,1.1451E-4,2.981E-4,7.0894E-4,0.00164,0.003805,0.0082853,0.012022,0.015222,0.019169
800.0,9.3947E-6,2.6699E-5,7.0858E-5,1.8974E-4,4.7626E-4,0.0011537,0.0027207,0.00594,0.0086218,0.010898,0.013736
1000.0,3.4241E-6,1.0429E-5,2.9726E-5,8.5854E-5,2.2585E-4,5.7845E-4,0.001386,0.003041,0.004456,0.0056673,0.0071402
1200.0,1.1745E-6,3.7195E-6,1.1246E-5,3.4015E-5,9.602E-5,2.6043E-4,6.702E-4,0.0015644,0.0023546,0.003037,0.0038795
1500.0,2.4081E-7,8.5079E-7,2.8073E-6,9.5224E-6,2.9327E-5,8.6689E-5,2.3938E-4,5.8717E-4,9.0823E-4,0.0011935,0.0015464
SA0P02
r\m,4.0,4.5,5.0,5.5,6.0,6.5,7.0,7.5,7.8,8.0,8.2
0.0,1.518,1.9838,2.4915,3.1243,3.6463,4.2167,4.7141,5.1043,5.262,5.3651,5.3602
1.0,1.047,1.4513,1.8975,2.4486,2.9402,3.4872,4.0065,4.418,4.5337,4.6024,4.5954
5.0,0.31275,0.54527,0.87778,1.3532,1.8429,2.3882,2.9513,3.4269,3.5748,3.6597,3.6983
10.0,0.12905,0.23545,0.40588,0.68912,1.0802,1.5903,2.1722,2.7373,3.0019,3.1582,3.2965
15.0,0.067069,0.12584,0.22518,0.40581,0.68052,1.0884,1.5931,2.1718,2.4789,2.6634,2.8418
20.0,0.040966,0.07763,0.14264,0.2649,0.46498,0.7812,1.1969,1.7021,2.0158,2.2284,2.4134
25.0,0.027379,0.052785,0.097712,0.18395,0.32996,0.5707,0.91197,1.3722,1.668,1.8835,2.1104
30.0,0.019981,0.038681,0.071903,0.13682,0.24774,0.43778,0.72653,1.1291,1.4124,1.6175,1.8379
40.0,0.011977,0.023493,0.044316,0.08619,0.15711,0.2824,0.4937,0.8129,1.0314,1.1926,1.3686
50.0,0.0078476,0.015622,0.029969,0.059537,0.11013,0.20237,0.36666,0.63006,0.81829,0.96222,1.1231
60.0,0.0062918,0.012585,0.024143,0.047992,0.090363,0.17014,0.31367,0.5482,0.71658,0.84618,0.99173
70.0,0.005177,0.010345,0.019875,0.03988,0.076033,0.1447,0.26915,0.48188,0.63303,0.74969,0.88128
80.0,0.004269,0.0085988,0.01665,0.033636,0.064759,0.12418,0.23603,0.42736,0.56392,0.67072,0.79193
90.0,0.0036742,0.0074353,0.014452,0.029339,0.056842,0.11071,0.21194,0.38653,0.51187,0.61031,0.72244
100.0,0.0031956,0.0064958,0.012671,0.025846,0.050807,0.099455,0.19148,0.35171,0.46712,0.55815,0.66216
110.0,0.0028004,0.0057192,0.011199,0.023022,0.045393,0.089484,0.17275,0.31599,0.42052,0.50396,0.59974
120.0,0.0024582,0.0050722,0.010019,0.020641,0.040983,0.080983,0.15562,0.28559,0.38141,0.45746,0.54485
130.0,0.0021649,0.0044844,0.008886,0.018366,0.036553,0.072374,0.13946,0.25799,0.34491,0.41367,0.49271
140.0,0.0019146,0.003982,0.0079211,0.016414,0.032731,0.064946,0.12609,0.23393,0.31292,0.37576,0.44811
150.0,0.0016962,0.0035398,0.0070627,0.0147,0.029376,0.05874,0.11432,0.21199,0.28441,0.34346,0.41194
175.0,0.0012627,0.0026632,0.0053723,0.011287,0.02284,0.046042,0.089951,0.16812,0.22837,0.27754,0.33502
200.0,9.5821E-4,0.0020441,0.0041659,0.0088202,0.017863,0.035973,0.071553,0.13599,0.18555,0.22585,0.27309
250.0,5.7388E-4,0.0012498,0.0025887,0.0055482,0.011374,0.02336,0.047522,0.093375,0.12864,0.15734,0.19113
300.0,3.6498E-4,8.0932E-4,0.001701,0.0036934,0.007721,0.016009,0.033613,0.067102,0.092448,0.11323,0.1386
350.0,2.378E-4,5.3737E-4,0.0011489,0.0025472,0.0053934,0.011293,0.023955,0.049269,0.068388,0.084868,0.10467
400.0,1.5844E-4,3.6896E-4,8.0862E-4,0.001814,0.0038841,0.0082288,0.017954,0.037228,0.0525,0.065304,0.080726
450.0,1.0816E-4,2.5747E-4,5.7824E-4,0.0013193,0.0028631,0.0061634,0.013535,0.028727,0.04051,0.049929,0.061151
500.0,7.5782E-5,1.8404E-4,4.2138E-4,9.793E-4,0.0021664,0.0047083,0.010588,0.022577,0.031516,0.038923,0.047764
600.0,3.6531E-5,9.3028E-5,2.2263E-4,5.3977E-4,0.0012567,0.0028578,0.0064639,0.013754,0.019903,0.025076,0.031501
700.0,1.894E-5,5.1244E-5,1.3049E-4,3.3615E-4,7.9607E-4,0.0018307,0.0042426,0.0092444,0.013413,0.016968,0.021306
800.0,1.0744E-5,3.0076E-5,7.8962E-5,2.0963E-4,5.2275E-4,0.0012564,0.0029593,0.0064686,0.0093964,0.011881,0.014945
1000.0,3.7601E-6,1.1311E-5,3.1982E-5,9.1712E-5,2.4013E-4,6.1062E-4,0.001461,0.0032077,0.0047006,0.0059867,0.0075415
1200.0,1.2543E-6,3.9505E-6,1.1862E-5,3.5656E-5,1.001E-4,2.6961E-4,6.9163E-4,0.0016133,0.0024293,0.0031361,0.004006
1500.0,2.5273E-7,8.8433E-7,2.9006E-6,9.7682E-6,2.9922E-5,8.7742E-5,2.4116E-4,5.9088E-4,9.1445E-4,0.0012036,0.0015547
SA0P025
r\m,4.0,4.5,5.0,5.5,6.0,6.5,7.0,7.5,7.8,8.0,8.2
0.0,1.5908,2.1073,2.6676,3.3602,3.952,4.6012,5.1749,5.633,5.8245,5.947,5.9421
1.0,1.1023,1.5489,2.0432,2.6511,3.213,3.8423,4.4396,4.9185,5.069,5.1579,5.1539
5.0,0.33356,0.58711,0.95048,1.4727,2.0219,2.6395,3.2787,3.8254,4.0123,4.1209,4.172
10.0,0.13886,0.25583,0.44332,0.75606,1.1874,1.7492,2.4033,3.0473,3.354,3.5363,3.6979
15.0,0.072829,0.1379,0.24781,0.44773,0.75089,1.1996,1.7629,2.415,2.7683,2.983,3.1897
20.0,0.044796,0.08566,0.15776,0.29342,0.51505,0.86391,1.3283,1.897,2.2545,2.4975,2.7104
25.0,0.030192,0.058609,0.10862,0.20468,0.36697,0.63395,1.0157,1.535,1.8709,2.1137,2.3677
30.0,0.022128,0.043141,0.080303,0.15279,0.2766,0.48828,0.81228,1.2676,1.5872,1.8182,2.0649
40.0,0.013354,0.026371,0.049779,0.096791,0.17667,0.31755,0.55548,0.91594,1.1639,1.3465,1.5448
50.0,0.0088228,0.017658,0.03385,0.067182,0.12442,0.22848,0.41425,0.71227,0.92642,1.0898,1.2714
60.0,0.0070891,0.014257,0.027348,0.054364,0.10247,0.19275,0.35524,0.62087,0.81316,0.96105,1.1263
70.0,0.0058468,0.011755,0.022589,0.045314,0.086481,0.16457,0.3061,0.54728,0.72041,0.85363,1.0031
80.0,0.0048368,0.0097881,0.018938,0.038248,0.073761,0.14148,0.26872,0.486,0.64248,0.76466,0.90262
90.0,0.0041693,0.0084699,0.016447,0.033363,0.064743,0.12607,0.24113,0.43946,0.58322,0.69621,0.82434
100.0,0.003632,0.0074034,0.014421,0.029385,0.057815,0.11318,0.21775,0.39967,0.53232,0.6369,0.75588
110.0,0.0031835,0.0065147,0.012736,0.026167,0.051628,0.10169,0.19621,0.35908,0.47924,0.57491,0.68418
120.0,0.0027937,0.0057736,0.011391,0.02345,0.046538,0.091902,0.17668,0.32446,0.43442,0.52161,0.62132
130.0,0.0024638,0.0051085,0.010108,0.020854,0.041482,0.082103,0.15829,0.29299,0.3927,0.47142,0.56146
140.0,0.0021835,0.0045403,0.009008,0.018631,0.037137,0.073655,0.14305,0.26559,0.35608,0.42799,0.51037
150.0,0.0019359,0.0040369,0.0080302,0.016686,0.033328,0.066529,0.12954,0.24052,0.32343,0.39097,0.46891
175.0,0.0014429,0.0030375,0.0061,0.012775,0.025797,0.051886,0.10149,0.19006,0.25871,0.3146,0.37958
200.0,0.0010971,0.0023301,0.0047166,0.009943,0.020113,0.040453,0.080511,0.15322,0.20957,0.25533,0.30871
250.0,6.5487E-4,0.0014155,0.0029104,0.0062099,0.012709,0.026079,0.053045,0.1042,0.14337,0.17524,0.2125
300.0,4.1395E-4,9.0996E-4,0.0018982,0.0041024,0.0085634,0.017736,0.037198,0.0742,0.10204,0.12473,0.15236
350.0,2.6838E-4,6.0056E-4,0.0012739,0.0028058,0.0059268,0.012391,0.026255,0.053894,0.074669,0.092493,0.11373
400.0,1.78E-4,4.0969E-4,8.8939E-4,0.0019821,0.0042333,0.0089483,0.019481,0.040319,0.05676,0.070476,0.086864
450.0,1.2033E-4,2.832E-4,6.3078E-4,0.0014305,0.0030971,0.0066483,0.014566,0.030827,0.043428,0.053539,0.065517
500.0,8.3507E-5,2.0064E-4,4.5596E-4,0.0010541,0.0023259,0.0050408,0.011299,0.024025,0.033578,0.041481,0.050862
600.0,3.9434E-5,9.9658E-5,2.3696E-4,5.7188E-4,0.0013276,0.003008,0.006792,0.014437,0.020879,0.026283,0.032965
700.0,2.0241E-5,5.4223E-5,1.3734E-4,3.52E-4,8.3182E-4,0.001906,0.0044091,0.0095976,0.013916,0.017589,0.022044
800.0,1.1316E-5,3.1478E-5,8.2249E-5,2.1739E-4,5.4008E-4,0.0012916,0.003037,0.0066348,0.0096369,0.012183,0.015303
1000.0,3.888E-6,1.1625E-5,3.2732E-5,9.3471E-5,2.44E-4,6.1744E-4,0.0014749,0.0032363,0.0047406,0.0060412,0.0076077
1200.0,1.28E-6,4.0207E-6,1.2026E-5,3.6003E-5,1.0069E-4,2.6982E-4,6.9015E-4,0.0016078,0.0024207,0.0031259,0.0039921
1500.0,2.5606E-7,8.9055E-7,2.9096E-6,9.748E-6,2.9738E-5,8.6666E-5,2.3725E-4,5.8044E-4,8.983E-4,0.0011835,0.0015252
SA0P03
r\m,4.0,4.5,5.0,5.5,6.0,6.5,7.0,7.5,7.8,8.0,8.2
0.0,1.6014,2.1531,2.7504,3.4816,4.1241,4.8299,5.4612,5.9705,6.1879,6.3246,6.3215
1.0,1.1148,1.5905,2.1189,2.7656,3.3796,4.0698,4.7256,5.2549,5.434,5.539,5.5388
5.0,0.34043,0.60672,0.99018,1.5438,2.1363,2.807,3.5019,4.1011,4.3194,4.4468,4.5085
10.0,0.14271,0.26632,0.46517,0.79808,1.2573,1.8548,2.5605,3.2612,3.5988,3.8003,3.9791
15.0,0.075433,0.14461,0.26173,0.47497,0.79797,1.2746,1.8792,2.583,2.9698,3.2066,3.4342
20.0,0.046672,0.090366,0.16738,0.31245,0.54931,0.92086,1.4198,2.0337,2.4224,2.6868,2.9202
25.0,0.031668,0.062153,0.11578,0.21887,0.3929,0.67852,1.0894,1.6509,2.0153,2.2769,2.5493
30.0,0.023291,0.045922,0.085941,0.16391,0.2972,0.52453,0.87413,1.3675,1.7125,1.9614,2.2261
40.0,0.014141,0.028236,0.053559,0.10438,0.19106,0.3436,0.60116,0.99151,1.2606,1.4585,1.6724
50.0,0.0094103,0.019024,0.036607,0.072776,0.13513,0.24814,0.44999,0.77335,1.0063,1.1837,1.38
60.0,0.0075761,0.015391,0.029649,0.059085,0.11164,0.20992,0.38662,0.67507,0.88486,1.046,1.2253
70.0,0.0062642,0.012729,0.024568,0.049394,0.094486,0.17984,0.33436,0.59651,0.78593,0.93127,1.0936
80.0,0.0052018,0.010626,0.020632,0.041758,0.080751,0.15495,0.29397,0.53063,0.70201,0.83559,0.98578
90.0,0.004494,0.009209,0.017943,0.036456,0.070929,0.13811,0.2638,0.47997,0.63764,0.76153,0.90152
100.0,0.0039235,0.0080597,0.015744,0.032127,0.06333,0.124,0.23828,0.43658,0.58236,0.69717,0.82733
110.0,0.003443,0.0070952,0.013907,0.028619,0.056565,0.11136,0.21463,0.3925,0.52464,0.62958,0.74896
120.0,0.0030239,0.0062897,0.012443,0.025654,0.050956,0.10058,0.19332,0.35481,0.47566,0.57135,0.68035
130.0,0.0026719,0.0055729,0.011054,0.02282,0.045425,0.089886,0.17326,0.32048,0.4301,0.51647,0.61484
140.0,0.0023737,0.00496,0.0098553,0.020393,0.040681,0.08066,0.1566,0.29059,0.39003,0.46895,0.55896
150.0,0.0021071,0.0044134,0.0087888,0.018273,0.036523,0.072813,0.14173,0.26313,0.35425,0.42836,0.51353
175.0,0.0015745,0.0033255,0.0066773,0.013974,0.028198,0.056614,0.11078,0.20755,0.28279,0.34387,0.41457
200.0,0.0012008,0.0025533,0.0051572,0.010852,0.021952,0.044108,0.087767,0.16702,0.22873,0.27877,0.33688
250.0,7.1692E-4,0.001547,0.0031707,0.006751,0.013808,0.028313,0.057538,0.11286,0.15503,0.18932,0.22915
300.0,4.5207E-4,9.9053E-4,0.0020589,0.0044385,0.00926,0.019158,0.040112,0.079868,0.10959,0.13371,0.16298
350.0,2.9257E-4,6.5169E-4,0.0013764,0.0030183,0.0063667,0.013293,0.028116,0.057548,0.079562,0.098361,0.12059
400.0,1.9371E-4,4.4285E-4,9.5561E-4,0.0021198,0.0045202,0.0095345,0.020699,0.042724,0.060021,0.074384,0.091418
450.0,1.3011E-4,3.041E-4,6.737E-4,0.0015212,0.0032882,0.0070396,0.015379,0.032429,0.045621,0.056241,0.068755
500.0,8.9704E-5,2.1405E-4,4.8404E-4,0.0011148,0.0024549,0.0053059,0.011848,0.025103,0.035107,0.04337,0.053128
600.0,4.1729E-5,1.0493E-4,2.4834E-4,5.972E-4,0.0013829,0.0031217,0.0070325,0.014921,0.021556,0.027106,0.033939
700.0,2.1274E-5,5.655E-5,1.4266E-4,3.6402E-4,8.5854E-4,0.0019599,0.004523,0.0098275,0.014235,0.017971,0.022478
800.0,1.1754E-5,3.2539E-5,8.4695E-5,2.2298E-4,5.5196E-4,0.0013133,0.0030806,0.0067214,0.0097582,0.012331,0.015466
1000.0,3.978E-6,1.1832E-5,3.3195E-5,9.4408E-5,2.4569E-4,6.1849E-4,0.0014741,0.0032307,0.0047292,0.0060288,0.0075886
1200.0,1.2958E-6,4.0614E-6,1.2102E-5,3.6086E-5,1.005E-4,2.6784E-4,6.8264E-4,0.0015871,0.0023886,0.0030849,0.0039382
1500.0,2.5801E-7,8.9195E-7,2.9026E-6,9.6703E-6,2.9365E-5,8.499E-5,2.3155E-4,5.6528E-4,8.7464E-4,0.0011533,0.0014825
SA0P04
r\m,4.0,4.5,5.0,5.5,6.0,6.5,7.0,7.5,7.8,8.0,8.2
0.0,1.5049,2.0854,2.7152,3.4726,4.1644,4.9239,5.6171,6.1811,6.427,6.5774,6.5808
1.0,1.0569,1.5559,2.1161,2.7945,3.4625,4.215,4.933,5.5152,5.7296,5.8533,5.8611
5.0,0.32613,0.59807,0.99529,1.5736,2.2092,2.9341,3.6855,4.3378,4.5939,4.7432,4.8189
10.0,0.13807,0.26533,0.4727,0.8225,1.3067,1.9353,2.69,3.4443,3.8124,4.0327,4.2292
15.0,0.073893,0.14578,0.26882,0.49355,0.83451,1.3353,1.9778,2.728,3.1468,3.4055,3.6537
20.0,0.046145,0.09198,0.17327,0.32686,0.57808,0.97003,1.5015,2.1573,2.5745,2.8583,3.1117
25.0,0.031614,0.063772,0.12077,0.23065,0.4164,0.71984,1.1589,1.7605,2.1508,2.428,2.7147
30.0,0.023378,0.047401,0.090242,0.17372,0.3169,0.55986,0.9351,1.4655,1.8328,2.0966,2.3754
40.0,0.014335,0.029433,0.056763,0.11163,0.20597,0.37119,0.64917,1.0688,1.358,1.5698,1.7975
50.0,0.0096524,0.020039,0.039142,0.078439,0.14677,0.26982,0.48898,0.83793,1.0894,1.2799,1.4895
60.0,0.0077971,0.016269,0.031834,0.064019,0.12183,0.22914,0.42122,0.73278,0.96,1.1339,1.3264
70.0,0.0064789,0.013528,0.026529,0.053802,0.10362,0.19741,0.36643,0.65016,0.85631,1.0137,1.1886
80.0,0.0054238,0.011366,0.022391,0.045697,0.088994,0.17097,0.32342,0.58063,0.76773,0.91299,1.0754
90.0,0.0047111,0.0098921,0.019545,0.040013,0.078379,0.15266,0.29063,0.52612,0.6988,0.83421,0.98645
100.0,0.0041342,0.00869,0.0172,0.035349,0.070071,0.13726,0.26294,0.47924,0.63953,0.76537,0.90733
110.0,0.0036417,0.0076699,0.015224,0.031556,0.062701,0.12338,0.23708,0.43191,0.5776,0.69263,0.82274
120.0,0.003209,0.0068143,0.013651,0.028339,0.056514,0.11151,0.21393,0.39125,0.52452,0.62968,0.74878
130.0,0.0028485,0.0060599,0.012165,0.025255,0.050462,0.099836,0.1921,0.354,0.47515,0.57017,0.67776
140.0,0.0025432,0.0054124,0.010867,0.022608,0.045272,0.089739,0.17387,0.32148,0.43148,0.51844,0.61703
150.0,0.0022647,0.0048275,0.0097086,0.020296,0.040715,0.081027,0.15741,0.29138,0.39229,0.47403,0.56739
175.0,0.0017044,0.0036569,0.0073996,0.015537,0.031401,0.062885,0.12292,0.22984,0.31303,0.38021,0.45741
200.0,0.0013098,0.0028197,0.0057218,0.012061,0.024452,0.049069,0.097437,0.18486,0.25321,0.30842,0.37209
250.0,7.8736E-4,0.0017117,0.0035172,0.0074946,0.015349,0.031428,0.063663,0.12425,0.16998,0.2071,0.24982
300.0,4.9758E-4,0.0010951,0.0022788,0.0049114,0.010255,0.021177,0.044134,0.087395,0.11937,0.14507,0.17612
350.0,3.2291E-4,7.2036E-4,0.0015205,0.0033219,0.0070026,0.014585,0.030705,0.062384,0.08585,0.10572,0.12892
400.0,2.1429E-4,4.8858E-4,0.0010499,0.0023188,0.0049383,0.010379,0.022384,0.045877,0.06415,0.079193,0.096818
450.0,1.4316E-4,3.3326E-4,7.3546E-4,0.0016533,0.0035687,0.0076035,0.016499,0.034492,0.048353,0.05956,0.072653
500.0,9.8076E-5,2.329E-4,5.2468E-4,0.0012037,0.0026444,0.005687,0.012593,0.026455,0.036998,0.045672,0.055829
600.0,4.4885E-5,1.1246E-4,2.6494E-4,6.3435E-4,0.0014631,0.0032799,0.0073453,0.015498,0.022324,0.028001,0.034934
700.0,2.2752E-5,5.9912E-5,1.5044E-4,3.8137E-4,8.9661E-4,0.0020321,0.0046611,0.010072,0.014547,0.018318,0.02282
800.0,1.2375E-5,3.4068E-5,8.8257E-5,2.3091E-4,5.6789E-4,0.0013378,0.0031192,0.0067751,0.0098187,0.012391,0.015492
1000.0,4.1053E-6,1.2121E-5,3.382E-5,9.5483E-5,2.4704E-4,6.153E-4,0.0014581,0.0031827,0.0046497,0.005928,0.0074525
1200.0,1.3197E-6,4.1251E-6,1.2215E-5,3.6144E-5,9.9825E-5,2.6293E-4,6.6445E-4,0.0015362,0.0023082,0.0029802,0.0038003
1500.0,2.624E-7,8.9727E-7,2.8978E-6,9.5445E-6,2.8697E-5,8.1833E-5,2.2049E-4,5.3512E-4,8.2693E-4,0.0010915,0.0013959
SA0P05
r\m,4.0,4.5,5.0,5.5,6.0,6.5,7.0,7.5,7.8,8.0,8.2
0.0,1.3468,1.9203,2.547,3.2898,3.9851,4.7462,5.4518,6.0261,6.278,6.429,6.44
1.0,0.95337,1.446,2.006,2.6785,3.355,4.1163,4.846,5.4366,5.6638,5.7926,5.8072
5.0,0.29544,0.55769,0.94752,1.5194,2.1602,2.8929,3.6517,4.3101,4.5785,4.734,4.8154
10.0,0.12587,0.24917,0.45344,0.80068,1.2841,1.9108,2.6674,3.4227,3.793,4.0145,4.2132
15.0,0.067995,0.13811,0.25997,0.48356,0.82432,1.3232,1.9656,2.7133,3.1329,3.3931,3.6429
20.0,0.042754,0.087786,0.16864,0.32208,0.574,0.96561,1.4983,2.154,2.5703,2.8528,3.1074
25.0,0.029479,0.061216,0.11825,0.22866,0.41596,0.7207,1.162,1.7649,2.1542,2.4282,2.7107
30.0,0.021886,0.045702,0.088808,0.17301,0.31813,0.56323,0.94169,1.4746,1.8398,2.1009,2.3757
40.0,0.013523,0.028601,0.056289,0.11201,0.20858,0.37694,0.65857,1.0807,1.3704,1.5818,1.8083
50.0,0.0091886,0.019635,0.039097,0.079207,0.14954,0.27546,0.49853,0.85071,1.1035,1.2942,1.5031
60.0,0.0074425,0.015986,0.031902,0.064899,0.12454,0.23449,0.43012,0.74469,0.97355,1.1481,1.3406
70.0,0.0062121,0.013356,0.026713,0.054787,0.10636,0.2029,0.37583,0.66283,0.87129,1.0298,1.2053
80.0,0.005241,0.011297,0.022678,0.046787,0.091835,0.17665,0.3331,0.59436,0.78426,0.93111,1.0948
90.0,0.0045776,0.0098792,0.019881,0.041122,0.081163,0.15816,0.30003,0.53989,0.71572,0.85317,1.0072
100.0,0.0040381,0.0087165,0.01756,0.036451,0.072732,0.14255,0.2721,0.49288,0.65666,0.78479,0.92887
110.0,0.0035732,0.0077213,0.015592,0.032638,0.065265,0.12842,0.2459,0.44562,0.59499,0.71228,0.84445
120.0,0.003162,0.0068827,0.014022,0.02939,0.058939,0.1163,0.22248,0.40482,0.54169,0.64926,0.77062
130.0,0.00282,0.0061458,0.012542,0.026267,0.052768,0.1044,0.20034,0.3672,0.49199,0.58943,0.69933
140.0,0.0025297,0.0055101,0.011236,0.023574,0.047459,0.094074,0.18171,0.33423,0.44776,0.53716,0.6381
150.0,0.0022605,0.0049289,0.010062,0.021215,0.04278,0.085058,0.16475,0.30349,0.40784,0.492,0.58771
175.0,0.001715,0.0037589,0.0077093,0.016301,0.033068,0.066127,0.12895,0.24006,0.32625,0.39547,0.47463
200.0,0.0013287,0.0029158,0.0059843,0.012688,0.025829,0.051796,0.10251,0.19349,0.26457,0.32174,0.38735
250.0,8.0771E-4,0.0017834,0.003699,0.0079206,0.016275,0.033283,0.067133,0.13016,0.17729,0.21546,0.2591
300.0,5.1428E-4,0.0011465,0.0024048,0.0052025,0.010891,0.022452,0.046539,0.09153,0.12444,0.15069,0.18228
350.0,3.3626E-4,7.5783E-4,0.0016094,0.0035195,0.0074289,0.015441,0.03233,0.065133,0.089215,0.10944,0.13285
400.0,2.2467E-4,5.1557E-4,0.0011112,0.0024543,0.0052306,0.010961,0.02347,0.047712,0.066393,0.081657,0.099374
450.0,1.5026E-4,3.5144E-4,7.775E-4,0.0017472,0.0037726,0.0080055,0.017245,0.035711,0.049863,0.061333,0.074645
500.0,1.0292E-4,2.4523E-4,5.535E-4,0.0012694,0.0027867,0.0059674,0.0131,0.027262,0.038079,0.046943,0.057255
600.0,4.6948E-5,1.1791E-4,2.7787E-4,6.6428E-4,0.0015282,0.0034043,0.0075717,0.015865,0.022768,0.028477,0.035404
700.0,2.3842E-5,6.2589E-5,1.5702E-4,3.9644E-4,9.2988E-4,0.0020936,0.0047683,0.010231,0.014725,0.018489,0.022945
800.0,1.2874E-5,3.5403E-5,9.1568E-5,2.3855E-4,5.8355E-4,0.0013622,0.0031535,0.0068073,0.0098399,0.012396,0.015449
1000.0,4.2342E-6,1.2453E-5,3.4635E-5,9.7199E-5,2.5014E-4,6.1672E-4,0.0014515,0.0031507,0.0045907,0.0058495,0.0073424
1200.0,1.3559E-6,4.2347E-6,1.2481E-5,3.6683E-5,1.005E-4,2.6164E-4,6.5492E-4,0.0015034,0.0022534,0.0029069,0.0037011
1500.0,2.7159E-7,9.2044E-7,2.9531E-6,9.6199E-6,2.8634E-5,8.0434E-5,2.1411E-4,5.1576E-4,7.9531E-4,0.0010501,0.001336
SA0P075
r\m,4.0,4.5,5.0,5.5,6.0,6.5,7.0,7.5,7.8,8.0,8.2
0.0,0.9823,1.4859,2.0505,2.7049,3.3364,4.0211,4.6735,5.1979,5.426,5.5577,5.5838
1.0,0.70622,1.1402,1.6503,2.2546,2.8769,3.5717,4.245,4.7824,4.9968,5.1135,5.1384
5.0,0.21873,0.43984,0.7835,1.2965,1.889,2.5651,3.2621,3.8594,4.1095,4.2507,4.3299
10.0,0.093972,0.19837,0.37906,0.69207,1.1353,1.7093,2.3979,3.0741,3.4046,3.601,3.7794
15.0,0.051537,0.11154,0.22025,0.42252,0.73576,1.1925,1.7771,2.4455,2.8183,3.0497,3.273
20.0,0.032763,0.07177,0.14452,0.28447,0.51723,0.8774,1.365,1.9565,2.3256,2.5737,2.8014
25.0,0.022792,0.050491,0.1024,0.20422,0.37914,0.66166,1.0679,1.6137,1.9594,2.1991,2.4456
30.0,0.017027,0.037962,0.077547,0.15577,0.29251,0.52133,0.87176,1.3564,1.6801,1.9089,2.1491
40.0,0.010659,0.024084,0.049839,0.10224,0.19472,0.35446,0.61731,1.0028,1.2632,1.4515,1.6531
50.0,0.0073538,0.016776,0.035072,0.073135,0.14115,0.26155,0.47137,0.79504,1.0237,1.1946,1.3812
60.0,0.0059847,0.013727,0.028777,0.060294,0.11812,0.22323,0.40728,0.69642,0.90369,1.0603,1.2325
70.0,0.0050399,0.011572,0.024313,0.051334,0.10162,0.19453,0.3584,0.6232,0.81338,0.95692,1.1155
80.0,0.0043208,0.0099383,0.020934,0.044423,0.088844,0.17141,0.32079,0.56396,0.73878,0.87284,1.0218
90.0,0.0038197,0.0087887,0.018545,0.039426,0.079239,0.15464,0.29093,0.51573,0.67875,0.80513,0.94631
100.0,0.0034081,0.0078354,0.016537,0.035262,0.071526,0.14037,0.26563,0.4738,0.62672,0.74529,0.87816
110.0,0.0030484,0.0070086,0.014814,0.031836,0.064697,0.1274,0.24185,0.43195,0.5726,0.68177,0.80422
120.0,0.0027263,0.0063041,0.01343,0.02889,0.058831,0.11617,0.22047,0.39545,0.5251,0.62603,0.73939
130.0,0.0024569,0.0056839,0.012122,0.02603,0.053086,0.10509,0.20006,0.36126,0.4804,0.57255,0.67599
140.0,0.0022257,0.005141,0.010943,0.023532,0.048077,0.095349,0.18259,0.3309,0.44001,0.52514,0.6208
150.0,0.0020046,0.0046324,0.0098658,0.021316,0.043612,0.086663,0.16643,0.30214,0.40302,0.48351,0.57452
175.0,0.0015501,0.0035945,0.0076752,0.016599,0.034099,0.068101,0.13173,0.2418,0.32594,0.39271,0.46854
200.0,0.0012236,0.0028336,0.0060391,0.013075,0.026961,0.054044,0.10592,0.1968,0.26702,0.32294,0.38669
250.0,7.6789E-4,0.0017806,0.0038218,0.0083422,0.017338,0.035377,0.070517,0.13427,0.18102,0.21862,0.26126
300.0,5.0181E-4,0.0011699,0.0025321,0.0055714,0.011771,0.024195,0.049453,0.095507,0.12848,0.15443,0.18543
350.0,3.3661E-4,7.8955E-4,0.001724,0.0038164,0.0081142,0.016803,0.034684,0.068393,0.092679,0.11276,0.13569
400.0,2.3031E-4,5.4644E-4,0.0012039,0.0026863,0.0057584,0.012005,0.025257,0.05028,0.069167,0.084375,0.10178
450.0,1.5649E-4,3.7679E-4,8.5008E-4,0.0019269,0.0041796,0.0088034,0.018627,0.037677,0.052076,0.063758,0.077179
500.0,1.0852E-4,2.6523E-4,6.0915E-4,0.0014078,0.003097,0.006578,0.014144,0.028758,0.039932,0.049008,0.059456
600.0,5.0575E-5,1.2957E-4,3.0905E-4,7.4152E-4,0.0017013,0.0037425,0.0081746,0.016794,0.023856,0.029629,0.036548
700.0,2.6259E-5,6.9522E-5,1.7568E-4,4.4229E-4,0.0010342,0.0022972,0.005134,0.010796,0.015383,0.019178,0.023607
800.0,1.4238E-5,3.9499E-5,1.0263E-4,2.6616E-4,6.4503E-4,0.0014779,0.0033557,0.0071096,0.010194,0.012776,0.015807
1000.0,4.7297E-6,1.392E-5,3.8671E-5,1.0743E-4,2.7356E-4,6.5972E-4,0.0015238,0.0032513,0.0046996,0.0059691,0.0074593
1200.0,1.5409E-6,4.8291E-6,1.415E-5,4.1056E-5,1.1053E-4,2.8027E-4,6.8433E-4,0.0015385,0.0022872,0.002939,0.0037247
1500.0,3.2202E-7,1.076E-6,3.4105E-6,1.0851E-5,3.1554E-5,8.562E-5,2.2099E-4,5.2073E-4,7.9678E-4,0.0010502,0.0013211
SA0P1
r\m,4.0,4.5,5.0,5.5,6.0,6.5,7.0,7.5,7.8,8.0,8.2
0.0,0.742,1.173,1.6685,2.2364,2.7914,3.3876,3.9656,4.4228,4.6183,4.7282,4.7622
1.0,0.53933,0.91272,1.3642,1.896,2.4471,3.057,3.6531,4.1212,4.308,4.4062,4.4349
5.0,0.16614,0.35074,0.6488,1.1005,1.6312,2.2335,2.8515,3.3723,3.5889,3.7081,3.7783
10.0,0.071631,0.15883,0.31553,0.5916,0.9888,1.5037,2.112,2.6968,2.9799,3.1467,3.2999
15.0,0.039638,0.090061,0.1848,0.36357,0.64488,1.0547,1.5729,2.1531,2.472,2.6691,2.8607
20.0,0.02536,0.058373,0.12217,0.24659,0.45622,0.78025,1.2144,1.7322,2.0484,2.2592,2.455
25.0,0.017716,0.041262,0.087119,0.17834,0.33707,0.59234,0.95551,1.4342,1.7314,1.9354,2.1457
30.0,0.013282,0.031149,0.066306,0.13674,0.26151,0.46907,0.78346,1.2097,1.4883,1.6835,1.8886
40.0,0.0083817,0.019934,0.043007,0.090553,0.17576,0.32198,0.559,0.89942,1.1257,1.2882,1.4625
50.0,0.0058371,0.014014,0.030524,0.065271,0.12832,0.23911,0.42917,0.71636,0.91583,1.0639,1.2257
60.0,0.0047648,0.011504,0.025131,0.053996,0.10762,0.20417,0.37084,0.62727,0.808,0.94358,1.0927
70.0,0.0040377,0.0097581,0.021361,0.04624,0.093052,0.17867,0.32763,0.56316,0.72982,0.855,0.99344
80.0,0.0035022,0.0084801,0.018607,0.04046,0.082175,0.15894,0.29561,0.51332,0.66767,0.78528,0.916
90.0,0.0031243,0.0075666,0.016628,0.036213,0.073879,0.14439,0.26979,0.47223,0.61693,0.72829,0.85264
100.0,0.0028117,0.0068032,0.014948,0.032644,0.067148,0.13192,0.24784,0.43632,0.57273,0.67774,0.79534
110.0,0.0025367,0.0061366,0.013499,0.029692,0.061182,0.12061,0.2273,0.40068,0.52706,0.62427,0.73319
120.0,0.0022885,0.0055637,0.012324,0.027135,0.056025,0.11075,0.20863,0.36936,0.48652,0.57703,0.67855
130.0,0.0020789,0.0050559,0.011209,0.02463,0.050926,0.10089,0.19063,0.33961,0.44802,0.53127,0.62462
140.0,0.0018969,0.0046054,0.010188,0.022416,0.046412,0.092115,0.175,0.31285,0.41279,0.49016,0.577
150.0,0.0017192,0.0041754,0.0092406,0.020423,0.042343,0.084183,0.16039,0.28719,0.38007,0.45352,0.5364
175.0,0.0013499,0.0032884,0.007292,0.016122,0.033542,0.067003,0.12856,0.23271,0.31102,0.37259,0.44233
200.0,0.0010814,0.0026296,0.0058168,0.012869,0.02687,0.053884,0.10461,0.19145,0.25758,0.3098,0.36918
250.0,6.9843E-4,0.001698,0.0037766,0.0084158,0.017699,0.036057,0.071089,0.13313,0.17793,0.21376,0.25427
300.0,4.6833E-4,0.0011426,0.0025587,0.0057397,0.012245,0.02512,0.050706,0.09631,0.12845,0.15352,0.18336
350.0,3.2226E-4,7.8913E-4,0.0017787,0.0040038,0.0085885,0.017741,0.036153,0.069942,0.093941,0.11356,0.13582
400.0,2.259E-4,5.5745E-4,0.0012633,0.0028625,0.0061843,0.012853,0.026626,0.052009,0.070852,0.085872,0.10295
450.0,1.5675E-4,3.9137E-4,9.0609E-4,0.0020824,0.0045469,0.0095307,0.019851,0.039328,0.053861,0.065624,0.079073
500.0,1.1074E-4,2.7984E-4,6.5812E-4,0.0015401,0.0034034,0.007189,0.015186,0.030243,0.041698,0.050931,0.061507
600.0,5.3582E-5,1.4108E-4,3.4288E-4,8.2971E-4,0.0019042,0.0041509,0.0089141,0.017965,0.025267,0.031184,0.038219
700.0,2.8708E-5,7.749E-5,1.9846E-4,5.0107E-4,0.0011706,0.0025743,0.0056512,0.011647,0.016436,0.02036,0.0249
800.0,1.587E-5,4.4773E-5,1.1757E-4,3.051E-4,7.3544E-4,0.0016622,0.0037044,0.0076971,0.010943,0.01364,0.016777
1000.0,5.446E-6,1.6176E-5,4.514E-5,1.2476E-4,3.1531E-4,7.4738E-4,0.0016948,0.0035507,0.0050898,0.0064365,0.0080076
1200.0,1.8408E-6,5.8162E-6,1.7036E-5,4.9024E-5,1.302E-4,3.2308E-4,7.7059E-4,0.0016954,0.0024978,0.0031937,0.0040276
1500.0,4.0797E-7,1.3559E-6,4.2675E-6,1.3336E-5,3.8032E-5,1.0027E-4,2.5155E-4,5.7922E-4,8.7819E-4,0.0011529,0.0014375
SA0P15
r\m,4.0,4.5,5.0,5.5,6.0,6.5,7.0,7.5,7.8,8.0,8.2
0.0,0.48149,0.81188,1.2064,1.6542,2.0953,2.5622,3.0241,3.3797,3.5267,3.6063,3.6452
1.0,0.3549,0.64345,1.0072,1.4339,1.8759,2.3572,2.8332,3.1971,3.3389,3.4094,3.4388
5.0,0.1081,0.24517,0.47916,0.84192,1.2763,1.764,2.2604,2.6667,2.8299,2.9156,2.9702
10.0,0.046726,0.11133,0.23404,0.45585,0.78294,1.2083,1.6958,2.1473,2.3613,2.4856,2.6017
15.0,0.026114,0.063707,0.13826,0.28223,0.51457,0.85359,1.272,1.7243,1.9654,2.113,2.2583
20.0,0.016824,0.04163,0.092229,0.19318,0.36684,0.63561,0.98848,1.3973,1.6377,1.7956,1.9451
25.0,0.011797,0.029568,0.066262,0.14098,0.27375,0.48639,0.78312,1.1617,1.3891,1.5434,1.7034
30.0,0.0088771,0.022418,0.050709,0.10876,0.21379,0.38735,0.64523,0.98334,1.1975,1.3457,1.5021
40.0,0.0056543,0.014494,0.033258,0.072817,0.14529,0.26873,0.46431,0.7362,0.91231,1.0375,1.1727
50.0,0.0039801,0.0103,0.02385,0.05297,0.10699,0.2011,0.3587,0.5895,0.74545,0.86014,0.9859
60.0,0.0032606,0.0084885,0.019713,0.043974,0.089895,0.17159,0.30966,0.51554,0.6565,0.76118,0.87663
70.0,0.0027848,0.0072559,0.016882,0.037933,0.078193,0.15084,0.27472,0.46454,0.59535,0.69309,0.80162
80.0,0.0024521,0.0064077,0.01495,0.033723,0.070045,0.13598,0.25069,0.42771,0.55015,0.64266,0.74581
90.0,0.002214,0.0057889,0.013524,0.030557,0.063721,0.12483,0.231,0.39696,0.51258,0.6006,0.69907
100.0,0.0020153,0.0052667,0.012304,0.02787,0.058534,0.1152,0.21419,0.36995,0.4796,0.56316,0.65689
110.0,0.0018398,0.0048087,0.011244,0.025634,0.053931,0.10655,0.19867,0.3434,0.44604,0.52406,0.61156
120.0,0.0016802,0.0044107,0.010375,0.023677,0.049941,0.098925,0.18427,0.31985,0.41584,0.48921,0.57159
130.0,0.0015428,0.0040526,0.0095411,0.021738,0.045914,0.091092,0.17016,0.29697,0.38672,0.45498,0.53161
140.0,0.0014211,0.0037282,0.0087606,0.019986,0.04225,0.083979,0.15762,0.27596,0.35952,0.42354,0.49547
150.0,0.001299,0.00341,0.0080178,0.018367,0.038883,0.077439,0.14575,0.25543,0.33372,0.39483,0.4638
175.0,0.0010419,0.0027444,0.0064672,0.014825,0.031493,0.063018,0.11935,0.21127,0.27845,0.33061,0.38966
200.0,8.5186E-4,0.0022417,0.005274,0.012101,0.025788,0.051791,0.099064,0.17699,0.23478,0.27987,0.33111
250.0,5.7417E-4,0.001512,0.0035742,0.0082567,0.017717,0.036029,0.069823,0.12743,0.16813,0.20041,0.23692
300.0,4.0093E-4,0.0010591,0.0025187,0.0058494,0.012695,0.025982,0.051442,0.095198,0.1254,0.14872,0.17635
350.0,2.8733E-4,7.6065E-4,0.001817,0.0042263,0.0092179,0.018987,0.037923,0.071232,0.094438,0.11312,0.13427
400.0,2.0952E-4,5.5722E-4,0.001334,0.0031191,0.0068426,0.014178,0.02868,0.054374,0.072997,0.087658,0.10428
450.0,1.5109E-4,4.0532E-4,9.8793E-4,0.0023378,0.0051741,0.010786,0.021924,0.042059,0.056774,0.068598,0.082085
500.0,1.1061E-4,2.9935E-4,7.3893E-4,0.0017764,0.0039675,0.0083257,0.017118,0.033002,0.044905,0.054393,0.065232
600.0,5.7832E-5,1.6156E-4,4.0929E-4,0.0010112,0.0023303,0.0050212,0.010488,0.020463,0.028307,0.034587,0.041992
700.0,3.2979E-5,9.3586E-5,2.4756E-4,6.3278E-4,0.0014806,0.0032134,0.0068481,0.013635,0.018931,0.023209,0.028127
800.0,1.915E-5,5.6422E-5,1.5234E-4,3.9852E-4,9.5671E-4,0.0021246,0.0045879,0.0092097,0.012894,0.01592,0.019409
1000.0,7.132E-6,2.1868E-5,6.2098E-5,1.7132E-4,4.2927E-4,9.9344E-4,0.0021824,0.0044228,0.0062463,0.0078275,0.0096621
1200.0,2.6341E-6,8.5408E-6,2.5243E-5,7.212E-5,1.8808E-4,4.5226E-4,0.0010372,0.0021949,0.0031785,0.0040236,0.0050286
1500.0,6.6135E-7,2.2159E-6,6.9561E-6,2.1254E-5,5.8905E-5,1.4891E-4,3.5651E-4,7.8699E-4,0.0011716,0.0015226,0.0018756
SA0P2
r\m,4.0,4.5,5.0,5.5,6.0,6.5,7.0,7.5,7.8,8.0,8.2
0.0,0.34472,0.61417,0.94638,1.3226,1.6933,2.081,2.4682,2.7603,2.8779,2.94,2.9786
1.0,0.25622,0.49227,0.80032,1.1621,1.5351,1.936,2.3347,2.6335,2.7471,2.8011,2.8289
5.0,0.077367,0.1863,0.38048,0.68696,1.058,1.4712,1.8889,2.2236,2.3533,2.4189,2.4632
10.0,0.033467,0.084649,0.18612,0.3732,0.65401,1.0203,1.4303,1.7995,1.9714,2.0701,2.1636
15.0,0.018803,0.048673,0.11045,0.23199,0.43176,0.72395,1.078,1.4508,1.6446,1.7623,1.8795
20.0,0.012158,0.031944,0.074055,0.15965,0.30918,0.5411,0.84089,1.1808,1.3751,1.5013,1.6225
25.0,0.0085381,0.022742,0.053425,0.11711,0.23208,0.41594,0.66883,0.98386,1.1685,1.2931,1.423
30.0,0.0064376,0.017281,0.041004,0.090672,0.18192,0.33226,0.55246,0.83426,1.009,1.1289,1.2561
40.0,0.0041215,0.011237,0.027065,0.061086,0.1244,0.23181,0.39937,0.62705,0.7718,0.87401,0.98508
50.0,0.0029182,0.0080344,0.019524,0.044672,0.092053,0.17424,0.3096,0.5036,0.63212,0.7261,0.82956
60.0,0.0023956,0.0066357,0.016172,0.037148,0.077389,0.1485,0.26698,0.43992,0.55584,0.64136,0.73601
70.0,0.0020556,0.0056979,0.01391,0.032183,0.067548,0.13085,0.23734,0.39718,0.50517,0.58563,0.67534
80.0,0.0018264,0.0050826,0.01245,0.028909,0.061072,0.11898,0.21818,0.36804,0.46982,0.54632,0.63191
90.0,0.0016612,0.004628,0.011353,0.02641,0.055997,0.10999,0.20236,0.34362,0.44014,0.51309,0.59492
100.0,0.0015226,0.0042425,0.01041,0.024278,0.051816,0.10221,0.18881,0.3221,0.41395,0.48349,0.5617
110.0,0.0014005,0.0039043,0.0095901,0.022498,0.048104,0.0953,0.17651,0.30114,0.38768,0.45299,0.52639
120.0,0.0012889,0.0036087,0.0089108,0.020932,0.044898,0.089165,0.16488,0.28243,0.36386,0.42568,0.49524
130.0,0.0011914,0.0033393,0.0082546,0.019367,0.041603,0.082712,0.15336,0.26398,0.34063,0.3986,0.46382
140.0,0.0011038,0.0030914,0.0076316,0.017931,0.038537,0.076762,0.14294,0.24676,0.31862,0.37331,0.4349
150.0,0.0010144,0.002844,0.007027,0.016576,0.035677,0.07124,0.13301,0.22971,0.29741,0.3498,0.40903
175.0,8.2468E-4,0.0023217,0.0057538,0.01359,0.02937,0.058933,0.11063,0.19281,0.25163,0.29692,0.34829
200.0,6.8305E-4,0.0019236,0.004766,0.011276,0.024437,0.049194,0.093155,0.16367,0.2149,0.25457,0.29971
250.0,4.7368E-4,0.0013377,0.0033321,0.0079395,0.017328,0.035237,0.067495,0.121,0.15828,0.18766,0.22101
300.0,3.4018E-4,9.6477E-4,0.0024183,0.0057909,0.012757,0.026104,0.051011,0.092703,0.12111,0.14293,0.16873
350.0,2.5084E-4,7.1307E-4,0.0017946,0.0043029,0.0095287,0.019618,0.038645,0.071108,0.093455,0.11127,0.13149
400.0,1.8814E-4,5.3694E-4,0.0013529,0.0032597,0.0072558,0.015028,0.029909,0.055522,0.073794,0.088077,0.10429
450.0,1.3974E-4,4.0184E-4,0.0010288,0.0025055,0.0056199,0.011693,0.023372,0.043832,0.058561,0.070313,0.083735
500.0,1.0522E-4,3.0485E-4,7.8907E-4,0.0019492,0.0044035,0.0092165,0.018601,0.035045,0.04719,0.056798,0.067785
600.0,5.8662E-5,1.7441E-4,4.6146E-4,0.0011667,0.0027077,0.0058,0.011873,0.022607,0.030887,0.037467,0.045198
700.0,3.522E-5,1.0591E-4,2.9067E-4,7.5598E-4,0.0017774,0.0038307,0.0079865,0.015488,0.021238,0.025843,0.031132
800.0,2.141E-5,6.6457E-5,1.8558E-4,4.9236E-4,0.0011839,0.0026045,0.0054926,0.01073,0.014841,0.018188,0.022039
1000.0,8.6159E-6,2.7623E-5,8.0509E-5,2.2362E-4,5.5905E-4,0.0012755,0.0027345,0.0053949,0.0075288,0.0093598,0.011482
1200.0,3.4608E-6,1.1654E-5,3.5132E-5,1.0063E-4,2.6004E-4,6.1292E-4,0.0013645,0.0027986,0.0039948,0.0050126,0.0062187
1500.0,9.7256E-7,3.3504E-6,1.0631E-5,3.2213E-5,8.7756E-5,2.1589E-4,4.9921E-4,0.0010645,0.0015597,0.0020068,0.0024535
SA0P25
r\m,4.0,4.5,5.0,5.5,6.0,6.5,7.0,7.5,7.8,8.0,8.2
0.0,0.25762,0.48428,0.77417,1.1047,1.4309,1.7685,2.1066,2.3577,2.4568,2.5082,2.5453
1.0,0.19254,0.39109,0.66034,0.97952,1.308,1.6571,2.0049,2.2617,2.3572,2.4012,2.4272
5.0,0.057771,0.14726,0.31368,0.58156,0.90944,1.2725,1.6377,1.9255,2.0339,2.087,2.1246
10.0,0.024995,0.066912,0.15353,0.31654,0.56508,0.89043,1.2484,1.5639,1.7089,1.7914,1.8702
15.0,0.014089,0.038586,0.091363,0.19724,0.37412,0.63368,0.94407,1.2645,1.4279,1.5265,1.6255
20.0,0.0091305,0.025393,0.061459,0.13622,0.26867,0.47478,0.73821,1.0322,1.1966,1.3027,1.4054
25.0,0.0064168,0.018102,0.044452,0.10026,0.20246,0.36601,0.58865,0.86113,1.018,1.1234,1.234
30.0,0.0048438,0.013774,0.034178,0.0778,0.15908,0.29292,0.48698,0.73094,0.87991,0.98159,1.0898
40.0,0.0031112,0.0089892,0.022653,0.052626,0.1092,0.20506,0.35302,0.55079,0.67482,0.76201,0.85721
50.0,0.002211,0.006452,0.016403,0.038616,0.081059,0.15457,0.27425,0.44319,0.55349,0.63385,0.7226
60.0,0.0018174,0.0053364,0.013605,0.032142,0.068158,0.13161,0.2363,0.3868,0.48612,0.55908,0.64004
70.0,0.0015642,0.0045958,0.011736,0.027925,0.059624,0.11613,0.21031,0.34964,0.44241,0.51142,0.58861
80.0,0.0013981,0.0041272,0.010581,0.025265,0.054251,0.10621,0.19431,0.32542,0.41326,0.47906,0.55289
90.0,0.0012779,0.0037781,0.0097017,0.023212,0.050018,0.098681,0.18105,0.30508,0.38862,0.45144,0.52208
100.0,0.0011767,0.0034812,0.0089439,0.021455,0.046524,0.092138,0.16968,0.28715,0.3668,0.42686,0.49453
110.0,0.0010877,0.0032213,0.008286,0.019988,0.043423,0.08641,0.1595,0.2698,0.3452,0.40182,0.46559
120.0,0.0010063,0.0029932,0.007737,0.018692,0.040758,0.081298,0.14975,0.25428,0.32552,0.37935,0.44006
130.0,9.3439E-4,0.0027832,0.0072035,0.017389,0.037978,0.075808,0.14,0.23878,0.30616,0.35692,0.41416
140.0,8.6901E-4,0.0025878,0.0066919,0.01618,0.035344,0.070689,0.13106,0.22414,0.28762,0.33571,0.38999
150.0,8.0152E-4,0.0023901,0.0061881,0.015019,0.032859,0.065909,0.12251,0.20951,0.26953,0.31571,0.36801
175.0,6.5764E-4,0.0019706,0.0051212,0.012454,0.027375,0.055186,0.10306,0.17773,0.23035,0.27064,0.31642
200.0,5.4951E-4,0.001649,0.0042898,0.010457,0.023044,0.04659,0.087699,0.15232,0.19856,0.23418,0.27476
250.0,3.887E-4,0.0011721,0.0030682,0.007536,0.016729,0.034107,0.064863,0.11486,0.14937,0.17645,0.20728
300.0,2.8478E-4,8.6353E-4,0.002276,0.0056185,0.012572,0.025788,0.049983,0.089703,0.11654,0.13708,0.16135
350.0,2.1434E-4,6.5189E-4,0.0017252,0.0042656,0.0095987,0.019807,0.038676,0.070155,0.091651,0.10868,0.12806
400.0,1.6408E-4,5.0108E-4,0.0013275,0.0032981,0.0074572,0.015484,0.030493,0.055774,0.073611,0.087491,0.1033
450.0,1.246E-4,3.8332E-4,0.0010307,0.0025863,0.0058878,0.012269,0.024255,0.044768,0.059372,0.070955,0.084213
500.0,9.5862E-5,2.9698E-4,8.0648E-4,0.0020505,0.0046957,0.0098375,0.019614,0.036354,0.048566,0.058177,0.06919
600.0,5.6205E-5,1.7803E-4,4.93E-4,0.0012793,0.0030006,0.0064189,0.012957,0.024235,0.032807,0.039585,0.047538
700.0,3.5146E-5,1.1237E-4,3.2121E-4,8.5413E-4,0.0020257,0.0043567,0.0089441,0.017006,0.023104,0.027959,0.033544
800.0,2.2199E-5,7.2924E-5,2.1166E-4,5.727E-4,0.0013865,0.0030396,0.0063019,0.012059,0.016523,0.020133,0.024292
1000.0,9.5418E-6,3.2214E-5,9.7049E-5,2.7341E-4,6.8602E-4,0.0015539,0.0032727,0.0063238,0.0087437,0.010799,0.013185
1200.0,4.1193E-6,1.4519E-5,4.5032E-5,1.3041E-4,3.3655E-4,7.841E-4,0.0017081,0.0034186,0.0048238,0.0060091,0.0074117
1500.0,1.2736E-6,4.5654E-6,1.4802E-5,4.4989E-5,1.2163E-4,2.9434E-4,6.6357E-4,0.0013766,0.0019906,0.0025387,0.0030888
SA0P3
r\m,4.0,4.5,5.0,5.5,6.0,6.5,7.0,7.5,7.8,8.0,8.2
0.0,0.19667,0.38924,0.64637,0.94457,1.2412,1.5457,1.8506,2.0745,2.1614,2.2059,2.2415
1.0,0.14755,0.31602,0.55472,0.84298,1.1411,1.4556,1.7688,1.9975,2.0811,2.1187,2.1432
5.0,0.044064,0.11854,0.26332,0.50203,0.79843,1.1263,1.4548,1.7107,1.8049,1.8499,1.883
10.0,0.019066,0.053853,0.12891,0.27357,0.49797,0.79336,1.1145,1.3932,1.5199,1.5915,1.6604
15.0,0.01077,0.031116,0.076853,0.17075,0.33035,0.56579,0.8449,1.1289,1.2715,1.3571,1.4436
20.0,0.0069903,0.020514,0.051816,0.11821,0.23771,0.42462,0.6618,0.9234,1.0673,1.1595,1.2495
25.0,0.0049148,0.014636,0.037544,0.087217,0.17962,0.32799,0.52865,0.771,0.90867,1.0009,1.098
30.0,0.003713,0.011147,0.0289,0.06778,0.14136,0.26282,0.43779,0.65487,0.78594,0.87502,0.97015
40.0,0.0023901,0.0072933,0.01921,0.045977,0.097292,0.18441,0.31795,0.49433,0.60383,0.68054,0.76461
50.0,0.0017028,0.0052487,0.013947,0.033816,0.072378,0.13928,0.24738,0.39828,0.49575,0.56656,0.64496
60.0,0.001401,0.0043454,0.011579,0.028165,0.06086,0.11849,0.21299,0.34736,0.43501,0.49918,0.57054
70.0,0.0012084,0.0037501,0.010008,0.024518,0.053323,0.10465,0.1897,0.31425,0.39626,0.4572,0.52554
80.0,0.0010846,0.0033841,0.0090707,0.022298,0.048742,0.096122,0.17592,0.2934,0.37132,0.42954,0.49501
90.0,9.9478E-4,0.0031097,0.0083498,0.020571,0.04512,0.089634,0.16447,0.2759,0.35015,0.40577,0.46842
100.0,9.1905E-4,0.0028759,0.007728,0.019091,0.042128,0.083988,0.15464,0.26046,0.33135,0.38462,0.44476
110.0,8.5259E-4,0.0026717,0.007189,0.017854,0.039475,0.079104,0.14597,0.24562,0.31294,0.36331,0.42015
120.0,7.9174E-4,0.0024921,0.0067369,0.016759,0.037209,0.074732,0.13755,0.23232,0.29612,0.34416,0.39844
130.0,7.3751E-4,0.0023254,0.0062954,0.015655,0.034814,0.069954,0.12907,0.21891,0.27946,0.32495,0.37634
140.0,6.8778E-4,0.0021688,0.005869,0.014619,0.032511,0.065459,0.12122,0.20612,0.26337,0.30659,0.35548
150.0,6.3602E-4,0.002009,0.0054441,0.013611,0.03032,0.061245,0.1137,0.19325,0.24753,0.2891,0.33627
175.0,5.253E-4,0.0016684,0.0045411,0.011383,0.025488,0.051752,0.096476,0.16524,0.21313,0.24967,0.29123
200.0,4.4172E-4,0.0014063,0.0038358,0.009644,0.021645,0.044063,0.082742,0.14265,0.18501,0.21751,0.2546
250.0,3.1702E-4,0.001016,0.0027908,0.0070732,0.015996,0.032796,0.062164,0.1092,0.14144,0.16667,0.19546
300.0,2.3572E-4,7.6058E-4,0.0021051,0.005363,0.012214,0.025191,0.048627,0.086547,0.11202,0.13148,0.15444
350.0,1.8014E-4,5.8344E-4,0.0016218,0.0041402,0.0094862,0.01968,0.038254,0.068722,0.089416,0.10573,0.12435
400.0,1.4003E-4,4.5558E-4,0.001268,0.0032529,0.0074875,0.015634,0.030609,0.055423,0.072792,0.086266,0.10166
450.0,1.0815E-4,3.5452E-4,0.0010007,0.0025916,0.0060028,0.012571,0.024695,0.045083,0.059479,0.070839,0.083873
500.0,8.4606E-5,2.7924E-4,7.9558E-4,0.0020862,0.0048562,0.01022,0.02023,0.037075,0.049241,0.058777,0.069731
600.0,5.1613E-5,1.7375E-4,5.0403E-4,0.0013463,0.0032026,0.0068708,0.013748,0.025387,0.034133,0.041026,0.04911
700.0,3.3332E-5,1.1316E-4,3.3764E-4,9.2154E-4,0.0022134,0.0047712,0.0096975,0.018175,0.024524,0.029556,0.035358
800.0,2.1726E-5,7.551E-5,2.2843E-4,6.3319E-4,0.0015506,0.0034041,0.006978,0.013148,0.017889,0.021703,0.026105
1000.0,9.8646E-6,3.5116E-5,1.0981E-4,3.156E-4,7.9898E-4,0.0018072,0.0037601,0.0071523,0.0098197,0.012065,0.014677
1200.0,4.5247E-6,1.673E-5,5.367E-5,1.5818E-4,4.103E-4,9.5129E-4,0.0020412,0.0040095,0.0056065,0.0069435,0.0085248
1500.0,1.5155E-6,5.6784E-6,1.894E-5,5.8242E-5,1.575E-4,3.7794E-4,8.3697E-4,0.0016996,0.0024317,0.003078,0.0037334
SA0P4
r\m,4.0,4.5,5.0,5.5,6.0,6.5,7.0,7.5,7.8,8.0,8.2
0.0,0.11969,0.25917,0.46367,0.71468,0.9733,1.2388,1.5044,1.6972,1.7708,1.8078,1.8413
1.0,0.09025,0.2119,0.40114,0.64324,0.90163,1.1742,1.4458,1.642,1.7126,1.7434,1.7663
5.0,0.026778,0.079062,0.19021,0.38461,0.63616,0.91767,1.2001,1.4174,1.4953,1.5314,1.5594
10.0,0.011585,0.035906,0.09313,0.20987,0.39875,0.65237,0.92566,1.1586,1.2632,1.3216,1.3784
15.0,0.0065627,0.020797,0.055646,0.13126,0.26521,0.46654,0.70403,0.94153,1.0584,1.1281,1.1989
20.0,0.0042674,0.013742,0.037629,0.091167,0.19133,0.35089,0.55271,0.77226,0.89037,0.96543,1.0393
25.0,0.0030018,0.0098149,0.027325,0.067467,0.14509,0.27172,0.44249,0.64546,0.75875,0.83436,0.91426
30.0,0.0022701,0.0074835,0.021066,0.052535,0.11442,0.21808,0.36691,0.54867,0.65685,0.72992,0.80823
40.0,0.0014654,0.0049121,0.014055,0.035765,0.079014,0.15345,0.2671,0.41511,0.50581,0.56905,0.63865
50.0,0.0010474,0.0035472,0.010239,0.026386,0.058945,0.11619,0.2082,0.335,0.41579,0.47423,0.53915
60.0,8.6276E-4,0.0029405,0.0085102,0.021993,0.049563,0.098734,0.17908,0.29189,0.36438,0.4172,0.47609
70.0,7.4624E-4,0.0025446,0.0073752,0.019195,0.043513,0.087298,0.15964,0.26434,0.33231,0.38273,0.43945
80.0,6.7348E-4,0.0023109,0.0067316,0.017579,0.040021,0.080639,0.14877,0.24784,0.31271,0.361,0.41545
90.0,6.2053E-4,0.0021344,0.0062295,0.016309,0.037249,0.075569,0.13973,0.23401,0.29597,0.34214,0.39426
100.0,5.7578E-4,0.0019837,0.0057963,0.015217,0.03496,0.071152,0.13195,0.22181,0.28106,0.32539,0.37553
110.0,5.3668E-4,0.0018526,0.005422,0.014306,0.032935,0.067407,0.12525,0.21021,0.26672,0.30879,0.35637
120.0,5.0087E-4,0.001737,0.0051058,0.013497,0.031223,0.064041,0.11863,0.19979,0.25356,0.29386,0.33949
130.0,4.6854E-4,0.0016284,0.0047949,0.012678,0.029378,0.060263,0.11189,0.18914,0.2404,0.27877,0.32222
140.0,4.3853E-4,0.0015251,0.0044916,0.011898,0.027565,0.05666,0.10555,0.17883,0.22754,0.26414,0.30564
150.0,4.0693E-4,0.0014182,0.0041842,0.011124,0.025817,0.053267,0.099463,0.16836,0.21471,0.24998,0.29009
175.0,3.3907E-4,0.0011893,0.0035278,0.009412,0.021974,0.045586,0.0854,0.14554,0.18679,0.21808,0.25376
200.0,2.8753E-4,0.0010125,0.0030144,0.0080741,0.01889,0.039273,0.074045,0.1269,0.1637,0.19178,0.2239
250.0,2.1044E-4,7.4798E-4,0.0022459,0.0060689,0.014315,0.029917,0.056865,0.099216,0.12803,0.15046,0.17617
300.0,1.5967E-4,5.7249E-4,0.0017341,0.0047121,0.011178,0.023498,0.045438,0.080296,0.10357,0.1213,0.14219
350.0,1.2461E-4,4.4909E-4,0.0013671,0.0037257,0.008898,0.018813,0.036603,0.065165,0.084453,0.099562,0.11689
400.0,9.8936E-5,3.5855E-4,0.0010935,0.0029959,0.0071865,0.015299,0.029926,0.053658,0.070115,0.082831,0.097423
450.0,7.826E-5,2.8591E-4,8.8365E-4,0.0024426,0.0058917,0.012567,0.024651,0.044512,0.058392,0.06926,0.081778
500.0,6.2696E-5,2.3066E-4,7.1907E-4,0.0020107,0.004868,0.010429,0.020589,0.037299,0.049199,0.058477,0.069176
600.0,4.0507E-5,1.5157E-4,4.8035E-4,0.0013648,0.0033665,0.0073362,0.014601,0.026582,0.035451,0.042411,0.050572
700.0,2.7421E-5,1.0342E-4,3.3551E-4,9.7035E-4,0.0024115,0.0052759,0.010646,0.019624,0.026259,0.031489,0.037546
800.0,1.8738E-5,7.1994E-5,2.3633E-4,6.9232E-4,0.0017519,0.0038997,0.0079188,0.01465,0.019757,0.023834,0.028562
1000.0,9.2509E-6,3.6253E-5,1.2233E-4,3.6939E-4,9.6268E-4,0.0021989,0.0045257,0.0084445,0.011491,0.014018,0.01697
1200.0,4.6598E-6,1.8819E-5,6.4827E-5,2.0005E-4,5.3138E-4,0.001238,0.0026164,0.0050184,0.0069325,0.0085157,0.010389
1500.0,1.7661E-6,7.2028E-6,2.5601E-5,8.1764E-5,2.2481E-4,5.3964E-4,0.0011727,0.002315,0.0032633,0.0040842,0.0049382
SA0P5
r\m,4.0,4.5,5.0,5.5,6.0,6.5,7.0,7.5,7.8,8.0,8.2
0.0,0.076682,0.17803,0.34016,0.55334,0.78488,1.0274,1.2716,1.4497,1.5179,1.5518,1.5846
1.0,0.058004,0.1462,0.29577,0.50067,0.73049,0.97763,1.2261,1.4067,1.4719,1.5002,1.523
5.0,0.017139,0.05436,0.14014,0.3001,0.51813,0.76894,1.0237,1.2204,1.2906,1.3227,1.3486
10.0,0.0074139,0.02468,0.068613,0.16388,0.3258,0.54988,0.7931,0.99994,1.0925,1.144,1.194
15.0,0.0042068,0.014315,0.041052,0.10262,0.21704,0.39393,0.60448,0.81409,0.91638,0.97701,1.0388
20.0,0.0027386,0.0094726,0.02781,0.071419,0.15683,0.29668,0.47521,0.66887,0.7719,0.83699,0.90134
25.0,0.0019269,0.0067695,0.020223,0.052951,0.11919,0.2301,0.38098,0.55938,0.65816,0.7239,0.79349
30.0,0.0014581,0.0051649,0.015604,0.041282,0.094114,0.18484,0.31614,0.47571,0.57008,0.63356,0.70169
40.0,9.4288E-4,0.003397,0.010435,0.028168,0.065122,0.13028,0.23046,0.36041,0.43961,0.49464,0.55535
50.0,6.7525E-4,0.0024582,0.007618,0.02082,0.048666,0.098802,0.17984,0.29115,0.36164,0.41249,0.46905
60.0,5.5663E-4,0.0020395,0.0063365,0.017361,0.040916,0.083893,0.15459,0.25352,0.31666,0.36251,0.41371
70.0,4.823E-4,0.0017679,0.0055004,0.015177,0.035967,0.074225,0.13788,0.22974,0.289,0.3329,0.38237
80.0,4.3677E-4,0.001612,0.0050429,0.013961,0.033211,0.068811,0.1289,0.21598,0.27268,0.31478,0.36232
90.0,4.0358E-4,0.0014936,0.0046825,0.012999,0.031018,0.06469,0.12141,0.20446,0.25869,0.29895,0.34446
100.0,3.7549E-4,0.0013925,0.0043717,0.012171,0.02921,0.061099,0.11498,0.1943,0.24621,0.28492,0.32876
110.0,3.5104E-4,0.0013049,0.004104,0.011482,0.027613,0.058101,0.10954,0.18472,0.23435,0.27119,0.31289
120.0,3.2866E-4,0.0012275,0.0038768,0.010868,0.026276,0.055403,0.10408,0.17611,0.22346,0.25883,0.29893
130.0,3.0826E-4,0.0011542,0.0036522,0.010244,0.024813,0.052311,0.09849,0.16723,0.21249,0.24629,0.28461
140.0,2.8917E-4,0.0010839,0.0034318,0.0096449,0.023353,0.049336,0.093176,0.15853,0.20168,0.23401,0.2707
150.0,2.6893E-4,0.0010104,0.0032057,0.0090415,0.021933,0.046526,0.088073,0.14965,0.1908,0.22198,0.25748
175.0,2.2534E-4,8.5268E-4,0.0027217,0.0077088,0.018821,0.040151,0.076209,0.13029,0.1671,0.19493,0.2267
200.0,1.9212E-4,7.3051E-4,0.0023432,0.0066675,0.01631,0.034858,0.066549,0.11435,0.14737,0.17247,0.20123
250.0,1.4239E-4,5.4758E-4,0.0017732,0.0050935,0.012566,0.026965,0.051856,0.090658,0.11701,0.13745,0.16092
300.0,1.0946E-4,4.2526E-4,0.0013905,0.0040179,0.0099613,0.021498,0.042028,0.074398,0.095994,0.11242,0.13174
350.0,8.6597E-5,3.3856E-4,0.0011131,0.0032283,0.0080623,0.017499,0.034402,0.061274,0.079411,0.093556,0.10983
400.0,6.972E-5,2.7433E-4,9.0419E-4,0.0026371,0.0066143,0.014459,0.028544,0.051175,0.066818,0.078876,0.092761
450.0,5.6033E-5,2.2239E-4,7.4256E-4,0.0021845,0.0055066,0.012055,0.023853,0.043031,0.056377,0.066772,0.078778
500.0,4.5611E-5,1.8236E-4,6.1401E-4,0.0018262,0.0046171,0.010147,0.020193,0.036531,0.04808,0.057055,0.067435
600.0,3.0643E-5,1.2443E-4,4.2557E-4,0.0012842,0.0033015,0.0073702,0.014756,0.026773,0.035599,0.042508,0.050611
700.0,2.1425E-5,8.7712E-5,3.0615E-4,9.3812E-4,0.0024263,0.0054349,0.011016,0.020202,0.026947,0.032246,0.038405
800.0,1.5138E-5,6.2918E-5,2.2197E-4,6.8774E-4,0.0018098,0.0041228,0.0083965,0.015431,0.020734,0.024948,0.029855
1000.0,7.9342E-6,3.3562E-5,1.2127E-4,3.8583E-4,0.001043,0.0024313,0.0050124,0.0092832,0.012585,0.015293,0.018469
1200.0,4.2769E-6,1.854E-5,6.8181E-5,2.2116E-4,6.072E-4,0.0014389,0.0030372,0.0057629,0.0079112,0.0096726,0.01176
1500.0,1.7731E-6,7.7528E-6,2.9268E-5,9.7744E-5,2.7642E-4,6.7305E-4,0.0014572,0.0028359,0.0039639,0.0049252,0.005951
SA0P75
r\m,4.0,4.5,5.0,5.5,6.0,6.5,7.0,7.5,7.8,8.0,8.2
0.0,0.030829,0.079625,0.17131,0.3121,0.48841,0.69066,0.9053,1.071,1.1377,1.1715,1.2055
1.0,0.023418,0.065781,0.14998,0.28444,0.45746,0.66071,0.87681,1.0433,1.1071,1.1361,1.1616
5.0,0.0068793,0.02434,0.070983,0.17107,0.32684,0.52426,0.73795,0.91129,0.97639,1.0069,1.0327
10.0,0.0029753,0.011045,0.034748,0.093501,0.20642,0.37805,0.57529,0.74923,0.82899,0.87343,0.9164
15.0,0.001692,0.006419,0.020827,0.05865,0.13781,0.27149,0.43976,0.61157,0.69636,0.74659,0.79765
20.0,0.0011032,0.0042554,0.014144,0.040928,0.099796,0.20484,0.34637,0.50366,0.58767,0.64051,0.69299
25.0,7.7643E-4,0.0030435,0.010304,0.030423,0.076076,0.1592,0.27821,0.42154,0.50145,0.55454,0.6107
30.0,5.88E-4,0.0023242,0.0079603,0.023757,0.060173,0.12805,0.23109,0.3587,0.43465,0.48561,0.54027
40.0,3.8115E-4,0.0015328,0.0053402,0.01626,0.041751,0.090452,0.16877,0.27228,0.33581,0.37988,0.42852
50.0,2.737E-4,0.0011124,0.00391,0.01205,0.031275,0.068745,0.13191,0.22026,0.27653,0.31706,0.36216
60.0,2.2586E-4,9.2403E-4,0.0032556,0.010054,0.026292,0.058306,0.11328,0.19162,0.24186,0.27826,0.31892
70.0,1.9618E-4,8.0287E-4,0.0028325,0.0088093,0.023152,0.051634,0.1011,0.17379,0.22094,0.25588,0.29528
80.0,1.7849E-4,7.3615E-4,0.0026132,0.008154,0.021495,0.048108,0.094928,0.16399,0.20924,0.24279,0.2807
90.0,1.6558E-4,6.8517E-4,0.002438,0.0076302,0.020175,0.04543,0.089789,0.15581,0.19916,0.23125,0.26753
100.0,1.5464E-4,6.4158E-4,0.002287,0.0071797,0.019089,0.043097,0.085372,0.14862,0.19014,0.22104,0.25606
110.0,1.4517E-4,6.0408E-4,0.0021578,0.0068053,0.018134,0.041202,0.081746,0.14191,0.18176,0.21127,0.24469
120.0,1.3651E-4,5.7089E-4,0.0020473,0.0064717,0.017348,0.039494,0.078031,0.13589,0.17404,0.20247,0.23472
130.0,1.2852E-4,5.3903E-4,0.0019374,0.0061311,0.016467,0.037469,0.074181,0.12958,0.16619,0.19348,0.22445
140.0,1.2094E-4,5.0809E-4,0.0018284,0.0057988,0.015566,0.035493,0.070464,0.12331,0.15835,0.18454,0.21429
150.0,1.1282E-4,4.7532E-4,0.0017147,0.0054568,0.014676,0.033621,0.066893,0.11684,0.15035,0.17564,0.20445
175.0,9.5277E-5,4.0467E-4,0.0014703,0.0047035,0.012743,0.029364,0.058528,0.10276,0.13294,0.15568,0.18167
200.0,8.1845E-5,3.4983E-4,0.0012795,0.0041163,0.01117,0.025775,0.051633,0.091036,0.11828,0.13894,0.16263
250.0,6.1749E-5,2.6773E-4,9.9026E-4,0.0032191,0.0088158,0.020388,0.041087,0.073639,0.095976,0.11325,0.13315
300.0,4.8362E-5,2.1233E-4,7.9421E-4,0.0025987,0.0071432,0.016612,0.033997,0.061666,0.080368,0.094589,0.11128
350.0,3.9015E-5,1.7269E-4,6.5015E-4,0.002138,0.0059249,0.013856,0.02849,0.051898,0.067904,0.080333,0.094696
400.0,3.2044E-5,1.4298E-4,5.4026E-4,0.0017878,0.0049753,0.011724,0.024163,0.044266,0.058281,0.069073,0.081566
450.0,2.6355E-5,1.1875E-4,4.5443E-4,0.0015164,0.0042385,0.0099932,0.020629,0.037981,0.050142,0.059552,0.07047
500.0,2.196E-5,9.9761E-5,3.8488E-4,0.0012974,0.0036335,0.0085958,0.017824,0.032885,0.043544,0.051805,0.061403
600.0,1.5632E-5,7.2011E-5,2.8205E-4,9.6277E-4,0.0027343,0.0065569,0.013634,0.025145,0.033598,0.040206,0.047965
700.0,1.1471E-5,5.3341E-5,2.123E-4,7.3354E-4,0.0020909,0.0050271,0.010559,0.019626,0.026296,0.031524,0.037643
800.0,8.5287E-6,4.0076E-5,1.61E-4,5.6106E-4,0.001626,0.0039737,0.0083644,0.015542,0.020958,0.02524,0.030266
1000.0,4.9048E-6,2.34E-5,9.5826E-5,3.41E-4,0.0010111,0.0025182,0.005354,0.010007,0.01361,0.016517,0.019956
1200.0,2.9408E-6,1.4257E-5,5.9162E-5,2.1396E-4,6.4107E-4,0.0016149,0.0034997,0.0066658,0.0091432,0.01115,0.013537
1500.0,1.4046E-6,6.8688E-6,2.9049E-5,1.0737E-4,3.2896E-4,8.4844E-4,0.0018791,0.0036493,0.0050771,0.0062632,0.0075957
SA1P0
r\m,4.0,4.5,5.0,5.5,6.0,6.5,7.0,7.5,7.8,8.0,8.2
0.0,0.015474,0.042125,0.097374,0.19221,0.32564,0.49405,0.6858,0.84562,0.9145,0.95067,0.98692
1.0,0.01178,0.034906,0.085551,0.17582,0.30599,0.47388,0.66569,0.82534,0.89152,0.92338,0.95211
5.0,0.0034501,0.012884,0.040465,0.10592,0.21943,0.3777,0.56256,0.72345,0.78854,0.82048,0.84815
10.0,0.001492,0.0058449,0.019807,0.057919,0.1389,0.27355,0.43998,0.59584,0.67054,0.71284,0.75361
15.0,8.4944E-4,0.0034001,0.011882,0.036361,0.092834,0.19669,0.33684,0.48703,0.56369,0.60959,0.65608
20.0,5.5424E-4,0.0022561,0.0080794,0.02541,0.067299,0.14854,0.26557,0.40158,0.47616,0.52336,0.57038
25.0,3.9014E-4,0.0016142,0.0058915,0.018912,0.051382,0.11556,0.21351,0.33623,0.40645,0.45335,0.50293
30.0,2.9559E-4,0.0012333,0.0045542,0.014781,0.040677,0.09301,0.17743,0.28619,0.35244,0.39712,0.44502
40.0,1.9184E-4,8.1453E-4,0.0030602,0.010133,0.028264,0.065776,0.12971,0.21745,0.27256,0.31097,0.35336
50.0,1.3795E-4,5.9202E-4,0.002244,0.0075193,0.021197,0.050046,0.10145,0.17603,0.22456,0.25965,0.29874
60.0,1.139E-4,4.9206E-4,0.0018695,0.006276,0.017819,0.042423,0.087089,0.15308,0.19629,0.22772,0.26285
70.0,9.9059E-5,4.2808E-4,0.0016285,0.0055055,0.015706,0.037586,0.077755,0.1389,0.1794,0.20956,0.2436
80.0,9.0345E-5,3.9363E-4,0.0015073,0.0051124,0.014624,0.035111,0.073171,0.13131,0.17023,0.19918,0.23195
90.0,8.398E-5,3.6722E-4,0.0014097,0.0047966,0.013761,0.033234,0.06936,0.125,0.16231,0.19,0.22135
100.0,7.8582E-5,3.4464E-4,0.0013257,0.004525,0.013053,0.0316,0.066084,0.11946,0.15521,0.1819,0.21217
110.0,7.3929E-5,3.2529E-4,0.0012541,0.0042998,0.012431,0.030296,0.063446,0.11433,0.14869,0.17422,0.20317
120.0,6.9678E-5,3.0816E-4,0.0011927,0.0040991,0.011926,0.029118,0.060708,0.10973,0.14269,0.16733,0.19531
130.0,6.5723E-5,2.916E-4,0.0011312,0.0038936,0.011351,0.027695,0.057852,0.10486,0.13654,0.16025,0.18718
140.0,6.1947E-5,2.754E-4,0.0010701,0.0036914,0.010754,0.026295,0.055071,0.099984,0.13037,0.15315,0.17906
150.0,5.7881E-5,2.5811E-4,0.0010056,0.0034807,0.01016,0.024967,0.052399,0.094925,0.12401,0.14601,0.17111
175.0,4.9082E-5,2.2077E-4,8.6678E-4,0.0030176,0.0088773,0.021944,0.046115,0.083935,0.1102,0.13006,0.15278
200.0,4.2328E-5,1.9176E-4,7.5859E-4,0.0026575,0.0078294,0.019376,0.040903,0.074722,0.09851,0.1166,0.13738
250.0,3.2234E-5,1.4838E-4,5.9419E-4,0.0021044,0.0062589,0.015509,0.032914,0.061092,0.080859,0.096179,0.11388
300.0,2.5495E-5,1.19E-4,4.8232E-4,0.00172,0.0051317,0.012786,0.027538,0.051713,0.068451,0.081236,0.096225
350.0,2.078E-5,9.7889E-5,3.9962E-4,0.0014334,0.0043134,0.010806,0.023372,0.044032,0.058496,0.069749,0.082797
400.0,1.7249E-5,8.1987E-5,3.3619E-4,0.0012139,0.0036684,0.0092623,0.020061,0.037987,0.050749,0.060615,0.072078
450.0,1.4362E-5,6.8995E-5,2.865E-4,0.0010431,0.0031648,0.0079914,0.017329,0.032956,0.044128,0.05278,0.062854
500.0,1.2119E-5,5.8728E-5,2.4587E-4,9.0398E-4,0.0027466,0.0069565,0.015142,0.028845,0.038703,0.046364,0.055299
600.0,8.9012E-6,4.3719E-5,1.8581E-4,6.9115E-4,0.0021265,0.0054537,0.011881,0.022579,0.030551,0.036807,0.044164
700.0,6.7067E-6,3.3287E-5,1.4345E-4,5.3926E-4,0.0016632,0.0042744,0.009394,0.017961,0.024364,0.029398,0.035319
800.0,5.1299E-6,2.5668E-5,1.1159E-4,4.2254E-4,0.0013246,0.0034596,0.0076077,0.014519,0.01981,0.023999,0.028944
1000.0,3.1086E-6,1.578E-5,6.977E-5,2.69E-4,8.6082E-4,0.0022862,0.0050706,0.0097223,0.013374,0.016305,0.019793
1200.0,1.9802E-6,1.0169E-5,4.5463E-5,1.7784E-4,5.7354E-4,0.0015363,0.0034646,0.0067478,0.0093391,0.011431,0.013929
1500.0,1.0257E-6,5.3186E-6,2.4145E-5,9.6182E-5,3.1591E-4,8.6494E-4,0.0019892,0.0039359,0.0055119,0.0068054,0.0083104
SA1P5
r\m,4.0,4.5,5.0,5.5,6.0,6.5,7.0,7.5,7.8,8.0,8.2
0.0,0.005798,0.016471,0.041098,0.089602,0.16953,0.28664,0.43817,0.58311,0.65337,0.69264,0.7319
1.0,0.004423,0.01369,0.036234,0.082258,0.1598,0.27566,0.42624,0.57021,0.63803,0.67378,0.7069
5.0,0.0012916,0.0050403,0.017128,0.049641,0.11502,0.2207,0.36169,0.50156,0.566,0.60024,0.63098
10.0,5.5851E-4,0.0022859,0.008383,0.027156,0.072976,0.16055,0.28381,0.41384,0.48207,0.52234,0.56136
15.0,3.1833E-4,0.0013311,0.0050337,0.017063,0.04883,0.11559,0.21762,0.33874,0.40557,0.44689,0.48883
20.0,2.0787E-4,8.8408E-4,0.003427,0.011941,0.035439,0.087373,0.17174,0.27964,0.34292,0.38396,0.42527
25.0,1.4635E-4,6.328E-4,0.0025014,0.0088991,0.0271,0.06805,0.13821,0.23423,0.29283,0.33279,0.37519
30.0,1.1093E-4,4.8372E-4,0.0019348,0.0069613,0.021473,0.054805,0.11492,0.19943,0.25402,0.2916,0.33207
40.0,7.2084E-5,3.1994E-4,0.0013023,0.0047801,0.014942,0.038802,0.084087,0.15168,0.19664,0.22857,0.26397
50.0,5.1907E-5,2.3289E-4,9.5647E-4,0.0035523,0.011221,0.029557,0.065826,0.12288,0.1621,0.19095,0.22325
60.0,4.2888E-5,1.9371E-4,7.9738E-4,0.0029661,0.0094328,0.025043,0.056483,0.10682,0.14162,0.16735,0.19627
70.0,3.7348E-5,1.6874E-4,6.9547E-4,0.0026052,0.0083222,0.0222,0.050449,0.096969,0.12951,0.15412,0.18207
80.0,3.4145E-5,1.5561E-4,6.4581E-4,0.0024272,0.0077714,0.020793,0.047585,0.091857,0.12312,0.14676,0.17366
90.0,3.1805E-5,1.4552E-4,6.0553E-4,0.0022835,0.0073323,0.01973,0.045207,0.087612,0.1176,0.14021,0.16594
100.0,2.982E-5,1.3689E-4,5.7091E-4,0.0021599,0.006973,0.018804,0.043165,0.083889,0.11264,0.13443,0.15929
110.0,2.8116E-5,1.2953E-4,5.4155E-4,0.0020578,0.0066588,0.01808,0.041556,0.080477,0.10816,0.12905,0.15286
120.0,2.6561E-5,1.2302E-4,5.1627E-4,0.0019667,0.0064064,0.017427,0.03986,0.077417,0.10402,0.12421,0.14726
130.0,2.5103E-5,1.1667E-4,4.9087E-4,0.0018733,0.0061147,0.016618,0.03808,0.074153,0.099763,0.11923,0.14146
140.0,2.37E-5,1.1041E-4,4.6545E-4,0.0017804,0.0058071,0.015816,0.036329,0.070848,0.095451,0.11417,0.1356
150.0,2.2181E-5,1.0368E-4,4.3832E-4,0.0016824,0.0054984,0.015054,0.034648,0.0674,0.090973,0.10905,0.12978
175.0,1.8889E-5,8.9107E-5,3.799E-4,0.0014674,0.0048355,0.013319,0.030679,0.059926,0.081257,0.09762,0.11646
200.0,1.6356E-5,7.7783E-5,3.3446E-4,0.0013008,0.004292,0.011832,0.027365,0.053622,0.072989,0.087932,0.1052
250.0,1.2576E-5,6.0876E-5,2.6527E-4,0.0010436,0.0034775,0.0095889,0.022278,0.04433,0.060631,0.073433,0.088335
300.0,1.0049E-5,4.9393E-5,2.1807E-4,8.6422E-4,0.002887,0.0080033,0.018858,0.037949,0.051914,0.062749,0.075496
350.0,8.2784E-6,4.1119E-5,1.8298E-4,7.3E-4,0.0024609,0.0068589,0.016219,0.03271,0.044894,0.054494,0.065718
400.0,6.9475E-6,3.4859E-5,1.5596E-4,6.2664E-4,0.0021213,0.0059601,0.014099,0.02856,0.039392,0.047891,0.057852
450.0,5.8596E-6,2.9743E-5,1.3475E-4,5.4591E-4,0.0018549,0.0052094,0.012332,0.02507,0.034639,0.042139,0.050942
500.0,5.0096E-6,2.5671E-5,1.1727E-4,4.7964E-4,0.0016311,0.0045931,0.010907,0.022197,0.0307,0.0374,0.045279
600.0,3.8025E-6,1.9744E-5,9.1582E-5,3.7864E-4,0.0013021,0.0037084,0.0087943,0.017815,0.02483,0.030415,0.037024
700.0,2.9462E-6,1.5481E-5,7.2665E-5,3.0315E-4,0.0010436,0.0029769,0.0071108,0.014465,0.020205,0.024781,0.030214
800.0,2.3228E-6,1.2276E-5,5.8108E-5,2.4387E-4,8.5307E-4,0.0024727,0.0058996,0.011958,0.016789,0.020659,0.025277
1000.0,1.4892E-6,7.9826E-6,3.8345E-5,1.634E-4,5.8212E-4,0.0017116,0.0041113,0.0083589,0.011827,0.014622,0.017986
1200.0,1.0131E-6,5.4681E-6,2.6508E-5,1.1442E-4,4.0969E-4,0.0012114,0.0029503,0.0060712,0.0086186,0.010688,0.013181
1500.0,5.7329E-7,3.1306E-6,1.5356E-5,6.7262E-5,2.4425E-4,7.3695E-4,0.0018264,0.0038015,0.0054449,0.0067884,0.0084204
SA2P0
r\m,4.0,4.5,5.0,5.5,6.0,6.5,7.0,7.5,7.8,8.0,8.2
0.0,0.0029166,0.0083878,0.021734,0.050225,0.10212,0.18653,0.30701,0.43518,0.50301,0.5428,0.58281
1.0,0.0022273,0.0069817,0.019194,0.046191,0.096414,0.17961,0.29897,0.42595,0.49161,0.52841,0.56322
5.0,6.4946E-4,0.0025674,0.009071,0.027899,0.069528,0.14413,0.25422,0.37532,0.43674,0.47134,0.50323
10.0,2.8083E-4,0.0011643,0.0044394,0.015266,0.044163,0.10508,0.19981,0.30997,0.37228,0.41051,0.448
15.0,1.6015E-4,6.7828E-4,0.0026669,0.0095964,0.029568,0.075702,0.15333,0.2539,0.31334,0.3513,0.39017
20.0,1.0462E-4,4.5073E-4,0.0018168,0.0067205,0.021472,0.05725,0.12107,0.20973,0.26507,0.30195,0.33956
25.0,7.3664E-5,3.2269E-4,0.0013268,0.005012,0.016433,0.044613,0.097479,0.17571,0.2264,0.26178,0.29966
30.0,5.5849E-5,2.4673E-4,0.0010266,0.0039224,0.013027,0.035942,0.081073,0.14963,0.19643,0.22942,0.26526
40.0,3.6317E-5,1.6332E-4,6.9164E-4,0.0026958,0.0090714,0.025463,0.059354,0.11387,0.15214,0.17993,0.21098
50.0,2.617E-5,1.1898E-4,5.0838E-4,0.0020048,0.006817,0.019409,0.046486,0.092284,0.12546,0.15035,0.17847
60.0,2.1631E-5,9.9002E-5,4.2398E-4,0.0016744,0.0057312,0.016441,0.039881,0.080209,0.10958,0.13173,0.15685
70.0,1.885E-5,8.63E-5,3.7005E-4,0.0014717,0.0050592,0.014579,0.03563,0.072833,0.10024,0.12136,0.14557
80.0,1.7255E-5,7.9706E-5,3.442E-4,0.0013735,0.0047316,0.013674,0.033648,0.069063,0.095391,0.11567,0.13896
90.0,1.609E-5,7.4627E-5,3.2316E-4,0.001294,0.0044704,0.012991,0.032003,0.065939,0.091194,0.1106,0.13288
100.0,1.5101E-5,7.0287E-5,3.051E-4,0.0012257,0.004257,0.012397,0.030592,0.063201,0.087426,0.10613,0.12766
110.0,1.4254E-5,6.6596E-5,2.8981E-4,0.0011693,0.0040708,0.011938,0.029493,0.060704,0.084042,0.10199,0.12264
120.0,1.3481E-5,6.3328E-5,2.7663E-4,0.001119,0.0039224,0.011523,0.028326,0.058465,0.080922,0.098279,0.11827
130.0,1.2754E-5,6.0128E-5,2.6335E-4,0.0010674,0.0037493,0.011003,0.027096,0.056066,0.077697,0.094445,0.11375
140.0,1.2052E-5,5.6961E-5,2.5002E-4,0.0010158,0.0035651,0.010485,0.025879,0.053624,0.074418,0.090538,0.10915
150.0,1.1289E-5,5.3542E-5,2.3571E-4,9.609E-4,0.0033794,0.0099926,0.024712,0.051068,0.070998,0.086551,0.10456
175.0,9.6348E-6,4.6134E-5,2.0488E-4,8.4077E-4,0.0029821,0.0088717,0.02195,0.045534,0.063585,0.077685,0.094061
200.0,8.3608E-6,4.0376E-5,1.8094E-4,7.4785E-4,0.0026558,0.0079062,0.019637,0.040852,0.057258,0.070145,0.085168
250.0,6.4606E-6,3.1787E-5,1.4445E-4,6.0415E-4,0.002167,0.0064492,0.016084,0.033968,0.047858,0.058953,0.071988
300.0,5.1894E-6,2.5948E-5,1.1953E-4,5.0373E-4,0.0018108,0.0054177,0.013698,0.029251,0.041219,0.05068,0.061889
350.0,4.2989E-6,2.1736E-5,1.0097E-4,4.2853E-4,0.001555,0.004677,0.011864,0.025373,0.035866,0.044274,0.054198
400.0,3.6284E-6,1.8544E-5,8.6645E-5,3.7048E-4,0.00135,0.0040935,0.010382,0.022294,0.031658,0.039137,0.047988
450.0,3.0806E-6,1.5936E-5,7.541E-5,3.2511E-4,0.0011889,0.0036025,0.0091401,0.01969,0.028002,0.034625,0.042471
500.0,2.6517E-6,1.3855E-5,6.6112E-5,2.8772E-4,0.0010527,0.0031979,0.0081357,0.01754,0.024955,0.030898,0.037952
600.0,2.0473E-6,1.0839E-5,5.2528E-5,2.31E-4,8.5408E-4,0.0026225,0.0066551,0.014264,0.020443,0.025447,0.03142
700.0,1.6095E-6,8.6309E-6,4.2287E-5,1.8752E-4,6.9358E-4,0.0021323,0.0054461,0.011709,0.016814,0.020952,0.025916
800.0,1.2893E-6,6.9468E-6,3.4318E-5,1.5299E-4,5.7497E-4,0.0017961,0.0045775,0.0097965,0.014134,0.017664,0.02192
1000.0,8.516E-7,4.6541E-6,2.3311E-5,1.0538E-4,4.0285E-4,0.0012749,0.0032677,0.0070078,0.010186,0.012779,0.015931
1200.0,5.9986E-7,3.2936E-6,1.6635E-5,7.6112E-5,2.9204E-4,9.2797E-4,0.002408,0.0052163,0.0075955,0.0095532,0.011933
1500.0,3.5581E-7,1.9794E-6,1.0099E-5,4.6815E-5,1.8179E-4,5.8896E-4,0.0015532,0.0033948,0.0049792,0.006284,0.0079107
SA3P0
r\m,4.0,4.5,5.0,5.5,6.0,6.5,7.0,7.5,7.8,8.0,8.2
0.0,0.0011369,0.0032662,0.0087579,0.021607,0.048052,0.097312,0.17798,0.27762,0.33718,0.3746,0.41298
1.0,8.6909E-4,0.0027226,0.0077476,0.019907,0.045435,0.093822,0.1735,0.27198,0.32981,0.36493,0.39932
5.0,2.5307E-4,0.001,0.0036606,0.012034,0.032826,0.075454,0.14783,0.24007,0.29342,0.32593,0.35714
10.0,1.0943E-4,4.5345E-4,0.0017915,0.0065868,0.020875,0.055135,0.11638,0.19845,0.25033,0.28411,0.31816
15.0,6.2441E-5,2.6431E-4,0.0010768,0.0041425,0.013985,0.039748,0.089385,0.16268,0.21078,0.2432,0.27713
20.0,4.0807E-5,1.7573E-4,7.3404E-4,0.0029032,0.010162,0.030075,0.070615,0.13446,0.1784,0.20912,0.24127
25.0,2.8736E-5,1.2584E-4,5.3633E-4,0.0021667,0.0077834,0.02345,0.056885,0.11268,0.15241,0.18135,0.213
30.0,2.1792E-5,9.6247E-5,4.1515E-4,0.0016965,0.0061733,0.0189,0.047325,0.095971,0.13227,0.15897,0.18857
40.0,1.4181E-5,6.3761E-5,2.7995E-4,0.0011671,0.0043024,0.013398,0.034668,0.073076,0.1025,0.12475,0.15007
50.0,1.0227E-5,4.649E-5,2.0596E-4,8.6864E-4,0.0032357,0.01022,0.027166,0.059253,0.084556,0.10427,0.12698
60.0,8.4563E-6,3.8702E-5,1.7184E-4,7.2574E-4,0.0027207,0.0086561,0.023304,0.051496,0.073841,0.091337,0.11157
70.0,7.3745E-6,3.3762E-5,1.5009E-4,6.3836E-4,0.0024032,0.0076788,0.020826,0.046776,0.06757,0.084186,0.1036
80.0,6.759E-6,3.123E-5,1.3985E-4,5.9679E-4,0.0022511,0.0072126,0.019692,0.044402,0.064371,0.080317,0.098987
90.0,6.3095E-6,2.9277E-5,1.3148E-4,5.6307E-4,0.0021299,0.0068612,0.018752,0.042438,0.061597,0.076858,0.094722
100.0,5.928E-6,2.7609E-5,1.243E-4,5.3411E-4,0.0020311,0.0065561,0.017946,0.040719,0.059105,0.073817,0.091071
110.0,5.6019E-6,2.6194E-5,1.1825E-4,5.1026E-4,0.001945,0.0063229,0.017327,0.039159,0.056885,0.071019,0.087591
120.0,5.3048E-6,2.4942E-5,1.1302E-4,4.89E-4,0.001877,0.0061125,0.016663,0.037762,0.054838,0.068512,0.084568
130.0,5.0239E-6,2.371E-5,1.0773E-4,4.6712E-4,0.0017969,0.0058451,0.015961,0.036256,0.052714,0.065918,0.081432
140.0,4.7517E-6,2.2486E-5,1.0241E-4,4.4516E-4,0.0017109,0.005577,0.015263,0.034715,0.050546,0.063259,0.078219
150.0,4.455E-6,2.1158E-5,9.6667E-5,4.2159E-4,0.0016237,0.0053222,0.014593,0.033096,0.048273,0.060531,0.074994
175.0,3.8108E-6,1.8279E-5,8.4277E-5,3.7011E-4,0.0014379,0.0047422,0.013005,0.029597,0.043352,0.054477,0.067645
200.0,3.3142E-6,1.6041E-5,7.467E-5,3.3039E-4,0.0012851,0.0042403,0.01167,0.026628,0.039141,0.049313,0.061399
250.0,2.5743E-6,1.2707E-5,6.0017E-5,2.6882E-4,0.0010563,0.0034825,0.0096197,0.022274,0.032924,0.041717,0.052249
300.0,2.079E-6,1.0438E-5,5.0008E-5,2.2575E-4,8.8878E-4,0.0029454,0.0082453,0.019298,0.02853,0.036086,0.045194
350.0,1.7321E-6,8.8002E-6,4.2534E-5,1.9348E-4,7.6911E-4,0.0025621,0.0071929,0.016851,0.024985,0.031719,0.039822
400.0,1.4705E-6,7.5572E-6,3.6762E-5,1.6852E-4,6.7271E-4,0.0022594,0.0063384,0.014903,0.022189,0.028209,0.035472
450.0,1.2571E-6,6.5429E-6,3.2238E-5,1.4901E-4,5.9684E-4,0.0020028,0.0056187,0.013247,0.019746,0.025098,0.03156
500.0,1.0896E-6,5.7312E-6,2.8481E-5,1.3287E-4,5.3237E-4,0.0017905,0.0050348,0.011876,0.017699,0.022523,0.028358
600.0,8.5606E-7,4.5633E-6,2.3037E-5,1.0858E-4,4.3931E-4,0.0014925,0.0041811,0.0097912,0.014693,0.018794,0.02378
700.0,6.8318E-7,3.6923E-6,1.883E-5,8.9432E-5,3.6174E-4,0.0012301,0.0034651,0.0081305,0.012221,0.015647,0.019835
800.0,5.5631E-7,3.0181E-6,1.5519E-5,7.4061E-5,3.0436E-4,0.0010516,0.0029527,0.0068887,0.010398,0.013346,0.01697
1000.0,3.7896E-7,2.0861E-6,1.0868E-5,5.2524E-5,2.1932E-4,7.6665E-4,0.0021624,0.0050494,0.0076755,0.0098798,0.012611
1200.0,2.7673E-7,1.5273E-6,8.0174E-6,3.9195E-5,1.6405E-4,5.7487E-4,0.0016389,0.0038573,0.0058643,0.0075626,0.0096645
1500.0,1.7237E-7,9.6563E-7,5.1138E-6,2.5292E-5,1.069E-4,3.8166E-4,0.0011043,0.0026151,0.0039974,0.0051622,0.0066619
SA4P0
r\m,4.0,4.5,5.0,5.5,6.0,6.5,7.0,7.5,7.8,8.0,8.2
0.0,5.9543E-4,0.0016931,0.0046027,0.011775,0.027668,0.059963,0.11798,0.19737,0.24891,0.28289,0.31845
1.0,4.5538E-4,0.0014123,0.0040751,0.010857,0.02618,0.057848,0.11507,0.19344,0.24357,0.27569,0.30799
5.0,1.3251E-4,5.1847E-4,0.0019252,0.0065665,0.018932,0.046574,0.098141,0.17089,0.21685,0.24638,0.2756
10.0,5.7301E-5,2.351E-4,9.4223E-4,0.0035946,0.012047,0.03407,0.077332,0.14133,0.18508,0.21486,0.2456
15.0,3.2707E-5,1.3707E-4,5.6647E-4,0.0022613,0.0080733,0.02457,0.059418,0.1159,0.15588,0.18394,0.21395
20.0,2.1379E-5,9.1156E-5,3.863E-4,0.0015854,0.0058682,0.018596,0.046954,0.095832,0.13197,0.15821,0.1863
25.0,1.5056E-5,6.5287E-5,2.8233E-4,0.0011837,0.0044966,0.014505,0.037835,0.080317,0.11276,0.13722,0.1645
30.0,1.142E-5,4.9943E-5,2.1859E-4,9.2703E-4,0.0035674,0.011692,0.031482,0.068415,0.09787,0.1203,0.14565
40.0,7.434E-6,3.31E-5,1.4748E-4,6.3805E-4,0.0024874,0.0082921,0.02307,0.052112,0.075871,0.094433,0.11595
50.0,5.3635E-6,2.4146E-5,1.0855E-4,4.7512E-4,0.0018715,0.0063274,0.018083,0.042266,0.0626,0.078948,0.098128
60.0,4.436E-6,2.0106E-5,9.0595E-5,3.9705E-4,0.0015739,0.0053594,0.015513,0.036733,0.054665,0.06915,0.086204
70.0,3.87E-6,1.7547E-5,7.9163E-5,3.4939E-4,0.0013907,0.0047555,0.013866,0.033373,0.050033,0.063753,0.080073
80.0,3.5494E-6,1.6244E-5,7.3827E-5,3.2693E-4,0.0013037,0.0044701,0.01312,0.031697,0.04769,0.060854,0.076545
90.0,3.3152E-6,1.5238E-5,6.9459E-5,3.087E-4,0.0012345,0.0042553,0.012502,0.030312,0.045659,0.058259,0.073275
100.0,3.1164E-6,1.4379E-5,6.5714E-5,2.9304E-4,0.0011781,0.0040689,0.011972,0.029101,0.043833,0.055979,0.070481
110.0,2.9468E-6,1.3652E-5,6.256E-5,2.8016E-4,0.001129,0.0039273,0.011568,0.028004,0.042212,0.05389,0.067827
120.0,2.7923E-6,1.3008E-5,5.9833E-5,2.6869E-4,0.0010905,0.0037997,0.011132,0.027023,0.040718,0.052018,0.065524
130.0,2.6459E-6,1.2374E-5,5.7076E-5,2.5687E-4,0.0010447,0.0036361,0.010671,0.025961,0.039165,0.050079,0.063134
140.0,2.5037E-6,1.1742E-5,5.4294E-5,2.4496E-4,9.954E-4,0.0034718,0.01021,0.024872,0.037577,0.048087,0.060677
150.0,2.3485E-6,1.1054E-5,5.128E-5,2.3214E-4,9.4531E-4,0.0033155,0.0097688,0.023727,0.035907,0.046036,0.058202
175.0,2.0113E-6,9.5637E-6,4.4778E-5,2.0415E-4,8.3871E-4,0.0029598,0.008721,0.021251,0.032293,0.04149,0.052571
200.0,1.7513E-6,8.4045E-6,3.9742E-5,1.8258E-4,7.5096E-4,0.0026512,0.0078383,0.019147,0.029196,0.037607,0.047778
250.0,1.3639E-6,6.6792E-6,3.2057E-5,1.4912E-4,6.1964E-4,0.0021852,0.006483,0.016067,0.02464,0.031922,0.040799
300.0,1.1047E-6,5.5047E-6,2.6808E-5,1.257E-4,5.2328E-4,0.0018548,0.0055755,0.013965,0.02142,0.027702,0.035401
350.0,9.2307E-7,4.6566E-6,2.2884E-5,1.0815E-4,4.5465E-4,0.0016199,0.0048824,0.012236,0.018821,0.024427,0.031294
400.0,7.8606E-7,4.0125E-6,1.9852E-5,9.4571E-5,3.9923E-4,0.0014342,0.004318,0.010859,0.016768,0.021792,0.027962
450.0,6.743E-7,3.4874E-6,1.7478E-5,8.3956E-5,3.556E-4,0.0012761,0.0038416,0.009685,0.01497,0.019447,0.024947
500.0,5.866E-7,3.0666E-6,1.5503E-5,7.5163E-5,3.1841E-4,0.0011451,0.0034546,0.0087113,0.013458,0.017503,0.022481
600.0,4.6495E-7,2.4638E-6,1.2656E-5,6.1985E-5,2.6509E-4,9.6275E-4,0.0028915,0.0072337,0.01125,0.014705,0.018977
700.0,3.7391E-7,2.0101E-6,1.0427E-5,5.1447E-5,2.1989E-4,7.9921E-4,0.0024124,0.0060434,0.009413,0.012313,0.015921
800.0,3.0704E-7,1.6563E-6,8.6632E-6,4.294E-5,1.8647E-4,6.8854E-4,0.0020706,0.0051544,0.0080598,0.010567,0.013702
1000.0,2.125E-7,1.1635E-6,6.1642E-6,3.0926E-5,1.3638E-4,5.0916E-4,0.0015371,0.003827,0.0060245,0.0079172,0.010302
1200.0,1.5806E-7,8.6684E-7,4.6269E-6,2.3475E-5,1.037E-4,3.8781E-4,0.0011823,0.0029635,0.0046618,0.0061358,0.0079898
1500.0,1.0095E-7,5.6263E-7,3.028E-6,1.5533E-5,6.9226E-5,2.6366E-4,8.1512E-4,0.0020527,0.0032434,0.00427,0.0056204
SA5P0
r\m,4.0,4.5,5.0,5.5,6.0,6.5,7.0,7.5,7.8,8.0,8.2
0.0,3.6254E-4,0.0010184,0.0027852,0.0072944,0.017818,0.040595,0.084452,0.14929,0.19412,0.22478,0.25744
1.0,2.7735E-4,8.4989E-4,0.002467,0.0067294,0.016868,0.039178,0.082394,0.14636,0.18999,0.2191,0.24903
5.0,8.0678E-5,3.119E-4,0.0011655,0.0040711,0.012205,0.031563,0.070315,0.12937,0.16923,0.19588,0.2229
10.0,3.4887E-5,1.4143E-4,5.7042E-4,0.0022288,0.007769,0.023105,0.055435,0.10702,0.14447,0.17087,0.19869
15.0,1.9917E-5,8.2473E-5,3.43E-4,0.0014023,0.0052075,0.016667,0.042604,0.087784,0.1217,0.1463,0.17309
20.0,1.3021E-5,5.4857E-5,2.3396E-4,9.8346E-4,0.003786,0.012617,0.033674,0.0726,0.10305,0.12584,0.15075
25.0,9.1705E-6,3.9293E-5,1.7102E-4,7.3441E-4,0.0029018,0.0098425,0.027139,0.060852,0.088054,0.10917,0.13312
30.0,6.9563E-6,3.0062E-5,1.3243E-4,5.7529E-4,0.0023026,0.0079353,0.022585,0.05184,0.076435,0.09571,0.11787
40.0,4.5295E-6,1.993E-5,8.9377E-5,3.9609E-4,0.001606,0.0056292,0.016554,0.039495,0.059268,0.075148,0.093862
50.0,3.2688E-6,1.4542E-5,6.5806E-5,2.9504E-4,0.0012087,0.0042966,0.012978,0.032039,0.048908,0.062834,0.079442
60.0,2.704E-6,1.2112E-5,5.4932E-5,2.466E-4,0.0010166,0.0036394,0.011134,0.027846,0.042709,0.055035,0.069787
70.0,2.3596E-6,1.0573E-5,4.8014E-5,2.1706E-4,8.9852E-4,0.0032299,0.0099539,0.025303,0.039097,0.050749,0.064836
80.0,2.165E-6,9.7926E-6,4.4803E-5,2.0323E-4,8.4277E-4,0.0030375,0.0094221,0.024041,0.037279,0.048457,0.061998
90.0,2.0229E-6,9.1902E-6,4.2171E-5,1.9198E-4,7.9838E-4,0.0028929,0.008982,0.022999,0.035703,0.046404,0.059365
100.0,1.9023E-6,8.6758E-6,3.9916E-5,1.8233E-4,7.6227E-4,0.0027674,0.0086047,0.022088,0.034286,0.044601,0.057117
110.0,1.7994E-6,8.2406E-6,3.8018E-5,1.7441E-4,7.3089E-4,0.0026725,0.0083182,0.021264,0.033031,0.042953,0.054987
120.0,1.7057E-6,7.8555E-6,3.6377E-5,1.6734E-4,7.0628E-4,0.0025869,0.0080087,0.020528,0.031875,0.041477,0.05314
130.0,1.6168E-6,7.4752E-6,3.4716E-5,1.6005E-4,6.7702E-4,0.0024767,0.0076801,0.019729,0.030671,0.039947,0.051221
140.0,1.5304E-6,7.0961E-6,3.3038E-5,1.5271E-4,6.4533E-4,0.0023658,0.0073518,0.018909,0.029438,0.038371,0.049245
150.0,1.436E-6,6.6832E-6,3.1217E-5,1.4478E-4,6.1311E-4,0.0022604,0.0070369,0.018045,0.028139,0.036747,0.04725
175.0,1.2308E-6,5.7871E-6,2.7287E-5,1.2746E-4,5.4463E-4,0.0020203,0.006289,0.016178,0.025331,0.033148,0.042716
200.0,1.0725E-6,5.0903E-6,2.4244E-5,1.1413E-4,4.8823E-4,0.0018117,0.0056584,0.01459,0.022922,0.030071,0.038853
250.0,8.3669E-7,4.0536E-6,1.9601E-5,9.344E-5,4.0385E-4,0.0014967,0.0046901,0.012268,0.019386,0.025579,0.033251
300.0,6.7886E-7,3.3478E-6,1.6429E-5,7.8956E-5,3.4184E-4,0.0012734,0.0040423,0.010685,0.016886,0.022243,0.028908
350.0,5.6831E-7,2.838E-6,1.4056E-5,6.8102E-5,2.9777E-4,0.0011149,0.0035483,0.0093824,0.014868,0.019653,0.025606
400.0,4.8488E-7,2.4508E-6,1.2223E-5,5.9696E-5,2.6212E-4,9.8958E-4,0.0031454,0.0083444,0.013273,0.017568,0.022924
450.0,4.1685E-7,2.1351E-6,1.0788E-5,5.3129E-5,2.3406E-4,8.8261E-4,0.0028048,0.0074581,0.011874,0.015707,0.020488
500.0,3.6344E-7,1.8821E-6,9.5929E-6,4.7685E-5,2.101E-4,7.9392E-4,0.0025279,0.0067224,0.010695,0.014162,0.018496
600.0,2.8964E-7,1.5206E-6,7.8769E-6,3.9552E-5,1.7589E-4,6.7108E-4,0.0021264,0.0056074,0.0089792,0.011949,0.015678
700.0,2.3405E-7,1.247E-6,6.5221E-6,3.2987E-5,1.4659E-4,5.5964E-4,0.0017817,0.0047029,0.0075413,0.010042,0.013202
800.0,1.9318E-7,1.0327E-6,5.4462E-6,2.7669E-5,1.2492E-4,4.8453E-4,0.0015363,0.004028,0.0064831,0.0086516,0.011405
1000.0,1.3502E-7,7.3274E-7,3.9141E-6,2.0123E-5,9.2232E-5,3.6155E-4,0.0011503,0.0030151,0.0048846,0.0065315,0.0086372
1200.0,1.0157E-7,5.519E-7,2.9699E-6,1.5439E-5,7.0863E-5,2.7812E-4,8.9311E-4,0.0023549,0.0038101,0.0051014,0.0067493
1500.0,6.5883E-8,3.6409E-7,1.975E-6,1.0378E-5,4.803E-5,1.9193E-4,6.2469E-4,0.0016533,0.002685,0.0035935,0.0048083
SA7P5
r\m,4.0,4.5,5.0,5.5,6.0,6.5,7.0,7.5,7.8,8.0,8.2
0.0,1.4751E-4,4.021E-4,0.0011019,0.0029861,0.00777,0.019289,0.044323,0.086774,0.11958,0.14357,0.17011
1.0,1.1289E-4,3.3573E-4,9.7664E-4,0.0027566,0.0073597,0.018624,0.04326,0.0851,0.11707,0.13998,0.16458
5.0,3.2824E-5,1.2317E-4,4.6137E-4,0.0016683,0.0053292,0.015018,0.036949,0.075271,0.10434,0.12522,0.14738
10.0,1.4195E-5,5.5851E-5,2.2583E-4,9.1354E-4,0.0033942,0.011003,0.02915,0.062297,0.08911,0.10927,0.13141
15.0,8.1059E-6,3.2577E-5,1.3583E-4,5.7494E-4,0.0022758,0.00794,0.022412,0.051116,0.075079,0.093571,0.1145
20.0,5.3005E-6,2.1674E-5,9.2678E-5,4.0335E-4,0.0016551,0.0060123,0.017719,0.042288,0.063592,0.080507,0.099734
25.0,3.7335E-6,1.5528E-5,6.7767E-5,3.0131E-4,0.0012691,0.0046918,0.014285,0.035451,0.054347,0.06985,0.088088
30.0,2.8325E-6,1.1882E-5,5.2485E-5,2.3609E-4,0.0010073,0.0037835,0.01189,0.030205,0.047183,0.061248,0.078008
40.0,1.845E-6,7.8806E-6,3.5441E-5,1.6264E-4,7.0292E-4,0.0026851,0.008718,0.023021,0.036599,0.048107,0.062139
50.0,1.3321E-6,5.7531E-6,2.6107E-5,1.212E-4,5.2926E-4,0.0020504,0.0068376,0.018681,0.03021,0.040234,0.052605
60.0,1.1022E-6,4.7931E-6,2.18E-5,1.0133E-4,4.4526E-4,0.001737,0.0058669,0.016238,0.026383,0.035242,0.046212
70.0,9.622E-7,4.1859E-6,1.9063E-5,8.9237E-5,3.937E-4,0.0015421,0.0052464,0.014759,0.024158,0.032507,0.042948
80.0,8.8335E-7,3.8796E-6,1.7803E-5,8.3619E-5,3.6956E-4,0.0014512,0.0049693,0.014031,0.023047,0.031054,0.041086
90.0,8.2581E-7,3.6432E-6,1.6768E-5,7.905E-5,3.5034E-4,0.0013831,0.0047401,0.01343,0.022083,0.029751,0.039357
100.0,7.7696E-7,3.4414E-6,1.5882E-5,7.513E-5,3.3473E-4,0.0013239,0.0045437,0.012905,0.021217,0.028608,0.037883
110.0,7.3534E-7,3.2708E-6,1.5138E-5,7.1914E-5,3.2118E-4,0.0012795,0.0043956,0.012432,0.020452,0.027567,0.036489
120.0,6.9745E-7,3.12E-6,1.4494E-5,6.9047E-5,3.1061E-4,0.0012395,0.0042348,0.012008,0.019748,0.026634,0.035282
130.0,6.6145E-7,2.9707E-6,1.3841E-5,6.609E-5,2.9796E-4,0.0011875,0.0040638,0.011548,0.019013,0.025666,0.034028
140.0,6.2639E-7,2.8215E-6,1.318E-5,6.31E-5,2.842E-4,0.0011351,0.0038924,0.011074,0.018258,0.024667,0.032732
150.0,5.88E-7,2.6588E-6,1.2461E-5,5.9858E-5,2.7018E-4,0.0010852,0.0037281,0.010574,0.017462,0.023634,0.03142
175.0,5.0455E-7,2.3054E-6,1.0909E-5,5.2789E-5,2.4043E-4,9.7169E-4,0.0033374,0.0094941,0.015741,0.021347,0.028442
200.0,4.4013E-7,2.0305E-6,9.7081E-6,4.7351E-5,2.1591E-4,8.7283E-4,0.0030074,0.0085741,0.014263,0.01939,0.025901
250.0,3.4423E-7,1.6218E-6,7.8749E-6,3.8903E-5,1.7924E-4,7.2356E-4,0.0025007,0.0072309,0.012099,0.016545,0.022235
300.0,2.8002E-7,1.3435E-6,6.6226E-6,3.2988E-5,1.5224E-4,6.1766E-4,0.0021622,0.0063166,0.01057,0.014429,0.019387
350.0,2.3505E-7,1.1424E-6,5.6853E-6,2.8556E-5,1.3311E-4,5.4281E-4,0.0019046,0.0055645,0.0093354,0.012786,0.017222
400.0,2.0109E-7,9.896E-7,4.9608E-6,2.5122E-5,1.1761E-4,4.8355E-4,0.0016941,0.0049646,0.0083588,0.011463,0.015462
450.0,1.7341E-7,8.6512E-7,4.394E-6,2.2441E-5,1.054E-4,4.3281E-4,0.0015157,0.0044511,0.0074996,0.010276,0.013854
500.0,1.5167E-7,7.6524E-7,3.9215E-6,2.0215E-5,9.4948E-5,3.9068E-4,0.0013706,0.0040244,0.0067741,0.0092912,0.01254
600.0,1.218E-7,6.2317E-7,3.2465E-6,1.6906E-5,8.0131E-5,3.3281E-4,0.0011613,0.0033789,0.0057229,0.0078875,0.010693
700.0,9.9076E-8,5.1478E-7,2.7074E-6,1.42E-5,6.7239E-5,2.7942E-4,9.7913E-4,0.00285,0.0048328,0.0066642,0.0090519
800.0,8.2372E-8,4.2932E-7,2.2773E-6,1.1996E-5,5.7717E-5,2.4366E-4,8.499E-4,0.0024559,0.0041788,0.0057732,0.0078621
1000.0,5.8364E-8,3.0901E-7,1.6602E-6,8.8479E-6,4.3202E-5,1.8423E-4,6.4442E-4,0.0018602,0.0031847,0.0044064,0.0060171
1200.0,4.4602E-8,2.3632E-7,1.2792E-6,6.8931E-6,3.369E-5,1.4375E-4,5.0712E-4,0.0014709,0.0025129,0.0034802,0.0047526
1500.0,2.9557E-8,1.5949E-7,8.7017E-7,4.7386E-6,2.3338E-5,1.0135E-4,3.6214E-4,0.0010528,0.0018035,0.0024942,0.003447
SA10P0
r\m,4.0,4.5,5.0,5.5,6.0,6.5,7.0,7.5,7.8,8.0,8.2
0.0,7.8597E-5,2.0864E-4,5.6919E-4,0.0015706,0.0042502,0.011163,0.027459,0.057791,0.083084,0.10248,0.12455
1.0,6.0162E-5,1.7426E-4,5.0465E-4,0.0014504,0.0040268,0.010781,0.026805,0.056686,0.081357,0.099927,0.12051
5.0,1.7489E-5,6.3917E-5,2.384E-4,8.78E-4,0.002917,0.0086976,0.022904,0.050157,0.07253,0.08941,0.10794
10.0,7.5634E-6,2.8985E-5,1.167E-4,4.8083E-4,0.0018584,0.0063757,0.018077,0.041522,0.061957,0.078038,0.096261
15.0,4.3197E-6,1.6909E-5,7.0203E-5,3.0266E-4,0.0012463,0.0046016,0.013901,0.034076,0.052209,0.066835,0.083878
20.0,2.825E-6,1.1252E-5,4.791E-5,2.1238E-4,9.0654E-4,0.003485,0.010992,0.028196,0.044227,0.057512,0.073073
25.0,1.99E-6,8.0618E-6,3.5038E-5,1.5868E-4,6.9527E-4,0.00272,0.0088631,0.02364,0.037802,0.049904,0.064547
30.0,1.5099E-6,6.1696E-6,2.714E-5,1.2436E-4,5.5194E-4,0.0021938,0.0073781,0.020144,0.032822,0.043763,0.057166
40.0,9.8375E-7,4.0931E-6,1.8332E-5,8.5692E-5,3.8528E-4,0.0015573,0.0054113,0.015356,0.025465,0.034381,0.045547
50.0,7.104E-7,2.9889E-6,1.3508E-5,6.3879E-5,2.9018E-4,0.0011895,0.0042451,0.012464,0.021024,0.028759,0.038564
60.0,5.8792E-7,2.4906E-6,1.1282E-5,5.342E-5,2.4417E-4,0.0010079,0.003643,0.010836,0.018362,0.025193,0.03388
70.0,5.1337E-7,2.1757E-6,9.8685E-6,4.7056E-5,2.1595E-4,8.9496E-4,0.0032584,0.0098507,0.016817,0.023242,0.031493
80.0,4.7145E-7,2.0173E-6,9.22E-6,4.4113E-5,2.028E-4,8.426E-4,0.0030874,0.0093675,0.016048,0.02221,0.030136
90.0,4.4087E-7,1.895E-6,8.6876E-6,4.172E-5,1.9233E-4,8.0333E-4,0.002946,0.0089692,0.015382,0.021284,0.028874
100.0,4.1491E-7,1.7906E-6,8.2316E-6,3.9668E-5,1.8384E-4,7.6928E-4,0.002825,0.0086214,0.014782,0.020471,0.0278
110.0,3.928E-7,1.7025E-6,7.849E-6,3.7985E-5,1.7647E-4,7.4378E-4,0.002734,0.008308,0.014255,0.019732,0.026786
120.0,3.7268E-7,1.6245E-6,7.5178E-6,3.6485E-5,1.7073E-4,7.2081E-4,0.002635,0.0080278,0.013768,0.019071,0.025908
130.0,3.5354E-7,1.5473E-6,7.1817E-6,3.4937E-5,1.6385E-4,6.9087E-4,0.0025295,0.007723,0.01326,0.018384,0.024995
140.0,3.3489E-7,1.4701E-6,6.8416E-6,3.3369E-5,1.5634E-4,6.6063E-4,0.0024238,0.0074082,0.012738,0.017673,0.02405
150.0,3.1445E-7,1.3857E-6,6.4705E-6,3.1666E-5,1.4868E-4,6.3185E-4,0.0023223,0.007076,0.012186,0.016938,0.023092
175.0,2.6999E-7,1.2025E-6,5.6694E-6,2.7953E-5,1.3245E-4,5.6633E-4,0.0020809,0.0063588,0.010994,0.015311,0.020918
200.0,2.3567E-7,1.0599E-6,5.0499E-6,2.5099E-5,1.1906E-4,5.092E-4,0.0018768,0.0057474,0.0099687,0.013917,0.019063
250.0,1.8458E-7,8.48E-7,4.104E-6,2.0662E-5,9.9042E-5,4.2294E-4,0.0015635,0.0048552,0.0084713,0.011895,0.016393
300.0,1.5036E-7,7.0365E-7,3.4579E-6,1.7555E-5,8.4289E-5,3.6174E-4,0.0013543,0.0042486,0.007413,0.010392,0.014316
350.0,1.264E-7,5.9936E-7,2.9741E-6,1.5228E-5,7.3854E-5,3.1857E-4,0.0011953,0.0037495,0.0065583,0.0092234,0.012738
400.0,1.083E-7,5.2009E-7,2.6E-6,1.3424E-5,6.5385E-5,2.8438E-4,0.0010653,0.0033512,0.005882,0.0082821,0.011454
450.0,9.3553E-8,4.5552E-7,2.3076E-6,1.2016E-5,5.8717E-5,2.5505E-4,9.5492E-4,0.0030099,0.0052861,0.0074363,0.010277
500.0,8.1963E-8,4.0369E-7,2.0635E-6,1.0846E-5,5.3002E-5,2.3068E-4,8.6511E-4,0.0027261,0.0047823,0.0067337,0.0093167
600.0,6.6083E-8,3.3013E-7,1.7159E-6,9.1112E-6,4.493E-5,1.9736E-4,7.3592E-4,0.0022972,0.0040542,0.0057358,0.0079705
700.0,5.3947E-8,2.7379E-7,1.4366E-6,7.683E-6,3.7847E-5,1.6632E-4,6.227E-4,0.0019438,0.0034342,0.0048606,0.0067671
800.0,4.5022E-8,2.2921E-7,1.2132E-6,6.5163E-6,3.2618E-5,1.4562E-4,5.4254E-4,0.0016808,0.0029791,0.0042239,0.0058952
1000.0,3.2132E-8,1.6624E-7,8.9139E-7,4.8438E-6,2.4603E-5,1.1092E-4,4.1427E-4,0.0012815,0.0022849,0.0032434,0.004538
1200.0,2.4756E-8,1.2817E-7,6.9246E-7,3.8051E-6,1.9343E-5,8.7228E-5,3.2844E-4,0.0010203,0.0018144,0.0025774,0.0036055
1500.0,1.659E-8,8.7542E-8,4.7681E-7,2.6477E-6,1.356E-5,6.2231E-5,2.3721E-4,7.3792E-4,0.0013152,0.0018646,0.0026403
