PGA
r\m,4.0,4.5,5.0,5.5,6.0,6.5,7.0,7.5,7.8,8.0,8.2
0.0,0.46851,0.69925,0.86089,1.0263,1.1547,1.2269,1.2326,1.1703,1.1058,1.0536,0.92821
1.0,0.30931,0.49072,0.64231,0.80351,0.94535,1.0465,1.0909,1.0703,1.0291,0.99109,0.89067
5.0,0.11044,0.19493,0.28638,0.40094,0.52576,0.64567,0.7423,0.79809,0.8075,0.80314,0.76606
10.0,0.053042,0.09825,0.15246,0.22953,0.32346,0.42653,0.52581,0.60528,0.63719,0.65037,0.65653
15.0,0.032022,0.060921,0.097465,0.15371,0.22695,0.31358,0.40509,0.48876,0.5294,0.55069,0.56661
20.0,0.021967,0.042444,0.069087,0.11263,0.17189,0.24554,0.32797,0.40925,0.45227,0.47686,0.49732
25.0,0.016245,0.03173,0.052256,0.087412,0.13691,0.20069,0.27508,0.35235,0.39554,0.42145,0.44418
30.0,0.012618,0.024852,0.041293,0.070548,0.11286,0.16898,0.23662,0.30958,0.35201,0.37828,0.40212
40.0,0.008366,0.016684,0.02809,0.049622,0.082085,0.1271,0.18405,0.24905,0.28897,0.31477,0.3391
50.0,0.0060091,0.012098,0.020568,0.037293,0.06332,0.10063,0.14959,0.20777,0.2449,0.26957,0.29351
60.0,0.0049814,0.010106,0.017314,0.032072,0.055635,0.090341,0.13718,0.1947,0.23245,0.25805,0.28339
70.0,0.0042181,0.008613,0.014854,0.028019,0.049495,0.081847,0.12659,0.18292,0.22075,0.24687,0.27307
80.0,0.0036282,0.0074501,0.012922,0.024762,0.044441,0.074662,0.11731,0.1722,0.20979,0.23603,0.26277
90.0,0.0031584,0.0065178,0.011362,0.022079,0.040185,0.068463,0.10908,0.16236,0.19946,0.22568,0.25259
100.0,0.0027755,0.0057536,0.010076,0.019827,0.03654,0.063041,0.10171,0.15329,0.18971,0.21571,0.24261
110.0,0.0024578,0.0051161,0.0089971,0.017776,0.032896,0.05699,0.092325,0.1397,0.17331,0.19736,0.22231
120.0,0.0021904,0.0045765,0.0080793,0.016023,0.029765,0.051764,0.084179,0.12785,0.15893,0.18124,0.20444
130.0,0.0019625,0.0041147,0.00729,0.014508,0.027048,0.047206,0.07704,0.1174,0.14623,0.16698,0.18859
140.0,0.0017663,0.0037155,0.006605,0.013188,0.024668,0.043199,0.07072,0.10813,0.13493,0.15425,0.17442
150.0,0.001596,0.0033676,0.0060054,0.012028,0.022569,0.039649,0.06512,0.099848,0.12481,0.14281,0.16168
175.0,0.0012484,0.0026528,0.0047654,0.0096135,0.018171,0.032167,0.053218,0.08215,0.10307,0.11825,0.13415
200.0,9.9296E-4,0.0021235,0.0038394,0.0077974,0.014841,0.026449,0.04405,0.068407,0.086108,0.098979,0.11251
250.0,6.5128E-4,0.0014085,0.002578,0.0052973,0.010209,0.018429,0.031067,0.048752,0.061694,0.071146,0.081115
300.0,4.4192E-4,9.6553E-4,0.0017872,0.003714,0.0072455,0.013245,0.022584,0.035768,0.045457,0.052543,0.06003
350.0,3.0716E-4,6.7766E-4,0.001269,0.0026674,0.0052709,0.0097617,0.016839,0.026898,0.034302,0.039712,0.045426
400.0,2.1743E-4,4.8468E-4,9.1858E-4,0.001955,0.0039183,0.0073616,0.012855,0.020705,0.026476,0.030687,0.035123
450.0,1.5554E-4,3.4967E-4,6.6947E-4,0.0014394,0.0029186,0.0055493,0.0097916,0.015885,0.020364,0.023627,0.027056
500.0,1.1253E-4,2.5519E-4,4.9381E-4,0.0010733,0.0022036,0.0042439,0.0075699,0.012368,0.015889,0.018446,0.021127
600.0,5.8532E-5,1.3687E-4,2.7443E-4,6.1601E-4,0.0013089,0.0026008,0.0047495,0.0078613,0.010128,0.011764,0.013457
700.0,3.2379E-5,7.7165E-5,1.5835E-4,3.6376E-4,7.9333E-4,0.0016169,0.003013,0.005046,0.0065178,0.0075727,0.0086546
800.0,1.8221E-5,4.4239E-5,9.2893E-5,2.1833E-4,4.8868E-4,0.0010215,0.0018504,0.0031605,0.0040873,0.0047319,0.0053761
1000.0,5.9854E-6,1.5069E-5,3.3112E-5,8.1437E-5,1.8226E-4,4.1225E-4,8.1769E-4,0.0014155,0.0018374,0.0021296,0.0024186
1200.0,2.0341E-6,5.3062E-6,1.2302E-5,2.97E-5,7.6519E-5,1.7801E-4,3.6565E-4,6.4452E-4,8.3852E-4,9.7033E-4,0.0010979
1500.0,4.2022E-7,1.181E-6,2.6871E-6,7.7345E-6,2.0753E-5,5.17E-5,1.1236E-4,2.0348E-4,2.6522E-4,3.0571E-4,3.4309E-4
SA0P01
r\m,4.0,4.5,5.0,5.5,6.0,6.5,7.0,7.5,7.8,8.0,8.2
0.0,0.46851,0.69925,0.86089,1.0263,1.1547,1.2269,1.2326,1.1703,1.1058,1.0536,0.92821
1.0,0.30931,0.49072,0.64231,0.80351,0.94535,1.0465,1.0909,1.0703,1.0291,0.99109,0.89067
5.0,0.11044,0.19493,0.28638,0.40094,0.52576,0.64567,0.7423,0.79809,0.8075,0.80314,0.76606
10.0,0.053042,0.09825,0.15246,0.22953,0.32346,0.42653,0.52581,0.60528,0.63719,0.65037,0.65653
15.0,0.032022,0.060921,0.097465,0.15371,0.22695,0.31358,0.40509,0.48876,0.5294,0.55069,0.56661
20.0,0.021967,0.042444,0.069087,0.11263,0.17189,0.24554,0.32797,0.40925,0.45227,0.47686,0.49732
25.0,0.016245,0.03173,0.052256,0.087412,0.13691,0.20069,0.27508,0.35235,0.39554,0.42145,0.44418
30.0,0.012618,0.024852,0.041293,0.070548,0.11286,0.16898,0.23662,0.30958,0.35201,0.37828,0.40212
40.0,0.008366,0.016684,0.02809,0.049622,0.082085,0.1271,0.18405,0.24905,0.28897,0.31477,0.3391
50.0,0.0060091,0.012098,0.020568,0.037293,0.06332,0.10063,0.14959,0.20777,0.2449,0.26957,0.29351
60.0,0.0049814,0.010106,0.017314,0.032072,0.055635,0.090341,0.13718,0.1947,0.23245,0.25805,0.28339
70.0,0.0042181,0.008613,0.014854,0.028019,0.049495,0.081847,0.12659,0.18292,0.22075,0.24687,0.27307
80.0,0.0036282,0.0074501,0.012922,0.024762,0.044441,0.074662,0.11731,0.1722,0.20979,0.23603,0.26277
90.0,0.0031584,0.0065178,0.011362,0.022079,0.040185,0.068463,0.10908,0.16236,0.19946,0.22568,0.25259
100.0,0.0027755,0.0057536,0.010076,0.019827,0.03654,0.063041,0.10171,0.15329,0.18971,0.21571,0.24261
110.0,0.0024578,0.0051161,0.0089971,0.017776,0.032896,0.05699,0.092325,0.1397,0.17331,0.19736,0.22231
120.0,0.0021904,0.0045765,0.0080793,0.016023,0.029765,0.051764,0.084179,0.12785,0.15893,0.18124,0.20444
130.0,0.0019625,0.0041147,0.00729,0.014508,0.027048,0.047206,0.07704,0.1174,0.14623,0.16698,0.18859
140.0,0.0017663,0.0037155,0.006605,0.013188,0.024668,0.043199,0.07072,0.10813,0.13493,0.15425,0.17442
150.0,0.001596,0.0033676,0.0060054,0.012028,0.022569,0.039649,0.06512,0.099848,0.12481,0.14281,0.16168
175.0,0.0012484,0.0026528,0.0047654,0.0096135,0.018171,0.032167,0.053218,0.08215,0.10307,0.11825,0.13415
200.0,9.9296E-4,0.0021235,0.0038394,0.0077974,0.014841,0.026449,0.04405,0.068407,0.086108,0.098979,0.11251
250.0,6.5128E-4,0.0014085,0.002578,0.0052973,0.010209,0.018429,0.031067,0.048752,0.061694,0.071146,0.081115
300.0,4.4192E-4,9.6553E-4,0.0017872,0.003714,0.0072455,0.013245,0.022584,0.035768,0.045457,0.052543,0.06003
350.0,3.0716E-4,6.7766E-4,0.001269,0.0026674,0.0052709,0.0097617,0.016839,0.026898,0.034302,0.039712,0.045426
400.0,2.1743E-4,4.8468E-4,9.1858E-4,0.001955,0.0039183,0.0073616,0.012855,0.020705,0.026476,0.030687,0.035123
450.0,1.5554E-4,3.4967E-4,6.6947E-4,0.0014394,0.0029186,0.0055493,0.0097916,0.015885,0.020364,0.023627,0.027056
500.0,1.1253E-4,2.5519E-4,4.9381E-4,0.0010733,0.0022036,0.0042439,0.0075699,0.012368,0.015889,0.018446,0.021127
600.0,5.8532E-5,1.3687E-4,2.7443E-4,6.1601E-4,0.0013089,0.0026008,0.0047495,0.0078613,0.010128,0.011764,0.013457
700.0,3.2379E-5,7.7165E-5,1.5835E-4,3.6376E-4,7.9333E-4,0.0016169,0.003013,0.005046,0.0065178,0.0075727,0.0086546
800.0,1.8221E-5,4.4239E-5,9.2893E-5,2.1833E-4,4.8868E-4,0.0010215,0.0018504,0.0031605,0.0040873,0.0047319,0.0053761
1000.0,5.9854E-6,1.5069E-5,3.3112E-5,8.1437E-5,1.8226E-4,4.1225E-4,8.1769E-4,0.0014155,0.0018374,0.0021296,0.0024186
1200.0,2.0341E-6,5.3062E-6,1.2302E-5,2.97E-5,7.6519E-5,1.7801E-4,3.6565E-4,6.4452E-4,8.3852E-4,9.7033E-4,0.0010979
1500.0,4.2022E-7,1.181E-6,2.6871E-6,7.7345E-6,2.0753E-5,5.17E-5,1.1236E-4,2.0348E-4,2.6522E-4,3.0571E-4,3.4309E-4
SA0P02
r\m,4.0,4.5,5.0,5.5,6.0,6.5,7.0,7.5,7.8,8.0,8.2
0.0,0.65318,0.97582,1.2016,1.4319,1.6098,1.709,1.7156,1.6314,1.5431,1.4725,1.1986
1.0,0.43356,0.68776,0.89958,1.1246,1.3217,1.4615,1.5219,1.4947,1.4384,1.387,1.1622
5.0,0.15623,0.27538,0.40387,0.56487,0.73972,0.90705,1.0415,1.1199,1.1336,1.1284,1.0333
10.0,0.07535,0.13934,0.21579,0.32454,0.45672,0.60132,0.74036,0.85204,0.89732,0.91634,0.92572
15.0,0.045585,0.086576,0.13821,0.21774,0.32101,0.44285,0.57142,0.68931,0.74682,0.77724,0.80022
20.0,0.031315,0.060396,0.098089,0.15972,0.24342,0.34717,0.46317,0.57778,0.63872,0.67374,0.70309
25.0,0.023182,0.045191,0.07426,0.12407,0.19402,0.28399,0.38883,0.49782,0.55903,0.59588,0.62834
30.0,0.01802,0.035423,0.05872,0.1002,0.16005,0.23926,0.33462,0.43762,0.49775,0.53512,0.56914
40.0,0.011961,0.023806,0.039983,0.070539,0.1165,0.18009,0.26045,0.35227,0.40885,0.44551,0.48027
50.0,0.0085981,0.017274,0.029295,0.053041,0.089907,0.14264,0.21174,0.29396,0.34657,0.38161,0.41573
60.0,0.0071299,0.014432,0.024661,0.045612,0.078978,0.12801,0.19412,0.27532,0.32877,0.36511,0.40116
70.0,0.0060392,0.012302,0.021156,0.039839,0.07024,0.11592,0.179,0.2585,0.31205,0.34906,0.3863
80.0,0.0051953,0.010641,0.018402,0.0352,0.063041,0.10568,0.16577,0.24317,0.29632,0.33354,0.37144
90.0,0.004523,0.0093086,0.016177,0.031376,0.05697,0.096851,0.15404,0.22911,0.28149,0.31859,0.35677
100.0,0.0039749,0.0082165,0.014342,0.028163,0.051781,0.089122,0.14351,0.21611,0.2675,0.30427,0.34239
110.0,0.0035199,0.0073051,0.012802,0.025239,0.046589,0.080505,0.13016,0.19677,0.24413,0.27811,0.31343
120.0,0.0031367,0.0065334,0.011492,0.022739,0.042128,0.073063,0.11856,0.17988,0.22364,0.25513,0.28794
130.0,0.0028101,0.0058729,0.010366,0.020578,0.038254,0.066571,0.10839,0.165,0.20554,0.23478,0.26531
140.0,0.002529,0.0053018,0.0093873,0.018694,0.034862,0.060858,0.099402,0.15178,0.18943,0.21663,0.24509
150.0,0.0022848,0.0048039,0.0085311,0.017039,0.031869,0.055803,0.091409,0.13998,0.17499,0.20034,0.22691
175.0,0.0017861,0.0037803,0.0067593,0.013591,0.025594,0.045123,0.074418,0.1147,0.14393,0.16519,0.18754
200.0,0.0014197,0.0030226,0.0054368,0.010997,0.020836,0.036961,0.061326,0.095067,0.11968,0.13764,0.15658
250.0,9.2952E-4,0.0019991,0.003634,0.0074278,0.014226,0.025513,0.042784,0.066975,0.084768,0.097823,0.11165
300.0,6.292E-4,0.0013652,0.0025049,0.005168,0.0099964,0.01811,0.030663,0.048407,0.061531,0.071193,0.081459
350.0,4.3595E-4,9.5355E-4,0.0017653,0.0036747,0.0071781,0.013137,0.022451,0.035713,0.045558,0.052814,0.06054
400.0,3.0737E-4,6.7759E-4,0.0012657,0.0026593,0.0052485,0.0097089,0.016754,0.026844,0.034348,0.039879,0.04576
450.0,2.1913E-4,4.8631E-4,9.1525E-4,0.0019376,0.0038566,0.0071966,0.012519,0.020184,0.025894,0.030104,0.034584
500.0,1.5791E-4,3.5274E-4,6.6893E-4,0.0014272,0.0028658,0.0053971,0.0094662,0.015354,0.019743,0.022977,0.026416
600.0,5.8532E-5,1.3687E-4,2.7443E-4,6.1601E-4,0.0013089,0.0026008,0.0047495,0.0078613,0.010128,0.011764,0.013457
700.0,3.2379E-5,7.7165E-5,1.5835E-4,3.6376E-4,7.9333E-4,0.0016169,0.003013,0.005046,0.0065178,0.0075727,0.0086546
800.0,1.8221E-5,4.4239E-5,9.2893E-5,2.1833E-4,4.8868E-4,0.0010215,0.0019708,0.0032958,0.0042788,0.0049952,0.0057497
1000.0,5.9854E-6,1.5069E-5,3.3112E-5,8.1437E-5,1.8973E-4,4.1225E-4,8.1769E-4,0.0014155,0.0018374,0.0021296,0.0024186
1200.0,2.0341E-6,5.3062E-6,1.2302E-5,3.0497E-5,7.6519E-5,1.7801E-4,3.6565E-4,6.4452E-4,8.3852E-4,9.7033E-4,0.0010979
1500.0,4.2022E-7,1.181E-6,2.6871E-6,7.7345E-6,2.0753E-5,5.17E-5,1.1236E-4,2.0348E-4,2.6522E-4,3.0571E-4,3.4309E-4
SA0P025
r\m,4.0,4.5,5.0,5.5,6.0,6.5,7.0,7.5,7.8,8.0,8.2
0.0,0.67739,1.0139,1.25,1.4906,1.6769,1.7816,1.7897,1.7025,1.6113,1.5378,1.2492
1.0,0.45029,0.71531,0.9364,1.1714,1.3774,1.5241,1.588,1.5602,1.5021,1.4487,1.2117
5.0,0.16268,0.28694,0.42101,0.5891,0.77173,0.94665,1.0873,1.1695,1.1843,1.179,1.0785
10.0,0.078561,0.14534,0.22514,0.33871,0.47679,0.62787,0.77323,0.89014,0.93764,0.95768,0.96763
15.0,0.047561,0.090341,0.14427,0.22733,0.33523,0.46253,0.59692,0.72026,0.78049,0.8124,0.83655
20.0,0.032686,0.063054,0.10242,0.16681,0.25426,0.36263,0.48392,0.60377,0.66759,0.70429,0.73506
25.0,0.024206,0.047196,0.077558,0.1296,0.20271,0.29671,0.40629,0.52028,0.58433,0.62293,0.65698
30.0,0.018821,0.036996,0.061339,0.10468,0.16722,0.25,0.34966,0.45738,0.5203,0.55942,0.59507
40.0,0.012497,0.024875,0.041778,0.073712,0.12174,0.1882,0.27219,0.3682,0.42739,0.46576,0.50216
50.0,0.0089862,0.018054,0.030616,0.055435,0.093965,0.14908,0.22131,0.30727,0.36229,0.39896,0.43466
60.0,0.0074524,0.015086,0.025777,0.047674,0.082548,0.13379,0.20288,0.28777,0.34366,0.38168,0.41941
70.0,0.006314,0.012861,0.022114,0.041644,0.073417,0.12116,0.18707,0.27017,0.32617,0.36488,0.40385
80.0,0.0054325,0.011126,0.019237,0.036796,0.065893,0.11045,0.17325,0.25415,0.30971,0.34864,0.38828
90.0,0.00473,0.009732,0.016913,0.0328,0.059554,0.10122,0.16097,0.23942,0.29419,0.333,0.37291
100.0,0.0041572,0.0085922,0.014995,0.029442,0.054124,0.093139,0.14997,0.22583,0.27954,0.31798,0.35785
110.0,0.0036817,0.0076393,0.013385,0.026384,0.048696,0.084131,0.136,0.2056,0.25509,0.29061,0.32755
120.0,0.0032811,0.0068328,0.012016,0.023771,0.044031,0.076349,0.12387,0.18793,0.23367,0.26658,0.30088
130.0,0.0029396,0.0061422,0.010838,0.021512,0.039981,0.069561,0.11324,0.17237,0.21473,0.24529,0.27721
140.0,0.0026455,0.005545,0.0098151,0.019542,0.036434,0.06359,0.10384,0.15855,0.19787,0.2263,0.25605
150.0,0.0023903,0.0050245,0.0089199,0.017812,0.033306,0.058301,0.095481,0.1462,0.18277,0.20927,0.23703
175.0,0.0018688,0.0039541,0.007067,0.014206,0.026743,0.047131,0.077705,0.11976,0.15028,0.17248,0.19583
200.0,0.0014855,0.0031615,0.005684,0.011493,0.021766,0.038594,0.064009,0.099212,0.12489,0.14365,0.16343
250.0,9.7259E-4,0.0020904,0.0037981,0.0077581,0.014851,0.026618,0.044611,0.069818,0.088364,0.10198,0.11641
300.0,6.583E-4,0.0014274,0.0026169,0.0053947,0.010426,0.018872,0.031928,0.050385,0.064047,0.074109,0.084808
350.0,4.5604E-4,9.9666E-4,0.001843,0.003833,0.0074778,0.013667,0.023334,0.037098,0.047326,0.054874,0.062899
400.0,3.2145E-4,7.0787E-4,0.0013204,0.0027704,0.0054585,0.01008,0.01737,0.027812,0.035586,0.041324,0.04743
450.0,2.2912E-4,5.0785E-4,9.5411E-4,0.0020167,0.0040056,0.0074591,0.012954,0.020867,0.026772,0.031132,0.035774
500.0,1.6506E-4,3.682E-4,6.9675E-4,0.0014838,0.0029718,0.0055827,0.009772,0.015833,0.020361,0.023704,0.02726
600.0,5.8532E-5,1.3687E-4,2.7443E-4,6.1601E-4,0.0013089,0.0026008,0.0047495,0.0078613,0.010128,0.011764,0.013457
700.0,3.2379E-5,7.7165E-5,1.5835E-4,3.6376E-4,7.9333E-4,0.0016169,0.003013,0.005046,0.0065178,0.0075727,0.0086546
800.0,1.8221E-5,4.4239E-5,9.2893E-5,2.1833E-4,4.8868E-4,0.0010215,0.0020028,0.0033419,0.0043402,0.0050705,0.0058398
1000.0,5.9854E-6,1.5069E-5,3.3112E-5,8.1437E-5,1.9315E-4,4.1225E-4,8.1769E-4,0.0014155,0.0018374,0.0021296,0.0024186
1200.0,2.0341E-6,5.3062E-6,1.2302E-5,3.1123E-5,7.6519E-5,1.7801E-4,3.6565E-4,6.4452E-4,8.3852E-4,9.7033E-4,0.0010979
1500.0,4.2022E-7,1.181E-6,2.6871E-6,7.7345E-6,2.0753E-5,5.17E-5,1.1236E-4,2.0348E-4,2.6522E-4,3.0571E-4,3.4309E-4
SA0P03
r\m,4.0,4.5,5.0,5.5,6.0,6.5,7.0,7.5,7.8,8.0,8.2
0.0,0.68202,1.0223,1.2619,1.5068,1.6965,1.8034,1.8128,1.7255,1.6337,1.5595,1.2453
1.0,0.45391,0.72185,0.94595,1.1845,1.3939,1.543,1.6087,1.5813,1.523,1.4691,1.2102
5.0,0.16433,0.29005,0.42583,0.59621,0.78143,0.95889,1.1018,1.1856,1.2009,1.1957,1.084
10.0,0.079444,0.14704,0.22788,0.34297,0.48295,0.6362,0.78372,0.90248,0.95085,0.97131,0.98152
15.0,0.048123,0.091455,0.14608,0.23026,0.33964,0.46874,0.60509,0.73031,0.79153,0.82398,0.84858
20.0,0.033086,0.063844,0.10373,0.16899,0.25765,0.36759,0.49058,0.61223,0.67704,0.71433,0.74563
25.0,0.024508,0.047798,0.078566,0.13132,0.20544,0.30076,0.41192,0.52758,0.59262,0.63177,0.66643
30.0,0.01906,0.037476,0.062146,0.10608,0.16949,0.25342,0.35452,0.46381,0.52765,0.5674,0.60361
40.0,0.01266,0.025204,0.042337,0.07471,0.12341,0.19079,0.27599,0.37339,0.43346,0.47241,0.50938
50.0,0.0091058,0.018297,0.031031,0.056193,0.09526,0.15115,0.2244,0.31161,0.36744,0.40466,0.4409
60.0,0.007554,0.015291,0.026129,0.048331,0.083692,0.13565,0.20572,0.29182,0.34855,0.38713,0.42542
70.0,0.0064002,0.013037,0.022419,0.042221,0.074438,0.12284,0.1897,0.27398,0.33079,0.37002,0.40961
80.0,0.0055074,0.01128,0.019504,0.037307,0.066812,0.112,0.17567,0.25772,0.31409,0.35358,0.39381
90.0,0.0047957,0.0098693,0.017149,0.033257,0.060386,0.10264,0.16323,0.24279,0.29834,0.33771,0.37821
100.0,0.0042153,0.0087124,0.015205,0.029853,0.054881,0.094442,0.15207,0.229,0.28348,0.32248,0.36292
110.0,0.0037335,0.0077468,0.013573,0.026755,0.049378,0.085307,0.1379,0.20848,0.25868,0.29471,0.33218
120.0,0.0033275,0.0069294,0.012185,0.024105,0.044649,0.077417,0.1256,0.19056,0.23694,0.27033,0.30512
130.0,0.0029814,0.0062293,0.010991,0.021815,0.040543,0.070534,0.11481,0.17477,0.21773,0.24873,0.2811
140.0,0.0026834,0.0056239,0.009954,0.019818,0.036946,0.064479,0.10528,0.16075,0.20063,0.22946,0.25964
150.0,0.0024246,0.0050962,0.0090464,0.018063,0.033773,0.059114,0.096806,0.14823,0.18531,0.21218,0.24034
175.0,0.0018958,0.0040109,0.0071676,0.014406,0.027117,0.047785,0.078777,0.1214,0.15234,0.17485,0.19854
200.0,0.0015071,0.0032071,0.0057651,0.011655,0.02207,0.039126,0.064884,0.10056,0.12659,0.1456,0.16566
250.0,9.8686E-4,0.002121,0.0038521,0.007868,0.015056,0.026977,0.045204,0.070738,0.08953,0.10333,0.11795
300.0,6.68E-4,0.0014481,0.002654,0.00547,0.010567,0.01912,0.032336,0.05102,0.064854,0.075046,0.085882
350.0,4.6277E-4,0.001011,0.0018689,0.0038851,0.0075756,0.013838,0.023615,0.037537,0.047883,0.055524,0.063659
400.0,3.2618E-4,7.18E-4,0.0013385,0.0028069,0.0055266,0.010198,0.017563,0.028113,0.035966,0.041772,0.04795
450.0,2.3249E-4,5.1505E-4,9.6705E-4,0.0020426,0.0040538,0.0075418,0.013088,0.021076,0.027034,0.031445,0.036139
500.0,1.6748E-4,3.7336E-4,7.0602E-4,0.0015022,0.0030058,0.0056404,0.0098641,0.015976,0.020539,0.023919,0.027513
600.0,5.8532E-5,1.3687E-4,2.7443E-4,6.1601E-4,0.0013089,0.0026008,0.0047495,0.0078613,0.010128,0.011764,0.013457
700.0,3.2379E-5,7.7165E-5,1.5835E-4,3.6376E-4,7.9333E-4,0.0016169,0.003013,0.005046,0.0065178,0.0075727,0.0086546
800.0,1.8221E-5,4.4239E-5,9.2893E-5,2.1833E-4,4.8868E-4,0.0010215,0.0020093,0.0033504,0.0043477,0.0050839,0.005858
1000.0,5.9854E-6,1.5069E-5,3.3112E-5,8.1437E-5,1.9406E-4,4.1225E-4,8.1769E-4,0.0014155,0.0018374,0.0021296,0.0024186
1200.0,2.0341E-6,5.3062E-6,1.2302E-5,3.1276E-5,7.6519E-5,1.7801E-4,3.6565E-4,6.4452E-4,8.3852E-4,9.7033E-4,0.0010979
1500.0,4.2022E-7,1.181E-6,2.6871E-6,7.7345E-6,2.0753E-5,5.17E-5,1.1236E-4,2.0348E-4,2.6522E-4,3.0571E-4,3.4309E-4
SA0P04
r\m,4.0,4.5,5.0,5.5,6.0,6.5,7.0,7.5,7.8,8.0,8.2
0.0,0.66618,1.0018,1.2399,1.4833,1.6727,1.7807,1.7918,1.7072,1.6172,1.5415,1.2239
1.0,0.44425,0.70827,0.93014,1.1666,1.3748,1.5238,1.5902,1.5646,1.5077,1.4526,1.1903
5.0,0.16141,0.28531,0.41942,0.58789,0.77128,0.94731,1.0894,1.1731,1.1886,1.1829,1.0688
10.0,0.078167,0.14483,0.22467,0.33842,0.47691,0.62867,0.77497,0.89294,0.94112,0.96157,0.97192
15.0,0.047395,0.090147,0.1441,0.2273,0.33549,0.46329,0.59839,0.72259,0.7834,0.81568,0.84019
20.0,0.032605,0.062962,0.10237,0.16687,0.25456,0.36336,0.48518,0.60577,0.67007,0.7071,0.7382
25.0,0.024163,0.047156,0.077557,0.1297,0.203,0.29733,0.4074,0.52201,0.5865,0.6254,0.65976
30.0,0.018799,0.036987,0.061362,0.10479,0.1675,0.25056,0.35064,0.45892,0.52223,0.56163,0.59756
40.0,0.012494,0.024884,0.041818,0.073823,0.12199,0.18866,0.273,0.36946,0.42897,0.46758,0.50422
50.0,0.0089895,0.01807,0.030659,0.055538,0.094177,0.14947,0.22198,0.30832,0.36363,0.4005,0.43642
60.0,0.0074599,0.015106,0.025822,0.047776,0.082751,0.13416,0.20351,0.28874,0.34493,0.38315,0.42108
70.0,0.0063222,0.012882,0.022159,0.041742,0.073611,0.12151,0.18767,0.27111,0.32736,0.36627,0.40543
80.0,0.0054415,0.011148,0.019281,0.036889,0.066076,0.11078,0.1738,0.25503,0.31083,0.34995,0.38979
90.0,0.0047393,0.0097556,0.016955,0.032889,0.059727,0.10153,0.1615,0.24026,0.29526,0.33424,0.37434
100.0,0.0041665,0.0086134,0.015035,0.029526,0.054287,0.093431,0.15046,0.2266,0.28055,0.31916,0.35921
110.0,0.0036908,0.0076598,0.013423,0.026464,0.048847,0.084402,0.13645,0.20631,0.256,0.29167,0.32878
120.0,0.0032899,0.0068524,0.012052,0.023845,0.044172,0.076597,0.12428,0.18858,0.23449,0.26754,0.30199
130.0,0.0029481,0.0061608,0.010872,0.021581,0.040112,0.06979,0.11361,0.17296,0.21549,0.24617,0.27822
140.0,0.0026538,0.0055622,0.0098472,0.019607,0.036556,0.063801,0.10419,0.15909,0.19856,0.22711,0.25697
150.0,0.002398,0.0050412,0.0089501,0.017872,0.033418,0.058496,0.0958,0.1467,0.1834,0.21,0.23788
175.0,0.0018755,0.0039686,0.0070927,0.014257,0.026836,0.04729,0.077963,0.12015,0.15077,0.17306,0.1965
200.0,0.0014913,0.0031738,0.0057058,0.011536,0.021844,0.038724,0.064218,0.099527,0.12529,0.14411,0.16396
250.0,9.7688E-4,0.0020997,0.0038138,0.0077892,0.014905,0.026705,0.044745,0.070016,0.088614,0.10227,0.11674
300.0,6.6145E-4,0.0014339,0.0026282,0.0054165,0.010463,0.018929,0.03201,0.050501,0.064191,0.074277,0.084998
350.0,4.5836E-4,0.0010015,0.0018508,0.0038478,0.0075019,0.013701,0.023377,0.037155,0.047396,0.054955,0.063004
400.0,3.2316E-4,7.1136E-4,0.0013261,0.0027805,0.0054735,0.010097,0.017386,0.027825,0.0356,0.04134,0.047454
450.0,2.3038E-4,5.104E-4,9.5823E-4,0.0020237,0.0040153,0.007468,0.012956,0.02086,0.02676,0.03112,0.035765
500.0,1.66E-4,3.7005E-4,6.997E-4,0.0014886,0.0029776,0.0055854,0.0097647,0.015812,0.020332,0.023671,0.027227
600.0,5.8532E-5,1.3687E-4,2.7443E-4,6.1601E-4,0.0013089,0.0026008,0.0047495,0.0078613,0.010128,0.011764,0.013457
700.0,3.2379E-5,7.7165E-5,1.5835E-4,3.6376E-4,7.9333E-4,0.0016169,0.003013,0.005046,0.0065178,0.0075727,0.0086546
800.0,1.8221E-5,4.4239E-5,9.2893E-5,2.1833E-4,4.8868E-4,0.0010215,0.0019887,0.0033149,0.0043043,0.0050297,0.0057958
1000.0,5.9854E-6,1.5069E-5,3.3112E-5,8.1437E-5,1.9238E-4,4.1225E-4,8.1769E-4,0.0014155,0.0018374,0.0021296,0.0024186
1200.0,2.0341E-6,5.3062E-6,1.2302E-5,3.1043E-5,7.6519E-5,1.7801E-4,3.6565E-4,6.4452E-4,8.3852E-4,9.7033E-4,0.0010979
1500.0,4.2022E-7,1.181E-6,2.6871E-6,7.7345E-6,2.0753E-5,5.17E-5,1.1236E-4,2.0348E-4,2.6522E-4,3.0571E-4,3.4309E-4
SA0P05
r\m,4.0,4.5,5.0,5.5,6.0,6.5,7.0,7.5,7.8,8.0,8.2
0.0,0.63795,0.96205,1.1937,1.4304,1.6156,1.7221,1.7347,1.6542,1.5676,1.4971,1.1897
1.0,0.42607,0.68082,0.89594,1.1254,1.328,1.4737,1.5393,1.5158,1.4612,1.4102,1.1565
5.0,0.15522,0.27476,0.40446,0.5675,0.74527,0.91617,1.0544,1.1362,1.1516,1.1472,1.0367
10.0,0.07527,0.13962,0.2168,0.32683,0.46093,0.60804,0.75001,0.86469,0.91161,0.93159,0.94177
15.0,0.045671,0.086947,0.13911,0.21958,0.3243,0.44813,0.57911,0.69967,0.75872,0.79011,0.81397
20.0,0.031435,0.060752,0.098851,0.16123,0.2461,0.35148,0.46955,0.5865,0.64891,0.68486,0.71508
25.0,0.023305,0.045513,0.074908,0.12534,0.19628,0.28762,0.39427,0.50539,0.56794,0.60568,0.63903
30.0,0.018136,0.035706,0.059276,0.10128,0.16196,0.24238,0.33935,0.44429,0.50568,0.5439,0.57874
40.0,0.012058,0.024031,0.040407,0.071362,0.11797,0.18252,0.2642,0.35767,0.41536,0.45277,0.48831
50.0,0.0086791,0.017456,0.029631,0.053696,0.091087,0.14462,0.21483,0.29849,0.35207,0.38781,0.42262
60.0,0.0072043,0.014596,0.024961,0.046199,0.080046,0.12981,0.19698,0.27955,0.33398,0.37101,0.40777
70.0,0.0061071,0.01245,0.021425,0.040363,0.071214,0.11758,0.18166,0.26249,0.31698,0.35467,0.39254
80.0,0.0052575,0.010775,0.018645,0.035682,0.063932,0.10722,0.16825,0.24692,0.30099,0.33888,0.37748
90.0,0.0045798,0.0094312,0.016398,0.031816,0.057795,0.098272,0.15635,0.23263,0.28591,0.32368,0.36253
100.0,0.0040269,0.0083282,0.014543,0.028567,0.052536,0.09044,0.14567,0.21944,0.27169,0.30909,0.34788
110.0,0.0035677,0.0074072,0.012986,0.025607,0.047276,0.081706,0.13212,0.19979,0.24793,0.28249,0.31843
120.0,0.0031806,0.0066272,0.011661,0.023075,0.042755,0.074158,0.12035,0.18263,0.22711,0.25913,0.2925
130.0,0.0028505,0.0059586,0.01052,0.020887,0.038829,0.067574,0.11002,0.16752,0.20872,0.23844,0.26949
140.0,0.0025662,0.0053812,0.0095294,0.018978,0.035391,0.061781,0.1009,0.15409,0.19234,0.21999,0.24892
150.0,0.0023192,0.0048772,0.0086622,0.017301,0.032356,0.056648,0.09279,0.14211,0.17767,0.20343,0.23044
175.0,0.0018143,0.0038405,0.0068665,0.013804,0.02599,0.045809,0.075533,0.11642,0.14609,0.16768,0.19039
200.0,0.001443,0.0030721,0.0055252,0.011173,0.021161,0.037522,0.062233,0.09646,0.12143,0.13967,0.1589
250.0,9.4568E-4,0.0020334,0.003695,0.0075485,0.014447,0.025891,0.043389,0.067899,0.085933,0.099171,0.1132
300.0,6.4061E-4,0.0013894,0.0025478,0.0052521,0.010149,0.018365,0.031064,0.049012,0.062297,0.072081,0.082482
350.0,4.4411E-4,9.7083E-4,0.0017957,0.0037338,0.0072823,0.013305,0.022708,0.036095,0.046039,0.053378,0.06119
400.0,3.1326E-4,6.9E-4,0.0012873,0.0027002,0.0053182,0.009816,0.016907,0.027063,0.034621,0.0402,0.046139
450.0,2.2342E-4,4.9532E-4,9.3077E-4,0.0019667,0.0039045,0.0072666,0.012612,0.020309,0.02605,0.03029,0.034807
500.0,1.6105E-4,3.5931E-4,6.8011E-4,0.0014477,0.0028981,0.0054403,0.0095163,0.015412,0.019814,0.023065,0.026526
600.0,5.8532E-5,1.3687E-4,2.7443E-4,6.1601E-4,0.0013089,0.0026008,0.0047495,0.0078613,0.010128,0.011764,0.013457
700.0,3.2379E-5,7.7165E-5,1.5835E-4,3.6376E-4,7.9333E-4,0.0016169,0.003013,0.005046,0.0065178,0.0075727,0.0086546
800.0,1.8221E-5,4.4239E-5,9.2893E-5,2.1833E-4,4.8868E-4,0.0010215,0.0019523,0.0032553,0.0042257,0.0049366,0.0056866
1000.0,5.9854E-6,1.5069E-5,3.3112E-5,8.1437E-5,1.8907E-4,4.1225E-4,8.1769E-4,0.0014155,0.0018374,0.0021296,0.0024186
1200.0,2.0341E-6,5.3062E-6,1.2302E-5,3.0544E-5,7.6519E-5,1.7801E-4,3.6565E-4,6.4452E-4,8.3852E-4,9.7033E-4,0.0010979
1500.0,4.2022E-7,1.181E-6,2.6871E-6,7.7345E-6,2.0753E-5,5.17E-5,1.1236E-4,2.0348E-4,2.6522E-4,3.0571E-4,3.4309E-4
SA0P075
r\m,4.0,4.5,5.0,5.5,6.0,6.5,7.0,7.5,7.8,8.0,8.2
0.0,0.56594,0.85952,1.0726,1.2906,1.4624,1.5632,1.5782,1.5073,1.4293,1.3655,1.1122
1.0,0.37879,0.60888,0.80532,1.0152,1.2016,1.3369,1.3996,1.3803,1.3315,1.2854,1.0777
5.0,0.13855,0.24625,0.36384,0.51183,0.67373,0.83002,0.95701,1.0328,1.0476,1.0439,0.95607
10.0,0.067319,0.12528,0.19513,0.29477,0.41651,0.55043,0.68003,0.78501,0.82815,0.84661,0.85611
15.0,0.040895,0.078081,0.12527,0.19807,0.29303,0.40553,0.52479,0.63476,0.68872,0.71744,0.7393
20.0,0.028169,0.054584,0.089038,0.14545,0.22235,0.318,0.42535,0.53185,0.58872,0.62152,0.64909
25.0,0.020895,0.040909,0.067487,0.11308,0.17733,0.26019,0.35708,0.45815,0.51507,0.54944,0.57981
30.0,0.016268,0.032104,0.053415,0.091382,0.14633,0.21925,0.30728,0.40266,0.45848,0.49324,0.52496
40.0,0.010824,0.021617,0.036424,0.064403,0.10659,0.16509,0.23919,0.32407,0.37645,0.41045,0.44273
50.0,0.0077949,0.015709,0.026717,0.048468,0.082305,0.13081,0.19448,0.27039,0.31903,0.35147,0.38306
60.0,0.0064741,0.013142,0.022517,0.041718,0.072354,0.11745,0.17836,0.25328,0.30267,0.33628,0.36964
70.0,0.0054908,0.011215,0.019335,0.036468,0.064391,0.10641,0.16453,0.23787,0.28731,0.32152,0.35594
80.0,0.004729,0.0097105,0.016833,0.032244,0.057825,0.097061,0.15242,0.22381,0.27287,0.30725,0.34227
90.0,0.0041212,0.0085026,0.01481,0.028761,0.052291,0.088989,0.14168,0.21092,0.25926,0.29353,0.32877
100.0,0.003625,0.0075109,0.01314,0.025832,0.047549,0.081922,0.13204,0.199,0.24642,0.28036,0.31556
110.0,0.0032127,0.0066826,0.011736,0.023164,0.042803,0.074033,0.11979,0.18122,0.22489,0.2563,0.28891
120.0,0.0028652,0.005981,0.010543,0.020881,0.038723,0.067218,0.10916,0.16572,0.20611,0.23517,0.26546
130.0,0.0025687,0.0053798,0.0095146,0.018907,0.035179,0.06127,0.099827,0.15204,0.18947,0.21646,0.24465
140.0,0.0023132,0.0048597,0.0086216,0.017185,0.032075,0.056038,0.091584,0.13992,0.17466,0.19977,0.22604
150.0,0.0020912,0.004406,0.0078399,0.015672,0.029335,0.051401,0.08425,0.12908,0.16139,0.18479,0.20932
175.0,0.0016373,0.0034726,0.0062207,0.012518,0.023589,0.041612,0.068659,0.10587,0.13286,0.15249,0.17313
200.0,0.0013033,0.0027803,0.0050107,0.010142,0.019228,0.034127,0.056642,0.087826,0.11057,0.12716,0.14466
250.0,8.5552E-4,0.0018438,0.0033579,0.006867,0.01316,0.023613,0.039605,0.062003,0.078469,0.090546,0.10334
300.0,5.805E-4,0.0012623,0.0023207,0.0047912,0.009272,0.016803,0.028452,0.044914,0.057084,0.066038,0.075541
350.0,4.0316E-4,8.8394E-4,0.0016401,0.0034164,0.006676,0.01222,0.020887,0.033219,0.042367,0.049108,0.056275
400.0,2.8493E-4,6.2979E-4,0.0011794,0.0024796,0.0048959,0.0090581,0.01563,0.025035,0.032022,0.037171,0.042641
450.0,2.0356E-4,4.5308E-4,8.5509E-4,0.0018116,0.0036073,0.0067328,0.01171,0.018872,0.024202,0.028131,0.032307
500.0,1.4701E-4,3.2945E-4,6.2668E-4,0.0013382,0.0026882,0.0050637,0.0088792,0.014394,0.018501,0.021528,0.02474
600.0,5.8532E-5,1.3687E-4,2.7443E-4,6.1601E-4,0.0013089,0.0026008,0.0047495,0.0078613,0.010128,0.011764,0.013457
700.0,3.2379E-5,7.7165E-5,1.5835E-4,3.6376E-4,7.9333E-4,0.0016169,0.003013,0.005046,0.0065178,0.0075727,0.0086546
800.0,1.8221E-5,4.4239E-5,9.2893E-5,2.4459E-4,4.8868E-4,0.0010215,0.0018809,0.0031422,0.0040771,0.0047591,0.0054744
1000.0,5.9854E-6,1.7999E-5,3.3112E-5,8.1437E-5,1.8329E-4,4.1225E-4,8.1769E-4,0.0014155,0.0018374,0.0021296,0.0024186
1200.0,2.4992E-6,5.3062E-6,1.2302E-5,2.9796E-5,7.6519E-5,1.7801E-4,3.6565E-4,6.4452E-4,8.3852E-4,9.7033E-4,0.0010979
1500.0,4.927E-7,1.181E-6,2.6691E-6,7.7345E-6,2.0753E-5,5.17E-5,1.1236E-4,2.0348E-4,2.6522E-4,3.0571E-4,3.4309E-4
SA0P1
r\m,4.0,4.5,5.0,5.5,6.0,6.5,7.0,7.5,7.8,8.0,8.2
0.0,0.53222,0.81593,1.0233,1.2352,1.4038,1.5019,1.5177,1.4493,1.3731,1.3108,1.1843
1.0,0.35301,0.57321,0.76301,0.96516,1.146,1.2771,1.339,1.3212,1.274,1.2294,1.1302
5.0,0.12698,0.22804,0.33958,0.47934,0.633,0.78171,0.90327,0.97626,0.99073,0.98746,0.95562
10.0,0.061163,0.11496,0.18049,0.27352,0.3876,0.5135,0.63578,0.73515,0.77608,0.79377,0.80295
15.0,0.036981,0.071301,0.1153,0.18284,0.27123,0.37624,0.48784,0.59103,0.64172,0.6687,0.68925
20.0,0.025388,0.049668,0.081654,0.13376,0.205,0.29386,0.39378,0.49309,0.54619,0.57677,0.60262
25.0,0.018784,0.037123,0.06172,0.1037,0.16301,0.23969,0.32954,0.42342,0.47629,0.50824,0.53647
30.0,0.014594,0.029072,0.048742,0.083606,0.13419,0.20148,0.28289,0.37119,0.42289,0.45505,0.48444
40.0,0.0096803,0.019514,0.033128,0.058722,0.097405,0.15118,0.21939,0.2976,0.34586,0.37722,0.40698
50.0,0.0069564,0.014149,0.024246,0.044087,0.075033,0.11948,0.17793,0.24766,0.29237,0.32217,0.35118
60.0,0.0057808,0.011842,0.020441,0.037959,0.065981,0.10731,0.16321,0.23203,0.27741,0.30826,0.33889
70.0,0.0049046,0.01011,0.017562,0.033199,0.058742,0.097265,0.15061,0.21798,0.26342,0.29485,0.32645
80.0,0.0042272,0.00876,0.015299,0.029372,0.052786,0.088767,0.1396,0.20521,0.25031,0.28188,0.31405
90.0,0.0036862,0.007675,0.013469,0.026216,0.047765,0.081437,0.12985,0.19351,0.23797,0.26946,0.30183
100.0,0.0032447,0.0067848,0.011959,0.023565,0.043466,0.075024,0.12111,0.1827,0.22632,0.25753,0.28989
110.0,0.0028779,0.0060411,0.01069,0.021146,0.039158,0.067854,0.10996,0.16652,0.20675,0.23561,0.26562
120.0,0.0025685,0.0054112,0.0096102,0.019078,0.035457,0.061661,0.10028,0.15241,0.1896,0.21637,0.24426
130.0,0.0023045,0.0048712,0.0086812,0.01729,0.032241,0.056257,0.091797,0.13996,0.17446,0.19933,0.2253
140.0,0.0020768,0.0044041,0.0078737,0.015731,0.029423,0.051503,0.084296,0.12891,0.16097,0.18413,0.20835
150.0,0.001879,0.0039965,0.0071665,0.01436,0.026937,0.047289,0.077627,0.11904,0.14889,0.1705,0.19313
175.0,0.0014755,0.0031594,0.0057047,0.011508,0.021734,0.038415,0.063482,0.097977,0.12299,0.14118,0.16027
200.0,0.0011778,0.0025375,0.0046103,0.0093551,0.017778,0.031616,0.052559,0.081576,0.10273,0.11816,0.13441
250.0,7.777E-4,0.0016933,0.0031107,0.0063797,0.012256,0.022038,0.037029,0.058031,0.073462,0.084764,0.09672
300.0,5.3091E-4,0.001167,0.0021653,0.0044836,0.0087016,0.015809,0.026818,0.042378,0.053871,0.062321,0.071283
350.0,3.7104E-4,8.2289E-4,0.0015419,0.0032224,0.0063164,0.011594,0.019855,0.031612,0.040324,0.046738,0.053547
400.0,2.6397E-4,5.9061E-4,0.0011175,0.0023582,0.0046717,0.0086684,0.01499,0.024036,0.03075,0.035688,0.040932
450.0,1.8982E-4,4.2793E-4,8.1653E-4,0.0017369,0.0034712,0.0064992,0.01133,0.018281,0.023445,0.027248,0.031287
500.0,1.3799E-4,3.1345E-4,6.0322E-4,0.0012938,0.0026093,0.0049316,0.0086694,0.014071,0.018086,0.02104,0.024176
600.0,5.8532E-5,1.7196E-4,2.7443E-4,6.1601E-4,0.0013089,0.0028968,0.0051748,0.0078613,0.010128,0.011764,0.013457
700.0,4.1291E-5,7.7165E-5,1.9165E-4,4.2401E-4,8.8555E-4,0.0017355,0.0031487,0.005219,0.0067528,0.0078742,0.0090589
800.0,1.8221E-5,5.497E-5,1.1091E-4,2.4903E-4,5.2894E-4,0.001055,0.001943,0.0032509,0.0042164,0.0049192,0.0056588
1000.0,7.6208E-6,1.8483E-5,3.8405E-5,8.8731E-5,1.9476E-4,4.1225E-4,8.1769E-4,0.0014155,0.0018374,0.0021296,0.0024186
1200.0,2.584E-6,6.4168E-6,1.3717E-5,3.2581E-5,7.6519E-5,1.7801E-4,3.6565E-4,6.4452E-4,8.3852E-4,9.7033E-4,0.0010979
1500.0,5.3144E-7,1.3654E-6,3.0424E-6,7.7345E-6,2.0753E-5,5.17E-5,1.1236E-4,2.0348E-4,2.6522E-4,3.0571E-4,3.4309E-4
SA0P15
r\m,4.0,4.5,5.0,5.5,6.0,6.5,7.0,7.5,7.8,8.0,8.2
0.0,0.44826,0.73068,0.9529,1.1705,1.3447,1.4476,1.4626,1.3881,1.3071,1.2411,1.1466
1.0,0.27661,0.48443,0.67999,0.87856,1.0591,1.1926,1.2558,1.2371,1.1887,1.1429,1.0717
5.0,0.088758,0.17422,0.27787,0.40196,0.54143,0.67908,0.79298,0.86171,0.87526,0.87193,0.85292
10.0,0.040671,0.083726,0.14124,0.21933,0.31722,0.42713,0.53506,0.62317,0.65928,0.67461,0.68226
15.0,0.024064,0.050832,0.08838,0.14356,0.21725,0.3062,0.40161,0.48988,0.53302,0.5556,0.57252
20.0,0.016277,0.034886,0.061679,0.10346,0.16173,0.23549,0.31917,0.40236,0.44646,0.4717,0.49253
25.0,0.011915,0.025795,0.046115,0.079326,0.12718,0.18993,0.26405,0.34153,0.38485,0.41079,0.43336
30.0,0.009184,0.020038,0.036126,0.063432,0.10383,0.1583,0.22473,0.29679,0.33868,0.36454,0.38787
40.0,0.0060285,0.013306,0.024286,0.044059,0.074508,0.11741,0.17226,0.23517,0.27375,0.29858,0.32189
50.0,0.0043058,0.0095876,0.017662,0.032866,0.057017,0.092184,0.13876,0.19434,0.22973,0.25318,0.27578
60.0,0.0036125,0.0081029,0.015037,0.028576,0.050622,0.08357,0.12848,0.18375,0.21997,0.24446,0.26855
70.0,0.0030952,0.006986,0.013047,0.025237,0.045511,0.076481,0.11969,0.17426,0.21087,0.236,0.26109
80.0,0.0026936,0.0061132,0.01148,0.022548,0.0413,0.070488,0.11202,0.16562,0.20226,0.22778,0.25356
90.0,0.0023722,0.0054096,0.010208,0.020329,0.037744,0.065305,0.1052,0.15769,0.19417,0.21985,0.24602
100.0,0.0021088,0.0048307,0.0091556,0.018456,0.03469,0.060761,0.099105,0.15035,0.18646,0.21215,0.23859
110.0,0.0018892,0.0043448,0.0082672,0.016731,0.031567,0.055515,0.090882,0.13841,0.17205,0.19602,0.22079
120.0,0.0017029,0.003931,0.0075082,0.015248,0.028875,0.050957,0.083723,0.12794,0.15936,0.18183,0.20507
130.0,0.0015433,0.003575,0.0068514,0.01396,0.026524,0.046968,0.077413,0.11869,0.14812,0.16919,0.19105
140.0,0.0014051,0.0032652,0.0062779,0.012831,0.024454,0.043432,0.07181,0.11042,0.13804,0.15787,0.17847
150.0,0.0012841,0.0029931,0.0057722,0.011832,0.022617,0.040285,0.0668,0.10301,0.12897,0.14765,0.16709
175.0,0.0010352,0.0024295,0.0047164,0.0097347,0.01873,0.033588,0.056062,0.086992,0.10932,0.12544,0.14228
200.0,8.4832E-4,0.002003,0.0039132,0.0081225,0.015724,0.028367,0.047619,0.074301,0.093653,0.1077,0.12239
250.0,5.9028E-4,0.0014085,0.0027809,0.0058319,0.01141,0.020803,0.035283,0.05557,0.070407,0.081221,0.0926
300.0,4.2459E-4,0.0010224,0.0020374,0.0043122,0.0085163,0.015674,0.026821,0.042578,0.054172,0.062658,0.071606
350.0,3.1263E-4,7.5902E-4,0.0015255,0.0032562,0.0064878,0.012047,0.020785,0.033224,0.042422,0.049161,0.056292
400.0,2.3425E-4,5.7317E-4,0.0011611,0.0024988,0.0050224,0.0094088,0.01636,0.026322,0.033701,0.039121,0.044857
450.0,1.7747E-4,4.3723E-4,8.9213E-4,0.0019336,0.0039161,0.0073918,0.012944,0.020939,0.02688,0.031248,0.035877
500.0,1.3591E-4,3.3705E-4,6.9244E-4,0.0015114,0.0030841,0.0058653,0.01034,0.016816,0.021635,0.02518,0.028939
600.0,8.1554E-5,2.0474E-4,4.2604E-4,9.4224E-4,0.0019504,0.0037626,0.006718,0.011029,0.014243,0.016608,0.019116
700.0,5.0066E-5,1.2711E-4,2.6766E-4,5.9933E-4,0.0012574,0.0024589,0.0044425,0.0073551,0.0095275,0.011125,0.012818
800.0,3.1252E-5,8.019E-5,1.7076E-4,3.8687E-4,8.2224E-4,0.0016289,0.002976,0.0049654,0.0064484,0.0075374,0.0086899
1000.0,1.2617E-5,3.3018E-5,7.1795E-5,1.6632E-4,3.6232E-4,7.3574E-4,0.0013729,0.0023228,0.0030285,0.0035445,0.0040884
1200.0,5.265E-6,1.4032E-5,3.1115E-5,7.361E-5,1.6418E-4,3.4137E-4,6.498E-4,0.0011132,0.0014557,0.0017047,0.0019657
1500.0,1.4782E-6,4.0421E-6,9.215E-6,2.2466E-5,5.184E-5,1.1153E-4,2.1838E-4,3.8049E-4,4.9918E-4,5.8456E-4,6.7316E-4
SA0P2
r\m,4.0,4.5,5.0,5.5,6.0,6.5,7.0,7.5,7.8,8.0,8.2
0.0,0.31915,0.54033,0.72753,0.91794,1.077,1.1772,1.1973,1.1357,1.0659,1.0083,0.94378
1.0,0.18782,0.34529,0.50535,0.67261,0.83041,0.95207,1.0125,1.0,0.95927,0.91987,0.87215
5.0,0.056802,0.11798,0.19791,0.29562,0.40888,0.52352,0.61977,0.67808,0.68925,0.68599,0.67426
10.0,0.025576,0.055771,0.099063,0.15884,0.23587,0.32422,0.41196,0.48342,0.512,0.52365,0.52872
15.0,0.015082,0.033747,0.061793,0.10361,0.16096,0.23149,0.30787,0.37823,0.41193,0.42912,0.44138
20.0,0.010185,0.023126,0.043064,0.074549,0.11959,0.17766,0.24409,0.30984,0.34412,0.36327,0.37863
25.0,0.0074515,0.017092,0.03219,0.057129,0.093975,0.14315,0.20173,0.26299,0.29624,0.31591,0.33266
30.0,0.0057457,0.013281,0.025223,0.045695,0.076726,0.11933,0.17167,0.22821,0.26063,0.28024,0.29757
40.0,0.0037785,0.0088372,0.016994,0.031799,0.05517,0.088655,0.13178,0.18106,0.21087,0.22975,0.24716
50.0,0.0027074,0.0063883,0.012403,0.023801,0.042355,0.069821,0.10647,0.15005,0.17745,0.19534,0.21231
60.0,0.0023045,0.0054783,0.010712,0.02099,0.038133,0.064162,0.099912,0.14375,0.17216,0.1911,0.20946
70.0,0.0020015,0.0047875,0.0094199,0.018786,0.034732,0.059482,0.094263,0.13804,0.16707,0.18676,0.20617
80.0,0.0017643,0.0042436,0.008394,0.016998,0.031913,0.055496,0.089292,0.13279,0.16219,0.18241,0.20259
90.0,0.001573,0.0038018,0.0075569,0.015512,0.029515,0.052029,0.084855,0.12789,0.15747,0.1781,0.19884
100.0,0.0014152,0.0034351,0.0068572,0.014248,0.027445,0.048966,0.080837,0.1233,0.15296,0.17379,0.195
110.0,0.0012824,0.0031258,0.0062649,0.013065,0.025263,0.045242,0.074974,0.11479,0.1427,0.16239,0.18245
120.0,0.0011691,0.0028603,0.0057531,0.012042,0.023365,0.041989,0.069811,0.10728,0.13362,0.15225,0.17131
130.0,0.0010714,0.00263,0.0053083,0.011146,0.021695,0.03912,0.065254,0.10058,0.12551,0.14321,0.16133
140.0,9.8604E-4,0.0024283,0.0049163,0.010355,0.020215,0.03656,0.061169,0.094566,0.1182,0.13502,0.15228
150.0,9.1085E-4,0.0022499,0.0045688,0.0096492,0.018893,0.034267,0.057489,0.089113,0.11158,0.12757,0.14405
175.0,7.4966E-4,0.0018644,0.0038117,0.0081036,0.015976,0.029165,0.049247,0.076819,0.096526,0.11062,0.12519
200.0,6.2725E-4,0.0015695,0.003228,0.0069034,0.013689,0.025142,0.042694,0.066953,0.084393,0.096906,0.10988
250.0,4.549E-4,0.0011502,0.0023906,0.0051646,0.010347,0.019196,0.032926,0.052109,0.066019,0.076064,0.086527
300.0,3.4102E-4,8.7E-4,0.0018243,0.0039767,0.0080386,0.015047,0.026025,0.041505,0.052805,0.061,0.069561
350.0,2.6163E-4,6.7285E-4,0.0014222,0.0031244,0.0063666,0.012016,0.020937,0.033616,0.042918,0.049684,0.056774
400.0,2.0425E-4,5.2898E-4,0.0011263,0.0024923,0.0051183,0.0097321,0.01708,0.027583,0.035315,0.04096,0.046883
450.0,1.6114E-4,4.2007E-4,9.003E-4,0.0020055,0.0041461,0.0079377,0.014018,0.022759,0.029215,0.033938,0.0389
500.0,1.285E-4,3.3703E-4,7.2681E-4,0.0016292,0.0033901,0.0065327,0.011606,0.018933,0.024359,0.028337,0.032519
600.0,8.3596E-5,2.2169E-4,4.8354E-4,0.0010964,0.0023092,0.004504,0.0080896,0.013311,0.017192,0.020046,0.023048
700.0,5.562E-5,1.4898E-4,3.2833E-4,7.524E-4,0.0016023,0.0031605,0.0057336,0.009506,0.012316,0.014388,0.016567
800.0,3.762E-5,1.017E-4,2.263E-4,5.2373E-4,0.0011271,0.0022466,0.0041138,0.0068668,0.0089203,0.010437,0.012031
1000.0,1.7825E-5,4.9005E-5,1.1098E-4,2.6157E-4,5.7396E-4,0.0011668,0.0021735,0.0036717,0.0047899,0.005618,0.0064853
1200.0,8.7254E-6,2.4358E-5,5.6063E-5,1.3438E-4,3.0025E-4,6.2168E-4,0.0011765,0.0020083,0.0026284,0.0030882,0.0035677
1500.0,3.1109E-6,8.8687E-6,2.0876E-5,5.1233E-5,1.1743E-4,2.4952E-4,4.827E-4,8.3543E-4,0.0010973,0.0012917,0.0014927
SA0P25
r\m,4.0,4.5,5.0,5.5,6.0,6.5,7.0,7.5,7.8,8.0,8.2
0.0,0.23121,0.41243,0.57779,0.75482,0.90942,1.0135,1.0443,0.9956,0.93387,0.88148,0.82272
1.0,0.13256,0.25814,0.39573,0.54591,0.69331,0.81192,0.87619,0.87133,0.83623,0.80072,0.75748
5.0,0.039122,0.086279,0.15237,0.23588,0.33595,0.44004,0.52938,0.58429,0.59498,0.59196,0.58102
10.0,0.017583,0.040693,0.076122,0.12641,0.19323,0.27161,0.3506,0.41505,0.44044,0.4504,0.45416
15.0,0.010407,0.02471,0.047639,0.082687,0.13215,0.19429,0.26238,0.32512,0.3546,0.36928,0.37936
20.0,0.0070511,0.016986,0.033299,0.059652,0.098423,0.14942,0.2084,0.26668,0.29664,0.31299,0.32574
25.0,0.0051746,0.012593,0.024962,0.045827,0.077522,0.12066,0.17257,0.22648,0.25575,0.27259,0.2866
30.0,0.0040012,0.0098126,0.019616,0.036752,0.063447,0.10081,0.14715,0.19714,0.22539,0.24226,0.25682
40.0,0.0026463,0.0065663,0.013289,0.025714,0.045849,0.075237,0.11345,0.15703,0.18308,0.19934,0.21412
50.0,0.0019065,0.0047735,0.0097503,0.019345,0.035375,0.059532,0.092077,0.1307,0.15473,0.1702,0.18464
60.0,0.0016264,0.0041006,0.0084358,0.017082,0.031879,0.054755,0.086438,0.12525,0.15013,0.1665,0.18215
70.0,0.0014162,0.0035923,0.0074344,0.015317,0.029083,0.050832,0.081652,0.12039,0.14582,0.16286,0.17944
80.0,0.0012519,0.0031925,0.0066435,0.013893,0.026777,0.047512,0.077481,0.11598,0.14176,0.1593,0.17658
90.0,0.0011196,0.0028687,0.0059959,0.012709,0.024826,0.04464,0.07377,0.11192,0.13791,0.1558,0.17362
100.0,0.0010105,0.0026002,0.0054574,0.011707,0.023146,0.04212,0.070436,0.10815,0.13421,0.15235,0.17059
110.0,9.1881E-4,0.0023735,0.0050015,0.010768,0.021366,0.039026,0.065513,0.10096,0.12557,0.14274,0.16009
120.0,8.4062E-4,0.0021795,0.0046082,0.0099559,0.019823,0.03633,0.061199,0.094619,0.11793,0.13425,0.15074
130.0,7.73E-4,0.0020109,0.0042661,0.0092463,0.018467,0.033952,0.057376,0.088989,0.11111,0.12664,0.14238
140.0,7.1406E-4,0.0018632,0.0039647,0.0086188,0.017265,0.031837,0.053959,0.083937,0.10498,0.11978,0.13483
150.0,6.6198E-4,0.0017328,0.0036976,0.0080608,0.016191,0.029942,0.050884,0.079364,0.099419,0.11355,0.12796
175.0,5.5164E-4,0.0014538,0.0031237,0.006854,0.013862,0.025802,0.044125,0.069252,0.087055,0.09968,0.11257
200.0,4.6733E-4,0.0012391,0.0026782,0.0059116,0.012028,0.022513,0.038725,0.061103,0.077046,0.088399,0.10003
250.0,3.4734E-4,9.3091E-4,0.0020328,0.0045327,0.0093147,0.017616,0.030596,0.048715,0.061743,0.071064,0.080676
300.0,2.6687E-4,7.2168E-4,0.0015899,0.0035762,0.0074136,0.014142,0.024762,0.039723,0.050562,0.05835,0.066412
350.0,2.0986E-4,5.7185E-4,0.0012697,0.0028784,0.0060142,0.011561,0.020392,0.032922,0.04205,0.048639,0.055474
400.0,1.6788E-4,4.6075E-4,0.0010301,0.0023519,0.0049496,0.0095829,0.017013,0.027626,0.035392,0.041011,0.04685
450.0,1.3579E-4,3.7506E-4,8.439E-4,0.0019393,0.004108,0.008005,0.014297,0.023331,0.02997,0.034783,0.039797
500.0,1.11E-4,3.0842E-4,6.9808E-4,0.001614,0.0034399,0.0067442,0.012112,0.019856,0.025567,0.029714,0.03404
600.0,7.5882E-5,2.1313E-4,4.8761E-4,0.0011401,0.0024574,0.0048723,0.0088383,0.014608,0.018885,0.022,0.025255
700.0,5.3058E-5,1.5047E-4,3.4762E-4,8.2114E-4,0.0017882,0.0035821,0.0065571,0.010914,0.014158,0.016523,0.018999
800.0,3.7717E-5,1.0791E-4,2.5155E-4,5.9989E-4,0.0013189,0.0026675,0.0049238,0.008247,0.010729,0.012541,0.014438
1000.0,1.9741E-5,5.7395E-5,1.3598E-4,3.3003E-4,7.3847E-4,0.0015202,0.0028487,0.0048235,0.0063055,0.0073875,0.0085204
1200.0,1.0676E-5,3.149E-5,7.5716E-5,1.8675E-4,4.2468E-4,8.8856E-4,0.0016881,0.0028851,0.0037859,0.004443,0.0051301
1500.0,4.4208E-6,1.3298E-5,3.2628E-5,8.2302E-5,1.9141E-4,4.097E-4,7.931E-4,0.0013719,0.0018085,0.002126,0.0024569
SA0P3
r\m,4.0,4.5,5.0,5.5,6.0,6.5,7.0,7.5,7.8,8.0,8.2
0.0,0.18659,0.3471,0.50145,0.67733,0.83815,0.9516,0.99179,0.94953,0.8902,0.83852,0.78029
1.0,0.10318,0.21121,0.33667,0.48108,0.62874,0.75192,0.82266,0.82344,0.79085,0.75636,0.71396
5.0,0.029346,0.068312,0.12619,0.20251,0.29715,0.39825,0.48684,0.54225,0.55341,0.55059,0.53988
10.0,0.013088,0.031972,0.062581,0.10768,0.16951,0.24378,0.31977,0.38209,0.40641,0.41564,0.41883
15.0,0.0077503,0.01942,0.03917,0.070409,0.11583,0.17417,0.23895,0.29869,0.32651,0.34007,0.34897
20.0,0.0052551,0.01336,0.027392,0.050814,0.086274,0.13392,0.18969,0.24486,0.27289,0.28792,0.29932
25.0,0.0038616,0.0099143,0.020557,0.039071,0.067994,0.10818,0.1571,0.20793,0.23524,0.25072,0.26329
30.0,0.00299,0.0077364,0.016175,0.031367,0.055698,0.090436,0.13403,0.18104,0.20739,0.22285,0.23596
40.0,0.0019837,0.0051927,0.010991,0.022009,0.040351,0.067657,0.10355,0.14449,0.16874,0.18368,0.19704
50.0,0.0014344,0.0037889,0.0080933,0.016613,0.031233,0.053698,0.084268,0.12055,0.14293,0.15718,0.1703
60.0,0.001214,0.0032289,0.0069462,0.014548,0.027914,0.048976,0.078441,0.11455,0.13749,0.15244,0.16655
70.0,0.001051,0.0028116,0.0060844,0.012965,0.025309,0.045176,0.073625,0.10939,0.13269,0.14813,0.16297
80.0,9.2491E-4,0.0024874,0.0054108,0.011703,0.023191,0.042023,0.069525,0.10486,0.12835,0.14414,0.15955
90.0,8.2432E-4,0.0022273,0.0048674,0.010669,0.021424,0.03934,0.065955,0.10081,0.12437,0.14043,0.15626
100.0,7.4211E-4,0.0020137,0.0044185,0.0098025,0.019917,0.037016,0.062801,0.097134,0.12069,0.13694,0.15309
110.0,6.7359E-4,0.0018348,0.0040417,0.0089994,0.018355,0.034236,0.058305,0.090517,0.11271,0.12806,0.14338
120.0,6.155E-4,0.0016826,0.0037193,0.0083106,0.017008,0.031835,0.054397,0.084738,0.10573,0.1203,0.13485
130.0,5.6552E-4,0.0015514,0.0034407,0.0077126,0.015834,0.029732,0.050967,0.079642,0.099544,0.1134,0.12727
140.0,5.2222E-4,0.001437,0.0031966,0.0071869,0.014799,0.027874,0.047926,0.075094,0.094039,0.10724,0.12049
150.0,4.8422E-4,0.0013363,0.0029815,0.0067223,0.013882,0.026217,0.045193,0.071015,0.089063,0.10168,0.11436
175.0,4.0872E-4,0.0011362,0.0025526,0.0057932,0.012044,0.022893,0.039714,0.062789,0.079027,0.09042,0.10195
200.0,3.5076E-4,9.8128E-4,0.002218,0.0050636,0.010588,0.020243,0.035315,0.056119,0.070858,0.081237,0.091774
250.0,2.6761E-4,7.5692E-4,0.0017288,0.0039873,0.0084212,0.016258,0.028631,0.045911,0.058262,0.067021,0.075956
300.0,2.1108E-4,6.0258E-4,0.0013885,0.0032299,0.0068798,0.013393,0.023776,0.038403,0.048935,0.056441,0.064133
350.0,1.7042E-4,4.9041E-4,0.0011387,0.0026688,0.0057266,0.01123,0.020071,0.032627,0.041722,0.048229,0.054919
400.0,1.3994E-4,4.0565E-4,9.4831E-4,0.0022376,0.0048342,0.0095417,0.01716,0.028047,0.035972,0.041658,0.047529
450.0,1.1639E-4,3.3959E-4,7.9887E-4,0.0018968,0.0041226,0.0081856,0.014804,0.024314,0.031263,0.03627,0.041443
500.0,9.7795E-5,2.8708E-4,6.7921E-4,0.001622,0.003545,0.0070777,0.012866,0.021225,0.027353,0.031781,0.036364
600.0,7.067E-5,2.0974E-4,5.0139E-4,0.0012099,0.0026713,0.0053865,0.0098824,0.016429,0.021256,0.024758,0.028394
700.0,5.226E-5,1.5663E-4,3.779E-4,9.2051E-4,0.0020508,0.0041726,0.0077182,0.012916,0.016765,0.019568,0.022484
800.0,3.9304E-5,1.1886E-4,2.8919E-4,7.1053E-4,0.0015962,0.0032742,0.0061018,0.010271,0.013368,0.015631,0.017987
1000.0,2.3046E-5,7.0829E-5,1.7494E-4,4.3659E-4,9.9556E-4,0.0020725,0.0039139,0.0066536,0.0086988,0.0102,0.011766
1200.0,1.3973E-5,4.3569E-5,1.0906E-4,2.7606E-4,6.3799E-4,0.0013458,0.0025718,0.0044087,0.0057839,0.006797,0.0078542
1500.0,6.8738E-6,2.1859E-5,5.572E-5,1.4379E-4,3.3841E-4,7.2688E-4,0.0014112,0.0024449,0.0032205,0.0037941,0.0043921
SA0P4
r\m,4.0,4.5,5.0,5.5,6.0,6.5,7.0,7.5,7.8,8.0,8.2
0.0,0.12517,0.24696,0.37354,0.53952,0.70411,0.83111,0.88918,0.8615,0.80746,0.75934,0.70333
1.0,0.065464,0.14377,0.24306,0.37211,0.51436,0.64169,0.72301,0.7349,0.70721,0.67606,0.63606
5.0,0.017577,0.044114,0.087186,0.14996,0.23308,0.32673,0.41245,0.46814,0.48008,0.47808,0.46813
10.0,0.0077228,0.020334,0.042603,0.078498,0.13083,0.19674,0.26645,0.32448,0.34699,0.35521,0.35754
15.0,0.0045602,0.012309,0.026572,0.051115,0.088977,0.13984,0.19798,0.2521,0.27699,0.28868,0.29587
20.0,0.0030875,0.0084532,0.018548,0.036797,0.066088,0.10717,0.1566,0.20587,0.23055,0.24341,0.25272
25.0,0.0022671,0.0062683,0.013904,0.028259,0.052003,0.086422,0.12942,0.1744,0.19824,0.2114,0.22169
30.0,0.0017555,0.0048913,0.010938,0.022676,0.04257,0.072182,0.1103,0.15165,0.17452,0.1876,0.19834
40.0,0.0011661,0.0032864,0.0074397,0.015918,0.030844,0.053984,0.085153,0.1209,0.14182,0.15442,0.16541
50.0,8.4502E-4,0.0024029,0.0054889,0.012037,0.023908,0.042885,0.069362,0.10094,0.12019,0.13221,0.14301
60.0,7.1503E-4,0.0020473,0.004709,0.010536,0.021349,0.039084,0.064494,0.095788,0.11545,0.12803,0.13962
70.0,6.1939E-4,0.0017841,0.004128,0.0093944,0.019365,0.036062,0.060536,0.091469,0.11138,0.12437,0.13657
80.0,5.4582E-4,0.0015805,0.0036761,0.0084915,0.017765,0.03358,0.057213,0.087742,0.10781,0.1211,0.13378
90.0,4.8754E-4,0.0014182,0.0033138,0.0077559,0.016441,0.031488,0.054358,0.084466,0.10461,0.11812,0.13119
100.0,4.3995E-4,0.0012854,0.0030161,0.0071429,0.015321,0.029691,0.051866,0.081548,0.1017,0.11539,0.12875
110.0,4.0041E-4,0.0011746,0.0027667,0.0065767,0.014159,0.027538,0.048287,0.076192,0.095229,0.10821,0.12091
120.0,3.6698E-4,0.0010806,0.0025544,0.0060926,0.013161,0.025687,0.045187,0.071541,0.089593,0.10194,0.11405
130.0,3.3835E-4,9.9979E-4,0.0023711,0.0056731,0.012294,0.024071,0.042476,0.067453,0.084631,0.096397,0.10799
140.0,3.1357E-4,9.2933E-4,0.0022112,0.0053069,0.011533,0.022646,0.04008,0.063827,0.080217,0.091477,0.10258
150.0,2.9185E-4,8.6775E-4,0.0020704,0.0049821,0.010859,0.021379,0.037936,0.060578,0.076252,0.087046,0.097724
175.0,2.5033E-4,7.4995E-4,0.0018018,0.0043651,0.009575,0.018971,0.033872,0.054416,0.068731,0.078642,0.088485
200.0,2.1833E-4,6.5842E-4,0.0015914,0.0038784,0.0085554,0.017045,0.030596,0.049406,0.062597,0.071761,0.080909
250.0,1.7206E-4,5.2475E-4,0.0012816,0.0031543,0.0070261,0.01413,0.025591,0.041686,0.053088,0.061066,0.069074
300.0,1.4019E-4,4.3159E-4,0.0010632,0.0026385,0.0059247,0.012008,0.021911,0.035947,0.045963,0.053019,0.06013
350.0,1.1691E-4,3.6277E-4,9.0032E-4,0.0022504,0.0050883,0.010381,0.019066,0.031467,0.040377,0.046677,0.053057
400.0,9.9181E-5,3.099E-4,7.7404E-4,0.0019469,0.0044292,0.0090902,0.016786,0.027854,0.035846,0.041521,0.047288
450.0,8.5277E-5,2.6814E-4,6.7377E-4,0.0017045,0.0038994,0.0080452,0.014933,0.024891,0.032118,0.037267,0.042513
500.0,7.4065E-5,2.3422E-4,5.9172E-4,0.0015047,0.0034599,0.0071728,0.013374,0.022386,0.028953,0.033646,0.03844
600.0,5.7201E-5,1.8272E-4,4.6607E-4,0.0011962,0.0027756,0.0058034,0.010908,0.01839,0.023881,0.027825,0.03187
700.0,4.5219E-5,1.4572E-4,3.7484E-4,9.6993E-4,0.0022686,0.0047787,0.009044,0.015342,0.019991,0.023343,0.026792
800.0,3.6364E-5,1.181E-4,3.0611E-4,7.9789E-4,0.0018797,0.0039858,0.0075899,0.012945,0.016916,0.01979,0.022755
1000.0,2.4387E-5,8.029E-5,2.1089E-4,5.5682E-4,0.0013286,0.0028499,0.0054849,0.0094398,0.012395,0.014545,0.016772
1200.0,1.6917E-5,5.6355E-5,1.4975E-4,3.9986E-4,9.6474E-4,0.0020903,0.0040595,0.0070392,0.0092782,0.010914,0.012614
1500.0,1.019E-5,3.4469E-5,9.301E-5,2.5206E-4,6.172E-4,0.0013548,0.0026622,0.0046594,0.0061698,0.0072785,0.0084346
SA0P5
r\m,4.0,4.5,5.0,5.5,6.0,6.5,7.0,7.5,7.8,8.0,8.2
0.0,0.091782,0.19011,0.30081,0.46265,0.63498,0.77703,0.85083,0.83533,0.78495,0.73722,0.68122
1.0,0.046905,0.10876,0.19336,0.31524,0.45851,0.59384,0.68589,0.70722,0.68275,0.65222,0.61243
5.0,0.012295,0.032683,0.068157,0.12473,0.20394,0.29708,0.385,0.44363,0.4566,0.4547,0.44455
10.0,0.0053637,0.01496,0.033085,0.064816,0.11358,0.17747,0.24676,0.30497,0.32726,0.33501,0.33665
15.0,0.0031601,0.0090373,0.02059,0.042097,0.077021,0.12574,0.1827,0.23606,0.26018,0.27118,0.27748
20.0,0.0021369,0.0061975,0.014351,0.030253,0.057098,0.096164,0.14419,0.19227,0.216,0.22802,0.23626
25.0,0.0015678,0.0045912,0.010746,0.023207,0.044869,0.077427,0.11898,0.16258,0.18538,0.19762,0.20684
30.0,0.0012133,0.0035796,0.0084478,0.018605,0.036697,0.064596,0.10127,0.14119,0.16293,0.17512,0.18476
40.0,8.0553E-4,0.0024041,0.0057431,0.013051,0.02656,0.048251,0.078075,0.11238,0.13218,0.14389,0.15377
50.0,5.8383E-4,0.0017578,0.0042368,0.0098674,0.020582,0.038322,0.063551,0.09375,0.11192,0.12304,0.1328
60.0,4.9465E-4,0.0014999,0.0036402,0.0086488,0.018402,0.034959,0.059152,0.089036,0.10759,0.11924,0.12975
70.0,4.2915E-4,0.0013093,0.0031958,0.0077237,0.016713,0.032296,0.055583,0.08511,0.10389,0.11594,0.12702
80.0,3.7887E-4,0.0011619,0.0028513,0.0069928,0.015357,0.030113,0.0526,0.08173,0.10067,0.11301,0.12454
90.0,3.3889E-4,0.0010445,0.0025753,0.0063982,0.014236,0.02828,0.050045,0.078783,0.0978,0.11036,0.12227
100.0,3.0639E-4,9.4845E-4,0.002348,0.0059026,0.013285,0.026707,0.047816,0.07616,0.095207,0.10795,0.12015
110.0,2.7938E-4,8.683E-4,0.0021579,0.0054447,0.012301,0.024815,0.044589,0.071274,0.089297,0.10138,0.113
120.0,2.5656E-4,8.0032E-4,0.0019961,0.0050536,0.011455,0.023187,0.041797,0.067028,0.084137,0.095669,0.10677
130.0,2.3699E-4,7.4189E-4,0.0018563,0.0047149,0.010721,0.021767,0.039356,0.063314,0.079614,0.09062,0.10127
140.0,2.2005E-4,6.9116E-4,0.0017345,0.0044177,0.010077,0.020517,0.037203,0.060011,0.075595,0.08614,0.096365
150.0,2.0523E-4,6.4657E-4,0.0016274,0.0041566,0.0095054,0.019405,0.03528,0.057059,0.071982,0.082119,0.091954
175.0,1.7716E-4,5.6241E-4,0.0014253,0.0036636,0.0084306,0.017315,0.031666,0.051527,0.065223,0.074571,0.083691
200.0,1.5551E-4,4.9682E-4,0.0012665,0.0032744,0.0075755,0.015642,0.028756,0.047017,0.059703,0.0684,0.076927
250.0,1.2409E-4,4.0089E-4,0.0010323,0.0026939,0.0062905,0.013105,0.024304,0.040077,0.051149,0.058788,0.066333
300.0,1.0235E-4,3.3369E-4,8.6636E-4,0.0022788,0.0053615,0.011252,0.021019,0.0349,0.044722,0.051539,0.058307
350.0,8.6387E-5,2.8379E-4,7.4191E-4,0.0019648,0.004653,0.009827,0.018467,0.030845,0.039661,0.04581,0.051939
400.0,7.416E-5,2.4522E-4,6.4496E-4,0.0017182,0.0040917,0.0086902,0.016416,0.02756,0.03554,0.041128,0.046728
450.0,6.4536E-5,2.1468E-4,5.6775E-4,0.0015205,0.0036398,0.0077686,0.014746,0.024865,0.032149,0.037266,0.042411
500.0,5.6722E-5,1.8969E-4,5.0411E-4,0.0013566,0.0032625,0.0069947,0.013334,0.022573,0.029252,0.033958,0.038706
600.0,4.4855E-5,1.5139E-4,4.0581E-4,0.0011014,0.0026705,0.0057709,0.011083,0.018891,0.024579,0.028604,0.03269
700.0,3.6305E-5,1.235E-4,3.335E-4,9.119E-4,0.0022267,0.0048449,0.0093639,0.016053,0.020956,0.024438,0.027991
800.0,2.9889E-5,1.0237E-4,2.7824E-4,7.6586E-4,0.0018819,0.0041195,0.0080067,0.013795,0.018059,0.021097,0.024211
1000.0,2.1004E-5,7.2785E-5,2.0003E-4,5.569E-4,0.0013834,0.0030604,0.0060051,0.010432,0.013721,0.016074,0.018505
1200.0,1.5266E-5,5.3415E-5,1.4817E-4,4.1659E-4,0.0010446,0.0023316,0.0046118,0.0080656,0.010648,0.012501,0.014429
1500.0,9.8603E-6,3.4918E-5,9.8012E-5,2.7911E-4,7.0838E-4,0.0015994,0.0031959,0.0056348,0.0074715,0.0087942,0.010182
SA0P75
r\m,4.0,4.5,5.0,5.5,6.0,6.5,7.0,7.5,7.8,8.0,8.2
0.0,0.041514,0.095534,0.1687,0.29462,0.44418,0.58124,0.65942,0.65023,0.60362,0.55991,0.5081
1.0,0.021402,0.054869,0.10868,0.20081,0.32087,0.44408,0.53136,0.55048,0.52523,0.49551,0.45704
5.0,0.0057319,0.016756,0.038791,0.080174,0.14387,0.22343,0.29955,0.34662,0.35267,0.34669,0.33298
10.0,0.0025376,0.0077738,0.019059,0.0421,0.080889,0.13453,0.19328,0.23967,0.25416,0.25675,0.25341
15.0,0.0015103,0.004743,0.011974,0.027576,0.055273,0.095971,0.14397,0.18652,0.20307,0.2088,0.20978
20.0,0.0010286,0.0032765,0.0084044,0.01995,0.041227,0.073803,0.1142,0.1526,0.16932,0.17626,0.17934
25.0,7.5901E-4,0.0024417,0.006331,0.015385,0.032563,0.059699,0.094605,0.12951,0.14581,0.1533,0.1575
30.0,5.9019E-4,0.0019135,0.0050011,0.012395,0.026744,0.050008,0.080831,0.11287,0.12857,0.13625,0.14112
40.0,3.9489E-4,0.0012956,0.0034275,0.0087618,0.0195,0.037609,0.062703,0.090353,0.10487,0.11255,0.11803
50.0,2.8806E-4,9.5387E-4,0.0025468,0.0066692,0.015205,0.030037,0.051317,0.075739,0.089214,0.096684,0.10237
60.0,2.4373E-4,8.1271E-4,0.0021847,0.005836,0.01357,0.027345,0.047652,0.071739,0.085512,0.093424,0.099721
70.0,2.1127E-4,7.0881E-4,0.0019166,0.0052062,0.012311,0.025224,0.044701,0.068435,0.082407,0.090613,0.097395
80.0,1.8636E-4,6.2867E-4,0.0017088,0.0047105,0.0113,0.0235,0.042246,0.065628,0.079721,0.088172,0.095319
90.0,1.6667E-4,5.6499E-4,0.0015428,0.0043084,0.010471,0.022057,0.040162,0.063208,0.077356,0.086004,0.093455
100.0,1.5064E-4,5.1297E-4,0.0014068,0.0039747,0.0097711,0.02082,0.038358,0.061045,0.075247,0.084045,0.091737
110.0,1.3736E-4,4.6976E-4,0.0012933,0.003667,0.0090485,0.01935,0.035769,0.057133,0.070568,0.078927,0.086284
120.0,1.2616E-4,4.3309E-4,0.0011967,0.0034049,0.00843,0.018085,0.033541,0.053749,0.066511,0.074486,0.081527
130.0,1.1658E-4,4.0171E-4,0.0011136,0.0031783,0.007894,0.016988,0.031598,0.050782,0.062952,0.07058,0.077347
140.0,1.083E-4,3.7438E-4,0.0010411,0.0029804,0.0074235,0.016021,0.029883,0.048158,0.059796,0.067112,0.07362
150.0,1.0105E-4,3.5048E-4,9.7752E-4,0.0028061,0.0070079,0.015162,0.028354,0.045811,0.056972,0.064012,0.070288
175.0,8.7671E-5,3.0654E-4,8.608E-4,0.0024869,0.0062487,0.0136,0.025583,0.041568,0.051865,0.058405,0.06428
200.0,7.7333E-5,2.7224E-4,7.6918E-4,0.0022348,0.0056446,0.012349,0.023347,0.038122,0.047705,0.053818,0.059353
250.0,6.2328E-5,2.2202E-4,6.3357E-4,0.0018583,0.0047365,0.010452,0.019926,0.032806,0.041253,0.046695,0.051655
300.0,5.1921E-5,1.8672E-4,5.3735E-4,0.0015884,0.0040783,0.0090637,0.0174,0.02884,0.036412,0.04132,0.045828
350.0,4.4257E-5,1.6042E-4,4.6506E-4,0.0013837,0.0035752,0.0079939,0.015436,0.025728,0.032592,0.03707,0.041205
400.0,3.8365E-5,1.4003E-4,4.0834E-4,0.0012222,0.0031756,0.0071371,0.013849,0.023205,0.029478,0.03359,0.037409
450.0,3.3729E-5,1.2388E-4,3.6331E-4,0.0010931,0.0028543,0.0064446,0.012563,0.02114,0.026922,0.030728,0.034278
500.0,2.9945E-5,1.1059E-4,3.2597E-4,9.8534E-4,0.0025846,0.00586,0.011469,0.019375,0.024731,0.028269,0.03158
600.0,2.4165E-5,9.0108E-5,2.6794E-4,8.1663E-4,0.0021592,0.0049308,0.0097174,0.01653,0.02118,0.024271,0.027182
700.0,1.996E-5,7.5041E-5,2.2483E-4,6.9014E-4,0.0018375,0.0042217,0.0083689,0.014319,0.018407,0.021138,0.023722
800.0,1.6771E-5,6.3501E-5,1.9154E-4,5.9165E-4,0.001585,0.0036609,0.0072943,0.012544,0.01617,0.018603,0.020914
1000.0,1.2278E-5,4.705E-5,1.4356E-4,4.4826E-4,0.0012137,0.0028285,0.0056842,0.0098599,0.012768,0.014732,0.01661
1200.0,9.2978E-6,3.5984E-5,1.1086E-4,3.4937E-4,9.5466E-4,0.0022412,0.0045356,0.0079237,0.010298,0.011911,0.013459
1500.0,6.3877E-6,2.5027E-5,7.807E-5,2.4893E-4,6.8829E-4,0.0016306,0.0033285,0.0058668,0.0076577,0.0088823,0.010063
SA1P0
r\m,4.0,4.5,5.0,5.5,6.0,6.5,7.0,7.5,7.8,8.0,8.2
0.0,0.023865,0.058145,0.11013,0.21089,0.3393,0.4588,0.52143,0.49924,0.44897,0.40517,0.35631
1.0,0.012261,0.033282,0.070655,0.14302,0.24368,0.34852,0.41795,0.42079,0.38913,0.35733,0.31948
5.0,0.0032909,0.010178,0.025188,0.056917,0.10866,0.1742,0.23395,0.26316,0.25957,0.24847,0.23137
10.0,0.0014632,0.0047417,0.012413,0.029948,0.061123,0.10486,0.15077,0.18165,0.18669,0.18364,0.1757
15.0,8.7414E-4,0.0029047,0.0078248,0.019673,0.041865,0.074921,0.11242,0.14144,0.14921,0.14934,0.14543
20.0,5.9701E-4,0.0020123,0.0055082,0.014268,0.031283,0.0577,0.08927,0.1158,0.12445,0.12612,0.12434
25.0,4.4152E-4,0.0015033,0.0041592,0.011027,0.024752,0.046738,0.07404,0.098369,0.10725,0.10974,0.10927
30.0,3.4401E-4,0.0011806,0.0032928,0.0088993,0.020365,0.039203,0.06333,0.085787,0.094645,0.097608,0.097957
40.0,2.3094E-4,8.0226E-4,0.0022647,0.0063126,0.01489,0.029558,0.049231,0.068791,0.077315,0.080739,0.082039
50.0,1.6892E-4,5.9245E-4,0.0016882,0.0048186,0.011643,0.023667,0.040371,0.057776,0.06588,0.069463,0.071271
60.0,1.4326E-4,5.0611E-4,0.0014518,0.0042257,0.010411,0.02158,0.037544,0.054795,0.06323,0.067214,0.069501
70.0,1.2443E-4,4.4231E-4,0.0012765,0.0037779,0.0094621,0.019941,0.035271,0.052351,0.061029,0.06529,0.067978
80.0,1.0999E-4,3.9324E-4,0.0011407,0.0034252,0.0087035,0.018608,0.03339,0.050278,0.059111,0.063624,0.066634
90.0,9.8559E-5,3.5417E-4,0.0010321,0.0031393,0.0080786,0.017492,0.03179,0.048489,0.057447,0.062147,0.065418
100.0,8.9243E-5,3.2224E-4,9.4306E-4,0.0029018,0.0075532,0.016543,0.03041,0.046914,0.055968,0.060821,0.064327
110.0,8.1537E-5,2.9563E-4,8.6879E-4,0.0026828,0.0070079,0.015402,0.028413,0.043984,0.052583,0.057225,0.060605
120.0,7.5018E-5,2.7315E-4,8.0547E-4,0.002496,0.0065414,0.014422,0.026693,0.04145,0.049649,0.054106,0.057378
130.0,6.945E-5,2.5385E-4,7.5107E-4,0.0023346,0.0061366,0.013571,0.025192,0.039238,0.047081,0.051366,0.054531
140.0,6.4622E-5,2.3705E-4,7.0362E-4,0.0021933,0.0057824,0.012823,0.023866,0.037274,0.044803,0.048929,0.052007
150.0,6.0407E-5,2.2233E-4,6.6193E-4,0.0020692,0.0054691,0.012159,0.022689,0.035528,0.042765,0.046749,0.049742
175.0,5.2619E-5,1.953E-4,5.8566E-4,0.0018425,0.0048995,0.010956,0.020562,0.032375,0.039095,0.042837,0.045675
200.0,4.6602E-5,1.7424E-4,5.2571E-4,0.0016634,0.0044466,0.0099942,0.018846,0.02982,0.036118,0.039648,0.042352
250.0,3.7863E-5,1.4336E-4,4.3705E-4,0.0013962,0.0037651,0.0085348,0.01623,0.025886,0.031504,0.034688,0.037172
300.0,3.1803E-5,1.2165E-4,3.7407E-4,0.0012045,0.0032717,0.0074683,0.014298,0.022957,0.028041,0.03096,0.033259
350.0,2.7337E-5,1.0545E-4,3.2664E-4,0.0010588,0.0028942,0.0066456,0.012796,0.020658,0.025318,0.028012,0.030155
400.0,2.3899E-5,9.2856E-5,2.8945E-4,9.438E-4,0.0025937,0.0059866,0.011585,0.018793,0.023098,0.025601,0.027606
450.0,2.1189E-5,8.2885E-5,2.5984E-4,8.5166E-4,0.002352,0.0054539,0.010601,0.017268,0.021276,0.02362,0.025511
500.0,1.8972E-5,7.4655E-5,2.3523E-4,7.7467E-4,0.0021488,0.0050034,0.0097635,0.015964,0.019713,0.021915,0.023701
600.0,1.5574E-5,6.1915E-5,1.9683E-4,6.5362E-4,0.0018271,0.0042854,0.0084198,0.013856,0.017174,0.019139,0.020746
700.0,1.3086E-5,5.2484E-5,1.6813E-4,5.6232E-4,0.0015823,0.0037346,0.0073806,0.012212,0.015184,0.016955,0.018413
800.0,1.1186E-5,4.5207E-5,1.4579E-4,4.9071E-4,0.0013889,0.0032963,0.0065474,0.010884,0.013569,0.015178,0.016508
1000.0,8.4772E-6,3.4704E-5,1.132E-4,3.8519E-4,0.0011013,0.0026384,0.0052854,0.0088542,0.011087,0.012436,0.013559
1200.0,6.6457E-6,2.7498E-5,9.0558E-5,3.1101E-4,8.9684E-4,0.0021656,0.0043688,0.0073643,0.0092541,0.010402,0.011363
1500.0,4.8098E-6,2.0168E-5,6.7225E-5,2.3362E-4,6.8107E-4,0.0016611,0.0033803,0.0057409,0.0072443,0.0081637,0.0089355
SA1P5
r\m,4.0,4.5,5.0,5.5,6.0,6.5,7.0,7.5,7.8,8.0,8.2
0.0,0.010778,0.027564,0.056589,0.12357,0.21894,0.31235,0.35854,0.33286,0.28816,0.2514,0.21243
1.0,0.0055273,0.015779,0.036257,0.083452,0.15618,0.23543,0.28523,0.2786,0.24813,0.22038,0.18941
5.0,0.0014867,0.0048452,0.012944,0.033096,0.069059,0.11633,0.15768,0.17201,0.16342,0.15136,0.13556
10.0,6.6315E-4,0.0022666,0.006398,0.017423,0.038772,0.069757,0.10112,0.11803,0.11681,0.11116,0.10229
15.0,3.9727E-4,0.0013929,0.0040448,0.011466,0.026568,0.049806,0.07527,0.091678,0.093105,0.090163,0.084436
20.0,2.7188E-4,9.6728E-4,0.0028539,0.0083265,0.019863,0.038339,0.059701,0.074964,0.077529,0.075999,0.072073
25.0,2.014E-4,7.2405E-4,0.0021584,0.0064425,0.01572,0.031051,0.049488,0.06362,0.066752,0.066069,0.06325
30.0,1.5714E-4,5.695E-4,0.0017113,0.0052054,0.012939,0.026046,0.042308,0.055447,0.058857,0.058716,0.056655
40.0,1.0573E-4,3.8811E-4,0.0011805,0.0036996,0.0094732,0.019647,0.032895,0.044434,0.048046,0.048535,0.047413
50.0,7.7505E-5,2.8725E-4,8.8196E-4,0.0028296,0.0074165,0.015744,0.026981,0.037324,0.040942,0.041743,0.041178
60.0,6.6086E-5,2.4698E-4,7.6386E-4,0.0025007,0.0066831,0.014466,0.025281,0.035659,0.039573,0.040669,0.040428
70.0,5.7687E-5,2.1708E-4,6.7592E-4,0.0022502,0.006116,0.01346,0.023914,0.034288,0.038429,0.039759,0.039785
80.0,5.1228E-5,1.9397E-4,6.0742E-4,0.0020527,0.0056604,0.012637,0.022778,0.033128,0.037444,0.038962,0.039221
90.0,4.6089E-5,1.7556E-4,5.5245E-4,0.001892,0.0052854,0.011951,0.021811,0.032125,0.03659,0.038262,0.03871
100.0,4.1906E-5,1.6043E-4,5.0728E-4,0.0017582,0.0049687,0.011364,0.020977,0.031244,0.035826,0.037632,0.038249
110.0,3.8422E-5,1.4782E-4,4.6945E-4,0.0016337,0.0046343,0.010636,0.019701,0.029448,0.033835,0.03559,0.036221
120.0,3.5485E-5,1.3712E-4,4.3727E-4,0.0015273,0.0043467,0.01001,0.018603,0.02789,0.032106,0.033812,0.034458
130.0,3.296E-5,1.2792E-4,4.0946E-4,0.0014352,0.0040972,0.0094644,0.017639,0.026525,0.030587,0.032247,0.032898
140.0,3.0767E-5,1.1992E-4,3.8514E-4,0.0013543,0.0038781,0.0089829,0.01679,0.025314,0.029235,0.030858,0.03151
150.0,2.8852E-5,1.1286E-4,3.6373E-4,0.001283,0.0036843,0.0085554,0.01603,0.02423,0.02803,0.029612,0.030268
175.0,2.5223E-5,9.9574E-5,3.2333E-4,0.0011481,0.0033165,0.0077446,0.014592,0.022176,0.025733,0.027246,0.027909
200.0,2.2419E-5,8.9216E-5,2.9164E-4,0.0010415,0.0030238,0.0070967,0.013435,0.020516,0.023872,0.02532,0.025986
250.0,1.8352E-5,7.4037E-5,2.4472E-4,8.8248E-4,0.0025844,0.0061154,0.011671,0.017962,0.021,0.022342,0.022998
300.0,1.5533E-5,6.3368E-5,2.1137E-4,7.6829E-4,0.002266,0.0053986,0.010371,0.016064,0.018852,0.020108,0.020748
350.0,1.3459E-5,5.5417E-5,1.8625E-4,6.8153E-4,0.0020226,0.0048458,0.0093622,0.014581,0.017165,0.018347,0.01897
400.0,1.1862E-5,4.9234E-5,1.6655E-4,6.1298E-4,0.0018286,0.0044036,0.0085486,0.013376,0.015791,0.016909,0.017513
450.0,1.0596E-5,4.4311E-5,1.5077E-4,5.5777E-4,0.0016717,0.0040437,0.0078842,0.012387,0.014659,0.015722,0.016307
500.0,9.5618E-6,4.025E-5,1.3766E-4,5.1161E-4,0.0015399,0.0037396,0.0073199,0.011543,0.013689,0.014703,0.01527
600.0,7.9721E-6,3.3947E-5,1.1714E-4,4.3882E-4,0.0013306,0.0032538,0.0064124,0.010175,0.012113,0.013042,0.013575
700.0,6.804E-6,2.9261E-5,1.0172E-4,3.8366E-4,0.0011707,0.0028798,0.0057084,0.009106,0.010873,0.011733,0.012233
800.0,5.9073E-6,2.5626E-5,8.9662E-5,3.4016E-4,0.0010437,0.0025807,0.0051417,0.0082392,0.0098648,0.010664,0.011135
1000.0,4.6184E-6,2.0333E-5,7.1905E-5,2.7549E-4,8.5328E-4,0.0021284,0.0042773,0.0069054,0.0083045,0.0090047,0.0094239
1200.0,3.7351E-6,1.6651E-5,5.939E-5,2.2938E-4,7.1611E-4,0.0017993,0.003642,0.005915,0.0071389,0.0077601,0.0081349
1500.0,2.8326E-6,1.2827E-5,4.623E-5,1.8034E-4,5.6863E-4,0.0014418,0.0029448,0.004817,0.0058386,0.0063662,0.0066855
SA2P0
r\m,4.0,4.5,5.0,5.5,6.0,6.5,7.0,7.5,7.8,8.0,8.2
0.0,0.0053902,0.013748,0.028593,0.067625,0.12928,0.19685,0.23818,0.22924,0.20128,0.17698,0.15029
1.0,0.0027977,0.0079666,0.018472,0.045885,0.092368,0.14821,0.18877,0.19086,0.17233,0.15417,0.13314
5.0,7.5463E-4,0.0024617,0.0066285,0.018208,0.040689,0.072659,0.10309,0.11609,0.11168,0.10408,0.093603
10.0,3.3474E-4,0.0011472,0.003266,0.0095404,0.022696,0.0432,0.065424,0.078707,0.078817,0.075433,0.069667
15.0,1.9945E-4,7.0165E-4,0.0020564,0.0062487,0.015462,0.030637,0.048326,0.060617,0.062256,0.060597,0.056945
20.0,1.359E-4,4.8541E-4,0.0014453,0.0045193,0.011506,0.023459,0.038099,0.049222,0.051478,0.050719,0.048247
25.0,1.003E-4,3.6208E-4,0.0010898,0.0034852,0.0090724,0.018918,0.031428,0.041554,0.044069,0.043826,0.042087
30.0,7.8001E-5,2.8393E-4,8.6164E-4,0.0028073,0.0074417,0.015807,0.026755,0.03605,0.038671,0.038756,0.037513
40.0,5.2214E-5,1.9251E-4,5.9143E-4,0.0019849,0.0054179,0.01185,0.020657,0.028673,0.031319,0.031772,0.031127
50.0,3.8102E-5,1.4188E-4,4.4006E-4,0.0015117,0.0042215,0.0094464,0.016849,0.023936,0.026512,0.027151,0.026858
60.0,3.2967E-5,1.2391E-4,3.8762E-4,0.0013599,0.0038736,0.0088365,0.016066,0.023259,0.026061,0.02689,0.026806
70.0,2.9126E-5,1.1038E-4,3.4785E-4,0.0012424,0.0035989,0.008345,0.015418,0.022686,0.025663,0.026653,0.026742
80.0,2.6144E-5,9.9787E-5,3.165E-4,0.001148,0.0033746,0.0079365,0.014871,0.022187,0.025311,0.026433,0.02667
90.0,2.3744E-5,9.1198E-5,2.9098E-4,0.0010702,0.0031864,0.0075887,0.014396,0.021744,0.024989,0.026227,0.026595
100.0,2.1768E-5,8.4106E-5,2.6976E-4,0.0010045,0.0030261,0.0072867,0.013978,0.021346,0.024693,0.026033,0.026514
110.0,2.0109E-5,7.812E-5,2.518E-4,9.4188E-4,0.0028481,0.0068838,0.013249,0.020301,0.023531,0.024839,0.025331
120.0,1.8698E-5,7.2992E-5,2.3632E-4,8.8774E-4,0.0026941,0.0065323,0.012613,0.019385,0.02251,0.02379,0.024289
130.0,1.7475E-5,6.8539E-5,2.2287E-4,8.4047E-4,0.0025588,0.006223,0.01205,0.018574,0.021602,0.022855,0.023359
140.0,1.6407E-5,6.4647E-5,2.11E-4,7.9862E-4,0.0024388,0.005948,0.011548,0.017846,0.020788,0.022016,0.022524
150.0,1.5467E-5,6.1189E-5,2.0045E-4,7.6132E-4,0.0023314,0.0057008,0.011096,0.017189,0.020052,0.021256,0.021768
175.0,1.3487E-5,5.3851E-5,1.7782E-4,6.8006E-4,0.0020949,0.0051505,0.01008,0.0157,0.018374,0.019519,0.020029
200.0,1.1956E-5,4.8134E-5,1.6003E-4,6.1574E-4,0.0019065,0.0047106,0.0092623,0.014493,0.017009,0.018103,0.01861
250.0,9.7356E-6,3.9747E-5,1.3373E-4,5.1965E-4,0.001623,0.0040427,0.0080129,0.012637,0.014899,0.015907,0.016403
300.0,8.197E-6,3.3862E-5,1.1502E-4,4.5063E-4,0.0014174,0.0035543,0.0070902,0.011254,0.01332,0.014256,0.014737
350.0,7.0652E-6,2.9476E-5,1.0092E-4,3.9816E-4,0.0012599,0.0031772,0.0063732,0.010171,0.012077,0.012953,0.013418
400.0,6.1973E-6,2.6072E-5,8.9869E-5,3.5665E-4,0.0011343,0.0028748,0.0057945,0.0092913,0.011063,0.011887,0.012336
450.0,5.4976E-6,2.3315E-5,8.0863E-5,3.226E-4,0.0010306,0.0026237,0.0053105,0.008551,0.010206,0.010984,0.011417
500.0,4.9295E-6,2.1055E-5,7.3417E-5,2.9426E-4,9.439E-4,0.0024124,0.0049015,0.0079221,0.0094761,0.010213,0.010631
600.0,4.0559E-6,1.7541E-5,6.1737E-5,2.4944E-4,8.0573E-4,0.0020736,0.0042409,0.0068992,0.0082837,0.0089497,0.0093391
700.0,3.4145E-6,1.4929E-5,5.2953E-5,2.1539E-4,6.9984E-4,0.0018118,0.0037263,0.0060957,0.0073422,0.0079489,0.008312
800.0,2.9231E-6,1.2905E-5,4.608E-5,1.8852E-4,6.1565E-4,0.0016022,0.0033113,0.0054429,0.006574,0.0071297,0.0074688
1000.0,2.2202E-6,9.9674E-6,3.5988E-5,1.4864E-4,4.8954E-4,0.0012854,0.0026783,0.0044382,0.0053851,0.0058574,0.0061543
1200.0,1.7432E-6,7.9398E-6,2.8923E-5,1.2038E-4,3.9919E-4,0.001056,0.0022152,0.0036954,0.0045005,0.0049068,0.005168
1500.0,1.2635E-6,5.8635E-6,2.1588E-5,9.0687E-5,3.0322E-4,8.0967E-4,0.0017127,0.002881,0.0035245,0.0038535,0.0040706
SA3P0
r\m,4.0,4.5,5.0,5.5,6.0,6.5,7.0,7.5,7.8,8.0,8.2
0.0,0.0021035,0.0052224,0.010639,0.027358,0.058998,0.10216,0.14084,0.15448,0.14661,0.13555,0.12103
1.0,0.0010928,0.0030448,0.0069209,0.018691,0.042244,0.076807,0.11118,0.12786,0.12467,0.11726,0.10645
5.0,2.946E-4,9.4667E-4,0.0025065,0.0074884,0.018653,0.037515,0.060175,0.076724,0.079533,0.077866,0.073547
10.0,1.3053E-4,4.4167E-4,0.0012387,0.0039364,0.010406,0.022241,0.037966,0.051579,0.055566,0.055825,0.054114
15.0,7.7691E-5,2.7014E-4,7.806E-4,0.002581,0.0070884,0.01574,0.027939,0.039502,0.043609,0.044536,0.043904
20.0,5.2899E-5,1.8684E-4,5.4886E-4,0.0018675,0.0052718,0.012035,0.021965,0.031954,0.035897,0.037092,0.037002
25.0,3.9012E-5,1.3934E-4,4.1391E-4,0.0014405,0.0041553,0.0096918,0.018081,0.026889,0.030618,0.031928,0.032148
30.0,3.033E-5,1.0924E-4,3.2733E-4,0.0011605,0.003408,0.0080907,0.015366,0.023269,0.02679,0.028145,0.028554
40.0,2.0284E-5,7.4021E-5,2.2465E-4,8.2063E-4,0.0024793,0.0060545,0.011828,0.018434,0.021598,0.02296,0.023572
50.0,1.4791E-5,5.4522E-5,1.6709E-4,6.249E-4,0.0019305,0.0048195,0.0096263,0.015341,0.018218,0.019544,0.020255
60.0,1.2799E-5,4.7629E-5,1.4724E-4,5.6256E-4,0.0017728,0.0045095,0.0091755,0.014896,0.017889,0.019337,0.020192
70.0,1.1308E-5,4.2434E-5,1.3217E-4,5.1427E-4,0.001648,0.0042596,0.0088046,0.014519,0.0176,0.019148,0.020123
80.0,1.015E-5,3.8354E-5,1.2025E-4,4.7542E-4,0.0015458,0.004052,0.0084889,0.014191,0.017344,0.018973,0.020051
90.0,9.2164E-6,3.5052E-5,1.1055E-4,4.4331E-4,0.0014602,0.0038744,0.0082159,0.013899,0.017111,0.018809,0.019977
100.0,8.449E-6,3.232E-5,1.0248E-4,4.162E-4,0.0013869,0.0037207,0.0079754,0.013638,0.016898,0.018655,0.019902
110.0,7.8039E-6,3.0014E-5,9.5648E-5,3.9043E-4,0.0013063,0.0035174,0.0075653,0.012979,0.016114,0.017813,0.019028
120.0,7.2536E-6,2.8036E-5,8.9752E-5,3.6815E-4,0.0012364,0.0033402,0.0072064,0.012402,0.015424,0.017071,0.018256
130.0,6.7788E-6,2.6321E-5,8.462E-5,3.486E-4,0.0011751,0.0031838,0.0068893,0.011889,0.014811,0.01641,0.017568
140.0,6.3626E-6,2.4814E-5,8.0102E-5,3.3135E-4,0.0011205,0.0030448,0.0066059,0.011429,0.01426,0.015815,0.016948
150.0,5.9968E-6,2.3481E-5,7.6091E-5,3.1594E-4,0.0010717,0.0029199,0.0063507,0.011014,0.013761,0.015277,0.016387
175.0,5.2209E-6,2.0635E-5,6.7417E-5,2.8216E-4,9.6312E-4,0.0026388,0.00577,0.01006,0.012609,0.014026,0.015077
200.0,4.622E-6,1.8415E-5,6.0616E-5,2.5543E-4,8.7667E-4,0.0024137,0.0053024,0.0092871,0.011672,0.013008,0.014007
250.0,3.7529E-6,1.5168E-5,5.0558E-5,2.1551E-4,7.4647E-4,0.0020721,0.0045879,0.0080972,0.010223,0.011427,0.012342
300.0,3.1514E-6,1.2891E-5,4.3418E-5,1.8682E-4,6.5197E-4,0.001822,0.00406,0.0072113,0.0091381,0.01024,0.011086
350.0,2.7093E-6,1.1198E-5,3.8048E-5,1.6503E-4,5.7953E-4,0.0016288,0.0036496,0.0065166,0.008284,0.0093017,0.010091
400.0,2.3704E-6,9.8869E-6,3.3843E-5,1.4778E-4,5.2185E-4,0.0014741,0.0033182,0.0059524,0.0075873,0.0085346,0.0092757
450.0,2.0973E-6,8.8234E-6,3.0416E-5,1.3363E-4,4.7411E-4,0.0013451,0.0030408,0.0054769,0.0069981,0.0078838,0.008582
500.0,1.8757E-6,7.9532E-6,2.7586E-5,1.2185E-4,4.3418E-4,0.0012367,0.0028063,0.005073,0.006496,0.0073284,0.0079886
600.0,1.5355E-6,6.6031E-6,2.3153E-5,1.0323E-4,3.7055E-4,0.0010627,0.0024273,0.0044159,0.0056756,0.0064183,0.0070134
700.0,1.2861E-6,5.601E-6,1.9824E-5,8.9083E-5,3.2176E-4,9.2817E-4,0.002132,0.0038995,0.0050277,0.005697,0.006238
800.0,1.0955E-6,4.8262E-6,1.7224E-5,7.7923E-5,2.8296E-4,8.2041E-4,0.0018937,0.0034799,0.0044989,0.0051067,0.0056014
1000.0,8.2378E-7,3.705E-6,1.3411E-5,6.1364E-5,2.2482E-4,6.5745E-4,0.0015302,0.002834,0.0036805,0.0041898,0.0046091
1200.0,6.4038E-7,2.934E-6,1.0749E-5,4.9636E-5,1.8316E-4,5.3944E-4,0.0012642,0.0023565,0.0030718,0.0035049,0.0038649
1500.0,4.5729E-7,2.1485E-6,7.9927E-6,3.7322E-5,1.3892E-4,4.1278E-4,9.7565E-4,0.0018332,0.0024006,0.0027467,0.0030374
SA4P0
r\m,4.0,4.5,5.0,5.5,6.0,6.5,7.0,7.5,7.8,8.0,8.2
0.0,0.0011256,0.0027723,0.0055659,0.01481,0.034017,0.064302,0.097835,0.11932,0.12109,0.11714,0.10952
1.0,5.8441E-4,0.0016158,0.003627,0.010162,0.024458,0.048446,0.077296,0.098777,0.10296,0.10132,0.096303
5.0,1.5734E-4,5.02E-4,0.0013166,0.0040982,0.010872,0.02375,0.041903,0.059299,0.065669,0.067254,0.0665
10.0,6.9655E-5,2.3407E-4,6.5101E-4,0.00216,0.0060835,0.014106,0.02646,0.039874,0.045878,0.048208,0.048915
15.0,4.1434E-5,1.4313E-4,4.1032E-4,0.0014177,0.0041488,0.0099918,0.019481,0.030543,0.036004,0.038459,0.03968
20.0,2.82E-5,9.8966E-5,2.8856E-4,0.0010267,0.003089,0.0076448,0.015322,0.024709,0.029637,0.032029,0.03344
25.0,2.0793E-5,7.3776E-5,2.1762E-4,7.9228E-4,0.0024359,0.0061594,0.012614,0.020795,0.025281,0.027569,0.029051
30.0,1.6159E-5,5.7829E-5,1.7207E-4,6.385E-4,0.0019987,0.0051437,0.010722,0.017997,0.02212,0.024305,0.025803
40.0,1.0802E-5,3.9178E-5,1.1807E-4,4.5165E-4,0.0014551,0.0038509,0.0082561,0.014259,0.017833,0.019826,0.021301
50.0,7.8726E-6,2.8849E-5,8.7805E-5,3.4402E-4,0.0011336,0.0030668,0.0067204,0.011866,0.015043,0.016877,0.018302
60.0,6.8079E-6,2.5186E-5,7.7335E-5,3.0967E-4,0.0010412,0.002871,0.0064092,0.011528,0.014778,0.016705,0.018253
70.0,6.0131E-6,2.2423E-5,6.9366E-5,2.8305E-4,9.6799E-4,0.0027126,0.006152,0.01124,0.014544,0.016546,0.018197
80.0,5.3924E-6,2.0257E-5,6.3085E-5,2.6161E-4,9.082E-4,0.0025809,0.0059332,0.010988,0.014336,0.0164,0.018137
90.0,4.8945E-6,1.8504E-5,5.7967E-5,2.4391E-4,8.5791E-4,0.0024684,0.0057437,0.010766,0.014148,0.016263,0.018075
100.0,4.4846E-6,1.7055E-5,5.3709E-5,2.2895E-4,8.1497E-4,0.0023709,0.005576,0.010565,0.013974,0.016134,0.018011
110.0,4.1401E-6,1.583E-5,5.0095E-5,2.1472E-4,7.6764E-4,0.0022418,0.0052913,0.010057,0.013328,0.015407,0.017222
120.0,3.8468E-6,1.4781E-5,4.6992E-5,2.0244E-4,7.2668E-4,0.0021293,0.0050412,0.0096107,0.012759,0.014767,0.016525
130.0,3.5931E-6,1.3871E-5,4.4288E-5,1.9166E-4,6.906E-4,0.00203,0.0048199,0.0092143,0.012252,0.014196,0.015903
140.0,3.3716E-6,1.3071E-5,4.1901E-5,1.8214E-4,6.5856E-4,0.0019416,0.0046225,0.0088591,0.011798,0.013683,0.015344
150.0,3.176E-6,1.2365E-5,3.9786E-5,1.7364E-4,6.2991E-4,0.0018622,0.0044445,0.0085382,0.011387,0.013215,0.014836
175.0,2.7637E-6,1.0856E-5,3.5229E-5,1.5503E-4,5.6617E-4,0.0016833,0.0040389,0.007799,0.010433,0.012136,0.013649
200.0,2.4445E-6,9.6833E-6,3.1652E-5,1.4032E-4,5.1542E-4,0.00154,0.0037122,0.0072007,0.0096579,0.011254,0.01268
250.0,1.9823E-6,7.9633E-6,2.6366E-5,1.1834E-4,4.3895E-4,0.0013225,0.0032127,0.006279,0.0084594,0.0098864,0.011171
300.0,1.6624E-6,6.7589E-6,2.2618E-5,1.0255E-4,3.8339E-4,0.0011632,0.0028438,0.0055923,0.0075619,0.0088587,0.010034
350.0,1.4275E-6,5.8648E-6,1.9804E-5,9.0559E-5,3.4087E-4,0.00104,0.0025568,0.0050543,0.0068552,0.0080473,0.0091333
400.0,1.2476E-6,5.1721E-6,1.7601E-5,8.1086E-5,3.0698E-4,9.4136E-4,0.0023249,0.0046171,0.0062788,0.0073836,0.0083946
450.0,1.1026E-6,4.6107E-6,1.5806E-5,7.3301E-5,2.7891E-4,8.5912E-4,0.0021307,0.0042484,0.0057911,0.0068205,0.0077663
500.0,9.8506E-7,4.1516E-6,1.4325E-5,6.683E-5,2.5544E-4,7.8998E-4,0.0019665,0.0039354,0.0053756,0.0063398,0.0072288
600.0,8.0469E-7,3.4397E-6,1.2007E-5,5.66E-5,2.1803E-4,6.7896E-4,0.0017011,0.0034259,0.0046967,0.005552,0.0063457
700.0,6.7264E-7,2.9119E-6,1.0268E-5,4.8833E-5,1.8935E-4,5.9309E-4,0.0014942,0.0030255,0.0041604,0.0049277,0.0056435
800.0,5.7181E-7,2.5043E-6,8.9106E-6,4.2707E-5,1.6653E-4,5.2428E-4,0.0013273,0.0027,0.0037227,0.0044167,0.005067
1000.0,4.2832E-7,1.9153E-6,6.9237E-6,3.3622E-5,1.3233E-4,4.202E-4,0.0010724,0.002199,0.0030453,0.003623,0.0041686
1200.0,3.3171E-7,1.5113E-6,5.5385E-6,2.7191E-5,1.0782E-4,3.448E-4,8.859E-4,0.0018286,0.0025414,0.0030301,0.0034947
1500.0,2.3556E-7,1.1008E-6,4.1071E-6,2.0441E-5,8.179E-5,2.6383E-4,6.8355E-4,0.0014225,0.0019857,0.0023738,0.0027458
SA5P0
r\m,4.0,4.5,5.0,5.5,6.0,6.5,7.0,7.5,7.8,8.0,8.2
0.0,6.8329E-4,0.0016766,0.0033397,0.0090027,0.021395,0.042646,0.069477,0.0916,0.097763,0.097905,0.094882
1.0,3.5454E-4,9.7615E-4,0.002176,0.0061992,0.015454,0.032294,0.055165,0.076213,0.08355,0.085126,0.083874
5.0,9.5346E-5,3.0277E-4,7.8963E-4,0.0025145,0.0069282,0.015989,0.030221,0.046273,0.053928,0.057213,0.058661
10.0,4.2189E-5,1.4108E-4,3.9039E-4,0.0013286,0.0038935,0.0095489,0.019202,0.031336,0.037965,0.041343,0.043516
15.0,2.5083E-5,8.6221E-5,2.4597E-4,8.7333E-4,0.0026623,0.0067861,0.014191,0.024109,0.02994,0.033155,0.035494
20.0,1.7066E-5,5.9598E-5,1.7296E-4,6.3297E-4,0.0019852,0.0052038,0.011192,0.019568,0.02473,0.027715,0.030029
25.0,1.258E-5,4.4424E-5,1.3042E-4,4.8876E-4,0.0015678,0.0042004,0.0092335,0.016509,0.021152,0.023924,0.026166
30.0,9.7739E-6,3.4819E-5,1.0312E-4,3.9409E-4,0.0012877,0.0035123,0.0078619,0.014316,0.01855,0.02114,0.0233
40.0,6.5317E-6,2.3581E-5,7.0751E-5,2.79E-4,9.3898E-4,0.0026355,0.0060703,0.011379,0.015008,0.017309,0.019309
50.0,4.7594E-6,1.7357E-5,5.2608E-5,2.126E-4,7.3242E-4,0.0021023,0.0049518,0.0094935,0.012694,0.014778,0.016642
60.0,4.1127E-6,1.5144E-5,4.6302E-5,1.9137E-4,6.731E-4,0.0019704,0.0047307,0.0092426,0.0125,0.014663,0.016642
70.0,3.6301E-6,1.3477E-5,4.1511E-5,1.749E-4,6.2623E-4,0.001864,0.0045471,0.0090274,0.012327,0.014555,0.016628
80.0,3.254E-6,1.217E-5,3.7734E-5,1.6167E-4,5.8777E-4,0.0017751,0.0043914,0.0088399,0.012172,0.014453,0.016605
90.0,2.9514E-6,1.1113E-5,3.4657E-5,1.507E-4,5.5548E-4,0.0016993,0.0042561,0.0086728,0.012031,0.014356,0.016577
100.0,2.7033E-6,1.0237E-5,3.2101E-5,1.4146E-4,5.2783E-4,0.0016333,0.0041364,0.0085221,0.0119,0.014264,0.016544
110.0,2.4948E-6,9.4987E-6,2.9936E-5,1.3265E-4,4.9725E-4,0.0015445,0.0039251,0.0081127,0.01135,0.013621,0.015819
120.0,2.3171E-6,8.8663E-6,2.8068E-5,1.2502E-4,4.7068E-4,0.0014672,0.0037401,0.0077532,0.010866,0.013055,0.015179
130.0,2.1634E-6,8.3165E-6,2.6441E-5,1.1835E-4,4.4732E-4,0.0013989,0.0035765,0.0074338,0.010435,0.012551,0.014608
140.0,2.0292E-6,7.8369E-6,2.5013E-5,1.1244E-4,4.2658E-4,0.001338,0.0034302,0.0071479,0.010048,0.012098,0.014094
150.0,1.911E-6,7.4099E-6,2.3741E-5,1.0718E-4,4.0795E-4,0.0012834,0.0032983,0.0068894,0.0096983,0.011687,0.013628
175.0,1.6622E-6,6.5036E-6,2.1012E-5,9.5662E-5,3.6666E-4,0.0011603,0.0029978,0.0062936,0.0088864,0.01073,0.012536
200.0,1.4697E-6,5.7975E-6,1.887E-5,8.6558E-5,3.3384E-4,0.0010617,0.0027557,0.005811,0.0082262,0.0099501,0.011645
250.0,1.1908E-6,4.7639E-6,1.5706E-5,7.2971E-5,2.8432E-4,9.1195E-4,0.0023855,0.0050679,0.0072057,0.0087404,0.010259
300.0,9.9785E-7,4.0404E-6,1.3464E-5,6.3213E-5,2.4836E-4,8.0225E-4,0.0021119,0.004514,0.0064412,0.0078314,0.0092136
350.0,8.5618E-7,3.5037E-6,1.178E-5,5.5806E-5,2.2081E-4,7.175E-4,0.0018991,0.00408,0.0058391,0.0071139,0.0083855
400.0,7.4768E-7,3.087E-6,1.0464E-5,4.9952E-5,1.9884E-4,6.4946E-4,0.0017271,0.0037273,0.0053484,0.006527,0.0077071
450.0,6.6032E-7,2.7505E-6,9.3915E-6,4.5147E-5,1.8068E-4,5.928E-4,0.001583,0.0034298,0.0049329,0.0060291,0.0071296
500.0,5.8951E-7,2.475E-6,8.5074E-6,4.1153E-5,1.6548E-4,5.4514E-4,0.0014612,0.0031771,0.004579,0.0056041,0.0066357
600.0,4.809E-7,2.0483E-6,7.1241E-6,3.4841E-5,1.4125E-4,4.686E-4,0.0012643,0.0027659,0.0040006,0.0049076,0.0058243
700.0,4.0144E-7,1.7321E-6,6.0871E-6,3.005E-5,1.2268E-4,4.0938E-4,0.0011107,0.0024426,0.0035437,0.0043557,0.0051791
800.0,3.408E-7,1.488E-6,5.2783E-6,2.6273E-5,1.079E-4,3.6191E-4,9.8675E-4,0.0021799,0.0031708,0.003904,0.0046496
1000.0,2.5461E-7,1.1358E-6,4.0953E-6,2.0675E-5,8.5747E-5,2.9009E-4,7.975E-4,0.0017753,0.0025937,0.0032025,0.0038243
1200.0,1.9667E-7,8.945E-7,3.2715E-6,1.6714E-5,6.9872E-5,2.3804E-4,6.5895E-4,0.0014761,0.0021643,0.0026785,0.0032055
1500.0,1.3913E-7,6.4974E-7,2.4214E-6,1.2558E-5,5.3008E-5,1.8214E-4,5.0859E-4,0.0011482,0.0016909,0.0020985,0.0025178
SA7P5
r\m,4.0,4.5,5.0,5.5,6.0,6.5,7.0,7.5,7.8,8.0,8.2
0.0,2.6454E-4,6.4215E-4,0.0012649,0.0034164,0.0082868,0.017471,0.031118,0.046151,0.053398,0.056695,0.058416
1.0,1.3671E-4,3.727E-4,8.2281E-4,0.0023662,0.0060624,0.013452,0.025195,0.039229,0.046664,0.050419,0.052823
5.0,3.659E-5,1.1511E-4,2.9778E-4,9.6986E-4,0.0027845,0.0068892,0.014395,0.025008,0.031747,0.035789,0.039089
10.0,1.6162E-5,5.3551E-5,1.4704E-4,5.1531E-4,0.0015859,0.0041963,0.0093829,0.017466,0.023126,0.026813,0.030122
15.0,9.5998E-6,3.2695E-5,9.2582E-5,3.3975E-4,0.0010928,0.0030186,0.0070461,0.013706,0.018643,0.022014,0.02519
20.0,6.5283E-6,2.259E-5,6.5078E-5,2.4685E-4,8.1946E-4,0.0023346,0.0056202,0.011281,0.015642,0.018711,0.021694
25.0,4.8115E-6,1.6832E-5,4.9057E-5,1.909E-4,6.4989E-4,0.0018968,0.004678,0.009622,0.013543,0.016363,0.019166
30.0,3.7371E-6,1.3188E-5,3.8771E-5,1.5413E-4,5.3565E-4,0.0015948,0.0040118,0.0084188,0.011995,0.014613,0.017259
40.0,2.4958E-6,8.9267E-6,2.6594E-5,1.0935E-4,3.9264E-4,0.0012069,0.0031331,0.006787,0.0098584,0.012168,0.01456
50.0,1.8182E-6,6.569E-6,1.978E-5,8.3439E-5,3.0752E-4,9.6903E-4,0.0025784,0.0057252,0.0084418,0.010525,0.012724
60.0,1.5686E-6,5.7247E-6,1.7379E-5,7.5163E-5,2.8336E-4,9.1279E-4,0.0024806,0.005624,0.008397,0.010557,0.01287
70.0,1.3825E-6,5.0879E-6,1.5566E-5,6.873E-5,2.642E-4,8.6704E-4,0.002399,0.0055359,0.0083524,0.010576,0.012985
80.0,1.238E-6,4.5899E-6,1.4137E-5,6.3559E-5,2.4847E-4,8.2869E-4,0.0023289,0.0054569,0.0083092,0.010585,0.013076
90.0,1.122E-6,4.1873E-6,1.2975E-5,5.9274E-5,2.352E-4,7.9584E-4,0.0022676,0.0053854,0.0082669,0.010588,0.013151
100.0,1.0267E-6,3.8547E-6,1.2009E-5,5.5655E-5,2.2384E-4,7.6717E-4,0.0022131,0.0053196,0.0082251,0.010586,0.013213
110.0,9.4643E-7,3.574E-6,1.119E-5,5.2162E-5,2.1083E-4,7.2552E-4,0.0021004,0.0050647,0.0078452,0.010109,0.012632
120.0,8.7828E-7,3.3336E-6,1.0487E-5,4.9145E-5,1.9951E-4,6.8921E-4,0.0020018,0.0048408,0.0075108,0.0096889,0.01212
130.0,8.1944E-7,3.1251E-6,9.8737E-6,4.6507E-5,1.8958E-4,6.5721E-4,0.0019144,0.0046421,0.0072134,0.0093139,0.011663
140.0,7.6815E-7,2.943E-6,9.3341E-6,4.4168E-5,1.8076E-4,6.2868E-4,0.0018364,0.0044639,0.0069462,0.0089775,0.011252
150.0,7.2279E-7,2.7813E-6,8.8555E-6,4.2084E-5,1.7286E-4,6.0301E-4,0.0017661,0.0043028,0.0067044,0.0086724,0.010879
175.0,6.2817E-7,2.4393E-6,7.8344E-6,3.7544E-5,1.5537E-4,5.4535E-4,0.0016057,0.0039313,0.006143,0.0079614,0.010006
200.0,5.55E-7,2.1733E-6,7.0299E-6,3.3956E-5,1.4143E-4,4.9912E-4,0.0014765,0.0036304,0.0056868,0.0073821,0.0092925
250.0,4.4917E-7,1.7839E-6,5.8439E-6,2.8598E-5,1.2042E-4,4.2891E-4,0.0012787,0.0031667,0.0049811,0.0064835,0.0081837
300.0,3.7599E-7,1.5113E-6,5.005E-6,2.4757E-5,1.0519E-4,3.7743E-4,0.0011325,0.0028212,0.0044528,0.0058086,0.0073478
350.0,3.2234E-7,1.309E-6,4.3752E-6,2.1843E-5,9.351E-5,3.3763E-4,0.0010187,0.0025503,0.0040367,0.0052758,0.0066861
400.0,2.8128E-7,1.1526E-6,3.8835E-6,1.9542E-5,8.4208E-5,3.0573E-4,9.2668E-4,0.0023301,0.0036973,0.0048402,0.0061437
450.0,2.4827E-7,1.026E-6,3.4828E-6,1.7653E-5,7.6511E-5,2.7911E-4,8.4957E-4,0.0021445,0.0034101,0.0044705,0.0056824
500.0,2.2153E-7,9.2251E-7,3.1528E-6,1.6084E-5,7.0074E-5,2.5673E-4,7.8436E-4,0.0019867,0.0031655,0.004155,0.0052879
600.0,1.8056E-7,7.6226E-7,2.6368E-6,1.3607E-5,5.9812E-5,2.2077E-4,6.789E-4,0.0017299,0.0027656,0.0036381,0.0046399
700.0,1.5063E-7,6.4364E-7,2.2504E-6,1.1728E-5,5.1944E-5,1.9295E-4,5.966E-4,0.001528,0.0024498,0.0032286,0.0041249
800.0,1.2781E-7,5.5217E-7,1.9492E-6,1.0248E-5,4.5687E-5,1.7063E-4,5.3014E-4,0.0013639,0.002192,0.0028934,0.0037023
1000.0,9.5408E-8,4.2034E-7,1.5093E-6,8.0558E-6,3.6309E-5,1.3686E-4,4.2863E-4,0.0011111,0.001793,0.002373,0.003044
1200.0,7.3659E-8,3.3018E-7,1.2035E-6,6.5064E-6,2.9589E-5,1.1237E-4,3.5427E-4,9.2404E-4,0.0014962,0.0019844,0.0025506
1500.0,5.2083E-8,2.3895E-7,8.8848E-7,4.8831E-6,2.2452E-5,8.6047E-5,2.7352E-4,7.1898E-4,0.0011689,0.0015543,0.0020025
SA10P0
r\m,4.0,4.5,5.0,5.5,6.0,6.5,7.0,7.5,7.8,8.0,8.2
0.0,1.4967E-4,3.5936E-4,7.0427E-4,0.0018841,0.0045435,0.0096427,0.017639,0.027421,0.032961,0.036033,0.038343
1.0,7.7021E-5,2.0822E-4,4.5755E-4,0.0013082,0.0033503,0.0075165,0.014505,0.023733,0.029353,0.032662,0.035337
5.0,2.0527E-5,6.4164E-5,1.6527E-4,5.3904E-4,0.0015637,0.0039512,0.0085788,0.015784,0.020909,0.024321,0.027468
10.0,9.0557E-6,2.9817E-5,8.1539E-5,2.8736E-4,8.9903E-4,0.002445,0.0057143,0.011331,0.015705,0.018826,0.021907
15.0,5.3763E-6,1.8199E-5,5.1326E-5,1.8988E-4,6.231E-4,0.001776,0.0043505,0.0090499,0.012916,0.015791,0.018745
20.0,3.6557E-6,1.2571E-5,3.6063E-5,1.3813E-4,4.6927E-4,0.0013832,0.0035045,0.0075435,0.010993,0.013629,0.016409
25.0,2.6935E-6,9.3664E-6,2.7177E-5,1.0695E-4,3.7335E-4,0.0011301,0.0029395,0.0064977,0.0096229,0.012061,0.014681
30.0,2.0919E-6,7.3355E-6,2.148E-5,8.6453E-5,3.085E-4,9.5432E-4,0.0025368,0.0057313,0.008601,0.010877,0.013358
40.0,1.3973E-6,4.9649E-6,1.4729E-5,6.1429E-5,2.2709E-4,7.2737E-4,0.0020011,0.0046799,0.0071715,0.0091971,0.011457
50.0,1.0176E-6,3.6533E-6,1.0947E-5,4.6942E-5,1.7842E-4,5.8724E-4,0.0016595,0.003987,0.00621,0.0080512,0.01014
60.0,8.7694E-7,3.18E-6,9.6164E-6,4.2311E-5,1.6481E-4,5.5543E-4,0.0016066,0.0039487,0.0062337,0.0081553,0.010364
70.0,7.7235E-7,2.8247E-6,8.6078E-6,3.8717E-5,1.5396E-4,5.2945E-4,0.0015619,0.0039134,0.0062494,0.008238,0.010549
80.0,6.9102E-7,2.5463E-6,7.8135E-6,3.582E-5,1.4502E-4,5.0756E-4,0.0015233,0.0038809,0.0062591,0.0083052,0.010705
90.0,6.2586E-7,2.3217E-6,7.1674E-6,3.3422E-5,1.3748E-4,4.8878E-4,0.0014892,0.0038505,0.0062644,0.0083608,0.01084
100.0,5.7232E-7,2.1362E-6,6.6307E-6,3.1393E-5,1.3102E-4,4.7229E-4,0.0014587,0.0038217,0.0062663,0.0084068,0.010956
110.0,5.2746E-7,1.9798E-6,6.1766E-6,2.9418E-5,1.2338E-4,4.4662E-4,0.0013845,0.0036389,0.0059768,0.0080278,0.010474
120.0,4.8914E-7,1.8459E-6,5.786E-6,2.7709E-5,1.1673E-4,4.2427E-4,0.0013196,0.0034781,0.0057221,0.0076936,0.010048
130.0,4.5625E-7,1.7299E-6,5.4459E-6,2.6215E-5,1.1091E-4,4.0455E-4,0.0012621,0.0033354,0.0054954,0.0073959,0.009669
140.0,4.2751E-7,1.6283E-6,5.147E-6,2.489E-5,1.0573E-4,3.8696E-4,0.0012107,0.0032075,0.0052919,0.0071284,0.0093272
150.0,4.0221E-7,1.5384E-6,4.8817E-6,2.3712E-5,1.011E-4,3.7116E-4,0.0011644,0.0030919,0.0051076,0.0068859,0.0090173
175.0,3.4938E-7,1.3489E-6,4.3161E-6,2.115E-5,9.0852E-5,3.3573E-4,0.0010589,0.0028252,0.00468,0.0063207,0.0082918
200.0,3.0867E-7,1.2013E-6,3.8728E-6,1.9123E-5,8.2702E-5,3.0732E-4,9.7387E-4,0.0026092,0.0043323,0.0058602,0.0076997
250.0,2.4974E-7,9.8552E-7,3.2185E-6,1.61E-5,7.0413E-5,2.6412E-4,8.4368E-4,0.0022763,0.0037947,0.0051462,0.0067791
300.0,2.0902E-7,8.3447E-7,2.7551E-6,1.3932E-5,6.1485E-5,2.3245E-4,7.474E-4,0.0020282,0.0033921,0.0046101,0.0060853
350.0,1.7924E-7,7.2253E-7,2.4074E-6,1.2289E-5,5.4654E-5,2.0797E-4,6.7238E-4,0.0018336,0.0030751,0.0041867,0.0055363
400.0,1.5644E-7,6.3598E-7,2.1361E-6,1.0992E-5,4.921E-5,1.8831E-4,6.1179E-4,0.0016755,0.0028166,0.0038407,0.0050865
450.0,1.3811E-7,5.6592E-7,1.9152E-6,9.9267E-6,4.4704E-5,1.7193E-4,5.6095E-4,0.001542,0.0025978,0.0035471,0.0047039
500.0,1.2328E-7,5.087E-7,1.7332E-6,9.0426E-6,4.0937E-5,1.5814E-4,5.1797E-4,0.0014287,0.0024114,0.0032966,0.0043768
600.0,1.0056E-7,4.2012E-7,1.4488E-6,7.6466E-6,3.4933E-5,1.3599E-4,4.4842E-4,0.0012442,0.0021068,0.0028861,0.0038397
700.0,8.3966E-8,3.546E-7,1.2358E-6,6.5884E-6,3.0331E-5,1.1885E-4,3.9413E-4,0.001099,0.0018662,0.002561,0.003413
800.0,7.1319E-8,3.0409E-7,1.07E-6,5.755E-6,2.667E-5,1.051E-4,3.5027E-4,9.8103E-4,0.0016698,0.0022949,0.0030629
1000.0,5.3361E-8,2.3134E-7,8.2783E-7,4.5213E-6,2.1187E-5,8.4279E-5,2.8327E-4,7.9926E-4,0.0013658,0.0018819,0.0025177
1200.0,4.1299E-8,1.8163E-7,6.5959E-7,3.6498E-6,1.7258E-5,6.9182E-5,2.3416E-4,6.6477E-4,0.0011397,0.0015735,0.0021092
1500.0,2.9318E-8,1.3135E-7,4.8643E-7,2.7373E-6,1.3087E-5,5.2956E-5,1.8082E-4,5.1728E-4,8.9042E-4,0.0012323,0.0016556
