PGA
r\m,4.0,4.5,5.0,5.5,6.0,6.5,7.0,7.5,7.8,8.0,8.2
0.0,0.94578,1.1281,1.3255,1.5347,1.7413,1.9610,2.1564,2.2095,2.2476,2.2659,2.2735
1.0,0.79145,1.0043,1.2031,1.4100,1.6141,1.8338,2.0343,2.1363,2.1772,2.1928,2.1950
5.0,0.21927,0.38441,0.61494,0.88815,1.1537,1.4285,1.6751,1.8451,1.9002,1.9217,1.9313
10.0,0.074694,0.14490,0.26321,0.45032,0.67789,0.96147,1.2635,1.5373,1.6111,1.6522,1.6594
15.0,0.036126,0.072820,0.13933,0.25511,0.41703,0.64896,0.93262,1.2277,1.3724,1.4224,1.4699
20.0,0.020728,0.042709,0.084016,0.15940,0.27280,0.45102,0.69186,0.97027,1.1356,1.2236,1.2828
25.0,0.012976,0.027151,0.054428,0.10577,0.18677,0.32205,0.52122,0.77158,0.93106,1.0361,1.1193
30.0,0.0089025,0.018840,0.038242,0.075475,0.13590,0.24059,0.40414,0.62311,0.77188,0.87431,0.98216
40.0,0.0049558,0.010664,0.022080,0.044514,0.081881,0.15021,0.26409,0.43029,0.55167,0.64318,0.74797
50.0,0.0031447,0.0068542,0.014405,0.029505,0.055057,0.10370,0.18917,0.32584,0.43498,0.51661,0.60965
60.0,0.0024280,0.0053502,0.011360,0.023523,0.044252,0.084245,0.15593,0.27453,0.36658,0.43822,0.52059
70.0,0.0020132,0.0044694,0.0095525,0.019906,0.037639,0.072161,0.13538,0.23888,0.32115,0.38581,0.46067
80.0,0.0017112,0.0038244,0.0082204,0.017226,0.032746,0.063226,0.11949,0.21208,0.28662,0.34570,0.41445
90.0,0.0014907,0.0033528,0.0072366,0.015213,0.029124,0.056626,0.10724,0.19148,0.25965,0.31388,0.37710
100.0,0.0013115,0.0029679,0.0064315,0.013564,0.026126,0.051061,0.096994,0.17411,0.23673,0.28678,0.34531
110.0,0.0011636,0.0026483,0.0057609,0.012178,0.023580,0.046227,0.088094,0.15875,0.21631,0.26245,0.31650
120.0,0.0010391,0.0023784,0.0051934,0.011005,0.021397,0.042100,0.080465,0.14553,0.19867,0.24138,0.29148
130.0,0.00092117,0.0021222,0.0046591,0.0099098,0.019377,0.038295,0.073484,0.13350,0.18278,0.22256,0.26932
140.0,0.00081965,0.0018996,0.0041956,0.0089549,0.017602,0.034936,0.067294,0.12275,0.16864,0.20579,0.24959
150.0,0.00073234,0.0017073,0.0037925,0.0081192,0.016042,0.031967,0.061798,0.11317,0.15595,0.19073,0.23186
175.0,0.00056361,0.0013314,0.0029961,0.0064645,0.012898,0.025902,0.050550,0.093523,0.12981,0.15954,0.19488
200.0,0.00044469,0.0010634,0.0024208,0.0052716,0.010580,0.021369,0.042087,0.078629,0.10981,0.13554,0.16627
250.0,0.00027244,0.00066890,0.0015559,0.0034573,0.0070658,0.014516,0.029193,0.055648,0.078503,0.097552,0.12051
300.0,0.00017571,0.00044196,0.0010489,0.0023605,0.0049262,0.010315,0.021175,0.041120,0.058525,0.073153,0.090219
350.0,0.00011761,0.00030257,0.00073261,0.0016690,0.0035486,0.0075607,0.015786,0.031146,0.044659,0.055770,0.069104
400.0,8.0945e-05,0.00021272,0.00052505,0.0012107,0.0026188,0.0056686,0.012011,0.024033,0.034563,0.043282,0.053845
450.0,5.5101e-05,0.00014814,0.00037393,0.00089124,0.0019548,0.0042963,0.0092289,0.018711,0.026967,0.033903,0.042342
500.0,3.8376e-05,0.00010539,0.00027156,0.00066737,0.0014812,0.0033017,0.0071816,0.014714,0.021280,0.026843,0.033636
600.0,2.0451e-05,5.8183e-05,0.00015467,0.00039620,0.00090290,0.0020511,0.0045419,0.0093728,0.013621,0.017216,0.021563
700.0,1.1188e-05,3.1667e-05,8.6933e-05,0.00023091,0.00053978,0.0012554,0.0028269,0.0059059,0.0086313,0.010951,0.013778
800.0,5.7884e-06,1.7589e-05,4.9816e-05,0.00013668,0.00032943,0.00078053,0.0017897,0.0037649,0.0055309,0.0068640,0.0086968
1000.0,1.7696e-06,5.6950e-06,1.7109e-05,4.8255e-05,0.00012168,0.00030060,0.00070877,0.0015330,0.0022800,0.0029401,0.0037442
1200.0,5.7636e-07,1.9102e-06,5.8617e-06,1.7969e-05,4.7698e-05,0.00012316,0.00029572,0.00066495,0.0010031,0.0012967,0.0016372
1500.0,1.0003e-07,3.5529e-07,1.2130e-06,4.1255e-06,1.1579e-05,3.1002e-05,7.8563e-05,0.00017582,0.00027021,0.00036166,0.00045486
PGV
r\m,4.0,4.5,5.0,5.5,6.0,6.5,7.0,7.5,7.8,8.0,8.2
0.0,12.114,19.363,29.142,37.836,47.859,61.705,83.842,109.03,129.97,146.65,165.07
1.0,9.2094,16.383,26.400,35.855,46.457,60.537,82.385,108.83,129.80,145.28,160.92
5.0,1.7400,4.2756,9.7023,19.006,31.963,48.492,71.147,99.296,120.28,135.36,150.39
10.0,0.58726,1.5194,3.7526,8.5530,17.671,32.479,54.898,85.444,106.12,122.42,138.43
15.0,0.29251,0.77607,1.9785,4.7524,10.689,21.835,40.893,69.861,92.975,109.02,127.71
20.0,0.17544,0.47446,1.2331,3.0432,7.1358,15.476,31.000,56.765,79.197,96.403,114.64
25.0,0.11285,0.30891,0.81691,2.0599,4.9526,11.234,23.927,46.371,66.656,83.673,102.35
30.0,0.079884,0.22058,0.58999,1.5067,3.6689,8.5433,18.963,38.330,56.630,72.365,91.936
40.0,0.047501,0.13336,0.36141,0.93729,2.3356,5.5931,12.932,27.743,42.330,55.565,72.519
50.0,0.032100,0.091329,0.24967,0.65362,1.6539,4.0271,9.5926,21.746,34.420,45.899,60.892
60.0,0.025839,0.074333,0.20513,0.54194,1.3807,3.3922,8.1948,18.970,29.997,40.231,53.677
70.0,0.021621,0.062803,0.17467,0.46495,1.1933,2.9581,7.2572,16.846,26.832,36.178,48.536
80.0,0.018946,0.055507,0.15552,0.41674,1.0769,2.6906,6.6466,15.502,24.782,33.498,45.054
90.0,0.017072,0.050427,0.14211,0.38304,0.99572,2.5100,6.1996,14.563,23.280,31.474,42.343
100.0,0.015496,0.046130,0.13077,0.35436,0.92644,2.3508,5.8154,13.745,21.977,29.714,39.970
110.0,0.014153,0.042442,0.12103,0.32962,0.86635,2.2089,5.4796,13.027,20.826,28.163,37.889
120.0,0.012984,0.039230,0.11247,0.30795,0.81374,2.0837,5.1836,12.389,19.811,26.783,36.030
130.0,0.011901,0.036232,0.10450,0.28764,0.76396,1.9664,4.9071,11.787,18.855,25.503,34.322
140.0,0.010907,0.033468,0.097102,0.26866,0.71664,1.8541,4.6441,11.207,17.941,24.282,32.697
150.0,0.0099845,0.030866,0.090071,0.25038,0.67096,1.7448,4.3862,10.633,17.045,23.084,31.120
175.0,0.0080612,0.025361,0.075057,0.21113,0.57130,1.5026,3.8128,9.3490,15.040,20.421,27.594
200.0,0.0066124,0.021151,0.063422,0.18059,0.49260,1.3093,3.3514,8.3053,13.416,18.266,24.748
250.0,0.0044930,0.014793,0.045660,0.13260,0.37164,1.0074,2.6252,6.6081,10.856,14.950,20.489
300.0,0.0031881,0.010780,0.034160,0.10077,0.29028,0.80330,2.1318,5.4470,9.0809,12.627,17.343
350.0,0.0023352,0.0080950,0.026302,0.078850,0.23229,0.65506,1.7704,4.5824,7.7304,10.769,14.904
400.0,0.0017503,0.0062131,0.020671,0.062956,0.18916,0.54283,1.4931,3.9098,6.6389,9.2986,12.955
450.0,0.0013023,0.0047398,0.016192,0.050773,0.15527,0.45308,1.2677,3.3571,5.7319,8.0793,11.327
500.0,0.00098908,0.0036843,0.012897,0.041544,0.12912,0.38269,1.0875,2.9068,4.9968,7.0850,9.9935
600.0,0.00059790,0.0023251,0.0084633,0.028508,0.091818,0.27999,0.81729,2.2264,3.8827,5.5570,7.9120
700.0,0.00037911,0.0015318,0.0057741,0.020249,0.067333,0.21076,0.63042,1.7484,3.0885,4.4576,6.4010
800.0,0.00024933,0.0010422,0.0040574,0.014719,0.050540,0.16212,0.49532,1.3992,2.5005,3.6373,5.2644
1000.0,0.00011685,0.00051793,0.0021433,0.0082689,0.030035,0.10055,0.31791,0.93196,1.7031,2.5127,3.6888
1200.0,5.9441e-05,0.00027668,0.0012069,0.0049150,0.018762,0.065313,0.21324,0.64658,1.2053,1.8010,2.6785
1500.0,2.1746e-05,0.00010942,0.00051480,0.0022725,0.0092893,0.034211,0.11792,0.37651,0.72189,1.0982,1.6632
SA0P01
r\m,4.0,4.5,5.0,5.5,6.0,6.5,7.0,7.5,7.8,8.0,8.2
0.0,0.97439,1.1780,1.3985,1.6327,1.8597,2.0968,2.3039,2.3712,2.4232,2.4530,2.4673
1.0,0.81479,1.0484,1.2687,1.4973,1.7201,1.9562,2.1686,2.2871,2.3414,2.3693,2.3811
5.0,0.23234,0.40798,0.65454,0.94819,1.2231,1.5058,1.7609,1.9458,2.0112,2.0426,2.0619
10.0,0.081113,0.15698,0.28429,0.48530,0.71967,1.0072,1.3160,1.6037,1.6841,1.7321,1.7450
15.0,0.039690,0.079779,0.15197,0.27696,0.44416,0.67959,0.96945,1.2756,1.4281,1.4825,1.5344
20.0,0.022956,0.047187,0.092388,0.17436,0.29215,0.47386,0.72039,1.0080,1.1807,1.2736,1.3361
25.0,0.014496,0.030266,0.060353,0.11661,0.20127,0.34006,0.54440,0.80315,0.96909,1.0794,1.1660
30.0,0.0099980,0.021129,0.042673,0.083774,0.14730,0.25537,0.42371,0.65043,0.80516,0.91230,1.0248
40.0,0.0056005,0.012048,0.024833,0.049853,0.089555,0.16076,0.27893,0.45196,0.57887,0.67503,0.78474
50.0,0.0035623,0.0077708,0.016275,0.033235,0.060617,0.11171,0.20095,0.34369,0.45787,0.54322,0.63989
60.0,0.0027339,0.0060342,0.012784,0.026430,0.048689,0.090841,0.16595,0.29030,0.38686,0.46206,0.54798
70.0,0.0022799,0.0050690,0.010810,0.022504,0.041681,0.078353,0.14510,0.25434,0.34120,0.40949,0.48803
80.0,0.0019388,0.0043398,0.0093084,0.019490,0.036319,0.068802,0.12843,0.22651,0.30552,0.36816,0.44059
90.0,0.0016852,0.0037938,0.0081743,0.017169,0.032253,0.061600,0.11532,0.20468,0.27708,0.33469,0.40147
100.0,0.0014775,0.0033462,0.0072395,0.015253,0.028861,0.055470,0.10423,0.18607,0.25262,0.30585,0.36774
110.0,0.0013052,0.0029721,0.0064553,0.013632,0.025956,0.050094,0.094496,0.16941,0.23053,0.27956,0.33669
120.0,0.0011598,0.0026549,0.0057885,0.012253,0.023451,0.045473,0.086093,0.15496,0.21129,0.25659,0.30947
130.0,0.0010208,0.0023516,0.0051558,0.010954,0.021111,0.041163,0.078300,0.14162,0.19367,0.23572,0.28493
140.0,0.00090182,0.0020897,0.0046089,0.0098267,0.019061,0.037364,0.071398,0.12972,0.17801,0.21713,0.26306
150.0,0.00080014,0.0018650,0.0041368,0.0088474,0.017271,0.034025,0.065297,0.11914,0.16400,0.20049,0.24347
175.0,0.00059901,0.0014144,0.0031791,0.0068538,0.013564,0.027026,0.052480,0.096853,0.13431,0.16501,0.20138
200.0,0.00045769,0.0010942,0.0024891,0.0054180,0.010833,0.021798,0.042830,0.079921,0.11156,0.13766,0.16880
250.0,0.00027955,0.00068598,0.0015944,0.0035411,0.0072113,0.014764,0.029627,0.056408,0.079535,0.098807,0.12200
300.0,0.00017976,0.00045182,0.0010715,0.0024098,0.0050125,0.010462,0.021435,0.041578,0.059146,0.073908,0.091106
350.0,0.00011998,0.00030841,0.00074614,0.0016987,0.0036009,0.0076496,0.015944,0.031423,0.045033,0.056220,0.069629
400.0,8.2355e-05,0.00021623,0.00053330,0.0012288,0.0026509,0.0057228,0.012107,0.024200,0.034786,0.043548,0.054153
450.0,5.5909e-05,0.00015018,0.00037883,0.00090230,0.0019744,0.0043290,0.0092861,0.018810,0.027097,0.034058,0.042520
500.0,3.8843e-05,0.00010659,0.00027449,0.00067413,0.0014931,0.0033214,0.0072156,0.014772,0.021356,0.026932,0.033736
600.0,2.0584e-05,5.8532e-05,0.00015557,0.00039829,0.00090662,0.0020570,0.0045515,0.0093886,0.013641,0.017240,0.021590
700.0,1.1234e-05,3.1787e-05,8.7243e-05,0.00023168,0.00054114,0.0012575,0.0028301,0.0059109,0.0086374,0.010958,0.013786
800.0,5.8027e-06,1.7629e-05,4.9924e-05,0.00013695,0.00032989,0.00078117,0.0017906,0.0037662,0.0055323,0.0068659,0.0086986
1000.0,1.7709e-06,5.6987e-06,1.7120e-05,4.8283e-05,0.00012172,0.00030062,0.00070877,0.0015330,0.0022800,0.0029401,0.0037442
1200.0,5.7636e-07,1.9102e-06,5.8617e-06,1.7969e-05,4.7698e-05,0.00012316,0.00029572,0.00066495,0.0010031,0.0012967,0.0016372
1500.0,1.0003e-07,3.5529e-07,1.2130e-06,4.1255e-06,1.1579e-05,3.1002e-05,7.8563e-05,0.00017582,0.00027021,0.00036166,0.00045486
SA0P02
r\m,4.0,4.5,5.0,5.5,6.0,6.5,7.0,7.5,7.8,8.0,8.2
0.0,1.0936,1.4001,1.7288,2.0722,2.3851,2.6933,2.9452,3.0537,3.1442,3.2036,3.2301
1.0,0.91047,1.2437,1.5657,1.8920,2.1952,2.4998,2.7589,2.9304,3.0229,3.0835,3.1162
5.0,0.28696,0.50884,0.82781,1.2147,1.5384,1.8609,2.1540,2.3963,2.4965,2.5588,2.6052
10.0,0.10770,0.20786,0.37499,0.63820,0.90955,1.2215,1.5641,1.9118,2.0171,2.0902,2.1213
15.0,0.054506,0.10910,0.20619,0.37216,0.56766,0.82429,1.1454,1.5018,1.6869,1.7583,1.8263
20.0,0.032279,0.066127,0.12837,0.23956,0.38026,0.58195,0.85727,1.1875,1.3916,1.5053,1.5804
25.0,0.020880,0.043476,0.085877,0.16390,0.26729,0.42520,0.65575,0.95346,1.1476,1.2797,1.3809
30.0,0.014629,0.030873,0.061810,0.12000,0.19920,0.32504,0.51746,0.78023,0.96108,1.0881,1.2198
40.0,0.0083575,0.017993,0.036803,0.073240,0.12443,0.21025,0.34952,0.55401,0.70497,0.82059,0.95065
50.0,0.0053777,0.011765,0.024497,0.049715,0.085975,0.14919,0.25680,0.42749,0.56382,0.66505,0.77722
60.0,0.0040936,0.0090798,0.019169,0.039498,0.069216,0.12203,0.21374,0.36456,0.48099,0.57136,0.67239
70.0,0.0034775,0.0077642,0.016499,0.034259,0.060442,0.10759,0.19122,0.32660,0.43351,0.51716,0.61122
80.0,0.0029804,0.0066999,0.014318,0.029916,0.053152,0.095455,0.17127,0.29447,0.39305,0.47078,0.55873
90.0,0.0026040,0.0058784,0.012628,0.026462,0.047426,0.086003,0.15489,0.26823,0.35948,0.43176,0.51384
100.0,0.0022906,0.0052007,0.011219,0.023575,0.042581,0.077800,0.14078,0.24534,0.32992,0.39726,0.47401
110.0,0.0020287,0.0046282,0.010022,0.021102,0.038361,0.070444,0.12805,0.22418,0.30225,0.36460,0.43584
120.0,0.0018065,0.0041379,0.0089945,0.018979,0.034685,0.064041,0.11690,0.20555,0.27774,0.33558,0.40178
130.0,0.0015857,0.0036530,0.0079844,0.016904,0.031121,0.057810,0.10608,0.18753,0.25419,0.30779,0.36936
140.0,0.0013974,0.0032371,0.0071138,0.015113,0.028016,0.052332,0.096520,0.17150,0.23324,0.28305,0.34046
150.0,0.0012382,0.0028843,0.0063712,0.013577,0.025339,0.047580,0.088165,0.15738,0.21469,0.26110,0.31475
175.0,0.00091479,0.0021559,0.0048205,0.010348,0.019589,0.037208,0.069824,0.12620,0.17338,0.21186,0.25663
200.0,0.00068893,0.0016417,0.0037108,0.0080392,0.015385,0.029515,0.056083,0.10258,0.14182,0.17402,0.21171
250.0,0.00040830,0.00099550,0.0022947,0.0050677,0.0098822,0.019315,0.037545,0.070071,0.097852,0.12087,0.14808
300.0,0.00025431,0.00063331,0.0014884,0.0033241,0.0066282,0.013225,0.026295,0.050004,0.070453,0.087537,0.10702
350.0,0.00016427,0.00041762,0.0010006,0.0022594,0.0045987,0.0093540,0.018951,0.036644,0.052030,0.064571,0.079322
400.0,0.00010911,0.00028300,0.00069110,0.0015778,0.0032756,0.0067820,0.013969,0.027420,0.039060,0.048610,0.059982
450.0,7.1498e-05,0.00018974,0.00047425,0.0011190,0.0023627,0.0049810,0.010423,0.020753,0.029651,0.037070,0.045950
500.0,4.7998e-05,0.00013017,0.00033247,0.00080885,0.0017340,0.0037190,0.0078987,0.015925,0.022841,0.028663,0.035680
600.0,2.3188e-05,6.5412e-05,0.00017347,0.00044053,0.00098177,0.0021720,0.0047287,0.0096681,0.013991,0.017639,0.022061
700.0,1.2085e-05,3.4096e-05,9.3294e-05,0.00024706,0.00056749,0.0012932,0.0028759,0.0059696,0.0086994,0.011019,0.013838
800.0,6.0412e-06,1.8306e-05,5.1800e-05,0.00014167,0.00033725,0.00078670,0.0017897,0.0037649,0.0055309,0.0068640,0.0086968
1000.0,1.7696e-06,5.6950e-06,1.7109e-05,4.8255e-05,0.00012168,0.00030060,0.00070877,0.0015330,0.0022800,0.0029401,0.0037442
1200.0,5.7636e-07,1.9102e-06,5.8617e-06,1.7969e-05,4.7698e-05,0.00012316,0.00029572,0.00066495,0.0010031,0.0012967,0.0016372
1500.0,1.0003e-07,3.5529e-07,1.2130e-06,4.1255e-06,1.1579e-05,3.1002e-05,7.8563e-05,0.00017582,0.00027021,0.00036166,0.00045486
SA0P025
r\m,4.0,4.5,5.0,5.5,6.0,6.5,7.0,7.5,7.8,8.0,8.2
0.0,1.1188,1.4789,1.8663,2.2679,2.6263,2.9716,3.2466,3.3770,3.4860,3.5589,3.5902
1.0,0.92877,1.3120,1.6892,2.0679,2.4139,2.7543,3.0374,3.2359,3.3471,3.4227,3.4643
5.0,0.30624,0.54776,0.90064,1.3342,1.6819,2.0234,2.3347,2.6064,2.7245,2.8023,2.8617
10.0,0.11860,0.22955,0.41526,0.70854,0.99694,1.3180,1.6748,2.0515,2.1698,2.2557,2.2966
15.0,0.060925,0.12220,0.23118,0.41715,0.62564,0.89010,1.2239,1.6034,1.8041,1.8842,1.9605
20.0,0.036475,0.074896,0.14548,0.27123,0.42277,0.63245,0.91967,1.2688,1.4876,1.6111,1.6924
25.0,0.023846,0.049774,0.098359,0.18747,0.30003,0.46621,0.70792,1.0229,1.2299,1.3720,1.4799
30.0,0.016826,0.035614,0.071354,0.13839,0.22545,0.35942,0.56246,0.84143,1.0341,1.1702,1.3106
40.0,0.0097040,0.020966,0.042929,0.085418,0.14257,0.23545,0.38461,0.60366,0.76569,0.89025,1.0295
50.0,0.0062820,0.013802,0.028780,0.058443,0.099410,0.16868,0.28516,0.46903,0.61557,0.72399,0.84298
60.0,0.0047761,0.010645,0.022521,0.046475,0.080186,0.13841,0.23831,0.40185,0.52758,0.62496,0.73278
70.0,0.0040889,0.0091698,0.019526,0.040612,0.070600,0.12318,0.21534,0.36353,0.48003,0.57088,0.67208
80.0,0.0035199,0.0079479,0.017017,0.035620,0.062379,0.10985,0.19398,0.32971,0.43778,0.52270,0.61790
90.0,0.0030856,0.0069922,0.015052,0.031596,0.055821,0.099318,0.17610,0.30153,0.40204,0.48141,0.57073
100.0,0.0027213,0.0062011,0.013406,0.028211,0.050238,0.090094,0.16054,0.27668,0.37022,0.44444,0.52830
110.0,0.0024156,0.0055292,0.011997,0.025297,0.045336,0.081736,0.14634,0.25340,0.33997,0.40887,0.48693
120.0,0.0021554,0.0049512,0.010784,0.022783,0.041046,0.074418,0.13381,0.23274,0.31296,0.37701,0.44972
130.0,0.0018929,0.0043717,0.0095734,0.020290,0.036823,0.067168,0.12143,0.21235,0.28645,0.34583,0.41347
140.0,0.0016689,0.0038750,0.0085296,0.018140,0.033145,0.060793,0.11047,0.19421,0.26284,0.31802,0.38110
150.0,0.0014797,0.0034544,0.0076411,0.016298,0.029982,0.055278,0.10093,0.17826,0.24199,0.29340,0.35235
175.0,0.0010908,0.0025749,0.0057618,0.012376,0.023085,0.043035,0.079577,0.14236,0.19458,0.23703,0.28600
200.0,0.00081904,0.0019537,0.0044166,0.0095714,0.018043,0.033959,0.063585,0.11514,0.15835,0.19369,0.23469
250.0,0.00048170,0.0011738,0.0027032,0.0059682,0.011456,0.021959,0.042067,0.077715,0.10796,0.13293,0.16219
300.0,0.00029720,0.00073860,0.0017333,0.0038671,0.0075862,0.014840,0.029087,0.054750,0.076741,0.095046,0.11571
350.0,0.00018991,0.00048126,0.0011506,0.0025938,0.0051930,0.010354,0.020685,0.039598,0.055939,0.069194,0.084636
400.0,0.00012465,0.00032201,0.00078435,0.0017865,0.0036487,0.0074044,0.015042,0.029241,0.041448,0.051413,0.063176
450.0,8.0548e-05,0.00021285,0.00053066,0.0012487,0.0025946,0.0053634,0.011076,0.021844,0.031068,0.038725,0.047810
500.0,5.3293e-05,0.00014388,0.00036668,0.00088931,0.0018775,0.0039506,0.0082862,0.016562,0.023648,0.029591,0.036703
600.0,2.4568e-05,6.9097e-05,0.00018338,0.00046430,0.0010235,0.0022313,0.0048107,0.0097852,0.014129,0.017789,0.022237
700.0,1.2485e-05,3.5224e-05,9.6373e-05,0.00025521,0.00058081,0.0013074,0.0028856,0.0059677,0.0086840,0.010991,0.013789
800.0,6.1225e-06,1.8548e-05,5.2548e-05,0.00014365,0.00033962,0.00078423,0.0017897,0.0037649,0.0055309,0.0068640,0.0086968
1000.0,1.7696e-06,5.6950e-06,1.7109e-05,4.8255e-05,0.00012168,0.00030060,0.00070877,0.0015330,0.0022800,0.0029401,0.0037442
1200.0,5.7636e-07,1.9102e-06,5.8617e-06,1.7969e-05,4.7698e-05,0.00012316,0.00029572,0.00066495,0.0010031,0.0012967,0.0016372
1500.0,1.0003e-07,3.5529e-07,1.2130e-06,4.1255e-06,1.1579e-05,3.1002e-05,7.8563e-05,0.00017582,0.00027021,0.00036166,0.00045486
SA0P03
r\m,4.0,4.5,5.0,5.5,6.0,6.5,7.0,7.5,7.8,8.0,8.2
0.0,1.1131,1.5163,1.9536,2.4046,2.8023,3.1794,3.4750,3.6257,3.7501,3.8338,3.8689
1.0,0.92134,1.3435,1.7675,2.1910,2.5739,2.9454,3.2495,3.4718,3.5986,3.6862,3.7346
5.0,0.31506,0.56932,0.94731,1.4183,1.7857,2.1425,2.4689,2.7658,2.8994,2.9901,3.0604
10.0,0.12515,0.24354,0.44294,0.75948,1.0610,1.3878,1.7546,2.1544,2.2839,2.3809,2.4306
15.0,0.065102,0.13118,0.24912,0.45072,0.66909,0.93818,1.2804,1.6774,1.8906,1.9781,2.0617
20.0,0.039342,0.081159,0.15820,0.29555,0.45558,0.67049,0.96573,1.3288,1.5587,1.6902,1.7768
25.0,0.025949,0.054423,0.10792,0.20607,0.32601,0.49812,0.74761,1.0753,1.2919,1.4418,1.5549
30.0,0.018424,0.039191,0.078816,0.15317,0.24671,0.38682,0.59758,0.88854,1.0900,1.2329,1.3799
40.0,0.010715,0.023276,0.047843,0.095436,0.15765,0.25617,0.41297,0.64317,0.81361,0.94500,1.0910
50.0,0.0069758,0.015415,0.032275,0.065737,0.11077,0.18500,0.30859,0.50270,0.65703,0.77086,0.89482
60.0,0.0053051,0.011896,0.025282,0.052357,0.089543,0.15227,0.25884,0.43246,0.56542,0.66817,0.78106
70.0,0.0045707,0.010310,0.022049,0.046024,0.079361,0.13655,0.23580,0.39437,0.51846,0.61496,0.72162
80.0,0.0039518,0.0089742,0.019296,0.040534,0.070427,0.12235,0.21350,0.35952,0.47525,0.56588,0.66673
90.0,0.0034760,0.0079181,0.017120,0.036061,0.063211,0.11099,0.19451,0.33000,0.43808,0.52314,0.61821
100.0,0.0030742,0.0070412,0.015288,0.032279,0.057031,0.10096,0.17784,0.30372,0.40465,0.48447,0.57403
110.0,0.0027359,0.0062926,0.013711,0.029006,0.051570,0.091793,0.16247,0.27880,0.37245,0.44674,0.53033
120.0,0.0024470,0.0056459,0.012347,0.026170,0.046769,0.083723,0.14883,0.25655,0.34351,0.41272,0.49075
130.0,0.0021519,0.0049905,0.010972,0.023326,0.041984,0.075609,0.13514,0.23422,0.31460,0.37880,0.45144
140.0,0.0018997,0.0044284,0.0097846,0.020870,0.037815,0.068466,0.12300,0.21432,0.28880,0.34849,0.41627
150.0,0.0016865,0.0039523,0.0087731,0.018766,0.034230,0.062293,0.11244,0.19685,0.26604,0.32167,0.38502
175.0,0.0012437,0.0029452,0.0066103,0.014235,0.026312,0.048389,0.088450,0.15685,0.21342,0.25924,0.31173
200.0,0.00093334,0.0022325,0.0050590,0.010988,0.020517,0.038074,0.070457,0.12648,0.17314,0.21116,0.25496
250.0,0.00054732,0.0013355,0.0030801,0.0068109,0.012937,0.024432,0.046250,0.084689,0.11710,0.14376,0.17477
300.0,0.00033605,0.00083517,0.0019614,0.0043800,0.0084956,0.016363,0.031690,0.059114,0.082466,0.10184,0.12351
350.0,0.00021336,0.00054011,0.0012914,0.0029119,0.0057605,0.011302,0.022309,0.042327,0.059518,0.073401,0.089436
400.0,0.00013896,0.00035829,0.00087232,0.0019860,0.0040066,0.0079965,0.016052,0.030931,0.043642,0.053970,0.066068
450.0,8.8928e-05,0.00023442,0.00058409,0.0013731,0.0028179,0.0057281,0.011691,0.022857,0.032370,0.040235,0.049494
500.0,5.8205e-05,0.00015671,0.00039914,0.00096665,0.0020160,0.0041716,0.0086510,0.017151,0.024387,0.030434,0.037621
600.0,2.5786e-05,7.2395e-05,0.00019250,0.00048657,0.0010629,0.0022860,0.0048827,0.0098825,0.014240,0.017905,0.022373
700.0,1.2818e-05,3.6200e-05,9.9145e-05,0.00026280,0.00059325,0.0013198,0.0028911,0.0059572,0.0086564,0.010951,0.013778
800.0,6.1791e-06,1.8728e-05,5.3172e-05,0.00014540,0.00034162,0.00078083,0.0017897,0.0037649,0.0055309,0.0068640,0.0086968
1000.0,1.7696e-06,5.6950e-06,1.7109e-05,4.8255e-05,0.00012168,0.00030060,0.00070877,0.0015330,0.0022800,0.0029401,0.0037442
1200.0,5.7636e-07,1.9102e-06,5.8617e-06,1.7969e-05,4.7698e-05,0.00012316,0.00029572,0.00066495,0.0010031,0.0012967,0.0016372
1500.0,1.0003e-07,3.5529e-07,1.2130e-06,4.1255e-06,1.1579e-05,3.1002e-05,7.8563e-05,0.00017582,0.00027021,0.00036166,0.00045486
SA0P04
r\m,4.0,4.5,5.0,5.5,6.0,6.5,7.0,7.5,7.8,8.0,8.2
0.0,1.0462,1.4994,2.0021,2.5181,2.9698,3.3922,3.7194,3.9016,4.0455,4.1412,4.1807
1.0,0.86109,1.3251,1.8110,2.2945,2.7290,3.1447,3.4803,3.7366,3.8834,3.9843,4.0396
5.0,0.30892,0.57067,0.97324,1.4893,1.8842,2.2620,2.6097,2.9413,3.0963,3.2036,3.2874
10.0,0.12705,0.25093,0.46349,0.80583,1.1238,1.4561,1.8335,2.2621,2.4076,2.5196,2.5821
15.0,0.067313,0.13748,0.26454,0.48376,0.71424,0.98697,1.3368,1.7538,1.9825,2.0803,2.1741
20.0,0.041266,0.086276,0.17030,0.32128,0.49207,0.71203,1.0148,1.3928,1.6356,1.7769,1.8707
25.0,0.027578,0.058619,0.11773,0.22693,0.35668,0.53547,0.79284,1.1340,1.3612,1.5200,1.6395
30.0,0.019768,0.042620,0.086839,0.17039,0.27278,0.42042,0.63969,0.94378,1.1548,1.3053,1.4596
40.0,0.011653,0.025665,0.053443,0.10768,0.17705,0.28300,0.44920,0.69239,0.87236,1.0114,1.1648
50.0,0.0076612,0.017167,0.036408,0.074924,0.12582,0.20681,0.33956,0.54599,0.70922,0.82898,0.95812
60.0,0.0058467,0.013298,0.028629,0.059919,0.10217,0.17115,0.28655,0.47273,0.61424,0.72312,0.84158
70.0,0.0050830,0.011622,0.025172,0.053100,0.091378,0.15510,0.26402,0.43596,0.56936,0.67258,0.78556
80.0,0.0044292,0.010194,0.022193,0.047106,0.081698,0.14006,0.24102,0.40067,0.52605,0.62368,0.73130
90.0,0.0039213,0.0090471,0.019806,0.042149,0.073737,0.12781,0.22090,0.37000,0.48784,0.58005,0.68219
100.0,0.0034879,0.0080888,0.017781,0.037921,0.066858,0.11686,0.20302,0.34229,0.45296,0.53994,0.63668
110.0,0.0031205,0.0072644,0.016023,0.034234,0.060717,0.10671,0.18628,0.31557,0.41871,0.50003,0.59073
120.0,0.0028050,0.0065468,0.014491,0.031015,0.055280,0.097707,0.17128,0.29147,0.38762,0.46368,0.54866
130.0,0.0024771,0.0058087,0.012923,0.027735,0.049761,0.088453,0.15587,0.26667,0.35575,0.42642,0.50570
140.0,0.0021955,0.0051732,0.011561,0.024890,0.044937,0.080276,0.14217,0.24450,0.32717,0.39300,0.46708
150.0,0.0019562,0.0046326,0.010397,0.022443,0.040775,0.073193,0.13022,0.22498,0.30190,0.36333,0.43264
175.0,0.0014505,0.0034679,0.0078619,0.017075,0.031397,0.056885,0.10243,0.17922,0.24206,0.29262,0.34999
200.0,0.0010930,0.0026371,0.0060302,0.013202,0.024493,0.044725,0.081479,0.14431,0.19605,0.23792,0.28566
250.0,0.00064356,0.0015805,0.0036722,0.0081745,0.015394,0.028553,0.053157,0.095986,0.13169,0.16085,0.19443
300.0,0.00039534,0.00098663,0.0023312,0.0052345,0.010045,0.018964,0.036095,0.066364,0.091848,0.11285,0.13603
350.0,0.00025034,0.00063513,0.0015256,0.0034550,0.0067494,0.012958,0.025121,0.046969,0.065525,0.080390,0.097337
400.0,0.00016217,0.00041832,0.0010219,0.0023340,0.0046429,0.0090521,0.017837,0.033869,0.047410,0.058324,0.070947
450.0,0.00010285,0.00027095,0.00067689,0.0015943,0.0032227,0.0063920,0.012804,0.024664,0.034667,0.042877,0.052413
500.0,6.6549e-05,0.00017889,0.00045665,0.0011066,0.0022719,0.0045833,0.0093287,0.018235,0.025731,0.031957,0.039269
600.0,2.7875e-05,7.8185e-05,0.00020909,0.00052820,0.0011392,0.0023960,0.0050338,0.010093,0.014483,0.018165,0.022677
700.0,1.3419e-05,3.8041e-05,0.00010458,0.00027813,0.00062017,0.0013516,0.0029190,0.0059700,0.0086484,0.010951,0.013778
800.0,6.3084e-06,1.9154e-05,5.4674e-05,0.00014976,0.00034832,0.00078113,0.0017897,0.0037649,0.0055309,0.0068640,0.0086968
1000.0,1.7696e-06,5.6950e-06,1.7109e-05,4.8255e-05,0.00012168,0.00030060,0.00070877,0.0015330,0.0022800,0.0029401,0.0037442
1200.0,5.7636e-07,1.9102e-06,5.8617e-06,1.7969e-05,4.7698e-05,0.00012316,0.00029572,0.00066495,0.0010031,0.0012967,0.0016372
1500.0,1.0003e-07,3.5529e-07,1.2130e-06,4.1255e-06,1.1579e-05,3.1002e-05,7.8563e-05,0.00017582,0.00027021,0.00036166,0.00045486
SA0P05
r\m,4.0,4.5,5.0,5.5,6.0,6.5,7.0,7.5,7.8,8.0,8.2
0.0,0.95470,1.4210,1.9506,2.4930,2.9700,3.4157,3.7627,3.9630,4.1133,4.2109,4.2512
1.0,0.78188,1.2530,1.7648,2.2745,2.7342,3.1732,3.5277,3.8007,3.9544,4.0572,4.1122
5.0,0.28673,0.54116,0.94451,1.4750,1.8852,2.2754,2.6352,2.9836,3.1483,3.2611,3.3487
10.0,0.12015,0.24135,0.45382,0.80165,1.1277,1.4626,1.8437,2.2835,2.4369,2.5555,2.6245
15.0,0.064399,0.13362,0.26131,0.48463,0.72061,0.99425,1.3453,1.7685,2.0030,2.1057,2.2046
20.0,0.039868,0.084646,0.16973,0.32453,0.50043,0.72216,1.0264,1.4082,1.6548,1.7995,1.8969
25.0,0.026869,0.057992,0.11836,0.23118,0.36592,0.54762,0.80715,1.1516,1.3815,1.5428,1.6647
30.0,0.019387,0.042433,0.087873,0.17469,0.28178,0.43304,0.65533,0.96312,1.1764,1.3288,1.4849
40.0,0.011542,0.025803,0.054593,0.11144,0.18476,0.29456,0.46495,0.71265,0.89532,1.0363,1.1912
50.0,0.0076477,0.017388,0.037449,0.078060,0.13224,0.21687,0.35402,0.56514,0.73101,0.85220,0.98228
60.0,0.0058681,0.013539,0.029590,0.062708,0.10784,0.18025,0.30009,0.49147,0.63586,0.74653,0.86635
70.0,0.0051294,0.011894,0.026142,0.055824,0.096941,0.16431,0.27824,0.45612,0.59303,0.69850,0.81342
80.0,0.0044989,0.010498,0.023188,0.049813,0.087178,0.14924,0.25550,0.42155,0.55088,0.65108,0.76106
90.0,0.0040056,0.0093665,0.020803,0.044801,0.079064,0.13685,0.23526,0.39104,0.51311,0.60815,0.71296
100.0,0.0035817,0.0084165,0.018767,0.040498,0.072007,0.12567,0.21712,0.36322,0.47831,0.56829,0.66792
110.0,0.0032203,0.0075942,0.016989,0.036725,0.065666,0.11523,0.19999,0.33612,0.44377,0.52818,0.62191
120.0,0.0029086,0.0068745,0.015431,0.033411,0.060022,0.10590,0.18454,0.31151,0.41221,0.49140,0.57951
130.0,0.0025815,0.0061279,0.013821,0.030003,0.054228,0.096180,0.16843,0.28578,0.37930,0.45306,0.53543
140.0,0.0022987,0.0054818,0.012416,0.027031,0.049140,0.087554,0.15405,0.26268,0.34965,0.41850,0.49560
150.0,0.0020567,0.0049280,0.011205,0.024456,0.044721,0.080038,0.14143,0.24223,0.32330,0.38764,0.45989
175.0,0.0015383,0.0037188,0.0085351,0.018734,0.034625,0.062477,0.11165,0.19357,0.25997,0.31306,0.37298
200.0,0.0011680,0.0028476,0.0065875,0.014566,0.027134,0.049288,0.089049,0.15621,0.21098,0.25502,0.30495
250.0,0.00069578,0.0017238,0.0040465,0.0090876,0.017148,0.031577,0.058220,0.10406,0.14189,0.17260,0.20772
300.0,0.00043114,0.0010836,0.0025836,0.0058469,0.011219,0.020985,0.039509,0.071863,0.098825,0.12091,0.14508
350.0,0.00027466,0.00070059,0.0016959,0.0038673,0.0075385,0.014311,0.027416,0.050689,0.070255,0.085823,0.10341
400.0,0.00017855,0.00046236,0.0011367,0.0026118,0.0051747,0.0099565,0.019369,0.036355,0.050554,0.061917,0.074944
450.0,0.00011336,0.00029939,0.00075199,0.0017793,0.0035765,0.0069891,0.013811,0.026286,0.036710,0.045208,0.054982
500.0,7.3228e-05,0.00019713,0.00050556,0.0012291,0.0025059,0.0049733,0.0099810,0.019279,0.027024,0.033418,0.040859
600.0,2.9785e-05,8.3618e-05,0.00022505,0.00056933,0.0012194,0.0025233,0.0052290,0.010391,0.014846,0.018571,0.023154
700.0,1.4093e-05,4.0127e-05,0.00011080,0.00029575,0.00065427,0.0014029,0.0029914,0.0060695,0.0087609,0.011039,0.013778
800.0,6.5386e-06,1.9884e-05,5.7052e-05,0.00015657,0.00036146,0.00079746,0.0017897,0.0037649,0.0055309,0.0068640,0.0086968
1000.0,1.7696e-06,5.6950e-06,1.7109e-05,4.8255e-05,0.00012168,0.00030060,0.00070877,0.0015330,0.0022800,0.0029401,0.0037442
1200.0,5.7636e-07,1.9102e-06,5.8617e-06,1.7969e-05,4.7698e-05,0.00012316,0.00029572,0.00066495,0.0010031,0.0012967,0.0016372
1500.0,1.0003e-07,3.5529e-07,1.2130e-06,4.1255e-06,1.1579e-05,3.1002e-05,7.8563e-05,0.00017582,0.00027021,0.00036166,0.00045486
SA0P075
r\m,4.0,4.5,5.0,5.5,6.0,6.5,7.0,7.5,7.8,8.0,8.2
0.0,0.75417,1.1842,1.6958,2.2176,2.6887,3.1368,3.4982,3.7057,3.8440,3.9270,3.9627
1.0,0.61176,1.0395,1.5364,2.0338,2.4916,2.9353,3.3016,3.5731,3.7154,3.8009,3.8432
5.0,0.22273,0.43957,0.80372,1.3069,1.7244,2.1239,2.4912,2.8371,2.9973,3.0995,3.1763
10.0,0.094245,0.19704,0.38656,0.70900,1.0360,1.3741,1.7526,2.1823,2.3354,2.4502,2.5186
15.0,0.051139,0.11022,0.22440,0.43149,0.66677,0.94034,1.2856,1.6975,1.9252,2.0269,2.1258
20.0,0.032065,0.070632,0.14730,0.29173,0.46763,0.68938,0.98843,1.3596,1.5974,1.7375,1.8348
25.0,0.021823,0.048840,0.10378,0.20994,0.34574,0.52812,0.78412,1.1188,1.3402,1.4949,1.6137
30.0,0.015886,0.036020,0.077659,0.15977,0.26832,0.42086,0.64131,0.94100,1.1463,1.2921,1.4422
40.0,0.0095995,0.022207,0.048860,0.10310,0.17799,0.28954,0.45992,0.70236,0.87851,1.0133,1.1608
50.0,0.0064438,0.015139,0.033843,0.072822,0.12841,0.21476,0.35272,0.56017,0.72041,0.83657,0.96132
60.0,0.0050178,0.011949,0.027061,0.059098,0.10563,0.17980,0.30093,0.48981,0.62997,0.73645,0.85175
70.0,0.0044095,0.010547,0.024010,0.052794,0.095289,0.16454,0.28014,0.45650,0.58999,0.69193,0.80308
80.0,0.0039123,0.0094134,0.021523,0.047581,0.086507,0.15079,0.25934,0.42502,0.55181,0.64913,0.75597
90.0,0.0035203,0.0084855,0.019502,0.043214,0.079159,0.13941,0.24057,0.39693,0.51725,0.61001,0.71229
100.0,0.0031803,0.0077003,0.017763,0.039434,0.072715,0.12904,0.22360,0.37111,0.48516,0.57339,0.67104
110.0,0.0028880,0.0070148,0.016230,0.036091,0.066880,0.11927,0.20746,0.34578,0.45311,0.53636,0.62872
120.0,0.0026338,0.0064097,0.014876,0.033130,0.061649,0.11046,0.19278,0.32260,0.42360,0.50215,0.58946
130.0,0.0023655,0.0057788,0.013468,0.030062,0.056219,0.10117,0.17727,0.29796,0.39230,0.46586,0.54788
140.0,0.0021301,0.0052251,0.012222,0.027349,0.051390,0.092825,0.16329,0.27560,0.36378,0.43278,0.50988
150.0,0.0019241,0.0047399,0.011125,0.024947,0.047108,0.085410,0.15080,0.25546,0.33800,0.40274,0.47524
175.0,0.0014740,0.0036598,0.0086599,0.019511,0.037149,0.067762,0.12076,0.20676,0.27513,0.32913,0.38987
200.0,0.0011447,0.0028632,0.0068205,0.015464,0.029610,0.054259,0.097588,0.16882,0.22579,0.27105,0.32213
250.0,0.00070846,0.0017963,0.0043330,0.0099546,0.019241,0.035604,0.065119,0.11460,0.15460,0.18667,0.22311
300.0,0.00045405,0.0011647,0.0028470,0.0065799,0.012882,0.024110,0.044886,0.080261,0.10912,0.13246,0.15778
350.0,0.00029792,0.00077338,0.0019139,0.0044505,0.0088137,0.016674,0.031496,0.057163,0.078281,0.094854,0.11339
400.0,0.00019865,0.00052199,0.0013084,0.0030602,0.0061336,0.011711,0.022406,0.041225,0.056611,0.068751,0.082513
450.0,0.00012902,0.00034478,0.00088045,0.0021140,0.0042813,0.0082681,0.016029,0.029858,0.041169,0.050263,0.060578
500.0,8.4859e-05,0.00023049,0.00059952,0.0014745,0.0030176,0.0058939,0.011578,0.021869,0.030245,0.037067,0.044897
600.0,3.4459e-05,9.7229e-05,0.00026529,0.00067556,0.0014440,0.0029253,0.0059159,0.011517,0.016275,0.020215,0.025086
700.0,1.6303e-05,4.6867e-05,0.00013063,0.00035116,0.00077157,0.0016133,0.0033539,0.0066669,0.0095226,0.011920,0.014776
800.0,7.5942e-06,2.3128e-05,6.6941e-05,0.00018421,0.00042118,0.00090288,0.0019385,0.0039604,0.0056855,0.0071710,0.0089872
1000.0,1.9241e-06,6.1343e-06,1.8979e-05,5.5173e-05,0.00013441,0.00030604,0.00070877,0.0015330,0.0022800,0.0029401,0.0037442
1200.0,5.7636e-07,1.9102e-06,5.8617e-06,1.7969e-05,4.7698e-05,0.00012316,0.00029572,0.00066495,0.0010031,0.0012967,0.0016372
1500.0,1.0003e-07,3.5529e-07,1.2130e-06,4.1255e-06,1.1579e-05,3.1002e-05,7.8563e-05,0.00017582,0.00027021,0.00036166,0.00045486
SA0P1
r\m,4.0,4.5,5.0,5.5,6.0,6.5,7.0,7.5,7.8,8.0,8.2
0.0,0.61595,0.98978,1.4473,1.9121,2.3436,2.7638,3.1157,3.3108,3.4287,3.4941,3.5247
1.0,0.49645,0.86613,1.3134,1.7630,2.1860,2.6044,2.9595,3.2091,3.3310,3.3958,3.4253
5.0,0.17343,0.35436,0.66966,1.1204,1.5233,1.9150,2.2743,2.5958,2.7389,2.8224,2.8827
10.0,0.072600,0.15707,0.31891,0.60293,0.91697,1.2524,1.6214,2.0233,2.1657,2.2675,2.3277
15.0,0.039478,0.087929,0.18511,0.36700,0.59172,0.86164,1.1966,1.5855,1.7970,1.8909,1.9832
20.0,0.024874,0.056561,0.12188,0.24876,0.41625,0.63399,0.92365,1.2756,1.4971,1.6265,1.7190
25.0,0.016974,0.039194,0.086126,0.17955,0.30890,0.48706,0.73500,1.0523,1.2591,1.4018,1.5139
30.0,0.012402,0.028984,0.064611,0.13687,0.24016,0.38858,0.60207,0.88616,1.0780,1.2130,1.3528
40.0,0.0075502,0.017981,0.040860,0.088659,0.15976,0.26780,0.43223,0.66171,0.82589,0.95016,1.0863
50.0,0.0051066,0.012334,0.028427,0.062806,0.11545,0.19875,0.33156,0.52793,0.67745,0.78530,0.90194
60.0,0.0040262,0.0098433,0.022948,0.051363,0.095539,0.16708,0.28370,0.46237,0.59330,0.69214,0.79982
70.0,0.0035397,0.0086915,0.020358,0.045850,0.086076,0.15258,0.26340,0.42991,0.55444,0.64901,0.75281
80.0,0.0031631,0.0078101,0.018368,0.041569,0.078559,0.14046,0.24470,0.40135,0.51979,0.61015,0.70995
90.0,0.0028657,0.0070893,0.016753,0.038001,0.072302,0.13051,0.22789,0.37609,0.48867,0.57491,0.67052
100.0,0.0026071,0.0064765,0.015358,0.034900,0.066799,0.12141,0.21270,0.35288,0.45984,0.54202,0.63344
110.0,0.0023837,0.0059395,0.014124,0.032151,0.061811,0.11283,0.19830,0.33025,0.43126,0.50906,0.59578
120.0,0.0021886,0.0054638,0.013030,0.029706,0.057327,0.10508,0.18517,0.30950,0.40491,0.47858,0.56083
130.0,0.0019840,0.0049704,0.011899,0.027181,0.052677,0.096906,0.17133,0.28744,0.37696,0.44624,0.52379
140.0,0.0018021,0.0045320,0.010886,0.024922,0.048497,0.089497,0.15875,0.26725,0.35127,0.41648,0.48964
150.0,0.0016399,0.0041401,0.0099755,0.022880,0.044714,0.082782,0.14729,0.24872,0.32763,0.38902,0.45801
175.0,0.0012821,0.0032605,0.0079148,0.018228,0.035867,0.066727,0.11967,0.20392,0.27002,0.32179,0.38019
200.0,0.0010156,0.0026002,0.0063504,0.014706,0.029064,0.054258,0.098064,0.16861,0.22432,0.26819,0.31781
250.0,0.00065122,0.0016882,0.0041702,0.0097699,0.019458,0.036596,0.067075,0.11717,0.15708,0.18878,0.22483
300.0,0.00043162,0.0011304,0.0028253,0.0066520,0.013389,0.025405,0.047271,0.083787,0.11312,0.13660,0.16210
350.0,0.00029234,0.00077352,0.0019537,0.0046241,0.0093900,0.017962,0.033835,0.060783,0.082593,0.099545,0.11849
400.0,0.00020086,0.00053695,0.0013707,0.0032603,0.0066812,0.012866,0.024491,0.044540,0.060654,0.073242,0.087476
450.0,0.00013448,0.00036479,0.00094646,0.0023053,0.0047597,0.0092424,0.017789,0.032704,0.044691,0.054228,0.064999
500.0,9.0965e-05,0.00025022,0.00065975,0.0016420,0.0034158,0.0066872,0.013013,0.024223,0.033180,0.040396,0.048633
600.0,3.8611e-05,0.00010982,0.00030273,0.00077671,0.0016752,0.0033783,0.0067383,0.012905,0.018057,0.022282,0.027507
700.0,1.8831e-05,5.4625e-05,0.00015332,0.00041402,0.00091316,0.0018909,0.0038660,0.0075460,0.010668,0.013265,0.016338
800.0,9.0532e-06,2.7605e-05,8.0259e-05,0.00022106,0.00050492,0.0010668,0.0022466,0.0045098,0.0064006,0.0080633,0.010037
1000.0,2.3789e-06,7.5384e-06,2.3333e-05,6.7943e-05,0.00016439,0.00036611,0.00081336,0.0017038,0.0024718,0.0032435,0.0041389
1200.0,6.6668e-07,2.2334e-06,7.2284e-06,2.2099e-05,5.6974e-05,0.00013653,0.00031462,0.00069568,0.0010577,0.0013836,0.0017763
1500.0,1.1013e-07,3.8914e-07,1.3577e-06,4.5908e-06,1.2820e-05,3.2285e-05,8.0928e-05,0.00018371,0.00028801,0.00039816,0.00049910
SA0P15
r\m,4.0,4.5,5.0,5.5,6.0,6.5,7.0,7.5,7.8,8.0,8.2
0.0,0.44122,0.73102,1.0900,1.4523,1.8045,2.1619,2.4792,2.6471,2.7363,2.7802,2.8060
1.0,0.35294,0.63724,0.99178,1.3502,1.6998,2.0584,2.3772,2.5860,2.6783,2.7177,2.7341
5.0,0.11271,0.24568,0.48526,0.84254,1.1993,1.5585,1.8888,2.1610,2.2745,2.3305,2.3684
10.0,0.045799,0.10592,0.22603,0.44607,0.72297,1.0394,1.3818,1.7285,1.8492,1.9280,1.9733
15.0,0.024824,0.059011,0.13049,0.27046,0.46698,0.72021,1.0303,1.3731,1.5535,1.6323,1.7110
20.0,0.015679,0.037990,0.085902,0.18320,0.32852,0.53074,0.79774,1.1112,1.3022,1.4117,1.4938
25.0,0.010696,0.026296,0.060708,0.13226,0.24399,0.40743,0.63527,0.91781,1.0973,1.2186,1.3174
30.0,0.0078336,0.019463,0.045565,0.10073,0.18948,0.32414,0.51949,0.77194,0.93888,1.0542,1.1755
40.0,0.0048003,0.012133,0.028908,0.065320,0.12589,0.22255,0.37100,0.57349,0.71521,0.82068,0.93703
50.0,0.0032724,0.0083707,0.020179,0.046325,0.090853,0.16457,0.28338,0.45611,0.58531,0.67813,0.78009
60.0,0.0026238,0.0067802,0.016494,0.038258,0.075732,0.13893,0.24296,0.39944,0.51252,0.59729,0.69100
70.0,0.0023017,0.0059738,0.014595,0.034031,0.067894,0.12600,0.22372,0.36850,0.47544,0.55624,0.64625
80.0,0.0020730,0.0054080,0.013261,0.031052,0.062299,0.11647,0.20831,0.34442,0.44605,0.52317,0.60953
90.0,0.0018929,0.0049491,0.012188,0.028604,0.057717,0.10878,0.19474,0.32366,0.42031,0.49392,0.57656
100.0,0.0017363,0.0045574,0.011259,0.026474,0.053689,0.10177,0.18256,0.30477,0.39673,0.46694,0.54600
110.0,0.0016005,0.0042135,0.010437,0.024584,0.050050,0.095209,0.17115,0.28668,0.37385,0.44054,0.51575
120.0,0.0014815,0.0039081,0.0097062,0.022899,0.046778,0.089275,0.16078,0.27013,0.35283,0.41623,0.48783
130.0,0.0013593,0.0035972,0.0089635,0.021184,0.043426,0.083114,0.15002,0.25277,0.33081,0.39076,0.45860
140.0,0.0012487,0.0033162,0.0082887,0.019626,0.040365,0.077451,0.14013,0.23666,0.31031,0.36704,0.43132
150.0,0.0011471,0.0030567,0.0076624,0.018170,0.037503,0.072148,0.13084,0.22146,0.29094,0.34456,0.40541
175.0,0.00092202,0.0024737,0.0062427,0.014856,0.030830,0.059539,0.10864,0.18514,0.24434,0.29030,0.34262
200.0,0.00075080,0.0020266,0.0051428,0.012294,0.025598,0.049562,0.090990,0.15613,0.20690,0.24652,0.29172
250.0,0.00050656,0.0013831,0.0035464,0.0085600,0.017945,0.034932,0.064812,0.11277,0.15038,0.17993,0.21378
300.0,0.00035301,0.00097256,0.0025188,0.0061039,0.012910,0.025298,0.047489,0.083686,0.11223,0.13482,0.15957
350.0,0.00025126,0.00069812,0.0018233,0.0044381,0.0094484,0.018624,0.035291,0.062896,0.084793,0.10162,0.12056
400.0,0.00018130,0.00050787,0.0013372,0.0032685,0.0070020,0.013863,0.026476,0.047663,0.064335,0.077211,0.091838
450.0,0.00012793,0.00036262,0.00096714,0.0024130,0.0051930,0.010337,0.019904,0.036144,0.048899,0.058915,0.070263
500.0,9.1112e-05,0.00026111,0.00070526,0.0017923,0.0038736,0.0077480,0.015037,0.027579,0.037361,0.045133,0.054007
600.0,4.3198e-05,0.00012702,0.00035590,0.00092682,0.0020537,0.0041893,0.0082752,0.015521,0.021418,0.026182,0.032046
700.0,2.2812e-05,6.8310e-05,0.00019410,0.00052766,0.0011868,0.0024657,0.0049639,0.0094472,0.013152,0.016183,0.019749
800.0,1.1912e-05,3.7026e-05,0.00010833,0.00029892,0.00069016,0.0014519,0.0029913,0.0058366,0.0081428,0.010190,0.012548
1000.0,3.5446e-06,1.1324e-05,3.4912e-05,0.00010136,0.00024476,0.00053445,0.0011510,0.0023289,0.0033086,0.0042948,0.0054203
1200.0,1.0882e-06,3.6556e-06,1.1764e-05,3.5335e-05,8.9823e-05,0.00020850,0.00046309,0.00098285,0.0014653,0.0018948,0.0024126
1500.0,2.0397e-07,7.1263e-07,2.4272e-06,7.9304e-06,2.1620e-05,5.2106e-05,0.00012517,0.00027360,0.00042049,0.00057586,0.00071117
SA0P2
r\m,4.0,4.5,5.0,5.5,6.0,6.5,7.0,7.5,7.8,8.0,8.2
0.0,0.32910,0.57158,0.86603,1.1602,1.4554,1.7640,2.0493,2.1988,2.2730,2.3072,2.3319
1.0,0.26217,0.49718,0.78940,1.0845,1.3796,1.6907,1.9768,2.1586,2.2353,2.2635,2.2757
5.0,0.078098,0.18373,0.37568,0.66840,0.98200,1.3068,1.6082,1.8451,1.9404,1.9819,2.0090
10.0,0.030979,0.077505,0.17206,0.34966,0.59220,0.88383,1.1991,1.5041,1.6095,1.6739,1.7104
15.0,0.016720,0.042960,0.098803,0.21116,0.38231,0.61508,0.90037,1.2066,1.3645,1.4327,1.5018
20.0,0.010559,0.027625,0.064933,0.14276,0.26853,0.45305,0.69787,0.98000,1.1483,1.2437,1.3177
25.0,0.0071910,0.019080,0.045822,0.10292,0.19920,0.34696,0.55515,0.80921,0.96822,1.0742,1.1631
30.0,0.0052691,0.014115,0.034364,0.078253,0.15437,0.27508,0.45278,0.67926,0.82734,0.92856,1.0362
40.0,0.0032373,0.0088121,0.021812,0.050700,0.10229,0.18797,0.32146,0.50190,0.62677,0.71878,0.82097
50.0,0.0022153,0.0060950,0.015241,0.035942,0.073660,0.13846,0.24445,0.39785,0.51169,0.59346,0.68443
60.0,0.0017941,0.0049802,0.012550,0.029852,0.061649,0.11712,0.20969,0.34810,0.44762,0.52207,0.60535
70.0,0.0015702,0.0043778,0.011076,0.026472,0.055040,0.10562,0.19176,0.31903,0.41269,0.48339,0.56310
80.0,0.0014198,0.0039780,0.010100,0.024232,0.050632,0.097782,0.17862,0.29811,0.38699,0.45438,0.53070
90.0,0.0013017,0.0036565,0.0093202,0.022413,0.047074,0.091567,0.16728,0.28046,0.36495,0.42922,0.50214
100.0,0.0011994,0.0033816,0.0086456,0.020832,0.043951,0.085926,0.15715,0.26453,0.34495,0.40627,0.47601
110.0,0.0011105,0.0031403,0.0080496,0.019431,0.041143,0.080680,0.14779,0.24951,0.32589,0.38424,0.45068
120.0,0.0010325,0.0029260,0.0075197,0.018182,0.038622,0.075946,0.13930,0.23583,0.30846,0.36404,0.42744
130.0,0.00095400,0.0027116,0.0069899,0.016929,0.036073,0.071109,0.13064,0.22168,0.29046,0.34319,0.40342
140.0,0.00088217,0.0025158,0.0065042,0.015779,0.033722,0.066624,0.12264,0.20844,0.27357,0.32361,0.38084
150.0,0.00081473,0.0023310,0.0060434,0.014681,0.031474,0.062325,0.11494,0.19570,0.25729,0.30473,0.35903
175.0,0.00066584,0.0019174,0.0050031,0.012193,0.026270,0.052208,0.096785,0.16567,0.21874,0.25982,0.30699
200.0,0.00055133,0.0015968,0.0041888,0.010250,0.022150,0.044123,0.082227,0.14154,0.18758,0.22339,0.26460
250.0,0.00038387,0.0011241,0.0029787,0.0073522,0.015999,0.032025,0.060204,0.10496,0.13985,0.16714,0.19865
300.0,0.00027618,0.00081566,0.0021813,0.0054031,0.011859,0.023882,0.045340,0.079974,0.10707,0.12840,0.15200
350.0,0.00020306,0.00060430,0.0016279,0.0040493,0.0089411,0.018102,0.034639,0.061708,0.082978,0.099255,0.11773
400.0,0.00015144,0.00045391,0.0012310,0.0030742,0.0068236,0.013869,0.026713,0.048007,0.064592,0.077340,0.091932
450.0,0.00011087,0.00033568,0.00092034,0.0023419,0.0052164,0.010650,0.020650,0.037387,0.050373,0.060509,0.072078
500.0,8.1975e-05,0.00025051,0.00069403,0.0017955,0.0040113,0.0082199,0.016038,0.029276,0.039475,0.047517,0.056755
600.0,4.2645e-05,0.00013300,0.00037984,0.0010035,0.0022837,0.0047473,0.0093892,0.017434,0.023873,0.029027,0.035337
700.0,2.4151e-05,7.6524e-05,0.00022115,0.00060553,0.0013932,0.0029359,0.0058944,0.011066,0.015265,0.018665,0.022661
800.0,1.3587e-05,4.4297e-05,0.00013114,0.00036346,0.00085329,0.0018131,0.0037059,0.0071032,0.0098116,0.012197,0.014919
1000.0,4.5886e-06,1.5263e-05,4.7171e-05,0.00013667,0.00033237,0.00072509,0.0015352,0.0030310,0.0042478,0.0054505,0.0068162
1200.0,1.5727e-06,5.4580e-06,1.7522e-05,5.2061e-05,0.00013187,0.00030206,0.00065534,0.0013468,0.0019731,0.0025227,0.0031842
1500.0,3.4128e-07,1.2186e-06,4.0851e-06,1.3002e-05,3.4898e-05,8.2105e-05,0.00019072,0.00040287,0.00060689,0.00081948,0.0010013
SA0P25
r\m,4.0,4.5,5.0,5.5,6.0,6.5,7.0,7.5,7.8,8.0,8.2
0.0,0.24976,0.46188,0.71620,0.96670,1.2228,1.4959,1.7557,1.8928,1.9588,1.9885,2.0131
1.0,0.19846,0.40121,0.65363,0.90695,1.1640,1.4401,1.7003,1.8644,1.9322,1.9553,1.9665
5.0,0.056218,0.14395,0.30526,0.55427,0.83358,1.1292,1.4062,1.6185,1.7025,1.7364,1.7582
10.0,0.021914,0.059780,0.13814,0.28752,0.50272,0.77113,1.0626,1.3371,1.4321,1.4876,1.5192
15.0,0.011786,0.033002,0.078999,0.17310,0.32432,0.53816,0.80176,1.0800,1.2219,1.2830,1.3456
20.0,0.0074391,0.021195,0.051835,0.11682,0.22745,0.39608,0.62166,0.87923,1.0310,1.1166,1.1848
25.0,0.0050585,0.014612,0.036526,0.084104,0.16851,0.30267,0.49394,0.72567,0.86956,0.96468,1.0462
30.0,0.0037065,0.010803,0.027370,0.063858,0.13035,0.23929,0.40195,0.60811,0.74219,0.83329,0.93108
40.0,0.0022801,0.0067474,0.017370,0.041330,0.086173,0.16288,0.28403,0.44741,0.55988,0.64229,0.73436
50.0,0.0015637,0.0046730,0.012141,0.029282,0.061936,0.11961,0.21523,0.35373,0.45620,0.52994,0.61275
60.0,0.0012745,0.0038394,0.010043,0.024405,0.051966,0.10129,0.18464,0.30922,0.39874,0.46569,0.54127
70.0,0.0011133,0.0033689,0.0088463,0.021593,0.046253,0.090958,0.16801,0.28204,0.36597,0.42939,0.50152
80.0,0.0010090,0.0030678,0.0080831,0.019802,0.042609,0.084277,0.15650,0.26343,0.34298,0.40336,0.47231
90.0,0.00092742,0.0028273,0.0074770,0.018361,0.039697,0.079040,0.14669,0.24796,0.32356,0.38111,0.44692
100.0,0.00085680,0.0026214,0.0069531,0.017109,0.037147,0.074302,0.13799,0.23410,0.30606,0.36096,0.42389
110.0,0.00079547,0.0024409,0.0064909,0.016002,0.034862,0.069923,0.13001,0.22118,0.28960,0.34190,0.40191
120.0,0.00074159,0.0022807,0.0060801,0.015015,0.032815,0.065980,0.12280,0.20945,0.27461,0.32450,0.38182
130.0,0.00068819,0.0021226,0.0056750,0.014037,0.030768,0.062003,0.11555,0.19747,0.25931,0.30674,0.36131
140.0,0.00063900,0.0019771,0.0053014,0.013134,0.028867,0.058296,0.10881,0.18619,0.24488,0.28998,0.34192
150.0,0.00059214,0.0018378,0.0049414,0.012257,0.027020,0.054681,0.10224,0.17517,0.23078,0.27359,0.32297
175.0,0.00048907,0.0015274,0.0041327,0.010283,0.022776,0.046257,0.086888,0.14955,0.19781,0.23515,0.27833
200.0,0.00040932,0.0012854,0.0034962,0.0087323,0.019398,0.039489,0.074530,0.12889,0.17108,0.20388,0.24188
250.0,0.00029086,0.00092330,0.0025362,0.0063861,0.014291,0.029234,0.055600,0.097322,0.12979,0.15516,0.18464
300.0,0.00021369,0.00068389,0.0018951,0.0047878,0.010810,0.022244,0.042678,0.075530,0.10116,0.12129,0.14376
350.0,0.00016055,0.00051748,0.0014436,0.0036623,0.0083174,0.017207,0.033251,0.059384,0.079839,0.095473,0.11336
400.0,0.00012245,0.00039723,0.0011147,0.0028391,0.0064796,0.013460,0.026162,0.047095,0.063327,0.075786,0.090153
450.0,9.1949e-05,0.00030101,0.00085282,0.0022108,0.0050620,0.010560,0.020647,0.037417,0.050353,0.060424,0.072007
500.0,6.9810e-05,0.00023038,0.00065862,0.0017339,0.0039802,0.0083323,0.016379,0.029892,0.040243,0.048377,0.057780
600.0,3.8947e-05,0.00013069,0.00038332,0.0010284,0.0023957,0.0050743,0.010088,0.018653,0.025442,0.030846,0.037435
700.0,2.3289e-05,7.9213e-05,0.00023481,0.00064933,0.0015261,0.0032686,0.0065797,0.012269,0.016841,0.020517,0.024846
800.0,1.3901e-05,4.8347e-05,0.00014622,0.00040863,0.00097629,0.0021040,0.0042961,0.0081492,0.011197,0.013848,0.016874
1000.0,5.2247e-06,1.8446e-05,5.7807e-05,0.00016790,0.00041282,0.00090724,0.0019054,0.0037024,0.0051465,0.0065403,0.0081253
1200.0,1.9811e-06,7.2435e-06,2.3458e-05,6.9493e-05,0.00017657,0.00040344,0.00086372,0.0017351,0.0025085,0.0031781,0.0039833
1500.0,4.9271e-07,1.8384e-06,6.1563e-06,1.9294e-05,5.1405e-05,0.00011970,0.00027162,0.00055899,0.00082837,0.0011032,0.0013395
SA0P3
r\m,4.0,4.5,5.0,5.5,6.0,6.5,7.0,7.5,7.8,8.0,8.2
0.0,0.19207,0.37995,0.60793,0.83022,1.0592,1.3063,1.5461,1.6745,1.7354,1.7627,1.7876
1.0,0.15237,0.32974,0.55530,0.78090,1.0112,1.2614,1.5015,1.6531,1.7155,1.7361,1.7474
5.0,0.041599,0.11582,0.25590,0.47439,0.72731,0.99921,1.2564,1.4510,1.5276,1.5570,1.5762
10.0,0.016010,0.047555,0.11480,0.24460,0.43861,0.68714,0.95865,1.2103,1.2979,1.3476,1.3762
15.0,0.0085879,0.026174,0.065451,0.14691,0.28279,0.48047,0.72580,0.98238,1.1124,1.1686,1.2266
20.0,0.0054173,0.016792,0.042889,0.099014,0.19806,0.35335,0.56282,0.80103,0.94049,1.0189,1.0827
25.0,0.0036792,0.011559,0.030187,0.071201,0.14657,0.26954,0.44673,0.66082,0.79326,0.88039,0.95633
30.0,0.0026956,0.0085413,0.022603,0.054000,0.11323,0.21264,0.36289,0.55303,0.67645,0.76005,0.85041
40.0,0.0016594,0.0053357,0.014340,0.034917,0.074710,0.14431,0.25551,0.40556,0.50867,0.58399,0.66853
50.0,0.0011395,0.0036980,0.010024,0.024725,0.053619,0.10572,0.19311,0.32001,0.41388,0.48157,0.55814
60.0,0.00093287,0.0030497,0.0083175,0.020655,0.045060,0.089590,0.16565,0.27954,0.36148,0.42283,0.49257
70.0,0.00081375,0.0026723,0.0073154,0.018244,0.040016,0.080203,0.15018,0.25408,0.33069,0.38868,0.45509
80.0,0.00073862,0.0024367,0.0066929,0.016749,0.036894,0.074343,0.13987,0.23722,0.30976,0.36492,0.42833
90.0,0.00067996,0.0022495,0.0062006,0.015555,0.034420,0.069789,0.13118,0.22335,0.29227,0.34482,0.40529
100.0,0.00062930,0.0020892,0.0057754,0.014519,0.032256,0.065681,0.12349,0.21098,0.27659,0.32672,0.38454
110.0,0.00058529,0.0019487,0.0054008,0.013603,0.030323,0.061902,0.11649,0.19956,0.26199,0.30978,0.36495
120.0,0.00054662,0.0018241,0.0050679,0.012787,0.028593,0.058505,0.11018,0.18922,0.24873,0.29436,0.34710
130.0,0.00050876,0.0017025,0.0047432,0.011987,0.026879,0.055115,0.10391,0.17876,0.23533,0.27877,0.32905
140.0,0.00047370,0.0015901,0.0044425,0.011244,0.025281,0.051942,0.098069,0.16887,0.22263,0.26400,0.31192
150.0,0.00043995,0.0014811,0.0041495,0.010515,0.023708,0.048811,0.092295,0.15911,0.21011,0.24943,0.29503
175.0,0.00036598,0.0012396,0.0034944,0.0088814,0.020120,0.041572,0.078948,0.13663,0.18112,0.21559,0.25566
200.0,0.00030855,0.0010507,0.0029770,0.0075944,0.017253,0.035737,0.068174,0.11849,0.15760,0.18802,0.22348
250.0,0.00022233,0.00076510,0.0021892,0.0056281,0.012887,0.026825,0.051534,0.090616,0.12105,0.14484,0.17263
300.0,0.00016573,0.00057481,0.0016587,0.0042782,0.0098856,0.020703,0.040098,0.071259,0.095571,0.11465,0.13611
350.0,0.00012640,0.00044137,0.0012817,0.0033194,0.0077168,0.016251,0.031687,0.056797,0.076433,0.091445,0.10874
400.0,9.7938e-05,0.00034402,0.0010043,0.0026115,0.0061008,0.012904,0.025301,0.045686,0.061474,0.073595,0.087659
450.0,7.4888e-05,0.00026524,0.00078107,0.0020658,0.0048415,0.010286,0.020278,0.036845,0.049597,0.059517,0.071004
500.0,5.7951e-05,0.00020674,0.00061367,0.0016471,0.0038697,0.0082510,0.016345,0.029887,0.040239,0.048361,0.057809
600.0,3.4073e-05,0.00012325,0.00037404,0.0010217,0.0024306,0.0052367,0.010479,0.019355,0.026352,0.031907,0.038656
700.0,2.1240e-05,7.7730e-05,0.00023819,0.00066785,0.0016012,0.0034838,0.0070474,0.013104,0.017942,0.021815,0.026389
800.0,1.3276e-05,4.9449e-05,0.00015413,0.00043627,0.0010607,0.0023202,0.0047486,0.0089558,0.012273,0.015123,0.018391
1000.0,5.4411e-06,2.0498e-05,6.5810e-05,0.00019268,0.00047999,0.0010662,0.0022327,0.0042954,0.0059432,0.0074958,0.0092702
1200.0,2.2488e-06,8.7164e-06,2.8781e-05,8.5658e-05,0.00021925,0.00050265,0.0010689,0.0021140,0.0030268,0.0038084,0.0047481
1500.0,6.2960e-07,2.4748e-06,8.3885e-06,2.6152e-05,6.9598e-05,0.00016177,0.00036146,0.00072982,0.0010679,0.0014053,0.0017004
SA0P4
r\m,4.0,4.5,5.0,5.5,6.0,6.5,7.0,7.5,7.8,8.0,8.2
0.0,0.11851,0.26462,0.45718,0.64759,0.84428,1.0578,1.2698,1.3867,1.4420,1.4671,1.4924
1.0,0.093823,0.22939,0.41805,0.61111,0.80905,1.0254,1.2375,1.3730,1.4293,1.4479,1.4601
5.0,0.024394,0.078377,0.18937,0.36838,0.58516,0.82309,1.0512,1.2223,1.2900,1.3150,1.3320
10.0,0.0092316,0.031702,0.083986,0.18844,0.35282,0.57115,0.81235,1.0324,1.1104,1.1533,1.1787
15.0,0.0049342,0.017377,0.047688,0.11283,0.22726,0.40033,0.61777,0.84343,0.95751,1.0072,1.0592
20.0,0.0031097,0.011131,0.031191,0.075890,0.15888,0.29407,0.47905,0.68910,0.81146,0.88025,0.93799
25.0,0.0021085,0.0076471,0.021917,0.054483,0.11738,0.22376,0.37966,0.56808,0.68446,0.76071,0.82880
30.0,0.0015444,0.0056458,0.016393,0.041255,0.090494,0.17599,0.30764,0.47453,0.58293,0.65620,0.73619
40.0,0.00095143,0.0035269,0.010394,0.026638,0.059552,0.11894,0.21554,0.34646,0.43645,0.50206,0.57623
50.0,0.00065441,0.0024463,0.0072646,0.018846,0.042651,0.086858,0.16231,0.27263,0.35443,0.41369,0.48142
60.0,0.00053864,0.0020268,0.0060506,0.015788,0.035912,0.073656,0.13920,0.23791,0.30925,0.36282,0.42432
70.0,0.00046898,0.0017726,0.0053109,0.013913,0.031796,0.065668,0.12559,0.21523,0.28168,0.33217,0.39055
80.0,0.00042645,0.0016190,0.0048660,0.012789,0.029342,0.060893,0.11693,0.20081,0.26366,0.31163,0.36728
90.0,0.00039334,0.0014976,0.0045163,0.011899,0.027416,0.057224,0.10972,0.18913,0.24880,0.29447,0.34750
100.0,0.00036481,0.0013936,0.0042145,0.011128,0.025736,0.053927,0.10339,0.17877,0.23558,0.27914,0.32984
110.0,0.00034004,0.0013027,0.0039492,0.010448,0.024243,0.050914,0.097671,0.16933,0.22343,0.26500,0.31340
120.0,0.00031826,0.0012221,0.0037137,0.0098430,0.022908,0.048212,0.092536,0.16080,0.21244,0.25218,0.29851
130.0,0.00029730,0.0011446,0.0034873,0.0092576,0.021604,0.045558,0.087516,0.15229,0.20148,0.23939,0.28362
140.0,0.00027776,0.0010725,0.0032766,0.0087108,0.020380,0.043061,0.082817,0.14421,0.19105,0.22721,0.26944
150.0,0.00025869,0.0010016,0.0030683,0.0081662,0.019156,0.040555,0.078101,0.13612,0.18062,0.21504,0.25529
175.0,0.00021713,0.00084554,0.0026057,0.0069547,0.016393,0.034833,0.067352,0.11776,0.15684,0.18720,0.22279
200.0,0.00018473,0.00072298,0.0022393,0.0059974,0.014178,0.030208,0.058655,0.10293,0.13752,0.16451,0.19622
250.0,0.00013546,0.00053556,0.0016747,0.0045182,0.010773,0.023074,0.045092,0.080021,0.10733,0.12873,0.15393
300.0,0.00010284,0.00040960,0.0012911,0.0034942,0.0084122,0.018135,0.035707,0.064017,0.086172,0.10358,0.12338
350.0,7.9954e-05,0.00032041,0.0010157,0.0027604,0.0066884,0.014507,0.028744,0.051948,0.070132,0.084071,0.10029
400.0,6.3212e-05,0.00025465,0.00081092,0.0022128,0.0053890,0.011749,0.023401,0.042582,0.057464,0.068918,0.082341
450.0,4.9481e-05,0.00020077,0.00064417,0.0017863,0.0043653,0.0095639,0.019147,0.035044,0.047286,0.056823,0.067985
500.0,3.9257e-05,0.00016026,0.00051759,0.0014553,0.0035654,0.0078434,0.015773,0.029027,0.039167,0.047127,0.056479
600.0,2.4781e-05,0.00010219,0.00033576,0.00095923,0.0023743,0.0052730,0.010700,0.019816,0.026973,0.032643,0.039508
700.0,1.6361e-05,6.8055e-05,0.00022553,0.00065759,0.0016389,0.0036721,0.0075207,0.013990,0.019134,0.023237,0.028112
800.0,1.0909e-05,4.5893e-05,0.00015403,0.00045282,0.0011413,0.0025704,0.0053101,0.0099778,0.013662,0.016762,0.020363
1000.0,5.0703e-06,2.1469e-05,7.3579e-05,0.00022215,0.00057085,0.0013003,0.0027298,0.0052031,0.0071753,0.0089578,0.011022
1200.0,2.3894e-06,1.0305e-05,3.6040e-05,0.00011020,0.00028886,0.00067267,0.0014271,0.0027741,0.0039255,0.0048954,0.0060627
1500.0,8.0475e-07,3.4890e-06,1.2401e-05,3.9170e-05,0.00010547,0.00024771,0.00054508,0.0010755,0.0015478,0.0019995,0.0024159
SA0P5
r\m,4.0,4.5,5.0,5.5,6.0,6.5,7.0,7.5,7.8,8.0,8.2
0.0,0.077379,0.18900,0.35319,0.52501,0.70481,0.89955,1.0946,1.2053,1.2577,1.2821,1.3078
1.0,0.061192,0.16373,0.32318,0.49640,0.67690,0.87405,1.0690,1.1954,1.2486,1.2668,1.2800
5.0,0.015438,0.055012,0.14489,0.29784,0.49123,0.70724,0.91645,1.0733,1.1361,1.1592,1.1756
10.0,0.0057823,0.022049,0.063812,0.15162,0.29614,0.49345,0.71370,0.91355,0.98574,1.0248,1.0488
15.0,0.0030837,0.012055,0.036140,0.090600,0.19063,0.34635,0.54420,0.74924,0.85310,0.89892,0.94713
20.0,0.0019423,0.0077145,0.023609,0.060863,0.13310,0.25421,0.42196,0.61286,0.72402,0.78671,0.84041
25.0,0.0013155,0.0052932,0.016572,0.043648,0.098228,0.19311,0.33407,0.50497,0.61069,0.67991,0.74273
30.0,0.00096338,0.0039058,0.012386,0.033016,0.075631,0.15159,0.27026,0.42131,0.51967,0.58619,0.65928
40.0,0.00059374,0.0024398,0.0078503,0.021299,0.049684,0.10218,0.18875,0.30673,0.38804,0.44732,0.51465
50.0,0.00040877,0.0016930,0.0054860,0.015059,0.035536,0.074464,0.14181,0.24096,0.31472,0.36840,0.43015
60.0,0.00033754,0.0014065,0.0045792,0.012635,0.029953,0.063167,0.12160,0.21012,0.27443,0.32286,0.37882
70.0,0.00029355,0.0012287,0.0040143,0.011119,0.026469,0.056172,0.10937,0.18954,0.24929,0.29485,0.34787
80.0,0.00026720,0.0011232,0.0036810,0.010228,0.024437,0.052094,0.10180,0.17676,0.23322,0.27647,0.32697
90.0,0.00024674,0.0010403,0.0034200,0.0095256,0.022853,0.048982,0.095554,0.16649,0.22009,0.26125,0.30934
100.0,0.00022913,0.00096918,0.0031948,0.0089180,0.021472,0.046192,0.090075,0.15743,0.20845,0.24771,0.29367
110.0,0.00021384,0.00090701,0.0029972,0.0083827,0.020248,0.043654,0.085166,0.14923,0.19784,0.23533,0.27923
120.0,0.00020040,0.00085200,0.0028218,0.0079068,0.019156,0.041381,0.080764,0.14184,0.18828,0.22413,0.26618
130.0,0.00018760,0.00079962,0.0026549,0.0074505,0.018099,0.039171,0.076506,0.13453,0.17882,0.21306,0.25326
140.0,0.00017563,0.00075067,0.0024991,0.0070228,0.017102,0.037086,0.072510,0.12757,0.16979,0.20249,0.24090
150.0,0.00016384,0.00070213,0.0023436,0.0065929,0.016096,0.034972,0.068462,0.12054,0.16068,0.19184,0.22849
175.0,0.00013824,0.00059574,0.0020000,0.0056417,0.013840,0.030186,0.059321,0.10474,0.14013,0.16772,0.20024
200.0,0.00011825,0.00051203,0.0017275,0.0048890,0.012030,0.026312,0.051919,0.091971,0.12344,0.14806,0.17717
250.0,8.7616e-05,0.00038314,0.0013048,0.0037183,0.0092318,0.020305,0.040314,0.072209,0.097272,0.11696,0.14028
300.0,6.7238e-05,0.00029615,0.0010162,0.0029047,0.0072845,0.016132,0.032260,0.058368,0.078890,0.095058,0.11358
350.0,5.2878e-05,0.00023424,0.00080802,0.0023191,0.0058552,0.013052,0.026261,0.047886,0.064899,0.077982,0.093317
400.0,4.2316e-05,0.00018836,0.00065233,0.0018799,0.0047715,0.010696,0.021635,0.039712,0.053792,0.064665,0.077496
450.0,3.3597e-05,0.00015053,0.00052483,0.0015361,0.0039134,0.0088202,0.017931,0.033098,0.044817,0.053969,0.064765
500.0,2.7065e-05,0.00012191,0.00042748,0.0012679,0.0032389,0.0073337,0.014974,0.027780,0.037615,0.045349,0.054505
600.0,1.7863e-05,8.1093e-05,0.00028835,0.00086815,0.0022380,0.0051156,0.010537,0.019630,0.026771,0.032432,0.039275
700.0,1.2234e-05,5.5912e-05,0.00020037,0.00061338,0.0015917,0.0036701,0.0076246,0.014250,0.019520,0.023721,0.028739
800.0,8.5061e-06,3.9159e-05,0.00014172,0.00043710,0.0011454,0.0026560,0.0055568,0.010464,0.014355,0.017582,0.021375
1000.0,4.2995e-06,1.9865e-05,7.2979e-05,0.00023004,0.00061298,0.0014355,0.0030402,0.0057878,0.0079870,0.0099132,0.012173
1200.0,2.2198e-06,1.0374e-05,3.8665e-05,0.00012320,0.00033349,0.00079405,0.0016952,0.0032743,0.0046077,0.0057193,0.0070603
1500.0,8.5287e-07,3.9847e-06,1.4996e-05,4.8906e-05,0.00013494,0.00032350,0.00071009,0.0013867,0.0019780,0.0025237,0.0030552
SA0P75
r\m,4.0,4.5,5.0,5.5,6.0,6.5,7.0,7.5,7.8,8.0,8.2
0.0,0.032879,0.090046,0.19564,0.32953,0.48465,0.65794,0.83475,0.94293,0.99453,1.0197,1.0468
1.0,0.025964,0.077943,0.17917,0.31236,0.46679,0.64118,0.81736,0.93723,0.98933,1.0091,1.0253
5.0,0.0062953,0.025621,0.079261,0.18629,0.34024,0.52424,0.70911,0.85091,0.90966,0.93241,0.94982
10.0,0.0023264,0.010148,0.034594,0.094243,0.20507,0.36838,0.55783,0.73148,0.79743,0.83287,0.85631
15.0,0.0012370,0.0055303,0.019528,0.056171,0.13188,0.25902,0.42682,0.60298,0.69343,0.73470,0.77827
20.0,0.00077851,0.0035346,0.012738,0.037671,0.091932,0.18989,0.33088,0.49394,0.58959,0.64415,0.69233
25.0,0.00052657,0.0024213,0.0089286,0.026978,0.067744,0.14392,0.26157,0.40668,0.49726,0.55673,0.61202
30.0,0.00038553,0.0017855,0.0066678,0.020380,0.052070,0.11268,0.21115,0.33875,0.42267,0.47964,0.54275
40.0,0.00023773,0.0011154,0.0042239,0.013131,0.034127,0.075684,0.14684,0.24569,0.31446,0.36473,0.42219
50.0,0.00016387,0.00077452,0.0029516,0.0092768,0.024365,0.055003,0.10998,0.19255,0.25462,0.30016,0.35304
60.0,0.00013588,0.00064577,0.0024709,0.0078002,0.020565,0.046675,0.094268,0.16775,0.22181,0.26279,0.31058
70.0,0.00011801,0.00056341,0.0021628,0.0068515,0.018127,0.041365,0.084447,0.15073,0.20078,0.23920,0.28433
80.0,0.00010757,0.00051569,0.0019855,0.0063080,0.016745,0.038364,0.078562,0.14047,0.18770,0.22413,0.26705
90.0,9.9474e-05,0.00047839,0.0018472,0.0058829,0.015675,0.036095,0.073760,0.13232,0.17712,0.21178,0.25261
100.0,9.2528e-05,0.00044640,0.0017282,0.0055154,0.014745,0.034068,0.069566,0.12516,0.16781,0.20086,0.23988
110.0,8.6497e-05,0.00041846,0.0016238,0.0051922,0.013924,0.032233,0.065837,0.11874,0.15941,0.19098,0.22828
120.0,8.1194e-05,0.00039377,0.0015313,0.0049052,0.013193,0.030595,0.062504,0.11299,0.15186,0.18209,0.21784
130.0,7.6221e-05,0.00037057,0.0014443,0.0046334,0.012493,0.029024,0.059328,0.10736,0.14448,0.17339,0.20762
140.0,7.1541e-05,0.00034877,0.0013629,0.0043773,0.011830,0.027536,0.056338,0.10198,0.13742,0.16506,0.19781
150.0,6.6879e-05,0.00032688,0.0012806,0.0041168,0.011153,0.026007,0.053269,0.096485,0.13022,0.15659,0.18786
175.0,5.6816e-05,0.00027922,0.0010999,0.0035447,0.0096482,0.022587,0.046432,0.084303,0.11419,0.13765,0.16554
200.0,4.8939e-05,0.00024164,0.00095640,0.0030912,0.0084388,0.019815,0.040895,0.074460,0.10117,0.12222,0.14732
250.0,3.6750e-05,0.00018325,0.00073183,0.0023801,0.0065590,0.015492,0.032158,0.059198,0.080717,0.097729,0.11807
300.0,2.8600e-05,0.00014363,0.00057768,0.0018837,0.0052451,0.012479,0.026081,0.048493,0.066331,0.080470,0.096865
350.0,2.2827e-05,0.00011528,0.00046580,0.0015247,0.0042754,0.010244,0.021540,0.040354,0.055337,0.066952,0.080716
400.0,1.8555e-05,9.4136e-05,0.00038162,0.0012541,0.0035357,0.0085261,0.018023,0.033981,0.046570,0.056369,0.068062
450.0,1.5007e-05,7.6589e-05,0.00031223,0.0010412,0.0029471,0.0071502,0.015191,0.028801,0.039447,0.047820,0.057816
500.0,1.2331e-05,6.3235e-05,0.00025896,0.00087431,0.0024821,0.0060544,0.012919,0.024608,0.033704,0.040902,0.049525
600.0,8.6384e-06,4.4532e-05,0.00018412,0.00063009,0.0018027,0.0044406,0.0095589,0.018234,0.025107,0.030581,0.037193
700.0,6.2166e-06,3.2190e-05,0.00013401,0.00046383,0.0013356,0.0033193,0.0072026,0.013765,0.019032,0.023243,0.028325
800.0,4.5769e-06,2.3759e-05,9.9489e-05,0.00034658,0.0010061,0.0025177,0.0054922,0.010540,0.014608,0.017917,0.021893
1000.0,2.6027e-06,1.3522e-05,5.7009e-05,0.00020148,0.00059291,0.0014977,0.0032917,0.0063613,0.0088590,0.010946,0.013457
1200.0,1.5346e-06,7.9886e-06,3.3878e-05,0.00012078,0.00035923,0.00091653,0.0020255,0.0039449,0.0055503,0.0068726,0.0084783
1500.0,7.1725e-07,3.7107e-06,1.5753e-05,5.6753e-05,0.00017024,0.00043751,0.00098241,0.0019244,0.0027311,0.0034326,0.0041947
SA1P0
r\m,4.0,4.5,5.0,5.5,6.0,6.5,7.0,7.5,7.8,8.0,8.2
0.0,0.017324,0.049025,0.11605,0.21539,0.34595,0.50362,0.67260,0.78635,0.84169,0.86994,0.89969
1.0,0.013672,0.042421,0.10633,0.20442,0.33366,0.49148,0.65942,0.78239,0.83808,0.86146,0.88143
5.0,0.0032529,0.013803,0.046750,0.12159,0.24372,0.40383,0.57532,0.71405,0.77438,0.79962,0.81986
10.0,0.0011945,0.0054366,0.020321,0.061335,0.14690,0.28475,0.45476,0.61673,0.68215,0.71774,0.74280
15.0,0.00063429,0.0029586,0.011455,0.036517,0.094438,0.20039,0.34854,0.50962,0.59453,0.63485,0.67715
20.0,0.00039906,0.0018900,0.0074670,0.024474,0.065783,0.14683,0.27017,0.41776,0.50594,0.55708,0.60311
25.0,0.00026975,0.0012939,0.0052312,0.017517,0.048444,0.11117,0.21343,0.34383,0.42670,0.48148,0.53321
30.0,0.00019748,0.00095392,0.0039055,0.013226,0.037208,0.086940,0.17211,0.28618,0.36249,0.41467,0.47266
40.0,0.00012181,0.00059604,0.0024741,0.0085189,0.024364,0.058300,0.11945,0.20718,0.26923,0.31479,0.36705
50.0,8.4023e-05,0.00041409,0.0017292,0.0060176,0.017383,0.042318,0.089340,0.16220,0.21782,0.25898,0.30701
60.0,6.9813e-05,0.00034591,0.0014499,0.0050658,0.014683,0.035921,0.076568,0.14124,0.18967,0.22663,0.26994
70.0,6.0595e-05,0.00030166,0.0012685,0.0044469,0.012930,0.031786,0.068464,0.12668,0.17140,0.20597,0.24677
80.0,5.5271e-05,0.00027633,0.0011654,0.0040967,0.011949,0.029484,0.063681,0.11802,0.16018,0.19293,0.23170
90.0,5.1151e-05,0.00025658,0.0010852,0.0038238,0.011193,0.027751,0.059798,0.11118,0.15115,0.18229,0.21916
100.0,4.7619e-05,0.00023964,0.0010162,0.0035880,0.010536,0.026205,0.056413,0.10518,0.14322,0.17291,0.20813
110.0,4.4552e-05,0.00022486,0.00095569,0.0033808,0.0099572,0.024810,0.053416,0.099832,0.13611,0.16448,0.19815
120.0,4.1854e-05,0.00021179,0.00090212,0.0031969,0.0094424,0.023565,0.050741,0.095041,0.12973,0.15690,0.18918
130.0,3.9343e-05,0.00019960,0.00085208,0.0030238,0.0089525,0.022380,0.048209,0.090389,0.12353,0.14953,0.18045
140.0,3.6974e-05,0.00018811,0.00080510,0.0028602,0.0084872,0.021255,0.045823,0.085928,0.11759,0.14246,0.17206
150.0,3.4600e-05,0.00017650,0.00075731,0.0026928,0.0080084,0.020091,0.043357,0.081348,0.11150,0.13523,0.16351
175.0,2.9490e-05,0.00015129,0.00065276,0.0023263,0.0069499,0.017503,0.037903,0.071265,0.098027,0.11918,0.14446
200.0,2.5486e-05,0.00013140,0.00056961,0.0020355,0.0060987,0.015405,0.033485,0.063121,0.087093,0.10611,0.12891
250.0,1.9261e-05,0.00010033,0.00043888,0.0015775,0.0047713,0.012122,0.026494,0.050485,0.069893,0.085343,0.10392
300.0,1.5089e-05,7.9198e-05,0.00034889,0.0012571,0.0038416,0.0098313,0.021627,0.041620,0.057798,0.070711,0.085797
350.0,1.2126e-05,6.4033e-05,0.00028337,0.0010248,0.0031538,0.0081291,0.017988,0.034873,0.048545,0.059233,0.071985
400.0,9.9299e-06,5.2692e-05,0.00023392,0.00084920,0.0026275,0.0068180,0.015165,0.029584,0.041157,0.050240,0.061151
450.0,8.1004e-06,4.3250e-05,0.00019302,0.00071077,0.0022081,0.0057658,0.012888,0.025281,0.035145,0.042962,0.052365
500.0,6.7187e-06,3.6049e-05,0.00016155,0.00060207,0.0018760,0.0049265,0.011059,0.021789,0.030292,0.037071,0.045250
600.0,4.8424e-06,2.6110e-05,0.00011793,0.00044519,0.0013969,0.0037052,0.0083907,0.016533,0.023087,0.028342,0.034698
700.0,3.5686e-06,1.9321e-05,8.7867e-05,0.00033461,0.0010567,0.0028278,0.0064534,0.012733,0.017851,0.021970,0.026973
800.0,2.7012e-06,1.4639e-05,6.6857e-05,0.00025615,0.00081481,0.0021973,0.0050370,0.0099625,0.014010,0.017283,0.021271
1000.0,1.6280e-06,8.8318e-06,4.0473e-05,0.00015676,0.00050482,0.0013743,0.0031673,0.0062970,0.0088959,0.011022,0.013622
1200.0,1.0268e-06,5.5622e-06,2.5541e-05,9.9746e-05,0.00032391,0.00088814,0.0020562,0.0041071,0.0058331,0.0072523,0.0089861
1500.0,5.3119e-07,2.8569e-06,1.3092e-05,5.1356e-05,0.00016737,0.00046295,0.0010828,0.0021700,0.0031018,0.0038866,0.0048017
SA1P5
r\m,4.0,4.5,5.0,5.5,6.0,6.5,7.0,7.5,7.8,8.0,8.2
0.0,0.0069421,0.019463,0.049493,0.10298,0.18811,0.30920,0.45761,0.57876,0.64256,0.67788,0.71404
1.0,0.0054756,0.016837,0.045370,0.097845,0.18166,0.30215,0.44917,0.57641,0.64037,0.67172,0.69974
5.0,0.0012802,0.0054273,0.019839,0.058066,0.13299,0.24946,0.39400,0.52866,0.59445,0.62617,0.65333
10.0,0.00046736,0.0021273,0.0085927,0.029225,0.080181,0.17650,0.31290,0.45868,0.52607,0.56465,0.59467
15.0,0.00024788,0.0011563,0.0048385,0.017388,0.051546,0.12435,0.24023,0.37993,0.45953,0.50073,0.54370
20.0,0.00015591,0.00073845,0.0031532,0.011649,0.035892,0.091093,0.18623,0.31170,0.39142,0.43979,0.48484
25.0,0.00010534,0.00050532,0.0022085,0.0083362,0.026424,0.068920,0.14706,0.25649,0.33014,0.38015,0.42873
30.0,7.7116e-05,0.00037255,0.0016488,0.0062930,0.020287,0.053852,0.11850,0.21336,0.28035,0.32733,0.37992
40.0,4.7589e-05,0.00023291,0.0010451,0.0040544,0.013280,0.036076,0.082123,0.15425,0.20794,0.24816,0.29463
50.0,3.2848e-05,0.00016194,0.00073094,0.0028653,0.0094747,0.026170,0.061365,0.12067,0.16815,0.20414,0.24653
60.0,2.7347e-05,0.00013555,0.00061408,0.0024161,0.0080136,0.022231,0.052606,0.10506,0.14639,0.17859,0.21670
70.0,2.3726e-05,0.00011821,0.00053729,0.0021209,0.0070544,0.019654,0.046976,0.094106,0.13212,0.16211,0.19788
80.0,2.1657e-05,0.00010839,0.00049418,0.0019561,0.0065248,0.018242,0.043702,0.087670,0.12345,0.15183,0.18576
90.0,2.0059e-05,0.00010076,0.00046076,0.0018282,0.0061189,0.017183,0.041059,0.082609,0.11652,0.14348,0.17572
100.0,1.8690e-05,9.4219e-05,0.00043200,0.0017177,0.0057666,0.016241,0.038759,0.078190,0.11045,0.13614,0.16693
110.0,1.7501e-05,8.8508e-05,0.00040683,0.0016207,0.0054565,0.015392,0.036729,0.074261,0.10503,0.12958,0.15901
120.0,1.6455e-05,8.3466e-05,0.00038453,0.0015347,0.0051810,0.014636,0.034920,0.070750,0.10017,0.12368,0.15191
130.0,1.5488e-05,7.8786e-05,0.00036382,0.0014540,0.0049202,0.013920,0.033220,0.067358,0.095482,0.11799,0.14503
140.0,1.4573e-05,7.4361e-05,0.00034433,0.0013777,0.0046717,0.013239,0.031614,0.064099,0.090972,0.11251,0.13841
150.0,1.3651e-05,6.9860e-05,0.00032435,0.0012988,0.0044139,0.012529,0.029943,0.060733,0.086325,0.10688,0.13163
175.0,1.1672e-05,6.0116e-05,0.00028076,0.0011268,0.0038463,0.010957,0.026268,0.053368,0.076118,0.094460,0.11662
200.0,1.0119e-05,5.2412e-05,0.00024603,0.00099018,0.0033892,0.0096822,0.023290,0.047420,0.067836,0.084358,0.10438
250.0,7.6935e-06,4.0318e-05,0.00019112,0.00077369,0.0026733,0.0076795,0.018561,0.038181,0.054788,0.068271,0.084656
300.0,6.0641e-06,3.2066e-05,0.00015317,0.00062164,0.0021704,0.0062789,0.015265,0.031699,0.045615,0.056941,0.070358
350.0,4.9047e-06,2.6123e-05,0.00012543,0.00051106,0.0017969,0.0052353,0.012797,0.026758,0.038588,0.048039,0.059453
400.0,4.0431e-06,2.1666e-05,0.00010441,0.00042715,0.0015100,0.0044293,0.010879,0.022880,0.032969,0.041060,0.050894
450.0,3.3240e-06,1.7941e-05,8.6950e-05,0.00036079,0.0012807,0.0037806,0.0093289,0.019722,0.028391,0.035403,0.043943
500.0,2.7804e-06,1.5094e-05,7.3477e-05,0.00030855,0.0010987,0.0032623,0.0080823,0.017154,0.024695,0.030826,0.038316
600.0,2.0567e-06,1.1234e-05,5.5094e-05,0.00023435,0.00084000,0.0025191,0.0062936,0.013337,0.019265,0.024109,0.030012
700.0,1.5488e-06,8.5045e-06,4.2035e-05,0.00018006,0.00064962,0.0019658,0.0049465,0.010487,0.015206,0.019074,0.023831
800.0,1.2024e-06,6.6086e-06,3.2788e-05,0.00014135,0.00051343,0.0015667,0.0039564,0.0083933,0.012214,0.015327,0.019191
1000.0,7.6448e-07,4.2181e-06,2.0974e-05,9.1201e-05,0.00033517,0.0010330,0.0026166,0.0055688,0.0081390,0.010227,0.012836
1200.0,5.1362e-07,2.8270e-06,1.4058e-05,6.1692e-05,0.00022833,0.00070708,0.0017979,0.0038326,0.0056036,0.0070754,0.0088951
1500.0,2.9238e-07,1.6023e-06,7.9504e-06,3.4913e-05,0.00012921,0.00040476,0.0010342,0.0022072,0.0032410,0.0040940,0.0051700
SA2P0
r\m,4.0,4.5,5.0,5.5,6.0,6.5,7.0,7.5,7.8,8.0,8.2
0.0,0.0036363,0.0098875,0.025658,0.056514,0.11180,0.20069,0.32334,0.44009,0.50708,0.54672,0.58734
1.0,0.0028675,0.0085524,0.023526,0.053729,0.10804,0.19625,0.31757,0.43851,0.50558,0.54193,0.57567
5.0,0.00066507,0.0027455,0.010264,0.031860,0.079197,0.16242,0.27931,0.40316,0.47038,0.50624,0.53848
10.0,0.00024217,0.0010738,0.0044392,0.016023,0.047768,0.11513,0.22235,0.35060,0.41724,0.45754,0.49125
15.0,0.00012838,0.00058347,0.0024990,0.0095323,0.030717,0.081177,0.17089,0.29079,0.36490,0.40630,0.44981
20.0,8.0743e-05,0.00037262,0.0016287,0.0063871,0.021391,0.059478,0.13252,0.23870,0.31101,0.35706,0.40139
25.0,5.4542e-05,0.00025497,0.0011409,0.0045714,0.015751,0.044998,0.10465,0.19645,0.26237,0.30870,0.35503
30.0,3.9931e-05,0.00018800,0.00085191,0.0034516,0.012094,0.035157,0.084319,0.16340,0.22281,0.26583,0.31461
40.0,2.4649e-05,0.00011759,0.00054030,0.0022252,0.0079205,0.023554,0.058425,0.11811,0.16521,0.20147,0.24391
50.0,1.7021e-05,8.1813e-05,0.00037817,0.0015737,0.0056538,0.017091,0.043660,0.092406,0.13362,0.16578,0.20418
60.0,1.4184e-05,6.8563e-05,0.00031812,0.0013287,0.0047874,0.014531,0.037452,0.080483,0.11636,0.14507,0.17951
70.0,1.2305e-05,5.9802e-05,0.00027846,0.0011669,0.0042159,0.012849,0.033439,0.072072,0.10499,0.13165,0.16387
80.0,1.1237e-05,5.4875e-05,0.00025635,0.0010773,0.0039031,0.011935,0.031126,0.067170,0.098136,0.12333,0.15387
90.0,1.0412e-05,5.1051e-05,0.00023924,0.0010079,0.0036641,0.011252,0.029264,0.063325,0.092666,0.11659,0.14561
100.0,9.7053e-06,4.7771e-05,0.00022452,0.00094800,0.0034567,0.010645,0.027646,0.059973,0.087880,0.11068,0.13838
110.0,9.0920e-06,4.4909e-05,0.00021164,0.00089544,0.0032743,0.010098,0.026220,0.056999,0.083617,0.10540,0.13188
120.0,8.5525e-06,4.2383e-05,0.00020023,0.00084880,0.0031124,0.0096119,0.024949,0.054343,0.079802,0.10067,0.12606
130.0,8.0551e-06,4.0043e-05,0.00018966,0.00080518,0.0029593,0.0091523,0.023758,0.051782,0.076126,0.096103,0.12044
140.0,7.5839e-06,3.7828e-05,0.00017969,0.00076380,0.0028132,0.0087144,0.022632,0.049317,0.072585,0.091704,0.11501
150.0,7.1077e-06,3.5566e-05,0.00016943,0.00072088,0.0026609,0.0082552,0.021455,0.046762,0.068924,0.087171,0.10944
175.0,6.0865e-06,3.0673e-05,0.00014706,0.00062728,0.0023257,0.0072410,0.018872,0.041185,0.060903,0.077198,0.097147
200.0,5.2848e-06,2.6801e-05,0.00012922,0.00055282,0.0020555,0.0064171,0.016777,0.036680,0.054393,0.069084,0.087124
250.0,4.0293e-06,2.0703e-05,0.00010089,0.00043438,0.0016309,0.0051190,0.013441,0.029673,0.044124,0.056144,0.070948
300.0,3.1849e-06,1.6533e-05,8.1267e-05,0.00035095,0.0013317,0.0042093,0.011113,0.024753,0.036902,0.047029,0.059214
350.0,2.5833e-06,1.3524e-05,6.6878e-05,0.00029010,0.0011089,0.0035298,0.0093659,0.020997,0.031362,0.039855,0.050256
400.0,2.1357e-06,1.1263e-05,5.5943e-05,0.00024379,0.00093716,0.0030036,0.0080056,0.018045,0.026925,0.034226,0.043221
450.0,1.7618e-06,9.3681e-06,4.6830e-05,0.00020706,0.00079950,0.0025790,0.0069040,0.015638,0.023305,0.029657,0.037500
500.0,1.4790e-06,7.9184e-06,3.9784e-05,0.00017810,0.00069001,0.0022391,0.0060169,0.013677,0.020380,0.025960,0.032868
600.0,1.1065e-06,5.9711e-06,3.0248e-05,0.00013728,0.00053549,0.0017554,0.0047553,0.010782,0.016109,0.020563,0.026053
700.0,8.4093e-07,4.5693e-06,2.3364e-05,0.00010677,0.00041945,0.0013876,0.0037850,0.0085803,0.012865,0.016457,0.020934
800.0,6.5994e-07,3.5930e-06,1.8456e-05,8.4951e-05,0.00033610,0.0011219,0.0030696,0.0069553,0.010468,0.013382,0.017056
1000.0,4.2923e-07,2.3540e-06,1.2133e-05,5.6354e-05,0.00022574,0.00076156,0.0020880,0.0047411,0.0071648,0.0091582,0.011689
1200.0,2.9633e-07,1.6235e-06,8.3749e-06,3.9331e-05,0.00015872,0.00053779,0.0014799,0.0033607,0.0050684,0.0065140,0.0083245
1500.0,1.7574e-07,9.6263e-07,4.9671e-06,2.3348e-05,9.4194e-05,0.00032363,0.00089307,0.0020288,0.0030701,0.0039330,0.0050683
SA3P0
r\m,4.0,4.5,5.0,5.5,6.0,6.5,7.0,7.5,7.8,8.0,8.2
0.0,0.0014775,0.0038007,0.0098879,0.022929,0.049582,0.099519,0.18070,0.27567,0.33799,0.37852,0.42124
1.0,0.0011648,0.0032873,0.0090690,0.021813,0.047947,0.097383,0.17759,0.27483,0.33715,0.37536,0.41296
5.0,0.00026823,0.0010515,0.0039491,0.012929,0.035200,0.080805,0.15663,0.25332,0.31442,0.35139,0.38703
10.0,9.7451e-05,0.00041056,0.0017064,0.0065000,0.021248,0.057404,0.12502,0.22085,0.27959,0.31837,0.35393
15.0,5.1642e-05,0.00022305,0.00096065,0.0038683,0.013673,0.040521,0.096224,0.18347,0.24488,0.28316,0.32462
20.0,3.2479e-05,0.00014247,0.00062630,0.0025932,0.0095273,0.029708,0.074674,0.15075,0.20892,0.24906,0.28996
25.0,2.1938e-05,9.7498e-05,0.00043888,0.0018570,0.0070190,0.022486,0.059000,0.12413,0.17635,0.21546,0.25661
30.0,1.6063e-05,7.1911e-05,0.00032788,0.0014028,0.0053925,0.017574,0.047554,0.10329,0.14981,0.18561,0.22747
40.0,9.9192e-06,4.5016e-05,0.00020819,0.00090557,0.0035360,0.011786,0.032975,0.074703,0.11115,0.14074,0.17641
50.0,6.8530e-06,3.1347e-05,0.00014589,0.00064131,0.0025274,0.0085621,0.024665,0.058498,0.089968,0.11592,0.14784
60.0,5.7166e-06,2.6307e-05,0.00012293,0.00054246,0.0021441,0.0072918,0.021188,0.051007,0.078427,0.10152,0.13008
70.0,4.9593e-06,2.2958e-05,0.00010770,0.00047696,0.0018903,0.0064538,0.018932,0.045703,0.070797,0.092174,0.11879
80.0,4.5309e-06,2.1086e-05,9.9283e-05,0.00044102,0.0017530,0.0060043,0.017647,0.042643,0.066242,0.086430,0.11164
90.0,4.2003e-06,1.9637e-05,9.2782e-05,0.00041329,0.0016485,0.0056703,0.016616,0.040252,0.062619,0.081791,0.10574
100.0,3.9174e-06,1.8393e-05,8.7191e-05,0.00038937,0.0015579,0.0053732,0.015720,0.038171,0.059454,0.077725,0.10058
110.0,3.6716e-06,1.7308e-05,8.2299e-05,0.00036838,0.0014782,0.0051062,0.014933,0.036328,0.056640,0.074103,0.095965
120.0,3.4554e-06,1.6350e-05,7.7968e-05,0.00034976,0.0014076,0.0048684,0.014232,0.034683,0.054124,0.070859,0.091832
130.0,3.2566e-06,1.5465e-05,7.3961e-05,0.00033236,0.0013409,0.0046442,0.013575,0.033098,0.051701,0.067733,0.087841
140.0,3.0680e-06,1.4625e-05,7.0175e-05,0.00031581,0.0012769,0.0044300,0.012954,0.031569,0.049363,0.064714,0.083986
150.0,2.8769e-06,1.3763e-05,6.6257e-05,0.00029854,0.0012098,0.0042037,0.012299,0.029975,0.046933,0.061589,0.080008
175.0,2.4672e-06,1.1901e-05,5.7712e-05,0.00026086,0.0010622,0.0037041,0.010865,0.026501,0.041617,0.054724,0.071242
200.0,2.1455e-06,1.0426e-05,5.0886e-05,0.00023084,0.00094298,0.0032974,0.0097003,0.023692,0.037300,0.049136,0.064094
250.0,1.6401e-06,8.0924e-06,3.9996e-05,0.00018280,0.00075460,0.0026534,0.0078355,0.019311,0.030470,0.040198,0.052524
300.0,1.2997e-06,6.4923e-06,3.2418e-05,0.00014880,0.00062130,0.0022004,0.0065306,0.016228,0.025659,0.033894,0.044116
350.0,1.0567e-06,5.3344e-06,2.6840e-05,0.00012389,0.00052147,0.0018605,0.0055480,0.013867,0.021958,0.028915,0.037682
400.0,8.7577e-07,4.4616e-06,2.2584e-05,0.00010485,0.00044417,0.0015960,0.0047798,0.012006,0.018984,0.024999,0.032619
450.0,7.2443e-07,3.7281e-06,1.9018e-05,8.9684e-05,0.00038189,0.0013816,0.0041550,0.010482,0.016548,0.021811,0.028490
500.0,6.0988e-07,3.1657e-06,1.6254e-05,7.7680e-05,0.00033216,0.0012094,0.0036502,0.0092372,0.014577,0.019227,0.025144
600.0,4.6054e-07,2.4170e-06,1.2541e-05,6.0881e-05,0.00026243,0.00096589,0.0029387,0.0074088,0.011713,0.015474,0.020231
700.0,3.5246e-07,1.8682e-06,9.8112e-06,4.8018e-05,0.00020875,0.00077599,0.0023769,0.0059872,0.0094954,0.012567,0.016498
800.0,2.7889e-07,1.4848e-06,7.8494e-06,3.8772e-05,0.00016995,0.00063814,0.0019603,0.0049306,0.0078492,0.010371,0.013638
1000.0,1.8449e-07,9.9526e-07,5.2997e-06,2.6484e-05,0.00011783,0.00044800,0.0013785,0.0034713,0.0055472,0.0073167,0.0096253
1200.0,1.2999e-07,7.0338e-07,3.7604e-06,1.9077e-05,8.5691e-05,0.00032749,0.0010121,0.0025460,0.0040511,0.0053758,0.0070780
1500.0,7.9414e-08,4.3294e-07,2.3290e-06,1.1867e-05,5.3423e-05,0.00020795,0.00064406,0.0016207,0.0025862,0.0034096,0.0045446
SA4P0
r\m,4.0,4.5,5.0,5.5,6.0,6.5,7.0,7.5,7.8,8.0,8.2
0.0,0.00078719,0.0019482,0.0050364,0.011959,0.027173,0.058389,0.11470,0.18969,0.24360,0.28093,0.32145
1.0,0.00062058,0.0016850,0.0046201,0.011381,0.026287,0.057158,0.11277,0.18917,0.24307,0.27865,0.31519
5.0,0.00014245,0.00053817,0.0020105,0.0067459,0.019316,0.047496,0.099609,0.17460,0.22698,0.26118,0.29572
10.0,5.1705e-05,0.00021000,0.00086853,0.0033920,0.011668,0.033785,0.079629,0.15244,0.20213,0.23696,0.27079
15.0,2.7397e-05,0.00011409,0.00048906,0.0020195,0.0075133,0.023870,0.061350,0.12678,0.17721,0.21097,0.24863
20.0,1.7232e-05,7.2891e-05,0.00031896,0.0013544,0.0052380,0.017511,0.047642,0.10425,0.15129,0.18570,0.22224
25.0,1.1639e-05,4.9892e-05,0.00022360,0.00097039,0.0038611,0.013261,0.037664,0.085889,0.12778,0.16073,0.19678
30.0,8.5232e-06,3.6808e-05,0.00016711,0.00073344,0.0029680,0.010369,0.030372,0.071501,0.10861,0.13853,0.17452
40.0,5.2648e-06,2.3056e-05,0.00010620,0.00047398,0.0019485,0.0069622,0.021083,0.051763,0.080644,0.10512,0.13544
50.0,3.6385e-06,1.6065e-05,7.4491e-05,0.00033604,0.0013944,0.0050636,0.015787,0.040576,0.065344,0.086672,0.11362
60.0,3.0368e-06,1.3494e-05,6.2840e-05,0.00028462,0.0011846,0.0043184,0.013579,0.035421,0.057021,0.075983,0.10006
70.0,2.6348e-06,1.1781e-05,5.5096e-05,0.00025050,0.0010455,0.0038263,0.012145,0.031766,0.051516,0.069039,0.091447
80.0,2.4079e-06,1.0828e-05,5.0838e-05,0.00023190,0.00097082,0.0035645,0.011335,0.029672,0.048251,0.064800,0.086014
90.0,2.2329e-06,1.0090e-05,4.7555e-05,0.00021758,0.00091416,0.0033708,0.010687,0.028042,0.045661,0.061383,0.081545
100.0,2.0831e-06,9.4572e-06,4.4732e-05,0.00020523,0.00086506,0.0031985,0.010124,0.026623,0.043400,0.058392,0.077646
110.0,1.9530e-06,8.9050e-06,4.2262e-05,0.00019439,0.00082194,0.0030437,0.0096292,0.025368,0.041393,0.055730,0.074153
120.0,1.8385e-06,8.4174e-06,4.0075e-05,0.00018478,0.00078368,0.0029060,0.0091893,0.024249,0.039599,0.053346,0.071031
130.0,1.7333e-06,7.9672e-06,3.8052e-05,0.00017580,0.00074754,0.0027760,0.0087776,0.023170,0.037871,0.051049,0.068014
140.0,1.6335e-06,7.5395e-06,3.6139e-05,0.00016725,0.00071285,0.0026517,0.0083868,0.022127,0.036199,0.048828,0.065096
150.0,1.5322e-06,7.0998e-06,3.4152e-05,0.00015828,0.00067626,0.0025195,0.0079734,0.021034,0.034455,0.046518,0.062074
175.0,1.3150e-06,6.1492e-06,2.9817e-05,0.00013870,0.00059569,0.0022277,0.0070672,0.018654,0.030642,0.041447,0.055417
200.0,1.1444e-06,5.3951e-06,2.6350e-05,0.00012308,0.00053049,0.0019898,0.0063304,0.016727,0.027542,0.037316,0.049986
250.0,8.7596e-07,4.1997e-06,2.0799e-05,9.7987e-05,0.00042710,0.0016115,0.0051459,0.013715,0.022624,0.030691,0.041171
300.0,6.9491e-07,3.3783e-06,1.6926e-05,8.0164e-05,0.00035370,0.0013446,0.0043151,0.011592,0.019156,0.026012,0.034752
350.0,5.6559e-07,2.7826e-06,1.4066e-05,6.7068e-05,0.00029852,0.0011436,0.0036875,0.0099611,0.016479,0.022305,0.029830
400.0,4.6915e-07,2.3328e-06,1.1878e-05,5.7022e-05,0.00025562,0.00098674,0.0031952,0.0086711,0.014322,0.019382,0.025947
450.0,3.8846e-07,1.9538e-06,1.0038e-05,4.8992e-05,0.00022092,0.00085897,0.0027933,0.0076118,0.012549,0.016995,0.022773
500.0,3.2735e-07,1.6629e-06,8.6085e-06,4.2619e-05,0.00019313,0.00075604,0.0024677,0.0067439,0.011112,0.015057,0.020197
600.0,2.4801e-07,1.2770e-06,6.6937e-06,3.3726e-05,0.00015426,0.00061097,0.0020106,0.0054713,0.0090276,0.012248,0.016416
700.0,1.9020e-07,9.9141e-07,5.2719e-06,2.6815e-05,0.00012387,0.00049593,0.0016434,0.0044672,0.0073920,0.010045,0.013519
800.0,1.5086e-07,7.9148e-07,4.2447e-06,2.1829e-05,0.00010180,0.00041210,0.0013698,0.0037167,0.0061733,0.0083704,0.011282
1000.0,1.0024e-07,5.3535e-07,2.9021e-06,1.5142e-05,7.1851e-05,0.00029510,0.00098310,0.0026701,0.0044515,0.0060211,0.0081150
1200.0,7.1002e-08,3.8176e-07,2.0845e-06,1.1079e-05,5.3204e-05,0.00021996,0.00073670,0.0019988,0.0033150,0.0045128,0.0060863
1500.0,4.3651e-08,2.3797e-07,1.3144e-06,7.0447e-06,3.4014e-05,0.00014376,0.00048303,0.0013121,0.0021826,0.0029481,0.0040334
SA5P0
r\m,4.0,4.5,5.0,5.5,6.0,6.5,7.0,7.5,7.8,8.0,8.2
0.0,0.00048242,0.0011620,0.0029873,0.0072023,0.016926,0.038167,0.079414,0.13958,0.18582,0.21931,0.25659
1.0,0.00038030,0.0010051,0.0027407,0.0068554,0.016378,0.037372,0.078091,0.13922,0.18545,0.21757,0.25162
5.0,8.7148e-05,0.00032077,0.0011924,0.0040641,0.012043,0.031084,0.069050,0.12863,0.17333,0.20409,0.23626
10.0,3.1616e-05,0.00012513,0.00051510,0.0020440,0.0072790,0.022132,0.055259,0.11242,0.15450,0.18535,0.21655
15.0,1.6752e-05,6.7992e-05,0.00029012,0.0012174,0.0046895,0.015647,0.042606,0.093564,0.13556,0.16514,0.19897
20.0,1.0537e-05,4.3448e-05,0.00018927,0.00081683,0.0032710,0.011485,0.033106,0.076984,0.11580,0.14545,0.17796
25.0,7.1178e-06,2.9744e-05,0.00013272,0.00058546,0.0024123,0.0087019,0.026186,0.063461,0.097857,0.12595,0.15765
30.0,5.2127e-06,2.1948e-05,9.9229e-05,0.00044270,0.0018552,0.0068078,0.021127,0.052855,0.083212,0.10861,0.13987
40.0,3.2206e-06,1.3755e-05,6.3108e-05,0.00028635,0.0012192,0.0045755,0.014679,0.038300,0.061841,0.082484,0.10864
50.0,2.2264e-06,9.5894e-06,4.4297e-05,0.00020320,0.00087334,0.0033312,0.011003,0.030052,0.050155,0.068069,0.091220
60.0,1.8589e-06,8.0596e-06,3.7400e-05,0.00017228,0.00074277,0.0028443,0.0094751,0.026260,0.043809,0.059728,0.080398
70.0,1.6130e-06,7.0395e-06,3.2813e-05,0.00015175,0.00065620,0.0025226,0.0084826,0.023572,0.039612,0.054313,0.073534
80.0,1.4744e-06,6.4730e-06,3.0299e-05,0.00014062,0.00060997,0.0023526,0.0079253,0.022040,0.037137,0.051024,0.069223
90.0,1.3676e-06,6.0350e-06,2.8363e-05,0.00013206,0.00057499,0.0022273,0.0074801,0.020851,0.035178,0.048377,0.065682
100.0,1.2761e-06,5.6591e-06,2.6699e-05,0.00012468,0.00054468,0.0021158,0.0070939,0.019816,0.033468,0.046062,0.062596
110.0,1.1966e-06,5.3312e-06,2.5243e-05,0.00011820,0.00051807,0.0020156,0.0067548,0.018902,0.031951,0.044003,0.059833
120.0,1.1267e-06,5.0417e-06,2.3953e-05,0.00011246,0.00049447,0.0019265,0.0064533,0.018086,0.030596,0.042160,0.057363
130.0,1.0625e-06,4.7744e-06,2.2761e-05,0.00010710,0.00047217,0.0018425,0.0061710,0.017300,0.029290,0.040383,0.054976
140.0,1.0015e-06,4.5203e-06,2.1632e-05,0.00010198,0.00045072,0.0017618,0.0059028,0.016538,0.028024,0.038661,0.052664
150.0,9.3960e-07,4.2586e-06,2.0457e-05,9.6593e-05,0.00042802,0.0016759,0.0056178,0.015737,0.026700,0.036866,0.050263
175.0,8.0687e-07,3.6927e-06,1.7891e-05,8.4833e-05,0.00037798,0.0014858,0.0049929,0.013992,0.023802,0.032924,0.044972
200.0,7.0250e-07,3.2435e-06,1.5837e-05,7.5439e-05,0.00033744,0.0013306,0.0044842,0.012579,0.021445,0.029710,0.040653
250.0,5.3815e-07,2.5299e-06,1.2540e-05,6.0299e-05,0.00027295,0.0010831,0.0036638,0.010364,0.017698,0.024544,0.033625
300.0,4.2719e-07,2.0388e-06,1.0234e-05,4.9518e-05,0.00022704,0.00090807,0.0030872,0.0088004,0.015051,0.020891,0.028500
350.0,3.4787e-07,1.6821e-06,8.5284e-06,4.1576e-05,0.00019243,0.00077591,0.0026505,0.0075961,0.013004,0.017988,0.024561
400.0,2.8867e-07,1.4124e-06,7.2198e-06,3.5468e-05,0.00016544,0.00067241,0.0023071,0.0066413,0.011349,0.015695,0.021449
450.0,2.3912e-07,1.1847e-06,6.1164e-06,3.0571e-05,0.00014354,0.00058784,0.0020257,0.0058549,0.0099857,0.013817,0.018898
500.0,2.0157e-07,1.0097e-06,5.2575e-06,2.6678e-05,0.00012595,0.00051954,0.0017972,0.0052090,0.0088776,0.012290,0.016824
600.0,1.5292e-07,7.7793e-07,4.1086e-06,2.1249e-05,0.00010138,0.00042344,0.0014772,0.0042625,0.0072727,0.010078,0.013782
700.0,1.1733e-07,6.0539e-07,3.2494e-06,1.6988e-05,8.1952e-05,0.00034628,0.0012169,0.0035073,0.0060005,0.0083279,0.011434
800.0,9.3106e-08,4.8439e-07,2.6263e-06,1.3902e-05,6.7781e-05,0.00028986,0.0010222,0.0029402,0.0050493,0.0069902,0.0096114
1000.0,6.1885e-08,3.2898e-07,1.8084e-06,9.7374e-06,4.8413e-05,0.00021041,0.00074420,0.0021433,0.0036947,0.0051004,0.0070106
1200.0,4.3851e-08,2.3542e-07,1.3073e-06,7.1906e-06,3.6259e-05,0.00015887,0.00056552,0.0016275,0.0027901,0.0038775,0.0053332
1500.0,2.6925e-08,1.4732e-07,8.3132e-07,4.6280e-06,2.3536e-05,0.00010576,0.00037821,0.0010910,0.0018767,0.0025864,0.0036135
SA7P5
r\m,4.0,4.5,5.0,5.5,6.0,6.5,7.0,7.5,7.8,8.0,8.2
0.0,0.00019568,0.00045299,0.0011571,0.0028648,0.0071261,0.017431,0.040016,0.078230,0.11105,0.13666,0.16652
1.0,0.00015425,0.00039183,0.0010618,0.0027277,0.0068980,0.017074,0.039365,0.078058,0.11086,0.13561,0.16333
5.0,3.5277e-05,0.00012495,0.00046188,0.0016178,0.0050777,0.014223,0.034863,0.072227,0.10376,0.12739,0.15355
10.0,1.2792e-05,4.8738e-05,0.00019958,0.00081413,0.0030724,0.010143,0.027948,0.063230,0.092646,0.11587,0.14096
15.0,6.7784e-06,2.6491e-05,0.00011247,0.00048528,0.0019814,0.0071799,0.021578,0.052700,0.081393,0.10338,0.12969
20.0,4.2645e-06,1.6935e-05,7.3425e-05,0.00032588,0.0013834,0.0052759,0.016786,0.043413,0.069612,0.091147,0.11612
25.0,2.8811e-06,1.1598e-05,5.1521e-05,0.00023377,0.0010213,0.0040013,0.013292,0.035825,0.058887,0.079010,0.10297
30.0,2.1104e-06,8.5622e-06,3.8544e-05,0.00017691,0.00078618,0.0031335,0.010735,0.029868,0.050123,0.068194,0.091436
40.0,1.3045e-06,5.3709e-06,2.4548e-05,0.00011463,0.00051764,0.0021103,0.0074738,0.021685,0.037319,0.051884,0.071137
50.0,9.0219e-07,3.7479e-06,1.7254e-05,8.1484e-05,0.00037153,0.0015396,0.0056138,0.017050,0.030326,0.042899,0.059844
60.0,7.5374e-07,3.1534e-06,1.4590e-05,6.9213e-05,0.00031665,0.0013174,0.0048447,0.014929,0.026541,0.037713,0.052838
70.0,6.5422e-07,2.7565e-06,1.2816e-05,6.1065e-05,0.00028026,0.0011707,0.0043457,0.013426,0.024041,0.034352,0.048406
80.0,5.9829e-07,2.5370e-06,1.1850e-05,5.6682e-05,0.00026103,0.0010941,0.0040688,0.012579,0.022582,0.032331,0.045648
90.0,5.5515e-07,2.3675e-06,1.1108e-05,5.3323e-05,0.00024655,0.0010380,0.0038483,0.011924,0.021432,0.030711,0.043389
100.0,5.1823e-07,2.2220e-06,1.0470e-05,5.0428e-05,0.00023401,0.00098812,0.0036573,0.011355,0.020429,0.029295,0.041422
110.0,4.8615e-07,2.0950e-06,9.9117e-06,4.7889e-05,0.00022300,0.00094330,0.0034899,0.010853,0.019541,0.028037,0.039663
120.0,4.5791e-07,1.9829e-06,9.4174e-06,4.5637e-05,0.00021325,0.00090345,0.0033410,0.010406,0.018748,0.026912,0.038093
130.0,4.3200e-07,1.8795e-06,8.9604e-06,4.3532e-05,0.00020402,0.00086582,0.0032016,0.0099733,0.017982,0.025825,0.036573
140.0,4.0736e-07,1.7809e-06,8.5268e-06,4.1518e-05,0.00019513,0.00082963,0.0030688,0.0095531,0.017238,0.024770,0.035095
150.0,3.8230e-07,1.6792e-06,8.0734e-06,3.9388e-05,0.00018563,0.00079070,0.0029265,0.0091082,0.016454,0.023662,0.033552
175.0,3.2858e-07,1.4589e-06,7.0823e-06,3.4728e-05,0.00016468,0.00070450,0.0026141,0.0081377,0.014737,0.021226,0.030150
200.0,2.8629e-07,1.2839e-06,6.2875e-06,3.0999e-05,0.00014767,0.00063396,0.0023594,0.0073504,0.013338,0.019239,0.027370
250.0,2.1958e-07,1.0048e-06,5.0055e-06,2.4954e-05,0.00012046,0.00052079,0.0019459,0.0061117,0.011104,0.016029,0.022823
300.0,1.7446e-07,8.1224e-07,4.1055e-06,2.0628e-05,0.00010099,0.00044044,0.0016543,0.0052352,0.0095233,0.013755,0.019497
350.0,1.4215e-07,6.7195e-07,3.4368e-06,1.7427e-05,8.6230e-05,0.00037945,0.0014325,0.0045566,0.0082948,0.011937,0.016930
400.0,1.1800e-07,5.6553e-07,2.9217e-06,1.4953e-05,7.4656e-05,0.00033141,0.0012570,0.0040159,0.0072956,0.010494,0.014894
450.0,9.7768e-08,4.7539e-07,2.4849e-06,1.2959e-05,6.5204e-05,0.00029190,0.0011124,0.0035679,0.0064677,0.0093065,0.013217
500.0,8.2418e-08,4.0596e-07,2.1439e-06,1.1367e-05,5.7579e-05,0.00025985,0.00099436,0.0031982,0.0057925,0.0083377,0.011849
600.0,6.2558e-08,3.1409e-07,1.6878e-06,9.1476e-06,4.6933e-05,0.00021481,0.00082971,0.0026565,0.0048152,0.0069358,0.0098419
700.0,4.7953e-08,2.4507e-07,1.3429e-06,7.3758e-06,3.8353e-05,0.00017788,0.00069270,0.0022156,0.0040265,0.0058079,0.0082741
800.0,3.8005e-08,1.9649e-07,1.0909e-06,6.0841e-06,3.2044e-05,0.00015068,0.00058931,0.0018816,0.0034327,0.0049372,0.0070430
1000.0,2.5151e-08,1.3379e-07,7.5757e-07,4.3195e-06,2.3303e-05,0.00011175,0.00043922,0.0014054,0.0025745,0.0036912,0.0052626
1200.0,1.7721e-08,9.5796e-08,5.5105e-07,3.2273e-06,1.7735e-05,8.6026e-05,0.00034114,0.0010921,0.0019895,0.0028732,0.0040999
1500.0,1.0741e-08,5.9768e-08,3.5249e-07,2.1052e-06,1.1743e-05,5.8780e-05,0.00023503,0.00075649,0.0013846,0.0019826,0.0028798
SA10P0
r\m,4.0,4.5,5.0,5.5,6.0,6.5,7.0,7.5,7.8,8.0,8.2
0.0,0.00010290,0.00023358,0.00059702,0.0015091,0.0039041,0.010086,0.024724,0.051913,0.076965,0.097460,0.12211
1.0,8.1114e-05,0.00020206,0.00054792,0.0014372,0.0037800,0.0098819,0.024327,0.051810,0.076851,0.096729,0.11979
5.0,1.8535e-05,6.4421e-05,0.00023837,0.00085270,0.0027846,0.0082393,0.021566,0.047984,0.071994,0.090938,0.11271
10.0,6.7202e-06,2.5130e-05,0.00010304,0.00042934,0.0016862,0.0058814,0.017308,0.042052,0.064346,0.082799,0.10356
15.0,3.5616e-06,1.3663e-05,5.8092e-05,0.00025607,0.0010882,0.0041671,0.013375,0.035082,0.056582,0.073938,0.095367
20.0,2.2411e-06,8.7373e-06,3.7942e-05,0.00017207,0.00076034,0.0030644,0.010414,0.028924,0.048432,0.065242,0.085456
25.0,1.5143e-06,5.9858e-06,2.6636e-05,0.00012351,0.00056170,0.0023259,0.0082523,0.023887,0.041001,0.056597,0.075831
30.0,1.1094e-06,4.4205e-06,1.9937e-05,9.3527e-05,0.00043271,0.0018228,0.0066699,0.019931,0.034925,0.048885,0.067386
40.0,6.8601e-07,2.7748e-06,1.2710e-05,6.0676e-05,0.00028531,0.0012295,0.0046509,0.014492,0.026041,0.037244,0.052495
50.0,4.7463e-07,1.9377e-06,8.9424e-06,4.3184e-05,0.00020507,0.00089829,0.0034988,0.011411,0.021192,0.030838,0.044223
60.0,3.9670e-07,1.6315e-06,7.5693e-06,3.6728e-05,0.00017503,0.00076986,0.0030242,0.010007,0.018574,0.027148,0.039098
70.0,3.4441e-07,1.4270e-06,6.6552e-06,3.2442e-05,0.00015513,0.00068512,0.0027167,0.0090123,0.016848,0.024762,0.035864
80.0,3.1507e-07,1.3143e-06,6.1596e-06,3.0150e-05,0.00014468,0.00064127,0.0025474,0.0084561,0.015848,0.023337,0.033865
90.0,2.9245e-07,1.2272e-06,5.7792e-06,2.8397e-05,0.00013684,0.00060929,0.0024131,0.0080278,0.015062,0.022198,0.032231
100.0,2.7308e-07,1.1525e-06,5.4522e-06,2.6887e-05,0.00013006,0.00058086,0.0022968,0.0076560,0.014377,0.021203,0.030810
110.0,2.5625e-07,1.0874e-06,5.1662e-06,2.5562e-05,0.00012411,0.00055532,0.0021949,0.0073282,0.013772,0.020320,0.029540
120.0,2.4143e-07,1.0298e-06,4.9130e-06,2.4388e-05,0.00011884,0.00053263,0.0021044,0.0070362,0.013231,0.019531,0.028407
130.0,2.2783e-07,9.7665e-07,4.6787e-06,2.3290e-05,0.00011385,0.00051118,0.0020195,0.0067535,0.012708,0.018767,0.027308
140.0,2.1490e-07,9.2599e-07,4.4562e-06,2.2237e-05,0.00010903,0.00049050,0.0019386,0.0064781,0.012199,0.018024,0.026239
150.0,2.0173e-07,8.7356e-07,4.2229e-06,2.1119e-05,0.00010385,0.00046814,0.0018513,0.0061850,0.011659,0.017240,0.025116
175.0,1.7348e-07,7.6003e-07,3.7121e-06,1.8670e-05,9.2423e-05,0.00041853,0.0016596,0.0055451,0.010477,0.015515,0.022639
200.0,1.5124e-07,6.6969e-07,3.3021e-06,1.6708e-05,8.3126e-05,0.00037788,0.0015030,0.0050254,0.0095137,0.014107,0.020614
250.0,1.1609e-07,5.2535e-07,2.6384e-06,1.3515e-05,6.8196e-05,0.00031239,0.0012477,0.0042055,0.0079699,0.011824,0.017290
300.0,9.2288e-08,4.2551e-07,2.1713e-06,1.1222e-05,5.7481e-05,0.00026576,0.0010673,0.0036244,0.0068759,0.010205,0.014853
350.0,7.5221e-08,3.5262e-07,1.8231e-06,9.5196e-06,4.9326e-05,0.00023024,0.00092960,0.0031729,0.0060228,0.0089054,0.012967
400.0,6.2448e-08,2.9721e-07,1.5541e-06,8.1993e-06,4.2905e-05,0.00020215,0.00082026,0.0028119,0.0053260,0.0078705,0.011466
450.0,5.1735e-08,2.5016e-07,1.3251e-06,7.1312e-06,3.7638e-05,0.00017894,0.00072970,0.0025115,0.0047463,0.0070157,0.010226
500.0,4.3601e-08,2.1385e-07,1.1458e-06,6.2757e-06,3.3374e-05,0.00016005,0.00065560,0.0022628,0.0042721,0.0063165,0.0092124
600.0,3.3076e-08,1.6579e-07,9.0591e-07,5.0823e-06,2.7419e-05,0.00013352,0.00055241,0.0018982,0.0035862,0.0053052,0.0077237
700.0,2.5314e-08,1.2947e-07,7.2308e-07,4.1189e-06,2.2559e-05,0.00011145,0.00046521,0.0015973,0.0030257,0.0044819,0.0065509
800.0,2.0022e-08,1.0385e-07,5.8892e-07,3.4129e-06,1.8963e-05,9.5100e-05,0.00039899,0.0013679,0.0026015,0.0038422,0.0056230
1000.0,1.3173e-08,7.0641e-08,4.1032e-07,2.4402e-06,1.3932e-05,7.1441e-05,0.00030170,0.0010376,0.0019821,0.0029182,0.0042683
1200.0,9.2120e-09,5.0432e-08,2.9882e-07,1.8325e-06,1.0692e-05,5.5597e-05,0.00023736,0.00081776,0.0015540,0.0023056,0.0033761
1500.0,5.4985e-09,3.1210e-08,1.9084e-07,1.2002e-06,7.1430e-06,3.8504e-05,0.00016628,0.00057749,0.0011040,0.0016247,0.0024251
