PGA
r\m,4.0,4.5,5.0,5.5,6.0,6.5,7.0,7.5,7.8,8.0,8.2
0.0,0.60699,0.69997,0.78949,0.84749,0.88201,0.9261,0.97562,1.048,1.1004,1.1452,1.1817
1.0,0.47411,0.56761,0.64971,0.69583,0.72102,0.76009,0.81638,0.90139,0.95571,1.002,1.0452
5.0,0.14636,0.23245,0.33352,0.4227,0.48974,0.55701,0.6335,0.73056,0.78682,0.83253,0.88085
10.0,0.053583,0.093794,0.15187,0.22108,0.29733,0.38567,0.47997,0.59176,0.66337,0.71643,0.775
15.0,0.02718,0.049544,0.084765,0.13284,0.19347,0.27388,0.36734,0.47412,0.55005,0.6063,0.66924
20.0,0.01603,0.02979,0.052613,0.085122,0.12943,0.19306,0.2734,0.37208,0.44831,0.50721,0.57057
25.0,0.010335,0.019605,0.035185,0.05785,0.090083,0.13857,0.20554,0.29514,0.3673,0.42531,0.49218
30.0,0.0073095,0.013987,0.02533,0.042102,0.066322,0.10405,0.15973,0.23794,0.3055,0.36004,0.42392
40.0,0.004228,0.0082147,0.015149,0.025554,0.040537,0.064905,0.10406,0.16425,0.21671,0.26028,0.31622
50.0,0.0027246,0.0053729,0.010079,0.017232,0.027686,0.045256,0.075029,0.1247,0.17088,0.21126,0.26173
60.0,0.0021998,0.0043746,0.0082508,0.014104,0.02284,0.037745,0.063283,0.10668,0.1474,0.1832,0.22824
70.0,0.0018268,0.0036478,0.0069174,0.011882,0.019334,0.032079,0.054091,0.092732,0.12891,0.1608,0.20096
80.0,0.0015357,0.0030953,0.0059203,0.0102,0.016639,0.027698,0.047225,0.081486,0.11364,0.14205,0.17784
90.0,0.0013215,0.0026831,0.0051573,0.008915,0.0146,0.024468,0.041895,0.072491,0.10118,0.12646,0.15831
100.0,0.0011484,0.0023487,0.0045382,0.0078692,0.012988,0.021805,0.037446,0.064978,0.090674,0.11333,0.1419
110.0,0.0010078,0.0020745,0.0040278,0.0070097,0.011599,0.019556,0.033638,0.058092,0.081029,0.10127,0.12681
120.0,8.8877E-4,0.0018447,0.0036044,0.0062852,0.010457,0.017648,0.030263,0.052279,0.072954,0.091056,0.11387
130.0,7.8396E-4,0.0016374,0.0032168,0.0056273,0.0093834,0.015846,0.027214,0.047146,0.065727,0.081914,0.10232
140.0,6.9335E-4,0.0014581,0.0028853,0.0050575,0.0084421,0.014284,0.024632,0.042678,0.059477,0.074069,0.092442
150.0,6.1615E-4,0.0013031,0.0025941,0.0045572,0.0076223,0.012969,0.022401,0.038743,0.053975,0.067388,0.084169
175.0,4.6441E-4,9.9611E-4,0.0020155,0.0035694,0.0060281,0.010329,0.017873,0.030944,0.043278,0.053993,0.067384
200.0,3.5619E-4,7.764E-4,0.0015977,0.00285,0.0048282,0.0082868,0.014487,0.025241,0.035288,0.043913,0.054654
250.0,2.1614E-4,4.8395E-4,0.001016,0.0018441,0.0031807,0.005561,0.0099129,0.01763,0.02481,0.030868,0.038288
300.0,1.3891E-4,3.1828E-4,6.8061E-4,0.0012572,0.0022107,0.0039205,0.0071431,0.012873,0.018144,0.022567,0.027989
350.0,9.2049E-5,2.1571E-4,4.7062E-4,8.8792E-4,0.0015862,0.0028514,0.0052539,0.0096479,0.013649,0.017063,0.021225
400.0,6.2589E-5,1.5067E-4,3.3666E-4,6.4485E-4,0.0011684,0.0021272,0.0039918,0.0073904,0.010535,0.013187,0.016408
450.0,4.1905E-5,1.0229E-4,2.3145E-4,4.5681E-4,8.4936E-4,0.0015863,0.0030304,0.0057346,0.0081859,0.0102,0.012624
500.0,2.8946E-5,7.1655E-5,1.6407E-4,3.3183E-4,6.3254E-4,0.0012038,0.0023526,0.0045064,0.0064046,0.007995,0.0099126
600.0,1.6669E-5,4.229E-5,9.8052E-5,2.0369E-4,4.0221E-4,7.9045E-4,0.0015662,0.0030275,0.0043721,0.0055175,0.0069025
700.0,8.7285E-6,2.2915E-5,5.4858E-5,1.1895E-4,2.4087E-4,4.843E-4,9.8508E-4,0.0019426,0.0028098,0.0035481,0.0044448
800.0,4.8709E-6,1.3062E-5,3.1888E-5,7.1035E-5,1.4921E-4,3.1032E-4,6.4097E-4,0.0012759,0.001846,0.0022045,0.0027794
1000.0,1.6483E-6,4.6242E-6,1.1779E-5,2.5869E-5,5.6948E-5,1.2409E-4,2.6429E-4,5.37E-4,7.8086E-4,9.892E-4,0.0012412
1200.0,5.947E-7,1.7138E-6,4.2487E-6,1.0442E-5,2.3957E-5,5.3797E-5,1.1684E-4,2.5075E-4,3.6687E-4,4.6574E-4,5.7166E-4
1500.0,1.2539E-7,3.683E-7,1.0516E-6,2.8512E-6,6.7976E-6,1.5797E-5,3.554E-5,7.4946E-5,1.1128E-4,1.4278E-4,1.809E-4
PGV
r\m,4.0,4.5,5.0,5.5,6.0,6.5,7.0,7.5,7.8,8.0,8.2
0.0,6.3423,9.8969,14.176,17.518,20.606,23.429,28.513,36.652,43.03,47.974,53.376
1.0,4.8103,8.0929,12.103,15.246,18.008,20.532,25.036,32.699,38.797,43.447,48.415
5.0,1.193,2.6108,5.0627,8.2283,11.747,15.208,19.829,27.092,32.842,37.215,41.917
10.0,0.45671,1.0728,2.2768,4.1885,6.9194,10.313,14.874,21.756,27.259,31.525,36.28
15.0,0.25164,0.60903,1.3434,2.6032,4.6199,7.4771,11.601,17.636,22.82,26.912,31.598
20.0,0.16198,0.40026,0.9055,1.8027,3.3166,5.6065,9.1153,14.52,19.317,23.155,27.583
25.0,0.11199,0.28093,0.6478,1.3155,2.4763,4.3226,7.3139,12.116,16.497,20.077,24.284
30.0,0.083605,0.21201,0.49564,1.0188,1.9431,3.4596,6.0198,10.26,14.267,17.596,21.566
40.0,0.05335,0.13786,0.32855,0.68653,1.3368,2.4329,4.3569,7.7361,11.023,13.824,17.345
50.0,0.037843,0.099296,0.24015,0.50784,1.0041,1.8551,3.3959,6.2457,9.1198,11.646,14.795
60.0,0.031311,0.083101,0.20322,0.43287,0.86171,1.6031,2.957,5.4894,8.0828,10.384,13.272
70.0,0.026611,0.071342,0.17613,0.37742,0.7552,1.4127,2.6216,4.9062,7.273,9.3853,12.052
80.0,0.023135,0.062589,0.15587,0.33575,0.67512,1.2685,2.367,4.4586,6.6417,8.5994,11.083
90.0,0.020537,0.056027,0.14057,0.3043,0.61394,1.1583,2.1681,4.1089,6.137,7.9608,10.278
100.0,0.018418,0.050634,0.12791,0.27813,0.56319,1.0661,2.0014,3.8115,5.7052,7.4128,9.5848
110.0,0.016659,0.046123,0.11728,0.25613,0.52019,0.98841,1.8602,3.5569,5.3338,6.9408,8.9904
120.0,0.015163,0.042285,0.10819,0.23726,0.48344,0.92109,1.7365,3.3345,5.0098,6.526,8.4611
130.0,0.013862,0.038912,0.10014,0.22042,0.45024,0.85967,1.6244,3.1303,4.7108,6.1444,7.9765
140.0,0.012708,0.035916,0.092975,0.20534,0.41998,0.80398,1.5231,2.945,4.4405,5.7993,7.5379
150.0,0.011698,0.033262,0.086557,0.1918,0.39308,0.75506,1.4339,2.7806,4.2001,5.4928,7.151
175.0,0.0094538,0.027268,0.071882,0.16042,0.33053,0.63896,1.2196,2.3821,3.6117,4.7341,6.1769
200.0,0.0077996,0.022793,0.060763,0.13643,0.28241,0.54911,1.053,2.0694,3.1474,4.1346,5.4079
250.0,0.0054063,0.016092,0.043694,0.09939,0.20951,0.41351,0.80358,1.5996,2.4639,3.2625,4.2993
300.0,0.0039314,0.011893,0.032804,0.075535,0.16179,0.3233,0.63653,1.2809,1.9877,2.6469,3.5089
350.0,0.0029549,0.0090731,0.025403,0.0593,0.12854,0.25964,0.5169,1.0495,1.6403,2.1959,2.927
400.0,0.0022713,0.0070876,0.020157,0.047562,0.10422,0.21253,0.42757,0.87458,1.376,1.8496,2.4753
450.0,0.0017042,0.005352,0.015297,0.036867,0.082474,0.17181,0.35285,0.73342,1.1613,1.5683,2.1092
500.0,0.0013067,0.0041337,0.011886,0.029134,0.066419,0.14085,0.29463,0.6215,0.99041,1.3428,1.8131
600.0,8.0451E-4,0.0025887,0.0075298,0.018999,0.044685,0.097784,0.21102,0.45811,0.73645,1.0041,1.364
700.0,5.1712E-4,0.0016923,0.0049849,0.012883,0.031066,0.069716,0.15454,0.34404,0.55811,0.76546,1.0465
800.0,3.4295E-4,0.001141,0.003406,0.0089948,0.022203,0.051022,0.11573,0.26324,0.43019,0.59282,0.81442
1000.0,1.6182E-4,5.5498E-4,0.0017024,0.0046681,0.011998,0.028681,0.067831,0.16066,0.26666,0.37104,0.5148
1200.0,8.2785E-5,2.94E-4,9.3376E-4,0.0026471,0.0070078,0.017167,0.041579,0.10073,0.16935,0.23756,0.33254
1500.0,3.1115E-5,1.1659E-4,3.8919E-4,0.0011605,0.0032142,0.0081714,0.020525,0.051432,0.088091,0.12501,0.17716
SA0P01
r\m,4.0,4.5,5.0,5.5,6.0,6.5,7.0,7.5,7.8,8.0,8.2
0.0,0.62001,0.71674,0.80786,0.86576,0.8997,0.94387,0.99471,1.0719,1.1288,1.1768,1.2142
1.0,0.48442,0.58121,0.66483,0.7109,0.73575,0.77528,0.83341,0.92361,0.98263,1.0326,1.0773
5.0,0.15023,0.2387,0.3419,0.43222,0.49973,0.56781,0.64646,0.74875,0.80977,0.85921,0.91017
10.0,0.055144,0.096537,0.15598,0.22636,0.30349,0.39279,0.48933,0.6063,0.68255,0.73916,0.80102
15.0,0.028017,0.051064,0.087158,0.13612,0.19756,0.27892,0.37443,0.48588,0.5663,0.62597,0.69206
20.0,0.016544,0.030738,0.054145,0.087282,0.13224,0.1967,0.2788,0.38151,0.46186,0.52403,0.59047
25.0,0.010682,0.020252,0.03624,0.059355,0.092077,0.14126,0.20971,0.30287,0.37872,0.43967,0.50945
30.0,0.0075606,0.01446,0.026107,0.043221,0.067821,0.10614,0.16307,0.24436,0.31515,0.37237,0.43898
40.0,0.004378,0.0084999,0.015624,0.02625,0.041481,0.066271,0.10634,0.16879,0.22372,0.26943,0.32792
50.0,0.0028235,0.0055634,0.010402,0.017711,0.028355,0.046231,0.076742,0.12826,0.17661,0.21894,0.27163
60.0,0.0022807,0.0045313,0.0085178,0.014503,0.023406,0.038584,0.064765,0.10978,0.15241,0.18995,0.237
70.0,0.0018955,0.0037812,0.0071462,0.012226,0.019823,0.032821,0.055409,0.095478,0.13334,0.16676,0.2087
80.0,0.0015942,0.0032096,0.0061171,0.010497,0.017061,0.028346,0.048378,0.083884,0.1175,0.14727,0.18465
90.0,0.0013719,0.0027818,0.0053279,0.0091718,0.014966,0.025029,0.042892,0.074565,0.10454,0.13102,0.1643
100.0,0.0011921,0.0024346,0.0046871,0.0080931,0.013307,0.022293,0.038313,0.066781,0.093603,0.11733,0.14718
110.0,0.001046,0.0021497,0.0041585,0.0072061,0.011878,0.01998,0.034383,0.059645,0.083556,0.10474,0.13142
120.0,9.2226E-4,0.001911,0.0037201,0.0064584,0.010702,0.018017,0.030909,0.053621,0.075142,0.094062,0.11789
130.0,8.1336E-4,0.0016957,0.0033187,0.0057794,0.0095971,0.016167,0.027774,0.048302,0.067616,0.084514,0.10583
140.0,7.1926E-4,0.0015096,0.0029753,0.0051914,0.0086301,0.014564,0.025117,0.043678,0.061113,0.076328,0.095504
150.0,6.3905E-4,0.0013488,0.0026739,0.0046758,0.0077882,0.013214,0.022821,0.03961,0.055388,0.069364,0.086856
175.0,4.8133E-4,0.00103,0.0020748,0.003657,0.0061485,0.010504,0.018167,0.031548,0.044273,0.055387,0.069299
200.0,3.6892E-4,8.0203E-4,0.0016426,0.0029156,0.0049174,0.0084133,0.014696,0.025665,0.035993,0.044911,0.056042
250.0,2.234E-4,4.9864E-4,0.0010416,0.0018811,0.0032303,0.0056285,0.01002,0.017841,0.025154,0.031357,0.038972
300.0,1.4325E-4,3.2709E-4,6.9598E-4,0.0012792,0.0022395,0.0039579,0.0072004,0.01298,0.01832,0.022814,0.028343
350.0,9.4714E-5,2.2116E-4,4.8011E-4,9.0133E-4,0.0016031,0.0028726,0.0052845,0.0097031,0.013737,0.017188,0.021405
400.0,6.4262E-5,1.5413E-4,3.4269E-4,6.5324E-4,0.0011787,0.0021395,0.0040087,0.0074197,0.010581,0.013252,0.016502
450.0,4.2919E-5,1.0438E-4,2.3509E-4,4.619E-4,8.5555E-4,0.0015934,0.0030397,0.0057498,0.0082095,0.010234,0.012674
500.0,2.9577E-5,7.2961E-5,1.6633E-4,3.3499E-4,6.3632E-4,0.001208,0.0023577,0.0045145,0.0064173,0.0080135,0.0099401
600.0,1.6907E-5,4.2779E-5,9.8872E-5,2.0477E-4,4.0337E-4,7.9146E-4,0.0015671,0.0030286,0.0043739,0.0055204,0.0069073
700.0,8.8295E-6,2.3122E-5,5.5206E-5,1.1941E-4,2.4132E-4,4.8461E-4,9.852E-4,0.0019427,0.0028101,0.0035489,0.0044462
800.0,4.914E-6,1.3153E-5,3.2038E-5,7.1226E-5,1.4938E-4,3.1037E-4,6.4086E-4,0.0012757,0.0018458,0.0022049,0.0027801
1000.0,1.657E-6,4.6427E-6,1.1808E-5,2.5904E-5,5.6967E-5,1.2406E-4,2.642E-4,5.3685E-4,7.8074E-4,9.8914E-4,0.0012412
1200.0,5.9646E-7,1.7174E-6,4.2545E-6,1.0446E-5,2.395E-5,5.3768E-5,1.1678E-4,2.5066E-4,3.6678E-4,4.6568E-4,5.7164E-4
1500.0,1.2547E-7,3.6842E-7,1.0514E-6,2.8495E-6,6.7924E-6,1.5785E-5,3.5519E-5,7.4919E-5,1.1125E-4,1.4276E-4,1.8089E-4
SA0P02
r\m,4.0,4.5,5.0,5.5,6.0,6.5,7.0,7.5,7.8,8.0,8.2
0.0,0.80791,0.97241,1.09,1.1435,1.1647,1.2037,1.2622,1.3766,1.4568,1.5121,1.5301
1.0,0.63334,0.78873,0.8981,0.94175,0.95852,0.99946,1.0734,1.2072,1.2945,1.356,1.3863
5.0,0.20777,0.33417,0.47019,0.57731,0.65083,0.72823,0.83116,0.98377,1.0791,1.1456,1.1941
10.0,0.078987,0.13896,0.21922,0.30683,0.39643,0.49861,0.62336,0.79497,0.90839,0.98448,1.0538
15.0,0.041027,0.074886,0.12429,0.18626,0.25943,0.35405,0.47625,0.63853,0.75735,0.83818,0.91473
20.0,0.024661,0.045791,0.078184,0.12067,0.17504,0.2513,0.35683,0.5046,0.62174,0.70573,0.78487
25.0,0.01624,0.03064,0.052959,0.082817,0.12275,0.182,0.27031,0.4042,0.51371,0.59516,0.6782
30.0,0.011623,0.022112,0.03851,0.060786,0.091035,0.1379,0.21177,0.32869,0.42959,0.50623,0.58648
40.0,0.0068388,0.013171,0.023296,0.0373,0.056271,0.087243,0.13989,0.22886,0.30757,0.36966,0.44262
50.0,0.0044657,0.0087161,0.01565,0.025367,0.038933,0.061314,0.10203,0.17552,0.24497,0.30271,0.36849
60.0,0.0036304,0.0071382,0.012886,0.020914,0.032377,0.051582,0.086654,0.15087,0.21221,0.26353,0.32247
70.0,0.0030502,0.0060157,0.010912,0.017786,0.027611,0.044353,0.074914,0.13193,0.18636,0.23209,0.28492
80.0,0.0025839,0.0051331,0.0093743,0.015318,0.023824,0.038464,0.065543,0.11598,0.16429,0.20526,0.25291
90.0,0.0022283,0.0044509,0.0081651,0.013371,0.020863,0.033859,0.057861,0.10267,0.14581,0.1826,0.22568
100.0,0.0019397,0.0038944,0.0071739,0.011771,0.018484,0.03004,0.051437,0.091499,0.13015,0.16332,0.20245
110.0,0.0017014,0.0034326,0.0063495,0.010447,0.016425,0.02674,0.045778,0.081221,0.11563,0.14534,0.18068
120.0,0.0014987,0.0030446,0.0056657,0.0093274,0.014705,0.023944,0.040893,0.072524,0.10336,0.12999,0.16189
130.0,0.001321,0.0026962,0.0050388,0.0083073,0.013112,0.021367,0.0365,0.064809,0.092388,0.1162,0.14501
140.0,0.0011682,0.0023955,0.004499,0.0074262,0.011736,0.019135,0.032752,0.058142,0.082893,0.10434,0.13044
150.0,0.0010369,0.0021354,0.0040278,0.0066619,0.01054,0.017234,0.029501,0.052302,0.074489,0.094264,0.11808
175.0,7.7659E-4,0.0016171,0.0030871,0.0051324,0.0081632,0.013408,0.022944,0.040668,0.058226,0.073687,0.092617
200.0,5.9196E-4,0.0012474,0.0024106,0.0040252,0.0064228,0.010544,0.018162,0.032267,0.04623,0.058518,0.073672
250.0,3.5096E-4,7.5433E-4,0.001482,0.0025133,0.0040782,0.0067901,0.011869,0.021332,0.030542,0.038618,0.048493
300.0,2.1931E-4,4.8037E-4,9.6038E-4,0.0016554,0.0027368,0.004613,0.0082171,0.014864,0.021267,0.026786,0.033708
350.0,1.4128E-4,3.1568E-4,6.4328E-4,0.0011311,0.0018959,0.0032461,0.00584,0.010717,0.015317,0.019369,0.024397
400.0,9.336E-5,2.1382E-4,4.4602E-4,7.9661E-4,0.0013565,0.002355,0.0043148,0.0079767,0.011446,0.014462,0.018189
450.0,6.0363E-5,1.4026E-4,2.97E-4,5.4819E-4,9.6102E-4,0.0017152,0.0032042,0.0060419,0.0086813,0.010917,0.013658
500.0,4.03E-5,9.5075E-5,2.043E-4,3.8783E-4,6.9914E-4,0.0012757,0.0024432,0.004666,0.0066772,0.0084007,0.010516
600.0,2.0534E-5,5.0224E-5,1.1113E-4,2.201E-4,4.175E-4,7.976E-4,0.0015636,0.003026,0.0043924,0.0055726,0.0070145
700.0,1.0278E-5,2.6066E-5,5.9922E-5,1.2491E-4,2.4453E-4,4.8095E-4,9.7176E-4,0.0019248,0.0027998,0.0035533,0.0044741
800.0,5.458E-6,1.4304E-5,3.373E-5,7.2779E-5,1.4864E-4,3.0391E-4,6.2658E-4,0.0012559,0.0018288,0.0022055,0.0027939
1000.0,1.7215E-6,4.7642E-6,1.1862E-5,2.5725E-5,5.5677E-5,1.2021E-4,2.5686E-4,5.2696E-4,7.7179E-4,9.8355E-4,0.0012411
1200.0,5.9027E-7,1.6933E-6,4.1776E-6,1.0128E-5,2.3031E-5,5.1631E-5,1.1297E-4,2.4524E-4,3.6177E-4,4.6192E-4,5.7059E-4
1500.0,1.1767E-7,3.4792E-7,9.9239E-7,2.6883E-6,6.4284E-6,1.5042E-5,3.4256E-5,7.3313E-5,1.0981E-4,1.4178E-4,1.805E-4
SA0P025
r\m,4.0,4.5,5.0,5.5,6.0,6.5,7.0,7.5,7.8,8.0,8.2
0.0,0.869,1.0749,1.2106,1.2649,1.2824,1.3199,1.3808,1.5029,1.5807,1.6271,1.6271
1.0,0.68201,0.87214,0.99874,1.0441,1.0593,1.1018,1.1817,1.3263,1.4138,1.4678,1.4809
5.0,0.22857,0.37295,0.5251,0.64138,0.71928,0.80204,0.91566,1.0844,1.1846,1.2473,1.2829
10.0,0.088245,0.15686,0.2468,0.34264,0.43844,0.54701,0.68475,0.87621,0.99722,1.0722,1.1333
15.0,0.046323,0.085264,0.14085,0.20886,0.28759,0.38849,0.523,0.70442,0.83255,0.91416,0.98537
20.0,0.028094,0.052548,0.089162,0.13601,0.19486,0.27667,0.39304,0.55826,0.68513,0.7711,0.84682
25.0,0.018674,0.035419,0.060758,0.093811,0.1372,0.20125,0.2988,0.44874,0.56756,0.65139,0.73206
30.0,0.013439,0.025693,0.04439,0.069139,0.10213,0.15311,0.23491,0.36605,0.47553,0.5549,0.63378
40.0,0.0079724,0.015412,0.027014,0.04267,0.063505,0.097523,0.15613,0.25585,0.34173,0.4067,0.47965
50.0,0.005241,0.01026,0.01824,0.029149,0.044199,0.068808,0.11441,0.19687,0.27285,0.33354,0.39972
60.0,0.0042751,0.0084277,0.015062,0.024115,0.036884,0.058084,0.097405,0.16946,0.2366,0.29059,0.34998
70.0,0.0036109,0.0071363,0.012811,0.020594,0.03156,0.050177,0.084563,0.1485,0.20814,0.25637,0.30985
80.0,0.0030711,0.0061088,0.011034,0.017777,0.027285,0.043626,0.074109,0.13074,0.18381,0.22726,0.27585
90.0,0.0026539,0.0053043,0.0096226,0.015529,0.023907,0.038402,0.065404,0.11578,0.16337,0.20265,0.24695
100.0,0.0023145,0.0046459,0.00846,0.013674,0.021172,0.034055,0.058113,0.10319,0.14599,0.18162,0.22216
110.0,0.0020322,0.0040967,0.0074888,0.012133,0.0188,0.030268,0.05163,0.091582,0.12982,0.16192,0.19881
120.0,0.0017912,0.0036342,0.0066825,0.010827,0.016806,0.027057,0.046066,0.081731,0.11609,0.14502,0.17859
130.0,0.0015802,0.0032192,0.0059422,0.0096349,0.014966,0.024115,0.041063,0.07296,0.10378,0.12977,0.16032
140.0,0.0013989,0.0028609,0.0053021,0.0086044,0.013381,0.021565,0.036775,0.065374,0.09308,0.1166,0.14446
150.0,0.0012423,0.0025502,0.0047436,0.0077127,0.012004,0.019381,0.033045,0.058721,0.083568,0.10536,0.13091
175.0,9.3026E-4,0.0019288,0.0036248,0.0059164,0.0092394,0.01497,0.025516,0.0454,0.065091,0.082205,0.10273
200.0,7.0891E-4,0.001485,0.0028195,0.004616,0.0072304,0.011698,0.020054,0.035774,0.051429,0.065101,0.08168
250.0,4.1796E-4,8.9045E-4,0.001716,0.0028495,0.0045343,0.0074247,0.012899,0.023262,0.033436,0.042381,0.053205
300.0,2.5902E-4,5.6138E-4,0.0010999,0.0018543,0.0030033,0.0049712,0.0087905,0.015941,0.022929,0.028972,0.036553
350.0,1.6539E-4,3.6518E-4,7.2856E-4,0.0012513,0.002051,0.003449,0.0061553,0.011314,0.016248,0.020635,0.026088
400.0,1.0825E-4,2.4468E-4,4.9924E-4,8.7043E-4,0.0014491,0.0024701,0.0044876,0.0083121,0.011977,0.015201,0.019201
450.0,6.9083E-5,1.5839E-4,3.2821E-4,5.9164E-4,0.0010146,0.0017782,0.0032952,0.0062201,0.0089815,0.011354,0.014281
500.0,4.5509E-5,1.0596E-4,2.2293E-4,4.1366E-4,7.2982E-4,0.0013087,0.0024879,0.0047586,0.0068482,0.0086602,0.010902
600.0,2.1907E-5,5.3117E-5,1.1579E-4,2.2539E-4,4.208E-4,7.9432E-4,0.0015526,0.0030165,0.0044016,0.0056102,0.007097
700.0,1.0745E-5,2.7018E-5,6.1315E-5,1.2601E-4,2.4337E-4,4.7422E-4,9.5712E-4,0.0019073,0.0027903,0.0035579,0.0045002
800.0,5.5677E-6,1.4548E-5,3.3939E-5,7.2424E-5,1.4623E-4,2.9681E-4,6.1301E-4,0.0012383,0.0018148,0.0022084,0.0028097
1000.0,1.6922E-6,4.6892E-6,1.1609E-5,2.517E-5,5.4154E-5,1.1657E-4,2.5031E-4,5.1861E-4,7.6498E-4,9.8052E-4,0.0012439
1200.0,5.6377E-7,1.6273E-6,4.0356E-6,9.7553E-6,2.2143E-5,4.971E-5,1.0962E-4,2.4066E-4,3.5791E-4,4.5961E-4,5.7136E-4
1500.0,1.0858E-7,3.252E-7,9.3298E-7,2.538E-6,6.1035E-6,1.4387E-5,3.3148E-5,7.1978E-5,1.0876E-4,1.4131E-4,1.8078E-4
SA0P03
r\m,4.0,4.5,5.0,5.5,6.0,6.5,7.0,7.5,7.8,8.0,8.2
0.0,0.89516,1.1389,1.2942,1.3527,1.3706,1.4091,1.4727,1.597,1.6676,1.7022,1.6854
1.0,0.70302,0.92453,1.0692,1.1193,1.1363,1.182,1.267,1.4162,1.4985,1.5417,1.538
5.0,0.23912,0.3972,0.56284,0.68816,0.77165,0.8603,0.98305,1.1618,1.2611,1.3162,1.3379
10.0,0.093484,0.16852,0.26605,0.36889,0.4705,0.58506,0.73379,0.93897,1.0619,1.132,1.1828
15.0,0.049526,0.092285,0.15268,0.22563,0.3092,0.41562,0.56043,0.75544,0.88738,0.96614,1.0298
20.0,0.030277,0.057278,0.097205,0.14763,0.21032,0.29693,0.42232,0.60017,0.73169,0.81606,0.88602
25.0,0.020289,0.038853,0.066599,0.1023,0.14868,0.21684,0.32209,0.48379,0.60735,0.69026,0.76622
30.0,0.014673,0.028314,0.048867,0.07568,0.11106,0.16558,0.25402,0.39566,0.50965,0.58871,0.66392
40.0,0.0087698,0.017096,0.029909,0.046966,0.069451,0.10613,0.16975,0.2775,0.36745,0.43282,0.50346
50.0,0.0058016,0.011446,0.020292,0.032222,0.048596,0.075153,0.12489,0.21408,0.29387,0.35524,0.4198
60.0,0.0047472,0.0094273,0.016802,0.026739,0.040675,0.063617,0.10653,0.18446,0.25499,0.30964,0.36767
70.0,0.0040282,0.0080165,0.014348,0.02292,0.034908,0.055171,0.092796,0.16193,0.22465,0.27362,0.32611
80.0,0.0034393,0.006884,0.01239,0.019833,0.030246,0.048091,0.081473,0.14282,0.19882,0.24316,0.29117
90.0,0.0029793,0.0059888,0.010824,0.017349,0.026531,0.042362,0.071944,0.12664,0.17709,0.21743,0.26152
100.0,0.0026039,0.0052537,0.0095286,0.01529,0.023505,0.037581,0.063948,0.11297,0.15855,0.19535,0.23598
110.0,0.0022898,0.0046375,0.0084419,0.013574,0.020875,0.033387,0.05679,0.10036,0.14126,0.17462,0.21185
120.0,0.0020208,0.0041173,0.0075382,0.012117,0.018651,0.029826,0.050663,0.089627,0.12651,0.15674,0.19088
130.0,0.0017853,0.0036506,0.0067072,0.010783,0.016603,0.026576,0.045149,0.080027,0.11323,0.14055,0.17184
140.0,0.0015828,0.0032471,0.0059855,0.0096285,0.014842,0.023754,0.040404,0.071708,0.10165,0.1265,0.15522
150.0,0.001407,0.0028962,0.0053555,0.0086304,0.013309,0.021323,0.036262,0.064392,0.0913,0.11444,0.14091
175.0,0.001055,0.0021915,0.0040885,0.0066064,0.010206,0.016396,0.027882,0.049667,0.071091,0.089411,0.11093
200.0,8.0494E-4,0.001687,0.0031744,0.005139,0.0079616,0.012763,0.021815,0.038993,0.056079,0.070826,0.088397
250.0,4.7357E-4,0.0010071,0.0019206,0.0031495,0.0049516,0.0080177,0.013876,0.025087,0.036127,0.045811,0.057391
300.0,2.9212E-4,6.31E-4,0.0012223,0.0020324,0.0032487,0.0053094,0.0093439,0.016986,0.024527,0.031043,0.039194
350.0,1.8554E-4,4.0779E-4,8.0349E-4,0.0013591,0.0021941,0.0036423,0.0064651,0.011908,0.017172,0.021876,0.02772
400.0,1.2069E-4,2.7121E-4,5.4588E-4,9.3657E-4,0.0015347,0.0025808,0.0046604,0.008655,0.01252,0.015949,0.020213
450.0,7.6297E-5,1.7386E-4,3.5538E-4,6.3042E-4,0.0010642,0.0018394,0.0033886,0.0064088,0.009299,0.011813,0.014927
500.0,4.976E-5,1.1514E-4,2.39E-4,4.3658E-4,7.5819E-4,0.0013412,0.0025357,0.0048613,0.0070367,0.0089428,0.011315
600.0,2.2826E-5,5.5184E-5,1.1924E-4,2.2937E-4,4.2319E-4,7.9114E-4,0.0015435,0.003013,0.0044214,0.0056632,0.0072007
700.0,1.1015E-5,2.7608E-5,6.218E-5,1.2656E-4,2.4193E-4,4.6784E-4,9.4393E-4,0.0018938,0.0027879,0.0035727,0.0045409
800.0,5.5889E-6,1.4627E-5,3.3915E-5,7.185E-5,1.4377E-4,2.9003E-4,6.0037E-4,0.0012231,0.0018053,0.0022189,0.0028364
1000.0,1.6443E-6,4.5794E-6,1.1312E-5,2.4596E-5,5.2693E-5,1.1313E-4,2.4423E-4,5.1146E-4,7.6036E-4,9.8092E-4,0.0012518
1200.0,5.3376E-7,1.5551E-6,3.8892E-6,9.3926E-6,2.1301E-5,4.7889E-5,1.0647E-4,2.3658E-4,3.5504E-4,4.589E-4,5.7465E-4
1500.0,9.9552E-8,3.0288E-7,8.7565E-7,2.3947E-6,5.7947E-6,1.3759E-5,3.2092E-5,7.081E-5,1.0807E-4,1.4143E-4,1.8192E-4
SA0P04
r\m,4.0,4.5,5.0,5.5,6.0,6.5,7.0,7.5,7.8,8.0,8.2
0.0,0.8777,1.1757,1.3668,1.4402,1.4676,1.5133,1.5826,1.7015,1.7523,1.7638,1.7225
1.0,0.68943,0.95538,1.1327,1.1979,1.2249,1.2796,1.3722,1.5187,1.584,1.605,1.5757
5.0,0.23756,0.40998,0.59378,0.73552,0.83216,0.93283,1.0687,1.2535,1.3424,1.3797,1.3783
10.0,0.094484,0.17581,0.28231,0.39541,0.5072,0.63224,0.79654,1.0142,1.1314,1.1882,1.2201
15.0,0.050767,0.09737,0.16334,0.24304,0.33424,0.44944,0.6086,0.81687,0.94637,1.0153,1.0642
20.0,0.03144,0.061134,0.10498,0.16029,0.22885,0.3228,0.4607,0.65155,0.78257,0.85915,0.91701
25.0,0.021333,0.041879,0.072573,0.11196,0.16296,0.23734,0.35326,0.52737,0.65139,0.72802,0.79343
30.0,0.015549,0.030744,0.053632,0.083359,0.12246,0.18232,0.28002,0.43292,0.54788,0.62201,0.68834
40.0,0.0094098,0.018773,0.033159,0.052242,0.077357,0.11809,0.18878,0.30539,0.39707,0.45947,0.52332
50.0,0.0062932,0.012693,0.02269,0.036119,0.054599,0.084159,0.13974,0.23645,0.31815,0.37731,0.4366
60.0,0.0051767,0.010504,0.018875,0.030124,0.045914,0.071526,0.11951,0.20398,0.27625,0.32904,0.3825
70.0,0.0044249,0.0089929,0.01622,0.025974,0.039598,0.062385,0.1046,0.17954,0.244,0.29156,0.34031
80.0,0.0038037,0.007768,0.014079,0.022584,0.034461,0.05464,0.092177,0.15893,0.21688,0.26034,0.30538
90.0,0.0033122,0.0067884,0.012354,0.019831,0.030331,0.048266,0.081611,0.14146,0.19411,0.23406,0.27587
100.0,0.002909,0.0059791,0.010914,0.017532,0.026934,0.042915,0.072712,0.12663,0.17458,0.21139,0.25031
110.0,0.002568,0.005295,0.0096984,0.015605,0.023967,0.038177,0.064674,0.11291,0.15633,0.19004,0.2261
120.0,0.0022742,0.0047147,0.0086834,0.013959,0.021437,0.034138,0.057797,0.10115,0.14061,0.17149,0.20495
130.0,0.0020167,0.0041934,0.0077468,0.012445,0.019108,0.030458,0.051587,0.090555,0.12638,0.15457,0.18559
140.0,0.0017949,0.003741,0.0069267,0.011129,0.017103,0.027249,0.046202,0.081319,0.11385,0.13975,0.16853
150.0,0.0016002,0.0033447,0.0062079,0.0099902,0.015352,0.024458,0.041469,0.073141,0.10255,0.12689,0.15367
175.0,0.0012065,0.0025421,0.0047508,0.0076523,0.011752,0.018754,0.031822,0.056504,0.080234,0.099857,0.12212
200.0,9.254E-4,0.0019635,0.003692,0.0059477,0.0091547,0.014564,0.024828,0.044326,0.06346,0.079528,0.098083
250.0,5.4629E-4,0.0011722,0.0022287,0.0036285,0.0056565,0.0090608,0.015625,0.028288,0.040707,0.051462,0.064029
300.0,3.367E-4,7.321E-4,0.0014114,0.0023244,0.0036756,0.0059261,0.010377,0.018916,0.027404,0.034683,0.043689
350.0,2.1337E-4,4.7109E-4,9.218E-4,0.0015398,0.0024501,0.0040082,0.0070703,0.013061,0.018927,0.024184,0.030671
400.0,1.3825E-4,3.1134E-4,6.2083E-4,0.0010499,0.0016925,0.0027995,0.0050167,0.0093562,0.013607,0.017415,0.022146
450.0,8.657E-5,1.9753E-4,3.9968E-4,6.9828E-4,0.0011587,0.0019671,0.0035955,0.0068222,0.0099734,0.012759,0.016223
500.0,5.5847E-5,1.2933E-4,2.6557E-4,4.7765E-4,8.1449E-4,0.0014147,0.0026535,0.0051079,0.0074644,0.00956,0.012188
600.0,2.3915E-5,5.8076E-5,1.2481E-4,2.3727E-4,4.3142E-4,7.9519E-4,0.0015469,0.0030436,0.0045106,0.0058267,0.0074739
700.0,1.1313E-5,2.8435E-5,6.3727E-5,1.2845E-4,2.4228E-4,4.6299E-4,9.3312E-4,0.0018937,0.0028187,0.0036449,0.0046726
800.0,5.5732E-6,1.4728E-5,3.4026E-5,7.1579E-5,1.4144E-4,2.8226E-4,5.8603E-4,0.0012114,0.001811,0.0022703,0.0029262
1000.0,1.5643E-6,4.4178E-6,1.0921E-5,2.3972E-5,5.1041E-5,1.0894E-4,2.3708E-4,5.0584E-4,7.6292E-4,9.9643E-4,0.001286
1200.0,4.8841E-7,1.4526E-6,3.7026E-6,8.9428E-6,2.0241E-5,4.5516E-5,1.0249E-4,2.3252E-4,3.55E-4,4.6465E-4,5.9036E-4
1500.0,8.6646E-8,2.7194E-7,7.9787E-7,2.2012E-6,5.3776E-6,1.29E-5,3.07E-5,6.9774E-5,1.0856E-4,1.4416E-4,1.8737E-4
SA0P05
r\m,4.0,4.5,5.0,5.5,6.0,6.5,7.0,7.5,7.8,8.0,8.2
0.0,0.81923,1.1429,1.3598,1.45,1.4917,1.5473,1.6218,1.7296,1.7619,1.7565,1.7024
1.0,0.64295,0.92972,1.1304,1.2118,1.252,1.3162,1.4136,1.5498,1.598,1.6021,1.5584
5.0,0.22102,0.39502,0.58706,0.74147,0.85102,0.96225,1.1055,1.2857,1.3612,1.3838,1.3678
10.0,0.088711,0.17014,0.27932,0.39839,0.51811,0.65136,0.82412,1.0416,1.1483,1.1932,1.2119
15.0,0.048122,0.094934,0.16247,0.24559,0.342,0.46336,0.63011,0.8396,0.96099,1.0201,1.0585
20.0,0.030084,0.060115,0.10517,0.16296,0.23538,0.3342,0.47865,0.67164,0.79622,0.86427,0.91291
25.0,0.020585,0.041462,0.073191,0.11456,0.16863,0.24702,0.36854,0.54511,0.66393,0.73323,0.79017
30.0,0.015088,0.0306,0.054382,0.085714,0.12734,0.19061,0.29325,0.44864,0.55934,0.62721,0.68608
40.0,0.0092176,0.018851,0.033902,0.054154,0.081106,0.12447,0.199,0.31788,0.40693,0.4649,0.52243
50.0,0.0062183,0.012848,0.023361,0.037679,0.057615,0.089156,0.14793,0.24668,0.32634,0.38173,0.43597
60.0,0.005136,0.010672,0.019505,0.031545,0.048609,0.075961,0.12671,0.21294,0.28346,0.33298,0.382
70.0,0.0044129,0.009181,0.016838,0.027315,0.042073,0.066499,0.11123,0.18777,0.25084,0.29568,0.34066
80.0,0.0038144,0.0079706,0.014683,0.023854,0.036767,0.058483,0.09835,0.16678,0.22382,0.26507,0.3069
90.0,0.0033387,0.0069986,0.012944,0.021037,0.03249,0.051847,0.087378,0.14908,0.20125,0.23943,0.27851
100.0,0.0029464,0.0061912,0.011483,0.018671,0.028946,0.046248,0.078111,0.13397,0.18181,0.21724,0.25385
110.0,0.0026122,0.0055045,0.010243,0.016676,0.02584,0.041263,0.069701,0.11999,0.16364,0.19633,0.23048
120.0,0.0023226,0.0049193,0.0092032,0.014966,0.023172,0.036995,0.062481,0.10794,0.14787,0.17806,0.20998
130.0,0.0020684,0.0043925,0.0082405,0.013384,0.020713,0.033098,0.055935,0.096999,0.13352,0.16131,0.19113
140.0,0.0018486,0.0039331,0.007391,0.012003,0.018587,0.029682,0.05022,0.087407,0.1208,0.14653,0.17441
150.0,0.0016538,0.0035275,0.0066423,0.010803,0.016723,0.026686,0.045164,0.078849,0.10923,0.13358,0.1597
175.0,0.0012564,0.0026997,0.0051126,0.0083125,0.012841,0.020512,0.034771,0.061274,0.086123,0.10609,0.12819
200.0,9.7063E-4,0.002098,0.0039915,0.0064831,0.010032,0.015966,0.02719,0.048267,0.068554,0.085154,0.10388
250.0,5.7847E-4,0.001262,0.0024238,0.0039715,0.0062142,0.009937,0.017111,0.03089,0.044247,0.055624,0.068661
300.0,3.5882E-4,7.9196E-4,0.0015401,0.0025475,0.0040351,0.0064801,0.011318,0.020616,0.029832,0.03764,0.047175
350.0,2.2856E-4,5.1142E-4,0.0010075,0.0016861,0.0026793,0.0043596,0.0076639,0.014155,0.02053,0.026216,0.033167
400.0,1.4863E-4,3.3857E-4,6.7814E-4,0.0011467,0.0018424,0.0030251,0.005394,0.010071,0.014672,0.018801,0.023905
450.0,9.3034E-5,2.1449E-4,4.3537E-4,7.5962E-4,0.0012543,0.0021099,0.0038351,0.0072805,0.010683,0.013714,0.017478
500.0,5.9904E-5,1.4004E-4,2.8813E-4,5.1703E-4,8.7581E-4,0.0015055,0.0028065,0.0054081,0.0079479,0.010223,0.013084
600.0,2.47E-5,6.0603E-5,1.307E-4,2.4795E-4,4.4782E-4,8.1738E-4,0.0015841,0.0031288,0.0046663,0.0060623,0.0078209
700.0,1.161E-5,2.9417E-5,6.6084E-5,1.3289E-4,2.4884E-4,4.7113E-4,9.4647E-4,0.0019332,0.0028989,0.0037724,0.0048648
800.0,5.6363E-6,1.5071E-5,3.489E-5,7.3274E-5,1.436E-4,2.8375E-4,5.8872E-4,0.0012277,0.0018521,0.0023605,0.0030598
1000.0,1.5435E-6,4.4167E-6,1.0951E-5,2.4277E-5,5.1419E-5,1.089E-4,2.3764E-4,5.1321E-4,7.8226E-4,0.0010316,0.001343
1200.0,4.717E-7,1.4272E-6,3.6989E-6,8.9311E-6,2.0137E-5,4.5087E-5,1.0213E-4,2.3477E-4,3.6323E-4,4.8026E-4,6.1774E-4
1500.0,8.1283E-8,2.6141E-7,7.7454E-7,2.1448E-6,5.2585E-6,1.2648E-5,3.0455E-5,7.0754E-5,1.1179E-4,1.5028E-4,1.9694E-4
SA0P075
r\m,4.0,4.5,5.0,5.5,6.0,6.5,7.0,7.5,7.8,8.0,8.2
0.0,0.65596,0.97392,1.2155,1.3367,1.4116,1.4902,1.5753,1.6585,1.6646,1.6411,1.5826
1.0,0.51273,0.79423,1.0173,1.1281,1.1968,1.2797,1.3824,1.4927,1.5151,1.4999,1.4485
5.0,0.16998,0.32467,0.51277,0.68222,0.81457,0.94319,1.0913,1.2496,1.3011,1.3047,1.2771
10.0,0.068506,0.13949,0.24209,0.36385,0.49405,0.63907,0.81612,1.0154,1.0997,1.1275,1.1331
15.0,0.037601,0.078543,0.14167,0.22494,0.32667,0.45537,0.62524,0.81943,0.92058,0.96466,0.99158
20.0,0.02383,0.050378,0.092729,0.15071,0.22677,0.33072,0.47761,0.65853,0.76491,0.81861,0.8563
25.0,0.016478,0.035061,0.065207,0.10709,0.16425,0.24659,0.37027,0.53649,0.63935,0.69566,0.74161
30.0,0.012175,0.026075,0.048863,0.080776,0.12505,0.19159,0.29636,0.44316,0.53996,0.59613,0.64471
40.0,0.0075479,0.016302,0.030907,0.051765,0.08082,0.12679,0.2032,0.31631,0.39525,0.4442,0.49198
50.0,0.0051663,0.011262,0.021558,0.036423,0.057979,0.091611,0.15196,0.24617,0.31718,0.36451,0.41069
60.0,0.0042953,0.0094147,0.01811,0.030672,0.049138,0.078259,0.13035,0.21261,0.27558,0.31805,0.35994
70.0,0.0037171,0.008156,0.015739,0.026726,0.042766,0.068816,0.11483,0.18799,0.24465,0.28343,0.32221
80.0,0.0032439,0.007147,0.01385,0.023541,0.037685,0.060986,0.1022,0.16809,0.21984,0.25583,0.29214
90.0,0.0028704,0.0063422,0.012338,0.020974,0.033622,0.054555,0.091583,0.1516,0.19942,0.23301,0.26711
100.0,0.0025596,0.0056674,0.011055,0.018794,0.030218,0.049084,0.082569,0.13744,0.18174,0.21318,0.24531
110.0,0.0022919,0.005088,0.0099559,0.016943,0.027217,0.044191,0.074379,0.12435,0.16526,0.19455,0.22469
120.0,0.0020577,0.0045894,0.0090257,0.015339,0.024615,0.039959,0.067254,0.11295,0.1508,0.17816,0.20656
130.0,0.0018509,0.0041382,0.008159,0.013843,0.022194,0.036048,0.060733,0.10249,0.13753,0.163,0.18975
140.0,0.0016702,0.0037399,0.0073826,0.012521,0.020074,0.03258,0.054971,0.093181,0.1256,0.14946,0.17469
150.0,0.0015068,0.0033819,0.0066875,0.011355,0.018193,0.029495,0.049803,0.084744,0.1146,0.13738,0.16124
175.0,0.001168,0.0026396,0.0052438,0.0088881,0.01419,0.02301,0.038963,0.067111,0.092182,0.11139,0.13206
200.0,9.1997E-4,0.0020889,0.0041635,0.0070407,0.011247,0.018165,0.030906,0.053751,0.074745,0.091141,0.10906
250.0,5.6631E-4,0.0012955,0.0026014,0.004426,0.0071324,0.011542,0.019847,0.03527,0.049685,0.06149,0.074611
300.0,3.6128E-4,8.3434E-4,0.0016922,0.0028971,0.0047102,0.0076292,0.013286,0.02392,0.0342,0.042623,0.052619
350.0,2.3618E-4,5.516E-4,0.0011296,0.0019484,0.003163,0.0051739,0.0090542,0.016551,0.023813,0.030135,0.037674
400.0,1.5723E-4,3.7253E-4,7.7221E-4,0.0013412,0.002192,0.0036033,0.0063746,0.011806,0.017097,0.021781,0.027464
450.0,1.0021E-4,2.3967E-4,5.017E-4,8.9603E-4,0.0014992,0.0025138,0.0045249,0.0085139,0.01246,0.015963,0.020257
500.0,6.5502E-5,1.5845E-4,3.3507E-4,6.1347E-4,0.0010482,0.0017898,0.0032955,0.0062989,0.0092641,0.011916,0.015226
600.0,2.6642E-5,6.7392E-5,1.488E-4,2.8641E-4,5.1805E-4,9.3391E-4,0.0017875,0.003513,0.0052532,0.006849,0.0088648
700.0,1.2754E-5,3.3109E-5,7.5709E-5,1.5366E-4,2.8689E-4,5.3503E-4,0.0010596,0.0021598,0.0032535,0.0042553,0.0055111
800.0,6.2171E-6,1.7048E-5,4.0018E-5,8.458E-5,1.6431E-4,3.1828E-4,6.5216E-4,0.0013612,0.002069,0.0027042,0.0035192
1000.0,1.7084E-6,4.9956E-6,1.249E-5,2.8242E-5,5.9213E-5,1.2271E-4,2.6519E-4,5.7601E-4,8.8699E-4,0.0011836,0.0015565
1200.0,5.2269E-7,1.6195E-6,4.3103E-6,1.0371E-5,2.3057E-5,5.0542E-5,1.1368E-4,2.6267E-4,4.1273E-4,5.5289E-4,7.2439E-4
1500.0,8.9903E-8,2.9831E-7,8.8881E-7,2.4445E-6,5.9419E-6,1.4084E-5,3.3918E-5,8.0593E-5,1.2988E-4,1.7774E-4,2.3521E-4
SA0P1
r\m,4.0,4.5,5.0,5.5,6.0,6.5,7.0,7.5,7.8,8.0,8.2
0.0,0.52573,0.80637,1.0436,1.18,1.2773,1.373,1.4674,1.5398,1.5392,1.5145,1.4646
1.0,0.40911,0.65884,0.87786,1.0028,1.09,1.1852,1.2915,1.3879,1.4027,1.385,1.3398
5.0,0.12948,0.25905,0.4303,0.59984,0.74269,0.87971,1.0267,1.1685,1.21,1.2092,1.1837
10.0,0.051865,0.11034,0.20094,0.31707,0.44888,0.59764,0.77055,0.95163,1.024,1.0465,1.0512
15.0,0.028572,0.0623,0.11777,0.19605,0.29687,0.42638,0.59132,0.76841,0.85722,0.89556,0.92084
20.0,0.018223,0.040217,0.077541,0.13205,0.2071,0.31093,0.45314,0.61913,0.71333,0.7606,0.79574
25.0,0.012645,0.028091,0.054826,0.094432,0.15105,0.23299,0.35269,0.50531,0.59694,0.64694,0.68941
30.0,0.0093758,0.020967,0.041272,0.071554,0.11556,0.18168,0.2832,0.41817,0.50482,0.55492,0.59974
40.0,0.0058578,0.01322,0.026339,0.046261,0.075364,0.12116,0.19528,0.29977,0.37082,0.41471,0.45818
50.0,0.0040434,0.0092069,0.01851,0.032776,0.054343,0.087997,0.14647,0.23358,0.29761,0.34014,0.38254
60.0,0.0033741,0.0077256,0.015606,0.027687,0.046149,0.075216,0.12567,0.20176,0.2586,0.29684,0.33535
70.0,0.0029289,0.006715,0.013607,0.024199,0.04028,0.066237,0.11083,0.17866,0.23001,0.26509,0.30085
80.0,0.002571,0.0059201,0.012048,0.021443,0.035703,0.058996,0.099087,0.16045,0.20761,0.24026,0.27378
90.0,0.0022931,0.0052959,0.010819,0.019257,0.032095,0.05316,0.089392,0.14564,0.18939,0.21994,0.2514
100.0,0.0020607,0.0047696,0.0097707,0.017391,0.02906,0.048172,0.081146,0.13288,0.1736,0.20226,0.23191
110.0,0.0018596,0.0043156,0.0088685,0.0158,0.026377,0.043722,0.073691,0.12112,0.15894,0.18571,0.21354
120.0,0.0016827,0.0039227,0.0080999,0.014413,0.024042,0.039844,0.067122,0.11083,0.14601,0.17112,0.19736
130.0,0.0015256,0.0035654,0.007381,0.013112,0.021851,0.036214,0.061069,0.1013,0.13409,0.15758,0.18232
140.0,0.0013871,0.0032469,0.0067301,0.01195,0.019904,0.032966,0.055682,0.092762,0.12329,0.14539,0.16878
150.0,0.00126,0.0029564,0.0061393,0.010911,0.018161,0.030051,0.050806,0.084927,0.11325,0.13439,0.15658
175.0,9.9348E-4,0.0023476,0.0048978,0.0086863,0.014405,0.023833,0.040416,0.068379,0.092515,0.1106,0.12998
200.0,7.9566E-4,0.0018887,0.0039535,0.0069937,0.011597,0.019113,0.032567,0.055645,0.076175,0.09181,0.10876
250.0,5.0527E-4,0.0012083,0.0025467,0.0045275,0.0075664,0.012485,0.02149,0.037569,0.052133,0.063733,0.076465
300.0,3.3201E-4,8.0083E-4,0.0017027,0.0030415,0.00512,0.0084457,0.014705,0.026094,0.036784,0.045309,0.055238
350.0,2.2334E-4,5.4408E-4,0.0011659,0.0020939,0.0035132,0.0058394,0.010208,0.018396,0.026142,0.032711,0.040395
400.0,1.528E-4,3.7684E-4,8.1519E-4,0.0014715,0.0024791,0.0041309,0.0072828,0.013306,0.019053,0.024031,0.029964
450.0,9.9915E-5,2.4825E-4,5.4076E-4,0.0010013,0.0017218,0.0029178,0.0052257,0.0096958,0.014048,0.017848,0.022432
500.0,6.6894E-5,1.6773E-4,3.6803E-4,6.9672E-4,0.0012193,0.0020983,0.0038343,0.0072267,0.01054,0.01346,0.017056
600.0,2.8222E-5,7.3539E-5,1.6737E-4,3.3075E-4,6.0741E-4,0.0010949,0.0020726,0.0040173,0.0059635,0.0077376,0.0099619
700.0,1.4024E-5,3.7304E-5,8.7383E-5,1.8088E-4,3.4117E-4,6.3352E-4,0.0012369,0.0024859,0.0037208,0.004848,0.006252
800.0,7.0472E-6,1.9714E-5,4.7182E-5,1.0122E-4,1.974E-4,3.7857E-4,7.6343E-4,0.0015718,0.0023775,0.0031349,0.0040611
1000.0,2.0327E-6,6.0197E-6,1.5207E-5,3.4952E-5,7.3082E-5,1.4902E-4,3.1647E-4,6.7891E-4,0.0010417,0.0013904,0.0018271
1200.0,6.4835E-7,2.0279E-6,5.4784E-6,1.3168E-5,2.8969E-5,6.2168E-5,1.3717E-4,3.1192E-4,4.8975E-4,6.5691E-4,8.6546E-4
1500.0,1.1781E-7,3.942E-7,1.1687E-6,3.1726E-6,7.5953E-6,1.7581E-5,4.154E-5,9.8163E-5,1.5847E-4,2.1781E-4,2.881E-4
SA0P15
r\m,4.0,4.5,5.0,5.5,6.0,6.5,7.0,7.5,7.8,8.0,8.2
0.0,0.35471,0.56491,0.77312,0.91735,1.0375,1.1543,1.2646,1.3373,1.3424,1.3268,1.2961
1.0,0.27409,0.46272,0.65455,0.78629,0.89195,1.0016,1.1153,1.2064,1.2241,1.2134,1.1846
5.0,0.080253,0.17152,0.3081,0.46289,0.60861,0.75064,0.89446,1.0221,1.0609,1.0634,1.0488
10.0,0.031633,0.071831,0.14126,0.24122,0.366,0.51245,0.67497,0.83467,0.8992,0.92177,0.93215
15.0,0.017431,0.040567,0.082754,0.14896,0.24193,0.36621,0.51916,0.67439,0.75271,0.78908,0.81748
20.0,0.011171,0.026336,0.054792,0.10087,0.16965,0.26819,0.39916,0.54486,0.62732,0.67073,0.70691
25.0,0.0077577,0.018433,0.038942,0.072622,0.12472,0.20203,0.31198,0.44544,0.52556,0.57102,0.61272
30.0,0.005767,0.013798,0.029446,0.055285,0.095912,0.15809,0.25133,0.36928,0.44507,0.49031,0.53342
40.0,0.0036294,0.0087776,0.018979,0.036096,0.063187,0.10628,0.17431,0.26597,0.32816,0.36756,0.40801
50.0,0.0025274,0.0061672,0.013448,0.025775,0.045784,0.077622,0.13108,0.20747,0.26336,0.30132,0.34076
60.0,0.0021168,0.0051957,0.011382,0.021839,0.03894,0.06633,0.11245,0.17921,0.22888,0.26303,0.29882
70.0,0.0018414,0.0045284,0.0099522,0.019137,0.034081,0.058443,0.099217,0.15893,0.204,0.23545,0.26872
80.0,0.0016267,0.0040207,0.0088783,0.017082,0.030426,0.052361,0.089181,0.14348,0.18506,0.21436,0.2455
90.0,0.0014657,0.0036345,0.008056,0.015502,0.027628,0.047641,0.081165,0.13123,0.16992,0.19731,0.22647
100.0,0.0013302,0.0033071,0.0073521,0.014149,0.02527,0.043591,0.074342,0.12067,0.15678,0.18249,0.2099
110.0,0.0012129,0.0030242,0.0067446,0.012992,0.023184,0.040016,0.068258,0.111,0.14469,0.16871,0.19437
120.0,0.0011091,0.0027777,0.0062229,0.011976,0.02137,0.036875,0.062793,0.1025,0.13397,0.15653,0.1807
130.0,0.0010163,0.0025522,0.0057335,0.011019,0.019644,0.033871,0.05772,0.094583,0.12406,0.14521,0.16796
140.0,9.3341E-4,0.0023485,0.0052847,0.010152,0.018078,0.031153,0.053172,0.087403,0.115,0.13495,0.15644
150.0,8.5567E-4,0.0021588,0.0048686,0.00936,0.016657,0.028691,0.049015,0.080723,0.1065,0.12557,0.14596
175.0,6.9103E-4,0.0017564,0.0039828,0.0076409,0.013558,0.023348,0.03998,0.066479,0.088732,0.1052,0.12305
200.0,5.6651E-4,0.001447,0.0032949,0.0063078,0.011185,0.019196,0.033012,0.05534,0.07455,0.088914,0.10457
250.0,3.768E-4,9.7046E-4,0.0022256,0.0042798,0.0076465,0.013144,0.022803,0.039051,0.053206,0.064148,0.076127
300.0,2.5923E-4,6.7315E-4,0.0015559,0.0030038,0.0054012,0.0092794,0.01626,0.028267,0.039038,0.047349,0.056857
350.0,1.8251E-4,4.7806E-4,0.001112,0.0021556,0.0038626,0.0066725,0.011728,0.020679,0.028791,0.035403,0.042968
400.0,1.3058E-4,3.4552E-4,8.0909E-4,0.0015747,0.0028273,0.0048876,0.0086397,0.015432,0.021651,0.026829,0.03285
450.0,8.9329E-5,2.3749E-4,5.5809E-4,0.0011113,0.0020304,0.0035598,0.0063801,0.011563,0.016409,0.020485,0.025278
500.0,6.2481E-5,1.6714E-4,3.9422E-4,8.0014E-4,0.0014824,0.0026313,0.0047948,0.0088196,0.012605,0.015824,0.019688
600.0,2.9055E-5,7.9896E-5,1.9328E-4,4.054E-4,7.7825E-4,0.0014302,0.002681,0.0050585,0.0073566,0.0093952,0.011895
700.0,1.5574E-5,4.3405E-5,1.0708E-4,2.3276E-4,4.5575E-4,8.5702E-4,0.0016475,0.0032116,0.0047093,0.0060439,0.0076739
800.0,8.4139E-6,2.4386E-5,6.1021E-5,1.3634E-4,2.7353E-4,5.2679E-4,0.0010402,0.0020729,0.0030737,0.0040359,0.0051445
1000.0,2.7427E-6,8.2953E-6,2.1559E-5,5.1213E-5,1.0862E-4,2.1957E-4,4.5355E-4,9.3956E-4,0.0014132,0.0018624,0.0024151
1200.0,9.7746E-7,3.0917E-6,8.5466E-6,2.0807E-5,4.5754E-5,9.6108E-5,2.0479E-4,4.4527E-4,6.8616E-4,9.0968E-4,0.0011909
1500.0,2.0771E-7,6.9597E-7,2.0503E-6,5.4886E-6,1.2911E-5,2.8869E-5,6.5322E-5,1.4868E-4,2.3579E-4,3.2097E-4,4.1912E-4
SA0P2
r\m,4.0,4.5,5.0,5.5,6.0,6.5,7.0,7.5,7.8,8.0,8.2
0.0,0.25496,0.41758,0.59728,0.73791,0.86608,0.99353,1.1149,1.1958,1.2108,1.2049,1.1885
1.0,0.19607,0.34255,0.50759,0.63559,0.74753,0.86418,0.98392,1.0789,1.1043,1.1019,1.0856
5.0,0.054432,0.12224,0.23291,0.37045,0.51052,0.65146,0.79309,0.91715,0.9593,0.96736,0.9621
10.0,0.021183,0.050574,0.10548,0.19126,0.30607,0.44626,0.60053,0.75012,0.81378,0.8393,0.85551
15.0,0.011654,0.028529,0.061718,0.11795,0.20219,0.31922,0.46254,0.60628,0.68118,0.71859,0.75071
20.0,0.0074796,0.018563,0.040967,0.080066,0.14214,0.23429,0.35623,0.4905,0.56813,0.61108,0.64941
25.0,0.0051886,0.012994,0.029183,0.057844,0.10494,0.17694,0.27902,0.40132,0.47624,0.52048,0.56304
30.0,0.00386,0.0097376,0.022112,0.044136,0.080917,0.13868,0.22512,0.33299,0.4036,0.44716,0.49036
40.0,0.0024369,0.0062217,0.014326,0.028966,0.053593,0.093606,0.15658,0.24041,0.29816,0.33575,0.37532
50.0,0.0017044,0.0043911,0.010195,0.020769,0.038917,0.068567,0.11788,0.18763,0.23928,0.27518,0.31353
60.0,0.0014301,0.0037069,0.0086459,0.017622,0.033117,0.058562,0.1011,0.16207,0.20798,0.24027,0.27502
70.0,0.0012446,0.0032342,0.0075685,0.015459,0.029021,0.051591,0.089203,0.14385,0.18558,0.21535,0.24762
80.0,0.0011032,0.0028827,0.0067802,0.013855,0.026015,0.046371,0.080421,0.13023,0.1688,0.19651,0.22668
90.0,9.9986E-4,0.0026218,0.0061901,0.012653,0.023765,0.042436,0.073567,0.11962,0.15553,0.18141,0.2096
100.0,9.1265E-4,0.0024002,0.0056845,0.011621,0.02187,0.039056,0.06774,0.11047,0.14402,0.16828,0.19474
110.0,8.3735E-4,0.0022089,0.0052484,0.01074,0.020197,0.036103,0.062606,0.10214,0.13347,0.15613,0.18085
120.0,7.706E-4,0.0020417,0.0048723,0.0099643,0.018748,0.0335,0.057937,0.09481,0.12412,0.1454,0.16865
130.0,7.1064E-4,0.0018884,0.0045195,0.009232,0.017356,0.030972,0.053586,0.08796,0.11545,0.13541,0.15725
140.0,6.5657E-4,0.0017487,0.0041936,0.0085636,0.016074,0.02867,0.049676,0.081714,0.10751,0.12633,0.14694
150.0,6.0527E-4,0.0016167,0.0038871,0.0079434,0.014902,0.026579,0.046084,0.075854,0.10002,0.11796,0.13751
175.0,4.9608E-4,0.0013354,0.0032306,0.0065896,0.012336,0.021997,0.038194,0.063317,0.084269,0.099814,0.11688
200.0,4.1261E-4,0.0011167,0.0027151,0.0055294,0.010341,0.018386,0.032044,0.05345,0.07164,0.085216,0.10017
250.0,2.8273E-4,7.7222E-4,0.0018921,0.0038713,0.0072981,0.013005,0.022837,0.038813,0.052469,0.062901,0.074393
300.0,2.0049E-4,5.5211E-4,0.0013632,0.0028005,0.005314,0.0094709,0.016779,0.028909,0.039497,0.047539,0.056689
350.0,1.4552E-4,4.0404E-4,0.0010034,0.0020699,0.0039185,0.0070173,0.012466,0.02174,0.029906,0.0364,0.043763
400.0,1.0733E-4,3.0075E-4,7.511E-4,0.0015557,0.0029497,0.0052858,0.0094299,0.016633,0.023035,0.028218,0.034167
450.0,7.5816E-5,2.1311E-4,5.3316E-4,0.0011287,0.0021754,0.0039504,0.0071395,0.012767,0.017856,0.022011,0.026821
500.0,5.4736E-5,1.5453E-4,3.8731E-4,8.3462E-4,0.0016289,0.0029918,0.0054865,0.0099477,0.013999,0.017343,0.021285
600.0,2.7612E-5,7.9535E-5,2.0299E-4,4.4962E-4,9.0311E-4,0.0017067,0.0032054,0.0059434,0.0084967,0.010698,0.013342
700.0,1.5696E-5,4.5635E-5,1.1811E-4,2.693E-4,5.4975E-4,0.0010592,0.0020326,0.0038778,0.0055845,0.0070641,0.0088385
800.0,9.0078E-6,2.6984E-5,7.0523E-5,1.6441E-4,3.422E-4,6.7223E-4,0.001319,0.0025648,0.0037325,0.0048399,0.0060759
1000.0,3.2639E-6,1.0095E-5,2.7105E-5,6.6563E-5,1.4498E-4,2.962E-4,6.0414E-4,0.0012165,0.0017932,0.002326,0.0029696
1200.0,1.2853E-6,4.1213E-6,1.166E-5,2.9083E-5,6.5022E-5,1.3665E-4,2.8557E-4,5.9796E-4,9.0152E-4,0.0011765,0.0015201
1500.0,3.1645E-7,1.0639E-6,3.1513E-6,8.4624E-6,1.9929E-5,4.401E-5,9.6656E-5,2.1156E-4,3.2764E-4,4.3859E-4,5.6378E-4
SA0P25
r\m,4.0,4.5,5.0,5.5,6.0,6.5,7.0,7.5,7.8,8.0,8.2
0.0,0.19264,0.32348,0.47996,0.61355,0.74305,0.87526,1.0037,1.0928,1.1165,1.1184,1.1122
1.0,0.14767,0.26562,0.40886,0.53008,0.64286,0.76236,0.88599,0.98596,1.0184,1.0227,1.0156
5.0,0.03953,0.09242,0.1845,0.30695,0.4393,0.57687,0.7164,0.83981,0.88585,0.89881,0.9006
10.0,0.015243,0.037915,0.082867,0.1575,0.26285,0.39609,0.54368,0.68752,0.75187,0.78025,0.80107
15.0,0.0083724,0.021364,0.048435,0.097029,0.17356,0.28351,0.41913,0.55582,0.62935,0.6681,0.70319
20.0,0.0053764,0.013917,0.032194,0.065957,0.1222,0.20834,0.32311,0.45004,0.52515,0.56831,0.60845
25.0,0.0037254,0.0097401,0.022962,0.047747,0.090445,0.15759,0.2534,0.36839,0.44036,0.4842,0.52762
30.0,0.002772,0.0073023,0.017418,0.036479,0.06985,0.12362,0.20464,0.30581,0.37335,0.41613,0.45964
40.0,0.001753,0.0046777,0.01132,0.024016,0.046412,0.083637,0.14257,0.22112,0.27614,0.31276,0.35195
50.0,0.0012292,0.0033102,0.0080772,0.017263,0.033743,0.061373,0.1074,0.17263,0.22163,0.25632,0.29407
60.0,0.0010324,0.0027979,0.0068579,0.01466,0.028721,0.052398,0.092095,0.14912,0.19266,0.22384,0.25801
70.0,8.9865E-4,0.0024423,0.0060069,0.012868,0.025188,0.046151,0.081255,0.13243,0.17203,0.20078,0.23249
80.0,7.9811E-4,0.0021821,0.0053955,0.011562,0.022637,0.041565,0.073393,0.1201,0.15673,0.18349,0.21309
90.0,7.2607E-4,0.0019924,0.0049451,0.010601,0.020758,0.038179,0.067357,0.11061,0.14471,0.16968,0.19731
100.0,6.6517E-4,0.0018311,0.0045595,0.0097766,0.01918,0.03527,0.06223,0.10242,0.13429,0.15768,0.1836
110.0,6.1273E-4,0.0016921,0.0042272,0.0090732,0.017788,0.032752,0.057757,0.094998,0.12479,0.14662,0.1708
120.0,5.662E-4,0.0015705,0.00394,0.008453,0.016587,0.030527,0.053654,0.088464,0.11635,0.13684,0.15956
130.0,5.243E-4,0.0014587,0.0036707,0.0078676,0.015428,0.028344,0.049823,0.082352,0.10852,0.12774,0.14907
140.0,4.8628E-4,0.0013563,0.0034209,0.0073304,0.014348,0.026349,0.046377,0.076759,0.10134,0.11945,0.13955
150.0,4.4992E-4,0.0012587,0.0031836,0.0068266,0.013356,0.024533,0.043203,0.071485,0.09455,0.11179,0.13084
175.0,3.7233E-4,0.0010501,0.0026737,0.005724,0.011182,0.020535,0.036186,0.060189,0.08022,0.095172,0.11178
200.0,3.1264E-4,8.8672E-4,0.0022707,0.0048559,0.009476,0.017356,0.030685,0.051273,0.06871,0.081768,0.096296
250.0,2.1851E-4,6.2591E-4,0.0016161,0.003473,0.0068343,0.012555,0.022342,0.03795,0.051177,0.061243,0.072416
300.0,1.5815E-4,4.5678E-4,0.0011884,0.0025652,0.0050829,0.0093459,0.016766,0.028828,0.039194,0.047012,0.055903
350.0,1.1719E-4,3.4119E-4,8.9279E-4,0.0019357,0.0038309,0.0070765,0.012726,0.02211,0.030225,0.036585,0.043774
400.0,8.8266E-5,2.5919E-4,6.817E-4,0.0014845,0.0029431,0.0054419,0.0098209,0.017231,0.023689,0.028821,0.034674
450.0,6.3755E-5,1.8763E-4,4.9386E-4,0.0010988,0.0022134,0.0041477,0.0075798,0.013473,0.018675,0.022835,0.027607
500.0,4.7069E-5,1.3898E-4,3.6607E-4,8.2853E-4,0.0016893,0.003201,0.0059292,0.010676,0.014872,0.018262,0.022213
600.0,2.5234E-5,7.5631E-5,2.0193E-4,4.6843E-4,9.7942E-4,0.0019036,0.0036017,0.0066155,0.0093445,0.011642,0.014359
700.0,1.4976E-5,4.5191E-5,1.2193E-4,2.8992E-4,6.1501E-4,0.0012163,0.0023465,0.0044194,0.0062818,0.007858,0.009722
800.0,8.9962E-6,2.7779E-5,7.548E-5,1.829E-4,3.9455E-4,7.9395E-4,0.0015609,0.0029888,0.0042883,0.0054921,0.0068138
1000.0,3.5374E-6,1.1193E-5,3.1023E-5,7.8592E-5,1.7622E-4,3.666E-4,7.457E-4,0.001473,0.0021372,0.0027346,0.0034453
1200.0,1.5075E-6,4.913E-6,1.4228E-5,3.6463E-5,8.3399E-5,1.7723E-4,3.6753E-4,7.4928E-4,0.0011091,0.0014271,0.0018204
1500.0,4.1838E-7,1.4179E-6,4.2519E-6,1.1558E-5,2.7528E-5,6.0873E-5,1.3147E-4,2.7894E-4,4.2298E-4,5.5706E-4,7.0633E-4
SA0P3
r\m,4.0,4.5,5.0,5.5,6.0,6.5,7.0,7.5,7.8,8.0,8.2
0.0,0.15096,0.25934,0.39697,0.52249,0.64996,0.78341,0.91578,1.0116,1.0424,1.0505,1.0521
1.0,0.11546,0.21308,0.33871,0.45234,0.5632,0.68293,0.80849,0.91265,0.95079,0.96061,0.96052
5.0,0.030121,0.072849,0.15109,0.26076,0.38502,0.51811,0.65512,0.77839,0.82781,0.84479,0.85204
10.0,0.011538,0.029708,0.067469,0.13322,0.23006,0.35633,0.49795,0.63767,0.70287,0.73363,0.75805
15.0,0.0063289,0.016724,0.039403,0.082013,0.15186,0.25517,0.38412,0.51559,0.58835,0.62824,0.66559
20.0,0.0040649,0.010901,0.026213,0.055799,0.10702,0.18767,0.29632,0.4177,0.49109,0.53451,0.57603
25.0,0.002814,0.0076279,0.018711,0.040447,0.079348,0.14209,0.23257,0.34202,0.4119,0.4555,0.49958
30.0,0.002094,0.0057202,0.014204,0.030928,0.061345,0.11153,0.18793,0.28402,0.34933,0.39156,0.43529
40.0,0.0013256,0.0036703,0.0092498,0.020403,0.040847,0.075572,0.13107,0.20557,0.25858,0.29449,0.33342
50.0,9.3107E-4,0.0026019,0.0066115,0.014691,0.02972,0.055521,0.098789,0.16053,0.20755,0.24135,0.27864
60.0,7.8251E-4,0.002201,0.0056179,0.012482,0.025301,0.047389,0.084699,0.13868,0.18045,0.21081,0.24451
70.0,6.8113E-4,0.0019219,0.0049226,0.01096,0.022199,0.041732,0.074726,0.1232,0.16121,0.1892,0.22045
80.0,6.0572E-4,0.0017198,0.0044294,0.0098653,0.019986,0.037636,0.067583,0.11186,0.14703,0.17306,0.20222
90.0,5.5245E-4,0.0015745,0.0040706,0.0090701,0.018375,0.034658,0.062162,0.1032,0.13595,0.16023,0.18743
100.0,5.0738E-4,0.001451,0.0037636,0.0083884,0.017025,0.032101,0.057563,0.095742,0.12634,0.14908,0.17457
110.0,4.6866E-4,0.0013447,0.0034993,0.0078074,0.015837,0.029903,0.05358,0.088994,0.11761,0.13882,0.16259
120.0,4.3431E-4,0.0012515,0.0032705,0.0072949,0.014815,0.027959,0.049905,0.083054,0.10985,0.12976,0.15208
130.0,4.0331E-4,0.0011659,0.0030561,0.0068112,0.013824,0.026036,0.046469,0.077494,0.10265,0.12133,0.14226
140.0,3.7506E-4,0.0010871,0.0028568,0.0063657,0.012893,0.024275,0.043378,0.072396,0.096038,0.11363,0.13336
150.0,3.4788E-4,0.0010115,0.0026661,0.0059446,0.012036,0.022671,0.040525,0.067571,0.089776,0.1065,0.12519
175.0,2.8983E-4,8.4965E-4,0.0022554,0.0050219,0.010157,0.019128,0.034195,0.057233,0.076535,0.091045,0.10732
200.0,2.4497E-4,7.224E-4,0.0019296,0.0042931,0.0086737,0.016294,0.029215,0.049062,0.065891,0.078558,0.092777
250.0,1.7361E-4,5.1733E-4,0.0013938,0.0031172,0.0063533,0.011977,0.021599,0.036804,0.049654,0.059432,0.070369
300.0,1.2748E-4,3.8306E-4,0.0010401,0.002337,0.0047979,0.0090591,0.016459,0.028354,0.038492,0.046122,0.054814
350.0,9.5863E-5,2.9033E-4,7.9279E-4,0.00179,0.0036742,0.0069697,0.012693,0.022062,0.030078,0.036309,0.043353
400.0,7.3285E-5,2.2379E-4,6.1408E-4,0.0013931,0.0028654,0.0054433,0.0099431,0.017431,0.023878,0.028942,0.034701
450.0,5.3792E-5,1.6452E-4,4.5152E-4,0.0010465,0.0021867,0.0042109,0.0077877,0.013824,0.019065,0.023197,0.027915
500.0,4.0361E-5,1.2376E-4,3.3967E-4,8.0057E-4,0.0016931,0.0032972,0.0061766,0.011098,0.015367,0.018763,0.022693
600.0,2.2644E-5,7.0228E-5,1.9478E-4,4.6977E-4,0.0010168,0.0020279,0.0038745,0.0070879,0.0099334,0.012285,0.015035
700.0,1.3874E-5,4.3254E-5,1.2096E-4,2.9816E-4,6.5424E-4,0.0013265,0.002581,0.0048282,0.0068024,0.0084415,0.01036
800.0,8.6271E-6,2.7381E-5,7.6977E-5,1.9297E-4,4.2997E-4,8.8622E-4,0.0017533,0.0033277,0.0047273,0.0059923,0.0073717
1000.0,3.6114E-6,1.1683E-5,3.3339E-5,8.6873E-5,2.0029E-4,4.2514E-4,8.6727E-4,0.0016928,0.002428,0.0030737,0.0038331
1200.0,1.6365E-6,5.4262E-6,1.6069E-5,4.229E-5,9.9065E-5,2.1381E-4,4.4307E-4,8.8731E-4,0.001295,0.0016476,0.0020793
1500.0,4.9936E-7,1.7109E-6,5.2098E-6,1.439E-5,3.4813E-5,7.7635E-5,1.6637E-4,3.4501E-4,5.1438E-4,6.6816E-4,8.3809E-4
SA0P4
r\m,4.0,4.5,5.0,5.5,6.0,6.5,7.0,7.5,7.8,8.0,8.2
0.0,0.099739,0.17834,0.28716,0.39634,0.51501,0.64479,0.77873,0.88308,0.92424,0.9415,0.95419
1.0,0.076062,0.14666,0.24551,0.344,0.44711,0.56266,0.68756,0.79665,0.84299,0.86084,0.87093
5.0,0.019196,0.049032,0.10793,0.19719,0.30583,0.42825,0.5586,0.68056,0.73476,0.7577,0.77295
10.0,0.0072894,0.019843,0.047845,0.1002,0.18244,0.29517,0.42544,0.558,0.62419,0.65834,0.68791
15.0,0.003991,0.011156,0.027912,0.061625,0.12038,0.2115,0.32846,0.45129,0.52252,0.56387,0.60423
20.0,0.0025636,0.0072769,0.018586,0.041971,0.084935,0.15571,0.25358,0.36587,0.43634,0.47988,0.52306
25.0,0.0017723,0.0050898,0.013279,0.030472,0.063104,0.11804,0.19924,0.2997,0.3661,0.40908,0.45375
30.0,0.0013188,0.0038178,0.010089,0.023325,0.048848,0.092713,0.16112,0.24898,0.31062,0.35177,0.39548
40.0,8.3587E-4,0.0024546,0.006587,0.015427,0.032612,0.062943,0.11253,0.18045,0.23017,0.26481,0.30308
50.0,5.8826E-4,0.0017438,0.0047183,0.011131,0.023751,0.046311,0.08486,0.14097,0.18478,0.21706,0.25337
60.0,4.9481E-4,0.0014767,0.0040133,0.0094641,0.020224,0.039517,0.072753,0.1218,0.1607,0.18965,0.22242
70.0,4.307E-4,0.0012899,0.0035182,0.0083141,0.017755,0.034794,0.064188,0.10827,0.14367,0.17034,0.20069
80.0,3.8365E-4,0.0011566,0.0031729,0.0075002,0.016021,0.031434,0.058148,0.098453,0.13122,0.15602,0.1843
90.0,3.5103E-4,0.0010625,0.0029258,0.0069196,0.01478,0.029041,0.053637,0.09104,0.12156,0.14467,0.17104
100.0,3.2342E-4,9.8244E-4,0.0027146,0.0064225,0.013742,0.026987,0.049814,0.084655,0.11318,0.13481,0.15951
110.0,2.9977E-4,9.1374E-4,0.0025332,0.0059998,0.012831,0.02524,0.046538,0.078903,0.10558,0.12577,0.14879
120.0,2.788E-4,8.535E-4,0.0023759,0.0056267,0.012052,0.023694,0.043492,0.073842,0.098838,0.11778,0.13939
130.0,2.5983E-4,7.9808E-4,0.0022287,0.0052749,0.011293,0.022148,0.040639,0.0691,0.092585,0.11035,0.13061
140.0,2.4244E-4,7.4684E-4,0.0020914,0.0049494,0.010572,0.020728,0.038073,0.064741,0.086827,0.10356,0.12264
150.0,2.2559E-4,6.9722E-4,0.0019587,0.0046384,0.0099047,0.019434,0.035702,0.060598,0.081366,0.09725,0.11531
175.0,1.8956E-4,5.9083E-4,0.0016726,0.0039564,0.0084456,0.016567,0.030413,0.051719,0.069791,0.083576,0.099285
200.0,1.6158E-4,5.0677E-4,0.0014446,0.0034161,0.0072839,0.014258,0.026238,0.044696,0.06048,0.072512,0.086225
250.0,1.1658E-4,3.6973E-4,0.0010637,0.0025297,0.0054443,0.010704,0.019791,0.034118,0.046269,0.055573,0.066125
300.0,8.722E-5,2.7898E-4,8.0898E-4,0.0019339,0.0041953,0.0082689,0.015392,0.026778,0.036443,0.043742,0.052115
350.0,6.6851E-5,2.155E-4,6.2855E-4,0.0015108,0.0032818,0.0064999,0.012127,0.021242,0.028982,0.034967,0.041767
400.0,5.211E-5,1.6931E-4,4.9616E-4,0.0011991,0.0026115,0.0051844,0.0096972,0.017101,0.023411,0.028315,0.0339
450.0,3.9065E-5,1.2704E-4,3.7207E-4,9.1867E-4,0.002033,0.0040936,0.0077518,0.013831,0.019023,0.023056,0.027656
500.0,2.9945E-5,9.7538E-5,2.855E-4,7.167E-4,0.0016054,0.0032708,0.0062696,0.011312,0.015593,0.018945,0.022803
600.0,1.7864E-5,5.8588E-5,1.7266E-4,4.4287E-4,0.0010135,0.0021124,0.0041239,0.0075553,0.010512,0.012899,0.015656
700.0,1.1427E-5,3.7603E-5,1.1143E-4,2.9115E-4,6.7514E-4,0.0014298,0.0028395,0.0052995,0.0074012,0.0091026,0.011073
800.0,7.4488E-6,2.4786E-5,7.3695E-5,1.9534E-4,4.5947E-4,9.8887E-4,0.0019915,0.0037604,0.0052862,0.0066091,0.008053
1000.0,3.4008E-6,1.1454E-5,3.437E-5,9.3961E-5,2.2747E-4,5.0206E-4,0.0010383,0.0020071,0.0028415,0.0035484,0.004369
1200.0,1.6801E-6,5.7625E-6,1.7768E-5,4.9044E-5,1.2013E-4,2.6818E-4,5.6096E-4,0.0011036,0.0015827,0.0019838,0.0024679
1500.0,5.871E-7,2.0628E-6,6.4902E-6,1.8551E-5,4.6452E-5,1.0622E-4,2.2757E-4,4.594E-4,6.6982E-4,8.5331E-4,0.0010556
SA0P5
r\m,4.0,4.5,5.0,5.5,6.0,6.5,7.0,7.5,7.8,8.0,8.2
0.0,0.07008,0.12964,0.21726,0.31132,0.41877,0.54066,0.67096,0.77885,0.82663,0.85021,0.87065
1.0,0.053351,0.10666,0.18597,0.2706,0.36395,0.47206,0.59242,0.70259,0.75395,0.77734,0.79459
5.0,0.013199,0.035191,0.081057,0.1546,0.24904,0.35999,0.48206,0.60079,0.65761,0.68458,0.70543
10.0,0.0049855,0.014176,0.035774,0.07831,0.14842,0.24845,0.3676,0.49287,0.55884,0.59502,0.62798
15.0,0.0027264,0.0079637,0.020857,0.048137,0.097912,0.1781,0.28396,0.39869,0.46787,0.50972,0.55174
20.0,0.0017513,0.0051966,0.013896,0.032805,0.069134,0.1312,0.21934,0.32338,0.39082,0.4339,0.47774
25.0,0.0012097,0.0036338,0.009933,0.02384,0.051427,0.099531,0.17244,0.26497,0.32799,0.36998,0.41452
30.0,9.0013E-4,0.002726,0.0075506,0.018259,0.03984,0.07821,0.13952,0.2202,0.27837,0.31824,0.36137
40.0,5.709E-4,0.0017548,0.0049373,0.012096,0.026641,0.053159,0.097528,0.15973,0.20643,0.23973,0.27706
50.0,4.0226E-4,0.0012483,0.0035412,0.0087384,0.019413,0.03915,0.073579,0.12482,0.16576,0.19654,0.2317
60.0,3.3853E-4,0.0010577,0.0030141,0.0074331,0.016534,0.033403,0.063086,0.10788,0.1442,0.17178,0.20347
70.0,2.9467E-4,9.2414E-4,0.0026431,0.006532,0.014522,0.02941,0.055665,0.09593,0.12899,0.15438,0.1837
80.0,2.6274E-4,8.2968E-4,0.0023869,0.0059006,0.013122,0.026599,0.050481,0.087322,0.11793,0.14152,0.16882
90.0,2.4087E-4,7.637E-4,0.0022055,0.0054554,0.01213,0.024623,0.046645,0.080863,0.10937,0.13135,0.15681
100.0,2.2234E-4,7.0762E-4,0.0020507,0.0050745,0.011303,0.022928,0.0434,0.0753,0.10195,0.12253,0.14638
110.0,2.0652E-4,6.5957E-4,0.0019178,0.0047512,0.010578,0.021497,0.040637,0.070303,0.095242,0.11445,0.13667
120.0,1.9248E-4,6.1743E-4,0.0018026,0.0044657,0.0099604,0.02023,0.038055,0.065907,0.089284,0.10731,0.12817
130.0,1.7978E-4,5.7864E-4,0.0016949,0.0041968,0.0093562,0.018954,0.035636,0.061786,0.08376,0.10067,0.12023
140.0,1.6809E-4,5.4266E-4,0.0015942,0.0039473,0.0087793,0.01778,0.033461,0.057992,0.078669,0.0946,0.11301
150.0,1.5671E-4,5.0764E-4,0.0014963,0.0037073,0.0082435,0.01671,0.031449,0.054376,0.073835,0.088942,0.10638
175.0,1.3237E-4,4.3249E-4,0.0012851,0.003181,0.0070739,0.014336,0.026948,0.046629,0.063575,0.076695,0.091853
200.0,1.1341E-4,3.7294E-4,0.0011163,0.0027634,0.0061383,0.012416,0.02339,0.040501,0.055321,0.066775,0.080007
250.0,8.2721E-5,2.7521E-4,8.3176E-4,0.0020714,0.0046461,0.0094444,0.017865,0.031255,0.042725,0.051597,0.061791
300.0,6.2601E-5,2.1008E-4,6.4006E-4,0.0016029,0.0036257,0.0073938,0.014075,0.02482,0.033992,0.04098,0.049068
350.0,4.8547E-5,1.6419E-4,5.0323E-4,0.0012678,0.0028745,0.0058919,0.011241,0.019934,0.027338,0.033081,0.03966
400.0,3.8299E-5,1.3053E-4,4.0196E-4,0.0010187,0.002317,0.0047635,0.0091097,0.016244,0.022332,0.027063,0.032483
450.0,2.9089E-5,9.919E-5,3.0518E-4,7.9026E-4,0.0018268,0.0038116,0.0073803,0.013309,0.018357,0.022266,0.026743
500.0,2.2596E-5,7.714E-5,2.3711E-4,6.2426E-4,0.0014611,0.003086,0.0060471,0.01102,0.015217,0.018487,0.022259
600.0,1.4011E-5,4.8038E-5,1.4836E-4,3.9889E-4,9.5326E-4,0.0020598,0.0041087,0.0075913,0.01056,0.01293,0.01566
700.0,9.2099E-6,3.1651E-5,9.8153E-5,2.6834E-4,6.4985E-4,0.0014269,0.0028948,0.0054355,0.0075813,0.0092971,0.011279
800.0,6.1875E-6,2.1412E-5,6.6559E-5,1.8437E-4,4.528E-4,0.0010108,0.0020768,0.0039385,0.0055225,0.0068573,0.0083297
1000.0,2.988E-6,1.0423E-5,3.2595E-5,9.2678E-5,2.3362E-4,5.3385E-4,0.0011238,0.0021758,0.0030673,0.0038059,0.0046602
1200.0,1.5619E-6,5.5271E-6,1.7649E-5,5.0709E-5,1.291E-4,2.9763E-4,6.3236E-4,0.0012396,0.0017645,0.0021955,0.0027117
1500.0,5.9719E-7,2.1533E-6,6.9893E-6,2.0638E-5,5.3413E-5,1.2557E-4,2.7166E-4,5.4277E-4,7.8261E-4,9.8616E-4,0.0012124
SA0P75
r\m,4.0,4.5,5.0,5.5,6.0,6.5,7.0,7.5,7.8,8.0,8.2
0.0,0.033796,0.066831,0.12052,0.18507,0.26551,0.36362,0.47649,0.5817,0.6368,0.66918,0.70108
1.0,0.02567,0.05502,0.10332,0.16117,0.23108,0.3177,0.42074,0.52474,0.58084,0.61183,0.63976
5.0,0.0061897,0.017848,0.044547,0.091701,0.1582,0.2429,0.34308,0.44931,0.50711,0.53926,0.5683
10.0,0.002322,0.0071475,0.019552,0.046264,0.094188,0.16795,0.26206,0.36892,0.43122,0.46901,0.50618
15.0,0.0012679,0.0040113,0.01139,0.028421,0.062124,0.12047,0.2026,0.29856,0.36114,0.40194,0.44498
20.0,8.1441E-4,0.0026188,0.0075948,0.019385,0.043908,0.088832,0.15662,0.24234,0.30185,0.34233,0.38549
25.0,5.6193E-4,0.0018307,0.0054327,0.014106,0.032716,0.067456,0.12325,0.19867,0.25345,0.29204,0.33463
30.0,4.1814E-4,0.0013737,0.0041325,0.010813,0.025372,0.053041,0.099791,0.16519,0.21523,0.25133,0.29187
40.0,2.6546E-4,8.8569E-4,0.0027078,0.007178,0.017004,0.036113,0.069855,0.12,0.15981,0.18956,0.224
50.0,1.8734E-4,6.3115E-4,0.0019457,0.0051951,0.012403,0.026635,0.052746,0.093846,0.12841,0.15551,0.18748
60.0,1.5778E-4,5.3534E-4,0.0016577,0.0044225,0.010568,0.022728,0.045241,0.081159,0.11179,0.13603,0.16478
70.0,1.3736E-4,4.6794E-4,0.0014545,0.0038887,0.0092895,0.020015,0.039936,0.072236,0.10011,0.12239,0.14894
80.0,1.2264E-4,4.2083E-4,0.0013161,0.0035196,0.0084104,0.018133,0.036276,0.06586,0.091666,0.11236,0.13707
90.0,1.1272E-4,3.8843E-4,0.0012194,0.0032634,0.0077968,0.016832,0.033605,0.061117,0.085166,0.10446,0.1275
100.0,1.0432E-4,3.609E-4,0.0011371,0.0030446,0.0072865,0.015718,0.031347,0.057037,0.079537,0.097606,0.1192
110.0,9.7167E-5,3.3738E-4,0.0010666,0.0028594,0.006841,0.014787,0.029445,0.053383,0.074462,0.091338,0.11148
120.0,9.0827E-5,3.1675E-4,0.0010054,0.0026959,0.0064636,0.013962,0.027654,0.050169,0.069953,0.085804,0.10473
130.0,8.5077E-5,2.9775E-4,9.4831E-4,0.002542,0.0060926,0.013124,0.025975,0.047156,0.065771,0.080657,0.098407
140.0,7.9763E-5,2.8006E-4,8.9481E-4,0.0023987,0.005735,0.012351,0.024466,0.044375,0.061912,0.075945,0.092667
150.0,7.4558E-5,2.6271E-4,8.4238E-4,0.0022596,0.0054017,0.011647,0.023068,0.041715,0.058241,0.071539,0.087374
175.0,6.3419E-5,2.2544E-4,7.2907E-4,0.0019546,0.0046759,0.010081,0.019931,0.036016,0.050437,0.062009,0.075793
200.0,5.471E-5,1.9582E-4,6.3835E-4,0.0017123,0.0040919,0.0088079,0.017446,0.03151,0.044158,0.054279,0.06633
250.0,4.0499E-5,1.4675E-4,4.8336E-4,0.001305,0.0031515,0.0068235,0.013563,0.024699,0.034578,0.042457,0.051789
300.0,3.1126E-5,1.138E-4,3.7799E-4,0.001027,0.0025029,0.0054427,0.010883,0.019947,0.027917,0.034174,0.041602
350.0,2.4524E-5,9.0372E-5,3.0206E-4,8.2625E-4,0.0020218,0.0044214,0.0088619,0.016308,0.022822,0.02799,0.03406
400.0,1.9663E-5,7.3017E-5,2.4523E-4,6.754E-4,0.0016593,0.003644,0.0073209,0.013527,0.018954,0.023247,0.02828
450.0,1.5202E-5,5.6454E-5,1.8939E-4,5.3317E-4,0.0013321,0.0029719,0.0060472,0.011294,0.015848,0.019426,0.023609
500.0,1.2024E-5,4.4682E-5,1.4972E-4,4.286E-4,0.0010849,0.0024526,0.0050501,0.009525,0.013359,0.016384,0.019934
600.0,7.8594E-6,2.9238E-5,9.8218E-5,2.8709E-4,7.4197E-4,0.0017175,0.0036007,0.0068731,0.0096855,0.011936,0.014555
700.0,5.3633E-6,1.998E-5,6.7289E-5,1.9962E-4,5.2319E-4,0.0012318,0.0026274,0.0050822,0.007171,0.0088409,0.010793
800.0,3.7569E-6,1.4018E-5,4.7279E-5,1.4194E-4,3.7744E-4,9.0485E-4,0.0019522,0.0038065,0.0053905,0.0066867,0.008169
1000.0,1.9623E-6,7.3444E-6,2.4834E-5,7.6079E-5,2.071E-4,5.0758E-4,0.0011199,0.002222,0.0031568,0.0039179,0.0048077
1200.0,1.1109E-6,4.1977E-6,1.4373E-5,4.4613E-5,1.2252E-4,3.0238E-4,6.722E-4,0.001342,0.0019161,0.0023813,0.0029394
1500.0,4.8293E-7,1.847E-6,6.4066E-6,2.0259E-5,5.6225E-5,1.4091E-4,3.1689E-4,6.3842E-4,9.1854E-4,0.0011498,0.0014157
SA1P0
r\m,4.0,4.5,5.0,5.5,6.0,6.5,7.0,7.5,7.8,8.0,8.2
0.0,0.018734,0.038953,0.074038,0.11952,0.1798,0.25756,0.35251,0.44922,0.50523,0.54101,0.57817
1.0,0.014215,0.032079,0.063517,0.10417,0.15659,0.22511,0.31128,0.40523,0.46085,0.49466,0.5276
5.0,0.0033869,0.010325,0.02725,0.059166,0.10724,0.17233,0.25409,0.34724,0.40258,0.43621,0.46886
10.0,0.0012666,0.0041239,0.011931,0.029798,0.063823,0.11928,0.19427,0.28527,0.3425,0.37957,0.41779
15.0,6.9113E-4,0.0023135,0.0069485,0.018302,0.042097,0.085591,0.15027,0.23094,0.28693,0.32541,0.36744
20.0,4.4394E-4,0.0015108,0.004635,0.012489,0.02977,0.063147,0.11623,0.18755,0.23992,0.27726,0.31845
25.0,3.0617E-4,0.0010561,0.0033168,0.0090938,0.022201,0.047981,0.091516,0.15382,0.20154,0.23663,0.27655
30.0,2.2783E-4,7.9255E-4,0.0025241,0.0069745,0.017228,0.037743,0.074131,0.12795,0.17122,0.20374,0.24132
40.0,1.4472E-4,5.1147E-4,0.0016558,0.0046353,0.01156,0.025724,0.051941,0.093038,0.12725,0.1538,0.18535
50.0,1.0222E-4,3.6482E-4,0.0011909,0.0033582,0.0084375,0.01899,0.039245,0.07281,0.10232,0.12626,0.15525
60.0,8.6137E-5,3.0963E-4,0.0010153,0.0028604,0.0071928,0.01621,0.033677,0.063006,0.089139,0.11053,0.13656
70.0,7.4999E-5,2.7074E-4,8.912E-4,0.0025164,0.0063261,0.01428,0.029743,0.056121,0.079889,0.099532,0.12355
80.0,6.7015E-5,2.4371E-4,8.0725E-4,0.00228,0.0057339,0.01295,0.027045,0.051221,0.073229,0.091468,0.11382
90.0,6.1677E-5,2.2527E-4,7.4907E-4,0.0021173,0.0053237,0.012039,0.025089,0.047594,0.068117,0.085132,0.10599
100.0,5.7154E-5,2.096E-4,6.9952E-4,0.0019784,0.0049832,0.01126,0.023438,0.044475,0.063691,0.079636,0.099188
110.0,5.3312E-5,1.9624E-4,6.572E-4,0.001861,0.0046864,0.010612,0.022054,0.041685,0.059704,0.074613,0.092872
120.0,4.9907E-5,1.8452E-4,6.2044E-4,0.0017575,0.0044359,0.010039,0.020746,0.039234,0.056163,0.070178,0.087344
130.0,4.6817E-5,1.7372E-4,5.8615E-4,0.0016601,0.0041889,0.0094524,0.019519,0.036933,0.052878,0.066053,0.082171
140.0,4.3954E-5,1.6365E-4,5.5399E-4,0.0015692,0.0039497,0.0089112,0.018417,0.034808,0.049843,0.062273,0.077469
150.0,4.1141E-5,1.5372E-4,5.2234E-4,0.0014805,0.0037263,0.0084183,0.017396,0.03277,0.046953,0.058733,0.07313
175.0,3.512E-5,1.3241E-4,4.5391E-4,0.0012861,0.0032405,0.007321,0.015098,0.028405,0.040804,0.051075,0.06363
200.0,3.0405E-5,1.1544E-4,3.9906E-4,0.0011316,0.0028486,0.0064269,0.013278,0.024954,0.035855,0.044858,0.055858
250.0,2.2677E-5,8.7209E-5,3.0471E-4,8.701E-4,0.0022143,0.0050281,0.010422,0.019734,0.028304,0.035349,0.043913
300.0,1.7567E-5,6.8178E-5,2.4029E-4,6.9078E-4,0.0017751,0.004051,0.0084468,0.016088,0.023047,0.02868,0.03553
350.0,1.3953E-5,5.459E-5,1.9366E-4,5.6079E-4,0.0014482,0.0033251,0.0069516,0.013284,0.019017,0.023691,0.029316
400.0,1.128E-5,4.4476E-5,1.5857E-4,4.6258E-4,0.0012001,0.0027691,0.0058037,0.01113,0.015945,0.019853,0.024542
450.0,8.7996E-6,3.4694E-5,1.2356E-4,3.6855E-4,9.7275E-4,0.0022818,0.0048456,0.009392,0.013463,0.01674,0.020662
500.0,7.024E-6,2.7709E-5,9.8563E-5,2.9904E-4,8.0002E-4,0.0019029,0.0040898,0.0080037,0.01146,0.014251,0.017596
600.0,4.7145E-6,1.8594E-5,6.6256E-5,2.0531E-4,5.6105E-4,0.0013677,0.0029945,0.005928,0.0085181,0.010629,0.01313
700.0,3.2795E-6,1.2949E-5,4.6238E-5,1.4532E-4,4.0306E-4,0.0010003,0.0022295,0.0044677,0.0064246,0.0080155,0.009911
800.0,2.3468E-6,9.2596E-6,3.3106E-5,1.0527E-4,2.9641E-4,7.4996E-4,0.0016907,0.0034129,0.0049222,0.0061581,0.0076191
1000.0,1.2765E-6,5.042E-6,1.8053E-5,5.8439E-5,1.6835E-4,4.3558E-4,0.001004,0.0020604,0.0029789,0.0037324,0.0046306
1200.0,7.5325E-7,2.998E-6,1.083E-5,3.5593E-5,1.0348E-4,2.696E-4,6.2618E-4,0.0012899,0.0018701,0.0023449,0.0029222
1500.0,3.5014E-7,1.4068E-6,5.1444E-6,1.717E-5,5.0358E-5,1.3314E-4,3.1217E-4,6.4594E-4,9.4146E-4,0.0011858,0.0014765
SA1P5
r\m,4.0,4.5,5.0,5.5,6.0,6.5,7.0,7.5,7.8,8.0,8.2
0.0,0.0074428,0.016665,0.03416,0.059305,0.095733,0.14691,0.21545,0.29469,0.34667,0.38305,0.42301
1.0,0.0056423,0.013728,0.029325,0.051734,0.083422,0.12845,0.19026,0.26585,0.31625,0.35026,0.38603
5.0,0.0013297,0.0043877,0.012526,0.029337,0.05716,0.098465,0.15549,0.228,0.27647,0.30909,0.34326
10.0,4.9587E-4,0.0017484,0.0054725,0.014754,0.034012,0.068225,0.11901,0.18745,0.23537,0.26914,0.30607
15.0,2.7044E-4,9.8056E-4,0.0031867,0.0090616,0.022439,0.048986,0.09212,0.15184,0.19729,0.23088,0.26938
20.0,1.7373E-4,6.4059E-4,0.0021268,0.0061874,0.015879,0.036166,0.071297,0.1234,0.16508,0.19685,0.23361
25.0,1.1978E-4,4.4779E-4,0.0015227,0.0045086,0.011853,0.0275,0.05618,0.10126,0.13875,0.16811,0.20301
30.0,8.9145E-5,3.3615E-4,0.0011593,0.0034599,0.0092044,0.021644,0.045537,0.08429,0.11796,0.14483,0.17727
40.0,5.6666E-5,2.1716E-4,7.6149E-4,0.0023027,0.0061853,0.014771,0.031947,0.061374,0.087789,0.10949,0.13633
50.0,4.0064E-5,1.5507E-4,5.4835E-4,0.0016703,0.0045189,0.010918,0.024163,0.048083,0.070669,0.089989,0.11434
60.0,3.3782E-5,1.3171E-4,4.6789E-4,0.0014239,0.0038551,0.0093258,0.020753,0.041653,0.061635,0.07887,0.10071
70.0,2.9425E-5,1.1524E-4,4.1097E-4,0.0012535,0.0033936,0.0082212,0.018345,0.037144,0.05531,0.071119,0.091234
80.0,2.6316E-5,1.0384E-4,3.7272E-4,0.0011373,0.0030801,0.0074652,0.016704,0.03395,0.050774,0.065453,0.084171
90.0,2.4254E-5,9.6133E-5,3.4641E-4,0.0010579,0.0028648,0.0069529,0.015523,0.031599,0.047305,0.061013,0.078499
100.0,2.2507E-5,8.9585E-5,3.2403E-4,9.9023E-4,0.0026864,0.0065149,0.014527,0.029577,0.044302,0.057164,0.073577
110.0,2.1026E-5,8.401E-5,3.0494E-4,9.3315E-4,0.0025312,0.0061523,0.013697,0.027772,0.0416,0.053646,0.069002
120.0,1.9714E-5,7.912E-5,2.8836E-4,8.828E-4,0.0024007,0.0058318,0.01291,0.026186,0.039199,0.050541,0.064999
130.0,1.8522E-5,7.4614E-5,2.7291E-4,8.3546E-4,0.0022715,0.0055021,0.01217,0.024697,0.036971,0.047651,0.061249
140.0,1.7415E-5,7.0401E-5,2.5839E-4,7.9121E-4,0.0021459,0.0051974,0.011506,0.023319,0.034911,0.045,0.057839
150.0,1.6324E-5,6.6234E-5,2.4404E-4,7.478E-4,0.0020283,0.0049199,0.01089,0.021994,0.032945,0.042512,0.054687
175.0,1.3988E-5,5.7282E-5,2.13E-4,6.5264E-4,0.0017729,0.0043014,0.0095011,0.019156,0.028758,0.037129,0.047782
200.0,1.2156E-5,5.0143E-5,1.8809E-4,5.7701E-4,0.0015662,0.0037961,0.0084003,0.016913,0.025387,0.032753,0.042122
250.0,9.1385E-6,3.8202E-5,1.4492E-4,4.4792E-4,0.00123,0.0030026,0.0066667,0.013516,0.020241,0.026054,0.033414
300.0,7.1378E-6,3.0124E-5,1.1533E-4,3.5906E-4,9.9625E-4,0.0024463,0.0054649,0.011141,0.016653,0.02135,0.027288
350.0,5.7176E-6,2.4332E-5,9.3803E-5,2.9437E-4,8.2165E-4,0.0020312,0.0045515,0.0093066,0.013895,0.017821,0.02274
400.0,4.6625E-6,2.0E-5,7.7516E-5,2.4523E-4,6.8817E-4,0.0017111,0.0038456,0.0078884,0.011782,0.015096,0.019234
450.0,3.6712E-6,1.5749E-5,6.0982E-5,1.9735E-4,5.6378E-4,0.0014264,0.0032498,0.0067386,0.010064,0.01287,0.016362
500.0,2.9584E-6,1.2699E-5,4.9118E-5,1.6175E-4,4.6869E-4,0.0012034,0.0027761,0.0058124,0.0086667,0.011079,0.014084
600.0,2.0393E-6,8.7438E-6,3.3867E-5,1.1398E-4,3.3766E-4,8.8988E-4,0.0020934,0.0044335,0.0066279,0.0084916,0.010784
700.0,1.447E-6,6.2118E-6,2.4108E-5,8.2283E-5,2.4767E-4,6.6539E-4,0.0015953,0.003418,0.0051126,0.0065475,0.0083215
800.0,1.0584E-6,4.5317E-6,1.7613E-5,6.0833E-5,1.8609E-4,5.1057E-4,0.0012386,0.0026731,0.0040082,0.0051307,0.0065255
1000.0,6.0036E-7,2.5701E-6,1.0E-5,3.5106E-5,1.0991E-4,3.0877E-4,7.665E-4,0.0016815,0.002527,0.003244,0.0041315
1200.0,3.6983E-7,1.5933E-6,6.2363E-6,2.2292E-5,7.0515E-5,1.9969E-4,5.0005E-4,0.0010997,0.0016544,0.0021248,0.0027149
1500.0,1.8425E-7,7.9996E-7,3.1713E-6,1.1491E-5,3.6659E-5,1.0543E-4,2.6637E-4,5.8642E-4,8.8542E-4,0.0011396,0.0014581
SA2P0
r\m,4.0,4.5,5.0,5.5,6.0,6.5,7.0,7.5,7.8,8.0,8.2
0.0,0.0036645,0.0086679,0.018776,0.034401,0.058561,0.094772,0.14674,0.21242,0.25905,0.29348,0.33262
1.0,0.0027769,0.0071416,0.016124,0.030021,0.051046,0.082875,0.1296,0.19164,0.23633,0.26838,0.30356
5.0,6.5124E-4,0.0022754,0.0068739,0.017014,0.034987,0.063575,0.10598,0.16445,0.20671,0.23694,0.27004
10.0,2.4257E-4,9.0583E-4,0.0030007,0.0085521,0.020819,0.044079,0.081168,0.13527,0.17606,0.20643,0.24091
15.0,1.3227E-4,5.0801E-4,0.0017474,0.0052531,0.013738,0.031662,0.062858,0.10962,0.14765,0.17716,0.21214
20.0,8.4983E-5,3.3197E-4,0.0011666,0.0035882,0.0097263,0.023386,0.048673,0.089131,0.1236,0.15112,0.18407
25.0,5.8586E-5,2.3208E-4,8.355E-4,0.0026159,0.0072645,0.017791,0.038372,0.073177,0.10394,0.12912,0.16003
30.0,4.3609E-5,1.7425E-4,6.3633E-4,0.0020082,0.0056436,0.014008,0.031117,0.060939,0.088403,0.1113,0.13981
40.0,2.7733E-5,1.1264E-4,4.1829E-4,0.0013376,0.003796,0.0095685,0.02185,0.044415,0.06586,0.084225,0.10763
50.0,1.962E-5,8.0492E-5,3.0144E-4,9.7107E-4,0.0027752,0.0070783,0.016539,0.034827,0.053063,0.069288,0.090361
60.0,1.6551E-5,6.8406E-5,2.5736E-4,8.283E-4,0.002369,0.0060498,0.014215,0.030194,0.046322,0.060784,0.079663
70.0,1.4421E-5,5.9874E-5,2.2617E-4,7.2962E-4,0.0020867,0.0053365,0.012575,0.02695,0.041608,0.054865,0.072245
80.0,1.2905E-5,5.3991E-5,2.0527E-4,6.6248E-4,0.0018957,0.00485,0.011461,0.024657,0.038236,0.050548,0.066724
90.0,1.1903E-5,5.0026E-5,1.9096E-4,6.1687E-4,0.001765,0.0045222,0.010662,0.022975,0.035662,0.047171,0.062296
100.0,1.1055E-5,4.666E-5,1.7879E-4,5.78E-4,0.0016569,0.004242,0.0099899,0.021529,0.033435,0.044243,0.058454
110.0,1.0336E-5,4.3796E-5,1.6842E-4,5.4525E-4,0.0015629,0.0040108,0.0094304,0.020239,0.031432,0.041567,0.05488
120.0,9.6993E-6,4.1285E-5,1.5942E-4,5.1636E-4,0.001484,0.0038065,0.0088989,0.019106,0.029652,0.039206,0.051755
130.0,9.1208E-6,3.897E-5,1.5102E-4,4.8921E-4,0.0014058,0.0035955,0.0083991,0.01804,0.027999,0.037007,0.048825
140.0,8.5828E-6,3.6803E-5,1.4314E-4,4.638E-4,0.0013295,0.0034004,0.0079506,0.017054,0.02647,0.034988,0.04616
150.0,8.0516E-6,3.4655E-5,1.3532E-4,4.388E-4,0.0012581,0.0032228,0.0075344,0.016104,0.025009,0.033092,0.043694
175.0,6.914E-6,3.0039E-5,1.184E-4,3.84E-4,0.0011029,0.0028264,0.0065944,0.014069,0.021896,0.028986,0.038287
200.0,6.0209E-6,2.6356E-5,1.0482E-4,3.4043E-4,9.7718E-4,0.0025022,0.0058491,0.012461,0.019387,0.025645,0.03385
250.0,4.5463E-6,2.0175E-5,8.1178E-5,2.6572E-4,7.7195E-4,0.0019919,0.0046727,0.010023,0.015556,0.020527,0.027016
300.0,3.5672E-6,1.5986E-5,6.493E-5,2.1419E-4,6.2901E-4,0.0016335,0.0038563,0.0083182,0.012883,0.016929,0.0222
350.0,2.8707E-6,1.2975E-5,5.3087E-5,1.7658E-4,5.2201E-4,0.0013653,0.0032344,0.0069973,0.010823,0.014225,0.01862
400.0,2.3519E-6,1.0718E-5,4.4098E-5,1.4794E-4,4.3989E-4,0.0011579,0.0027521,0.005973,0.009242,0.012132,0.015854
450.0,1.8612E-6,8.4832E-6,3.4878E-5,1.1974E-4,3.626E-4,9.7175E-4,0.0023423,0.0051399,0.0079508,0.010416,0.013578
500.0,1.5075E-6,6.8759E-6,2.8245E-5,9.8705E-5,3.0331E-4,8.2539E-4,0.0020151,0.0044658,0.0068956,0.0090294,0.011768
600.0,1.0535E-6,4.799E-6,1.9742E-5,7.055E-5,2.218E-4,6.2011E-4,0.0015451,0.0034649,0.0053628,0.0070343,0.0091534
700.0,7.5547E-7,3.4465E-6,1.421E-5,5.1505E-5,1.6466E-4,4.6975E-4,0.0011939,0.0027087,0.004195,0.0055,0.0071631
800.0,5.5904E-7,2.542E-6,1.0499E-5,3.8522E-5,1.2526E-4,3.6535E-4,9.4007E-4,0.0021488,0.003336,0.0043654,0.0056903
1000.0,3.2424E-7,1.474E-6,6.0966E-6,2.2731E-5,7.57E-5,2.2635E-4,5.9661E-4,0.001387,0.0021587,0.0028355,0.0036995
1200.0,2.0434E-7,9.3467E-7,3.8853E-6,1.4778E-5,4.9785E-5,1.5023E-4,3.9988E-4,9.3198E-4,0.0014513,0.0019073,0.0024956
1500.0,1.0558E-7,4.8661E-7,2.0508E-6,7.9068E-6,2.6883E-5,8.2498E-5,2.217E-4,5.1681E-4,8.0747E-4,0.0010626,0.0013943
SA3P0
r\m,4.0,4.5,5.0,5.5,6.0,6.5,7.0,7.5,7.8,8.0,8.2
0.0,0.0012788,0.0032779,0.0076947,0.015261,0.028117,0.049303,0.082932,0.13093,0.16867,0.19846,0.23388
1.0,9.6872E-4,0.0027012,0.0066099,0.013323,0.024517,0.043123,0.073249,0.11814,0.1539,0.18151,0.21347
5.0,2.2621E-4,8.5832E-4,0.0028134,0.0075475,0.016811,0.033107,0.059945,0.10144,0.13469,0.16035,0.19002
10.0,8.4174E-5,3.4144E-4,0.0012274,0.0037926,0.010006,0.022972,0.045948,0.083504,0.11481,0.1398,0.16965
15.0,4.5898E-5,1.9151E-4,7.1487E-4,0.0023302,0.0066054,0.016511,0.035607,0.067714,0.096341,0.12007,0.14949
20.0,2.9496E-5,1.2519E-4,4.7747E-4,0.0015925,0.0046791,0.012203,0.027589,0.055095,0.080706,0.10249,0.12981
25.0,2.0335E-5,8.7537E-5,3.4211E-4,0.0011616,0.0034972,0.0092888,0.021765,0.045263,0.067915,0.087635,0.11294
30.0,1.514E-5,6.5748E-5,2.6067E-4,8.9221E-4,0.0027185,0.0073181,0.017661,0.037718,0.057805,0.075593,0.098741
40.0,9.6348E-6,4.2538E-5,1.7153E-4,5.9495E-4,0.0018307,0.0050047,0.012417,0.027529,0.043125,0.057287,0.076129
50.0,6.8213E-6,3.0423E-5,1.2373E-4,4.3236E-4,0.0013397,0.0037066,0.0094102,0.021613,0.034792,0.047192,0.064004
60.0,5.7581E-6,2.5874E-5,1.0572E-4,3.6911E-4,0.0011447,0.003171,0.0080968,0.018762,0.030413,0.041457,0.056507
70.0,5.0196E-6,2.2662E-5,9.2978E-5,3.2541E-4,0.0010092,0.0027998,0.0071701,0.016767,0.027356,0.037474,0.051323
80.0,4.4951E-6,2.0453E-5,8.4471E-5,2.9578E-4,9.1791E-4,0.0025476,0.0065435,0.015362,0.025175,0.034577,0.047472
90.0,4.1502E-6,1.8971E-5,7.8671E-5,2.7576E-4,8.5575E-4,0.0023788,0.0060965,0.014336,0.023516,0.032316,0.04439
100.0,3.858E-6,1.7713E-5,7.3743E-5,2.5871E-4,8.044E-4,0.0022345,0.0057204,0.013454,0.022081,0.030356,0.041717
110.0,3.6107E-6,1.6644E-5,6.9547E-5,2.4436E-4,7.5981E-4,0.0021159,0.0054084,0.012667,0.02079,0.028565,0.039228
120.0,3.3917E-6,1.5706E-5,6.5905E-5,2.317E-4,7.2249E-4,0.0020111,0.0051113,0.011976,0.019644,0.026984,0.037053
130.0,3.1926E-6,1.4842E-5,6.2509E-5,2.1981E-4,6.854E-4,0.0019025,0.0048317,0.011326,0.018578,0.025511,0.03501
140.0,3.0072E-6,1.4032E-5,5.9316E-5,2.0866E-4,6.4909E-4,0.0018019,0.0045808,0.010724,0.017591,0.024157,0.033151
150.0,2.8238E-6,1.3227E-5,5.614E-5,1.9766E-4,6.1503E-4,0.0017103,0.0043479,0.010142,0.016646,0.022884,0.03143
175.0,2.4308E-6,1.1496E-5,4.9268E-5,1.7354E-4,5.4111E-4,0.0015058,0.0038205,0.0088961,0.014631,0.020124,0.02765
200.0,2.122E-6,1.0113E-5,4.3748E-5,1.5435E-4,4.8112E-4,0.0013381,0.0034024,0.0079109,0.013007,0.017876,0.024544
250.0,1.6105E-6,7.7848E-6,3.4087E-5,1.2128E-4,3.8281E-4,0.0010736,0.0027404,0.0064162,0.010524,0.014427,0.019751
300.0,1.2702E-6,6.2032E-6,2.743E-5,9.8404E-5,3.1418E-4,8.8736E-4,0.0022805,0.0053707,0.0087893,0.011999,0.016366
350.0,1.0276E-6,5.0635E-6,2.2565E-5,8.1672E-5,2.6268E-4,7.4767E-4,0.0019292,0.0045576,0.0074493,0.01017,0.013845
400.0,8.4644E-7,4.2065E-6,1.8859E-5,6.8882E-5,2.2298E-4,6.3922E-4,0.0016556,0.0039247,0.0064176,0.0087504,0.011891
450.0,6.7362E-7,3.3493E-6,1.501E-5,5.6131E-5,1.8516E-4,5.4077E-4,0.0014213,0.003408,0.0055708,0.0075791,0.010274
500.0,5.4872E-7,2.731E-6,1.2232E-5,4.6587E-5,1.5603E-4,4.6306E-4,0.0012333,0.0029878,0.004875,0.0066295,0.0089837
600.0,3.8912E-7,1.9344E-6,8.6804E-6,3.3837E-5,1.1606E-4,3.5435E-4,9.6435E-4,0.0023655,0.003869,0.0052691,0.0071261
700.0,2.8234E-7,1.4065E-6,6.3287E-6,2.5035E-5,8.7424E-5,2.7269E-4,7.5787E-4,0.0018817,0.0030805,0.0041939,0.0056783
800.0,2.1158E-7,1.0502E-6,4.7372E-6,1.8982E-5,6.7491E-5,2.1555E-4,6.0702E-4,0.0015195,0.0024941,0.0033849,0.0045883
1000.0,1.2576E-7,6.2439E-7,2.8232E-6,1.1501E-5,4.1939E-5,1.3757E-4,3.9755E-4,0.0010135,0.0016689,0.0022762,0.003088
1200.0,8.1254E-8,4.0612E-7,1.8451E-6,7.6863E-6,2.8406E-5,9.42E-5,2.7542E-4,7.0449E-4,0.0011607,0.0015845,0.0021556
1500.0,4.3671E-8,2.2011E-7,1.0157E-6,4.2934E-6,1.6042E-5,5.4232E-5,1.6038E-4,4.1043E-4,6.7875E-4,9.2752E-4,0.0012677
SA4P0
r\m,4.0,4.5,5.0,5.5,6.0,6.5,7.0,7.5,7.8,8.0,8.2
0.0,5.9022E-4,0.0016045,0.0039942,0.0083975,0.016408,0.030549,0.054678,0.092126,0.12362,0.14959,0.18143
1.0,4.4705E-4,0.0013223,0.0034317,0.0073327,0.014309,0.026722,0.048297,0.083131,0.11281,0.13683,0.16561
5.0,1.042E-4,4.1971E-4,0.0014597,0.0041537,0.0098147,0.020526,0.039544,0.071413,0.098773,0.12093,0.14748
10.0,3.876E-5,1.6692E-4,6.3671E-4,0.0020872,0.0058433,0.014249,0.030327,0.058815,0.084233,0.10549,0.13174
15.0,2.1136E-5,9.3638E-5,3.7092E-4,0.0012827,0.0038586,0.010246,0.023512,0.047715,0.070718,0.090645,0.11615
20.0,1.3586E-5,6.1226E-5,2.4782E-4,8.769E-4,0.0027343,0.0075753,0.018226,0.038842,0.059271,0.077415,0.10091
25.0,9.3671E-6,4.2821E-5,1.7762E-4,6.3988E-4,0.0020446,0.005769,0.014385,0.031926,0.049902,0.066227,0.087844
30.0,6.9754E-6,3.217E-5,1.3538E-4,4.9165E-4,0.00159,0.0045469,0.011678,0.026617,0.042495,0.057156,0.07684
40.0,4.441E-6,2.0825E-5,8.9139E-5,3.2809E-4,0.0010716,0.0031121,0.0082176,0.019445,0.031735,0.043359,0.059305
50.0,3.1458E-6,1.4903E-5,6.434E-5,2.3859E-4,7.8474E-4,0.0023068,0.0062329,0.015281,0.025628,0.035754,0.049912
60.0,2.6567E-6,1.2681E-5,5.5009E-5,2.0382E-4,6.7094E-4,0.0019749,0.0053674,0.013277,0.022423,0.031441,0.044112
70.0,2.3169E-6,1.1112E-5,4.8405E-5,1.798E-4,5.9197E-4,0.001745,0.004757,0.011876,0.020189,0.02845,0.040107
80.0,2.0758E-6,1.0035E-5,4.4005E-5,1.6355E-4,5.3883E-4,0.0015891,0.0043452,0.010892,0.018599,0.026278,0.037138
90.0,1.9177E-6,9.3137E-6,4.1012E-5,1.5259E-4,5.0277E-4,0.0014851,0.0040523,0.010174,0.017392,0.024586,0.034765
100.0,1.7837E-6,8.7019E-6,3.8471E-5,1.4327E-4,4.73E-4,0.0013964,0.003806,0.0095581,0.016347,0.023119,0.032707
110.0,1.6704E-6,8.182E-6,3.6309E-5,1.3543E-4,4.4718E-4,0.0013235,0.0036021,0.0090086,0.015408,0.021778,0.030789
120.0,1.57E-6,7.7264E-6,3.4433E-5,1.2852E-4,4.2559E-4,0.0012592,0.0034076,0.0085263,0.014574,0.020596,0.029113
130.0,1.4788E-6,7.3061E-6,3.2683E-5,1.2202E-4,4.0411E-4,0.0011923,0.0032245,0.008072,0.013798,0.019492,0.027539
140.0,1.3937E-6,6.9119E-6,3.1036E-5,1.1593E-4,3.8303E-4,0.0011303,0.0030601,0.0076507,0.013079,0.018478,0.026105
150.0,1.3095E-6,6.5197E-6,2.9396E-5,1.0991E-4,3.6325E-4,0.0010739,0.0029075,0.0072435,0.01239,0.017523,0.024777
175.0,1.1289E-6,5.676E-6,2.5846E-5,9.669E-5,3.2031E-4,9.4779E-4,0.0025614,0.0063703,0.010919,0.015452,0.021857
200.0,9.8701E-7,5.0017E-6,2.2993E-5,8.6179E-5,2.8544E-4,8.4434E-4,0.002287,0.0056801,0.0097338,0.013763,0.019456
250.0,7.5139E-7,3.8632E-6,1.7983E-5,6.7992E-5,2.2814E-4,6.8075E-4,0.0018517,0.0046321,0.0079192,0.011169,0.015745
300.0,5.945E-7,3.089E-6,1.4525E-5,5.5396E-5,1.8809E-4,5.6548E-4,0.0015492,0.0038989,0.0066511,0.0093423,0.013121
350.0,4.8248E-7,2.5301E-6,1.1994E-5,4.6168E-5,1.5799E-4,4.7886E-4,0.0013176,0.0033273,0.0056696,0.007964,0.011164
400.0,3.9869E-7,2.1092E-6,1.0062E-5,3.9101E-5,1.3473E-4,4.1147E-4,0.0011369,0.0028815,0.0049126,0.0068924,0.0096446
450.0,3.1834E-7,1.6854E-6,8.0393E-6,3.1996E-5,1.1238E-4,3.4985E-4,9.8131E-4,0.0025166,0.0042893,0.0060047,0.0083817
500.0,2.6019E-7,1.3792E-6,6.5771E-6,2.6668E-5,9.5143E-5,3.0109E-4,8.5616E-4,0.002219,0.0037755,0.0052833,0.0073724
600.0,1.8601E-7,9.8516E-7,4.7087E-6,1.9554E-5,7.1499E-5,2.3297E-4,6.7746E-4,0.001779,0.0030346,0.0042526,0.0059222
700.0,1.3589E-7,7.2155E-7,3.4598E-6,1.4587E-5,5.4344E-5,1.8106E-4,5.3813E-4,0.001431,0.0024441,0.0034246,0.0047754
800.0,1.0258E-7,5.4276E-7,2.6102E-6,1.1153E-5,4.2339E-5,1.4457E-4,4.3568E-4,0.0011687,0.0020019,0.002795,0.003903
1000.0,6.1833E-8,3.2748E-7,1.5801E-6,6.8691E-6,2.6774E-5,9.4029E-5,2.9116E-4,7.964E-4,0.0013694,0.0019229,0.0026878
1200.0,4.0523E-8,2.162E-7,1.0485E-6,4.6688E-6,1.8467E-5,6.5655E-5,2.0598E-4,5.658E-4,9.7378E-4,0.0013691,0.0019194
1500.0,2.2269E-8,1.1992E-7,5.9169E-7,2.6764E-6,1.0719E-5,3.8924E-5,1.2372E-4,3.4033E-4,5.883E-4,8.2811E-4,0.0011677
SA5P0
r\m,4.0,4.5,5.0,5.5,6.0,6.5,7.0,7.5,7.8,8.0,8.2
0.0,3.1801E-4,9.0618E-4,0.0023644,0.0052097,0.010674,0.020861,0.039263,0.069722,0.096683,0.11965,0.14849
1.0,2.4085E-4,7.4686E-4,0.0020316,0.0045497,0.0093094,0.018249,0.034683,0.062919,0.088231,0.10945,0.13555
5.0,5.6083E-5,2.3692E-4,8.6393E-4,0.0025773,0.0063868,0.014022,0.028407,0.054068,0.07728,0.096766,0.12075
10.0,2.0859E-5,9.4219E-5,3.7682E-4,0.0012951,0.0038032,0.0097381,0.021794,0.044547,0.065931,0.084445,0.10791
15.0,1.1376E-5,5.2861E-5,2.1956E-4,7.9607E-4,0.0025121,0.007004,0.016903,0.036154,0.055373,0.072591,0.09518
20.0,7.313E-6,3.4571E-5,1.4673E-4,5.4439E-4,0.0017807,0.0051803,0.013107,0.029441,0.046428,0.062021,0.082724
25.0,5.0428E-6,2.4182E-5,1.0519E-4,3.9736E-4,0.0013319,0.0039464,0.010349,0.024208,0.039105,0.05308,0.072043
30.0,3.7558E-6,1.8171E-5,8.019E-5,3.0539E-4,0.0010361,0.0031113,0.008404,0.02019,0.033313,0.045827,0.063045
40.0,2.3921E-6,1.1768E-5,5.2827E-5,2.0391E-4,6.9872E-4,0.0021309,0.005918,0.014761,0.024898,0.034794,0.048698
50.0,1.6951E-6,8.425E-6,3.8149E-5,1.4837E-4,5.1197E-4,0.0015805,0.0044917,0.011608,0.020122,0.028714,0.041019
60.0,1.432E-6,7.172E-6,3.2631E-5,1.2681E-4,4.3797E-4,0.0013539,0.0038705,0.010093,0.017619,0.02527,0.036282
70.0,1.2493E-6,6.287E-6,2.8726E-5,1.1192E-4,3.8663E-4,0.001197,0.0034326,0.0090353,0.015876,0.022884,0.033015
80.0,1.1197E-6,5.6799E-6,2.6128E-5,1.0185E-4,3.5213E-4,0.0010908,0.0031376,0.0082928,0.014638,0.021155,0.030597
90.0,1.0348E-6,5.2744E-6,2.4364E-5,9.5088E-5,3.2877E-4,0.0010201,0.0029283,0.0077524,0.013698,0.019808,0.028666
100.0,9.6295E-7,4.9303E-6,2.2867E-5,8.9332E-5,3.0951E-4,9.598E-4,0.0027523,0.0072886,0.012886,0.018643,0.026992
110.0,9.0217E-7,4.638E-6,2.1593E-5,8.4495E-5,2.928E-4,9.1038E-4,0.0026069,0.006875,0.012156,0.017576,0.025431
120.0,8.4835E-7,4.3819E-6,2.0488E-5,8.0232E-5,2.7885E-4,8.6676E-4,0.002468,0.0065121,0.011507,0.016635,0.024067
130.0,7.9939E-7,4.1455E-6,1.9458E-5,7.6221E-5,2.6495E-4,8.2129E-4,0.0023371,0.0061701,0.010903,0.015757,0.022785
140.0,7.5375E-7,3.9238E-6,1.8488E-5,7.2458E-5,2.513E-4,7.7916E-4,0.0022197,0.0058528,0.010343,0.01495,0.021617
150.0,7.085E-7,3.7029E-6,1.752E-5,6.8734E-5,2.3848E-4,7.4081E-4,0.0021106,0.0055457,0.0098066,0.014189,0.020535
175.0,6.1149E-7,3.2277E-6,1.5425E-5,6.0559E-5,2.1064E-4,6.5497E-4,0.001863,0.004887,0.0086607,0.012538,0.018154
200.0,5.3519E-7,2.8477E-6,1.3741E-5,5.4058E-5,1.8801E-4,5.8454E-4,0.0016666,0.0043663,0.0077363,0.011191,0.016194
250.0,4.0833E-7,2.205E-6,1.0776E-5,4.2778E-5,1.5077E-4,4.73E-4,0.0013547,0.0035754,0.0063206,0.0091212,0.013162
300.0,3.238E-7,1.7674E-6,8.7286E-6,3.4959E-5,1.2472E-4,3.9435E-4,0.0011378,0.003022,0.005331,0.007662,0.011016
350.0,2.6338E-7,1.4513E-6,7.2272E-6,2.9224E-5,1.0511E-4,3.3518E-4,9.716E-4,0.0025898,0.004564,0.0065601,0.0094142
400.0,2.1814E-7,1.2129E-6,6.0798E-6,2.4826E-5,8.9936E-5,2.8907E-4,8.4166E-4,0.0022523,0.0039718,0.0057023,0.0081694
450.0,1.7459E-7,9.7164E-7,4.8711E-6,2.0377E-5,7.5274E-5,2.4669E-4,7.294E-4,0.0019755,0.003483,0.0049898,0.0071313
500.0,1.4303E-7,7.9715E-7,3.9962E-6,1.7035E-5,6.394E-5,2.131E-4,6.3893E-4,0.0017493,0.0030791,0.0044097,0.0063005
600.0,1.0282E-7,5.7273E-7,2.8787E-6,1.2575E-5,4.84E-5,1.662E-4,5.099E-4,0.0014151,0.0024979,0.0035827,0.0051088
700.0,7.5474E-8,4.2166E-7,2.1271E-6,9.4379E-6,3.7032E-5,1.301E-4,4.0823E-4,0.0011479,0.0020292,0.0029105,0.0041565
800.0,5.7256E-8,3.1883E-7,1.6138E-6,7.2602E-6,2.9044E-5,1.0465E-4,3.3313E-4,9.4535E-4,0.0016765,0.0023956,0.0034268
1000.0,3.4853E-8,1.9438E-7,9.8794E-7,4.5249E-6,1.8604E-5,6.9019E-5,2.26E-4,6.546E-4,0.001166,0.0016766,0.0024012
1200.0,2.3067E-8,1.2968E-7,6.6282E-7,3.1131E-6,1.3002E-5,4.8884E-5,1.6236E-4,4.7267E-4,8.4301E-4,0.0012141,0.0017445
1500.0,1.287E-8,7.3105E-8,3.806E-7,1.8179E-6,7.6985E-6,2.9607E-5,9.9762E-5,2.9116E-4,5.219E-4,7.528E-4,0.0010888
SA7P5
r\m,4.0,4.5,5.0,5.5,6.0,6.5,7.0,7.5,7.8,8.0,8.2
0.0,9.8529E-5,3.0705E-4,8.7608E-4,0.0021114,0.0047374,0.010162,0.021064,0.041356,0.061044,0.078832,0.10216
1.0,7.462E-5,2.5309E-4,7.5289E-4,0.0018442,0.0041325,0.0088916,0.018609,0.037325,0.055715,0.072121,0.093277
5.0,1.7357E-5,8.0241E-5,3.2009E-4,0.0010449,0.0028364,0.0068359,0.015251,0.032094,0.04883,0.063803,0.083146
10.0,6.4552E-6,3.1912E-5,1.3963E-4,5.2519E-4,0.0016898,0.0047505,0.011709,0.026461,0.041689,0.055721,0.07436
15.0,3.5212E-6,1.7909E-5,8.1387E-5,3.2296E-4,0.0011167,0.0034188,0.0090867,0.02149,0.035039,0.047935,0.065639
20.0,2.2643E-6,1.1717E-5,5.4413E-5,2.2096E-4,7.9199E-4,0.0025301,0.0070508,0.017513,0.0294,0.040986,0.057094
25.0,1.5618E-6,8.1988E-6,3.9025E-5,1.6136E-4,5.9274E-4,0.0019286,0.0055705,0.01441,0.02478,0.035103,0.04976
30.0,1.1635E-6,6.1628E-6,2.9764E-5,1.2408E-4,4.6134E-4,0.0015214,0.0045266,0.012026,0.021125,0.03033,0.043579
40.0,7.4155E-7,3.9944E-6,1.9625E-5,8.2928E-5,3.1146E-4,0.0010432,0.0031917,0.0088048,0.015812,0.023062,0.033714
50.0,5.2585E-7,2.8619E-6,1.4185E-5,6.04E-5,2.2846E-4,7.7467E-4,0.0024255,0.0069337,0.012797,0.01906,0.028441
60.0,4.4454E-7,2.4381E-6,1.2144E-5,5.1671E-5,1.9563E-4,6.6434E-4,0.0020927,0.0060371,0.011222,0.0168,0.025195
70.0,3.8804E-7,2.1388E-6,1.0699E-5,4.5646E-5,1.7288E-4,5.88E-4,0.0018582,0.0054117,0.010126,0.015236,0.022962
80.0,3.4804E-7,1.9339E-6,9.7403E-6,4.1583E-5,1.5763E-4,5.3646E-4,0.0017007,0.0049739,0.0093501,0.014106,0.021314
90.0,3.219E-7,1.7973E-6,9.0913E-6,3.8861E-5,1.4734E-4,5.0233E-4,0.0015894,0.0046565,0.008763,0.013228,0.02
100.0,2.9976E-7,1.6815E-6,8.5406E-6,3.6547E-5,1.3887E-4,4.7323E-4,0.0014959,0.0043842,0.0082557,0.012469,0.018861
110.0,2.8106E-7,1.5831E-6,8.0726E-6,3.4604E-5,1.3152E-4,4.4943E-4,0.0014188,0.0041414,0.0077994,0.011773,0.017798
120.0,2.6449E-7,1.497E-6,7.6667E-6,3.2893E-5,1.254E-4,4.2844E-4,0.001345,0.0039284,0.0073942,0.01116,0.01687
130.0,2.4942E-7,1.4175E-6,7.288E-6,3.1282E-5,1.1929E-4,4.0647E-4,0.0012754,0.0037275,0.0070168,0.010587,0.015996
140.0,2.3535E-7,1.3428E-6,6.9313E-6,2.9769E-5,1.1327E-4,3.8611E-4,0.001213,0.0035409,0.0066666,0.01006,0.015201
150.0,2.2139E-7,1.2683E-6,6.5748E-6,2.8269E-5,1.0762E-4,3.6757E-4,0.0011549,0.00336,0.0063301,0.0095628,0.014462
175.0,1.9144E-7,1.1078E-6,5.8024E-6,2.4972E-5,9.5332E-5,3.2602E-4,0.001023,0.0029717,0.0056114,0.0084828,0.012836
200.0,1.6787E-7,9.795E-7,5.1813E-6,2.2351E-5,8.5341E-5,2.9189E-4,9.183E-4,0.0026648,0.0050315,0.0076008,0.011495
250.0,1.2857E-7,7.617E-7,4.0829E-6,1.7781E-5,6.8836E-5,2.3772E-4,7.516E-4,0.0021982,0.0041421,0.0062431,0.0094167
300.0,1.0235E-7,6.1319E-7,3.3229E-6,1.4608E-5,5.7274E-5,1.9947E-4,6.3567E-4,0.0018718,0.0035204,0.0052853,0.0079441
350.0,8.3574E-8,5.0569E-7,2.7645E-6,1.2277E-5,4.8557E-5,1.7063E-4,5.4663E-4,0.0016162,0.0030372,0.0045608,0.0068434
400.0,6.9487E-8,4.2444E-7,2.3368E-6,1.0484E-5,4.1791E-5,1.4812E-4,4.7686E-4,0.001416,0.0026636,0.0039958,0.0059862
450.0,5.5834E-8,3.4151E-7,1.8812E-6,8.6515E-6,3.5183E-5,1.2722E-4,4.1616E-4,0.0012514,0.002354,0.0035241,0.0052675
500.0,4.5924E-8,2.8141E-7,1.5508E-6,7.2713E-6,3.0061E-5,1.106E-4,3.671E-4,0.0011164,0.0020971,0.0031391,0.0046913
600.0,3.3308E-8,2.0413E-7,1.1288E-6,5.4286E-6,2.3039E-5,8.7436E-5,2.9729E-4,9.1743E-4,0.0017289,0.0025924,0.0038674
700.0,2.4647E-8,1.5162E-7,8.4215E-7,4.1173E-6,1.7832E-5,6.9321E-5,2.4132E-4,7.5522E-4,0.0014262,0.0021393,0.0031974
800.0,1.8852E-8,1.1566E-7,6.4513E-7,3.2008E-6,1.4149E-5,5.6474E-5,1.9966E-4,6.3123E-4,0.0011965,0.0017878,0.0026776
1000.0,1.1663E-8,7.1766E-8,4.0259E-7,2.0366E-6,9.2698E-6,3.8175E-5,1.3911E-4,4.4976E-4,8.5724E-4,0.0012902,0.0019359
1200.0,7.8453E-9,4.8728E-8,2.7523E-7,1.4308E-6,6.6282E-6,2.7719E-5,1.0267E-4,3.3422E-4,6.3841E-4,9.6312E-4,0.0014506
1500.0,4.4871E-9,2.8216E-8,1.6275E-7,8.6235E-7,4.0612E-6,1.7423E-5,6.5652E-5,2.1475E-4,4.1287E-4,6.243E-4,9.4785E-4
SA10P0
r\m,4.0,4.5,5.0,5.5,6.0,6.5,7.0,7.5,7.8,8.0,8.2
0.0,4.186E-5,1.393E-4,4.2443E-4,0.0010928,0.0026221,0.0060259,0.013411,0.02835,0.043803,0.058353,0.078048
1.0,3.1702E-5,1.1483E-4,3.6478E-4,9.546E-4,0.0022876,0.0052728,0.011849,0.025589,0.039984,0.053391,0.071266
5.0,7.371E-6,3.6399E-5,1.5509E-4,5.4093E-4,0.0015706,0.0040553,0.0097147,0.022012,0.035058,0.047254,0.063554
10.0,2.7416E-6,1.4478E-5,6.7665E-5,2.7196E-4,9.3599E-4,0.0028194,0.007462,0.018158,0.029947,0.041291,0.05687
15.0,1.4958E-6,8.127E-6,3.945E-5,1.6729E-4,6.1876E-4,0.0020299,0.0057937,0.014754,0.025182,0.03554,0.050229
20.0,9.6207E-7,5.3184E-6,2.6383E-5,1.1449E-4,4.3902E-4,0.0015029,0.0044977,0.012029,0.021141,0.030404,0.043713
25.0,6.6371E-7,3.7225E-6,1.8928E-5,8.3645E-5,3.2871E-4,0.0011461,0.0035551,0.0099027,0.017828,0.026054,0.03812
30.0,4.9459E-7,2.7988E-6,1.4441E-5,6.4339E-5,2.5594E-4,9.0448E-4,0.0028902,0.0082689,0.015207,0.022524,0.033403
40.0,3.1536E-7,1.8151E-6,9.5279E-6,4.3032E-5,1.7293E-4,6.2074E-4,0.0020398,0.00606,0.011394,0.017145,0.02587
50.0,2.2374E-7,1.3012E-6,6.891E-6,3.1364E-5,1.2694E-4,4.6133E-4,0.0015515,0.0047769,0.0092311,0.014185,0.021848
60.0,1.8923E-7,1.1091E-6,5.903E-6,2.6849E-5,1.0878E-4,3.9595E-4,0.0013398,0.0041633,0.0081031,0.012516,0.019376
70.0,1.6526E-7,9.7349E-7,5.2039E-6,2.3734E-5,9.6201E-5,3.5073E-4,0.0011907,0.0037357,0.0073198,0.011364,0.017679
80.0,1.483E-7,8.8068E-7,4.7405E-6,2.1637E-5,8.7781E-5,3.2026E-4,0.0010909,0.003437,0.0067657,0.010532,0.016428
90.0,1.3723E-7,8.1897E-7,4.4275E-6,2.0236E-5,8.2117E-5,3.0015E-4,0.0010204,0.0032209,0.0063476,0.0098875,0.015432
100.0,1.2786E-7,7.6663E-7,4.1621E-6,1.9044E-5,7.7456E-5,2.83E-4,9.6128E-4,0.0030356,0.0059865,0.0093298,0.01457
110.0,1.1994E-7,7.2223E-7,3.9366E-6,1.8045E-5,7.3418E-5,2.6901E-4,9.126E-4,0.0028704,0.0056616,0.0088191,0.013764
120.0,1.1293E-7,6.8333E-7,3.7411E-6,1.7165E-5,7.0059E-5,2.5667E-4,8.6598E-4,0.0027256,0.0053732,0.008369,0.013061
130.0,1.0655E-7,6.474E-7,3.5586E-6,1.6336E-5,6.6697E-5,2.4373E-4,8.2195E-4,0.0025889,0.0051043,0.007948,0.012398
140.0,1.0059E-7,6.1366E-7,3.3867E-6,1.5558E-5,6.3385E-5,2.3172E-4,7.8247E-4,0.0024618,0.0048547,0.0075606,0.011795
150.0,9.4674E-8,5.7994E-7,3.2146E-6,1.4784E-5,6.0267E-5,2.2079E-4,7.4574E-4,0.0023384,0.0046146,0.0071945,0.011234
175.0,8.1972E-8,5.0732E-7,2.8416E-6,1.3084E-5,5.3496E-5,1.9626E-4,6.621E-4,0.0020735,0.0041016,0.0063994,0.0099986
200.0,7.1972E-8,4.4921E-7,2.5416E-6,1.1732E-5,4.7986E-5,1.7611E-4,5.9578E-4,0.0018641,0.0036874,0.0057497,0.0089791
250.0,5.5266E-8,3.5035E-7,2.0094E-6,9.3673E-6,3.8862E-5,1.4406E-4,4.8998E-4,0.0015456,0.0030519,0.0047485,0.0073972
300.0,4.4109E-8,2.8287E-7,1.6407E-6,7.7238E-6,3.2465E-5,1.2141E-4,4.164E-4,0.0013229,0.0026078,0.0040422,0.0062756
350.0,3.6112E-8,2.3396E-7,1.3695E-6,6.5148E-6,2.7635E-5,1.0433E-4,3.5981E-4,0.0011482,0.002262,0.0035073,0.0054364
400.0,3.0104E-8,1.9695E-7,1.1614E-6,5.584E-6,2.388E-5,9.096E-5,3.1539E-4,0.0010112,0.0019944,0.0030897,0.0047823
450.0,2.4253E-8,1.5893E-7,9.3803E-7,4.6246E-6,2.0185E-5,7.8473E-5,2.7658E-4,8.9831E-4,0.0017721,0.00274,0.0042319
500.0,2.0001E-8,1.3135E-7,7.7582E-7,3.9009E-6,1.7316E-5,6.8526E-5,2.4515E-4,8.0559E-4,0.0015873,0.0024541,0.0037902
600.0,1.4589E-8,9.5879E-8,5.6859E-7,2.9345E-6,1.3381E-5,5.4667E-5,2.005E-4,6.6906E-4,0.0013231,0.0020496,0.0031605
700.0,1.0853E-8,7.1636E-8,4.2698E-7,2.2417E-6,1.044E-5,4.372E-5,1.6431E-4,5.5641E-4,0.001103,0.0017099,0.0026423
800.0,8.3463E-9,5.4968E-8,3.2923E-7,1.7553E-6,8.349E-6,3.593E-5,1.3724E-4,4.6982E-4,9.3524E-4,0.0014444,0.0022373
1000.0,5.2186E-9,3.451E-8,2.0813E-7,1.1328E-6,5.5556E-6,2.4703E-5,9.74E-5,3.4148E-4,6.8413E-4,0.0010649,0.0016533
1200.0,3.5477E-9,2.3707E-8,1.4412E-7,8.0716E-7,4.0348E-6,1.8245E-5,7.3228E-5,2.5885E-4,5.201E-4,8.1192E-4,0.0012659
1500.0,2.0618E-9,1.3972E-8,8.689E-8,4.9693E-7,2.5303E-6,1.1763E-5,4.8124E-5,1.7126E-4,3.4674E-4,5.4291E-4,8.5417E-4
