PGA
r\m,4.0,4.5,5.0,5.5,6.0,6.5,7.0,7.5,7.8,8.0,8.2
0.0,1.5035,1.6158,1.7603,1.9696,2.2236,2.4931,2.7250,2.6856,2.7347,2.7665,2.7905
1.0,1.2127,1.5391,1.7049,1.9366,2.2131,2.5022,2.7394,2.7802,2.8220,2.8422,2.8506
5.0,0.20980,0.42218,0.82095,1.3513,1.6751,1.9964,2.2570,2.4317,2.4901,2.5134,2.5238
10.0,0.068004,0.15068,0.32954,0.72165,0.98900,1.2969,1.6728,2.0601,2.0786,2.1192,2.0896
15.0,0.033636,0.077788,0.17899,0.41654,0.61370,0.88384,1.2636,1.6853,1.8772,1.8900,1.9148
20.0,0.020141,0.047871,0.11370,0.27443,0.42192,0.65187,0.98843,1.3839,1.6292,1.7367,1.7635
25.0,0.013091,0.031846,0.077720,0.19354,0.30818,0.50296,0.79445,1.1563,1.3916,1.5511,1.6338
30.0,0.0093161,0.023048,0.057297,0.14575,0.23748,0.40284,0.65512,0.98254,1.2053,1.3606,1.5248
40.0,0.0055155,0.013987,0.035752,0.093579,0.15927,0.28152,0.47632,0.74474,0.94295,1.1004,1.2738
50.0,0.0036816,0.0095082,0.024784,0.066214,0.11648,0.21137,0.36803,0.60272,0.78992,0.91742,1.0595
60.0,0.0028956,0.0075877,0.020071,0.054473,0.098384,0.18186,0.32222,0.54593,0.70549,0.82586,0.96078
70.0,0.0024321,0.0064455,0.017242,0.047330,0.086985,0.16249,0.29707,0.49563,0.64595,0.76071,0.89048
80.0,0.0020965,0.0056071,0.015136,0.041938,0.078313,0.14787,0.27367,0.45794,0.60128,0.71192,0.83780
90.0,0.0018574,0.0050069,0.013615,0.038201,0.072000,0.13887,0.25435,0.42936,0.56678,0.67351,0.79534
100.0,0.0016605,0.0045082,0.012341,0.034996,0.066515,0.12972,0.23730,0.40379,0.53560,0.63857,0.75651
110.0,0.0014955,0.0040867,0.011252,0.032215,0.061687,0.12058,0.22195,0.38031,0.50649,0.60567,0.71966
120.0,0.0013547,0.0037243,0.010311,0.029776,0.057954,0.11247,0.20817,0.35893,0.47987,0.57535,0.68546
130.0,0.0012194,0.0033745,0.0094012,0.027398,0.053630,0.10464,0.19493,0.33848,0.45461,0.54674,0.65344
140.0,0.0011011,0.0030669,0.0085952,0.025268,0.049663,0.097489,0.18275,0.31935,0.43080,0.51964,0.62293
150.0,0.00099800,0.0027958,0.0078808,0.023377,0.046085,0.090952,0.17145,0.30140,0.40826,0.49393,0.59378
175.0,0.00075898,0.0021539,0.0061459,0.018548,0.036880,0.073642,0.14061,0.25059,0.34258,0.41701,0.50450
200.0,0.00059375,0.0017043,0.0049133,0.015005,0.030142,0.060783,0.11736,0.21165,0.29152,0.35681,0.43401
250.0,0.00036469,0.0010686,0.0031406,0.0097693,0.020028,0.041217,0.081338,0.14989,0.20911,0.25811,0.31681
300.0,0.00023610,0.00070372,0.0021020,0.0067117,0.014061,0.029532,0.059451,0.11155,0.15716,0.19532,0.23685
350.0,0.00015855,0.00047983,0.0014540,0.0047437,0.010123,0.021649,0.044314,0.084509,0.12009,0.14779,0.18030
400.0,0.00010942,0.00033578,0.0010308,0.0034261,0.0074314,0.016154,0.033559,0.064925,0.092031,0.11349,0.13932
450.0,7.3659e-05,0.00023150,0.00072903,0.0024448,0.0054191,0.012006,0.025371,0.049953,0.070667,0.087712,0.10847
500.0,5.0248e-05,0.00016147,0.00052046,0.0017603,0.0039918,0.0090084,0.019359,0.038576,0.054793,0.068437,0.085229
600.0,2.6986e-05,8.9522e-05,0.00030067,0.0010553,0.0024528,0.0056945,0.012579,0.025174,0.036210,0.045612,0.057105
700.0,1.3754e-05,4.6083e-05,0.00016067,0.00058049,0.0013878,0.0033271,0.0075425,0.015293,0.022304,0.028344,0.035835
800.0,6.6491e-06,2.3929e-05,8.6635e-05,0.00032567,0.00078999,0.0019639,0.0045579,0.0093793,0.013811,0.017732,0.022648
1000.0,1.7244e-06,6.6426e-06,2.5837e-05,0.00010473,0.00027013,0.00069644,0.0016715,0.0036197,0.0054820,0.0072229,0.0094068
1200.0,4.7185e-07,1.8865e-06,7.8416e-06,3.3907e-05,9.3474e-05,0.00025269,0.00062635,0.0014245,0.0022405,0.0029809,0.0039553
1500.0,6.2609e-08,2.8232e-07,1.2737e-06,6.0960e-06,1.8230e-05,5.1655e-05,0.00014157,0.00033102,0.00054008,0.00077758,0.00099511
PGV
r\m,4.0,4.5,5.0,5.5,6.0,6.5,7.0,7.5,7.8,8.0,8.2
0.0,2.0264,5.0537,11.823,23.464,42.775,74.694,125.87,188.84,236.64,271.65,308.54
1.0,1.8393,4.6690,11.088,22.326,41.245,72.754,123.19,189.33,237.20,271.80,307.71
5.0,1.2032,3.2428,8.2362,17.870,35.027,64.259,111.28,177.32,223.43,256.75,291.38
10.0,0.80884,1.9551,4.9749,11.212,23.371,45.984,88.233,151.84,190.50,222.45,252.28
15.0,0.39217,1.0042,2.7171,6.5078,14.580,31.057,64.218,119.68,163.31,191.09,223.02
20.0,0.21316,0.59505,1.6979,4.2659,10.054,22.746,49.417,97.313,139.48,171.01,201.23
25.0,0.13307,0.39444,1.1704,3.0474,7.4451,17.617,39.872,81.993,120.29,152.80,185.32
30.0,0.091760,0.28392,0.86792,2.3224,5.8270,14.258,33.325,70.909,106.06,136.39,173.36
40.0,0.052204,0.17135,0.54698,1.5244,3.9996,10.232,25.051,56.125,86.725,114.88,150.30
50.0,0.034182,0.11677,0.38464,1.1046,2.9964,7.9098,20.062,47.205,75.272,99.823,130.75
60.0,0.024791,0.087242,0.29448,0.86558,2.4067,6.5050,16.946,41.402,65.890,88.239,116.69
70.0,0.021497,0.076695,0.26049,0.76956,2.1570,5.8716,15.569,37.664,60.205,80.885,107.32
80.0,0.019609,0.070255,0.23945,0.70962,2.0005,5.4744,14.575,35.167,56.271,75.645,100.42
90.0,0.018075,0.065008,0.22222,0.66058,1.8713,5.1759,13.685,33.099,52.987,71.257,94.630
100.0,0.016779,0.060552,0.20758,0.61873,1.7605,4.8973,12.920,31.314,50.153,67.465,89.618
110.0,0.015663,0.056709,0.19492,0.58246,1.6640,4.6367,12.251,29.751,47.666,64.144,85.231
120.0,0.014678,0.053307,0.18372,0.55038,1.5830,4.4059,11.659,28.367,45.470,61.206,81.350
130.0,0.013152,0.048252,0.16805,0.50874,1.4794,4.1603,11.112,27.291,43.961,59.367,79.166
140.0,0.011837,0.043882,0.15435,0.47189,1.3859,3.9365,10.610,26.298,42.576,57.694,77.192
150.0,0.010694,0.040027,0.14211,0.43847,1.2997,3.7268,10.130,25.330,41.207,56.023,75.204
175.0,0.0084655,0.032383,0.11742,0.36978,1.1187,3.2752,9.0809,23.168,38.143,52.271,70.733
200.0,0.0068619,0.026755,0.098829,0.31696,0.97607,2.9095,8.2100,21.328,35.507,49.016,66.821
250.0,0.0047067,0.019019,0.072678,0.24059,0.76529,2.3527,6.8428,18.327,31.144,43.583,60.233
300.0,0.0034265,0.014240,0.055954,0.19011,0.62407,1.9759,5.9078,16.234,28.057,39.711,54.765
350.0,0.0025903,0.011031,0.044405,0.15433,0.52016,1.6887,5.1714,14.527,25.470,35.997,50.104
400.0,0.0020130,0.0087593,0.036031,0.12776,0.44058,1.4620,4.5719,13.093,23.081,32.814,46.045
450.0,0.0015629,0.0069683,0.029421,0.10729,0.37755,1.2775,4.0707,11.857,20.968,30.029,42.447
500.0,0.0012400,0.0056492,0.024406,0.091212,0.32685,1.1255,3.6470,10.756,19.137,27.585,39.247
600.0,0.00081882,0.0038721,0.017386,0.067734,0.25071,0.89009,2.9692,8.9009,16.105,23.476,33.778
700.0,0.00056646,0.0027650,0.012824,0.051743,0.19689,0.71753,2.4535,7.4619,13.697,20.159,29.286
800.0,0.00040535,0.0020338,0.0097039,0.040342,0.15702,0.58671,2.0442,6.3162,11.741,17.428,25.531
1000.0,0.00022303,0.0011719,0.0058696,0.025669,0.10475,0.40448,1.4451,4.6193,8.7748,13.211,19.632
1200.0,0.00013133,0.00071667,0.0037372,0.017042,0.072297,0.28712,1.0481,3.4471,6.6665,10.157,15.275
1500.0,6.4413e-05,0.00036816,0.0020108,0.0096106,0.042436,0.17502,0.66282,2.2612,4.4732,6.9183,10.560
SA0P01
r\m,4.0,4.5,5.0,5.5,6.0,6.5,7.0,7.5,7.8,8.0,8.2
0.0,1.5236,1.6591,1.8341,2.0766,2.3599,2.6520,2.8999,2.8693,2.9373,2.9844,3.0233
1.0,1.2290,1.5796,1.7760,2.0393,2.3452,2.6572,2.9100,2.9669,3.0273,3.0640,3.0899
5.0,0.22000,0.44272,0.86322,1.4288,1.7669,2.0994,2.3702,2.5642,2.6379,2.6755,2.7021
10.0,0.072882,0.16110,0.35191,0.76891,1.0456,1.3593,1.7478,2.1575,2.1797,2.2288,2.2039
15.0,0.036357,0.083897,0.19272,0.44686,0.65138,0.92734,1.3194,1.7600,1.9629,1.9779,2.0062
20.0,0.021871,0.051907,0.12310,0.29601,0.44971,0.68607,1.0338,1.4451,1.7026,1.8165,1.8442
25.0,0.014293,0.034738,0.084628,0.20987,0.32986,0.53146,0.83301,1.2094,1.4557,1.6239,1.7098
30.0,0.010203,0.025238,0.062650,0.15875,0.25522,0.42743,0.68907,1.0301,1.2632,1.4267,1.5989
40.0,0.0060595,0.015381,0.039283,0.10253,0.17232,0.30069,0.50408,0.78513,0.99385,1.1607,1.3439
50.0,0.0040471,0.010473,0.027302,0.072803,0.12664,0.22691,0.39135,0.63819,0.83592,0.97044,1.1193
60.0,0.0031651,0.0083156,0.022019,0.059713,0.10683,0.19522,0.34292,0.57915,0.74777,0.87521,1.0171
70.0,0.0026736,0.0071055,0.019029,0.052213,0.095133,0.17577,0.31886,0.52988,0.68994,0.81229,0.94973
80.0,0.0023038,0.0061783,0.016698,0.046254,0.085704,0.16015,0.29430,0.49059,0.64370,0.76205,0.89589
90.0,0.0020366,0.0055042,0.014986,0.042047,0.078682,0.15037,0.27345,0.46003,0.60696,0.72127,0.85110
100.0,0.0018155,0.0049410,0.013543,0.038411,0.072526,0.14025,0.25484,0.43227,0.57317,0.68346,0.80919
110.0,0.0016294,0.0044628,0.012302,0.035232,0.067052,0.13003,0.23785,0.40633,0.54099,0.64701,0.76836
120.0,0.0014701,0.0040500,0.011226,0.032429,0.062780,0.12089,0.22246,0.38248,0.51123,0.61303,0.72996
130.0,0.0013162,0.0036491,0.010177,0.029669,0.057787,0.11193,0.20740,0.35917,0.48223,0.57999,0.69280
140.0,0.0011824,0.0032984,0.0092525,0.027210,0.053232,0.10379,0.19359,0.33748,0.45508,0.54893,0.65767
150.0,0.0010665,0.0029917,0.0084391,0.025043,0.049156,0.096414,0.18092,0.31732,0.42964,0.51977,0.62449
175.0,0.00079557,0.0022594,0.0064494,0.019469,0.038593,0.076727,0.14603,0.25982,0.35502,0.43209,0.52245
200.0,0.00060751,0.0017442,0.0050289,0.015360,0.030809,0.061997,0.11951,0.21535,0.29653,0.36288,0.44123
250.0,0.00037255,0.0010917,0.0032086,0.0099814,0.020432,0.041961,0.082681,0.15223,0.21229,0.26198,0.32143
300.0,0.00024075,0.00071754,0.0021431,0.0068439,0.014317,0.030008,0.060321,0.11307,0.15923,0.19783,0.23976
350.0,0.00016136,0.00048827,0.0014793,0.0048270,0.010286,0.021954,0.044874,0.085487,0.12142,0.14936,0.18211
400.0,0.00011115,0.00034100,0.0010466,0.0034790,0.0075360,0.016349,0.033917,0.065547,0.092856,0.11446,0.14041
450.0,7.4696e-05,0.00023469,0.00073892,0.0024775,0.0054849,0.012129,0.025597,0.050342,0.071168,0.088292,0.10912
500.0,5.0871e-05,0.00016342,0.00052662,0.0017803,0.0040329,0.0090851,0.019499,0.038812,0.055090,0.068777,0.085599
600.0,2.7169e-05,9.0098e-05,0.00030253,0.0010609,0.0024644,0.0057155,0.012614,0.025230,0.036277,0.045684,0.057184
700.0,1.3820e-05,4.6296e-05,0.00016134,0.00058259,0.0013922,0.0033350,0.0075558,0.015312,0.022325,0.028367,0.035857
800.0,6.6724e-06,2.4007e-05,8.6894e-05,0.00032647,0.00079160,0.0019667,0.0045624,0.0093856,0.013817,0.017737,0.022653
1000.0,1.7277e-06,6.6532e-06,2.5874e-05,0.00010483,0.00027034,0.00069675,0.0016719,0.0036200,0.0054820,0.0072229,0.0094068
1200.0,4.7229e-07,1.8880e-06,7.8463e-06,3.3918e-05,9.3494e-05,0.00025271,0.00062635,0.0014245,0.0022405,0.0029809,0.0039553
1500.0,6.2631e-08,2.8238e-07,1.2738e-06,6.0960e-06,1.8230e-05,5.1655e-05,0.00014157,0.00033102,0.00054008,0.00077758,0.00099511
SA0P02
r\m,4.0,4.5,5.0,5.5,6.0,6.5,7.0,7.5,7.8,8.0,8.2
0.0,1.5852,1.8561,2.1890,2.5890,3.0058,3.3996,3.7158,3.6997,3.8243,3.9139,3.9903
1.0,1.2783,1.7609,2.1157,2.5309,2.9724,3.3895,3.7096,3.8147,3.9304,4.0124,4.0823
5.0,0.26769,0.53884,1.0601,1.7880,2.2046,2.5989,2.9209,3.1910,3.3161,3.3986,3.4718
10.0,0.095558,0.20927,0.45455,0.98260,1.3141,1.6669,2.1231,2.6349,2.6652,2.7429,2.7266
15.0,0.048974,0.11195,0.25514,0.58266,0.82901,1.1420,1.6004,2.1318,2.3812,2.4003,2.4372
20.0,0.029883,0.070368,0.16555,0.39180,0.57961,0.85369,1.2608,1.7498,2.0621,2.2014,2.2284
25.0,0.019849,0.047901,0.11562,0.28177,0.43033,0.66956,1.0244,1.4718,1.7680,1.9734,2.0699
30.0,0.014296,0.035167,0.086544,0.21558,0.33663,0.54516,0.85571,1.2629,1.5428,1.7410,1.9470
40.0,0.0085728,0.021685,0.054947,0.14121,0.23129,0.39066,0.63728,0.97794,1.2331,1.4396,1.6633
50.0,0.0057470,0.014852,0.038476,0.10121,0.17220,0.29901,0.50171,0.80516,1.0493,1.2134,1.3903
60.0,0.0044381,0.011668,0.030775,0.082518,0.14492,0.25729,0.44059,0.73441,0.94211,1.0988,1.2693
70.0,0.0038173,0.010149,0.027057,0.073394,0.13163,0.23676,0.41992,0.68682,0.88797,1.0410,1.2092
80.0,0.0033023,0.0088576,0.023830,0.065275,0.11926,0.21716,0.39068,0.64086,0.83511,0.98459,1.1501
90.0,0.0029239,0.0079033,0.021426,0.059481,0.10982,0.20497,0.36459,0.60385,0.79152,0.93695,1.0989
100.0,0.0026083,0.0070994,0.019379,0.054429,0.10145,0.19178,0.34085,0.56937,0.75020,0.89122,1.0490
110.0,0.0023410,0.0064122,0.017609,0.049962,0.093873,0.17798,0.31856,0.53598,0.70914,0.84498,0.99766
120.0,0.0021109,0.0058154,0.016062,0.045992,0.088013,0.16549,0.29810,0.50482,0.67055,0.80107,0.94828
130.0,0.0018823,0.0052182,0.014503,0.041928,0.080707,0.15264,0.27689,0.47226,0.62998,0.75477,0.89621
140.0,0.0016861,0.0047017,0.013141,0.038345,0.074114,0.14109,0.25764,0.44241,0.59265,0.71203,0.84790
150.0,0.0015190,0.0042585,0.011966,0.035250,0.068335,0.13087,0.24044,0.41545,0.55871,0.67308,0.80364
175.0,0.0011270,0.0031977,0.0090922,0.027282,0.053354,0.10353,0.19289,0.33815,0.45868,0.55575,0.66749
200.0,0.00085442,0.0024499,0.0070368,0.021375,0.042285,0.083002,0.15661,0.27808,0.37993,0.46262,0.55843
250.0,0.00051574,0.0015069,0.0044085,0.013640,0.027505,0.055074,0.10626,0.19261,0.26639,0.32699,0.39803
300.0,0.00032672,0.00096956,0.0028812,0.0091664,0.018876,0.038558,0.075901,0.13991,0.19527,0.24112,0.28933
350.0,0.00021414,0.00064444,0.0019420,0.0063181,0.013251,0.027552,0.055142,0.10321,0.14518,0.17721,0.21377
400.0,0.00014401,0.00043904,0.0013398,0.0044419,0.0094739,0.020010,0.040639,0.077118,0.10806,0.13206,0.16019
450.0,9.4750e-05,0.00029569,0.00092600,0.0030850,0.0067295,0.014488,0.029933,0.057772,0.080674,0.099218,0.12122
500.0,6.3125e-05,0.00020133,0.00064543,0.0021611,0.0048284,0.010591,0.022258,0.043456,0.060896,0.075367,0.092726
600.0,3.0726e-05,0.00010128,0.00033852,0.0011674,0.0026903,0.0061261,0.013292,0.026276,0.037491,0.046948,0.058509
700.0,1.5106e-05,5.0414e-05,0.00017422,0.00062168,0.0014784,0.0034840,0.0077912,0.015612,0.022616,0.028614,0.036013
800.0,7.1064e-06,2.5470e-05,9.1694e-05,0.00034046,0.00081957,0.0020107,0.0046179,0.0094329,0.013811,0.017732,0.022648
1000.0,1.7784e-06,6.7993e-06,2.6333e-05,0.00010562,0.00027141,0.00069644,0.0016715,0.0036197,0.0054820,0.0072229,0.0094068
1200.0,4.7373e-07,1.8880e-06,7.8416e-06,3.3907e-05,9.3474e-05,0.00025269,0.00062635,0.0014245,0.0022405,0.0029809,0.0039553
1500.0,6.2609e-08,2.8232e-07,1.2737e-06,6.0960e-06,1.8230e-05,5.1655e-05,0.00014157,0.00033102,0.00054008,0.00077758,0.00099511
SA0P025
r\m,4.0,4.5,5.0,5.5,6.0,6.5,7.0,7.5,7.8,8.0,8.2
0.0,1.5539,1.9038,2.3304,2.8218,3.3160,3.7686,4.1249,4.1183,4.2720,4.3818,4.4753
1.0,1.2527,1.8012,2.2491,2.7523,3.2720,3.7499,4.1095,4.2423,4.3866,4.4903,4.5803
5.0,0.28596,0.57687,1.1418,1.9474,2.4087,2.8386,3.1907,3.5034,3.6561,3.7616,3.8580
10.0,0.10578,0.23103,0.50126,1.0790,1.4406,1.8144,2.3071,2.8733,2.9074,2.9999,2.9874
15.0,0.054899,0.12511,0.28444,0.64555,0.91426,1.2462,1.7389,2.3174,2.5905,2.6110,2.6517
20.0,0.033722,0.079198,0.18583,0.43685,0.64278,0.93617,1.3736,1.9023,2.2424,2.3940,2.4195
25.0,0.022561,0.054307,0.13066,0.31604,0.47972,0.73832,1.1203,1.6037,1.9250,2.1488,2.2496
30.0,0.016315,0.040046,0.098241,0.24288,0.37695,0.60430,0.93982,1.3805,1.6837,1.8991,2.1214
40.0,0.0098259,0.024817,0.062683,0.15994,0.26079,0.43632,0.70519,1.0761,1.3543,1.5806,1.8240
50.0,0.0065993,0.017039,0.044020,0.11501,0.19512,0.33582,0.55831,0.89063,1.1581,1.3365,1.5267
60.0,0.0050731,0.013336,0.035103,0.093558,0.16403,0.28889,0.49055,0.81372,1.0407,1.2115,1.3954
70.0,0.0043969,0.011683,0.031069,0.083738,0.15011,0.26812,0.47223,0.76762,0.98905,1.1569,1.3395
80.0,0.0038145,0.010224,0.027432,0.074660,0.13642,0.24676,0.44102,0.71876,0.93338,1.0979,1.2784
90.0,0.0033826,0.0091361,0.024702,0.068150,0.12585,0.23354,0.41244,0.67874,0.88662,1.0471,1.2243
100.0,0.0030212,0.0082161,0.022368,0.062450,0.11643,0.21889,0.38621,0.64103,0.84172,0.99762,1.1706
110.0,0.0027139,0.0074267,0.020342,0.057384,0.10785,0.20333,0.36130,0.60397,0.79631,0.94660,1.1141
120.0,0.0024486,0.0067392,0.018566,0.052865,0.10124,0.18917,0.33831,0.56918,0.75335,0.89781,1.0594
130.0,0.0021819,0.0060426,0.016752,0.048169,0.092764,0.17431,0.31391,0.53184,0.70685,0.84474,0.99972
140.0,0.0019537,0.0054416,0.015171,0.044035,0.085131,0.16099,0.29182,0.49776,0.66428,0.79602,0.94470
150.0,0.0017603,0.0049288,0.013812,0.040483,0.078476,0.14930,0.27225,0.46723,0.62589,0.75198,0.89470
175.0,0.0013060,0.0037003,0.010493,0.031343,0.061247,0.11800,0.21816,0.37983,0.51307,0.61987,0.74173
200.0,0.00098905,0.0028317,0.0081122,0.024537,0.048483,0.094446,0.17678,0.31172,0.42403,0.51473,0.61886
250.0,0.00059496,0.0017348,0.0050608,0.015593,0.031380,0.062313,0.11925,0.21456,0.29536,0.36141,0.43804
300.0,0.00037473,0.0011092,0.0032866,0.010423,0.021406,0.043336,0.084583,0.15468,0.21482,0.26435,0.31556
350.0,0.00024377,0.00073150,0.0021978,0.0071329,0.014912,0.030709,0.060920,0.11306,0.15823,0.19232,0.23071
400.0,0.00016250,0.00049381,0.0015025,0.0049714,0.010567,0.022088,0.044448,0.083605,0.11647,0.14169,0.17086
450.0,0.00010610,0.00033001,0.0010307,0.0034212,0.0074364,0.015834,0.032405,0.061964,0.085962,0.10522,0.12776
500.0,7.0080e-05,0.00022273,0.00071227,0.0023723,0.0052823,0.011453,0.023835,0.046079,0.064119,0.078971,0.096539
600.0,3.2514e-05,0.00010690,0.00035669,0.0012186,0.0028040,0.0063289,0.013609,0.026732,0.037972,0.047388,0.058905
700.0,1.5704e-05,5.2356e-05,0.00018017,0.00063858,0.0015184,0.0035475,0.0078763,0.015677,0.022620,0.028540,0.035835
800.0,7.2850e-06,2.6074e-05,9.3644e-05,0.00034522,0.00082903,0.0020199,0.0046117,0.0093817,0.013811,0.017732,0.022648
1000.0,1.7872e-06,6.8039e-06,2.6300e-05,0.00010476,0.00027013,0.00069644,0.0016715,0.0036197,0.0054820,0.0072229,0.0094068
1200.0,4.7185e-07,1.8865e-06,7.8416e-06,3.3907e-05,9.3474e-05,0.00025269,0.00062635,0.0014245,0.0022405,0.0029809,0.0039553
1500.0,6.2609e-08,2.8232e-07,1.2737e-06,6.0960e-06,1.8230e-05,5.1655e-05,0.00014157,0.00033102,0.00054008,0.00077758,0.00099511
SA0P03
r\m,4.0,4.5,5.0,5.5,6.0,6.5,7.0,7.5,7.8,8.0,8.2
0.0,1.4832,1.9003,2.4104,2.9842,3.5489,4.0565,4.4517,4.4565,4.6358,4.7622,4.8693
1.0,1.1951,1.7924,2.3228,2.9049,3.4958,4.0302,4.4281,4.5881,4.7575,4.8792,4.9852
5.0,0.29534,0.59790,1.1913,2.0549,2.5569,3.0201,3.4010,3.7530,3.9305,4.0560,4.1720
10.0,0.11265,0.24581,0.53356,1.1455,1.5337,1.9262,2.4511,3.0646,3.1021,3.2073,3.1980
15.0,0.059095,0.13449,0.30553,0.69036,0.97834,1.3263,1.8479,2.4664,2.7595,2.7808,2.8245
20.0,0.036508,0.085642,0.20073,0.46959,0.69100,1.0005,1.4632,2.0250,2.3883,2.5500,2.5737
25.0,0.024572,0.059078,0.14190,0.34133,0.51788,0.79267,1.1972,1.7104,2.0524,2.2914,2.3951
30.0,0.017829,0.043720,0.10708,0.26320,0.40835,0.65150,1.0078,1.4761,1.7985,2.0278,2.2633
40.0,0.010778,0.027203,0.068585,0.17402,0.28402,0.47318,0.76066,1.1565,1.4538,1.6962,1.9557
50.0,0.0072517,0.018717,0.048271,0.12544,0.21328,0.36572,0.60485,0.96122,1.2479,1.4379,1.6386
60.0,0.0055571,0.014612,0.038412,0.10187,0.17914,0.31450,0.53154,0.87915,1.1217,1.3039,1.4983
70.0,0.0048461,0.012874,0.034172,0.091603,0.16487,0.29381,0.51569,0.83487,1.0728,1.2526,1.4467
80.0,0.0042170,0.011297,0.030253,0.081882,0.15028,0.27125,0.48324,0.78411,1.0154,1.1921,1.3844
90.0,0.0037468,0.010114,0.027290,0.074884,0.13891,0.25737,0.45281,0.74188,0.96636,1.1390,1.3282
100.0,0.0033516,0.0091087,0.024747,0.068732,0.12872,0.24167,0.42468,0.70172,0.91876,1.0867,1.2717
110.0,0.0030145,0.0082435,0.022533,0.063241,0.11937,0.22474,0.39772,0.66178,0.86995,1.0319,1.2112
120.0,0.0027226,0.0074875,0.020586,0.058325,0.11222,0.20926,0.37269,0.62410,0.82353,0.97930,1.1523
130.0,0.0024262,0.0067138,0.018576,0.053153,0.10282,0.19275,0.34565,0.58279,0.77211,0.92062,1.0864
140.0,0.0021731,0.0060471,0.016824,0.048603,0.094352,0.17798,0.32120,0.54517,0.72516,0.86692,1.0258
150.0,0.0019590,0.0054794,0.015322,0.044700,0.086985,0.16505,0.29963,0.51162,0.68301,0.81858,0.97093
175.0,0.0014555,0.0041192,0.011655,0.034669,0.067954,0.13051,0.24014,0.41588,0.55970,0.67444,0.80439
200.0,0.0011029,0.0031539,0.0090156,0.027159,0.053807,0.10444,0.19447,0.34105,0.46215,0.55942,0.67024
250.0,0.00066319,0.0019305,0.0056185,0.017243,0.034762,0.068722,0.13079,0.23394,0.32073,0.39131,0.47249
300.0,0.00041659,0.0012307,0.0036378,0.011502,0.023644,0.047618,0.092390,0.16789,0.23215,0.28477,0.33838
350.0,0.00026982,0.00080782,0.0024214,0.0078402,0.016398,0.033565,0.066163,0.12196,0.16990,0.20571,0.24558
400.0,0.00017883,0.00054208,0.0016455,0.0054348,0.011552,0.023981,0.047926,0.089498,0.12404,0.15028,0.18027
450.0,0.00011621,0.00036053,0.0011237,0.0037175,0.0080783,0.017069,0.034677,0.065794,0.090739,0.11059,0.13353
500.0,7.6318e-05,0.00024189,0.00077206,0.0025593,0.0056966,0.012247,0.025290,0.048479,0.067030,0.082189,0.099882
600.0,3.3970e-05,0.00011148,0.00037157,0.0012587,0.0028983,0.0064968,0.013862,0.027078,0.038299,0.047640,0.059073
700.0,1.6166e-05,5.3880e-05,0.00018477,0.00065072,0.0015500,0.0035954,0.0079320,0.015689,0.022547,0.028370,0.035835
800.0,7.4124e-06,2.6506e-05,9.5018e-05,0.00034787,0.00083468,0.0020214,0.0045904,0.0093793,0.013811,0.017732,0.022648
1000.0,1.7876e-06,6.7768e-06,2.6152e-05,0.00010473,0.00027013,0.00069644,0.0016715,0.0036197,0.0054820,0.0072229,0.0094068
1200.0,4.7185e-07,1.8865e-06,7.8416e-06,3.3907e-05,9.3474e-05,0.00025269,0.00062635,0.0014245,0.0022405,0.0029809,0.0039553
1500.0,6.2609e-08,2.8232e-07,1.2737e-06,6.0960e-06,1.8230e-05,5.1655e-05,0.00014157,0.00033102,0.00054008,0.00077758,0.00099511
SA0P04
r\m,4.0,4.5,5.0,5.5,6.0,6.5,7.0,7.5,7.8,8.0,8.2
0.0,1.2951,1.7972,2.4249,3.1173,3.7885,4.3840,4.8463,4.8750,5.0895,5.2357,5.3579
1.0,1.0423,1.6842,2.3293,3.0252,3.7228,4.3477,4.8117,5.0174,5.2218,5.3648,5.4880
5.0,0.29322,0.59902,1.2096,2.1306,2.6968,3.2161,3.6474,4.0605,4.2741,4.4261,4.5672
10.0,0.11710,0.25605,0.55792,1.1955,1.6245,2.0485,2.6234,3.3057,3.3480,3.4705,3.4647
15.0,0.062426,0.14220,0.32362,0.72801,1.0444,1.4168,1.9805,2.6557,2.9761,2.9976,3.0444
20.0,0.038901,0.091337,0.21429,0.49869,0.74242,1.0756,1.5740,2.1819,2.5766,2.7511,2.7709
25.0,0.026413,0.063533,0.15263,0.36477,0.55961,0.85745,1.2935,1.8478,2.2174,2.4764,2.5823
30.0,0.019261,0.047249,0.11571,0.28246,0.44318,0.70858,1.0939,1.6001,1.9476,2.1949,2.4471
40.0,0.011710,0.029566,0.074490,0.18764,0.31026,0.51843,0.83185,1.2616,1.5838,1.8472,2.1271
50.0,0.0079018,0.020406,0.052572,0.13562,0.23398,0.40268,0.66498,1.0542,1.3664,1.5711,1.7845
60.0,0.0060377,0.015892,0.041748,0.10992,0.19630,0.34599,0.58417,0.96480,1.2273,1.4235,1.6306
70.0,0.0053096,0.014106,0.037376,0.099383,0.18189,0.32583,0.57239,0.92367,1.1829,1.3775,1.5854
80.0,0.0046489,0.012450,0.033267,0.089280,0.16668,0.30244,0.53932,0.87159,1.1245,1.3163,1.5229
90.0,0.0041478,0.011190,0.030121,0.081963,0.15464,0.28824,0.50702,0.82720,1.0732,1.2611,1.4649
100.0,0.0037239,0.010113,0.027405,0.075492,0.14377,0.27156,0.47687,0.78441,1.0227,1.2057,1.4055
110.0,0.0033600,0.0091796,0.025026,0.069673,0.13370,0.25315,0.44755,0.74117,0.97003,1.1467,1.3404
120.0,0.0030433,0.0083602,0.022924,0.064434,0.12609,0.23620,0.42017,0.70009,0.91956,1.0896,1.2765
130.0,0.0027167,0.0075089,0.020719,0.058824,0.11565,0.21770,0.38979,0.65366,0.86183,1.0237,1.2026
140.0,0.0024378,0.0067744,0.018793,0.053876,0.10624,0.20114,0.36230,0.61143,0.80917,0.96355,1.1348
150.0,0.0022015,0.0061481,0.017138,0.049620,0.098033,0.18664,0.33807,0.57380,0.76195,0.90941,1.0734
175.0,0.0016453,0.0046482,0.013109,0.038715,0.076937,0.14812,0.27170,0.46744,0.62546,0.75036,0.89028
200.0,0.0012523,0.0035740,0.010184,0.030464,0.061134,0.11881,0.22041,0.38381,0.51692,0.62279,0.74201
250.0,0.00075713,0.0021983,0.0063761,0.019431,0.039614,0.078285,0.14827,0.26314,0.35839,0.43511,0.52221
300.0,0.00047641,0.0014032,0.0041334,0.012995,0.026976,0.054219,0.10458,0.18839,0.25869,0.31564,0.37234
350.0,0.00030816,0.00091953,0.0027468,0.0088547,0.018677,0.038091,0.074572,0.13614,0.18827,0.22652,0.26831
400.0,0.00020343,0.00061441,0.0018587,0.0061184,0.013102,0.027050,0.053634,0.099124,0.13624,0.16394,0.19499
450.0,0.00013192,0.00040771,0.0012668,0.0041674,0.0091147,0.019120,0.038493,0.072197,0.098610,0.11932,0.14276
500.0,8.6276e-05,0.00027233,0.00086674,0.0028503,0.0063815,0.013595,0.027786,0.052581,0.071928,0.087528,0.10532
600.0,3.6147e-05,0.00011833,0.00039388,0.0013149,0.0030469,0.0067723,0.014281,0.027641,0.038797,0.047967,0.059211
700.0,1.6874e-05,5.6252e-05,0.00019179,0.00066780,0.0016024,0.0036796,0.0080357,0.015715,0.022412,0.028344,0.035835
800.0,7.6243e-06,2.7224e-05,9.7280e-05,0.00035152,0.00084499,0.0020279,0.0045623,0.0093793,0.013811,0.017732,0.022648
1000.0,1.7980e-06,6.7581e-06,2.5989e-05,0.00010473,0.00027013,0.00069644,0.0016715,0.0036197,0.0054820,0.0072229,0.0094068
1200.0,4.7185e-07,1.8865e-06,7.8416e-06,3.3907e-05,9.3474e-05,0.00025269,0.00062635,0.0014245,0.0022405,0.0029809,0.0039553
1500.0,6.2609e-08,2.8232e-07,1.2737e-06,6.0960e-06,1.8230e-05,5.1655e-05,0.00014157,0.00033102,0.00054008,0.00077758,0.00099511
SA0P05
r\m,4.0,4.5,5.0,5.5,6.0,6.5,7.0,7.5,7.8,8.0,8.2
0.0,1.1163,1.6505,2.3354,3.0887,3.8203,4.4728,4.9844,5.0317,5.2610,5.4114,5.5351
1.0,0.89718,1.5368,2.2365,2.9911,3.7495,4.4330,4.9458,5.1809,5.4002,5.5473,5.6712
5.0,0.27674,0.57082,1.1662,2.0905,2.6991,3.2605,3.7307,4.1809,4.4124,4.5742,4.7228
10.0,0.11377,0.24995,0.54773,1.1743,1.6300,2.0796,2.6894,3.4111,3.4547,3.5842,3.5773
15.0,0.061281,0.14008,0.32008,0.71942,1.0532,1.4437,2.0341,2.7417,3.0756,3.0951,3.1416
20.0,0.038405,0.090446,0.21289,0.49465,0.75139,1.1002,1.6204,2.2543,2.6648,2.8444,2.8600
25.0,0.026214,0.063207,0.15225,0.36297,0.56804,0.87994,1.3349,1.9117,2.2949,2.5629,2.6680
30.0,0.019175,0.047132,0.11570,0.28154,0.45068,0.72895,1.1314,1.6580,2.0176,2.2728,2.5320
40.0,0.011701,0.029588,0.074653,0.18735,0.31631,0.53489,0.86291,1.3103,1.6440,1.9167,2.2053
50.0,0.0079136,0.020458,0.052747,0.13550,0.23886,0.41615,0.69115,1.0973,1.4216,1.6325,1.8509
60.0,0.0060468,0.015933,0.041877,0.10975,0.20025,0.35719,0.60651,1.0036,1.2747,1.4762,1.6878
70.0,0.0053417,0.014195,0.037595,0.099413,0.18603,0.33746,0.59688,0.96388,1.2322,1.4325,1.6453
80.0,0.0047036,0.012595,0.033626,0.089706,0.17124,0.31455,0.56463,0.91240,1.1745,1.3721,1.5838
90.0,0.0042141,0.011364,0.030556,0.082648,0.15938,0.30084,0.53214,0.86780,1.1231,1.3167,1.5257
100.0,0.0037977,0.010307,0.027893,0.076378,0.14863,0.28425,0.50164,0.82451,1.0721,1.2608,1.4657
110.0,0.0034384,0.0093863,0.025551,0.070710,0.13861,0.26561,0.47175,0.78039,1.0183,1.2006,1.3994
120.0,0.0031242,0.0085744,0.023472,0.065585,0.13111,0.24836,0.44371,0.73830,0.96666,1.1422,1.3341
130.0,0.0027972,0.0077232,0.021272,0.060036,0.12052,0.22928,0.41212,0.68990,0.90648,1.0736,1.2572
140.0,0.0025170,0.0069857,0.019342,0.055119,0.11092,0.21216,0.38345,0.64574,0.85146,1.0108,1.1864
150.0,0.0022780,0.0063527,0.017671,0.050856,0.10249,0.19706,0.35805,0.60618,0.80184,0.95391,1.1220
175.0,0.0017159,0.0048396,0.013617,0.039978,0.080938,0.15722,0.28907,0.49571,0.66045,0.78958,0.93323
200.0,0.0013148,0.0037457,0.010647,0.031659,0.064672,0.12670,0.23541,0.40838,0.54750,0.65718,0.77979
250.0,0.00080318,0.0023270,0.0067313,0.020387,0.042249,0.084031,0.15921,0.28128,0.38119,0.46095,0.55073
300.0,0.00050920,0.0014961,0.0043952,0.013744,0.028965,0.058505,0.11277,0.20207,0.27598,0.33531,0.39340
350.0,0.00033108,0.00098525,0.0029350,0.0094194,0.020146,0.041228,0.080572,0.14622,0.20105,0.24069,0.28344
400.0,0.00021921,0.00066015,0.0019916,0.0065320,0.014167,0.029303,0.057936,0.10636,0.14524,0.17383,0.20545
450.0,0.00014281,0.00044002,0.0013635,0.0044620,0.0098740,0.020714,0.041532,0.077293,0.10477,0.12605,0.14976
500.0,9.3675e-05,0.00029467,0.00093538,0.0030545,0.0069133,0.014701,0.029885,0.056038,0.076007,0.091921,0.10975
600.0,3.7929e-05,0.00012389,0.00041172,0.0013580,0.0031774,0.0070389,0.014726,0.028287,0.039430,0.048483,0.059595
700.0,1.7578e-05,5.8594e-05,0.00019876,0.00068488,0.0016594,0.0037888,0.0082114,0.015895,0.022504,0.028344,0.035835
800.0,7.9099e-06,2.8178e-05,0.00010033,0.00035810,0.00086469,0.0020628,0.0046040,0.0093793,0.013811,0.017732,0.022648
1000.0,1.8522e-06,6.8995e-06,2.6409e-05,0.00010473,0.00027013,0.00069644,0.0016715,0.0036197,0.0054820,0.0072229,0.0094068
1200.0,4.7185e-07,1.8865e-06,7.8416e-06,3.3907e-05,9.3474e-05,0.00025269,0.00062635,0.0014245,0.0022405,0.0029809,0.0039553
1500.0,6.2609e-08,2.8232e-07,1.2737e-06,6.0960e-06,1.8230e-05,5.1655e-05,0.00014157,0.00033102,0.00054008,0.00077758,0.00099511
SA0P075
r\m,4.0,4.5,5.0,5.5,6.0,6.5,7.0,7.5,7.8,8.0,8.2
0.0,0.81790,1.3328,2.0235,2.7863,3.5462,4.2479,4.8189,4.8843,5.0998,5.2269,5.3271
1.0,0.65490,1.2237,1.9250,2.6911,3.4789,4.2142,4.7866,5.0406,5.2465,5.3669,5.4596
5.0,0.22635,0.47698,0.99482,1.8367,2.4873,3.1069,3.6330,4.1059,4.3333,4.4790,4.6059
10.0,0.095685,0.21344,0.47463,1.0229,1.5050,1.9986,2.6549,3.4017,3.4373,3.5581,3.5372
15.0,0.052096,0.12056,0.27881,0.62914,0.97740,1.3961,2.0187,2.7496,3.0841,3.0932,3.1308
20.0,0.032856,0.078198,0.18597,0.43324,0.69853,1.0674,1.6115,2.2647,2.6789,2.8534,2.8590
25.0,0.022530,0.054806,0.13330,0.31817,0.52847,0.85428,1.3284,1.9208,2.3067,2.5727,2.6701
30.0,0.016530,0.040924,0.10134,0.24652,0.41879,0.70707,1.1254,1.6644,2.0257,2.2783,2.5343
40.0,0.010128,0.025744,0.065374,0.16369,0.29323,0.51739,0.85587,1.3109,1.6443,1.9142,2.1990
50.0,0.0068725,0.017829,0.046160,0.11809,0.22081,0.40123,0.68360,1.0962,1.4209,1.6288,1.8437
60.0,0.0052805,0.013946,0.036748,0.095722,0.18496,0.34344,0.59751,0.99813,1.2661,1.4629,1.6691
70.0,0.0046751,0.012433,0.032961,0.086487,0.17141,0.32369,0.58721,0.95596,1.2203,1.4154,1.6225
80.0,0.0041636,0.011150,0.029765,0.078712,0.15903,0.30376,0.55860,0.90835,1.1665,1.3587,1.5643
90.0,0.0037632,0.010143,0.027251,0.073035,0.14892,0.29222,0.52843,0.86638,1.1178,1.3059,1.5084
100.0,0.0034195,0.0092704,0.025053,0.067959,0.13971,0.27755,0.50003,0.82557,1.0694,1.2527,1.4511
110.0,0.0031204,0.0085052,0.023108,0.063338,0.13106,0.26063,0.47209,0.78391,1.0186,1.1957,1.3880
120.0,0.0028567,0.0078252,0.021370,0.059134,0.12477,0.24489,0.44580,0.74410,0.96968,1.1404,1.3262
130.0,0.0025796,0.0071062,0.019516,0.054533,0.11542,0.22728,0.41583,0.69763,0.91188,1.0746,1.2525
140.0,0.0023388,0.0064743,0.017868,0.050394,0.10681,0.21126,0.38832,0.65471,0.85837,1.0136,1.1836
150.0,0.0021285,0.0059182,0.016402,0.046703,0.099029,0.19677,0.36331,0.61530,0.80893,0.95692,1.1195
175.0,0.0016365,0.0045993,0.012885,0.037405,0.079511,0.15931,0.29714,0.50879,0.67322,0.79990,0.93983
200.0,0.0012780,0.0036263,0.010258,0.030139,0.064535,0.13018,0.24499,0.42373,0.56385,0.67239,0.79276
250.0,0.00080590,0.0023239,0.0066858,0.019986,0.043315,0.088438,0.16922,0.29763,0.39990,0.48010,0.56947
300.0,0.00052535,0.0015356,0.0044848,0.013850,0.030457,0.062971,0.12226,0.21781,0.29469,0.35526,0.41324
350.0,0.00035005,0.0010358,0.0030663,0.0097281,0.021659,0.045246,0.088874,0.16011,0.21793,0.25858,0.30170
400.0,0.00023672,0.00070858,0.0021233,0.0068920,0.015524,0.032683,0.064806,0.11793,0.15922,0.18875,0.22083
450.0,0.00015810,0.00048385,0.0014885,0.0048088,0.011024,0.023457,0.047043,0.086591,0.11582,0.13790,0.16198
500.0,0.00010603,0.00033103,0.0010426,0.0033521,0.0078418,0.016849,0.034161,0.063178,0.084395,0.10092,0.11893
600.0,4.2439e-05,0.00013770,0.00045451,0.0014648,0.0035232,0.0078322,0.016221,0.030691,0.042148,0.051224,0.062353
700.0,1.9978e-05,6.6364e-05,0.00022228,0.00074826,0.0018593,0.0042321,0.0090606,0.017162,0.023891,0.029374,0.035879
800.0,9.1712e-06,3.2354e-05,0.00011383,0.00039504,0.00096819,0.0022946,0.0050420,0.0098609,0.013811,0.017732,0.022648
1000.0,2.2134e-06,8.0550e-06,3.0322e-05,0.00011206,0.00029282,0.00071398,0.0016715,0.0036197,0.0054820,0.0072229,0.0094068
1200.0,5.5482e-07,2.1462e-06,8.4960e-06,3.3907e-05,9.3474e-05,0.00025269,0.00062635,0.0014245,0.0022405,0.0029809,0.0039553
1500.0,7.4047e-08,3.0733e-07,1.3084e-06,6.0960e-06,1.8230e-05,5.1655e-05,0.00014157,0.00033102,0.00054008,0.00077758,0.00099511
SA0P1
r\m,4.0,4.5,5.0,5.5,6.0,6.5,7.0,7.5,7.8,8.0,8.2
0.0,0.65798,1.1232,1.7571,2.4585,3.1770,3.8652,4.4443,4.5076,4.6888,4.7840,4.8557
1.0,0.52505,1.0202,1.6632,2.3728,3.1202,3.8430,4.4247,4.6638,4.8354,4.9199,4.9766
5.0,0.18566,0.39939,0.84325,1.5829,2.2288,2.8650,3.4101,3.8627,4.0618,4.1754,4.2673
10.0,0.078352,0.17810,0.40105,0.86956,1.3474,1.8617,2.5326,3.2597,3.2827,3.3829,3.3454
15.0,0.042696,0.10046,0.23493,0.53350,0.87509,1.3051,1.9347,2.6539,2.9713,2.9693,2.9952
20.0,0.026957,0.065113,0.15638,0.36634,0.62389,0.99683,1.5438,2.1888,2.5871,2.7482,2.7461
25.0,0.018473,0.045536,0.11184,0.26825,0.47062,0.79488,1.2694,1.8529,2.2248,2.4764,2.5650
30.0,0.013553,0.033948,0.084814,0.20706,0.37143,0.65486,1.0713,1.6003,1.9480,2.1873,2.4302
40.0,0.0083092,0.021327,0.054540,0.13679,0.25837,0.47544,0.80805,1.2503,1.5683,1.8228,2.0919
50.0,0.0056474,0.014765,0.038419,0.098287,0.19350,0.36627,0.64120,1.0401,1.3497,1.5462,1.7504
60.0,0.0043713,0.011617,0.030703,0.079811,0.16204,0.31275,0.55818,0.94212,1.1952,1.3794,1.5732
70.0,0.0038590,0.010319,0.027414,0.071709,0.14920,0.29261,0.54441,0.89518,1.1432,1.3249,1.5187
80.0,0.0034641,0.0093219,0.024919,0.065639,0.13909,0.27560,0.51913,0.85150,1.0932,1.2716,1.4632
90.0,0.0031513,0.0085306,0.022937,0.061206,0.13078,0.26600,0.49200,0.81298,1.0479,1.2222,1.4103
100.0,0.0028814,0.0078421,0.021197,0.057232,0.12320,0.25349,0.46657,0.77580,1.0036,1.1731,1.3570
110.0,0.0026454,0.0072357,0.019655,0.053605,0.11608,0.23888,0.44168,0.73822,0.95749,1.1213,1.2995
120.0,0.0024364,0.0066950,0.018271,0.050296,0.11101,0.22529,0.41830,0.70242,0.91341,1.0715,1.2437
130.0,0.0022170,0.0061242,0.016800,0.046680,0.10328,0.21011,0.39178,0.66078,0.86156,1.0124,1.1774
140.0,0.0020234,0.0056151,0.015473,0.043377,0.096042,0.19614,0.36715,0.62178,0.81286,0.95682,1.1146
150.0,0.0018499,0.0051548,0.014260,0.040345,0.089306,0.18312,0.34412,0.58498,0.76667,0.90393,1.0547
175.0,0.0014475,0.0040744,0.011385,0.032811,0.072712,0.15016,0.28468,0.48855,0.64405,0.76243,0.89313
200.0,0.0011496,0.0032655,0.0092088,0.026833,0.059835,0.12427,0.23744,0.41106,0.54473,0.64703,0.76036
250.0,0.00074665,0.0021543,0.0061738,0.018279,0.041206,0.086451,0.16756,0.29464,0.39387,0.47070,0.55612
300.0,0.00050065,0.0014636,0.0042552,0.013008,0.029717,0.063025,0.12370,0.22012,0.29608,0.35514,0.41120
350.0,0.00034272,0.0010138,0.0029854,0.0093757,0.021653,0.046326,0.091847,0.16509,0.22326,0.26341,0.30580
400.0,0.00023780,0.00071128,0.0021188,0.0068087,0.015884,0.034194,0.068335,0.12394,0.16612,0.19574,0.22775
450.0,0.00016348,0.00049955,0.0015262,0.0048750,0.011554,0.025083,0.050604,0.092688,0.12293,0.14540,0.16970
500.0,0.00011277,0.00035123,0.0010975,0.0034834,0.0084093,0.018391,0.037430,0.068754,0.090957,0.10797,0.12630
600.0,4.6931e-05,0.00015181,0.00049666,0.0015750,0.0038869,0.0087352,0.018052,0.033773,0.045843,0.055218,0.066669
700.0,2.2946e-05,7.6070e-05,0.00025186,0.00083168,0.0021128,0.0048353,0.010291,0.019172,0.026323,0.032035,0.038721
800.0,1.0973e-05,3.8393e-05,0.00013328,0.00045196,0.0011251,0.0026689,0.0058039,0.011144,0.015219,0.018827,0.023126
1000.0,2.8291e-06,1.0120e-05,3.7379e-05,0.00013383,0.00035285,0.00085145,0.0019428,0.0039278,0.0055276,0.0073635,0.0094068
1200.0,7.4469e-07,2.8312e-06,1.0912e-05,4.1246e-05,0.00011507,0.00029566,0.00068751,0.0014776,0.0022586,0.0029809,0.0039553
1500.0,1.0812e-07,4.3253e-07,1.7761e-06,7.4455e-06,2.2359e-05,5.7780e-05,0.00015283,0.00033626,0.00054008,0.00078078,0.00099511
SA0P15
r\m,4.0,4.5,5.0,5.5,6.0,6.5,7.0,7.5,7.8,8.0,8.2
0.0,0.48351,0.87237,1.3895,1.9588,2.5687,3.1874,3.7348,3.7873,3.9134,3.9654,4.0012
1.0,0.38377,0.78083,1.3065,1.8910,2.5300,3.1829,3.7348,3.9347,4.0514,4.0879,4.1004
5.0,0.12978,0.29671,0.63765,1.2181,1.8126,2.4303,2.9677,3.3611,3.5075,3.5708,3.6119
10.0,0.053416,0.12913,0.29760,0.65273,1.0919,1.6065,2.2650,2.9259,2.9301,2.9949,2.9363
15.0,0.028943,0.072197,0.17259,0.39711,0.70671,1.1300,1.7424,2.4123,2.6909,2.6741,2.6834
20.0,0.018239,0.046573,0.11415,0.27070,0.50046,0.85906,1.3867,1.9931,2.3515,2.4872,2.4774
25.0,0.012441,0.032350,0.081100,0.19681,0.37482,0.67899,1.1329,1.6798,2.0165,2.2374,2.3130
30.0,0.0091104,0.024012,0.061162,0.15082,0.29341,0.55383,0.94811,1.4406,1.7554,1.9664,2.1821
40.0,0.0055783,0.015020,0.039063,0.098690,0.20149,0.39585,0.70331,1.1078,1.3911,1.6135,1.8502
50.0,0.0037964,0.010382,0.027389,0.070408,0.14938,0.30119,0.55104,0.91194,1.1870,1.3601,1.5426
60.0,0.0029757,0.0082480,0.022033,0.057363,0.12510,0.25628,0.47671,0.81903,1.0412,1.2011,1.3714
70.0,0.0026066,0.0072639,0.019490,0.051011,0.11378,0.23633,0.45766,0.76620,0.98124,1.1376,1.3064
80.0,0.0023630,0.0066221,0.017861,0.047018,0.10664,0.22341,0.43712,0.72875,0.93740,1.0900,1.2557
90.0,0.0021676,0.0061060,0.016550,0.044111,0.10076,0.21636,0.41494,0.69609,0.89828,1.0468,1.2086
100.0,0.0019982,0.0056556,0.015399,0.041503,0.095402,0.20697,0.39438,0.66512,0.86079,1.0049,1.1626
110.0,0.0018495,0.0052576,0.014375,0.039121,0.090390,0.19592,0.37458,0.63454,0.82300,0.96229,1.1149
120.0,0.0017172,0.0049016,0.013456,0.036945,0.086948,0.18568,0.35611,0.60565,0.78722,0.92168,1.0693
130.0,0.0015801,0.0045308,0.012492,0.034598,0.081555,0.17444,0.33560,0.57272,0.74604,0.87472,1.0164
140.0,0.0014559,0.0041918,0.011604,0.032400,0.076372,0.16385,0.31617,0.54115,0.70644,0.82943,0.96509
150.0,0.0013395,0.0038710,0.010754,0.030283,0.071309,0.15349,0.29710,0.50997,0.66719,0.78449,0.91407
175.0,0.0010744,0.0031331,0.0087814,0.025148,0.059202,0.12818,0.24988,0.43208,0.56821,0.67048,0.78395
200.0,0.00087440,0.0025707,0.0072638,0.020999,0.049685,0.10806,0.21200,0.36913,0.48768,0.57719,0.67680
250.0,0.00059334,0.0017702,0.0050765,0.014877,0.035548,0.077942,0.15465,0.27307,0.36340,0.43229,0.50917
300.0,0.00041567,0.0012555,0.0036478,0.011018,0.026653,0.058972,0.11820,0.21094,0.28213,0.33661,0.38830
350.0,0.00029733,0.00090794,0.0026678,0.0082692,0.020195,0.045012,0.090957,0.16374,0.21996,0.25800,0.29827
400.0,0.00021555,0.00066491,0.0019734,0.0062550,0.015404,0.034511,0.070180,0.12731,0.16936,0.19828,0.22965
450.0,0.00015562,0.00048970,0.0014874,0.0046797,0.011684,0.026346,0.053966,0.098671,0.12973,0.15234,0.17684
500.0,0.00011283,0.00036130,0.0011200,0.0034956,0.0088712,0.020106,0.041447,0.075838,0.099315,0.11694,0.13591
600.0,5.2418e-05,0.00017378,0.00056200,0.0017499,0.0045018,0.010390,0.021596,0.039876,0.053318,0.063499,0.075808
700.0,2.7920e-05,9.4829e-05,0.00030987,0.00099704,0.0026226,0.0061232,0.013020,0.023778,0.032052,0.038472,0.045869
800.0,1.4632e-05,5.1905e-05,0.00017682,0.00058128,0.0014893,0.0035776,0.0077128,0.014424,0.019267,0.023443,0.028319
1000.0,4.4077e-06,1.5841e-05,5.6836e-05,0.00019481,0.00052238,0.0012546,0.0027993,0.0054431,0.0074195,0.0097257,0.012102
1200.0,1.3284e-06,5.0455e-06,1.8681e-05,6.6737e-05,0.00018699,0.00047146,0.0010578,0.0021657,0.0032031,0.0041063,0.0052081
1500.0,2.3555e-07,9.1735e-07,3.5585e-06,1.3831e-05,4.1066e-05,0.00010199,0.00025711,0.00053264,0.00081540,0.0011621,0.0013720
SA0P2
r\m,4.0,4.5,5.0,5.5,6.0,6.5,7.0,7.5,7.8,8.0,8.2
0.0,0.37072,0.71269,1.1509,1.6257,2.1494,2.7017,3.2074,3.2550,3.3504,3.3816,3.4015
1.0,0.29317,0.63216,1.0777,1.5707,2.1220,2.7067,3.2180,3.3912,3.4777,3.4917,3.4856
5.0,0.092763,0.23182,0.51096,0.98856,1.5260,2.1055,2.6168,2.9628,3.0763,3.1121,3.1274
10.0,0.037221,0.098527,0.23422,0.52030,0.91641,1.4088,2.0360,2.6362,2.6317,2.6753,2.6088
15.0,0.020042,0.054635,0.13465,0.31427,0.59101,0.99253,1.5735,2.1933,2.4414,2.4185,2.4196
20.0,0.012599,0.035088,0.088578,0.21299,0.41619,0.75125,1.2493,1.8142,2.1390,2.2569,2.2452
25.0,0.0085577,0.024236,0.062597,0.15400,0.30996,0.58956,1.0154,1.5238,1.8304,2.0274,2.0951
30.0,0.0062549,0.017925,0.047006,0.11738,0.24116,0.47724,0.84415,1.2998,1.5865,1.7755,1.9702
40.0,0.0038246,0.011173,0.029870,0.076291,0.16406,0.33717,0.61841,0.98781,1.2428,1.4406,1.6523
50.0,0.0026046,0.0077122,0.020874,0.054165,0.12077,0.25426,0.48004,0.80687,1.0537,1.2088,1.3744
60.0,0.0020598,0.0061687,0.016870,0.044238,0.10116,0.21589,0.41362,0.72057,0.91874,1.0605,1.2133
70.0,0.0017932,0.0053974,0.014821,0.039055,0.091197,0.19699,0.39243,0.66648,0.85658,0.99445,1.1450
80.0,0.0016350,0.0049462,0.013645,0.036139,0.085731,0.18655,0.37497,0.63354,0.81742,0.95152,1.0985
90.0,0.0015073,0.0045811,0.012693,0.034024,0.081228,0.18097,0.35619,0.60515,0.78295,0.91311,1.0562
100.0,0.0013965,0.0042623,0.011857,0.032128,0.077131,0.17349,0.33895,0.57859,0.75047,0.87661,1.0158
110.0,0.0012990,0.0039802,0.011114,0.030398,0.073320,0.16467,0.32256,0.55284,0.71845,0.84034,0.97492
120.0,0.0012121,0.0037278,0.010446,0.028818,0.070770,0.15652,0.30736,0.52868,0.68835,0.80611,0.93636
130.0,0.0011234,0.0034686,0.0097569,0.027139,0.066724,0.14774,0.29084,0.50168,0.65445,0.76735,0.89255
140.0,0.0010414,0.0032274,0.0091116,0.025538,0.062760,0.13933,0.27495,0.47534,0.62125,0.72929,0.84927
150.0,0.00096192,0.0029914,0.0084728,0.023940,0.058750,0.13080,0.25881,0.44847,0.58732,0.69039,0.80502
175.0,0.00078367,0.0024571,0.0070158,0.020137,0.049371,0.11049,0.21998,0.38351,0.50464,0.59514,0.69619
200.0,0.00064787,0.0020462,0.0058854,0.017033,0.041949,0.094261,0.18872,0.33091,0.43729,0.51717,0.60660
250.0,0.00045232,0.0014485,0.0042241,0.012371,0.030763,0.069625,0.14073,0.25002,0.33249,0.39496,0.46508
300.0,0.00032629,0.0010570,0.0031197,0.0094020,0.023663,0.054008,0.11012,0.19758,0.26388,0.31425,0.36232
350.0,0.00024054,0.00078713,0.0023466,0.0072494,0.018411,0.042314,0.086897,0.15715,0.21065,0.24654,0.28482
400.0,0.00017988,0.00059409,0.0017867,0.0056394,0.014432,0.033339,0.068851,0.12537,0.16634,0.19428,0.22482
450.0,0.00013445,0.00045243,0.0013900,0.0043516,0.011280,0.026209,0.054462,0.099859,0.13087,0.15324,0.17766
500.0,0.00010108,0.00034567,0.0010820,0.0033573,0.0088361,0.020624,0.043083,0.078973,0.10302,0.12090,0.14029
600.0,5.1804e-05,0.00018282,0.00059468,0.0018423,0.0048903,0.011571,0.024305,0.044643,0.059225,0.070129,0.083188
700.0,2.9676e-05,0.00010713,0.00035225,0.0011202,0.0030255,0.0072207,0.015443,0.027962,0.037323,0.044465,0.052637
800.0,1.6826e-05,6.2958e-05,0.00021463,0.00069539,0.0018268,0.0044653,0.0096329,0.017750,0.023462,0.028261,0.033806
1000.0,5.8294e-06,2.2027e-05,7.8478e-05,0.00026317,0.00071747,0.0017357,0.0038290,0.0072646,0.0097292,0.012545,0.015391
1200.0,2.0078e-06,7.9599e-06,2.9067e-05,0.00010072,0.00028433,0.00071265,0.0015668,0.0031000,0.0044706,0.0056322,0.0070174
1500.0,4.3009e-07,1.7241e-06,6.5168e-06,2.4155e-05,7.1339e-05,0.00017433,0.00042385,0.00084117,0.0012474,0.0017339,0.0020079
SA0P25
r\m,4.0,4.5,5.0,5.5,6.0,6.5,7.0,7.5,7.8,8.0,8.2
0.0,0.28555,0.59021,0.97823,1.3922,1.8551,2.3554,2.8244,2.8712,2.9498,2.9709,2.9840
1.0,0.22525,0.52043,0.91365,1.3460,1.8347,2.3652,2.8405,2.9972,3.0674,3.0711,3.0577
5.0,0.067184,0.18525,0.42415,0.83389,1.3236,1.8651,2.3486,2.6608,2.7547,2.7758,2.7785
10.0,0.026423,0.077296,0.19174,0.43340,0.79301,1.2586,1.8524,2.4041,2.3964,2.4280,2.3600
15.0,0.014158,0.042594,0.10952,0.26038,0.50998,0.88756,1.4362,2.0132,2.2392,2.2144,2.2120
20.0,0.0088833,0.027266,0.071759,0.17572,0.35767,0.66956,1.1381,1.6667,1.9653,2.0713,2.0600
25.0,0.0060153,0.018756,0.050514,0.12655,0.26529,0.52274,0.92155,1.3964,1.6794,1.8589,1.9217
30.0,0.0043908,0.013837,0.037818,0.096101,0.20552,0.42084,0.76252,1.1866,1.4511,1.6239,1.8030
40.0,0.0026824,0.0086040,0.023947,0.062174,0.13891,0.29489,0.55367,0.89431,1.1276,1.3072,1.5007
50.0,0.0018278,0.0059334,0.016698,0.043998,0.10175,0.22100,0.42700,0.72652,0.95187,1.0935,1.2463
60.0,0.0014547,0.0047687,0.013538,0.035998,0.085256,0.18740,0.36695,0.64637,0.82664,0.95537,1.0953
70.0,0.0012609,0.0041533,0.011838,0.031623,0.076387,0.16974,0.34526,0.59313,0.76499,0.88965,1.0269
80.0,0.0011540,0.0038190,0.010930,0.029335,0.071940,0.16091,0.32994,0.56355,0.72944,0.85040,0.98406
90.0,0.0010675,0.0035475,0.010194,0.027681,0.068282,0.15626,0.31355,0.53827,0.69848,0.81569,0.94544
100.0,0.00099228,0.0033103,0.0095470,0.026198,0.064959,0.15000,0.29860,0.51486,0.66963,0.78312,0.90917
110.0,0.00092609,0.0031005,0.0089722,0.024848,0.061883,0.14263,0.28453,0.49246,0.64162,0.75130,0.87319
120.0,0.00086709,0.0029126,0.0084559,0.023616,0.059862,0.13584,0.27154,0.47155,0.61546,0.72148,0.83950
130.0,0.00080751,0.0027222,0.0079297,0.022321,0.056634,0.12862,0.25765,0.44856,0.58646,0.68824,0.80182
140.0,0.00075164,0.0025425,0.0074315,0.021071,0.053425,0.12163,0.24416,0.42582,0.55768,0.65518,0.76409
150.0,0.00069616,0.0023623,0.0069258,0.019791,0.050098,0.11435,0.23009,0.40209,0.52762,0.62067,0.72475
175.0,0.00057313,0.0019594,0.0057875,0.016786,0.042437,0.097332,0.19697,0.34601,0.45608,0.53817,0.63035
200.0,0.00047883,0.0016479,0.0049003,0.014320,0.036354,0.083698,0.17024,0.30057,0.39779,0.47066,0.55270
250.0,0.00034082,0.0011884,0.0035799,0.010573,0.027103,0.062824,0.12887,0.23040,0.30667,0.36428,0.42931
300.0,0.00025084,0.00088412,0.0026932,0.0081758,0.021211,0.049569,0.10248,0.18496,0.24712,0.29420,0.33944
350.0,0.00018883,0.00067180,0.0020651,0.0064203,0.016804,0.039545,0.082302,0.14965,0.20058,0.23464,0.27122
400.0,0.00014432,0.00051783,0.0016043,0.0050917,0.013425,0.031762,0.066454,0.12161,0.16129,0.18826,0.21797
450.0,0.00011054,0.00040370,0.0012760,0.0040146,0.010716,0.025499,0.053652,0.098805,0.12940,0.15138,0.17558
500.0,8.5280e-05,0.00031621,0.0010168,0.0031693,0.0085853,0.020519,0.043379,0.079826,0.10403,0.12194,0.14155
600.0,4.7194e-05,0.00018006,0.00059974,0.0018685,0.0050896,0.012306,0.026135,0.047950,0.063364,0.074819,0.088438
700.0,2.8607e-05,0.00011147,0.00037559,0.0011951,0.0033008,0.0080401,0.017334,0.031301,0.041571,0.049331,0.058196
800.0,1.7257e-05,6.9301e-05,0.00024102,0.00078009,0.0020962,0.0052156,0.011305,0.020673,0.027208,0.032578,0.038756
1000.0,6.6956e-06,2.7128e-05,9.8039e-05,0.00032704,0.00090688,0.0022207,0.0048780,0.0091216,0.012107,0.015396,0.018709
1200.0,2.5842e-06,1.0912e-05,4.0254e-05,0.00013800,0.00039380,0.00098879,0.0021526,0.0041645,0.0058989,0.0073377,0.0090291
1500.0,6.4995e-07,2.7541e-06,1.0428e-05,3.7738e-05,0.00011160,0.00027220,0.00064566,0.0012460,0.0018050,0.0024532,0.0028131
SA0P3
r\m,4.0,4.5,5.0,5.5,6.0,6.5,7.0,7.5,7.8,8.0,8.2
0.0,0.22079,0.48969,0.84209,1.2168,1.6380,2.0993,2.5387,2.5866,2.6555,2.6717,2.6819
1.0,0.17385,0.43002,0.78508,1.1772,1.6221,2.1117,2.5576,2.7040,2.7650,2.7640,2.7480
5.0,0.049423,0.14952,0.35889,0.72121,1.1732,1.6819,2.1408,2.4286,2.5104,2.5236,2.5199
10.0,0.019143,0.061523,0.16055,0.37145,0.70171,1.1422,1.7052,2.2188,2.2108,2.2353,2.1685
15.0,0.010220,0.033746,0.091264,0.22229,0.45030,0.80591,1.3253,1.8670,2.0765,2.0519,2.0481
20.0,0.0064040,0.021551,0.059627,0.14956,0.31488,0.60647,1.0487,1.5466,1.8251,1.9226,1.9126
25.0,0.0043269,0.014781,0.041857,0.10740,0.23286,0.47168,0.84681,1.2935,1.5579,1.7243,1.7839
30.0,0.0031555,0.010886,0.031269,0.081345,0.17984,0.37823,0.69826,1.0961,1.3433,1.5038,1.6710
40.0,0.0019268,0.0067579,0.019753,0.052457,0.12099,0.26348,0.50378,0.82122,1.0378,1.2038,1.3834
50.0,0.0013137,0.0046578,0.013752,0.037038,0.088318,0.19659,0.38671,0.66455,0.87330,1.0048,1.1478
60.0,0.0010504,0.0037569,0.011177,0.030345,0.074022,0.16656,0.33174,0.58969,0.75635,0.87533,1.0056
70.0,0.00090775,0.0032615,0.0097405,0.026563,0.066033,0.15006,0.31025,0.53806,0.69625,0.81113,0.93843
80.0,0.00083306,0.0030062,0.0090122,0.024685,0.062267,0.14236,0.29651,0.51106,0.66355,0.77483,0.89856
90.0,0.00077248,0.0027983,0.0084199,0.023329,0.059173,0.13834,0.28186,0.48814,0.63527,0.74300,0.86293
100.0,0.00071981,0.0026168,0.0079000,0.022115,0.056367,0.13293,0.26857,0.46706,0.60913,0.71339,0.82980
110.0,0.00067342,0.0024561,0.0074381,0.021011,0.053778,0.12655,0.25615,0.44708,0.58405,0.68481,0.79739
120.0,0.00063205,0.0023123,0.0070233,0.020004,0.052101,0.12069,0.24472,0.42850,0.56071,0.65815,0.76720
130.0,0.00059067,0.0021679,0.0066050,0.018956,0.049411,0.11453,0.23267,0.40831,0.53516,0.62881,0.73384
140.0,0.00055143,0.0020303,0.0062053,0.017934,0.046708,0.10852,0.22086,0.38816,0.50955,0.59933,0.70011
150.0,0.00051172,0.0018896,0.0057922,0.016867,0.043851,0.10212,0.20831,0.36675,0.48236,0.56806,0.66440
175.0,0.00042444,0.0015782,0.0048712,0.014389,0.037352,0.087393,0.17922,0.31702,0.41876,0.49463,0.58024
200.0,0.00035728,0.0013367,0.0041513,0.012348,0.032181,0.075572,0.15572,0.27671,0.36695,0.43457,0.51107
250.0,0.00025783,0.00097662,0.0030706,0.0092224,0.024271,0.057372,0.11914,0.21430,0.28570,0.33958,0.40070
300.0,0.00019250,0.00073662,0.0023404,0.0072179,0.019227,0.045817,0.095848,0.17399,0.23275,0.27720,0.32021
350.0,0.00014711,0.00056786,0.0018192,0.0057417,0.015430,0.037028,0.077952,0.14252,0.19120,0.22373,0.25891
400.0,0.00011422,0.00044440,0.0014338,0.0046165,0.012496,0.030157,0.063812,0.11739,0.15580,0.18190,0.21084
450.0,8.9049e-05,0.00035236,0.0011586,0.0036967,0.010128,0.024584,0.052299,0.096785,0.12683,0.14838,0.17228
500.0,7.0015e-05,0.00028105,0.00093912,0.0029674,0.0082476,0.020112,0.042978,0.079457,0.10359,0.12141,0.14109
600.0,4.1107e-05,0.00016938,0.00058467,0.0018487,0.0051564,0.012708,0.027280,0.050104,0.066099,0.077951,0.091967
700.0,2.6025e-05,0.00010936,0.00038219,0.0012293,0.0034684,0.0086090,0.018722,0.033820,0.044812,0.053075,0.062517
800.0,1.6475e-05,7.1040e-05,0.00025534,0.00083470,0.0022932,0.0058052,0.012667,0.023083,0.030346,0.036210,0.042947
1000.0,6.9940e-06,3.0423e-05,0.00011314,0.00038023,0.0010739,0.0026677,0.0058592,0.010867,0.014365,0.018064,0.021814
1200.0,2.9640e-06,1.3362e-05,5.0588e-05,0.00017411,0.00050397,0.0012736,0.0027631,0.0052694,0.0073704,0.0090847,0.011083
1500.0,8.5100e-07,3.8331e-06,1.4809e-05,5.3272e-05,0.00015866,0.00038948,0.00090914,0.0017238,0.0024554,0.0032744,0.0037400
SA0P4
r\m,4.0,4.5,5.0,5.5,6.0,6.5,7.0,7.5,7.8,8.0,8.2
0.0,0.13591,0.33769,0.63296,0.96026,1.3321,1.7439,2.1428,2.1964,2.2560,2.2688,2.2778
1.0,0.10676,0.29502,0.58879,0.92982,1.3216,1.7582,2.1638,2.3004,2.3531,2.3497,2.3340
5.0,0.028316,0.099255,0.26373,0.56156,0.95940,1.4195,1.8410,2.0983,2.1677,2.1741,2.1660
10.0,0.010743,0.040079,0.11633,0.28585,0.57259,0.97204,1.4859,1.9456,1.9401,1.9581,1.8964
15.0,0.0057088,0.021853,0.065717,0.17019,0.36641,0.68642,1.1585,1.6477,1.8351,1.8130,1.8096
20.0,0.0035713,0.013915,0.042781,0.11406,0.25522,0.51485,0.91510,1.3662,1.6160,1.7028,1.6961
25.0,0.0024064,0.0095092,0.029926,0.081611,0.18802,0.39843,0.73622,1.1401,1.3777,1.5261,1.5818
30.0,0.0017533,0.0069886,0.022297,0.061608,0.14464,0.31783,0.60433,0.96260,1.1847,1.3280,1.4787
40.0,0.0010703,0.0043313,0.014045,0.039572,0.096730,0.21972,0.43239,0.71566,0.90844,1.0555,1.2158
50.0,0.00073056,0.0029844,0.0097626,0.027866,0.070306,0.16302,0.32993,0.57625,0.76143,0.87874,1.0076
60.0,0.00058802,0.0024192,0.0079617,0.022875,0.058957,0.13799,0.28241,0.50969,0.65729,0.76281,0.87947
70.0,0.00050626,0.0020920,0.0069097,0.019937,0.052303,0.12347,0.26207,0.46168,0.60097,0.70244,0.81597
80.0,0.00046634,0.0019346,0.0064109,0.018570,0.049401,0.11724,0.25049,0.43835,0.57240,0.67051,0.78058
90.0,0.00043389,0.0018061,0.0060042,0.017587,0.047022,0.11404,0.23822,0.41872,0.54794,0.64280,0.74931
100.0,0.00040565,0.0016938,0.0056473,0.016707,0.044870,0.10972,0.22716,0.40083,0.52555,0.61731,0.72062
110.0,0.00038076,0.0015944,0.0053303,0.015908,0.042893,0.10462,0.21692,0.38409,0.50439,0.59310,0.69301
120.0,0.00035855,0.0015055,0.0050459,0.015181,0.041637,0.099957,0.20754,0.36859,0.48480,0.57065,0.66750
130.0,0.00033665,0.0014174,0.0047631,0.014434,0.039612,0.095135,0.19783,0.35205,0.46373,0.54636,0.63976
140.0,0.00031553,0.0013323,0.0044895,0.013695,0.037545,0.090364,0.18822,0.33530,0.44230,0.52161,0.61131
150.0,0.00029357,0.0012429,0.0041995,0.012903,0.035304,0.085156,0.17773,0.31708,0.41904,0.49479,0.58057
175.0,0.00024593,0.0010476,0.0035613,0.011089,0.030288,0.073379,0.15390,0.27569,0.36586,0.43323,0.50980
200.0,0.00020908,0.00089542,0.0030607,0.0095886,0.026287,0.063911,0.13465,0.24215,0.32256,0.38292,0.45172
250.0,0.00015364,0.00066559,0.0023008,0.0072684,0.020122,0.049237,0.10445,0.19007,0.25441,0.30301,0.35855
300.0,0.00011690,0.00051114,0.0017835,0.0057776,0.016192,0.039938,0.085301,0.15662,0.21025,0.25085,0.29058
350.0,9.1127e-05,0.00040157,0.0014112,0.0046731,0.013212,0.032826,0.070532,0.13038,0.17547,0.20568,0.23867
400.0,7.2248e-05,0.00032061,0.0011333,0.0038249,0.010891,0.027227,0.058796,0.10933,0.14554,0.17019,0.19782
450.0,5.7663e-05,0.00025994,0.00093501,0.0031254,0.0090051,0.022650,0.049163,0.091933,0.12082,0.14154,0.16480
500.0,4.6496e-05,0.00021238,0.00077514,0.0025645,0.0074940,0.018944,0.041296,0.077133,0.10084,0.11833,0.13792
600.0,2.9636e-05,0.00013846,0.00051997,0.0017244,0.0050456,0.012884,0.028233,0.052149,0.068797,0.081125,0.095600
700.0,1.9937e-05,9.4765e-05,0.00036077,0.0012105,0.0035713,0.0091870,0.020349,0.036956,0.048943,0.057916,0.068206
800.0,1.3508e-05,6.5492e-05,0.00025510,0.00086905,0.0025018,0.0065543,0.014534,0.026491,0.034898,0.041522,0.049143
1000.0,6.5250e-06,3.1934e-05,0.00012794,0.00044697,0.0013169,0.0033782,0.0074742,0.013787,0.018210,0.022538,0.027029
1200.0,3.1766e-06,1.5972e-05,6.4951e-05,0.00023155,0.00069566,0.0017964,0.0039143,0.0073618,0.010145,0.012364,0.014933
1500.0,1.1115e-06,5.5630e-06,2.2915e-05,8.4239e-05,0.00025803,0.00065039,0.0014959,0.0027905,0.0038938,0.0050454,0.0057696
SA0P5
r\m,4.0,4.5,5.0,5.5,6.0,6.5,7.0,7.5,7.8,8.0,8.2
0.0,0.088038,0.23566,0.47902,0.77129,1.1142,1.4985,1.8748,1.9384,1.9958,2.0089,2.0190
1.0,0.069064,0.20526,0.44503,0.74734,1.1067,1.5130,1.8960,2.0325,2.0839,2.0819,2.0690
5.0,0.017497,0.067612,0.19687,0.44753,0.80545,1.2320,1.6299,1.8721,1.9370,1.9423,1.9343
10.0,0.0065532,0.026986,0.086093,0.22623,0.48016,0.84819,1.3263,1.7518,1.7513,1.7675,1.7118
15.0,0.0034728,0.014664,0.048463,0.13429,0.30677,0.59932,1.0362,1.4897,1.6638,1.6456,1.6440
20.0,0.0021709,0.0093231,0.031487,0.089801,0.21320,0.44865,0.81771,1.2361,1.4671,1.5480,1.5446
25.0,0.0014607,0.0063587,0.021983,0.064126,0.15671,0.34616,0.65644,1.0301,1.2500,1.3868,1.4405
30.0,0.0010638,0.0046685,0.016357,0.048320,0.12028,0.27528,0.53737,0.86791,1.0731,1.2054,1.3451
40.0,0.00064963,0.0028918,0.010290,0.030974,0.080169,0.18945,0.38257,0.64231,0.81926,0.95395,1.1015
50.0,0.00044389,0.0019931,0.0071483,0.021782,0.058129,0.14010,0.29089,0.51568,0.68513,0.79306,0.91249
60.0,0.00035884,0.0016212,0.0058440,0.017908,0.048774,0.11854,0.24871,0.45529,0.59033,0.68708,0.79476
70.0,0.00030834,0.0013991,0.0050606,0.015570,0.043130,0.10565,0.22972,0.41061,0.53758,0.63037,0.73484
80.0,0.00028474,0.0012968,0.0047044,0.014525,0.040783,0.10038,0.21960,0.38981,0.51188,0.60151,0.70266
90.0,0.00026553,0.0012131,0.0044135,0.013776,0.038862,0.097703,0.20892,0.37241,0.49002,0.57663,0.67442
100.0,0.00024880,0.0011400,0.0041582,0.013106,0.037126,0.094078,0.19932,0.35662,0.47013,0.55389,0.64871
110.0,0.00023404,0.0010752,0.0039315,0.012498,0.035536,0.089801,0.19049,0.34197,0.45150,0.53250,0.62422
120.0,0.00022088,0.0010173,0.0037281,0.011945,0.034540,0.085899,0.18243,0.32845,0.43430,0.51274,0.60169
130.0,0.00020801,0.00096041,0.0035277,0.011381,0.032925,0.081906,0.17418,0.31418,0.41601,0.49158,0.57743
140.0,0.00019546,0.00090488,0.0033322,0.010819,0.031260,0.077921,0.16595,0.29959,0.39724,0.46981,0.55233
150.0,0.00018217,0.00084549,0.0031214,0.010206,0.029425,0.073494,0.15681,0.28348,0.37656,0.44590,0.52484
175.0,0.00015357,0.00071682,0.0026611,0.0088118,0.025356,0.063601,0.13634,0.24737,0.32994,0.39179,0.46246
200.0,0.00013138,0.00061629,0.0022993,0.0076553,0.022106,0.055640,0.11979,0.21812,0.29200,0.34760,0.41130
250.0,9.7653e-05,0.00046312,0.0017460,0.0058562,0.017077,0.043251,0.093716,0.17263,0.23216,0.27721,0.32898
300.0,7.5183e-05,0.00035968,0.0013678,0.0046996,0.013873,0.035419,0.077241,0.14354,0.19356,0.23150,0.26895
350.0,5.9333e-05,0.00028593,0.0010942,0.0038400,0.011435,0.029412,0.064517,0.12069,0.16312,0.19166,0.22306
400.0,4.7655e-05,0.00023114,0.00088904,0.0031775,0.0095289,0.024671,0.054388,0.10233,0.13679,0.16034,0.18694
450.0,3.8591e-05,0.00019001,0.00074290,0.0026288,0.0079762,0.020782,0.046046,0.087112,0.11496,0.13498,0.15765
500.0,3.1610e-05,0.00015758,0.00062452,0.0021865,0.0067274,0.017623,0.039213,0.074099,0.097273,0.11439,0.13377
600.0,2.1243e-05,0.00010807,0.00043947,0.0015441,0.0047509,0.012573,0.028149,0.052458,0.069377,0.081928,0.096604
700.0,1.4862e-05,7.6798e-05,0.00031687,0.0011225,0.0034754,0.0092709,0.020954,0.038407,0.050987,0.060401,0.071242
800.0,1.0527e-05,5.5267e-05,0.00023250,0.00083577,0.0025295,0.0068689,0.015527,0.028470,0.037681,0.044829,0.053079
1000.0,5.5394e-06,2.9386e-05,0.00012666,0.00046646,0.0014414,0.0038321,0.0085979,0.015907,0.021089,0.025844,0.030910
1200.0,2.9645e-06,1.6059e-05,7.0155e-05,0.00026321,0.00082723,0.0021996,0.0048567,0.0091145,0.012475,0.015118,0.018176
1500.0,1.1888e-06,6.4038e-06,2.8217e-05,0.00010826,0.00034502,0.00090134,0.0020736,0.0038608,0.0053331,0.0067768,0.0077982
SA0P75
r\m,4.0,4.5,5.0,5.5,6.0,6.5,7.0,7.5,7.8,8.0,8.2
0.0,0.036732,0.10629,0.24826,0.45785,0.73962,1.0809,1.4331,1.5335,1.5992,1.6199,1.6377
1.0,0.028767,0.092234,0.23032,0.44412,0.73596,1.0937,1.4523,1.6105,1.6723,1.6805,1.6785
5.0,0.0068372,0.029529,0.10030,0.26322,0.53783,0.90133,1.2662,1.5030,1.5735,1.5854,1.5850
10.0,0.0025179,0.011613,0.043394,0.13196,0.32037,0.62530,1.0423,1.4243,1.4424,1.4631,1.4232
15.0,0.0013304,0.0062866,0.024333,0.078090,0.20438,0.44242,0.81693,1.2183,1.3789,1.3726,1.3790
20.0,0.00083127,0.0039919,0.015781,0.052107,0.14171,0.33050,0.64404,1.0122,1.2184,1.2943,1.3001
25.0,0.00055854,0.0027176,0.010998,0.037137,0.10392,0.25410,0.51573,0.84235,1.0375,1.1594,1.2130
30.0,0.00040682,0.0019940,0.0081750,0.027936,0.079566,0.20133,0.42081,0.70793,0.88905,1.0064,1.1312
40.0,0.00024876,0.0012359,0.0051417,0.017882,0.052856,0.13786,0.29782,0.52104,0.67518,0.79244,0.92196
50.0,0.00017037,0.00085308,0.0035734,0.012568,0.038241,0.10159,0.22554,0.41693,0.56320,0.65786,0.76362
60.0,0.00013863,0.00069782,0.0029340,0.010364,0.032138,0.085973,0.19265,0.36740,0.48433,0.56874,0.66356
70.0,0.00011889,0.00060115,0.0025359,0.0089910,0.028322,0.076260,0.17693,0.32958,0.43889,0.51947,0.61101
80.0,0.00011022,0.00055934,0.0023655,0.0084119,0.026838,0.072559,0.16924,0.31294,0.41791,0.49563,0.58411
90.0,0.00010315,0.00052503,0.0022260,0.0079992,0.025627,0.070719,0.16114,0.29912,0.40020,0.47525,0.56071
100.0,9.6982e-05,0.00049504,0.0021035,0.0076298,0.024533,0.068200,0.15390,0.28667,0.38420,0.45677,0.53960
110.0,9.1537e-05,0.00046844,0.0019946,0.0072946,0.023534,0.065216,0.14729,0.27523,0.36939,0.43960,0.51976
120.0,8.6671e-05,0.00044461,0.0018968,0.0069891,0.022923,0.062500,0.14127,0.26471,0.35578,0.42381,0.50161
130.0,8.1976e-05,0.00042150,0.0018016,0.0066816,0.021918,0.059760,0.13521,0.25375,0.34150,0.40713,0.48232
140.0,7.7316e-05,0.00039856,0.0017075,0.0063700,0.020864,0.056987,0.12910,0.24240,0.32663,0.38974,0.46207
150.0,7.2250e-05,0.00037336,0.0016032,0.0060209,0.019673,0.053827,0.12213,0.22959,0.30992,0.37025,0.43948
175.0,6.1454e-05,0.00031931,0.0013779,0.0052356,0.017065,0.046872,0.10680,0.20138,0.27292,0.32693,0.38914
200.0,5.3040e-05,0.00027688,0.0012000,0.0045804,0.014976,0.041264,0.094392,0.17853,0.24281,0.29158,0.34791
250.0,4.0052e-05,0.00021134,0.00092472,0.0035507,0.011720,0.032480,0.074719,0.14291,0.19518,0.23503,0.28122
300.0,3.1336e-05,0.00016675,0.00073527,0.0028879,0.0096475,0.026948,0.062355,0.12029,0.16468,0.19859,0.23263
350.0,2.5145e-05,0.00013473,0.00059727,0.0023930,0.0080632,0.022692,0.052799,0.10251,0.14061,0.16658,0.19548
400.0,2.0551e-05,0.00011078,0.00049308,0.0020098,0.0068183,0.019324,0.045184,0.088212,0.11967,0.14143,0.16628
450.0,1.6969e-05,9.2789e-05,0.00041925,0.0016908,0.0058023,0.016554,0.038897,0.076344,0.10224,0.12103,0.14256
500.0,1.4194e-05,7.8525e-05,0.00035914,0.0014323,0.0049828,0.014299,0.033746,0.066158,0.088142,0.10449,0.12328
600.0,1.0257e-05,5.7736e-05,0.00026994,0.0010821,0.0037586,0.010902,0.025930,0.049958,0.066919,0.079597,0.094354
700.0,7.5729e-06,4.3212e-05,0.00020528,0.00082555,0.0028779,0.0084245,0.020200,0.038310,0.051519,0.061457,0.072994
800.0,5.7030e-06,3.2898e-05,0.00015857,0.00064684,0.0022106,0.0065862,0.015779,0.029809,0.040125,0.047999,0.057155
1000.0,3.3843e-06,1.9773e-05,9.7143e-05,0.00040570,0.0014117,0.0041239,0.0097423,0.018514,0.024964,0.030294,0.036282
1200.0,2.0754e-06,1.2279e-05,6.1058e-05,0.00025946,0.00091561,0.0026532,0.0061729,0.011823,0.016196,0.019582,0.023525
1500.0,1.0145e-06,5.9754e-06,2.9821e-05,0.00012819,0.00045571,0.0013160,0.0031315,0.0059726,0.0082265,0.010195,0.011969
SA1P0
r\m,4.0,4.5,5.0,5.5,6.0,6.5,7.0,7.5,7.8,8.0,8.2
0.0,0.019148,0.055963,0.14015,0.28362,0.50334,0.79840,1.1292,1.2642,1.3445,1.3765,1.4046
1.0,0.014985,0.048485,0.12997,0.27533,0.50137,0.80876,1.1456,1.3290,1.4072,1.4288,1.4399
5.0,0.0034509,0.015315,0.056210,0.16251,0.36743,0.67085,1.0062,1.2487,1.3324,1.3557,1.3667
10.0,0.0012611,0.0059839,0.024215,0.081225,0.21898,0.46750,0.83339,1.1912,1.2301,1.2602,1.2362
15.0,0.00066565,0.0032358,0.013564,0.048038,0.13972,0.33122,0.65462,1.0223,1.1800,1.1871,1.2035
20.0,0.00041604,0.0020549,0.0087968,0.032048,0.096837,0.24735,0.51614,0.85032,1.0441,1.1211,1.1370
25.0,0.00027949,0.0013985,0.0061302,0.022837,0.070989,0.18997,0.41303,0.70744,0.88926,1.0045,1.0614
30.0,0.00020365,0.0010264,0.0045575,0.017178,0.054326,0.15035,0.33666,0.59408,0.76163,0.87173,0.98955
40.0,0.00012471,0.00063708,0.0028697,0.011003,0.036077,0.10281,0.23781,0.43644,0.57736,0.68520,0.80514
50.0,8.5564e-05,0.00044051,0.0019972,0.0077410,0.026104,0.075710,0.17990,0.34891,0.48132,0.56878,0.66719
60.0,6.9886e-05,0.00036162,0.0016450,0.0063994,0.021977,0.064137,0.15371,0.30738,0.41377,0.49149,0.57942
70.0,5.9913e-05,0.00031151,0.0014219,0.0055512,0.019354,0.056810,0.14088,0.27519,0.37426,0.44817,0.53272
80.0,5.5675e-05,0.00029058,0.0013296,0.0052056,0.018375,0.054129,0.13488,0.26146,0.35653,0.42777,0.50942
90.0,5.2213e-05,0.00027338,0.0012540,0.0049604,0.017576,0.052826,0.12855,0.25009,0.34162,0.41039,0.48923
100.0,4.9191e-05,0.00025833,0.0011875,0.0047408,0.016854,0.051014,0.12290,0.23988,0.32820,0.39469,0.47109
110.0,4.6520e-05,0.00024497,0.0011284,0.0045412,0.016196,0.048852,0.11776,0.23053,0.31583,0.38018,0.45413
120.0,4.4131e-05,0.00023298,0.0010752,0.0043592,0.015802,0.046885,0.11308,0.22194,0.30447,0.36685,0.43865
130.0,4.1840e-05,0.00022141,0.0010237,0.0041765,0.015139,0.044911,0.10840,0.21305,0.29263,0.35285,0.42229
140.0,3.9543e-05,0.00020982,0.00097225,0.0039895,0.014437,0.042896,0.10364,0.20376,0.28020,0.33813,0.40496
150.0,3.7008e-05,0.00019687,0.00091437,0.0037765,0.013630,0.040563,0.098148,0.19313,0.26605,0.32144,0.38542
175.0,3.1630e-05,0.00016922,0.00078977,0.0032989,0.011874,0.035461,0.086129,0.16994,0.23499,0.28466,0.34225
200.0,2.7427e-05,0.00014745,0.00069105,0.0028986,0.010463,0.031338,0.076391,0.15113,0.20970,0.25463,0.30688
250.0,2.0883e-05,0.00011353,0.00053713,0.0022650,0.0082520,0.024849,0.060877,0.12175,0.16959,0.20645,0.24949
300.0,1.6472e-05,9.0336e-05,0.00043064,0.0018564,0.0068442,0.020767,0.051151,0.10314,0.14398,0.17552,0.20765
350.0,1.3327e-05,7.3612e-05,0.00035271,0.0015502,0.0057637,0.017619,0.043625,0.088510,0.12378,0.14823,0.17567
400.0,1.0986e-05,6.1055e-05,0.00029364,0.0013123,0.0049119,0.015123,0.037624,0.076744,0.10613,0.12679,0.15055
450.0,9.1563e-06,5.1619e-05,0.00025190,0.0011136,0.0042158,0.013067,0.032665,0.066974,0.091433,0.10939,0.13016
500.0,7.7367e-06,4.4124e-05,0.00021785,0.00095220,0.0036538,0.011394,0.028605,0.058581,0.079560,0.095330,0.11362
600.0,5.7936e-06,3.3588e-05,0.00016926,0.00074431,0.0028496,0.0089847,0.022752,0.045711,0.062354,0.074934,0.089580
700.0,4.3917e-06,2.5794e-05,0.00013220,0.00058188,0.0022329,0.0071103,0.018141,0.035896,0.049167,0.059255,0.071045
800.0,3.4086e-06,2.0197e-05,0.00010480,0.00046785,0.0017629,0.0057141,0.014562,0.028643,0.039360,0.047536,0.057109
1000.0,2.1471e-06,1.2913e-05,6.8151e-05,0.00031154,0.0011940,0.0037999,0.0095199,0.018816,0.025918,0.031490,0.037973
1200.0,1.4107e-06,8.5602e-06,4.5724e-05,0.00021268,0.00082587,0.0025974,0.0064161,0.012745,0.017681,0.021502,0.025986
1500.0,7.6288e-07,4.6192e-06,2.4725e-05,0.00011579,0.00045170,0.0014294,0.0035777,0.0071023,0.0098948,0.012174,0.014573
SA1P5
r\m,4.0,4.5,5.0,5.5,6.0,6.5,7.0,7.5,7.8,8.0,8.2
0.0,0.0076108,0.021611,0.056964,0.12734,0.25551,0.45926,0.72718,0.89234,0.99218,1.0421,1.0881
1.0,0.0059534,0.018701,0.052818,0.12375,0.25486,0.46590,0.73879,0.93910,1.0395,1.0825,1.1158
5.0,0.0013306,0.0058364,0.022722,0.072855,0.18752,0.38933,0.65424,0.88899,0.99107,1.0336,1.0651
10.0,0.00048306,0.0022687,0.0097615,0.036366,0.11199,0.27289,0.54580,0.85437,0.92216,0.96839,0.97113
15.0,0.00025492,0.0012268,0.0054695,0.021525,0.071567,0.19386,0.43016,0.73639,0.88842,0.91665,0.95043
20.0,0.00015947,0.00077981,0.0035510,0.014376,0.049654,0.14492,0.33962,0.61384,0.78794,0.86779,0.90047
25.0,0.00010717,0.00053105,0.0024770,0.010256,0.036434,0.11133,0.27192,0.51111,0.67179,0.77843,0.84166
30.0,7.8172e-05,0.00039019,0.0018438,0.0077226,0.027904,0.088120,0.22166,0.42930,0.57561,0.67590,0.78512
40.0,4.7984e-05,0.00024285,0.0011644,0.0049605,0.018566,0.060317,0.15661,0.31539,0.43629,0.53120,0.63871
50.0,3.3008e-05,0.00016841,0.00081282,0.0034997,0.013462,0.044475,0.11856,0.25233,0.36405,0.44150,0.53018
60.0,2.7076e-05,0.00013888,0.00067246,0.0029051,0.011374,0.037780,0.10151,0.22256,0.31327,0.38182,0.46072
70.0,2.3222e-05,0.00011976,0.00058208,0.0025240,0.010027,0.033474,0.092992,0.19915,0.28321,0.34801,0.42343
80.0,2.1641e-05,0.00011209,0.00054629,0.0023753,0.0095508,0.031984,0.089234,0.18954,0.27021,0.33263,0.40542
90.0,2.0348e-05,0.00010578,0.00051690,0.0022709,0.0091639,0.031296,0.085233,0.18163,0.25932,0.31958,0.38985
100.0,1.9217e-05,0.00010024,0.00049102,0.0021771,0.0088131,0.030300,0.081662,0.17452,0.24953,0.30781,0.37591
110.0,1.8216e-05,9.5319e-05,0.00046794,0.0020917,0.0084928,0.029090,0.078415,0.16804,0.24053,0.29697,0.36293
120.0,1.7320e-05,9.0892e-05,0.00044713,0.0020135,0.0083081,0.027988,0.075459,0.16208,0.23228,0.28703,0.35110
130.0,1.6464e-05,8.6633e-05,0.00042701,0.0019351,0.0079833,0.026883,0.072515,0.15592,0.22369,0.27660,0.33861
140.0,1.5596e-05,8.2315e-05,0.00040671,0.0018535,0.0076336,0.025741,0.069486,0.14940,0.21456,0.26549,0.32523
150.0,1.4622e-05,7.7399e-05,0.00038337,0.0017586,0.0072230,0.024390,0.065915,0.14182,0.20401,0.25271,0.30991
175.0,1.2563e-05,6.6929e-05,0.00033324,0.0015459,0.0063309,0.021445,0.058148,0.12536,0.18097,0.22473,0.27631
200.0,1.0948e-05,5.8646e-05,0.00029332,0.0013663,0.0056107,0.019055,0.051831,0.11198,0.16217,0.20183,0.24872
250.0,8.4082e-06,4.5603e-05,0.00023039,0.0010787,0.0044711,0.015261,0.041683,0.090970,0.13218,0.16489,0.20369
300.0,6.6870e-06,3.6624e-05,0.00018651,0.00089257,0.0037439,0.012873,0.035328,0.077697,0.11310,0.14124,0.17079
350.0,5.4544e-06,3.0112e-05,0.00015418,0.00075215,0.0031818,0.011021,0.030391,0.067220,0.097988,0.12019,0.14559
400.0,4.5330e-06,2.5198e-05,0.00012953,0.00064247,0.0027361,0.0095458,0.026443,0.058780,0.084719,0.10365,0.12579
450.0,3.8117e-06,2.1503e-05,0.00011216,0.00055038,0.0023706,0.0083273,0.023172,0.051761,0.073634,0.090219,0.10971
500.0,3.2512e-06,1.8562e-05,9.7951e-05,0.00047525,0.0020750,0.0073349,0.020495,0.045720,0.064700,0.079384,0.096712
600.0,2.5179e-06,1.4612e-05,7.8633e-05,0.00038440,0.0016739,0.0059852,0.016883,0.036880,0.052364,0.064412,0.078572
700.0,1.9559e-06,1.1502e-05,6.3057e-05,0.00030798,0.0013429,0.0048536,0.013786,0.029674,0.042311,0.052191,0.063915
800.0,1.5614e-06,9.2510e-06,5.1268e-05,0.00025407,0.0010900,0.0040110,0.011377,0.024293,0.034833,0.043030,0.052777
1000.0,1.0398e-06,6.2749e-06,3.5334e-05,0.00017951,0.00078291,0.0028345,0.0078822,0.016898,0.024312,0.029957,0.036807
1200.0,7.2924e-07,4.4289e-06,2.5266e-05,0.00013075,0.00057759,0.0020599,0.0056579,0.012160,0.017467,0.021648,0.026641
1500.0,4.3393e-07,2.6412e-06,1.5100e-05,7.8403e-05,0.00034734,0.0012606,0.0034774,0.0075049,0.010818,0.013380,0.016561
SA2P0
r\m,4.0,4.5,5.0,5.5,6.0,6.5,7.0,7.5,7.8,8.0,8.2
0.0,0.0039856,0.010922,0.029123,0.068221,0.14691,0.28673,0.49364,0.65378,0.75689,0.81464,0.86996
1.0,0.0031173,0.0094472,0.027008,0.066346,0.14666,0.29115,0.50199,0.68857,0.79356,0.84673,0.89251
5.0,0.00068727,0.0029337,0.011599,0.039052,0.10823,0.24441,0.44670,0.65474,0.75970,0.81156,0.85490
10.0,0.00024887,0.0011385,0.0049813,0.019502,0.064775,0.17199,0.37437,0.63215,0.71023,0.76389,0.78309
15.0,0.00013139,0.00061602,0.0027938,0.011560,0.041471,0.12248,0.29585,0.54653,0.68631,0.72541,0.76899
20.0,8.2265e-05,0.00039201,0.0018162,0.0077322,0.028818,0.091702,0.23398,0.45650,0.60993,0.68813,0.73015
25.0,5.5320e-05,0.00026719,0.0012685,0.0055237,0.021175,0.070531,0.18757,0.38060,0.52074,0.61813,0.68343
30.0,4.0384e-05,0.00019653,0.00094540,0.0041651,0.016239,0.055881,0.15306,0.32000,0.44665,0.53728,0.63815
40.0,2.4834e-05,0.00012260,0.00059868,0.0026830,0.010833,0.038336,0.10834,0.23548,0.33905,0.42286,0.51984
50.0,1.7115e-05,8.5217e-05,0.00041898,0.0018981,0.0078750,0.028331,0.082184,0.18874,0.28342,0.35213,0.43241
60.0,1.4076e-05,7.0480e-05,0.00034772,0.0015806,0.0066740,0.024132,0.070526,0.16680,0.24431,0.30501,0.37629
70.0,1.2081e-05,6.0853e-05,0.00030148,0.0013758,0.0058939,0.021414,0.064684,0.14940,0.22107,0.27827,0.34614
80.0,1.1278e-05,5.7083e-05,0.00028367,0.0012983,0.0056292,0.020513,0.062211,0.14247,0.21131,0.26641,0.33193
90.0,1.0622e-05,5.3978e-05,0.00026904,0.0012444,0.0054149,0.020119,0.059549,0.13678,0.20314,0.25637,0.31967
100.0,1.0047e-05,5.1251e-05,0.00025613,0.0011958,0.0052200,0.019523,0.057171,0.13167,0.19580,0.24732,0.30870
110.0,9.5371e-06,4.8821e-05,0.00024459,0.0011514,0.0050417,0.018784,0.055008,0.12700,0.18906,0.23899,0.29848
120.0,9.0799e-06,4.6633e-05,0.00023417,0.0011108,0.0049426,0.018110,0.053036,0.12271,0.18286,0.23134,0.28917
130.0,8.6444e-06,4.4529e-05,0.00022409,0.0010698,0.0047599,0.017433,0.051068,0.11826,0.17640,0.22329,0.27931
140.0,8.1995e-06,4.2380e-05,0.00021384,0.0010268,0.0045607,0.016725,0.049025,0.11351,0.16946,0.21463,0.26864
150.0,7.6957e-06,3.9903e-05,0.00020189,0.00097587,0.0043229,0.015874,0.046580,0.10790,0.16133,0.20456,0.25629
175.0,6.6320e-06,3.4632e-05,0.00017623,0.00086163,0.0038062,0.014020,0.041264,0.095737,0.14362,0.18252,0.22925
200.0,5.7953e-06,3.0448e-05,0.00015570,0.00076457,0.0033872,0.012509,0.036923,0.085817,0.12913,0.16445,0.20699
250.0,4.4713e-06,2.3813e-05,0.00012311,0.00060792,0.0027191,0.010091,0.029898,0.070159,0.10588,0.13512,0.17045
300.0,3.5709e-06,1.9223e-05,0.00010025,0.00050611,0.0022916,0.0085669,0.025496,0.060269,0.091088,0.11635,0.14365
350.0,2.9243e-06,1.5881e-05,8.3314e-05,0.00042890,0.0019591,0.0073785,0.022061,0.052427,0.079332,0.099516,0.12306
400.0,2.4397e-06,1.3351e-05,7.0351e-05,0.00036832,0.0016941,0.0064279,0.019303,0.046092,0.068946,0.086257,0.10686
450.0,2.0599e-06,1.1447e-05,6.1225e-05,0.00031722,0.0014760,0.0056396,0.017011,0.040808,0.060243,0.075469,0.093677
500.0,1.7645e-06,9.9286e-06,5.3739e-05,0.00027540,0.0012992,0.0049964,0.015132,0.036249,0.053228,0.066771,0.083038
600.0,1.3876e-06,7.9410e-06,4.3840e-05,0.00022663,0.0010665,0.0041507,0.012696,0.029755,0.043812,0.055085,0.068533
700.0,1.0897e-06,6.3229e-06,3.5610e-05,0.00018385,0.00086618,0.0034096,0.010499,0.024251,0.035861,0.045212,0.056496
800.0,8.8078e-07,5.1488e-06,2.9304e-05,0.00015360,0.00071293,0.0028583,0.0087899,0.020120,0.029954,0.037808,0.047305
1000.0,6.0102e-07,3.5881e-06,2.0758e-05,0.00011169,0.00052723,0.0020826,0.0062721,0.014411,0.021540,0.027004,0.033814
1200.0,4.3387e-07,2.6058e-06,1.5294e-05,8.3921e-05,0.00040143,0.0015603,0.0046469,0.010693,0.015889,0.020087,0.025188
1500.0,2.6925e-07,1.6263e-06,9.5763e-06,5.2697e-05,0.00025277,0.0010063,0.0029983,0.0069483,0.010360,0.012981,0.016504
SA3P0
r\m,4.0,4.5,5.0,5.5,6.0,6.5,7.0,7.5,7.8,8.0,8.2
0.0,0.0016311,0.0042393,0.011291,0.027593,0.064145,0.13823,0.26558,0.39217,0.48285,0.54019,0.59841
1.0,0.0012758,0.0036663,0.010475,0.026861,0.064114,0.14054,0.27040,0.41350,0.50676,0.56198,0.61437
5.0,0.00027791,0.0011342,0.0044964,0.015827,0.047504,0.11865,0.24207,0.39539,0.48769,0.54129,0.59116
10.0,0.00010047,0.00043990,0.0019327,0.0079193,0.028536,0.083941,0.20410,0.38404,0.45870,0.51253,0.54470
15.0,5.3098e-05,0.00023838,0.0010862,0.0047064,0.018329,0.060009,0.16197,0.33352,0.44519,0.48891,0.53736
20.0,3.3294e-05,0.00015198,0.00070775,0.0031564,0.012773,0.045065,0.12850,0.27952,0.39698,0.46533,0.51196
25.0,2.2414e-05,0.00010375,0.00049535,0.0022604,0.0094103,0.034748,0.10328,0.23367,0.33984,0.41910,0.48046
30.0,1.6385e-05,7.6445e-05,0.00036996,0.0017085,0.0072342,0.027594,0.084475,0.19692,0.29215,0.36511,0.44960
40.0,1.0103e-05,4.7857e-05,0.00023527,0.0011057,0.0048491,0.019017,0.060055,0.14550,0.22263,0.28842,0.36754
50.0,6.9806e-06,3.3373e-05,0.00016530,0.00078566,0.0035407,0.014115,0.045743,0.11708,0.18683,0.24112,0.30695
60.0,5.7593e-06,2.7706e-05,0.00013777,0.00065728,0.0030149,0.012079,0.039424,0.10387,0.16163,0.20958,0.26798
70.0,4.9495e-06,2.3973e-05,0.00011978,0.00057401,0.0026716,0.010753,0.036267,0.093299,0.14666,0.19171,0.24714
80.0,4.6313e-06,2.2554e-05,0.00011310,0.00054380,0.0025621,0.010343,0.035016,0.089294,0.14065,0.18413,0.23771
90.0,4.3707e-06,2.1385e-05,0.00010762,0.00052310,0.0024740,0.010183,0.033640,0.086019,0.13564,0.17773,0.22959
100.0,4.1421e-06,2.0356e-05,0.00010276,0.00050438,0.0023935,0.0099167,0.032408,0.083070,0.13114,0.17195,0.22232
110.0,3.9391e-06,1.9436e-05,9.8409e-05,0.00048721,0.0023196,0.0095741,0.031284,0.080373,0.12699,0.16662,0.21554
120.0,3.7566e-06,1.8606e-05,9.4468e-05,0.00047140,0.0022812,0.0092603,0.030257,0.077884,0.12317,0.16172,0.20935
130.0,3.5828e-06,1.7807e-05,9.0644e-05,0.00045538,0.0022038,0.0089428,0.029226,0.075279,0.11915,0.15651,0.20272
140.0,3.4038e-06,1.6983e-05,8.6711e-05,0.00043827,0.0021178,0.0086055,0.028138,0.072448,0.11475,0.15081,0.19544
150.0,3.1989e-06,1.6019e-05,8.2046e-05,0.00041756,0.0020127,0.0081896,0.026804,0.069034,0.10950,0.14405,0.18685
175.0,2.7662e-06,1.3966e-05,7.2004e-05,0.00037091,0.0017837,0.0072812,0.023899,0.061627,0.098048,0.12925,0.16803
200.0,2.4248e-06,1.2328e-05,6.3928e-05,0.00033092,0.0015966,0.0065352,0.021511,0.055546,0.088615,0.11705,0.15246
250.0,1.8804e-06,9.7082e-06,5.0966e-05,0.00026559,0.0012947,0.0053274,0.017598,0.045855,0.073340,0.097032,0.12663
300.0,1.5083e-06,7.8833e-06,4.1799e-05,0.00022288,0.0011007,0.0045639,0.015141,0.039728,0.063610,0.084214,0.10754
350.0,1.2400e-06,6.5469e-06,3.4959e-05,0.00019022,0.00094832,0.0039627,0.013206,0.034827,0.055813,0.072554,0.092780
400.0,1.0383e-06,5.5304e-06,2.9690e-05,0.00016441,0.00082585,0.0034781,0.011642,0.030841,0.048848,0.063322,0.081114
450.0,8.7989e-07,4.7639e-06,2.5981e-05,0.00014248,0.00072441,0.0030734,0.010334,0.027497,0.042975,0.055775,0.071577
500.0,7.5652e-07,4.1514e-06,2.2926e-05,0.00012444,0.00064179,0.0027419,0.0092576,0.024596,0.038232,0.049681,0.063876
600.0,6.0298e-07,3.3699e-06,1.9001e-05,0.00010422,0.00053661,0.0023219,0.0079231,0.020578,0.032057,0.041741,0.053642
700.0,4.7783e-07,2.7112e-06,1.5624e-05,8.5615e-05,0.00044152,0.0019342,0.0066446,0.017014,0.026619,0.034752,0.044874
800.0,3.9022e-07,2.2319e-06,1.3004e-05,7.2428e-05,0.00036858,0.0016457,0.0056477,0.014319,0.022579,0.029504,0.038138
1000.0,2.7155e-07,1.5921e-06,9.4440e-06,5.4125e-05,0.00028048,0.0012365,0.0041535,0.010571,0.016747,0.021648,0.027982
1200.0,2.0068e-07,1.1846e-06,7.1452e-06,4.1853e-05,0.00022008,0.00095441,0.0031757,0.0080899,0.012692,0.016585,0.021464
1500.0,1.2873e-07,7.6805e-07,4.6604e-06,2.7400e-05,0.00014466,0.00064725,0.0021483,0.0055309,0.0087089,0.011207,0.014825
SA4P0
r\m,4.0,4.5,5.0,5.5,6.0,6.5,7.0,7.5,7.8,8.0,8.2
0.0,0.00087786,0.0022084,0.0058559,0.014616,0.035465,0.081084,0.16695,0.26515,0.34081,0.39205,0.44614
1.0,0.00068676,0.0019101,0.0054350,0.014238,0.035476,0.082509,0.17013,0.27979,0.35796,0.40814,0.45831
5.0,0.00014885,0.00059021,0.0023341,0.0084007,0.026359,0.069906,0.15288,0.26850,0.34568,0.39440,0.44236
10.0,5.3802e-05,0.00022902,0.0010045,0.0042111,0.015877,0.049637,0.12942,0.26184,0.32642,0.37491,0.40916
15.0,2.8460e-05,0.00012427,0.00056552,0.0025079,0.010224,0.035588,0.10302,0.22812,0.31780,0.35878,0.40495
20.0,1.7865e-05,7.9339e-05,0.00036914,0.0016854,0.0071407,0.026789,0.081936,0.19169,0.28413,0.34235,0.38680
25.0,1.2039e-05,5.4233e-05,0.00025878,0.0012093,0.0052721,0.020700,0.066006,0.16061,0.24378,0.30902,0.36379
30.0,8.8091e-06,4.0011e-05,0.00019359,0.00091573,0.0040609,0.016471,0.054095,0.13562,0.20999,0.26975,0.34108
40.0,5.4423e-06,2.5112e-05,0.00012349,0.00059475,0.0027323,0.011395,0.038602,0.10058,0.16059,0.21381,0.27976
50.0,3.7672e-06,1.7553e-05,8.7005e-05,0.00042396,0.0020019,0.0084872,0.029506,0.081214,0.13522,0.17936,0.23442
60.0,3.1143e-06,1.4608e-05,7.2726e-05,0.00035583,0.0017105,0.0072883,0.025517,0.072282,0.11735,0.15636,0.20525
70.0,2.6794e-06,1.2661e-05,6.3368e-05,0.00031153,0.0015198,0.0065066,0.023538,0.065099,0.10675,0.14339,0.18975
80.0,2.5109e-06,1.1935e-05,5.9977e-05,0.00029595,0.0014619,0.0062775,0.022795,0.062484,0.10266,0.13809,0.18299
90.0,2.3728e-06,1.1337e-05,5.7192e-05,0.00028540,0.0014155,0.0061980,0.021961,0.060356,0.099268,0.13363,0.17716
100.0,2.2515e-06,1.0809e-05,5.4723e-05,0.00027583,0.0013729,0.0060520,0.021213,0.058436,0.096206,0.12959,0.17195
110.0,2.1436e-06,1.0337e-05,5.2506e-05,0.00026703,0.0013337,0.0058576,0.020529,0.056675,0.093382,0.12586,0.16706
120.0,2.0465e-06,9.9099e-06,5.0494e-05,0.00025890,0.0013147,0.0056791,0.019902,0.055046,0.090773,0.12242,0.16260
130.0,1.9540e-06,9.4982e-06,4.8535e-05,0.00025061,0.0012729,0.0054970,0.019268,0.053324,0.087996,0.11872,0.15777
140.0,1.8582e-06,9.0706e-06,4.6505e-05,0.00024165,0.0012257,0.0053012,0.018591,0.051425,0.084921,0.11462,0.15239
150.0,1.7478e-06,8.5658e-06,4.4068e-05,0.00023062,0.0011671,0.0050549,0.017745,0.049096,0.081184,0.10968,0.14595
175.0,1.5146e-06,7.4892e-06,3.8811e-05,0.00020569,0.0010389,0.0045155,0.015897,0.044030,0.073017,0.098839,0.13180
200.0,1.3301e-06,6.6278e-06,3.4566e-05,0.00018418,0.00093371,0.0040701,0.014370,0.039850,0.066257,0.089855,0.12004
250.0,1.0345e-06,5.2410e-06,2.7704e-05,0.00014874,0.00076243,0.0033423,0.011843,0.033136,0.055220,0.074998,0.10036
300.0,8.3175e-07,4.2705e-06,2.2821e-05,0.00012546,0.00065196,0.0028811,0.010254,0.028886,0.048182,0.065472,0.085716
350.0,6.8516e-07,3.5570e-06,1.9159e-05,0.00010756,0.00056454,0.0025152,0.0089936,0.025461,0.042501,0.056701,0.074328
400.0,5.7470e-07,3.0125e-06,1.6326e-05,9.3330e-05,0.00049384,0.0022184,0.0079684,0.022659,0.037379,0.049723,0.065288
450.0,4.8780e-07,2.6012e-06,1.4330e-05,8.1179e-05,0.00043498,0.0019692,0.0071057,0.020296,0.033035,0.043993,0.057867
500.0,4.2005e-07,2.2719e-06,1.2681e-05,7.1144e-05,0.00038687,0.0017643,0.0063940,0.018235,0.029518,0.039357,0.051864
600.0,3.3668e-07,1.8567e-06,1.0591e-05,6.0123e-05,0.00032665,0.0015098,0.0055330,0.015422,0.025013,0.033413,0.043993
700.0,2.6770e-07,1.5004e-06,8.7597e-06,4.9705e-05,0.00027064,0.0012674,0.0046772,0.012856,0.020942,0.028048,0.037112
800.0,2.1944e-07,1.2407e-06,7.3279e-06,4.2304e-05,0.00022756,0.0010869,0.0040079,0.010906,0.017915,0.024012,0.031802
1000.0,1.5372e-07,8.9324e-07,5.3793e-06,3.2013e-05,0.00017557,0.00082924,0.0029938,0.0081798,0.013506,0.017876,0.023666
1200.0,1.1450e-07,6.7069e-07,4.1146e-06,2.5070e-05,0.00013969,0.00064924,0.0023247,0.0063578,0.010378,0.013903,0.018429
1500.0,7.4216e-08,4.4086e-07,2.7272e-06,1.6703e-05,9.3575e-05,0.00045061,0.0016083,0.0044550,0.0073015,0.0096050,0.013066
SA5P0
r\m,4.0,4.5,5.0,5.5,6.0,6.5,7.0,7.5,7.8,8.0,8.2
0.0,0.00054374,0.0013397,0.0035438,0.0089764,0.022440,0.053494,0.11578,0.19400,0.25758,0.30265,0.35162
1.0,0.00042544,0.0011589,0.0032901,0.0087487,0.022460,0.054468,0.11806,0.20484,0.27069,0.31524,0.36138
5.0,9.1974e-05,0.00035798,0.0014140,0.0051681,0.016723,0.046269,0.10638,0.19710,0.26207,0.30538,0.34962
10.0,3.3252e-05,0.00013900,0.00060925,0.0025948,0.010095,0.032943,0.090318,0.19278,0.24820,0.29113,0.32431
15.0,1.7605e-05,7.5508e-05,0.00034348,0.0015480,0.0065136,0.023672,0.072067,0.16837,0.24224,0.27929,0.32176
20.0,1.1061e-05,4.8263e-05,0.00022452,0.0010420,0.0045577,0.017855,0.057436,0.14179,0.21703,0.26705,0.30798
25.0,7.4594e-06,3.3026e-05,0.00015760,0.00074886,0.0033708,0.013821,0.046355,0.11902,0.18656,0.24149,0.29018
30.0,5.4626e-06,2.4391e-05,0.00011805,0.00056788,0.0026006,0.011015,0.038055,0.10067,0.16097,0.21116,0.27251
40.0,3.3800e-06,1.5338e-05,7.5485e-05,0.00036986,0.0017550,0.0076441,0.027241,0.074889,0.12347,0.16787,0.22415
50.0,2.3430e-06,1.0741e-05,5.3302e-05,0.00026432,0.0012894,0.0057100,0.020883,0.060647,0.10426,0.14121,0.18835
60.0,1.9398e-06,8.9557e-06,4.4652e-05,0.00022239,0.0011047,0.0049171,0.018110,0.054122,0.090723,0.12342,0.16532
70.0,1.6705e-06,7.7722e-06,3.8973e-05,0.00019510,0.00098371,0.0043998,0.016744,0.048856,0.082715,0.11343,0.15317
80.0,1.5672e-06,7.3376e-06,3.6955e-05,0.00018573,0.00094838,0.0042551,0.016255,0.047004,0.079728,0.10949,0.14803
90.0,1.4825e-06,6.9792e-06,3.5298e-05,0.00017946,0.00092021,0.0042106,0.015695,0.045503,0.077257,0.10617,0.14361
100.0,1.4081e-06,6.6627e-06,3.3826e-05,0.00017375,0.00089432,0.0041199,0.015193,0.044147,0.075024,0.10316,0.13964
110.0,1.3418e-06,6.3791e-06,3.2502e-05,0.00016849,0.00087041,0.0039954,0.014732,0.042901,0.072960,0.10038,0.13592
120.0,1.2820e-06,6.1223e-06,3.1299e-05,0.00016362,0.00085945,0.0038809,0.014309,0.041744,0.071050,0.097804,0.13252
130.0,1.2250e-06,5.8742e-06,3.0124e-05,0.00015862,0.00083355,0.0037632,0.013878,0.040510,0.068995,0.095010,0.12879
140.0,1.1658e-06,5.6152e-06,2.8900e-05,0.00015316,0.00080393,0.0036352,0.013414,0.039133,0.066692,0.091877,0.12459
150.0,1.0972e-06,5.3074e-06,2.7415e-05,0.00014636,0.00076659,0.0034716,0.012823,0.037418,0.063853,0.088044,0.11949
175.0,9.5227e-07,4.6500e-06,2.4208e-05,0.00013094,0.00068474,0.0031125,0.011531,0.033680,0.057635,0.079619,0.10827
200.0,8.3733e-07,4.1226e-06,2.1610e-05,0.00011757,0.00061727,0.0028147,0.010458,0.030583,0.052467,0.072609,0.098916
250.0,6.5257e-07,3.2698e-06,1.7387e-05,9.5378e-05,0.00050666,0.0023243,0.0086685,0.025575,0.043970,0.060933,0.083138
300.0,5.2552e-07,2.6708e-06,1.4368e-05,8.0760e-05,0.00043513,0.0020130,0.0075418,0.022402,0.038547,0.053439,0.071329
350.0,4.3344e-07,2.2290e-06,1.2095e-05,6.9458e-05,0.00037818,0.0017645,0.0066427,0.019829,0.034142,0.046468,0.062099
400.0,3.6393e-07,1.8909e-06,1.0330e-05,6.0439e-05,0.00033190,0.0015619,0.0059076,0.017714,0.030139,0.040899,0.054743
450.0,3.0917e-07,1.6352e-06,9.0851e-06,5.2703e-05,0.00029320,0.0013909,0.0052860,0.015921,0.026727,0.036308,0.048681
500.0,2.6644e-07,1.4301e-06,8.0548e-06,4.6295e-05,0.00026148,0.0012499,0.0047716,0.014350,0.023959,0.032584,0.043769
600.0,2.1417e-07,1.1732e-06,6.7583e-06,3.9344e-05,0.00022216,0.0010771,0.0041595,0.012225,0.020448,0.027861,0.037383
700.0,1.7053e-07,9.5031e-07,5.6085e-06,3.2654e-05,0.00018489,0.00090872,0.0035350,0.010248,0.017217,0.023520,0.031718
800.0,1.4000e-07,7.8757e-07,4.7050e-06,2.7892e-05,0.00015615,0.00078311,0.0030450,0.0087386,0.014810,0.020246,0.027329
1000.0,9.8301e-08,5.6939e-07,3.4731e-06,2.1255e-05,0.00012146,0.00060307,0.0022966,0.0066205,0.011282,0.015215,0.020526
1200.0,7.3422e-08,4.2917e-07,2.6707e-06,1.6757e-05,9.7383e-05,0.00047609,0.0017999,0.0051947,0.0087436,0.011945,0.016135
1500.0,4.7718e-08,2.8362e-07,1.7831e-06,1.1261e-05,6.5891e-05,0.00033471,0.0012614,0.0036929,0.0062436,0.0083623,0.011620
SA7P5
r\m,4.0,4.5,5.0,5.5,6.0,6.5,7.0,7.5,7.8,8.0,8.2
0.0,0.00022628,0.00054301,0.0014385,0.0037469,0.0098640,0.025246,0.059480,0.10930,0.15354,0.18726,0.22568
1.0,0.00017711,0.00046990,0.0013363,0.0036551,0.0098827,0.025734,0.060718,0.11553,0.16153,0.19524,0.23216
5.0,3.8192e-05,0.00014521,0.00057533,0.0021646,0.0073860,0.021957,0.054966,0.11167,0.15707,0.18994,0.22553
10.0,1.3822e-05,5.6479e-05,0.00024852,0.0010903,0.0044766,0.015708,0.046907,0.10978,0.14952,0.18200,0.21024
15.0,7.3300e-06,3.0748e-05,0.00014049,0.00065256,0.0028990,0.011334,0.037591,0.096315,0.14658,0.17536,0.20950
20.0,4.6134e-06,1.9697e-05,9.2076e-05,0.00044062,0.0020354,0.0085797,0.030074,0.081426,0.13183,0.16833,0.20130
25.0,3.1161e-06,1.3505e-05,6.4795e-05,0.00031756,0.0015102,0.0066635,0.024357,0.068593,0.11372,0.15275,0.19031
30.0,2.2855e-06,9.9935e-06,4.8649e-05,0.00024147,0.0011686,0.0053275,0.020060,0.058209,0.098444,0.13399,0.17928
40.0,1.4182e-06,6.3077e-06,3.1247e-05,0.00015808,0.00079303,0.0037188,0.014446,0.043560,0.075954,0.10713,0.14830
50.0,9.8564e-07,4.4320e-06,2.2154e-05,0.00011350,0.00058562,0.0027928,0.011135,0.035470,0.064486,0.090608,0.12528
60.0,8.1814e-07,3.7074e-06,1.8631e-05,9.5916e-05,0.00050415,0.0024172,0.0097068,0.031815,0.056391,0.079578,0.11048
70.0,7.0590e-07,3.2257e-06,1.6313e-05,8.4463e-05,0.00045081,0.0021724,0.0090146,0.028847,0.051639,0.073455,0.10280
80.0,6.6360e-07,3.0534e-06,1.5518e-05,8.0706e-05,0.00043640,0.0021101,0.0087901,0.027876,0.049989,0.071198,0.099755
90.0,6.2889e-07,2.9113e-06,1.4867e-05,7.8249e-05,0.00042506,0.0020965,0.0085229,0.027097,0.048634,0.069312,0.097148
100.0,5.9832e-07,2.7855e-06,1.4286e-05,7.6004e-05,0.00041457,0.0020591,0.0082819,0.026390,0.047407,0.067598,0.094806
110.0,5.7103e-07,2.6725e-06,1.3762e-05,7.3923e-05,0.00040483,0.0020040,0.0080601,0.025738,0.046267,0.066004,0.092595
120.0,5.4638e-07,2.5698e-06,1.3284e-05,7.1988e-05,0.00040098,0.0019530,0.0078554,0.025130,0.045206,0.064522,0.090566
130.0,5.2283e-07,2.4703e-06,1.2815e-05,6.9975e-05,0.00039006,0.0018999,0.0076441,0.024467,0.044040,0.062876,0.088290
140.0,4.9819e-07,2.3655e-06,1.2321e-05,6.7738e-05,0.00037726,0.0018407,0.0074111,0.023708,0.042697,0.060982,0.085656
150.0,4.6940e-07,2.2393e-06,1.1711e-05,6.4881e-05,0.00036067,0.0017628,0.0071052,0.022734,0.040995,0.058600,0.082374
175.0,4.0845e-07,1.9690e-06,1.0388e-05,5.8359e-05,0.00032412,0.0015908,0.0064322,0.020600,0.037247,0.053335,0.075113
200.0,3.5995e-07,1.7512e-06,9.3107e-06,5.2647e-05,0.00029374,0.0014469,0.0058688,0.018818,0.034107,0.048921,0.069010
250.0,2.8149e-07,1.3961e-06,7.5411e-06,4.3052e-05,0.00024332,0.0012067,0.0049147,0.015899,0.028874,0.041466,0.058571
300.0,2.2726e-07,1.1449e-06,6.2653e-06,3.6692e-05,0.00021054,0.0010537,0.0043128,0.014047,0.025529,0.036673,0.050668
350.0,1.8780e-07,9.5857e-07,5.2972e-06,3.1730e-05,0.00018415,0.00093015,0.0038267,0.012527,0.022780,0.032122,0.044429
400.0,1.5790e-07,8.1532e-07,4.5409e-06,2.7739e-05,0.00016250,0.00082838,0.0034253,0.011264,0.020240,0.028455,0.039417
450.0,1.3429e-07,7.0661e-07,4.0065e-06,2.4287e-05,0.00014425,0.00074173,0.0030827,0.010184,0.018055,0.025409,0.035256
500.0,1.1583e-07,6.1913e-07,3.5620e-06,2.1412e-05,0.00012921,0.00066985,0.0027975,0.0092296,0.016273,0.022927,0.031870
600.0,9.3377e-08,5.1029e-07,3.0075e-06,1.8343e-05,0.00011081,0.00058325,0.0024662,0.0079528,0.014047,0.019826,0.027520
700.0,7.4413e-08,4.1438e-07,2.5066e-06,1.5308e-05,9.2824e-05,0.00049588,0.0021133,0.0067251,0.011933,0.016886,0.023563
800.0,6.1132e-08,3.4412e-07,2.1097e-06,1.3136e-05,7.8873e-05,0.00043038,0.0018346,0.0057800,0.010351,0.014659,0.020473
1000.0,4.2910e-08,2.4957e-07,1.5662e-06,1.0095e-05,6.1995e-05,0.00033563,0.0014026,0.0044427,0.0080050,0.011171,0.015591
1200.0,3.2034e-08,1.8845e-07,1.2099e-06,8.0148e-06,5.0161e-05,0.00026773,0.0011126,0.0035309,0.0062789,0.0088851,0.012420
1500.0,2.0745e-08,1.2467e-07,8.1163e-07,5.4276e-06,3.4295e-05,0.00019105,0.00079208,0.0025568,0.0045710,0.0063310,0.0091330
SA10P0
r\m,4.0,4.5,5.0,5.5,6.0,6.5,7.0,7.5,7.8,8.0,8.2
0.0,0.00012173,0.00028935,0.00077181,0.0020562,0.0056148,0.015080,0.037599,0.073470,0.10717,0.13401,0.16553
1.0,9.5304e-05,0.00025047,0.00071734,0.0020070,0.0056292,0.015383,0.038410,0.077712,0.11282,0.13982,0.17040
5.0,2.0539e-05,7.7463e-05,0.00030929,0.0011909,0.0042177,0.013163,0.034877,0.075340,0.11003,0.13641,0.16599
10.0,7.4406e-06,3.0173e-05,0.00013386,0.00060123,0.0025635,0.0094468,0.029864,0.074321,0.10510,0.13114,0.15525
15.0,3.9510e-06,1.6453e-05,7.5822e-05,0.00036067,0.0016644,0.0068355,0.024004,0.065401,0.10333,0.12674,0.15516
20.0,2.4899e-06,1.0557e-05,4.9788e-05,0.00024406,0.0011714,0.0051878,0.019255,0.055442,0.093194,0.12198,0.14948
25.0,1.6837e-06,7.2488e-06,3.5098e-05,0.00017626,0.00087106,0.0040386,0.015633,0.046820,0.080590,0.11096,0.14166
30.0,1.2363e-06,5.3715e-06,2.6397e-05,0.00013428,0.00067547,0.0032361,0.012905,0.039824,0.069924,0.097554,0.13375
40.0,7.6876e-07,3.3993e-06,1.7008e-05,8.8223e-05,0.00046018,0.0022683,0.0093332,0.029930,0.054176,0.078324,0.11109
50.0,5.3529e-07,2.3941e-06,1.2092e-05,6.3548e-05,0.00034104,0.0017099,0.0072221,0.024466,0.046174,0.066498,0.094201
60.0,4.4512e-07,2.0072e-06,1.0197e-05,5.3868e-05,0.00029457,0.0014852,0.0063183,0.022024,0.040521,0.058606,0.083356
70.0,3.8460e-07,1.7497e-06,8.9487e-06,4.7562e-05,0.00026417,0.0013389,0.0058865,0.020033,0.037223,0.054265,0.077794
80.0,3.6207e-07,1.6592e-06,8.5316e-06,4.5563e-05,0.00025646,0.0013044,0.0057576,0.019419,0.036143,0.052755,0.075713
90.0,3.4358e-07,1.5847e-06,8.1900e-06,4.4280e-05,0.00025044,0.0012996,0.0055986,0.018930,0.035263,0.051500,0.073934
100.0,3.2726e-07,1.5186e-06,7.8849e-06,4.3104e-05,0.00024486,0.0012798,0.0054549,0.018486,0.034464,0.050357,0.072336
110.0,3.1267e-07,1.4590e-06,7.6093e-06,4.2010e-05,0.00023965,0.0012485,0.0053221,0.018074,0.033718,0.049290,0.070818
120.0,2.9948e-07,1.4049e-06,7.3572e-06,4.0989e-05,0.00023788,0.0012196,0.0051993,0.017689,0.033022,0.048294,0.069423
130.0,2.8685e-07,1.3522e-06,7.1084e-06,3.9915e-05,0.00023187,0.0011890,0.0050708,0.017261,0.032242,0.047165,0.067824
140.0,2.7356e-07,1.2963e-06,6.8441e-06,3.8705e-05,0.00022468,0.0011543,0.0049266,0.016761,0.031325,0.045839,0.065933
150.0,2.5796e-07,1.2285e-06,6.5141e-06,3.7131e-05,0.00021518,0.0011076,0.0047326,0.016104,0.030135,0.044133,0.063527
175.0,2.2487e-07,1.0829e-06,5.7963e-06,3.3520e-05,0.00019417,0.0010039,0.0043041,0.014660,0.027504,0.040349,0.058183
200.0,1.9847e-07,9.6516e-07,5.2092e-06,3.0336e-05,0.00017662,0.00091670,0.0039432,0.013447,0.025288,0.037158,0.053667
250.0,1.5557e-07,7.7208e-07,4.2380e-06,2.4941e-05,0.00014719,0.00076964,0.0033253,0.011441,0.021558,0.031713,0.045858
300.0,1.2580e-07,6.3483e-07,3.5335e-06,2.1349e-05,0.00012801,0.00067577,0.0029349,0.010168,0.019172,0.028209,0.039896
350.0,1.0408e-07,5.3261e-07,2.9961e-06,1.8528e-05,0.00011243,0.00059929,0.0026170,0.0091135,0.017193,0.024831,0.035154
400.0,8.7581e-08,4.5375e-07,2.5744e-06,1.6246e-05,9.9568e-05,0.00053586,0.0023525,0.0082306,0.015343,0.022092,0.031323
450.0,7.4524e-08,3.9374e-07,2.2758e-06,1.4261e-05,8.8660e-05,0.00048149,0.0021252,0.0074703,0.013740,0.019804,0.028124
500.0,6.4298e-08,3.4535e-07,2.0267e-06,1.2600e-05,7.9627e-05,0.00043619,0.0019350,0.0067938,0.012427,0.017932,0.025512
600.0,5.1882e-08,2.8525e-07,1.7168e-06,1.0843e-05,6.8653e-05,0.00038211,0.0017173,0.0058942,0.010801,0.015613,0.022179
700.0,4.1332e-08,2.3183e-07,1.4338e-06,9.0749e-06,5.7724e-05,0.00032632,0.0014788,0.0050105,0.0092247,0.013370,0.019094
800.0,3.3934e-08,1.9260e-07,1.2083e-06,7.8052e-06,4.9205e-05,0.00028431,0.0012893,0.0043261,0.0080412,0.011663,0.016672
1000.0,2.3759e-08,1.3964e-07,8.9846e-07,6.0184e-06,3.8866e-05,0.00022312,0.00099279,0.0033513,0.0062701,0.0089581,0.012797
1200.0,1.7679e-08,1.0529e-07,6.9432e-07,4.7885e-06,3.1559e-05,0.00017881,0.00079208,0.0026807,0.0049489,0.0071741,0.010266
1500.0,1.1367e-08,6.9378e-08,4.6514e-07,3.2455e-06,2.1639e-05,0.00012831,0.00056764,0.0019575,0.0036356,0.0051556,0.0076265
