PGA
r\m,4.0,4.5,5.0,5.5,6.0,6.5,7.0,7.5,7.8,8.0,8.2
0.0,0.56405,0.70754,0.86301,1.0247,1.1600,1.3114,1.4602,1.5657,1.5928,1.6030,1.6054
1.0,0.45523,0.59615,0.74324,0.89124,1.0164,1.1607,1.3138,1.4366,1.4702,1.4835,1.4887
5.0,0.14552,0.24652,0.37882,0.53540,0.68602,0.84977,1.0224,1.1680,1.2143,1.2345,1.2484
10.0,0.054646,0.10120,0.17378,0.27991,0.41726,0.59261,0.76864,0.93850,1.0175,1.0562,1.0840
15.0,0.027939,0.053530,0.096337,0.16541,0.26684,0.41055,0.57242,0.74612,0.84002,0.89296,0.94091
20.0,0.016618,0.032467,0.059886,0.10635,0.17904,0.28797,0.42740,0.59217,0.68922,0.75011,0.80639
25.0,0.010766,0.021318,0.039958,0.072579,0.12561,0.20769,0.32470,0.47400,0.56791,0.63056,0.69240
30.0,0.0075733,0.015146,0.028691,0.052895,0.093111,0.15638,0.25373,0.38553,0.47346,0.53437,0.59857
40.0,0.0043623,0.0088539,0.017064,0.032134,0.057015,0.098685,0.16759,0.26936,0.34100,0.39338,0.45381
50.0,0.0028344,0.0058198,0.011366,0.021755,0.038719,0.068704,0.12120,0.20504,0.26870,0.31803,0.37404
60.0,0.0022280,0.0046218,0.0091108,0.017632,0.031347,0.056145,0.10068,0.17320,0.22934,0.27310,0.32318
70.0,0.0018416,0.0038466,0.0076262,0.014862,0.026449,0.047837,0.086322,0.15115,0.20167,0.24142,0.28728
80.0,0.0015605,0.0032791,0.0065329,0.012803,0.022844,0.041716,0.075872,0.13426,0.18014,0.21652,0.25871
90.0,0.0013450,0.0028437,0.0056847,0.011126,0.020042,0.036688,0.067691,0.12065,0.16256,0.19593,0.23472
100.0,0.0011719,0.0024922,0.0049984,0.0097774,0.017760,0.032701,0.060888,0.10922,0.14766,0.17845,0.21438
110.0,0.0010303,0.0022031,0.0044334,0.0086553,0.015826,0.029351,0.054848,0.098798,0.13390,0.16208,0.19503
120.0,0.00091230,0.0019617,0.0039604,0.0077206,0.014096,0.026516,0.049718,0.089897,0.12209,0.14800,0.17836
130.0,0.00080799,0.0017472,0.0035426,0.0069010,0.012696,0.024018,0.045197,0.082031,0.11168,0.13565,0.16378
140.0,0.00071851,0.0015617,0.0031823,0.0061950,0.011485,0.021835,0.041224,0.075073,0.10252,0.12476,0.15092
150.0,0.00064168,0.0014017,0.0028702,0.0055785,0.010429,0.019916,0.037720,0.068917,0.094361,0.11506,0.13946
175.0,0.00049533,0.0010940,0.0022633,0.0043946,0.0083298,0.016036,0.030677,0.056635,0.078064,0.095609,0.11639
200.0,0.00039151,0.00087343,0.0018234,0.0035565,0.0067780,0.013122,0.025374,0.047355,0.065662,0.080743,0.098685
250.0,0.00023923,0.00054826,0.0011693,0.0023251,0.0045083,0.0088629,0.017517,0.033375,0.046701,0.057767,0.071034
300.0,0.00015404,0.00036222,0.00078857,0.0015705,0.0031091,0.0062279,0.012584,0.024462,0.034532,0.042956,0.053057
350.0,0.00010305,0.00024833,0.00055191,0.0011035,0.0022260,0.0045359,0.0093348,0.018451,0.026237,0.032781,0.040654
400.0,7.0959e-05,0.00017502,0.00039682,0.00079763,0.0016374,0.0033898,0.0070873,0.014216,0.020348,0.025508,0.031732
450.0,4.8054e-05,0.00012109,0.00027986,0.00058984,0.0012233,0.0025692,0.0054463,0.011067,0.015929,0.020031,0.024994
500.0,3.3441e-05,8.5982e-05,0.00020225,0.00044515,0.00092917,0.0019778,0.0042450,0.0087290,0.012625,0.015916,0.019905
600.0,1.8490e-05,4.9172e-05,0.00011853,0.00027109,0.00058550,0.0012735,0.0027886,0.0058360,0.0084843,0.010712,0.013415
700.0,1.0020e-05,2.7118e-05,6.7244e-05,0.00016068,0.00035757,0.00079733,0.0017762,0.0037790,0.0055225,0.0069997,0.0087894
800.0,5.4357e-06,1.5389e-05,3.9304e-05,9.6551e-05,0.00022515,0.00050936,0.0011590,0.0024913,0.0036612,0.0044682,0.0056623
1000.0,1.7596e-06,5.2727e-06,1.4229e-05,3.5196e-05,8.6443e-05,0.00020823,0.00049179,0.0010818,0.0016051,0.0020514,0.0025931
1200.0,6.0718e-07,1.9048e-06,5.1809e-06,1.4106e-05,3.6685e-05,9.3370e-05,0.00022547,0.00051572,0.00076895,0.00098466,0.0012231
1500.0,1.2150e-07,4.0019e-07,1.2362e-06,3.7884e-06,1.0446e-05,2.8032e-05,7.0261e-05,0.00016017,0.00024246,0.00031337,0.00039835
PGV
r\m,4.0,4.5,5.0,5.5,6.0,6.5,7.0,7.5,7.8,8.0,8.2
0.0,12.622,18.818,26.453,32.262,38.703,46.995,61.294,81.546,97.782,111.07,126.05
1.0,9.4626,15.814,23.818,30.310,37.118,45.499,59.424,79.248,95.326,107.76,120.92
5.0,1.6572,3.9167,8.4459,15.664,25.151,36.283,51.320,71.263,87.282,99.414,112.17
10.0,0.54051,1.3661,3.2391,7.0411,13.900,24.322,38.517,57.975,74.787,87.648,102.36
15.0,0.27226,0.70575,1.7291,3.9666,8.5179,16.419,28.505,46.616,62.239,75.372,90.749
20.0,0.16581,0.43665,1.0899,2.5698,5.7546,11.621,21.561,37.737,52.029,64.063,78.836
25.0,0.10776,0.28665,0.72794,1.7546,4.0324,8.4356,16.630,30.767,43.702,54.649,68.433
30.0,0.076988,0.20626,0.52971,1.2934,3.0134,6.4225,13.184,25.422,37.111,47.241,59.931
40.0,0.046509,0.12643,0.32891,0.81623,1.9300,4.2241,9.0195,18.433,27.683,35.886,46.442
50.0,0.031849,0.087620,0.22993,0.57649,1.3735,3.0572,6.7080,14.318,22.109,29.380,38.926
60.0,0.025902,0.071916,0.19026,0.48095,1.1450,2.5709,5.7126,12.326,19.285,25.775,34.347
70.0,0.021695,0.060753,0.16190,0.41225,0.98188,2.2229,4.9529,10.887,17.144,23.020,30.824
80.0,0.018714,0.052825,0.14175,0.36323,0.86626,1.9763,4.4344,9.8626,15.614,21.042,28.282
90.0,0.016769,0.047679,0.12862,0.32993,0.79073,1.8038,4.0971,9.1847,14.548,19.620,26.389
100.0,0.015148,0.043367,0.11760,0.30200,0.72723,1.6653,3.8101,8.5979,13.631,18.388,24.736
110.0,0.013776,0.039696,0.10821,0.27821,0.67292,1.5518,3.5614,8.0888,12.825,17.311,23.299
120.0,0.012593,0.036525,0.10003,0.25765,0.62144,1.4527,3.3436,7.6379,12.118,16.357,22.018
130.0,0.011536,0.033674,0.092670,0.23902,0.57955,1.3617,3.1435,7.2165,11.455,15.470,20.832
140.0,0.010579,0.031084,0.085953,0.22206,0.54119,1.2771,2.9587,6.8233,10.842,14.653,19.747
150.0,0.0097183,0.028732,0.079824,0.20635,0.50595,1.1992,2.7874,6.4567,10.272,13.891,18.740
175.0,0.0078623,0.023585,0.066288,0.17214,0.42682,1.0213,2.3940,5.6052,8.9447,12.123,16.389
200.0,0.0064649,0.019666,0.055867,0.14639,0.36519,0.88179,2.0828,4.9246,7.8836,10.709,14.509
250.0,0.0044084,0.013727,0.039950,0.10631,0.27162,0.66714,1.6011,3.8391,6.2424,8.5706,11.737
300.0,0.0031355,0.0099797,0.029692,0.079111,0.20689,0.51730,1.2623,3.0708,5.0648,7.0189,9.7247
350.0,0.0023003,0.0074730,0.022709,0.060765,0.16193,0.41146,1.0211,2.5147,4.1948,5.8718,8.1938
400.0,0.0017253,0.0057173,0.017729,0.047704,0.12921,0.33334,0.84070,2.0931,3.5328,4.9781,6.9893
450.0,0.0012702,0.0042852,0.013537,0.037893,0.10385,0.27189,0.69685,1.7540,2.9954,4.2460,5.9967
500.0,0.00095454,0.0032763,0.010538,0.030607,0.084603,0.22463,0.58427,1.4878,2.5653,3.6567,5.1945
600.0,0.00056425,0.0020033,0.0066297,0.020137,0.057828,0.15752,0.42034,1.1016,1.9253,2.7684,3.9680
700.0,0.00034904,0.0012787,0.0043474,0.013766,0.040803,0.11383,0.31097,0.83654,1.4796,2.1446,3.0992
800.0,0.00022346,0.00084257,0.0029399,0.0095640,0.029647,0.084161,0.23538,0.64748,1.1580,1.6911,2.4623
1000.0,9.8633e-05,0.00039177,0.0014398,0.0049312,0.016095,0.048318,0.14151,0.40371,0.73786,1.0925,1.6136
1200.0,4.6927e-05,0.00019512,0.00075163,0.0026986,0.0092300,0.029104,0.088895,0.26234,0.48901,0.73319,1.0970
1500.0,1.5737e-05,7.0646e-05,0.00029246,0.0011333,0.0041439,0.013807,0.044530,0.13846,0.26547,0.40528,0.61775
SA0P01
r\m,4.0,4.5,5.0,5.5,6.0,6.5,7.0,7.5,7.8,8.0,8.2
0.0,0.61635,0.78806,0.96850,1.1562,1.3118,1.4831,1.6444,1.7612,1.7979,1.8157,1.8149
1.0,0.49906,0.66269,0.83091,1.0007,1.1440,1.3069,1.4737,1.6120,1.6557,1.6773,1.6826
5.0,0.16743,0.28278,0.43035,0.60294,0.76747,0.94569,1.1326,1.2958,1.3522,1.3803,1.3985
10.0,0.064390,0.11834,0.20017,0.31713,0.46580,0.65248,0.84336,1.0349,1.1244,1.1713,1.2044
15.0,0.033167,0.062975,0.11145,0.18780,0.29761,0.45037,0.62551,0.81936,0.92682,0.98727,1.0419
20.0,0.019794,0.038302,0.069429,0.12094,0.19983,0.31593,0.46670,0.64910,0.75952,0.82948,0.89244
25.0,0.012879,0.025233,0.046409,0.082586,0.14017,0.22804,0.35450,0.51940,0.62535,0.69728,0.76670
30.0,0.0090693,0.017944,0.033350,0.060237,0.10397,0.17196,0.27716,0.42252,0.52129,0.59070,0.66377
40.0,0.0052231,0.010486,0.019820,0.036583,0.063711,0.10867,0.18340,0.29549,0.37587,0.43556,0.50457
50.0,0.0033818,0.0068709,0.013171,0.024730,0.043267,0.075720,0.13279,0.22505,0.29640,0.35199,0.41498
60.0,0.0026435,0.0054285,0.010514,0.019983,0.034970,0.061854,0.11028,0.19016,0.25283,0.30206,0.35829
70.0,0.0021868,0.0045200,0.0088044,0.016858,0.029542,0.052789,0.094773,0.16616,0.22250,0.26711,0.31847
80.0,0.0018459,0.0038380,0.0075150,0.014477,0.025447,0.045930,0.083140,0.14727,0.19825,0.23892,0.28596
90.0,0.0015797,0.0033044,0.0064983,0.012509,0.022213,0.040225,0.073863,0.13178,0.17808,0.21517,0.25820
100.0,0.0013654,0.0028731,0.0056743,0.010924,0.019575,0.035680,0.066128,0.11871,0.16094,0.19494,0.23453
110.0,0.0011903,0.0025186,0.0049956,0.0096052,0.017337,0.031848,0.059251,0.10679,0.14509,0.17598,0.21202
120.0,0.0010443,0.0022229,0.0044279,0.0085078,0.015346,0.028607,0.053412,0.096610,0.13149,0.15968,0.19264
130.0,0.00091549,0.0019607,0.0039262,0.0075456,0.013726,0.025746,0.048254,0.087598,0.11948,0.14534,0.17564
140.0,0.00080592,0.0017358,0.0034961,0.0067218,0.012332,0.023258,0.043746,0.079676,0.10897,0.13278,0.16074
150.0,0.00071273,0.0015438,0.0031270,0.0060087,0.011126,0.021089,0.039802,0.072723,0.099697,0.12169,0.14759
175.0,0.00053161,0.0011670,0.0023962,0.0046167,0.0086936,0.016648,0.031767,0.058641,0.080875,0.099106,0.12067
200.0,0.00040449,0.00089974,0.0018716,0.0036373,0.0069107,0.013344,0.025772,0.048092,0.066695,0.082027,0.10026
250.0,0.00024609,0.00056227,0.0011952,0.0023686,0.0045795,0.0089812,0.017730,0.033772,0.047258,0.058460,0.071882
300.0,0.00015780,0.00036998,0.00080301,0.0015944,0.0031482,0.0062926,0.012702,0.024682,0.034841,0.043340,0.053523
350.0,0.00010516,0.00025274,0.00056020,0.0011169,0.0022480,0.0045720,0.0094007,0.018575,0.026411,0.032996,0.040914
400.0,7.2171e-05,0.00017757,0.00040167,0.00080538,0.0016501,0.0034103,0.0071245,0.014287,0.020446,0.025629,0.031877
450.0,4.8715e-05,0.00012250,0.00028257,0.00059435,0.0012306,0.0025808,0.0054672,0.011106,0.015984,0.020099,0.025075
500.0,3.3807e-05,8.6765e-05,0.00020378,0.00044781,0.00093338,0.0019844,0.0042567,0.0087510,0.012656,0.015954,0.019950
600.0,1.8582e-05,4.9372e-05,0.00011893,0.00027181,0.00058663,0.0012751,0.0027912,0.0058407,0.0084907,0.010720,0.013425
700.0,1.0047e-05,2.7176e-05,6.7367e-05,0.00016091,0.00035790,0.00079769,0.0017766,0.0037798,0.0055236,0.0070010,0.0087909
800.0,5.4425e-06,1.5404e-05,3.9335e-05,9.6604e-05,0.00022521,0.00050936,0.0011590,0.0024913,0.0036612,0.0044682,0.0056623
1000.0,1.7596e-06,5.2727e-06,1.4229e-05,3.5196e-05,8.6443e-05,0.00020823,0.00049179,0.0010818,0.0016051,0.0020514,0.0025931
1200.0,6.0718e-07,1.9048e-06,5.1809e-06,1.4106e-05,3.6685e-05,9.3370e-05,0.00022547,0.00051572,0.00076895,0.00098466,0.0012231
1500.0,1.2150e-07,4.0019e-07,1.2362e-06,3.7884e-06,1.0446e-05,2.8032e-05,7.0261e-05,0.00016017,0.00024246,0.00031337,0.00039835
SA0P02
r\m,4.0,4.5,5.0,5.5,6.0,6.5,7.0,7.5,7.8,8.0,8.2
0.0,0.79860,1.0711,1.3420,1.6189,1.8429,2.0787,2.2793,2.4271,2.4861,2.5208,2.5064
1.0,0.65096,0.89757,1.1446,1.3919,1.5979,1.8230,2.0337,2.2166,2.2853,2.3261,2.3265
5.0,0.23907,0.40441,0.60904,0.84354,1.0623,1.2941,1.5310,1.7498,1.8347,1.8840,1.9113
10.0,0.096154,0.17537,0.29078,0.44909,0.64216,0.87320,1.1176,1.3806,1.5038,1.5749,1.6234
15.0,0.050423,0.094726,0.16374,0.26766,0.41022,0.59851,0.82221,1.0845,1.2357,1.3202,1.3960
20.0,0.030435,0.058202,0.10288,0.17355,0.27671,0.42094,0.61364,0.85708,1.0112,1.1100,1.1948
25.0,0.020043,0.038739,0.069316,0.11915,0.19475,0.30527,0.46696,0.68653,0.83249,0.93405,1.0281
30.0,0.014203,0.027706,0.050077,0.087339,0.14507,0.23154,0.36628,0.55956,0.69478,0.79171,0.89304
40.0,0.0082402,0.016296,0.029913,0.053305,0.089481,0.14741,0.24425,0.39330,0.50347,0.58699,0.68332
50.0,0.0053496,0.010706,0.019930,0.036144,0.061084,0.10336,0.17799,0.30087,0.39869,0.47521,0.56116
60.0,0.0041708,0.0084355,0.015870,0.029162,0.049389,0.084661,0.14823,0.25508,0.34068,0.40848,0.48528
70.0,0.0034812,0.0070788,0.013385,0.024777,0.042034,0.072830,0.12852,0.22434,0.30139,0.36282,0.43285
80.0,0.0029438,0.0060148,0.011425,0.021273,0.036190,0.063340,0.11275,0.19874,0.26829,0.32410,0.38805
90.0,0.0025191,0.0051705,0.0098632,0.018338,0.031499,0.055350,0.099887,0.17734,0.24032,0.29107,0.34946
100.0,0.0021754,0.0044851,0.0085917,0.015960,0.027656,0.048929,0.089106,0.15918,0.21639,0.26273,0.31621
110.0,0.0018935,0.0039198,0.0075397,0.013977,0.024383,0.043470,0.079465,0.14250,0.19409,0.23595,0.28438
120.0,0.0016567,0.0034469,0.0066576,0.012323,0.021474,0.038846,0.071257,0.12823,0.17493,0.21290,0.25691
130.0,0.0014455,0.0030228,0.0058670,0.010857,0.019072,0.034703,0.063898,0.11540,0.15774,0.19227,0.23239
140.0,0.0012666,0.0026613,0.0051905,0.0096075,0.017018,0.031117,0.057501,0.10421,0.14278,0.17429,0.21100
150.0,0.0011158,0.0023556,0.0046167,0.0085393,0.015263,0.028036,0.051983,0.094504,0.12976,0.15864,0.19235
175.0,0.00081940,0.0017497,0.0034690,0.0064304,0.011685,0.021664,0.040611,0.074599,0.10296,0.12632,0.15372
200.0,0.00061254,0.0013231,0.0026540,0.0049607,0.0090949,0.016994,0.032239,0.059870,0.083030,0.10219,0.12477
250.0,0.00035788,0.00079142,0.0016222,0.0030938,0.0057722,0.010958,0.021263,0.040253,0.056262,0.069598,0.085436
300.0,0.00022007,0.00049878,0.0010452,0.0019987,0.0038134,0.0073873,0.014676,0.028328,0.039918,0.049634,0.061127
350.0,0.00014071,0.00032698,0.00070125,0.0013482,0.0026276,0.0051885,0.010513,0.020643,0.029298,0.036562,0.045215
400.0,9.2800e-05,0.00022102,0.00048513,0.00093965,0.0018690,0.0037586,0.0077478,0.015451,0.022068,0.027629,0.034281
450.0,6.0108e-05,0.00014668,0.00032962,0.00067285,0.0013564,0.0027745,0.0058081,0.011744,0.016870,0.021193,0.026384
500.0,4.0151e-05,0.00010030,0.00023044,0.00049376,0.0010047,0.0020888,0.0044350,0.0090833,0.013115,0.016522,0.020626
600.0,2.0041e-05,5.2436e-05,0.00012507,0.00028220,0.00060058,0.0012870,0.0028008,0.0058518,0.0085062,0.010742,0.013459
700.0,1.0400e-05,2.7824e-05,6.8690e-05,0.00016301,0.00035877,0.00079733,0.0017762,0.0037790,0.0055225,0.0069997,0.0087894
800.0,5.4610e-06,1.5389e-05,3.9304e-05,9.6551e-05,0.00022515,0.00050936,0.0011590,0.0024913,0.0036612,0.0044682,0.0056623
1000.0,1.7596e-06,5.2727e-06,1.4229e-05,3.5196e-05,8.6443e-05,0.00020823,0.00049179,0.0010818,0.0016051,0.0020514,0.0025931
1200.0,6.0718e-07,1.9048e-06,5.1809e-06,1.4106e-05,3.6685e-05,9.3370e-05,0.00022547,0.00051572,0.00076895,0.00098466,0.0012231
1500.0,1.2150e-07,4.0019e-07,1.2362e-06,3.7884e-06,1.0446e-05,2.8032e-05,7.0261e-05,0.00016017,0.00024246,0.00031337,0.00039835
SA0P025
r\m,4.0,4.5,5.0,5.5,6.0,6.5,7.0,7.5,7.8,8.0,8.2
0.0,0.86375,1.1834,1.4979,1.8168,2.0737,2.3397,2.5584,2.7206,2.7900,2.8323,2.8117
1.0,0.70548,0.99079,1.2764,1.5609,1.7976,2.0522,2.2829,2.4857,2.5660,2.6152,2.6129
5.0,0.26609,0.45280,0.68364,0.94779,1.1932,1.4505,1.7103,1.9543,2.0528,2.1119,2.1431
10.0,0.10864,0.19866,0.32915,0.50664,0.72049,0.97146,1.2401,1.5357,1.6748,1.7573,1.8136
15.0,0.057402,0.10799,0.18626,0.30288,0.46053,0.66451,0.91007,1.2035,1.3747,1.4706,1.5565
20.0,0.034850,0.066702,0.11758,0.19716,0.31159,0.46829,0.67985,0.95094,1.1250,1.2370,1.3321
25.0,0.023077,0.044617,0.079568,0.13584,0.21990,0.34062,0.51818,0.76254,0.92664,1.0416,1.1469
30.0,0.016412,0.032016,0.057669,0.099866,0.16425,0.25917,0.40731,0.62236,0.77412,0.88345,0.99749
40.0,0.0095704,0.018922,0.034592,0.061190,0.10175,0.16573,0.27278,0.43875,0.56249,0.65675,0.76523
50.0,0.0062343,0.012471,0.023114,0.041607,0.069700,0.11663,0.19947,0.33643,0.44630,0.53226,0.62847
60.0,0.0048654,0.0098333,0.018417,0.033591,0.056419,0.095704,0.16641,0.28572,0.38182,0.45803,0.54406
70.0,0.0040788,0.0082847,0.015590,0.028645,0.048193,0.082643,0.14485,0.25205,0.33864,0.40773,0.48619
80.0,0.0034583,0.0070547,0.013331,0.024631,0.041544,0.071953,0.12721,0.22348,0.30165,0.36442,0.43604
90.0,0.0029655,0.0060730,0.011523,0.021249,0.036173,0.062902,0.11272,0.19943,0.27022,0.32730,0.39272
100.0,0.0025652,0.0052737,0.010047,0.018501,0.031759,0.055600,0.10053,0.17896,0.24325,0.29533,0.35523
110.0,0.0022358,0.0046123,0.0088208,0.016203,0.027990,0.049369,0.089590,0.16010,0.21802,0.26505,0.31926
120.0,0.0019579,0.0040576,0.0077904,0.014282,0.024635,0.044081,0.080262,0.14392,0.19631,0.23893,0.28814
130.0,0.0017087,0.0035572,0.0068606,0.012569,0.021846,0.039311,0.071838,0.12928,0.17669,0.21537,0.26014
140.0,0.0014974,0.0031306,0.0060640,0.011109,0.019464,0.035182,0.064521,0.11653,0.15962,0.19485,0.23573
150.0,0.0013193,0.0027703,0.0053894,0.0098639,0.017435,0.031648,0.058231,0.10550,0.14481,0.17703,0.21450
175.0,0.00096704,0.0020513,0.0040318,0.0073895,0.013270,0.024294,0.045183,0.082725,0.11412,0.13999,0.17022
200.0,0.00072067,0.0015447,0.0030682,0.0056662,0.010261,0.018920,0.035603,0.065908,0.091342,0.11239,0.13711
250.0,0.00041696,0.00091294,0.0018508,0.0034840,0.0064141,0.012007,0.023112,0.043596,0.060878,0.075281,0.092318
300.0,0.00025337,0.00056768,0.0011758,0.0022175,0.0041728,0.0079697,0.015709,0.030209,0.042524,0.052853,0.065001
350.0,0.00015987,0.00036692,0.00077764,0.0014737,0.0028328,0.0055150,0.011090,0.021703,0.030771,0.038378,0.047399
400.0,0.00010397,0.00024445,0.00053040,0.0010124,0.0019869,0.0039407,0.0080658,0.016037,0.022882,0.028631,0.035483
450.0,6.6280e-05,0.00015969,0.00035505,0.00071517,0.0014234,0.0028732,0.0059756,0.012053,0.017299,0.021723,0.027017
500.0,4.3573e-05,0.00010753,0.00024473,0.00051825,0.0010419,0.0021393,0.0045156,0.0092303,0.013319,0.016776,0.020927
600.0,2.0710e-05,5.3772e-05,0.00012774,0.00028642,0.00060493,0.0012852,0.0027886,0.0058360,0.0084843,0.010712,0.013415
700.0,1.0511e-05,2.7957e-05,6.8946e-05,0.00016315,0.00035757,0.00079733,0.0017762,0.0037790,0.0055225,0.0069997,0.0087894
800.0,5.4357e-06,1.5389e-05,3.9304e-05,9.6551e-05,0.00022515,0.00050936,0.0011590,0.0024913,0.0036612,0.0044682,0.0056623
1000.0,1.7596e-06,5.2727e-06,1.4229e-05,3.5196e-05,8.6443e-05,0.00020823,0.00049179,0.0010818,0.0016051,0.0020514,0.0025931
1200.0,6.0718e-07,1.9048e-06,5.1809e-06,1.4106e-05,3.6685e-05,9.3370e-05,0.00022547,0.00051572,0.00076895,0.00098466,0.0012231
1500.0,1.2150e-07,4.0019e-07,1.2362e-06,3.7884e-06,1.0446e-05,2.8032e-05,7.0261e-05,0.00016017,0.00024246,0.00031337,0.00039835
SA0P03
r\m,4.0,4.5,5.0,5.5,6.0,6.5,7.0,7.5,7.8,8.0,8.2
0.0,0.90049,1.2563,1.6059,1.9580,2.2420,2.5327,2.7668,2.9417,3.0198,3.0683,3.0435
1.0,0.73630,1.0514,1.3684,1.6831,1.9455,2.2244,2.4716,2.6905,2.7805,2.8363,2.8319
5.0,0.28199,0.48379,0.73496,1.0233,1.2915,1.5700,1.8483,2.1124,2.2223,2.2893,2.3236
10.0,0.11636,0.21393,0.35581,0.54855,0.77933,1.0462,1.3342,1.6554,1.8078,1.8996,1.9626
15.0,0.061863,0.11691,0.20219,0.32882,0.49857,0.71486,0.97763,1.2956,1.4827,1.5880,1.6824
20.0,0.037760,0.072572,0.12821,0.21485,0.33836,0.50487,0.73123,1.0240,1.2137,1.3362,1.4399
25.0,0.025125,0.048761,0.087125,0.14856,0.23952,0.36831,0.55838,0.82219,1.0005,1.1259,1.2403
30.0,0.017931,0.035104,0.063350,0.10955,0.17940,0.28109,0.43982,0.67200,0.83674,0.95576,1.0797
40.0,0.010512,0.020852,0.038172,0.067407,0.11164,0.18053,0.29577,0.47516,0.60958,0.71220,0.83006
50.0,0.0068748,0.013794,0.025593,0.045981,0.076743,0.12750,0.21700,0.36514,0.48449,0.57783,0.68201
60.0,0.0053756,0.010895,0.020420,0.037167,0.062210,0.10482,0.18135,0.31060,0.41502,0.49783,0.59106
70.0,0.0045245,0.0092127,0.017345,0.031801,0.053317,0.090818,0.15838,0.27473,0.36892,0.44405,0.52912
80.0,0.0038484,0.0078670,0.014869,0.027405,0.046046,0.079200,0.13931,0.24391,0.32901,0.39730,0.47500
90.0,0.0033093,0.0067878,0.012879,0.023682,0.040142,0.069316,0.12354,0.21783,0.29495,0.35710,0.42813
100.0,0.0028697,0.0059061,0.011249,0.020646,0.035276,0.061314,0.11024,0.19557,0.26564,0.32237,0.38742
110.0,0.0025067,0.0051741,0.0098904,0.018101,0.031108,0.054466,0.098274,0.17500,0.23815,0.28940,0.34829
120.0,0.0021992,0.0045582,0.0087452,0.015967,0.027389,0.048639,0.088043,0.15732,0.21444,0.26089,0.31436
130.0,0.0019219,0.0039998,0.0077055,0.014053,0.024281,0.043350,0.078746,0.14122,0.19288,0.23499,0.28361
140.0,0.0016863,0.0035228,0.0068127,0.012421,0.021625,0.038768,0.070667,0.12719,0.17409,0.21243,0.25678
150.0,0.0014875,0.0031197,0.0060565,0.011028,0.019364,0.034851,0.063730,0.11507,0.15782,0.19285,0.23346
175.0,0.0010914,0.0023098,0.0045247,0.0082435,0.014694,0.026651,0.049251,0.089869,0.12387,0.15188,0.18451
200.0,0.00081328,0.0017375,0.0034357,0.0063015,0.011319,0.020664,0.038625,0.071265,0.098673,0.12136,0.14790
250.0,0.00046881,0.0010208,0.0020573,0.0038411,0.0070059,0.012972,0.024796,0.046604,0.065007,0.080344,0.098425
300.0,0.00028315,0.00062984,0.0012955,0.0024203,0.0045084,0.0085114,0.016661,0.031920,0.044882,0.055754,0.068482
350.0,0.00017728,0.00040341,0.00084845,0.0015914,0.0030266,0.0058221,0.011628,0.022678,0.032118,0.040033,0.049384
400.0,0.00011426,0.00026610,0.00057280,0.0010814,0.0020994,0.0041142,0.0083652,0.016582,0.023635,0.029555,0.036589
450.0,7.2019e-05,0.00017182,0.00037912,0.00075574,0.0014882,0.0029686,0.0061357,0.012344,0.017700,0.022219,0.027607
500.0,4.6785e-05,0.00011433,0.00025839,0.00054203,0.0010784,0.0021891,0.0045946,0.0093718,0.013514,0.017018,0.021214
600.0,2.1323e-05,5.4999e-05,0.00013028,0.00029064,0.00060961,0.0012841,0.0027886,0.0058360,0.0084843,0.010712,0.013415
700.0,1.0615e-05,2.8083e-05,6.9238e-05,0.00016347,0.00035757,0.00079733,0.0017762,0.0037790,0.0055225,0.0069997,0.0087894
800.0,5.4357e-06,1.5389e-05,3.9304e-05,9.6551e-05,0.00022515,0.00050936,0.0011590,0.0024913,0.0036612,0.0044682,0.0056623
1000.0,1.7596e-06,5.2727e-06,1.4229e-05,3.5196e-05,8.6443e-05,0.00020823,0.00049179,0.0010818,0.0016051,0.0020514,0.0025931
1200.0,6.0718e-07,1.9048e-06,5.1809e-06,1.4106e-05,3.6685e-05,9.3370e-05,0.00022547,0.00051572,0.00076895,0.00098466,0.0012231
1500.0,1.2150e-07,4.0019e-07,1.2362e-06,3.7884e-06,1.0446e-05,2.8032e-05,7.0261e-05,0.00016017,0.00024246,0.00031337,0.00039835
SA0P04
r\m,4.0,4.5,5.0,5.5,6.0,6.5,7.0,7.5,7.8,8.0,8.2
0.0,0.91015,1.3048,1.6971,2.0887,2.4083,2.7312,2.9885,3.1830,3.2728,3.3289,3.3020
1.0,0.74442,1.0924,1.4492,1.8018,2.0988,2.4098,2.6802,2.9205,3.0231,3.0863,3.0803
5.0,0.28697,0.50186,0.77649,1.0968,1.3975,1.7059,2.0092,2.2986,2.4237,2.5002,2.5385
10.0,0.11975,0.22364,0.37775,0.58947,0.84309,1.1315,1.4443,1.7968,1.9669,2.0707,2.1435
15.0,0.064266,0.12319,0.21602,0.35487,0.54051,0.77292,1.0574,1.4051,1.6119,1.7296,1.8358
20.0,0.039587,0.077132,0.13806,0.23348,0.36897,0.54824,0.79323,1.1125,1.3209,1.4562,1.5717
25.0,0.026543,0.052208,0.094525,0.16253,0.26278,0.40218,0.60805,0.89558,1.0910,1.2287,1.3548
30.0,0.019062,0.037807,0.069138,0.12051,0.19788,0.30855,0.48082,0.73404,0.91441,1.0449,1.1807
40.0,0.011289,0.022679,0.042040,0.074784,0.12419,0.19977,0.32571,0.52183,0.66922,0.78164,0.91027
50.0,0.0074455,0.015122,0.028387,0.051348,0.085942,0.14198,0.24032,0.40251,0.53333,0.63541,0.74902
60.0,0.0058522,0.011998,0.022739,0.041646,0.069899,0.11714,0.20148,0.34328,0.45795,0.54867,0.65049
70.0,0.0049584,0.010210,0.019429,0.035836,0.060234,0.10203,0.17682,0.30491,0.40859,0.49106,0.58411
80.0,0.0042463,0.0087733,0.016752,0.031044,0.052258,0.089342,0.15611,0.27160,0.36551,0.44064,0.52580
90.0,0.0036754,0.0076141,0.014590,0.026956,0.045737,0.078463,0.13886,0.24325,0.32855,0.39711,0.47517
100.0,0.0032063,0.0066603,0.012805,0.023598,0.040328,0.069609,0.12422,0.21891,0.29659,0.35930,0.43092
110.0,0.0028165,0.0058632,0.011308,0.020767,0.035671,0.061996,0.11099,0.19633,0.26650,0.32329,0.38831
120.0,0.0024836,0.0051882,0.010039,0.018380,0.031487,0.055485,0.099627,0.17682,0.24043,0.29201,0.35116
130.0,0.0021806,0.0045704,0.0088739,0.016218,0.027962,0.049510,0.089186,0.15886,0.21645,0.26327,0.31711
140.0,0.0019214,0.0040399,0.0078675,0.014365,0.024941,0.044312,0.080086,0.14317,0.19548,0.23813,0.28727
150.0,0.0017015,0.0035893,0.0070116,0.012780,0.022362,0.039864,0.072261,0.12959,0.17729,0.21627,0.26128
175.0,0.0012575,0.0026720,0.0052557,0.0095688,0.016971,0.030444,0.055735,0.10101,0.13887,0.16999,0.20609
200.0,0.00094222,0.0020175,0.0039978,0.0073147,0.013055,0.023541,0.043563,0.079830,0.11024,0.13536,0.16463
250.0,0.00054574,0.0011865,0.0023889,0.0044363,0.0080185,0.014634,0.027667,0.051626,0.071813,0.088615,0.10832
300.0,0.00032970,0.00072973,0.0014957,0.0027716,0.0051046,0.0094814,0.018348,0.034894,0.048928,0.060687,0.074366
350.0,0.00020570,0.00046443,0.00097125,0.0018024,0.0033836,0.0063950,0.012624,0.024446,0.034531,0.042976,0.052893
400.0,0.00013171,0.00030363,0.00064888,0.0012096,0.0023151,0.0044534,0.0089493,0.017623,0.025056,0.031288,0.038652
450.0,8.2133e-05,0.00019364,0.00042388,0.00083415,0.0016183,0.0031673,0.0064715,0.012943,0.018519,0.023220,0.028795
500.0,5.2658e-05,0.00012704,0.00028485,0.00059016,0.0011563,0.0023029,0.0047807,0.0097013,0.013964,0.017570,0.021867
600.0,2.2587e-05,5.7683e-05,0.00013627,0.00030185,0.00062607,0.0012985,0.0027886,0.0058360,0.0084843,0.010712,0.013415
700.0,1.0932e-05,2.8672e-05,7.0747e-05,0.00016652,0.00035831,0.00079733,0.0017762,0.0037790,0.0055225,0.0069997,0.0087894
800.0,5.4357e-06,1.5389e-05,3.9304e-05,9.6551e-05,0.00022515,0.00050936,0.0011590,0.0024913,0.0036612,0.0044682,0.0056623
1000.0,1.7596e-06,5.2727e-06,1.4229e-05,3.5196e-05,8.6443e-05,0.00020823,0.00049179,0.0010818,0.0016051,0.0020514,0.0025931
1200.0,6.0718e-07,1.9048e-06,5.1809e-06,1.4106e-05,3.6685e-05,9.3370e-05,0.00022547,0.00051572,0.00076895,0.00098466,0.0012231
1500.0,1.2150e-07,4.0019e-07,1.2362e-06,3.7884e-06,1.0446e-05,2.8032e-05,7.0261e-05,0.00016017,0.00024246,0.00031337,0.00039835
SA0P05
r\m,4.0,4.5,5.0,5.5,6.0,6.5,7.0,7.5,7.8,8.0,8.2
0.0,0.87314,1.2741,1.6808,2.0842,2.4191,2.7563,3.0280,3.2352,3.3305,3.3892,3.3654
1.0,0.71321,1.0680,1.4401,1.8071,2.1201,2.4460,2.7293,2.9794,3.0876,3.1524,3.1471
5.0,0.27156,0.48434,0.76539,1.1000,1.4189,1.7435,2.0597,2.3594,2.4914,2.5710,2.6107
10.0,0.11369,0.21609,0.37230,0.59132,0.85645,1.1564,1.4806,1.8441,2.0227,2.1313,2.2097
15.0,0.061394,0.11968,0.21384,0.35711,0.55030,0.79087,1.0848,1.4433,1.6571,1.7807,1.8929
20.0,0.038091,0.075446,0.13754,0.23629,0.37756,0.56321,0.81624,1.1452,1.3598,1.4999,1.6213
25.0,0.025684,0.051352,0.094745,0.16546,0.27043,0.41515,0.62796,0.92428,1.1255,1.2670,1.3981
30.0,0.018541,0.037371,0.069649,0.12326,0.20457,0.31983,0.49823,0.75944,0.94518,1.0792,1.2189
40.0,0.011079,0.022614,0.042703,0.077083,0.12936,0.20847,0.33951,0.54232,0.69428,0.80967,0.94131
50.0,0.0073649,0.015192,0.029029,0.053252,0.090040,0.14894,0.25163,0.41953,0.55435,0.65926,0.77591
60.0,0.0058216,0.012115,0.023357,0.043349,0.073476,0.12326,0.21152,0.35849,0.47698,0.57038,0.67506
70.0,0.0049575,0.010359,0.020049,0.037464,0.063571,0.10777,0.18621,0.31936,0.42671,0.51178,0.60764
80.0,0.0042732,0.0089573,0.017388,0.032630,0.055419,0.094770,0.16503,0.28548,0.38300,0.46071,0.54867
90.0,0.0037230,0.0078217,0.015233,0.028487,0.048730,0.083569,0.14733,0.25656,0.34541,0.41655,0.49742
100.0,0.0032681,0.0068817,0.013442,0.025064,0.043153,0.074420,0.13225,0.23162,0.31279,0.37805,0.45244
110.0,0.0028878,0.0060914,0.011932,0.022161,0.038327,0.066531,0.11858,0.20843,0.28201,0.34132,0.40909
120.0,0.0025609,0.0054182,0.010644,0.019700,0.033958,0.059750,0.10677,0.18831,0.25522,0.30927,0.37113
130.0,0.0022610,0.0047972,0.0094516,0.017453,0.030259,0.053471,0.095832,0.16962,0.23036,0.27955,0.33600
140.0,0.0020027,0.0042607,0.0084149,0.015517,0.027074,0.047981,0.086257,0.15321,0.20852,0.25344,0.30507
150.0,0.0017818,0.0038015,0.0075273,0.013849,0.024340,0.043262,0.077987,0.13894,0.18947,0.23061,0.27799
175.0,0.0013305,0.0028560,0.0056854,0.010435,0.018564,0.033162,0.060338,0.10861,0.14884,0.18180,0.21992
200.0,0.0010062,0.0021736,0.0043523,0.0080164,0.014333,0.025709,0.047248,0.085986,0.11836,0.14501,0.17597
250.0,0.00059079,0.0012920,0.0026217,0.0048875,0.0088288,0.015995,0.029998,0.055573,0.077048,0.094872,0.11571
300.0,0.00036046,0.00080020,0.0016487,0.0030588,0.0056170,0.010337,0.019826,0.037423,0.052301,0.064736,0.079153
350.0,0.00022637,0.00051121,0.0010721,0.0019870,0.0037113,0.0069374,0.013564,0.026072,0.036710,0.045600,0.055999
400.0,0.00014546,0.00033456,0.00071551,0.0013291,0.0025264,0.0047997,0.0095489,0.018669,0.026461,0.032981,0.040656
450.0,9.0729e-05,0.00021295,0.00046573,0.00091201,0.0017549,0.0033885,0.0068530,0.013613,0.019421,0.024311,0.030085
500.0,5.8019e-05,0.00013911,0.00031131,0.00064133,0.0012449,0.0024441,0.0050223,0.010127,0.014538,0.018267,0.022691
600.0,2.4055e-05,6.1045e-05,0.00014420,0.00031825,0.00065479,0.0013403,0.0028478,0.0058980,0.0085687,0.010833,0.013604
700.0,1.1468e-05,2.9884e-05,7.3859e-05,0.00017355,0.00037024,0.00079733,0.0017762,0.0037790,0.0055225,0.0069997,0.0087894
800.0,5.5661e-06,1.5413e-05,3.9533e-05,9.6551e-05,0.00022515,0.00050936,0.0011590,0.0024913,0.0036612,0.0044682,0.0056623
1000.0,1.7596e-06,5.2727e-06,1.4229e-05,3.5196e-05,8.6443e-05,0.00020823,0.00049179,0.0010818,0.0016051,0.0020514,0.0025931
1200.0,6.0718e-07,1.9048e-06,5.1809e-06,1.4106e-05,3.6685e-05,9.3370e-05,0.00022547,0.00051572,0.00076895,0.00098466,0.0012231
1500.0,1.2150e-07,4.0019e-07,1.2362e-06,3.7884e-06,1.0446e-05,2.8032e-05,7.0261e-05,0.00016017,0.00024246,0.00031337,0.00039835
SA0P075
r\m,4.0,4.5,5.0,5.5,6.0,6.5,7.0,7.5,7.8,8.0,8.2
0.0,0.73054,1.0892,1.4722,1.8500,2.1771,2.5089,2.7913,3.0100,3.1051,3.1609,3.1520
1.0,0.59334,0.91647,1.2735,1.6257,1.9351,2.2577,2.5467,2.7959,2.9024,2.9611,2.9616
5.0,0.21305,0.39666,0.65879,0.98745,1.3135,1.6443,1.9637,2.2567,2.3870,2.4613,2.5000
10.0,0.088668,0.17558,0.31777,0.52888,0.79468,1.0988,1.4210,1.7701,1.9487,2.0539,2.1354
15.0,0.048285,0.097957,0.18359,0.32089,0.51308,0.75537,1.0460,1.3915,1.5969,1.7198,1.8335
20.0,0.030322,0.062473,0.11941,0.21449,0.35539,0.54215,0.79220,1.1103,1.3149,1.4494,1.5721
25.0,0.020621,0.042904,0.083137,0.15185,0.25744,0.40318,0.61392,0.90079,1.0931,1.2270,1.3560
30.0,0.015022,0.031498,0.061676,0.11408,0.19642,0.31280,0.49010,0.74364,0.92155,1.0487,1.1820
40.0,0.0091272,0.019376,0.038426,0.072429,0.12596,0.20638,0.33738,0.53528,0.68113,0.79016,0.91405
50.0,0.0061635,0.013212,0.026476,0.050646,0.088624,0.14878,0.25189,0.41601,0.54521,0.64516,0.75651
60.0,0.0049325,0.010657,0.021517,0.041572,0.072822,0.12382,0.21271,0.35650,0.47089,0.56015,0.66032
70.0,0.0042343,0.0091841,0.018610,0.036177,0.063387,0.10882,0.18790,0.31886,0.42293,0.50461,0.59678
80.0,0.0036978,0.0080440,0.016341,0.031879,0.055845,0.096601,0.16791,0.28724,0.38242,0.45754,0.54263
90.0,0.0032660,0.0071186,0.014502,0.028180,0.049655,0.086012,0.15127,0.26031,0.34769,0.41695,0.49570
100.0,0.0029052,0.0063442,0.012957,0.025089,0.044442,0.077327,0.13698,0.23694,0.31735,0.38134,0.45426
110.0,0.0026001,0.0056859,0.011639,0.022442,0.039894,0.069826,0.12396,0.21516,0.28872,0.34741,0.41444
120.0,0.0023351,0.0051187,0.010502,0.020172,0.035704,0.063309,0.11261,0.19609,0.26358,0.31753,0.37925
130.0,0.0020888,0.0045892,0.0094369,0.018072,0.032138,0.057187,0.10196,0.17810,0.23990,0.28942,0.34619
140.0,0.0018733,0.0041246,0.0084962,0.016236,0.029029,0.051763,0.092523,0.16213,0.21882,0.26439,0.31671
150.0,0.0016853,0.0037192,0.0076754,0.014625,0.026314,0.047025,0.084244,0.14802,0.20016,0.24218,0.29050
175.0,0.0012927,0.0028658,0.0059343,0.011258,0.020456,0.036675,0.066221,0.11744,0.15959,0.19377,0.23323
200.0,0.0010030,0.0022337,0.0046423,0.0088174,0.016068,0.028874,0.052580,0.094194,0.12856,0.15658,0.18905
250.0,0.00061524,0.0013814,0.0028971,0.0055427,0.010165,0.018380,0.034053,0.062049,0.085278,0.10438,0.12664
300.0,0.00039002,0.00088466,0.0018748,0.0035526,0.0065929,0.012059,0.022787,0.042270,0.058548,0.072037,0.087649
350.0,0.00025310,0.00058101,0.0012469,0.0023492,0.0044132,0.0081666,0.015697,0.029633,0.041346,0.051077,0.062405
400.0,0.00016717,0.00038880,0.00084661,0.0015911,0.0030282,0.0056740,0.011076,0.021259,0.029865,0.037022,0.045399
450.0,0.00010669,0.00025188,0.00055813,0.0011006,0.0021121,0.0040086,0.0079434,0.015489,0.021908,0.027279,0.033578
500.0,6.9399e-05,0.00016656,0.00037613,0.00077725,0.0014994,0.0028848,0.0058019,0.011485,0.016351,0.020440,0.025258
600.0,2.8447e-05,7.1796e-05,0.00017065,0.00037670,0.00076768,0.0015362,0.0031951,0.0065078,0.0093922,0.011832,0.014819
700.0,1.3573e-05,3.5061e-05,8.7130e-05,0.00020466,0.00043075,0.00088875,0.0018917,0.0039671,0.0057868,0.0073424,0.0092133
800.0,6.5474e-06,1.7936e-05,4.6178e-05,0.00011217,0.00025186,0.00052918,0.0011630,0.0024913,0.0036716,0.0046577,0.0058948
1000.0,1.7822e-06,5.2727e-06,1.4530e-05,3.7545e-05,9.0141e-05,0.00020823,0.00049179,0.0010818,0.0016051,0.0020567,0.0026348
1200.0,6.0718e-07,1.9048e-06,5.1809e-06,1.4106e-05,3.6685e-05,9.3370e-05,0.00022547,0.00051572,0.00076895,0.00098466,0.0012559
1500.0,1.2150e-07,4.0019e-07,1.2362e-06,3.7884e-06,1.0446e-05,2.8032e-05,7.0261e-05,0.00016017,0.00025060,0.00033368,0.00043317
SA0P1
r\m,4.0,4.5,5.0,5.5,6.0,6.5,7.0,7.5,7.8,8.0,8.2
0.0,0.60107,0.90414,1.2413,1.5740,1.8721,2.1788,2.4537,2.6695,2.7590,2.8094,2.8138
1.0,0.48533,0.76348,1.0827,1.3985,1.6831,1.9824,2.2603,2.4961,2.5950,2.6459,2.6525
5.0,0.16414,0.31622,0.54630,0.84719,1.1562,1.4716,1.7769,2.0489,2.1697,2.2349,2.2712
10.0,0.067597,0.13847,0.26082,0.45158,0.70112,0.99292,1.2969,1.6147,1.7825,1.8783,1.9570
15.0,0.036943,0.077496,0.15107,0.27463,0.45429,0.68609,0.95939,1.2751,1.4616,1.5766,1.6845
20.0,0.023365,0.049767,0.098926,0.18473,0.31664,0.49507,0.73007,1.0221,1.2068,1.3289,1.4456
25.0,0.015962,0.034348,0.069331,0.13172,0.23116,0.37028,0.56867,0.83226,1.0065,1.1266,1.2468
30.0,0.011694,0.025355,0.051732,0.099498,0.17736,0.28847,0.45578,0.68920,0.85076,0.96512,1.0861
40.0,0.0071813,0.015766,0.032579,0.063812,0.11478,0.19178,0.31565,0.49855,0.63110,0.72882,0.83975
50.0,0.0049015,0.010860,0.022656,0.044993,0.081325,0.13901,0.23665,0.38845,0.50568,0.59606,0.69718
60.0,0.0039580,0.0088334,0.018550,0.037161,0.067155,0.11610,0.20038,0.33333,0.43778,0.51868,0.60979
70.0,0.0034127,0.0076465,0.016114,0.032460,0.058630,0.10225,0.17715,0.29866,0.39396,0.46825,0.55241
80.0,0.0030070,0.0067577,0.014275,0.028848,0.052060,0.091414,0.15926,0.27059,0.35821,0.42687,0.50495
90.0,0.0026815,0.0060386,0.012790,0.025743,0.046696,0.082013,0.14452,0.24685,0.32775,0.39140,0.46400
100.0,0.0024080,0.0054329,0.011534,0.023132,0.042151,0.074304,0.13180,0.22618,0.30107,0.36021,0.42779
110.0,0.0021752,0.0049147,0.010456,0.020883,0.038170,0.067661,0.12023,0.20697,0.27599,0.33062,0.39318
120.0,0.0019717,0.0044652,0.0095195,0.018940,0.034451,0.061850,0.11006,0.19004,0.25382,0.30442,0.36243
130.0,0.0017816,0.0040429,0.0086362,0.017130,0.031289,0.056349,0.10046,0.17394,0.23278,0.27956,0.33329
140.0,0.0016131,0.0036681,0.0078477,0.015528,0.028503,0.051421,0.091869,0.15950,0.21385,0.25720,0.30704
150.0,0.0014636,0.0033353,0.0071479,0.014099,0.026030,0.047046,0.084213,0.14654,0.19685,0.23706,0.28337
175.0,0.0011473,0.0026254,0.0056426,0.011072,0.020621,0.037363,0.067334,0.11814,0.15944,0.19266,0.23105
200.0,0.00090967,0.0020896,0.0045040,0.0088399,0.016495,0.029930,0.054336,0.096195,0.13038,0.15802,0.19007
250.0,0.00058056,0.0013426,0.0029144,0.0057480,0.010775,0.019634,0.036175,0.065078,0.088783,0.10811,0.13062
300.0,0.00038214,0.00089060,0.0019485,0.0037970,0.0071833,0.013205,0.024753,0.045289,0.062242,0.076168,0.092338
350.0,0.00025686,0.00060405,0.0013339,0.0025777,0.0049211,0.0091275,0.017366,0.032300,0.044699,0.054941,0.066858
400.0,0.00017526,0.00041621,0.00092915,0.0017860,0.0034427,0.0064472,0.012434,0.023489,0.032725,0.040362,0.049281
450.0,0.00011545,0.00027722,0.00062719,0.0012595,0.0024403,0.0046159,0.0090213,0.017298,0.024267,0.030057,0.036828
500.0,7.7244e-05,0.00018782,0.00043134,0.00090411,0.0017553,0.0033566,0.0066474,0.012933,0.018259,0.022702,0.027917
600.0,3.2873e-05,8.3350e-05,0.00020018,0.00044529,0.00090757,0.0017959,0.0036697,0.0073438,0.010513,0.013177,0.016436
700.0,1.6140e-05,4.1706e-05,0.00010432,0.00024589,0.00051518,0.0010468,0.0021850,0.0045032,0.0065167,0.0082283,0.010279
800.0,7.9598e-06,2.1692e-05,5.6018e-05,0.00013603,0.00030317,0.00062493,0.0013455,0.0028344,0.0041448,0.0052757,0.0066414
1000.0,2.2172e-06,6.4364e-06,1.7862e-05,4.6378e-05,0.00011002,0.00024441,0.00055414,0.0012116,0.0018069,0.0023367,0.0029854
1200.0,6.8170e-07,2.1048e-06,6.1963e-06,1.7094e-05,4.3381e-05,0.00010369,0.00024550,0.00056201,0.00085597,0.0011187,0.0014309
1500.0,1.2998e-07,4.3274e-07,1.4051e-06,4.3276e-06,1.1967e-05,3.0933e-05,7.7634e-05,0.00018473,0.00028931,0.00038574,0.00050019
SA0P15
r\m,4.0,4.5,5.0,5.5,6.0,6.5,7.0,7.5,7.8,8.0,8.2
0.0,0.41958,0.64570,0.90506,1.1625,1.4051,1.6611,1.9079,2.1070,2.1863,2.2294,2.2494
1.0,0.33581,0.54799,0.79835,1.0484,1.2824,1.5335,1.7799,1.9870,2.0727,2.1136,2.1288
5.0,0.10391,0.21309,0.38886,0.63241,0.89544,1.1691,1.4376,1.6696,1.7726,1.8245,1.8575
10.0,0.042038,0.091702,0.18271,0.33449,0.54481,0.80096,1.0637,1.3255,1.4705,1.5497,1.6205
15.0,0.023035,0.051443,0.10602,0.20383,0.35458,0.55765,0.79277,1.0539,1.2071,1.3056,1.4003
20.0,0.014679,0.033283,0.069944,0.13808,0.24893,0.40498,0.60696,0.85001,1.0002,1.1007,1.2031
25.0,0.010071,0.023087,0.049374,0.099274,0.18345,0.30490,0.47575,0.69522,0.83756,0.93452,1.0372
30.0,0.0074235,0.017145,0.037082,0.075448,0.14166,0.23857,0.38303,0.57782,0.71022,0.80291,0.90234
40.0,0.0046147,0.010794,0.023650,0.048971,0.092659,0.15996,0.26698,0.42027,0.52889,0.60756,0.69704
50.0,0.0031895,0.0075251,0.016628,0.034871,0.066178,0.11663,0.20100,0.32827,0.42406,0.49777,0.58102
60.0,0.0026039,0.0061841,0.013742,0.029026,0.054977,0.097787,0.17070,0.28201,0.36810,0.43425,0.50938
70.0,0.0022547,0.0053769,0.011989,0.025445,0.048121,0.086249,0.15082,0.25297,0.33182,0.39286,0.46261
80.0,0.0020076,0.0048034,0.010737,0.022854,0.043152,0.077800,0.13664,0.23087,0.30384,0.36063,0.42573
90.0,0.0018112,0.0043436,0.0097345,0.020643,0.039150,0.070495,0.12518,0.21247,0.28034,0.33333,0.39422
100.0,0.0016452,0.0039542,0.0088826,0.018772,0.035741,0.064531,0.11527,0.19642,0.25973,0.30931,0.36638
110.0,0.0015030,0.0036189,0.0081465,0.017152,0.032748,0.059438,0.10628,0.18162,0.24054,0.28679,0.34010
120.0,0.0013783,0.0033262,0.0075028,0.015743,0.029899,0.054952,0.098351,0.16850,0.22349,0.26673,0.31663
130.0,0.0012614,0.0030505,0.0068939,0.014423,0.027497,0.050681,0.090820,0.15594,0.20719,0.24757,0.29423
140.0,0.0011560,0.0028018,0.0063427,0.013237,0.025352,0.046799,0.083999,0.14450,0.19232,0.23009,0.27378
150.0,0.0010603,0.0025754,0.0058408,0.012151,0.023397,0.043261,0.077761,0.13400,0.17864,0.21399,0.25493
175.0,0.00085521,0.0020862,0.0047462,0.0098209,0.019063,0.035324,0.063840,0.11071,0.14823,0.17810,0.21280
200.0,0.00069800,0.0017091,0.0038993,0.0080673,0.015680,0.029086,0.052877,0.092358,0.12413,0.14956,0.17917
250.0,0.00047094,0.0011606,0.0026643,0.0055314,0.010795,0.020082,0.036926,0.065427,0.088433,0.10697,0.12863
300.0,0.00032759,0.00081234,0.0018760,0.0038426,0.0075528,0.014140,0.026359,0.047414,0.064496,0.078351,0.094604
350.0,0.00023249,0.00058027,0.0013483,0.0027344,0.0054072,0.010186,0.019215,0.035055,0.047967,0.058553,0.070919
400.0,0.00016726,0.00042022,0.00098322,0.0019791,0.0039372,0.0074659,0.014233,0.026315,0.036239,0.044376,0.053893
450.0,0.00011643,0.00029450,0.00069470,0.0014528,0.0028945,0.0055255,0.010645,0.019936,0.027638,0.033964,0.041366
500.0,8.2111e-05,0.00020932,0.00049851,0.0010819,0.0021519,0.0041380,0.0080554,0.015282,0.021307,0.026271,0.032092
600.0,3.8747e-05,0.00010161,0.00025004,0.00056881,0.0011744,0.0023158,0.0046257,0.0090012,0.012709,0.015791,0.019545
700.0,2.0511e-05,5.4445e-05,0.00013830,0.00033016,0.00069550,0.0013982,0.0028417,0.0056812,0.0081015,0.010133,0.012557
800.0,1.0839e-05,2.9975e-05,7.8037e-05,0.00019050,0.00042345,0.00085808,0.0017910,0.0036550,0.0052619,0.0066820,0.0083305
1000.0,3.3358e-06,9.6838e-06,2.6772e-05,6.9685e-05,0.00016300,0.00035165,0.00076853,0.0016225,0.0023794,0.0030471,0.0038596
1200.0,1.0975e-06,3.3555e-06,9.8618e-06,2.6801e-05,6.6337e-05,0.00015250,0.00034733,0.00076371,0.0011454,0.0014841,0.0018912
1500.0,2.2773e-07,7.4630e-07,2.3735e-06,7.0701e-06,1.8935e-05,4.6696e-05,0.00011238,0.00025893,0.00039980,0.00052944,0.00068083
SA0P2
r\m,4.0,4.5,5.0,5.5,6.0,6.5,7.0,7.5,7.8,8.0,8.2
0.0,0.30415,0.49074,0.70067,0.90918,1.1121,1.3307,1.5509,1.7330,1.8053,1.8444,1.8714
1.0,0.24204,0.41777,0.62228,0.82730,1.0241,1.2389,1.4576,1.6424,1.7194,1.7553,1.7750
5.0,0.070792,0.15622,0.29657,0.49760,0.72210,0.95987,1.1969,1.3997,1.4904,1.5349,1.5660
10.0,0.028304,0.066472,0.13791,0.26184,0.44024,0.66425,0.89348,1.1166,1.2442,1.3125,1.3767
15.0,0.015521,0.037315,0.080068,0.15968,0.28724,0.46466,0.66911,0.89164,1.0220,1.1083,1.1926
20.0,0.0099271,0.024231,0.053018,0.10857,0.20243,0.33864,0.51406,0.72174,0.84864,0.93436,1.0253
25.0,0.0068234,0.016848,0.037564,0.078398,0.14995,0.25585,0.40434,0.59177,0.71229,0.79395,0.88362
30.0,0.0050456,0.012550,0.028308,0.059773,0.11620,0.20062,0.32632,0.49281,0.60503,0.68323,0.76804
40.0,0.0031563,0.0079520,0.018175,0.039047,0.076432,0.13511,0.22818,0.35945,0.45143,0.51745,0.59280
50.0,0.0021961,0.0055797,0.012855,0.027953,0.054817,0.098791,0.17212,0.28108,0.36199,0.42433,0.49528
60.0,0.0018036,0.0046113,0.010679,0.023368,0.045688,0.082996,0.14638,0.24156,0.31466,0.37067,0.43476
70.0,0.0015645,0.0040172,0.0093344,0.020517,0.040028,0.073220,0.12922,0.21675,0.28383,0.33567,0.39534
80.0,0.0014008,0.0036097,0.0084095,0.018536,0.036095,0.066384,0.11757,0.19863,0.26096,0.30936,0.36524
90.0,0.0012717,0.0032856,0.0076753,0.016858,0.032964,0.060499,0.10832,0.18375,0.24195,0.28729,0.33974
100.0,0.0011624,0.0030106,0.0070499,0.015436,0.030294,0.055721,0.10032,0.17077,0.22531,0.26789,0.31724
110.0,0.0010686,0.0027733,0.0065085,0.014204,0.027951,0.051677,0.093103,0.15889,0.20994,0.24989,0.29623
120.0,0.00098615,0.0025656,0.0060338,0.013127,0.025695,0.048105,0.086719,0.14835,0.19627,0.23383,0.27744
130.0,0.00090895,0.0023701,0.0055853,0.012120,0.023813,0.044704,0.080663,0.13824,0.18317,0.21846,0.25948
140.0,0.00083872,0.0021922,0.0051763,0.011206,0.022117,0.041586,0.075136,0.12894,0.17112,0.20432,0.24294
150.0,0.00077400,0.0020277,0.0047975,0.010354,0.020543,0.038690,0.069990,0.12026,0.15987,0.19110,0.22748
175.0,0.00063461,0.0016703,0.0039669,0.0085187,0.017039,0.032164,0.058457,0.10096,0.13474,0.16151,0.19277
200.0,0.00052682,0.0013922,0.0033172,0.0071244,0.014270,0.026970,0.049270,0.085594,0.11463,0.13775,0.16482
250.0,0.00036757,0.00097824,0.0023462,0.0050572,0.010177,0.019290,0.035573,0.062614,0.084265,0.10161,0.12195
300.0,0.00026464,0.00070862,0.0017092,0.0036357,0.0073671,0.014043,0.026197,0.046749,0.063266,0.076569,0.092327
350.0,0.00019452,0.00052387,0.0012701,0.0026752,0.0054485,0.010441,0.019673,0.035545,0.048348,0.058809,0.071096
400.0,0.00014500,0.00039260,0.00095687,0.0020000,0.0040921,0.0078845,0.014987,0.027393,0.037484,0.045722,0.055397
450.0,0.00010491,0.00028542,0.00069947,0.0015146,0.0030988,0.0060023,0.011509,0.021271,0.029292,0.035836,0.043520
500.0,7.6896e-05,0.00021034,0.00051885,0.0011622,0.0023698,0.0046159,0.0089261,0.016687,0.023097,0.028335,0.034495
600.0,3.9687e-05,0.00011072,0.00027981,0.00065143,0.0013687,0.0027179,0.0053687,0.010264,0.014363,0.017740,0.021843
700.0,2.2460e-05,6.3153e-05,0.00016359,0.00039655,0.00084625,0.0017056,0.0034174,0.0066914,0.0094448,0.011733,0.014462
800.0,1.2688e-05,3.6799e-05,9.7139e-05,0.00023946,0.00053543,0.0010834,0.0022202,0.0044268,0.0063001,0.0079561,0.0098534
1000.0,4.3557e-06,1.3097e-05,3.6283e-05,9.4591e-05,0.00022040,0.00047003,0.0010024,0.0020577,0.0029760,0.0037763,0.0047461
1200.0,1.5658e-06,4.9057e-06,1.4369e-05,3.8658e-05,9.4331e-05,0.00021223,0.00046962,0.00099762,0.0014734,0.0018909,0.0023949
1500.0,3.6354e-07,1.2076e-06,3.7676e-06,1.0923e-05,2.8525e-05,6.8097e-05,0.00015815,0.00035193,0.00053420,0.00070015,0.00089197
SA0P25
r\m,4.0,4.5,5.0,5.5,6.0,6.5,7.0,7.5,7.8,8.0,8.2
0.0,0.22604,0.38948,0.56919,0.74605,0.92147,1.1132,1.3121,1.4800,1.5474,1.5840,1.6143
1.0,0.17920,0.33223,0.50773,0.68273,0.85331,1.0419,1.2389,1.4070,1.4780,1.5111,1.5331
5.0,0.050508,0.12111,0.23857,0.40985,0.60547,0.81574,1.0282,1.2101,1.2923,1.3322,1.3622
10.0,0.020035,0.051144,0.11017,0.21492,0.36960,0.56826,0.77213,0.96840,1.0832,1.1442,1.2034
15.0,0.010988,0.028714,0.063971,0.13111,0.24151,0.39874,0.58004,0.77545,0.89023,0.96766,1.0441
20.0,0.0070428,0.018685,0.042451,0.089327,0.17060,0.29122,0.44660,0.62913,0.74016,0.81575,0.89802
25.0,0.0048455,0.013008,0.030141,0.064674,0.12677,0.22048,0.35203,0.51663,0.62213,0.69350,0.77377
30.0,0.0035894,0.0097072,0.022758,0.049400,0.098435,0.17309,0.28451,0.43075,0.52900,0.59738,0.67215
40.0,0.0022536,0.0061738,0.014670,0.032395,0.064964,0.11687,0.19930,0.31469,0.39513,0.45263,0.51846
50.0,0.0015742,0.0043484,0.010412,0.023264,0.046706,0.085591,0.15049,0.24622,0.31683,0.37135,0.43379
60.0,0.0012974,0.0036058,0.0086768,0.019499,0.039003,0.071985,0.12808,0.21163,0.27563,0.32465,0.38107
70.0,0.0011264,0.0031443,0.0075914,0.017132,0.034183,0.063500,0.11297,0.18989,0.24870,0.29415,0.34677
80.0,0.0010119,0.0028350,0.0068636,0.015533,0.030930,0.057752,0.10306,0.17447,0.22924,0.27177,0.32116
90.0,0.00092199,0.0025906,0.0062895,0.014187,0.028363,0.052823,0.095292,0.16192,0.21320,0.25313,0.29958
100.0,0.00084587,0.0023830,0.0058003,0.013046,0.026174,0.048838,0.088573,0.15099,0.19917,0.23678,0.28058
110.0,0.00078048,0.0022038,0.0053764,0.012056,0.024255,0.045491,0.082544,0.14106,0.18632,0.22171,0.26299
120.0,0.00072307,0.0020468,0.0050044,0.011191,0.022394,0.042533,0.077208,0.13223,0.17487,0.20827,0.24726
130.0,0.00066937,0.0018994,0.0046539,0.010382,0.020856,0.039720,0.072155,0.12376,0.16391,0.19541,0.23221
140.0,0.00062023,0.0017644,0.0043327,0.0096448,0.019462,0.037127,0.067523,0.11593,0.15377,0.18351,0.21829
150.0,0.00057449,0.0016382,0.0040317,0.0089479,0.018152,0.034687,0.063154,0.10854,0.14419,0.17227,0.20514
175.0,0.00047581,0.0013636,0.0033705,0.0074467,0.015231,0.029180,0.053354,0.092093,0.12279,0.14708,0.17558
200.0,0.00039919,0.0011490,0.0028505,0.0063009,0.012909,0.024768,0.045500,0.078929,0.10559,0.12677,0.15168
250.0,0.00028449,0.00082513,0.0020618,0.0045763,0.0094279,0.018147,0.033614,0.059029,0.079308,0.095502,0.11459
300.0,0.00020944,0.00061124,0.0015364,0.0033672,0.0069867,0.013523,0.025306,0.045015,0.060782,0.073433,0.088543
350.0,0.00015754,0.00046233,0.0011677,0.0025356,0.0052873,0.010287,0.019420,0.034933,0.047378,0.057536,0.069529
400.0,0.00012026,0.00035466,0.00089980,0.0019397,0.0040613,0.0079416,0.015108,0.027456,0.037452,0.045598,0.055205
450.0,8.9365e-05,0.00026452,0.00067383,0.0015026,0.0031440,0.0061772,0.011841,0.021730,0.029823,0.036400,0.044156
500.0,6.7310e-05,0.00020004,0.00051203,0.0011789,0.0024567,0.0048501,0.0093644,0.017364,0.023941,0.029289,0.035603
600.0,3.7200e-05,0.00011212,0.00029235,0.00069576,0.0014870,0.0029827,0.0058637,0.011092,0.015439,0.019000,0.023321
700.0,2.2184e-05,6.7202e-05,0.00017867,0.00044024,0.00095321,0.0019353,0.0038512,0.0074407,0.010435,0.012906,0.015857
800.0,1.3236e-05,4.1046e-05,0.00011075,0.00027643,0.00062386,0.0012688,0.0025741,0.0050527,0.0071362,0.0089649,0.011057
1000.0,5.0002e-06,1.5920e-05,4.4636e-05,0.00011685,0.00027283,0.00058061,0.0012197,0.0024536,0.0035134,0.0044266,0.0055311
1200.0,1.9563e-06,6.4276e-06,1.8912e-05,5.0694e-05,0.00012293,0.00027378,0.00059414,0.0012297,0.0017941,0.0022838,0.0028764
1500.0,5.0777e-07,1.7486e-06,5.4108e-06,1.5412e-05,3.9567e-05,9.2576e-05,0.00020938,0.00045227,0.00067625,0.00087762,0.0011094
SA0P3
r\m,4.0,4.5,5.0,5.5,6.0,6.5,7.0,7.5,7.8,8.0,8.2
0.0,0.17133,0.31726,0.47778,0.63377,0.78972,0.96167,1.1438,1.3002,1.3639,1.3987,1.4305
1.0,0.13546,0.27100,0.42747,0.58223,0.73411,0.90341,1.0835,1.2387,1.3052,1.3365,1.3597
5.0,0.037216,0.097068,0.19890,0.34903,0.52310,0.71233,0.90577,1.0719,1.1480,1.1849,1.2139
10.0,0.014680,0.040774,0.091411,0.18258,0.31959,0.49851,0.68298,0.85973,0.96490,1.0207,1.0761
15.0,0.0080514,0.022892,0.053073,0.11139,0.20903,0.35052,0.51416,0.68976,0.79328,0.86410,0.93467
20.0,0.0051672,0.014916,0.035267,0.075994,0.14788,0.25636,0.39644,0.56048,0.66013,0.72843,0.80408
25.0,0.0035570,0.010392,0.025073,0.055113,0.11011,0.19436,0.31293,0.46071,0.55539,0.61945,0.69271
30.0,0.0026378,0.0077631,0.018955,0.042147,0.085610,0.15269,0.25314,0.38441,0.47257,0.53393,0.60145
40.0,0.0016600,0.0049490,0.012250,0.027706,0.056620,0.10326,0.17752,0.28113,0.35321,0.40465,0.46370
50.0,0.0011624,0.0034941,0.0087134,0.019936,0.040768,0.075696,0.13412,0.22003,0.28320,0.33209,0.38835
60.0,0.00096024,0.0029036,0.0072754,0.016738,0.034087,0.063705,0.11420,0.18912,0.24650,0.29047,0.34131
70.0,0.00083403,0.0025332,0.0063684,0.014711,0.029876,0.056184,0.10066,0.16968,0.22245,0.26325,0.31074
80.0,0.00075077,0.0022890,0.0057710,0.013368,0.027093,0.051204,0.091989,0.15617,0.20538,0.24363,0.28826
90.0,0.00068572,0.0020969,0.0053020,0.012244,0.024912,0.046945,0.085257,0.14525,0.19140,0.22737,0.26940
100.0,0.00063062,0.0019338,0.0049023,0.011290,0.023052,0.043515,0.079439,0.13575,0.17920,0.21313,0.25283
110.0,0.00058326,0.0017929,0.0045560,0.010464,0.021425,0.040652,0.074239,0.12716,0.16808,0.20009,0.23758
120.0,0.00054170,0.0016694,0.0042519,0.0097408,0.019839,0.038120,0.069637,0.11953,0.15817,0.18845,0.22395
130.0,0.00050290,0.0015537,0.0039661,0.0090659,0.018537,0.035718,0.065289,0.11222,0.14870,0.17733,0.21092
140.0,0.00046725,0.0014474,0.0037034,0.0084484,0.017353,0.033496,0.061292,0.10543,0.13990,0.16700,0.19882
150.0,0.00043383,0.0013472,0.0034552,0.0078595,0.016230,0.031383,0.057485,0.098967,0.13152,0.15717,0.18731
175.0,0.00036171,0.0011291,0.0029098,0.0065913,0.013726,0.026617,0.048951,0.084585,0.11281,0.13514,0.16144
200.0,0.00030560,0.00095821,0.0024795,0.0056215,0.011729,0.022784,0.042088,0.073047,0.097727,0.11733,0.14047
250.0,0.00022091,0.00069830,0.0018210,0.0041476,0.0087090,0.016979,0.031602,0.055493,0.074538,0.089727,0.10770
300.0,0.00016511,0.00052524,0.0013782,0.0031015,0.0065619,0.012867,0.024173,0.042969,0.057981,0.070004,0.084460
350.0,0.00012619,0.00040360,0.0010640,0.0023742,0.0050485,0.0099515,0.018848,0.033850,0.045857,0.055658,0.067284
400.0,9.7944e-05,0.00031471,0.00083311,0.0018464,0.0039420,0.0078095,0.014894,0.026999,0.036780,0.044748,0.054183
450.0,7.4169e-05,0.00023904,0.00063481,0.0014541,0.0031018,0.0061736,0.011855,0.021682,0.029711,0.036225,0.043938
500.0,5.6971e-05,0.00018419,0.00049095,0.0011598,0.0024634,0.0049252,0.0095185,0.017574,0.024187,0.029548,0.035903
600.0,3.3157e-05,0.00010829,0.00029287,0.00071249,0.0015475,0.0031367,0.0061588,0.011579,0.016068,0.019734,0.024178
700.0,2.0587e-05,6.7440e-05,0.00018526,0.00046472,0.0010210,0.0020916,0.0041512,0.0079538,0.011110,0.013705,0.016809
800.0,1.2828e-05,4.2768e-05,0.00011886,0.00030122,0.00068717,0.0014086,0.0028431,0.0055238,0.0077636,0.0097122,0.011951
1000.0,5.2458e-06,1.7819e-05,5.1053e-05,0.00013470,0.00031626,0.00067493,0.0014053,0.0027873,0.0039639,0.0049685,0.0061829
1200.0,2.2103e-06,7.6843e-06,2.2931e-05,6.1620e-05,0.00014929,0.00033141,0.00071022,0.0014424,0.0020851,0.0026375,0.0033071
1500.0,6.3464e-07,2.2876e-06,7.1050e-06,2.0060e-05,5.0982e-05,0.00011792,0.00026174,0.00055205,0.00081546,0.0010495,0.0013186
SA0P4
r\m,4.0,4.5,5.0,5.5,6.0,6.5,7.0,7.5,7.8,8.0,8.2
0.0,0.10391,0.21974,0.35640,0.48865,0.62055,0.76641,0.92458,1.0639,1.1221,1.1546,1.1871
1.0,0.081882,0.18802,0.32006,0.45107,0.57960,0.72321,0.87923,1.0161,1.0764,1.1053,1.1296
5.0,0.021777,0.065868,0.14709,0.26991,0.41516,0.57531,0.74174,0.88618,0.95369,0.98675,1.0145
10.0,0.0085290,0.027480,0.067181,0.14073,0.25389,0.40495,0.56218,0.71268,0.80440,0.85319,0.90303
15.0,0.0046770,0.015426,0.038996,0.085862,0.16624,0.28547,0.42434,0.57313,0.66158,0.72324,0.78542
20.0,0.0030060,0.010066,0.025951,0.058664,0.11780,0.20912,0.32774,0.46659,0.55110,0.60962,0.67588
25.0,0.0020704,0.0070179,0.018477,0.042627,0.087936,0.15879,0.25914,0.38399,0.46419,0.51859,0.58211
30.0,0.0015373,0.0052490,0.013988,0.032641,0.068470,0.12484,0.20984,0.32068,0.39528,0.44733,0.50512
40.0,0.00096994,0.0033553,0.0090657,0.021517,0.045392,0.084573,0.14732,0.23478,0.29565,0.33907,0.38916
50.0,0.00068120,0.0023754,0.0064647,0.015518,0.032738,0.062061,0.11137,0.18380,0.23699,0.27835,0.32629
60.0,0.00056421,0.0019788,0.0054099,0.013052,0.027408,0.052263,0.094865,0.15796,0.20639,0.24359,0.28691
70.0,0.00049021,0.0017269,0.0047371,0.011473,0.024020,0.046071,0.083526,0.14169,0.18626,0.22083,0.26134
80.0,0.00044232,0.0015643,0.0043039,0.010454,0.021838,0.042088,0.076489,0.13067,0.17232,0.20478,0.24291
90.0,0.00040511,0.0014372,0.0039660,0.0096056,0.020145,0.038697,0.071092,0.12185,0.16099,0.19157,0.22754
100.0,0.00037360,0.0013293,0.0036780,0.0088862,0.018701,0.035979,0.066435,0.11420,0.15112,0.18003,0.21408
110.0,0.00034651,0.0012360,0.0034286,0.0082635,0.017442,0.033731,0.062298,0.10732,0.14220,0.16956,0.20180
120.0,0.00032276,0.0011543,0.0032095,0.0077187,0.016206,0.031743,0.058639,0.10122,0.13427,0.16022,0.19084
130.0,0.00030066,0.0010780,0.0030045,0.0072117,0.015203,0.029864,0.055196,0.095390,0.12669,0.15131,0.18037
140.0,0.00028025,0.0010076,0.0028155,0.0067457,0.014287,0.028118,0.052019,0.089945,0.11962,0.14299,0.17061
150.0,0.00026095,0.00094055,0.0026350,0.0062961,0.013408,0.026436,0.048956,0.084704,0.11281,0.13499,0.16124
175.0,0.00021930,0.00079477,0.0022385,0.0053294,0.011449,0.022650,0.042102,0.073062,0.097638,0.11711,0.14018
200.0,0.00018685,0.00068030,0.0019250,0.0045892,0.0098825,0.019594,0.036574,0.063703,0.085382,0.10262,0.12310
250.0,0.00013743,0.00050465,0.0014401,0.0034523,0.0074912,0.014919,0.028037,0.049377,0.066413,0.080004,0.096183
300.0,0.00010464,0.00038677,0.0011110,0.0026344,0.0057644,0.011551,0.021892,0.039000,0.052672,0.063616,0.076906
350.0,8.1583e-05,0.00030311,0.00087486,0.0020589,0.0045303,0.0091303,0.017430,0.031340,0.042471,0.051573,0.062453
400.0,6.4670e-05,0.00024128,0.00069901,0.0016356,0.0036140,0.0073226,0.014066,0.025499,0.034740,0.042277,0.051264
450.0,5.0178e-05,0.00018762,0.00054473,0.0013163,0.0029061,0.0059167,0.011435,0.020888,0.028621,0.034891,0.042367
500.0,3.9544e-05,0.00014815,0.00043114,0.0010730,0.0023591,0.0048247,0.0093756,0.017272,0.023759,0.029008,0.035274
600.0,2.4694e-05,9.2971e-05,0.00027312,0.00069689,0.0015615,0.0032310,0.0063616,0.011905,0.016485,0.020214,0.024738
700.0,1.6216e-05,6.1073e-05,0.00018127,0.00047433,0.0010736,0.0022420,0.0044551,0.0084702,0.011792,0.014511,0.017780
800.0,1.0749e-05,4.0870e-05,0.00012219,0.00032194,0.00075287,0.0015721,0.0031670,0.0060889,0.0085184,0.010598,0.013018
1000.0,4.9460e-06,1.8947e-05,5.7718e-05,0.00015654,0.00037426,0.00080881,0.0016726,0.0032644,0.0046073,0.0057390,0.0071096
1200.0,2.3404e-06,9.0623e-06,2.8375e-05,7.7850e-05,0.00019042,0.00042467,0.00089909,0.0017841,0.0025494,0.0031982,0.0039871
1500.0,7.9191e-07,3.1224e-06,1.0016e-05,2.8402e-05,7.1844e-05,0.00016503,0.00035847,0.00073176,0.0010629,0.0013515,0.0016853
SA0P5
r\m,4.0,4.5,5.0,5.5,6.0,6.5,7.0,7.5,7.8,8.0,8.2
0.0,0.067243,0.15736,0.27614,0.39549,0.51454,0.64505,0.78766,0.91522,0.96975,1.0005,1.0329
1.0,0.052880,0.13477,0.24853,0.36610,0.48192,0.61029,0.75073,0.87543,0.93149,0.95897,0.98346
5.0,0.013795,0.046597,0.11338,0.21881,0.34622,0.48799,0.63670,0.76692,0.82884,0.85954,0.88621
10.0,0.0053796,0.019361,0.051587,0.11385,0.21183,0.34464,0.48401,0.61774,0.70051,0.74481,0.79078
15.0,0.0029495,0.010866,0.029937,0.069458,0.13878,0.24331,0.36589,0.49745,0.57623,0.63181,0.68832
20.0,0.0018971,0.0070954,0.019938,0.047492,0.098433,0.17839,0.28286,0.40540,0.48028,0.53250,0.59240
25.0,0.0013069,0.0049487,0.014207,0.034545,0.073574,0.13556,0.22385,0.33384,0.40478,0.45305,0.51011
30.0,0.00097105,0.0037037,0.010762,0.026470,0.057331,0.10662,0.18136,0.27892,0.34483,0.39095,0.44247
40.0,0.00061353,0.0023707,0.0069855,0.017473,0.038053,0.072288,0.12740,0.20432,0.25799,0.29634,0.34072
50.0,0.00043156,0.0016808,0.0049876,0.012616,0.027466,0.053068,0.096322,0.15996,0.20676,0.24329,0.28584
60.0,0.00035795,0.0014019,0.0041785,0.010620,0.023008,0.044698,0.082052,0.13745,0.18009,0.21296,0.25140
70.0,0.00031102,0.0012236,0.0036590,0.0093348,0.020158,0.039385,0.072188,0.12326,0.16252,0.19307,0.22904
80.0,0.00028099,0.0011098,0.0033288,0.0085171,0.018352,0.036024,0.066177,0.11379,0.15052,0.17923,0.21312
90.0,0.00025774,0.0010212,0.0030723,0.0078396,0.016958,0.033172,0.061603,0.10626,0.14082,0.16790,0.19990
100.0,0.00023805,0.00094597,0.0028538,0.0072651,0.015770,0.030893,0.057660,0.099738,0.13238,0.15801,0.18833
110.0,0.00022112,0.00088100,0.0026645,0.0067682,0.014736,0.029019,0.054171,0.093910,0.12480,0.14908,0.17785
120.0,0.00020630,0.00082410,0.0024984,0.0063335,0.013718,0.027363,0.051088,0.088739,0.11805,0.14113,0.16850
130.0,0.00019253,0.00077106,0.0023434,0.0059301,0.012897,0.025802,0.048197,0.083804,0.11162,0.13356,0.15958
140.0,0.00017978,0.00072200,0.0022002,0.0055583,0.012147,0.024348,0.045524,0.079185,0.10561,0.12647,0.15124
150.0,0.00016766,0.00067503,0.0020626,0.0051970,0.011420,0.022936,0.042925,0.074707,0.099779,0.11961,0.14319
175.0,0.00014153,0.00057297,0.0017606,0.0044217,0.0098044,0.019764,0.037125,0.064781,0.086810,0.10430,0.12513
200.0,0.00012116,0.00049280,0.0015217,0.0038281,0.0085110,0.017201,0.032444,0.056799,0.076332,0.091894,0.11047
250.0,8.9988e-05,0.00036924,0.0011504,0.0029115,0.0065284,0.013262,0.025174,0.044550,0.060069,0.072470,0.087301
300.0,6.9258e-05,0.00028604,0.00089724,0.0022477,0.0050855,0.010400,0.019899,0.035611,0.048201,0.058291,0.070629
350.0,5.4625e-05,0.00022674,0.00071463,0.0017782,0.0040472,0.0083278,0.016046,0.028965,0.039329,0.047825,0.058039
400.0,4.3842e-05,0.00018270,0.00057782,0.0014305,0.0032705,0.0067682,0.013118,0.023859,0.032566,0.039684,0.048217
450.0,3.4517e-05,0.00014408,0.00045637,0.0011663,0.0026648,0.0055433,0.010805,0.019792,0.027167,0.033154,0.040334
500.0,2.7629e-05,0.00011548,0.00036632,0.00096353,0.0021928,0.0045829,0.0089786,0.016576,0.022837,0.027906,0.033993
600.0,1.8037e-05,7.5519e-05,0.00024105,0.00064832,0.0015011,0.0031716,0.0062867,0.011773,0.016313,0.020008,0.024498
700.0,1.2278e-05,5.1344e-05,0.00016499,0.00045354,0.0010602,0.0022599,0.0045179,0.0085795,0.011944,0.014694,0.018017
800.0,8.4780e-06,3.5602e-05,0.00011492,0.00031739,0.00076430,0.0016291,0.0032960,0.0063187,0.0088326,0.010958,0.013465
1000.0,4.2280e-06,1.7761e-05,5.7936e-05,0.00016337,0.00040067,0.00088125,0.0018250,0.0035392,0.0049816,0.0061880,0.0076534
1200.0,2.1736e-06,9.1513e-06,3.0369e-05,8.6284e-05,0.00021532,0.00048649,0.0010281,0.0020178,0.0028672,0.0035814,0.0044525
1500.0,8.3069e-07,3.5153e-06,1.1817e-05,3.4310e-05,8.7675e-05,0.00020257,0.00043646,0.00087450,0.0012582,0.0015881,0.0019732
SA0P75
r\m,4.0,4.5,5.0,5.5,6.0,6.5,7.0,7.5,7.8,8.0,8.2
0.0,0.028303,0.075797,0.15615,0.25233,0.35546,0.46841,0.59150,0.70348,0.75319,0.78185,0.81307
1.0,0.022199,0.065001,0.14092,0.23440,0.33409,0.44462,0.56538,0.67415,0.72470,0.75041,0.77476
5.0,0.0056493,0.022097,0.063677,0.13987,0.24090,0.35780,0.48268,0.59391,0.64827,0.67597,0.70111
10.0,0.0021908,0.0091325,0.028831,0.072581,0.14746,0.25375,0.36829,0.47928,0.54925,0.58730,0.62747
15.0,0.0012007,0.0051233,0.016723,0.044265,0.096659,0.17944,0.27891,0.38656,0.45185,0.49859,0.54665
20.0,0.00077296,0.0033484,0.011147,0.030291,0.068621,0.13169,0.21583,0.31541,0.37683,0.42011,0.47049
25.0,0.00053257,0.0023361,0.0079490,0.022057,0.051367,0.10015,0.17097,0.25990,0.31779,0.35745,0.40500
30.0,0.00039599,0.0017495,0.0060265,0.016913,0.040059,0.078789,0.13858,0.21724,0.27083,0.30857,0.35107
40.0,0.00025058,0.0011216,0.0039179,0.011181,0.026620,0.053458,0.097379,0.15919,0.20265,0.23384,0.27011
50.0,0.00017657,0.00079648,0.0028012,0.0080816,0.019226,0.039251,0.073617,0.12460,0.16231,0.19195,0.22673
60.0,0.00014669,0.00066530,0.0023496,0.0068093,0.016113,0.033057,0.062697,0.10700,0.14138,0.16803,0.19943
70.0,0.00012744,0.00058058,0.0020570,0.0059824,0.014107,0.029100,0.055087,0.095899,0.12755,0.15232,0.18170
80.0,0.00011529,0.00052734,0.0018741,0.0054662,0.012860,0.026651,0.050552,0.088634,0.11826,0.14156,0.16927
90.0,0.00010593,0.00048612,0.0017328,0.0050410,0.011906,0.024580,0.047137,0.082899,0.11081,0.13281,0.15900
100.0,9.8009e-05,0.00045113,0.0016125,0.0046806,0.011093,0.022933,0.044198,0.077938,0.10434,0.12519,0.15004
110.0,9.1196e-05,0.00042092,0.0015083,0.0043694,0.010388,0.021589,0.041612,0.073540,0.098571,0.11837,0.14199
120.0,8.5239e-05,0.00039447,0.0014169,0.0040972,0.0096905,0.020402,0.039330,0.069642,0.093447,0.11230,0.13482
130.0,7.9723e-05,0.00036991,0.0013320,0.0038456,0.0091339,0.019289,0.037201,0.065935,0.088577,0.10653,0.12799
140.0,7.4600e-05,0.00034712,0.0012535,0.0036130,0.0086232,0.018250,0.035229,0.062453,0.084008,0.10113,0.12159
150.0,6.9696e-05,0.00032514,0.0011773,0.0033850,0.0081240,0.017229,0.033291,0.059046,0.079540,0.095845,0.11537
175.0,5.9138e-05,0.00027746,0.0010107,0.0028973,0.0070188,0.014947,0.028986,0.051524,0.069637,0.084097,0.10144
200.0,5.0911e-05,0.00024002,0.00087882,0.0025244,0.0061339,0.013102,0.025513,0.045481,0.061643,0.074587,0.090157
250.0,3.8261e-05,0.00018205,0.00067276,0.0019453,0.0047722,0.010255,0.020091,0.036197,0.049215,0.059667,0.072266
300.0,2.9835e-05,0.00014292,0.00053184,0.0015232,0.0037734,0.0081685,0.016124,0.029369,0.040078,0.048699,0.059351
350.0,2.3871e-05,0.00011493,0.00042967,0.0012233,0.0030503,0.0066488,0.013212,0.024261,0.033204,0.040579,0.049530
400.0,1.9460e-05,9.4054e-05,0.00035270,0.00099994,0.0025053,0.0054959,0.010982,0.020307,0.027939,0.034216,0.041811
450.0,1.5608e-05,7.5534e-05,0.00028344,0.00082892,0.0020763,0.0045811,0.0092043,0.017127,0.023699,0.029059,0.035551
500.0,1.2747e-05,6.1735e-05,0.00023173,0.00069682,0.0017390,0.0038569,0.0077854,0.014594,0.020265,0.024875,0.030468
600.0,8.8308e-06,4.2695e-05,0.00016055,0.00049188,0.0012462,0.0027924,0.0056940,0.010810,0.015080,0.018569,0.022827
700.0,6.3126e-06,3.0438e-05,0.00011467,0.00035731,0.00091355,0.0020649,0.0042445,0.0081528,0.011419,0.014096,0.017362
800.0,4.6130e-06,2.2193e-05,8.3652e-05,0.00026111,0.00068488,0.0015492,0.0032161,0.0062235,0.0087456,0.010844,0.013381
1000.0,2.5825e-06,1.2325e-05,4.6396e-05,0.00014603,0.00038806,0.00090290,0.0019126,0.0037277,0.0052632,0.0065384,0.0081006
1200.0,1.5032e-06,7.1136e-06,2.6808e-05,8.4549e-05,0.00022693,0.00053944,0.0011615,0.0022774,0.0032330,0.0040301,0.0050098
1500.0,6.9388e-07,3.2441e-06,1.2182e-05,3.8620e-05,0.00010459,0.00025190,0.00054832,0.0010846,0.0015502,0.0019435,0.0024140
SA1P0
r\m,4.0,4.5,5.0,5.5,6.0,6.5,7.0,7.5,7.8,8.0,8.2
0.0,0.014861,0.041537,0.094280,0.16852,0.25811,0.36155,0.47633,0.58277,0.63151,0.65994,0.69087
1.0,0.011641,0.035641,0.085193,0.15680,0.24298,0.34370,0.45589,0.55893,0.60809,0.63379,0.65854
5.0,0.0029284,0.012022,0.038326,0.093490,0.17549,0.27740,0.39037,0.49365,0.54525,0.57220,0.59705
10.0,0.0011326,0.0049560,0.017312,0.048451,0.10743,0.19709,0.29834,0.39867,0.46245,0.49770,0.53503
15.0,0.00062058,0.0027797,0.010040,0.029543,0.070437,0.13947,0.22609,0.32175,0.38042,0.42264,0.46626
20.0,0.00039962,0.0018173,0.0066943,0.020223,0.050023,0.10239,0.17503,0.26264,0.31731,0.35604,0.40128
25.0,0.00027534,0.0012680,0.0047755,0.014733,0.037469,0.077891,0.13869,0.21646,0.26765,0.30291,0.34533
30.0,0.00020478,0.00094992,0.0036216,0.011299,0.029228,0.061277,0.11243,0.18095,0.22811,0.26151,0.29923
40.0,0.00012966,0.00060939,0.0023561,0.0074745,0.019430,0.041582,0.078999,0.13259,0.17066,0.19812,0.23010
50.0,9.1423e-05,0.00043304,0.0016855,0.0054049,0.014036,0.030527,0.059705,0.10374,0.13663,0.16259,0.19315
60.0,7.5997e-05,0.00036194,0.0014145,0.0045554,0.011763,0.025704,0.050834,0.089056,0.11899,0.14230,0.16987
70.0,6.6011e-05,0.00031582,0.0012382,0.0040011,0.010294,0.022614,0.044627,0.079774,0.10731,0.12897,0.15475
80.0,5.9751e-05,0.00028704,0.0011288,0.0036580,0.0093896,0.020719,0.040965,0.073754,0.099529,0.11990,0.14422
90.0,5.4935e-05,0.00026480,0.0010445,0.0033762,0.0086991,0.019120,0.038220,0.069019,0.093307,0.11255,0.13554
100.0,5.0860e-05,0.00024594,0.00097278,0.0031374,0.0081116,0.017851,0.035859,0.064927,0.087909,0.10615,0.12798
110.0,4.7356e-05,0.00022965,0.00091068,0.0029314,0.0076021,0.016819,0.033789,0.061313,0.083118,0.10045,0.12121
120.0,4.4294e-05,0.00021540,0.00085622,0.0027512,0.0070981,0.015908,0.031963,0.058112,0.078864,0.095380,0.11519
130.0,4.1464e-05,0.00020219,0.00080575,0.0025850,0.0066976,0.015056,0.030264,0.055073,0.074828,0.090574,0.10946
140.0,3.8832e-05,0.00018992,0.00075902,0.0024312,0.0063296,0.014260,0.028689,0.052215,0.071038,0.086059,0.10409
150.0,3.6305e-05,0.00017803,0.00071353,0.0022798,0.0059684,0.013475,0.027135,0.049408,0.067316,0.081634,0.098849
175.0,3.0870e-05,0.00015229,0.00061412,0.0019565,0.0051702,0.011723,0.023691,0.043225,0.059087,0.071813,0.087145
200.0,2.6637e-05,0.00013209,0.00053548,0.0017095,0.0045316,0.010308,0.020914,0.038262,0.052451,0.063871,0.077669
250.0,2.0117e-05,0.00010075,0.00041233,0.0013253,0.0035478,0.0081206,0.016574,0.030642,0.042138,0.051413,0.062645
300.0,1.5774e-05,7.9580e-05,0.00032804,0.0010446,0.0028243,0.0065134,0.013391,0.025026,0.034540,0.042236,0.051800
350.0,1.2699e-05,6.4428e-05,0.00026683,0.00084493,0.0022996,0.0053411,0.011052,0.020818,0.028814,0.035444,0.043537
400.0,1.0424e-05,5.3112e-05,0.00022064,0.00069591,0.0019032,0.0044497,0.0092576,0.017554,0.024427,0.030111,0.037031
450.0,8.4309e-06,4.3027e-05,0.00017881,0.00058157,0.0015901,0.0037400,0.0078220,0.014923,0.020885,0.025775,0.031737
500.0,6.9490e-06,3.5499e-05,0.00014752,0.00049308,0.0013433,0.0031764,0.0066729,0.012821,0.018007,0.022248,0.027425
600.0,4.9513e-06,2.5238e-05,0.00010489,0.00035654,0.00098493,0.0023521,0.0049875,0.0096990,0.013680,0.016950,0.020959
700.0,3.6232e-06,1.8427e-05,7.6568e-05,0.00026408,0.00073587,0.0017725,0.0037882,0.0074456,0.010542,0.013093,0.016228
800.0,2.7223e-06,1.3785e-05,5.7224e-05,0.00019741,0.00056315,0.0013582,0.0029284,0.0057934,0.0082278,0.010242,0.012719
1000.0,1.6154e-06,8.0999e-06,3.3410e-05,0.00011547,0.00033282,0.00082441,0.0018112,0.0036022,0.0051362,0.0064110,0.0079843
1200.0,1.0032e-06,4.9727e-06,2.0377e-05,7.0406e-05,0.00020418,0.00051545,0.0011489,0.0022928,0.0032808,0.0041053,0.0051258
1500.0,5.1279e-07,2.4968e-06,1.0125e-05,3.4891e-05,0.00010131,0.00025801,0.00057912,0.0011585,0.0016647,0.0020903,0.0026093
SA1P5
r\m,4.0,4.5,5.0,5.5,6.0,6.5,7.0,7.5,7.8,8.0,8.2
0.0,0.0059359,0.016537,0.040893,0.082895,0.14485,0.22785,0.32921,0.43098,0.48141,0.51158,0.54378
1.0,0.0046446,0.014197,0.036995,0.077249,0.13655,0.21690,0.31545,0.41367,0.46387,0.49159,0.51847
5.0,0.0011559,0.0047543,0.016576,0.046027,0.098778,0.17552,0.27085,0.36617,0.41680,0.44468,0.47083
10.0,0.00044591,0.0019555,0.0074724,0.023826,0.060481,0.12492,0.20730,0.29590,0.35382,0.38716,0.42238
15.0,0.00024425,0.0010966,0.0043326,0.014527,0.039661,0.088458,0.15720,0.23893,0.29101,0.32882,0.36815
20.0,0.00015732,0.00071713,0.0028900,0.0099472,0.028177,0.064957,0.12172,0.19510,0.24275,0.27692,0.31680
25.0,0.00010838,0.00050044,0.0020624,0.0072505,0.021119,0.049430,0.096484,0.16081,0.20478,0.23556,0.27253
30.0,8.0618e-05,0.00037499,0.0015646,0.0055625,0.016479,0.038887,0.078221,0.13443,0.17453,0.20336,0.23605
40.0,5.1061e-05,0.00024071,0.0010187,0.0036822,0.010960,0.026392,0.054952,0.098487,0.13053,0.15399,0.18138
50.0,3.6019e-05,0.00017116,0.00072923,0.0026641,0.0079188,0.019373,0.041518,0.077024,0.10444,0.12632,0.15225
60.0,2.9952e-05,0.00014314,0.00061235,0.0022463,0.0066380,0.016310,0.035336,0.066085,0.090927,0.11053,0.13386
70.0,2.6007e-05,0.00012489,0.00053601,0.0019728,0.0058073,0.014341,0.030996,0.059163,0.081960,0.10013,0.12190
80.0,2.3547e-05,0.00011357,0.00048902,0.0018049,0.0052999,0.013145,0.028459,0.054707,0.076032,0.093110,0.11363
90.0,2.1658e-05,0.00010485,0.00045288,0.0016673,0.0049140,0.012137,0.026565,0.051214,0.071303,0.087429,0.10682
100.0,2.0060e-05,9.7454e-05,0.00042213,0.0015508,0.0045859,0.011339,0.024937,0.048199,0.067205,0.082490,0.10090
110.0,1.8686e-05,9.1068e-05,0.00039554,0.0014504,0.0043018,0.010692,0.023514,0.045545,0.063582,0.078109,0.095626
120.0,1.7486e-05,8.5482e-05,0.00037221,0.0013626,0.0040203,0.010122,0.022260,0.043196,0.060367,0.074214,0.090934
130.0,1.6379e-05,8.0314e-05,0.00035065,0.0012817,0.0037976,0.0095899,0.021096,0.040971,0.057323,0.070530,0.086483
140.0,1.5349e-05,7.5506e-05,0.00033067,0.0012068,0.0035928,0.0090923,0.020017,0.038875,0.054462,0.067066,0.082304
150.0,1.4357e-05,7.0836e-05,0.00031114,0.0011328,0.0033909,0.0085990,0.018948,0.036811,0.051644,0.063660,0.078211
175.0,1.2225e-05,6.0732e-05,0.00026853,0.00097495,0.0029457,0.0075013,0.016583,0.032274,0.045427,0.056119,0.069096
200.0,1.0566e-05,5.2803e-05,0.00023483,0.00085449,0.0025897,0.0066157,0.014680,0.028638,0.040421,0.050032,0.061730
250.0,8.0091e-06,4.0487e-05,0.00018193,0.00066671,0.0020409,0.0052459,0.011703,0.023063,0.032651,0.040491,0.050060
300.0,6.3068e-06,3.2166e-05,0.00014570,0.00052922,0.0016363,0.0042371,0.0095158,0.018950,0.026923,0.033459,0.041647
350.0,5.1023e-06,2.6208e-05,0.00011936,0.00043134,0.0013424,0.0035007,0.0079088,0.015868,0.022604,0.028264,0.035236
400.0,4.2112e-06,2.1756e-05,9.9449e-05,0.00035818,0.0011201,0.0029400,0.0066753,0.013475,0.019299,0.024184,0.030187
450.0,3.4298e-06,1.7771e-05,8.1304e-05,0.00030193,0.00094396,0.0024924,0.0056864,0.011544,0.016629,0.020860,0.026071
500.0,2.8489e-06,1.4795e-05,6.7706e-05,0.00025835,0.00080479,0.0021363,0.0048934,0.010000,0.014456,0.018153,0.022715
600.0,2.0813e-06,1.0802e-05,4.9426e-05,0.00019161,0.00060455,0.0016196,0.0037401,0.0077290,0.011215,0.014122,0.017714
700.0,1.5549e-06,8.0720e-06,3.6914e-05,0.00014495,0.00046122,0.0012459,0.0028982,0.0060460,0.0088047,0.011112,0.013979
800.0,1.1980e-06,6.1937e-06,2.8296e-05,0.00011107,0.00036111,0.00097700,0.0022901,0.0048033,0.0070148,0.0088543,0.011162
1000.0,7.5031e-07,3.8505e-06,1.7448e-05,6.8289e-05,0.00022384,0.00062109,0.0014808,0.0031162,0.0045661,0.0057847,0.0073077
1200.0,4.9567e-07,2.5177e-06,1.1281e-05,4.4127e-05,0.00014513,0.00040950,0.00098876,0.0020825,0.0030571,0.0038798,0.0049109
1500.0,2.7984e-07,1.3974e-06,6.1854e-06,2.4022e-05,7.8617e-05,0.00022303,0.00054035,0.0011339,0.0016679,0.0021201,0.0026864
SA2P0
r\m,4.0,4.5,5.0,5.5,6.0,6.5,7.0,7.5,7.8,8.0,8.2
0.0,0.0031030,0.0083805,0.021279,0.046044,0.087670,0.15087,0.23663,0.33146,0.38257,0.41425,0.44780
1.0,0.0024266,0.0071966,0.019261,0.042937,0.082706,0.14371,0.22687,0.31825,0.36874,0.39816,0.42700
5.0,0.00060094,0.0024021,0.0086149,0.025578,0.059875,0.11645,0.19504,0.28200,0.33164,0.36048,0.38805
10.0,0.00023154,0.00098697,0.0038801,0.013235,0.036669,0.082949,0.14938,0.22796,0.28164,0.31398,0.34828
15.0,0.00012680,0.00055342,0.0022497,0.0080699,0.024051,0.058760,0.11332,0.18411,0.23164,0.26668,0.30359
20.0,8.1671e-05,0.00036198,0.0015010,0.0055274,0.017092,0.043158,0.087765,0.15037,0.19323,0.22456,0.26121
25.0,5.6260e-05,0.00025262,0.0010714,0.0040303,0.012815,0.032849,0.069579,0.12395,0.16301,0.19101,0.22468
30.0,4.1847e-05,0.00018931,0.00081303,0.0030927,0.010003,0.025846,0.056414,0.10362,0.13893,0.16489,0.19456
40.0,2.6505e-05,0.00012156,0.00052959,0.0020484,0.0066554,0.017545,0.039635,0.075911,0.10389,0.12484,0.14945
50.0,1.8698e-05,8.6463e-05,0.00037928,0.0014827,0.0048103,0.012882,0.029945,0.059359,0.083106,0.10239,0.12543
60.0,1.5549e-05,7.2329e-05,0.00031862,0.0012507,0.0040335,0.010846,0.025486,0.050919,0.072344,0.089572,0.11026
70.0,1.3497e-05,6.3104e-05,0.00027894,0.0010986,0.0035291,0.0095362,0.022350,0.045577,0.065197,0.081133,0.10040
80.0,1.2220e-05,5.7402e-05,0.00025460,0.0010056,0.0032223,0.0087442,0.020526,0.042150,0.060487,0.075450,0.093597
90.0,1.1240e-05,5.3013e-05,0.00023592,0.00092956,0.0029895,0.0080778,0.019167,0.039469,0.056736,0.070858,0.088001
100.0,1.0411e-05,4.9290e-05,0.00022002,0.00086518,0.0027916,0.0075503,0.017999,0.037155,0.053487,0.066868,0.083138
110.0,9.6987e-06,4.6076e-05,0.00020627,0.00080967,0.0026204,0.0071238,0.016980,0.035122,0.050620,0.063335,0.078811
120.0,9.0766e-06,4.3265e-05,0.00019421,0.00076117,0.0024505,0.0067478,0.016082,0.033323,0.048076,0.060196,0.074967
130.0,8.5032e-06,4.0667e-05,0.00018307,0.00071654,0.0023165,0.0063975,0.015250,0.031621,0.045671,0.057229,0.071323
140.0,7.9691e-06,3.8249e-05,0.00017275,0.00067515,0.0021932,0.0060697,0.014478,0.030018,0.043409,0.054439,0.067901
150.0,7.4546e-06,3.5896e-05,0.00016264,0.00063415,0.0020713,0.0057439,0.013712,0.028435,0.041177,0.051692,0.064545
175.0,6.3498e-06,3.0808e-05,0.00014059,0.00054682,0.0018028,0.0050197,0.012019,0.024961,0.036260,0.045617,0.057082
200.0,5.4904e-06,2.6817e-05,0.00012315,0.00048020,0.0015881,0.0044355,0.010658,0.022179,0.032306,0.040717,0.051056
250.0,4.1654e-06,2.0612e-05,9.5749e-05,0.00037619,0.0012569,0.0035316,0.0085266,0.017917,0.026171,0.033045,0.041515
300.0,3.2840e-06,1.6420e-05,7.6969e-05,0.00029992,0.0010123,0.0028649,0.0069599,0.014772,0.021649,0.027390,0.034647
350.0,2.6608e-06,1.3419e-05,6.3303e-05,0.00024558,0.00083446,0.0023781,0.0058089,0.012415,0.018241,0.023219,0.029416
400.0,2.2000e-06,1.1175e-05,5.2964e-05,0.00020493,0.00069978,0.0020071,0.0049252,0.010587,0.015635,0.019944,0.025297
450.0,1.7961e-06,9.1637e-06,4.3506e-05,0.00017364,0.00059288,0.0017106,0.0042161,0.0091092,0.013530,0.017276,0.021940
500.0,1.4961e-06,7.6610e-06,3.6412e-05,0.00014938,0.00050832,0.0014743,0.0036470,0.0079293,0.011817,0.015103,0.019203
600.0,1.1040e-06,5.6628e-06,2.6947e-05,0.00011237,0.00038726,0.0011332,0.0028238,0.0062032,0.0092762,0.011885,0.015145
700.0,8.3149e-07,4.2783e-06,2.0370e-05,8.6058e-05,0.00029921,0.00088283,0.0022149,0.0049073,0.0073629,0.0094543,0.012084
800.0,6.4726e-07,3.3222e-06,1.5825e-05,6.6882e-05,0.00023751,0.00070208,0.0017736,0.0039480,0.0059391,0.0076191,0.0097593
1000.0,4.1454e-07,2.1216e-06,1.0044e-05,4.2315e-05,0.00015154,0.00045932,0.0011792,0.0026304,0.0039685,0.0051123,0.0065596
1200.0,2.8120e-07,1.4300e-06,6.6985e-06,2.8266e-05,0.00010158,0.00031301,0.00081325,0.0018135,0.0027390,0.0035337,0.0045419
1500.0,1.6584e-07,8.3359e-07,3.8716e-06,1.6245e-05,5.8068e-05,0.00017989,0.00046853,0.0010383,0.0015701,0.0020275,0.0026116
SA3P0
r\m,4.0,4.5,5.0,5.5,6.0,6.5,7.0,7.5,7.8,8.0,8.2
0.0,0.0012566,0.0031967,0.0081628,0.018745,0.039361,0.076223,0.13498,0.21131,0.25852,0.28985,0.32346
1.0,0.00098224,0.0027457,0.0073926,0.017492,0.037157,0.072650,0.12948,0.20296,0.24926,0.27866,0.30848
5.0,0.00024215,0.00091378,0.0033015,0.010420,0.026924,0.058946,0.11146,0.18003,0.22439,0.25251,0.28054
10.0,9.3185e-05,0.00037511,0.0014860,0.0053906,0.016495,0.042032,0.085441,0.14559,0.19065,0.22004,0.25191
15.0,5.1017e-05,0.00021032,0.00086167,0.0032876,0.010824,0.029792,0.064848,0.11763,0.15681,0.18692,0.21961
20.0,3.2857e-05,0.00013758,0.00057510,0.0022528,0.0076955,0.021892,0.050244,0.096104,0.13083,0.15739,0.18896
25.0,2.2629e-05,9.6022e-05,0.00041064,0.0016434,0.0057734,0.016670,0.039847,0.079237,0.11039,0.13388,0.16252
30.0,1.6830e-05,7.1968e-05,0.00031170,0.0012616,0.0045083,0.013120,0.032317,0.066250,0.094090,0.11559,0.14072
40.0,1.0658e-05,4.6223e-05,0.00020316,0.00083627,0.0030022,0.0089126,0.022716,0.048550,0.070372,0.087507,0.10807
50.0,7.5173e-06,3.2888e-05,0.00014559,0.00060580,0.0021716,0.0065475,0.017169,0.037971,0.056294,0.071774,0.090712
60.0,6.2502e-06,2.7519e-05,0.00012238,0.00051139,0.0018222,0.0055158,0.014618,0.032577,0.049010,0.062795,0.079745
70.0,5.4227e-06,2.4008e-05,0.00010717,0.00044942,0.0015951,0.0048518,0.012822,0.029163,0.044172,0.056882,0.072615
80.0,4.9086e-06,2.1845e-05,9.7881e-05,0.00041173,0.0014578,0.0044525,0.011783,0.026983,0.040995,0.052913,0.067709
90.0,4.5143e-06,2.0181e-05,9.0758e-05,0.00038094,0.0013538,0.0041168,0.011011,0.025280,0.038470,0.049710,0.063680
100.0,4.1807e-06,1.8769e-05,8.4699e-05,0.00035488,0.0012654,0.0038515,0.010348,0.023811,0.036283,0.046929,0.060181
110.0,3.8938e-06,1.7551e-05,7.9460e-05,0.00033243,0.0011890,0.0036375,0.0097701,0.022523,0.034357,0.044472,0.057074
120.0,3.6435e-06,1.6486e-05,7.4867e-05,0.00031281,0.0011131,0.0034489,0.0092614,0.021384,0.032650,0.042289,0.054314
130.0,3.4131e-06,1.5502e-05,7.0629e-05,0.00029477,0.0010534,0.0032734,0.0087906,0.020307,0.031036,0.040228,0.051701
140.0,3.1983e-06,1.4586e-05,6.6697e-05,0.00027803,0.00099844,0.0031090,0.0083534,0.019292,0.029517,0.038289,0.049247
150.0,2.9914e-06,1.3693e-05,6.2839e-05,0.00026139,0.00094393,0.0029452,0.0079182,0.018287,0.028017,0.036377,0.046836
175.0,2.5473e-06,1.1763e-05,5.4423e-05,0.00022597,0.00082387,0.0025810,0.0069579,0.016084,0.024714,0.032152,0.041480
200.0,2.2021e-06,1.0249e-05,4.7767e-05,0.00019896,0.00072788,0.0022873,0.0061856,0.014322,0.022060,0.028748,0.037161
250.0,1.6702e-06,7.8951e-06,3.7290e-05,0.00015671,0.00057954,0.0018322,0.0049755,0.011623,0.017945,0.023421,0.030327
300.0,1.3166e-06,6.3042e-06,3.0104e-05,0.00012564,0.00046970,0.0014957,0.0040845,0.0096307,0.014912,0.019496,0.025415
350.0,1.0669e-06,5.1649e-06,2.4870e-05,0.00010348,0.00038973,0.0012498,0.0034298,0.0081377,0.012626,0.016606,0.021676
400.0,8.8243e-07,4.3133e-06,2.0905e-05,8.6880e-05,0.00032904,0.0010621,0.0029268,0.0069788,0.010881,0.014338,0.018736
450.0,7.2110e-07,3.5486e-06,1.7260e-05,7.4082e-05,0.00028074,0.00091172,0.0025225,0.0060417,0.0094709,0.012490,0.016339
500.0,6.0140e-07,2.9774e-06,1.4524e-05,6.4150e-05,0.00024247,0.00079174,0.0021976,0.0052937,0.0083239,0.010986,0.014385
600.0,4.4666e-07,2.2249e-06,1.0901e-05,4.9044e-05,0.00018794,0.00061934,0.0017304,0.0042069,0.0066332,0.0087729,0.011507
700.0,3.3798e-07,1.6968e-06,8.3443e-06,3.8108e-05,0.00014756,0.00049058,0.0013796,0.0033792,0.0053436,0.0070809,0.0093172
800.0,2.6482e-07,1.3313e-06,6.5721e-06,3.0099e-05,0.00011915,0.00039727,0.0011244,0.0027649,0.0043821,0.0057949,0.0076412
1000.0,1.7211e-07,8.7028e-07,4.2958e-06,1.9680e-05,7.8799e-05,0.00026981,0.00077601,0.0019102,0.0030349,0.0040318,0.0053236
1200.0,1.1891e-07,6.0244e-07,2.9570e-06,1.3647e-05,5.5005e-05,0.00019181,0.00055859,0.0013739,0.0021840,0.0029053,0.0038427
1500.0,7.2332e-08,3.6669e-07,1.8032e-06,8.3383e-06,3.3580e-05,0.00011816,0.00034549,0.00084370,0.0013431,0.0017882,0.0023741
SA4P0
r\m,4.0,4.5,5.0,5.5,6.0,6.5,7.0,7.5,7.8,8.0,8.2
0.0,0.00066778,0.0016270,0.0041260,0.0097298,0.021566,0.044923,0.086349,0.14665,0.18774,0.21650,0.24803
1.0,0.00052183,0.0013976,0.0037376,0.0090825,0.020366,0.042831,0.082852,0.14088,0.18104,0.20816,0.23656
5.0,0.00012838,0.00046451,0.0016682,0.0054106,0.014765,0.034778,0.071373,0.12503,0.16307,0.18872,0.21522
10.0,4.9373e-05,0.00019060,0.00075066,0.0027993,0.0090489,0.024815,0.054743,0.10115,0.13860,0.16451,0.19332
15.0,2.7025e-05,0.00010686,0.00043533,0.0017076,0.0059397,0.017596,0.041566,0.081755,0.11402,0.13977,0.16856
20.0,1.7403e-05,6.9912e-05,0.00029061,0.0011705,0.0042246,0.012935,0.032216,0.066811,0.095142,0.11770,0.14505
25.0,1.1984e-05,4.8794e-05,0.00020754,0.00085413,0.0031708,0.0098531,0.025559,0.055099,0.080294,0.10013,0.12476
30.0,8.9120e-06,3.6573e-05,0.00015757,0.00065590,0.0024769,0.0077573,0.020735,0.046079,0.068451,0.086464,0.10803
40.0,5.6422e-06,2.3493e-05,0.00010275,0.00043504,0.0016506,0.0052733,0.014583,0.033783,0.051213,0.065475,0.082976
50.0,3.9788e-06,1.6717e-05,7.3661e-05,0.00031533,0.0011947,0.0038763,0.011028,0.026432,0.040979,0.053716,0.069665
60.0,3.3074e-06,1.3989e-05,6.1939e-05,0.00026634,0.0010031,0.0032676,0.0093944,0.022686,0.035689,0.047009,0.061256
70.0,2.8684e-06,1.2205e-05,5.4257e-05,0.00023418,0.00087862,0.0028758,0.0082439,0.020316,0.032176,0.042594,0.055792
80.0,2.5959e-06,1.1106e-05,4.9574e-05,0.00021467,0.00080354,0.0026410,0.0075804,0.018806,0.029874,0.039637,0.052039
90.0,2.3868e-06,1.0261e-05,4.5986e-05,0.00019874,0.00074678,0.0024437,0.0070886,0.017629,0.028047,0.037252,0.048959
100.0,2.2099e-06,9.5449e-06,4.2934e-05,0.00018527,0.00069857,0.0022880,0.0066665,0.016615,0.026466,0.035183,0.046286
110.0,2.0578e-06,8.9265e-06,4.0296e-05,0.00017366,0.00065690,0.0021626,0.0062988,0.015725,0.025074,0.033356,0.043914
120.0,1.9250e-06,8.3859e-06,3.7983e-05,0.00016352,0.00061544,0.0020521,0.0059753,0.014939,0.023840,0.031735,0.041809
130.0,1.8029e-06,7.8866e-06,3.5849e-05,0.00015419,0.00058291,0.0019493,0.0056759,0.014196,0.022675,0.030203,0.039816
140.0,1.6891e-06,7.4216e-06,3.3869e-05,0.00014553,0.00055293,0.0018530,0.0053978,0.013495,0.021578,0.028762,0.037943
150.0,1.5795e-06,6.9681e-06,3.1923e-05,0.00013691,0.00052315,0.0017567,0.0051204,0.012800,0.020492,0.027339,0.036102
175.0,1.3443e-06,5.9883e-06,2.7679e-05,0.00011856,0.00045754,0.0015428,0.0045083,0.011277,0.018103,0.024197,0.032013
200.0,1.1615e-06,5.2197e-06,2.4322e-05,0.00010457,0.00040507,0.0013702,0.0040162,0.010059,0.016184,0.021666,0.028717
250.0,8.8002e-07,4.0239e-06,1.9032e-05,8.2654e-05,0.00032389,0.0011025,0.0032441,0.0081941,0.013209,0.017706,0.023503
300.0,6.9305e-07,3.2158e-06,1.5402e-05,6.6507e-05,0.00026364,0.00090417,0.0026748,0.0068157,0.011015,0.014788,0.019758
350.0,5.6108e-07,2.6370e-06,1.2755e-05,5.4980e-05,0.00021972,0.00075907,0.0022562,0.0057826,0.0093621,0.012641,0.016909
400.0,4.6368e-07,2.2044e-06,1.0748e-05,4.6333e-05,0.00018634,0.00064822,0.0019344,0.0049804,0.0081008,0.010957,0.014670
450.0,3.7867e-07,1.8157e-06,8.8982e-06,3.9660e-05,0.00015973,0.00055921,0.0016753,0.0043312,0.0070812,0.0095838,0.012844
500.0,3.1565e-07,1.5254e-06,7.5084e-06,3.4478e-05,0.00013860,0.00048811,0.0014670,0.0038129,0.0062518,0.0084663,0.011356
600.0,2.3458e-07,1.1446e-06,5.6750e-06,2.6603e-05,0.00010859,0.00038621,0.0011683,0.0030630,0.0050340,0.0068299,0.0091737
700.0,1.7745e-07,8.7585e-07,4.3713e-06,2.0845e-05,8.6123e-05,0.00030932,0.00094196,0.0024871,0.0040982,0.0055699,0.0075047
800.0,1.3909e-07,6.8974e-07,3.4661e-06,1.6615e-05,7.0285e-05,0.00025346,0.00077698,0.0020590,0.0034000,0.0046090,0.0062229
1000.0,9.0505e-08,4.5466e-07,2.2978e-06,1.1065e-05,4.7515e-05,0.00017638,0.00054999,0.0014591,0.0024151,0.0032898,0.0044473
1200.0,6.2683e-08,3.1775e-07,1.6055e-06,7.8325e-06,3.3986e-05,0.00012883,0.00040739,0.0010806,0.0017898,0.0024417,0.0033072
1500.0,3.8303e-08,1.9641e-07,1.0041e-06,4.9478e-06,2.1583e-05,8.2973e-05,0.00026432,0.00069722,0.0011577,0.0015817,0.0021533
SA5P0
r\m,4.0,4.5,5.0,5.5,6.0,6.5,7.0,7.5,7.8,8.0,8.2
0.0,0.00040834,0.00096473,0.0024296,0.0058221,0.013381,0.029343,0.059901,0.10827,0.14368,0.16949,0.19840
1.0,0.00031905,0.00082876,0.0022012,0.0054358,0.012639,0.027982,0.057485,0.10402,0.13857,0.16298,0.18924
5.0,7.8398e-05,0.00027525,0.00098212,0.0032385,0.0091664,0.022732,0.049545,0.092365,0.12486,0.14781,0.17221
10.0,3.0140e-05,0.00011292,0.00044190,0.0016757,0.0056194,0.016227,0.038017,0.074745,0.10615,0.12888,0.15473
15.0,1.6495e-05,6.3308e-05,0.00025629,0.0010224,0.0036896,0.011511,0.028876,0.060428,0.087340,0.10952,0.13493
20.0,1.0621e-05,4.1418e-05,0.00017112,0.00070095,0.0026251,0.0084643,0.022387,0.049396,0.072897,0.092243,0.11613
25.0,7.3129e-06,2.8908e-05,0.00012223,0.00051165,0.0019709,0.0064496,0.017766,0.040746,0.061533,0.078485,0.099895
30.0,5.4376e-06,2.1668e-05,9.2811e-05,0.00039299,0.0015400,0.0050793,0.014417,0.034084,0.052468,0.067781,0.086506
40.0,3.4418e-06,1.3919e-05,6.0537e-05,0.00026079,0.0010268,0.0034548,0.010145,0.024999,0.039269,0.051343,0.066460
50.0,2.4266e-06,9.9053e-06,4.3412e-05,0.00018911,0.00074363,0.0025410,0.0076758,0.019568,0.031432,0.042135,0.055815
60.0,2.0167e-06,8.2896e-06,3.6514e-05,0.00015980,0.00062474,0.0021431,0.0065422,0.016801,0.027384,0.036886,0.049091
70.0,1.7485e-06,7.2319e-06,3.1993e-05,0.00014056,0.00054746,0.0018871,0.0057436,0.015052,0.024697,0.033432,0.044724
80.0,1.5820e-06,6.5812e-06,2.9240e-05,0.00012891,0.00050097,0.0017341,0.0052844,0.013941,0.022941,0.031122,0.041730
90.0,1.4543e-06,6.0810e-06,2.7132e-05,0.00011941,0.00046587,0.0016056,0.0049444,0.013075,0.021547,0.029262,0.039273
100.0,1.3462e-06,5.6568e-06,2.5339e-05,0.00011136,0.00043605,0.0015042,0.0046529,0.012329,0.020341,0.027648,0.037142
110.0,1.2532e-06,5.2906e-06,2.3788e-05,0.00010444,0.00041029,0.0014227,0.0043990,0.011675,0.019280,0.026223,0.035253
120.0,1.1721e-06,4.9705e-06,2.2430e-05,9.8388e-05,0.00038463,0.0013509,0.0041756,0.011098,0.018341,0.024959,0.033576
130.0,1.0976e-06,4.6748e-06,2.1176e-05,9.2824e-05,0.00036453,0.0012841,0.0039689,0.010551,0.017453,0.023766,0.031988
140.0,1.0281e-06,4.3995e-06,2.0013e-05,8.7655e-05,0.00034599,0.0012215,0.0037769,0.010036,0.016617,0.022642,0.030496
150.0,9.6109e-07,4.1309e-06,1.8869e-05,8.2503e-05,0.00032756,0.0011588,0.0035851,0.0095246,0.015788,0.021532,0.029028
175.0,8.1753e-07,3.5505e-06,1.6373e-05,7.1535e-05,0.00028692,0.0010194,0.0031617,0.0084035,0.013966,0.019079,0.025768
200.0,7.0598e-07,3.0953e-06,1.4398e-05,6.3173e-05,0.00025442,0.00090691,0.0028213,0.0075069,0.012502,0.017105,0.023142
250.0,5.3428e-07,2.3869e-06,1.1284e-05,5.0059e-05,0.00020408,0.00073227,0.0022867,0.0061338,0.010233,0.014015,0.018986
300.0,4.2029e-07,1.9081e-06,9.1458e-06,4.0382e-05,0.00016666,0.00060268,0.0018919,0.0051182,0.0085583,0.011738,0.016003
350.0,3.3988e-07,1.5652e-06,7.5859e-06,3.3470e-05,0.00013935,0.00050779,0.0016016,0.0043569,0.0072964,0.010063,0.013734
400.0,2.8056e-07,1.3088e-06,6.4025e-06,2.8279e-05,0.00011857,0.00043523,0.0013783,0.0037654,0.0063340,0.0087499,0.011950
450.0,2.2888e-07,1.0785e-06,5.3091e-06,2.4270e-05,0.00010198,0.00037688,0.0011982,0.0032863,0.0055558,0.0076787,0.010496
500.0,1.9059e-07,9.0643e-07,4.4874e-06,2.1156e-05,8.8794e-05,0.00033022,0.0010533,0.0029039,0.0049227,0.0068070,0.0093121
600.0,1.4148e-07,6.8123e-07,3.4055e-06,1.6422e-05,7.0085e-05,0.00026346,0.00084598,0.0023522,0.0039957,0.0055344,0.0075798
700.0,1.0683e-07,5.2189e-07,2.6326e-06,1.2939e-05,5.5982e-05,0.00021272,0.00068790,0.0019260,0.0032798,0.0045503,0.0062511
800.0,8.3606e-08,4.1149e-07,2.0953e-06,1.0374e-05,4.6024e-05,0.00017580,0.00057253,0.0016089,0.0027455,0.0037980,0.0052285
1000.0,5.4226e-08,2.7198e-07,1.3999e-06,6.9908e-06,3.1590e-05,0.00012451,0.00041301,0.0011625,0.0019889,0.0027655,0.0038119
1200.0,3.7446e-08,1.9066e-07,9.8597e-07,5.0125e-06,2.2972e-05,9.2722e-05,0.00031249,0.00088037,0.0015079,0.0021005,0.0029017
1500.0,2.2776e-08,1.1841e-07,6.2488e-07,3.2328e-06,1.4986e-05,6.1651e-05,0.00021010,0.00059008,0.0010147,0.0014167,0.0019698
SA7P5
r\m,4.0,4.5,5.0,5.5,6.0,6.5,7.0,7.5,7.8,8.0,8.2
0.0,0.00016496,0.00037205,0.00092758,0.0022821,0.0055657,0.013295,0.030076,0.060651,0.085871,0.10560,0.12865
1.0,0.00012887,0.00031963,0.00084053,0.0021312,0.0052583,0.012682,0.028870,0.058283,0.082830,0.10156,0.12272
5.0,3.1617e-05,0.00010606,0.00037491,0.0012700,0.0038159,0.010310,0.024902,0.051784,0.074678,0.092154,0.11173
10.0,1.2149e-05,4.3499e-05,0.00016868,0.00065728,0.0023405,0.0073658,0.019122,0.041929,0.063523,0.080391,0.10043
15.0,6.6470e-06,2.4387e-05,9.7852e-05,0.00040118,0.0015376,0.0052283,0.014533,0.033917,0.052287,0.068344,0.087616
20.0,4.2791e-06,1.5956e-05,6.5349e-05,0.00027517,0.0010945,0.0038468,0.011274,0.027739,0.043659,0.057581,0.075427
25.0,2.9455e-06,1.1136e-05,4.6689e-05,0.00020094,0.00082224,0.0029329,0.0089522,0.022893,0.036869,0.049011,0.064903
30.0,2.1897e-06,8.3476e-06,3.5461e-05,0.00015441,0.00064284,0.0023111,0.0072688,0.019159,0.031451,0.042343,0.056220
40.0,1.3854e-06,5.3627e-06,2.3142e-05,0.00010255,0.00042908,0.0015737,0.0051203,0.014066,0.023558,0.032097,0.043218
50.0,9.7636e-07,3.8165e-06,1.6604e-05,7.4427e-05,0.00031106,0.0011587,0.0038782,0.011020,0.018872,0.026360,0.036320
60.0,8.1106e-07,3.1941e-06,1.3972e-05,6.2943e-05,0.00026159,0.00097837,0.0033089,0.0094708,0.016455,0.023093,0.031965
70.0,7.0282e-07,2.7864e-06,1.2247e-05,5.5403e-05,0.00022945,0.00086240,0.0029079,0.0084926,0.014853,0.020946,0.029141
80.0,6.3559e-07,2.5358e-06,1.1198e-05,5.0854e-05,0.00021019,0.00079339,0.0026784,0.0078733,0.013808,0.019515,0.027210
90.0,5.8400e-07,2.3432e-06,1.0396e-05,4.7144e-05,0.00019567,0.00073544,0.0025090,0.0073919,0.012981,0.018363,0.025627
100.0,5.4034e-07,2.1798e-06,9.7135e-06,4.4006e-05,0.00018334,0.00068983,0.0023638,0.0069773,0.012266,0.017365,0.024255
110.0,5.0280e-07,2.0388e-06,9.1236e-06,4.1303e-05,0.00017270,0.00065323,0.0022375,0.0066144,0.011638,0.016485,0.023039
120.0,4.7004e-07,1.9155e-06,8.6066e-06,3.8943e-05,0.00016207,0.00062102,0.0021264,0.0062940,0.011081,0.015704,0.021961
130.0,4.3993e-07,1.8016e-06,8.1296e-06,3.6773e-05,0.00015377,0.00059102,0.0020236,0.0059908,0.010555,0.014967,0.020940
140.0,4.1188e-07,1.6956e-06,7.6868e-06,3.4754e-05,0.00014611,0.00056288,0.0019280,0.0057043,0.010060,0.014272,0.019980
150.0,3.8486e-07,1.5921e-06,7.2507e-06,3.2739e-05,0.00013848,0.00053463,0.0018323,0.0054195,0.0095676,0.013585,0.019034
175.0,3.2697e-07,1.3684e-06,6.2991e-06,2.8446e-05,0.00012163,0.00047176,0.0016208,0.0047949,0.0084847,0.012066,0.016933
200.0,2.8200e-07,1.1930e-06,5.5459e-06,2.5173e-05,0.00010815,0.00042100,0.0014508,0.0042954,0.0076151,0.010844,0.015241
250.0,2.1286e-07,9.1999e-07,4.3563e-06,2.0030e-05,8.7226e-05,0.00034204,0.0011832,0.0035302,0.0062666,0.0089299,0.012564
300.0,1.6700e-07,7.3538e-07,3.5386e-06,1.6225e-05,7.1621e-05,0.00028326,0.00098519,0.0029633,0.0052703,0.0075184,0.010643
350.0,1.3467e-07,6.0311e-07,2.9414e-06,1.3503e-05,6.0213e-05,0.00024017,0.00083940,0.0025379,0.0045192,0.0064816,0.0091821
400.0,1.1085e-07,5.0421e-07,2.4877e-06,1.1455e-05,5.1518e-05,0.00020715,0.00072707,0.0022073,0.0039468,0.0056684,0.0080343
450.0,9.0177e-08,4.1539e-07,2.0673e-06,9.8711e-06,4.4551e-05,0.00018053,0.00063632,0.0019389,0.0034836,0.0050048,0.0070982
500.0,7.4874e-08,3.4904e-07,1.7510e-06,8.6390e-06,3.9006e-05,0.00015920,0.00056316,0.0017248,0.0031069,0.0044649,0.0063365
600.0,5.5301e-08,2.6239e-07,1.3353e-06,6.7651e-06,3.1150e-05,0.00012877,0.00045894,0.0014175,0.0025579,0.0036813,0.0052288
700.0,4.1498e-08,2.0088e-07,1.0364e-06,5.3728e-06,2.5162e-05,0.00010537,0.00037865,0.0011779,0.0021307,0.0030713,0.0043757
800.0,3.2278e-08,1.5825e-07,8.2825e-07,4.3434e-06,2.0924e-05,8.8301e-05,0.00031998,0.00099964,0.0018122,0.0026040,0.0037180
1000.0,2.0654e-08,1.0436e-07,5.5767e-07,2.9744e-06,1.4699e-05,6.4352e-05,0.00023837,0.00074742,0.0013597,0.0019651,0.0028105
1200.0,1.4057e-08,7.2960e-08,3.9569e-07,2.1694e-06,1.0958e-05,4.9440e-05,0.00018692,0.00058856,0.0010735,0.0015559,0.0022325
1500.0,8.3442e-09,4.5058e-08,2.5373e-07,1.4376e-06,7.4422e-06,3.4613e-05,0.00013353,0.00042209,0.00077600,0.0011301,0.0016370
SA10P0
r\m,4.0,4.5,5.0,5.5,6.0,6.5,7.0,7.5,7.8,8.0,8.2
0.0,8.6520e-05,0.00019051,0.00047389,0.0011890,0.0030181,0.0076284,0.018470,0.040079,0.059297,0.075036,0.093980
1.0,6.7581e-05,0.00016367,0.00042946,0.0011106,0.0028518,0.0072777,0.017732,0.038518,0.057202,0.072171,0.089654
5.0,1.6569e-05,5.4290e-05,0.00019154,0.00066193,0.0020703,0.0059196,0.015302,0.034237,0.051592,0.065510,0.081649
10.0,6.3648e-06,2.2263e-05,8.6180e-05,0.00034265,0.0012703,0.0042311,0.011756,0.027733,0.043902,0.057168,0.073418
15.0,3.4818e-06,1.2482e-05,5.0000e-05,0.00020920,0.00083483,0.0030046,0.0089385,0.022442,0.036148,0.048616,0.064066
20.0,2.2411e-06,8.1663e-06,3.3397e-05,0.00014353,0.00059450,0.0022116,0.0069369,0.018361,0.030193,0.040971,0.055168
25.0,1.5424e-06,5.6998e-06,2.3865e-05,0.00010484,0.00044678,0.0016869,0.0055106,0.015159,0.025506,0.034883,0.047482
30.0,1.1465e-06,4.2725e-06,1.8129e-05,8.0586e-05,0.00034942,0.0013297,0.0044762,0.012691,0.021765,0.030146,0.041140
40.0,7.2513e-07,2.7448e-06,1.1835e-05,5.3552e-05,0.00023340,0.00090620,0.0031556,0.0093243,0.016313,0.022864,0.031641
50.0,5.1087e-07,1.9535e-06,8.4938e-06,3.8887e-05,0.00016932,0.00066778,0.0023920,0.0073103,0.013076,0.018788,0.026605
60.0,4.2424e-07,1.6349e-06,7.1497e-06,3.2905e-05,0.00014250,0.00056427,0.0020425,0.0062869,0.011409,0.016470,0.023427
70.0,3.6749e-07,1.4262e-06,6.2686e-06,2.8978e-05,0.00012507,0.00049776,0.0017963,0.0056415,0.010304,0.014947,0.021369
80.0,3.3223e-07,1.2979e-06,5.7336e-06,2.6613e-05,0.00011465,0.00045829,0.0016558,0.0052340,0.0095864,0.013934,0.019963
90.0,3.0515e-07,1.1993e-06,5.3244e-06,2.4685e-05,0.00010681,0.00042516,0.0015524,0.0049176,0.0090184,0.013120,0.018813
100.0,2.8224e-07,1.1157e-06,4.9765e-06,2.3055e-05,0.00010016,0.00039912,0.0014638,0.0046453,0.0085274,0.012415,0.017816
110.0,2.6254e-07,1.0435e-06,4.6756e-06,2.1651e-05,9.4410e-05,0.00037825,0.0013867,0.0044071,0.0080962,0.011793,0.016933
120.0,2.4535e-07,9.8040e-07,4.4120e-06,2.0425e-05,8.8664e-05,0.00035990,0.0013189,0.0041968,0.0077146,0.011242,0.016151
130.0,2.2955e-07,9.2212e-07,4.1687e-06,1.9297e-05,8.4184e-05,0.00034280,0.0012562,0.0039977,0.0073535,0.010722,0.015409
140.0,2.1484e-07,8.6782e-07,3.9427e-06,1.8248e-05,8.0050e-05,0.00032674,0.0011979,0.0038095,0.0070132,0.010231,0.014712
150.0,2.0066e-07,8.1482e-07,3.7201e-06,1.7198e-05,7.5920e-05,0.00031060,0.0011393,0.0036221,0.0066749,0.0097443,0.014024
175.0,1.7032e-07,7.0032e-07,3.2341e-06,1.4963e-05,6.6803e-05,0.00027463,0.0010100,0.0032109,0.0059301,0.0086695,0.012495
200.0,1.4675e-07,6.1048e-07,2.8493e-06,1.3259e-05,5.9503e-05,0.00024558,0.00090590,0.0028821,0.0053321,0.0078047,0.011265
250.0,1.1054e-07,4.7062e-07,2.2410e-06,1.0577e-05,4.8161e-05,0.00020034,0.00074196,0.0023781,0.0044044,0.0064502,0.0093169
300.0,8.6533e-08,3.7602e-07,1.8224e-06,8.5892e-06,3.9682e-05,0.00016659,0.00062039,0.0020044,0.0037184,0.0054506,0.0079200
350.0,6.9620e-08,3.0823e-07,1.5165e-06,7.1654e-06,3.3476e-05,0.00014181,0.00053084,0.0017238,0.0032012,0.0047170,0.0068580
400.0,5.7165e-08,2.5752e-07,1.2838e-06,6.0931e-06,2.8738e-05,0.00012281,0.00046179,0.0015056,0.0028072,0.0041416,0.0060238
450.0,4.6385e-08,2.1200e-07,1.0678e-06,5.2625e-06,2.4935e-05,0.00010746,0.00040591,0.0013283,0.0024883,0.0036718,0.0053433
500.0,3.8411e-08,1.7800e-07,9.0523e-07,4.6159e-06,2.1904e-05,9.5153e-05,0.00036082,0.0011869,0.0022288,0.0032898,0.0047900
600.0,2.8222e-08,1.3361e-07,6.9160e-07,3.6314e-06,1.7612e-05,7.7607e-05,0.00029676,0.00098462,0.0018523,0.0027377,0.0039890
700.0,2.1050e-08,1.0206e-07,5.3743e-07,2.8958e-06,1.4319e-05,6.4027e-05,0.00024711,0.00082616,0.0015581,0.0023065,0.0033712
800.0,1.6268e-08,8.0195e-08,4.2989e-07,2.3504e-06,1.1984e-05,5.4106e-05,0.00021083,0.00070834,0.0013392,0.0019763,0.0028952
1000.0,1.0261e-08,5.2561e-08,2.8978e-07,1.6216e-06,8.5271e-06,4.0111e-05,0.00016025,0.00054156,0.0010285,0.0015276,0.0022429
1200.0,6.8712e-09,3.6469e-08,2.0564e-07,1.1914e-06,6.4431e-06,3.1390e-05,0.00012852,0.00043749,0.00083435,0.0012441,0.0018344
1500.0,3.9662e-09,2.2213e-08,1.3177e-07,7.9843e-07,4.4713e-06,2.2663e-05,9.5424e-05,0.00032824,0.00063335,0.00095122,0.0014197
