PGA
r\m,4.0,4.5,5.0,5.5,6.0,6.5,7.0,7.5,7.8,8.0,8.2
0.0,0.72837,0.98014,1.2741,1.5878,1.9320,2.2578,2.4983,2.5360,2.5782,2.5962,2.6099
1.0,0.64758,0.93327,1.2228,1.5302,1.8699,2.1973,2.4382,2.5264,2.5680,2.5813,2.5878
5.0,0.21789,0.40217,0.68925,1.0381,1.3470,1.6545,1.8919,2.0254,2.0674,2.0801,2.0857
10.0,0.078508,0.15808,0.29906,0.53106,0.75329,1.0026,1.2564,1.4622,1.4838,1.4986,1.4844
15.0,0.037094,0.078502,0.15703,0.29683,0.44976,0.64367,0.86989,1.0810,1.1628,1.1691,1.1738
20.0,0.020591,0.045159,0.093840,0.18483,0.29305,0.44307,0.63216,0.82521,0.92573,0.96587,0.97446
25.0,0.012706,0.028691,0.061541,0.12530,0.20591,0.32429,0.48140,0.65282,0.74928,0.80615,0.83490
30.0,0.0085244,0.019693,0.043268,0.090313,0.15246,0.24772,0.37943,0.53090,0.62098,0.67678,0.72864
40.0,0.0044877,0.010748,0.024504,0.053098,0.093336,0.15866,0.25433,0.37316,0.45089,0.50544,0.56219
50.0,0.0026996,0.0066456,0.015578,0.034738,0.062965,0.11082,0.18440,0.28398,0.35513,0.40216,0.45058
60.0,0.0018863,0.0047465,0.011370,0.025935,0.048122,0.086868,0.14816,0.23558,0.29573,0.33839,0.38310
70.0,0.0016691,0.0042357,0.010230,0.023503,0.043906,0.079914,0.13855,0.22003,0.27791,0.31932,0.36298
80.0,0.0014959,0.0038248,0.0093048,0.021511,0.040429,0.074127,0.12957,0.20679,0.26257,0.30279,0.34542
90.0,0.0013591,0.0034979,0.0085621,0.019884,0.037606,0.069603,0.12176,0.19559,0.24938,0.28840,0.32986
100.0,0.0012433,0.0032187,0.0079223,0.018467,0.035124,0.065418,0.11474,0.18540,0.23724,0.27502,0.31528
110.0,0.0011436,0.0029767,0.0073628,0.017223,0.032920,0.061534,0.10842,0.17607,0.22600,0.26257,0.30163
120.0,0.0010560,0.0027621,0.0068639,0.016106,0.030941,0.058006,0.10260,0.16740,0.21549,0.25084,0.28872
130.0,0.00093278,0.0024632,0.0061771,0.014612,0.028328,0.053556,0.095562,0.15737,0.20377,0.23812,0.27513
140.0,0.00082866,0.0022079,0.0055846,0.013309,0.026019,0.049584,0.089207,0.14815,0.19286,0.22619,0.26232
150.0,0.00073999,0.0019881,0.0050689,0.012161,0.023968,0.046010,0.083407,0.13962,0.18266,0.21495,0.25013
175.0,0.00056103,0.0015356,0.0039858,0.0097086,0.019458,0.037944,0.069929,0.11908,0.15748,0.18670,0.21879
200.0,0.00043728,0.0012164,0.0032057,0.0079201,0.016081,0.031774,0.059370,0.10258,0.13689,0.16324,0.19248
250.0,0.00026441,0.00075566,0.0020458,0.0051932,0.010839,0.022011,0.042262,0.075098,0.10193,0.12295,0.14671
300.0,0.00016819,0.00049145,0.0013602,0.0035177,0.0075446,0.015732,0.030976,0.056420,0.077687,0.094618,0.11297
350.0,0.00011086,0.00033011,0.00093089,0.0024472,0.0053703,0.011456,0.023050,0.042876,0.059756,0.072839,0.087671
400.0,7.5031e-05,0.00022717,0.00065104,0.0017372,0.0038895,0.0084659,0.017356,0.032861,0.046061,0.056432,0.068394
450.0,4.9931e-05,0.00015421,0.00045115,0.0012423,0.0028324,0.0062851,0.013114,0.025262,0.035574,0.043862,0.053493
500.0,3.3849e-05,0.00010645,0.00031729,0.00089905,0.0020819,0.0046999,0.0099667,0.019455,0.027559,0.034155,0.041862
600.0,1.7665e-05,5.6935e-05,0.00017361,0.00050846,0.0011960,0.0027154,0.0057782,0.011194,0.015841,0.019644,0.023932
700.0,1.0276e-05,2.8650e-05,8.8738e-05,0.00026461,0.00063332,0.0014714,0.0031964,0.0062669,0.0088639,0.010968,0.013391
800.0,4.2405e-06,1.4220e-05,4.5111e-05,0.00013795,0.00033780,0.00080056,0.0017552,0.0034250,0.0048795,0.0059679,0.0073436
1000.0,1.0402e-06,3.6254e-06,1.1946e-05,3.6799e-05,9.2595e-05,0.00022310,0.00049905,0.0010099,0.0014687,0.0018522,0.0023053
1200.0,2.5619e-07,9.1661e-07,3.0271e-06,9.8601e-06,2.5656e-05,6.3812e-05,0.00014552,0.00030531,0.00045130,0.00057409,0.00071573
1500.0,3.2275e-08,1.1819e-07,4.1430e-07,1.4128e-06,3.7927e-06,9.6324e-06,2.2997e-05,4.8775e-05,7.3759e-05,9.6549e-05,0.00012000
PGV
r\m,4.0,4.5,5.0,5.5,6.0,6.5,7.0,7.5,7.8,8.0,8.2
0.0,14.032,21.494,31.636,40.393,52.429,71.345,102.83,137.06,169.63,196.52,227.04
1.0,10.591,18.390,29.217,39.203,52.317,72.142,104.03,142.19,176.04,201.92,228.78
5.0,1.6979,4.3111,10.182,20.763,37.066,60.215,93.620,136.47,171.65,197.77,224.44
10.0,0.52216,1.4133,3.6887,8.9927,20.113,40.104,74.267,125.36,158.51,186.30,211.50
15.0,0.25134,0.69725,1.8792,4.8511,11.889,26.674,55.684,104.86,146.54,173.16,204.89
20.0,0.14807,0.41720,1.1438,3.0334,7.7708,18.703,42.076,85.506,127.18,159.07,190.44
25.0,0.093335,0.26543,0.73973,2.0040,5.2705,13.379,32.219,69.635,107.04,140.09,174.61
30.0,0.065151,0.18644,0.52491,1.4384,3.8327,10.043,25.292,57.187,90.640,121.01,160.41
40.0,0.038102,0.11047,0.31403,0.87161,2.3818,6.4555,16.953,40.808,67.204,93.018,127.84
50.0,0.025489,0.074674,0.21341,0.59606,1.6567,4.5819,12.397,31.820,54.902,76.805,106.75
60.0,0.020593,0.060847,0.17518,0.49287,1.3807,3.8630,10.584,27.868,47.570,66.939,93.578
70.0,0.017164,0.051115,0.14807,0.41926,1.1826,3.3395,9.3559,24.430,41.968,59.329,83.322
80.0,0.014689,0.044054,0.12840,0.36566,1.0380,2.9569,8.3717,21.975,37.990,53.946,76.116
90.0,0.013237,0.039950,0.11691,0.33418,0.95394,2.7498,7.7513,20.511,35.465,50.382,71.121
100.0,0.012010,0.036468,0.10720,0.30741,0.88221,2.5613,7.2182,19.231,33.274,47.273,66.729
110.0,0.010961,0.033476,0.098838,0.28434,0.82009,2.3891,6.7532,18.114,31.333,44.536,62.871
120.0,0.010045,0.030865,0.091481,0.26416,0.76632,2.2377,6.3430,17.118,29.626,42.099,59.446
130.0,0.0092042,0.028447,0.084696,0.24539,0.71501,2.0960,5.9604,16.172,28.009,39.824,56.267
140.0,0.0084332,0.026233,0.078457,0.22810,0.66691,1.9637,5.6051,15.288,26.506,37.723,53.348
150.0,0.0077436,0.024233,0.072796,0.21225,0.62299,1.8425,5.2779,14.466,25.118,35.767,50.637
175.0,0.0063122,0.020038,0.060873,0.17899,0.52964,1.5815,4.5722,12.680,22.081,31.517,44.708
200.0,0.0052166,0.016792,0.051551,0.15308,0.45576,1.3742,4.0045,11.224,19.603,28.040,39.855
250.0,0.0035475,0.011698,0.036843,0.11116,0.33972,1.0430,3.0921,8.8025,15.636,22.627,32.540
300.0,0.0025037,0.0084450,0.027231,0.083021,0.26151,0.82136,2.4841,7.1882,12.965,18.947,27.080
350.0,0.0018168,0.0062606,0.020653,0.063717,0.20565,0.65936,2.0353,5.9723,10.905,15.863,22.845
400.0,0.0013444,0.0047306,0.015950,0.049809,0.16422,0.53665,1.6894,5.0210,9.1921,13.425,19.468
450.0,0.00096794,0.0034935,0.012126,0.039317,0.13199,0.43924,1.4091,4.2398,7.7691,11.422,16.673
500.0,0.00071304,0.0026342,0.0093873,0.031480,0.10743,0.36352,1.1866,3.6006,6.6288,9.8060,14.405
600.0,0.00040686,0.0015693,0.0058247,0.020577,0.073034,0.25487,0.85703,2.6391,4.9313,7.3654,10.923
700.0,0.00024396,0.00097793,0.0037626,0.013918,0.051152,0.18358,0.63447,1.9835,3.7549,5.6573,8.4640
800.0,0.00015187,0.00062990,0.0025055,0.0096135,0.036621,0.13508,0.47719,1.5189,2.9106,4.4221,6.6710
1000.0,6.3795e-05,0.00028087,0.0011901,0.0048789,0.019840,0.076561,0.27941,0.92666,1.8184,2.8056,4.3000
1200.0,2.9096e-05,0.00013478,0.00060332,0.0026207,0.011289,0.045425,0.17118,0.58976,1.1826,1.8497,2.8743
1500.0,9.1497e-06,4.5742e-05,0.00022015,0.0010349,0.0047876,0.020439,0.081771,0.29878,0.61786,0.98598,1.5632
SA0P01
r\m,4.0,4.5,5.0,5.5,6.0,6.5,7.0,7.5,7.8,8.0,8.2
0.0,0.74419,1.0208,1.3554,1.7282,2.1348,2.5124,2.7840,2.8353,2.8940,2.9257,2.9523
1.0,0.66394,0.97419,1.3010,1.6627,2.0607,2.4369,2.7073,2.8147,2.8721,2.9014,2.9253
5.0,0.23712,0.43681,0.74950,1.1341,1.4700,1.8016,2.0572,2.2064,2.2573,2.2805,2.2980
10.0,0.088295,0.17653,0.33166,0.58466,0.81827,1.0775,1.3430,1.5624,1.5850,1.6032,1.5908
15.0,0.042050,0.088438,0.17554,0.32836,0.48871,0.68913,0.92390,1.1449,1.2306,1.2371,1.2414
20.0,0.023400,0.051090,0.10543,0.20542,0.31936,0.47479,0.67069,0.87137,0.97592,1.0175,1.0250
25.0,0.014477,0.032587,0.069407,0.13977,0.22496,0.34821,0.51103,0.68908,0.78907,0.84798,0.87642
30.0,0.0097121,0.022402,0.048916,0.10107,0.16705,0.26673,0.40348,0.56092,0.65424,0.71188,0.76460
40.0,0.0050998,0.012222,0.027752,0.059634,0.10274,0.17163,0.27161,0.39566,0.47657,0.53321,0.59131
50.0,0.0030548,0.0075409,0.017645,0.039089,0.069534,0.12030,0.19749,0.30149,0.37534,0.42373,0.47274
60.0,0.0020993,0.0053006,0.012694,0.028814,0.052622,0.093596,0.15778,0.24900,0.31131,0.35521,0.40058
70.0,0.0018790,0.0047855,0.011553,0.026413,0.048523,0.086946,0.14887,0.23443,0.29474,0.33757,0.38205
80.0,0.0016983,0.0043577,0.010595,0.024373,0.045020,0.081217,0.14012,0.22159,0.27992,0.32165,0.36520
90.0,0.0015470,0.0039941,0.0097692,0.022571,0.041962,0.076433,0.13199,0.21006,0.26643,0.30700,0.34946
100.0,0.0014159,0.0036762,0.0090396,0.020963,0.039206,0.071884,0.12450,0.19929,0.25369,0.29303,0.33434
110.0,0.0013008,0.0033945,0.0083870,0.019516,0.036700,0.067565,0.11760,0.18920,0.24162,0.27972,0.31984
120.0,0.0011976,0.0031397,0.0077926,0.018191,0.034402,0.063560,0.11111,0.17965,0.23011,0.26692,0.30584
130.0,0.0010472,0.0027708,0.0069413,0.016342,0.031236,0.058276,0.10288,0.16802,0.21656,0.25225,0.29024
140.0,0.00092125,0.0024588,0.0062132,0.014743,0.028457,0.053582,0.095471,0.15736,0.20398,0.23851,0.27553
150.0,0.00081490,0.0021925,0.0055850,0.013347,0.026005,0.049381,0.088738,0.14753,0.19226,0.22562,0.26159
175.0,0.00059893,0.0016405,0.0042550,0.010336,0.020559,0.039804,0.072927,0.12362,0.16304,0.19292,0.22551
200.0,0.00045088,0.0012545,0.0033047,0.0081534,0.016497,0.032489,0.060539,0.10438,0.13911,0.16574,0.19518
250.0,0.00027169,0.00077649,0.0021012,0.0053264,0.011081,0.022432,0.042964,0.076191,0.10329,0.12449,0.14837
300.0,0.00017226,0.00050325,0.0013921,0.0035950,0.0076866,0.015982,0.031397,0.057077,0.078504,0.095535,0.11395
350.0,0.00011318,0.00033694,0.00094958,0.0024925,0.0054539,0.011603,0.023297,0.043258,0.060227,0.073360,0.088217
400.0,7.6379e-05,0.00023116,0.00066205,0.0017637,0.0039382,0.0085506,0.017497,0.033074,0.046318,0.056711,0.068679
450.0,5.0686e-05,0.00015645,0.00045745,0.0012575,0.0028602,0.0063325,0.013191,0.025374,0.035705,0.044002,0.053629
500.0,3.4273e-05,0.00010772,0.00032086,0.00090770,0.0020974,0.0047255,0.010007,0.019510,0.027621,0.034218,0.041920
600.0,1.7773e-05,5.7249e-05,0.00017449,0.00051049,0.0011994,0.0027205,0.0057851,0.011203,0.015849,0.019652,0.023939
700.0,1.0307e-05,2.8740e-05,8.8988e-05,0.00026517,0.00063417,0.0014725,0.0031975,0.0062676,0.0088643,0.010968,0.013391
800.0,4.2491e-06,1.4243e-05,4.5175e-05,0.00013808,0.00033796,0.00080064,0.0017552,0.0034250,0.0048795,0.0059679,0.0073436
1000.0,1.0406e-06,3.6260e-06,1.1947e-05,3.6799e-05,9.2595e-05,0.00022310,0.00049905,0.0010099,0.0014687,0.0018522,0.0023053
1200.0,2.5619e-07,9.1661e-07,3.0271e-06,9.8601e-06,2.5656e-05,6.3812e-05,0.00014552,0.00030531,0.00045130,0.00057409,0.00071573
1500.0,3.2275e-08,1.1819e-07,4.1430e-07,1.4128e-06,3.7927e-06,9.6324e-06,2.2997e-05,4.8775e-05,7.3759e-05,9.6549e-05,0.00012000
SA0P02
r\m,4.0,4.5,5.0,5.5,6.0,6.5,7.0,7.5,7.8,8.0,8.2
0.0,0.79462,1.1907,1.7083,2.3229,2.9699,3.5403,3.9215,3.9965,4.0940,4.1560,4.2085
1.0,0.72026,1.1441,1.6390,2.2247,2.8508,3.4115,3.7882,3.9447,4.0400,4.1058,4.1668
5.0,0.31382,0.57642,0.99636,1.5314,1.9871,2.4249,2.7581,2.9629,3.0403,3.0926,3.1411
10.0,0.12634,0.24881,0.46195,0.80284,1.0951,1.4077,1.7326,2.0131,2.0384,2.0684,2.0587
15.0,0.061432,0.12741,0.24933,0.45658,0.65572,0.89304,1.1733,1.4435,1.5480,1.5551,1.5579
20.0,0.034530,0.074542,0.15181,0.28931,0.43243,0.61792,0.85049,1.0907,1.2160,1.2652,1.2686
25.0,0.021558,0.048074,0.10100,0.19879,0.30691,0.45616,0.64973,0.86241,0.98102,1.0507,1.0792
30.0,0.014507,0.033239,0.071697,0.14498,0.22975,0.35229,0.51589,0.70448,0.81497,0.88253,0.94124
40.0,0.0076217,0.018215,0.040983,0.086445,0.14313,0.22979,0.35191,0.50253,0.59977,0.66732,0.73346
50.0,0.0045516,0.011248,0.026178,0.057094,0.097853,0.16280,0.25826,0.38482,0.47297,0.52895,0.58259
60.0,0.0030322,0.0076847,0.018366,0.041152,0.072636,0.12460,0.20353,0.31429,0.38807,0.43889,0.48882
70.0,0.0027977,0.0071430,0.017190,0.038776,0.068831,0.11891,0.19717,0.30319,0.37599,0.42642,0.47626
80.0,0.0025876,0.0066490,0.016095,0.036512,0.065143,0.11325,0.18910,0.29152,0.36282,0.41250,0.46181
90.0,0.0023917,0.0061762,0.015026,0.034210,0.061408,0.10778,0.18006,0.27917,0.34867,0.39739,0.44593
100.0,0.0022147,0.0057473,0.014046,0.032075,0.057897,0.10226,0.17132,0.26690,0.33445,0.38202,0.42961
110.0,0.0020549,0.0053556,0.013142,0.030091,0.054583,0.096773,0.16288,0.25487,0.32029,0.36658,0.41308
120.0,0.0019072,0.0049897,0.012292,0.028215,0.051453,0.091501,0.15466,0.24303,0.30624,0.35114,0.39641
130.0,0.0016539,0.0043676,0.010863,0.025146,0.046367,0.083310,0.14229,0.22594,0.28648,0.32984,0.37397
140.0,0.0014443,0.0038464,0.0096500,0.022516,0.041942,0.076077,0.13118,0.21031,0.26821,0.30999,0.35286
150.0,0.0012689,0.0034058,0.0086133,0.020240,0.038069,0.069663,0.12118,0.19603,0.25131,0.29151,0.33300
175.0,0.00091757,0.0025061,0.0064528,0.015408,0.029599,0.055245,0.098023,0.16180,0.20991,0.24548,0.28269
200.0,0.00067991,0.0018851,0.0049290,0.011949,0.023351,0.044343,0.080043,0.13446,0.17626,0.20754,0.24074
250.0,0.00039659,0.0011276,0.0030259,0.0075294,0.015123,0.029536,0.054867,0.094771,0.12642,0.15060,0.17685
300.0,0.00024315,0.00070568,0.0019341,0.0048955,0.010105,0.020277,0.038675,0.068470,0.092701,0.11151,0.13108
350.0,0.00015437,0.00045592,0.0012723,0.0032670,0.0069031,0.014178,0.027658,0.050038,0.068618,0.082661,0.098014
400.0,0.00010063,0.00030177,0.00085549,0.0022245,0.0047999,0.010065,0.020034,0.036932,0.050996,0.061771,0.073852
450.0,6.4476e-05,0.00019699,0.00057005,0.0015282,0.0033614,0.0071943,0.014595,0.027435,0.038099,0.046516,0.056047
500.0,4.2129e-05,0.00013092,0.00038589,0.0010641,0.0023808,0.0051947,0.010735,0.020496,0.028684,0.035257,0.042791
600.0,1.9706e-05,6.2790e-05,0.00019018,0.00054501,0.0012559,0.0027939,0.0058609,0.011253,0.015854,0.019644,0.023932
700.0,1.0767e-05,3.0188e-05,9.2988e-05,0.00027329,0.00064345,0.0014745,0.0031964,0.0062669,0.0088639,0.010968,0.013391
800.0,4.3611e-06,1.4513e-05,4.5831e-05,0.00013848,0.00033780,0.00080056,0.0017552,0.0034250,0.0048795,0.0059679,0.0073436
1000.0,1.0402e-06,3.6254e-06,1.1946e-05,3.6799e-05,9.2595e-05,0.00022310,0.00049905,0.0010099,0.0014687,0.0018522,0.0023053
1200.0,2.5619e-07,9.1661e-07,3.0271e-06,9.8601e-06,2.5656e-05,6.3812e-05,0.00014552,0.00030531,0.00045130,0.00057409,0.00071573
1500.0,3.2275e-08,1.1819e-07,4.1430e-07,1.4128e-06,3.7927e-06,9.6324e-06,2.2997e-05,4.8775e-05,7.3759e-05,9.6549e-05,0.00012000
SA0P025
r\m,4.0,4.5,5.0,5.5,6.0,6.5,7.0,7.5,7.8,8.0,8.2
0.0,0.79121,1.2430,1.8524,2.5883,3.3548,4.0212,4.4588,4.5446,4.6596,4.7345,4.7973
1.0,0.72269,1.1971,1.7762,2.4748,3.2150,3.8684,4.3000,4.4803,4.5930,4.6743,4.7502
5.0,0.34270,0.63094,1.0986,1.7055,2.2234,2.7173,3.0930,3.3284,3.4200,3.4867,3.5500
10.0,0.14181,0.27868,0.51763,0.89872,1.2219,1.5636,1.9213,2.2360,2.2643,2.3013,2.2936
15.0,0.069553,0.14393,0.28148,0.51370,0.73303,0.99006,1.2950,1.5927,1.7086,1.7170,1.7202
20.0,0.039312,0.084712,0.17240,0.32729,0.48548,0.68684,0.93910,1.2013,1.3386,1.3927,1.3949
25.0,0.024656,0.054897,0.11522,0.22580,0.34570,0.50856,0.71855,0.95030,1.0796,1.1557,1.1851
30.0,0.016635,0.038073,0.082058,0.16525,0.25965,0.39411,0.57200,0.77764,0.89790,0.97130,1.0340
40.0,0.0087655,0.020942,0.047102,0.098999,0.16264,0.25853,0.39239,0.55743,0.66377,0.73754,0.80844
50.0,0.0052416,0.012960,0.030174,0.065613,0.11166,0.18397,0.28910,0.42788,0.52397,0.58429,0.64079
60.0,0.0034662,0.0087978,0.021052,0.047047,0.082468,0.14014,0.22686,0.34818,0.42830,0.48301,0.53567
70.0,0.0032323,0.0082580,0.019883,0.044725,0.078877,0.13504,0.22198,0.33903,0.41869,0.47340,0.52639
80.0,0.0030135,0.0077427,0.018739,0.042380,0.075141,0.12948,0.21434,0.32806,0.40646,0.46057,0.51326
90.0,0.0028007,0.0072270,0.017572,0.039868,0.071119,0.12375,0.20493,0.31535,0.39202,0.44527,0.49735
100.0,0.0026050,0.0067521,0.016485,0.037503,0.067270,0.11779,0.19560,0.30236,0.37707,0.42919,0.48042
110.0,0.0024263,0.0063131,0.015470,0.035278,0.063581,0.11174,0.18641,0.28935,0.36183,0.41264,0.46279
120.0,0.0022590,0.0058983,0.014505,0.033151,0.060062,0.10586,0.17732,0.27634,0.34646,0.39580,0.44469
130.0,0.0019571,0.0051572,0.012803,0.029503,0.054035,0.096202,0.16282,0.25637,0.32338,0.37094,0.41853
140.0,0.0017074,0.0045369,0.011360,0.026380,0.048797,0.087685,0.14980,0.23813,0.30209,0.34780,0.39395
150.0,0.0014986,0.0040129,0.010128,0.023681,0.044219,0.080148,0.13811,0.22151,0.28244,0.32632,0.37089
175.0,0.0010816,0.0029463,0.0075684,0.017974,0.034255,0.063291,0.11120,0.18193,0.23468,0.27330,0.31307
200.0,0.00079957,0.0022104,0.0057645,0.013891,0.026915,0.050566,0.090343,0.15038,0.19596,0.22973,0.26500
250.0,0.00046311,0.0013120,0.0035094,0.0086728,0.017250,0.033300,0.061198,0.10467,0.13874,0.16452,0.19207
300.0,0.00028145,0.00081346,0.0022212,0.0055785,0.011389,0.022571,0.042574,0.074578,0.10031,0.12007,0.14026
350.0,0.00017686,0.00051995,0.0014451,0.0036775,0.0076792,0.015563,0.030006,0.053691,0.073133,0.087658,0.10327
400.0,0.00011398,0.00034007,0.00095984,0.0024702,0.0052636,0.010881,0.021402,0.039009,0.053505,0.064472,0.076592
450.0,7.2113e-05,0.00021910,0.00063118,0.0016732,0.0036317,0.0076579,0.015346,0.028529,0.039353,0.047814,0.057257
500.0,4.6495e-05,0.00014362,0.00042129,0.0011478,0.0025329,0.0054436,0.011114,0.020991,0.029192,0.035724,0.043122
600.0,2.0671e-05,6.5476e-05,0.00019781,0.00056069,0.0012800,0.0028182,0.0058678,0.011216,0.015841,0.019644,0.023932
700.0,1.0918e-05,3.0781e-05,9.4620e-05,0.00027593,0.00064417,0.0014714,0.0031964,0.0062669,0.0088639,0.010968,0.013391
800.0,4.3902e-06,1.4546e-05,4.5850e-05,0.00013795,0.00033780,0.00080056,0.0017552,0.0034250,0.0048795,0.0059679,0.0073436
1000.0,1.0402e-06,3.6254e-06,1.1946e-05,3.6799e-05,9.2595e-05,0.00022310,0.00049905,0.0010099,0.0014687,0.0018522,0.0023053
1200.0,2.5619e-07,9.1661e-07,3.0271e-06,9.8601e-06,2.5656e-05,6.3812e-05,0.00014552,0.00030531,0.00045130,0.00057409,0.00071573
1500.0,3.2275e-08,1.1819e-07,4.1430e-07,1.4128e-06,3.7927e-06,9.6324e-06,2.2997e-05,4.8775e-05,7.3759e-05,9.6549e-05,0.00012000
SA0P03
r\m,4.0,4.5,5.0,5.5,6.0,6.5,7.0,7.5,7.8,8.0,8.2
0.0,0.77167,1.2645,1.9473,2.7801,3.6424,4.3876,4.8744,4.9707,5.1000,5.1844,5.2551
1.0,0.70921,1.2193,1.8657,2.6552,3.4874,4.2175,4.6974,4.8988,5.0259,5.1186,5.2049
5.0,0.35885,0.66357,1.1654,1.8282,2.3995,2.9429,3.3579,3.6217,3.7266,3.8055,3.8809
10.0,0.15130,0.29768,0.55511,0.96628,1.3170,1.6857,2.0740,2.4208,2.4532,2.4970,2.4918
15.0,0.074728,0.15476,0.30354,0.55451,0.79164,1.0668,1.3947,1.7183,1.8455,1.8561,1.8605
20.0,0.042461,0.091560,0.18683,0.35487,0.52623,0.74202,1.0124,1.2952,1.4442,1.5035,1.5056
25.0,0.026742,0.059577,0.12533,0.24563,0.37574,0.55079,0.77583,1.0254,1.1650,1.2475,1.2784
30.0,0.018093,0.041436,0.089512,0.18025,0.28296,0.42800,0.61890,0.84039,0.97005,1.0492,1.1161
40.0,0.0095724,0.022886,0.051587,0.10843,0.17802,0.28203,0.42646,0.60476,0.71969,0.79940,0.87508
50.0,0.0057392,0.014204,0.033145,0.072079,0.12262,0.20138,0.31519,0.46518,0.56874,0.63328,0.69279
60.0,0.0037856,0.0096234,0.023087,0.051597,0.090378,0.15304,0.24674,0.37772,0.46378,0.52224,0.57767
70.0,0.0035560,0.0090915,0.021932,0.049324,0.086974,0.14845,0.24316,0.37025,0.45632,0.51508,0.57126
80.0,0.0033334,0.0085649,0.020758,0.046922,0.083210,0.14300,0.23591,0.35986,0.44485,0.50317,0.55923
90.0,0.0031109,0.0080229,0.019526,0.044267,0.078982,0.13708,0.22621,0.34688,0.43018,0.48771,0.54330
100.0,0.0029033,0.0075179,0.018365,0.041739,0.074882,0.13079,0.21640,0.33329,0.41459,0.47100,0.52579
110.0,0.0027121,0.0070470,0.017273,0.039339,0.070909,0.12430,0.20659,0.31943,0.39841,0.45344,0.50718
120.0,0.0025315,0.0065982,0.016226,0.037028,0.067093,0.11792,0.19677,0.30543,0.38188,0.43536,0.48779
130.0,0.0021943,0.0057716,0.014325,0.032951,0.060331,0.10707,0.18048,0.28296,0.35589,0.40733,0.45827
140.0,0.0019153,0.0050789,0.012712,0.029459,0.054452,0.097507,0.16586,0.26246,0.33193,0.38128,0.43057
150.0,0.0016817,0.0044934,0.011333,0.026439,0.049315,0.089045,0.15274,0.24380,0.30986,0.35714,0.40464
175.0,0.0012153,0.0033023,0.0084742,0.020066,0.038165,0.070190,0.12267,0.19964,0.25660,0.29803,0.34021
200.0,0.00089903,0.0024784,0.0064548,0.015499,0.029944,0.055954,0.099378,0.16448,0.21348,0.24953,0.28676
250.0,0.00051990,0.0014679,0.0039184,0.0096398,0.019089,0.036602,0.066812,0.11350,0.14978,0.17703,0.20579
300.0,0.00031486,0.00090647,0.0024688,0.0061663,0.012517,0.024610,0.046069,0.080084,0.10719,0.12782,0.14860
350.0,0.00019683,0.00057614,0.0015965,0.0040361,0.0083690,0.016807,0.032133,0.057016,0.077253,0.092223,0.10808
400.0,0.00012600,0.00037414,0.0010525,0.0026875,0.0056801,0.011621,0.022651,0.040916,0.055815,0.066960,0.079120
450.0,7.9077e-05,0.00023902,0.00068616,0.0018027,0.0038767,0.0080819,0.016038,0.029541,0.040516,0.049018,0.058378
500.0,5.0521e-05,0.00015518,0.00045348,0.0012233,0.0026720,0.0056728,0.011466,0.021452,0.029664,0.036155,0.043422
600.0,2.1533e-05,6.7826e-05,0.00020452,0.00057407,0.0013008,0.0028387,0.0058711,0.011194,0.015841,0.019644,0.023932
700.0,1.1032e-05,3.1296e-05,9.6055e-05,0.00027811,0.00064450,0.0014714,0.0031964,0.0062669,0.0088639,0.010968,0.013391
800.0,4.4180e-06,1.4571e-05,4.5858e-05,0.00013795,0.00033780,0.00080056,0.0017552,0.0034250,0.0048795,0.0059679,0.0073436
1000.0,1.0402e-06,3.6254e-06,1.1946e-05,3.6799e-05,9.2595e-05,0.00022310,0.00049905,0.0010099,0.0014687,0.0018522,0.0023053
1200.0,2.5619e-07,9.1661e-07,3.0271e-06,9.8601e-06,2.5656e-05,6.3812e-05,0.00014552,0.00030531,0.00045130,0.00057409,0.00071573
1500.0,3.2275e-08,1.1819e-07,4.1430e-07,1.4128e-06,3.7927e-06,9.6324e-06,2.2997e-05,4.8775e-05,7.3759e-05,9.6549e-05,0.00012000
SA0P04
r\m,4.0,4.5,5.0,5.5,6.0,6.5,7.0,7.5,7.8,8.0,8.2
0.0,0.71448,1.2487,2.0187,2.9635,3.9367,4.7799,5.3383,5.4527,5.5997,5.6939,5.7727
1.0,0.66167,1.2041,1.9307,2.8272,3.7685,4.5962,5.1469,5.3799,5.5253,5.6285,5.7225
5.0,0.36124,0.67603,1.2097,1.9356,2.5822,3.2003,3.6790,3.9887,4.1148,4.2092,4.2988
10.0,0.15498,0.30751,0.58159,1.0242,1.4182,1.8330,2.2738,2.6744,2.7169,2.7725,2.7719
15.0,0.077294,0.16121,0.32014,0.59078,0.85575,1.1624,1.5299,1.8983,2.0468,2.0628,2.0719
20.0,0.044327,0.096161,0.19846,0.38048,0.57203,0.81235,1.1140,1.4330,1.6035,1.6730,1.6775
25.0,0.028113,0.062948,0.13385,0.26453,0.41002,0.60517,0.85605,1.1369,1.2953,1.3898,1.4256
30.0,0.019128,0.043995,0.096013,0.19483,0.30983,0.47188,0.68490,0.93389,1.0806,1.1706,1.2468
40.0,0.010216,0.024504,0.055725,0.11792,0.19608,0.31275,0.47464,0.67543,0.80544,0.89590,0.98097
50.0,0.0061700,0.015309,0.036000,0.078759,0.13567,0.22427,0.35219,0.52111,0.63789,0.71034,0.77633
60.0,0.0040888,0.010423,0.025190,0.056581,0.10018,0.17051,0.27555,0.42277,0.51931,0.58468,0.64588
70.0,0.0038674,0.0099011,0.024037,0.054308,0.096902,0.16641,0.27351,0.41721,0.51433,0.58043,0.64298
80.0,0.0036442,0.0093658,0.022822,0.051805,0.093025,0.16094,0.26654,0.40722,0.50347,0.56929,0.63202
90.0,0.0034179,0.0088088,0.021541,0.049021,0.088572,0.15481,0.25638,0.39369,0.48821,0.55327,0.61567
100.0,0.0032031,0.0082833,0.020320,0.046340,0.084191,0.14809,0.24585,0.37908,0.47147,0.53535,0.59699
110.0,0.0030033,0.0077886,0.019161,0.043773,0.079895,0.14103,0.23514,0.36389,0.45371,0.51607,0.57658
120.0,0.0028128,0.0073133,0.018042,0.041286,0.075750,0.13402,0.22430,0.34836,0.43534,0.49594,0.55501
130.0,0.0024477,0.0064195,0.015976,0.036824,0.068201,0.12173,0.20563,0.32236,0.40504,0.46312,0.52029
140.0,0.0021440,0.0056666,0.014214,0.032985,0.061615,0.11087,0.18885,0.29862,0.37715,0.43268,0.48776
150.0,0.0018884,0.0050271,0.012701,0.029654,0.055848,0.10125,0.17380,0.27703,0.35150,0.40451,0.45738
175.0,0.0013763,0.0037231,0.0095615,0.022628,0.043359,0.079912,0.13953,0.22643,0.29029,0.33644,0.38302
200.0,0.0010253,0.0028122,0.0073235,0.017552,0.034100,0.063738,0.11292,0.18613,0.24077,0.28069,0.32146
250.0,0.00059746,0.0016765,0.0044686,0.010950,0.021736,0.041564,0.075502,0.12745,0.16741,0.19715,0.22813
300.0,0.00036323,0.0010383,0.0028206,0.0070043,0.014212,0.027789,0.051661,0.089057,0.11850,0.14066,0.16256
350.0,0.00022718,0.00065981,0.0018218,0.0045705,0.0094467,0.018816,0.035650,0.062616,0.084258,0.10004,0.11641
400.0,0.00014506,0.00042708,0.0011963,0.0030243,0.0063547,0.012860,0.024793,0.044255,0.059902,0.071402,0.083714
450.0,9.0572e-05,0.00027125,0.00077486,0.0020113,0.0042884,0.0088188,0.017275,0.031405,0.042694,0.051312,0.060592
500.0,5.7427e-05,0.00017461,0.00050744,0.0013495,0.0029151,0.0060903,0.012132,0.022374,0.030656,0.037113,0.044197
600.0,2.3113e-05,7.2057e-05,0.00021665,0.00059870,0.0013441,0.0028946,0.0059235,0.011202,0.015841,0.019644,0.023932
700.0,1.1304e-05,3.2449e-05,9.9336e-05,0.00028410,0.00065129,0.0014714,0.0031964,0.0062669,0.0088639,0.010968,0.013391
800.0,4.5318e-06,1.4805e-05,4.6446e-05,0.00013795,0.00033780,0.00080056,0.0017552,0.0034250,0.0048795,0.0059679,0.0073436
1000.0,1.0402e-06,3.6254e-06,1.1946e-05,3.6799e-05,9.2595e-05,0.00022310,0.00049905,0.0010099,0.0014687,0.0018522,0.0023053
1200.0,2.5619e-07,9.1661e-07,3.0271e-06,9.8601e-06,2.5656e-05,6.3812e-05,0.00014552,0.00030531,0.00045130,0.00057409,0.00071573
1500.0,3.2275e-08,1.1819e-07,4.1430e-07,1.4128e-06,3.7927e-06,9.6324e-06,2.2997e-05,4.8775e-05,7.3759e-05,9.6549e-05,0.00012000
SA0P05
r\m,4.0,4.5,5.0,5.5,6.0,6.5,7.0,7.5,7.8,8.0,8.2
0.0,0.65906,1.1990,1.9962,2.9677,3.9678,4.8447,5.4419,5.5693,5.7227,5.8175,5.8973
1.0,0.61180,1.1535,1.9056,2.8309,3.8022,4.6667,5.2568,5.5075,5.6601,5.7618,5.8518
5.0,0.34179,0.64816,1.1808,1.9220,2.6078,3.2710,3.7931,4.1331,4.2725,4.3720,4.4648
10.0,0.14666,0.29462,0.56705,1.0142,1.4366,1.8871,2.3685,2.8086,2.8614,2.9251,2.9277
15.0,0.073563,0.15506,0.31295,0.58646,0.86983,1.2019,1.6014,2.0051,2.1716,2.1934,2.2084
20.0,0.042503,0.093031,0.19487,0.37911,0.58358,0.84323,1.1704,1.5190,1.7076,1.7866,1.7958
25.0,0.027100,0.061138,0.13187,0.26423,0.41925,0.62950,0.90132,1.2078,1.3824,1.4875,1.5297
30.0,0.018534,0.042892,0.094871,0.19499,0.31732,0.49161,0.72225,0.99360,1.1550,1.2547,1.3404
40.0,0.0099938,0.024075,0.055375,0.11850,0.20146,0.32669,0.50176,0.72019,0.86259,0.96216,1.0562
50.0,0.0060853,0.015139,0.035939,0.079401,0.13971,0.23470,0.37296,0.55663,0.68443,0.76401,0.83691
60.0,0.0040803,0.010423,0.025400,0.057525,0.10382,0.17921,0.29262,0.45249,0.55778,0.62928,0.69643
70.0,0.0038605,0.0098944,0.024203,0.055117,0.10033,0.17488,0.29067,0.44678,0.55280,0.62518,0.69402
80.0,0.0036390,0.0093558,0.022957,0.052506,0.096233,0.16906,0.28327,0.43611,0.54119,0.61330,0.68245
90.0,0.0034199,0.0088121,0.021690,0.049721,0.091698,0.16279,0.27264,0.42185,0.52501,0.59627,0.66507
100.0,0.0032109,0.0082977,0.020481,0.047039,0.087226,0.15583,0.26158,0.40634,0.50713,0.57706,0.64500
110.0,0.0030159,0.0078126,0.019332,0.044469,0.082836,0.14849,0.25027,0.39015,0.48808,0.55629,0.62294
120.0,0.0028297,0.0073465,0.018223,0.041981,0.078612,0.14119,0.23881,0.37358,0.46835,0.53458,0.59960
130.0,0.0024762,0.0064815,0.016209,0.037584,0.070971,0.12847,0.21912,0.34571,0.43559,0.49886,0.56152
140.0,0.0021798,0.0057475,0.014479,0.033780,0.064273,0.11719,0.20140,0.32024,0.40542,0.46575,0.52591
150.0,0.0019287,0.0051201,0.012986,0.030462,0.058382,0.10716,0.18546,0.29706,0.37768,0.43513,0.49268
175.0,0.0014227,0.0038346,0.0098746,0.023450,0.045631,0.084985,0.14935,0.24315,0.31209,0.36190,0.41231
200.0,0.0010711,0.0029252,0.0076320,0.018331,0.036102,0.068071,0.12119,0.20012,0.25897,0.30191,0.34580
250.0,0.00063369,0.0017686,0.0047162,0.011558,0.023194,0.044610,0.081225,0.13707,0.17986,0.21160,0.24459
300.0,0.00038988,0.0011076,0.0030067,0.0074557,0.015253,0.029920,0.055627,0.095676,0.12702,0.15047,0.17347
350.0,0.00024610,0.00070982,0.0019566,0.0048942,0.010174,0.020275,0.038335,0.067052,0.089913,0.10643,0.12341
400.0,0.00015816,0.00046216,0.0012912,0.0032494,0.0068489,0.013832,0.026556,0.047115,0.063480,0.075366,0.087950
450.0,9.9204e-05,0.00029467,0.00083906,0.0021638,0.0046155,0.0094455,0.018385,0.033163,0.044819,0.053622,0.062959
500.0,6.3043e-05,0.00018998,0.00054991,0.0014500,0.0031250,0.0064799,0.012799,0.023380,0.031815,0.038322,0.045352
600.0,2.4687e-05,7.6239e-05,0.00022864,0.00062480,0.0013977,0.0029865,0.0060659,0.011409,0.015888,0.019644,0.023932
700.0,1.1737e-05,3.4014e-05,0.00010385,0.00029410,0.00067002,0.0014830,0.0031964,0.0062669,0.0088639,0.010968,0.013391
800.0,4.7577e-06,1.5387e-05,4.8098e-05,0.00013964,0.00033780,0.00080056,0.0017552,0.0034250,0.0048795,0.0059679,0.0073436
1000.0,1.0402e-06,3.6254e-06,1.1946e-05,3.6799e-05,9.2595e-05,0.00022310,0.00049905,0.0010099,0.0014687,0.0018522,0.0023053
1200.0,2.5619e-07,9.1661e-07,3.0271e-06,9.8601e-06,2.5656e-05,6.3812e-05,0.00014552,0.00030531,0.00045130,0.00057409,0.00071573
1500.0,3.2275e-08,1.1819e-07,4.1430e-07,1.4128e-06,3.7927e-06,9.6324e-06,2.2997e-05,4.8775e-05,7.4013e-05,9.9020e-05,0.00012488
SA0P075
r\m,4.0,4.5,5.0,5.5,6.0,6.5,7.0,7.5,7.8,8.0,8.2
0.0,0.56205,1.0573,1.8030,2.6757,3.5800,4.4069,5.0167,5.1599,5.3074,5.3899,5.4619
1.0,0.51812,1.0069,1.7138,2.5564,3.4454,4.2706,4.8765,5.1369,5.2846,5.3659,5.4322
5.0,0.27299,0.53441,1.0099,1.6966,2.3888,3.0814,3.6475,4.0157,4.1655,4.2564,4.3359
10.0,0.11376,0.23643,0.47503,0.88377,1.3299,1.8292,2.3685,2.8591,2.9323,3.0043,3.0095
15.0,0.057361,0.12456,0.26181,0.51144,0.81051,1.1806,1.6310,2.0889,2.2859,2.3198,2.3491
20.0,0.033566,0.075349,0.16383,0.33177,0.54616,0.83395,1.2028,1.6011,1.8215,1.9182,1.9422
25.0,0.021581,0.049752,0.11126,0.23166,0.39311,0.62361,0.92958,1.2793,1.4831,1.6080,1.6673
30.0,0.014907,0.035121,0.080361,0.17117,0.29763,0.48684,0.74537,1.0540,1.2419,1.3601,1.4672
40.0,0.0082027,0.020008,0.047355,0.10456,0.18930,0.32346,0.51733,0.76325,0.92661,1.0424,1.1551
50.0,0.0050878,0.012753,0.030987,0.070351,0.13142,0.23221,0.38427,0.59066,0.73759,0.83120,0.92057
60.0,0.0035387,0.0090820,0.022564,0.052297,0.099725,0.18022,0.30519,0.48471,0.60546,0.68887,0.76995
70.0,0.0033121,0.0085196,0.021227,0.049438,0.095164,0.17380,0.30002,0.47360,0.59409,0.67786,0.76047
80.0,0.0030990,0.0079898,0.019955,0.046652,0.090465,0.16660,0.29005,0.45875,0.57742,0.66047,0.74310
90.0,0.0029103,0.0075156,0.018819,0.044085,0.086006,0.16006,0.27828,0.44232,0.55826,0.63988,0.72164
100.0,0.0027321,0.0070725,0.017750,0.041652,0.081687,0.15297,0.26634,0.42498,0.53776,0.61748,0.69781
110.0,0.0025674,0.0066587,0.016747,0.039352,0.077509,0.14557,0.25434,0.40721,0.51639,0.59382,0.67227
120.0,0.0024115,0.0062660,0.015792,0.037155,0.073567,0.13833,0.24241,0.38937,0.49470,0.56964,0.64585
130.0,0.0021404,0.0056001,0.014208,0.033598,0.066948,0.12662,0.22330,0.36111,0.46064,0.53185,0.60475
140.0,0.0019084,0.0050246,0.012826,0.030475,0.061069,0.11613,0.20601,0.33516,0.42923,0.49686,0.56641
150.0,0.0017086,0.0045245,0.011614,0.027714,0.055841,0.10672,0.19036,0.31146,0.40029,0.46445,0.53064
175.0,0.0012996,0.0034871,0.0090668,0.021841,0.044505,0.085977,0.15516,0.25711,0.33302,0.38845,0.44598
200.0,0.0010063,0.0027311,0.0071802,0.017450,0.035865,0.069909,0.12742,0.21345,0.27829,0.32602,0.37586
250.0,0.00062232,0.0017219,0.0046123,0.011390,0.023740,0.046939,0.087014,0.14835,0.19552,0.23065,0.26772
300.0,0.00039821,0.0011193,0.0030444,0.0075852,0.016047,0.032196,0.060656,0.10500,0.13963,0.16554,0.19108
350.0,0.00026033,0.00074170,0.0020437,0.0051241,0.010963,0.022244,0.042430,0.074406,0.099683,0.11782,0.13647
400.0,0.00017258,0.00049741,0.0013863,0.0034882,0.0075317,0.015412,0.029722,0.052657,0.070685,0.083618,0.097246
450.0,0.00011140,0.00032592,0.00092401,0.0023744,0.0051622,0.010647,0.020715,0.037159,0.049880,0.059357,0.069270
500.0,7.2592e-05,0.00021514,0.00061888,0.0016199,0.0035396,0.0073547,0.014451,0.026130,0.035220,0.042119,0.049433
600.0,2.8649e-05,8.6843e-05,0.00025884,0.00069709,0.0015687,0.0033382,0.0067217,0.012527,0.017318,0.021160,0.025585
700.0,1.3408e-05,3.9419e-05,0.00011948,0.00033305,0.00075746,0.0016612,0.0034422,0.0065617,0.0092467,0.011405,0.013965
800.0,5.7202e-06,1.8082e-05,5.5942e-05,0.00015888,0.00037684,0.00084043,0.0017864,0.0034923,0.0049665,0.0062092,0.0077294
1000.0,1.2460e-06,4.0626e-06,1.3162e-05,3.8796e-05,9.6753e-05,0.00022669,0.00050465,0.0010331,0.0015259,0.0019709,0.0024953
1200.0,2.8808e-07,9.7143e-07,3.2494e-06,1.0108e-05,2.6490e-05,6.5393e-05,0.00015043,0.00032515,0.00049731,0.00064749,0.00082622
1500.0,3.6330e-08,1.2657e-07,4.4494e-07,1.4786e-06,4.0738e-06,1.0426e-05,2.5606e-05,5.7640e-05,9.0526e-05,0.00012202,0.00015430
SA0P1
r\m,4.0,4.5,5.0,5.5,6.0,6.5,7.0,7.5,7.8,8.0,8.2
0.0,0.50000,0.93607,1.5868,2.3150,3.0800,3.8100,4.3859,4.5345,4.6704,4.7412,4.8057
1.0,0.45455,0.88194,1.5034,2.2166,2.9767,3.7125,4.2874,4.5399,4.6765,4.7397,4.7878
5.0,0.21436,0.43333,0.84094,1.4430,2.0898,2.7568,3.3185,3.6832,3.8304,3.9070,3.9699
10.0,0.086083,0.18545,0.38589,0.74187,1.1750,1.6831,2.2385,2.7399,2.8255,2.8979,2.9030
15.0,0.043421,0.097404,0.21171,0.42852,0.71916,1.0993,1.5694,2.0487,2.2606,2.3027,2.3428
20.0,0.025601,0.059149,0.13264,0.27805,0.48523,0.77975,1.1658,1.5875,1.8244,1.9319,1.9691
25.0,0.016535,0.039116,0.090153,0.19406,0.34917,0.58284,0.90275,1.2732,1.4930,1.6294,1.7029
30.0,0.011497,0.027710,0.065220,0.14329,0.26398,0.45397,0.72305,1.0489,1.2515,1.3808,1.5036
40.0,0.0064184,0.015943,0.038646,0.087693,0.16768,0.30059,0.49968,0.75661,0.93022,1.0547,1.1801
50.0,0.0040363,0.010259,0.025417,0.059101,0.11626,0.21514,0.37004,0.58519,0.74187,0.84414,0.94606
60.0,0.0028998,0.0075234,0.018991,0.044929,0.089918,0.16960,0.29757,0.48503,0.61399,0.70475,0.79643
70.0,0.0026768,0.0069596,0.017614,0.041857,0.084551,0.16115,0.28833,0.46711,0.59408,0.68411,0.77629
80.0,0.0024807,0.0064639,0.016396,0.039101,0.079562,0.15288,0.27590,0.44797,0.57195,0.66050,0.75197
90.0,0.0023223,0.0060613,0.015411,0.036826,0.075366,0.14633,0.26346,0.42987,0.55027,0.63673,0.72656
100.0,0.0021757,0.0056912,0.014502,0.034713,0.071392,0.13943,0.25123,0.41151,0.52805,0.61204,0.69976
110.0,0.0020415,0.0053503,0.013660,0.032743,0.067618,0.13240,0.23926,0.39319,0.50556,0.58680,0.67201
120.0,0.0019164,0.0050314,0.012871,0.030891,0.064125,0.12563,0.22760,0.37522,0.48329,0.56163,0.64410
130.0,0.0017201,0.0045426,0.011685,0.028159,0.058750,0.11561,0.21048,0.34889,0.45089,0.52514,0.60369
140.0,0.0015494,0.0041140,0.010638,0.025732,0.053924,0.10657,0.19492,0.32464,0.42095,0.49136,0.56608
150.0,0.0014001,0.0037364,0.0097080,0.023562,0.049591,0.098391,0.18076,0.30239,0.39328,0.45999,0.53093
175.0,0.0010915,0.0029462,0.0077394,0.018927,0.040186,0.080396,0.14908,0.25190,0.32978,0.38745,0.44905
200.0,0.00086466,0.0023574,0.0062520,0.015399,0.032910,0.066291,0.12389,0.21113,0.27794,0.32774,0.38114
250.0,0.00055549,0.0015409,0.0041538,0.010367,0.022411,0.045632,0.086411,0.14947,0.19848,0.23533,0.27510
300.0,0.00036840,0.0010364,0.0028313,0.0071161,0.015579,0.032096,0.061573,0.10788,0.14427,0.17169,0.19925
350.0,0.00024920,0.00070961,0.0019602,0.0049516,0.010936,0.022726,0.044019,0.077942,0.10482,0.12416,0.14437
400.0,0.00017068,0.00049105,0.0013695,0.0034685,0.0077107,0.016120,0.031480,0.056169,0.075528,0.089427,0.10424
450.0,0.00011383,0.00033205,0.00094045,0.0024274,0.0054192,0.011385,0.022361,0.040276,0.054037,0.064263,0.075023
500.0,7.6546e-05,0.00022592,0.00064825,0.0017006,0.0038041,0.0080235,0.015861,0.028700,0.038574,0.046027,0.053929
600.0,3.1843e-05,9.5926e-05,0.00028459,0.00076392,0.0017462,0.0037468,0.0075502,0.014020,0.019296,0.023499,0.028374
700.0,1.5264e-05,4.5433e-05,0.00013689,0.00037898,0.00087033,0.0019128,0.0039462,0.0074646,0.010478,0.012887,0.015761
800.0,6.9293e-06,2.1657e-05,6.6401e-05,0.00018634,0.00044405,0.00098615,0.0020811,0.0040429,0.0057185,0.0071589,0.0089041
1000.0,1.6110e-06,5.1566e-06,1.6481e-05,4.7885e-05,0.00011939,0.00027743,0.00061162,0.0012394,0.0018217,0.0023527,0.0029754
1200.0,3.9281e-07,1.2946e-06,4.2838e-06,1.3026e-05,3.4025e-05,8.3075e-05,0.00018897,0.00040458,0.00061796,0.00080401,0.0010262
1500.0,5.3271e-08,1.8061e-07,6.2315e-07,2.0179e-06,5.5359e-06,1.3998e-05,3.4029e-05,7.6479e-05,0.00012000,0.00016178,0.00020423
SA0P15
r\m,4.0,4.5,5.0,5.5,6.0,6.5,7.0,7.5,7.8,8.0,8.2
0.0,0.40302,0.75425,1.2466,1.7602,2.3194,2.8914,3.3870,3.5374,3.6572,3.7159,3.7735
1.0,0.35647,0.69870,1.1760,1.6912,2.2552,2.8390,3.3367,3.5686,3.6891,3.7350,3.7675
5.0,0.13693,0.30180,0.60820,1.0723,1.6138,2.1979,2.7116,3.0484,3.1850,3.2428,3.2862
10.0,0.051872,0.12261,0.26853,0.54080,0.92026,1.3978,1.9332,2.4145,2.5115,2.5801,2.5858
15.0,0.026106,0.063971,0.14609,0.31108,0.56605,0.92861,1.3918,1.8686,2.0875,2.1384,2.1911
20.0,0.015517,0.038968,0.091502,0.20153,0.38195,0.66160,1.0441,1.4711,1.7166,1.8326,1.8874
25.0,0.010066,0.025784,0.062168,0.14039,0.27442,0.49359,0.80999,1.1857,1.4147,1.5595,1.6502
30.0,0.0070527,0.018330,0.045023,0.10346,0.20680,0.38270,0.64697,0.97596,1.1869,1.3245,1.4634
40.0,0.0040074,0.010668,0.026832,0.063369,0.13086,0.25163,0.44331,0.69848,0.87563,1.0050,1.1416
50.0,0.0025638,0.0069430,0.017744,0.042749,0.090444,0.17905,0.32638,0.53918,0.69975,0.80854,0.92367
60.0,0.0019259,0.0052984,0.013729,0.033504,0.071845,0.14437,0.26737,0.45372,0.58668,0.68305,0.78598
70.0,0.0017392,0.0047972,0.012463,0.030540,0.066044,0.13397,0.25297,0.42662,0.55455,0.64806,0.74904
80.0,0.0015875,0.0043903,0.011433,0.028108,0.061196,0.12508,0.23813,0.40263,0.52573,0.61644,0.71515
90.0,0.0014776,0.0040939,0.010687,0.026330,0.057623,0.11895,0.22563,0.38332,0.50175,0.58941,0.68524
100.0,0.0013784,0.0038282,0.010016,0.024721,0.054344,0.11279,0.21388,0.36478,0.47854,0.56302,0.65571
110.0,0.0012894,0.0035881,0.0094068,0.023254,0.051311,0.10670,0.20278,0.34698,0.45601,0.53720,0.62656
120.0,0.0012082,0.0033684,0.0088478,0.021902,0.048577,0.10100,0.19230,0.33005,0.43446,0.51237,0.59837
130.0,0.0011000,0.0030807,0.0081258,0.020174,0.044906,0.093632,0.17886,0.30817,0.40668,0.48041,0.56204
140.0,0.0010038,0.0028233,0.0074769,0.018613,0.041561,0.086914,0.16657,0.28790,0.38093,0.45080,0.52832
150.0,0.00091812,0.0025925,0.0068920,0.017197,0.038517,0.080768,0.15527,0.26918,0.35703,0.42321,0.49673
175.0,0.00073875,0.0021051,0.0056448,0.014161,0.031914,0.067306,0.13025,0.22732,0.30311,0.36059,0.42461
200.0,0.00060299,0.0017320,0.0046799,0.011800,0.026715,0.056603,0.11014,0.19334,0.25892,0.30892,0.36477
250.0,0.00040778,0.0011883,0.0032541,0.0082875,0.018938,0.040426,0.079374,0.14103,0.19002,0.22759,0.26969
300.0,0.00028428,0.00083816,0.0023200,0.0059388,0.013722,0.029559,0.058598,0.10522,0.14248,0.17106,0.20086
350.0,0.00020205,0.00060169,0.0016798,0.0043176,0.010046,0.021786,0.043490,0.078726,0.10700,0.12763,0.14998
400.0,0.00014538,0.00043661,0.0012277,0.0031624,0.0073924,0.016103,0.032322,0.058822,0.079746,0.094971,0.11170
450.0,0.00010209,0.00031033,0.00088408,0.0023168,0.0054287,0.011858,0.023873,0.043720,0.059001,0.070449,0.082841
500.0,7.2337e-05,0.00022211,0.00063967,0.0017003,0.0039840,0.0087131,0.017597,0.032267,0.043504,0.052019,0.061240
600.0,3.3856e-05,0.00010576,0.00031334,0.00084736,0.0020095,0.0044349,0.0090607,0.016877,0.023176,0.028164,0.034015
700.0,1.7497e-05,5.4896e-05,0.00016480,0.00045669,0.0010816,0.0024234,0.0050274,0.0094628,0.013220,0.016206,0.019795
800.0,8.8929e-06,2.8582e-05,8.6951e-05,0.00024274,0.00059049,0.0013263,0.0027952,0.0053851,0.0075608,0.0094518,0.011722
1000.0,2.4339e-06,7.9347e-06,2.4921e-05,7.1497e-05,0.00017992,0.00041756,0.00091002,0.0018107,0.0026309,0.0033783,0.0042502
1200.0,6.8497e-07,2.2786e-06,7.3955e-06,2.1884e-05,5.7146e-05,0.00013793,0.00030799,0.00064399,0.00097275,0.0012566,0.0015962
1500.0,1.1206e-07,3.7973e-07,1.2671e-06,3.9435e-06,1.0727e-05,2.6626e-05,6.3176e-05,0.00013928,0.00021577,0.00028837,0.00036155
SA0P2
r\m,4.0,4.5,5.0,5.5,6.0,6.5,7.0,7.5,7.8,8.0,8.2
0.0,0.31792,0.62368,1.0194,1.4103,1.8500,2.3220,2.7557,2.9039,3.0146,3.0685,3.1235
1.0,0.27545,0.57129,0.95922,1.3581,1.8055,2.2904,2.7274,2.9427,3.0540,3.0939,3.1224
5.0,0.091415,0.22623,0.47194,0.84759,1.3077,1.8193,2.2832,2.5929,2.7206,2.7698,2.8053
10.0,0.033352,0.088889,0.20327,0.42237,0.75218,1.1868,1.6849,2.1345,2.2350,2.3001,2.3077
15.0,0.016747,0.046152,0.10995,0.24221,0.46388,0.79672,1.2335,1.6883,1.9028,1.9574,2.0161
20.0,0.0099942,0.028144,0.068807,0.15667,0.31283,0.56890,0.93075,1.3424,1.5833,1.7003,1.7641
25.0,0.0064964,0.018618,0.046713,0.10896,0.22445,0.42374,0.72265,1.0851,1.3105,1.4549,1.5530
30.0,0.0045706,0.013257,0.033837,0.080173,0.16874,0.32746,0.57598,0.89242,1.0999,1.2372,1.3809
40.0,0.0026223,0.0077617,0.020220,0.049099,0.10646,0.21423,0.39227,0.63512,0.80710,0.93425,1.0726
50.0,0.0016940,0.0050827,0.013407,0.033126,0.073401,0.15181,0.28760,0.48950,0.64567,0.75412,0.87308
60.0,0.0013069,0.0039711,0.010589,0.026434,0.059254,0.12413,0.23840,0.41596,0.54597,0.64211,0.74836
70.0,0.0011636,0.0035465,0.0094844,0.023769,0.053688,0.11343,0.22202,0.38492,0.50807,0.59993,0.70238
80.0,0.0010518,0.0032154,0.0086207,0.021675,0.049266,0.10481,0.20677,0.35949,0.47682,0.56509,0.66421
90.0,0.00097494,0.0029869,0.0080285,0.020231,0.046208,0.099250,0.19492,0.34048,0.45268,0.53744,0.63294
100.0,0.00090683,0.0027849,0.0075031,0.018945,0.043451,0.093804,0.18405,0.32277,0.43003,0.51130,0.60313
110.0,0.00084635,0.0026046,0.0070324,0.017786,0.040939,0.088522,0.17400,0.30613,0.40857,0.48637,0.57450
120.0,0.00079181,0.0024416,0.0066056,0.016732,0.038709,0.083655,0.16467,0.29060,0.38843,0.46288,0.54742
130.0,0.00072679,0.0022492,0.0061058,0.015502,0.035970,0.077897,0.15370,0.27206,0.36442,0.43486,0.51503
140.0,0.00066812,0.0020750,0.0056521,0.014381,0.033451,0.072611,0.14363,0.25484,0.34212,0.40890,0.48502
150.0,0.00061527,0.0019171,0.0052393,0.013354,0.031140,0.067739,0.13433,0.23886,0.32135,0.38464,0.45685
175.0,0.00050407,0.0015826,0.0043569,0.011153,0.026138,0.057117,0.11387,0.20348,0.27504,0.33023,0.39337
200.0,0.00041855,0.0013229,0.0036658,0.0094228,0.022164,0.048611,0.097338,0.17470,0.23703,0.28533,0.34072
250.0,0.00029166,0.00093346,0.0026171,0.0067839,0.016098,0.035522,0.071630,0.12996,0.17719,0.21396,0.25623
300.0,0.00020948,0.00067717,0.0019164,0.0049888,0.011968,0.026626,0.054130,0.099167,0.13575,0.16423,0.19473
350.0,0.00015348,0.00050036,0.0014262,0.0037270,0.0090006,0.020153,0.041217,0.076060,0.10441,0.12539,0.14874
400.0,0.00011393,0.00037407,0.0010724,0.0028092,0.0068142,0.015326,0.031490,0.058379,0.079850,0.095709,0.11359
450.0,8.2739e-05,0.00027465,0.00079651,0.0021216,0.0051585,0.011633,0.023956,0.044641,0.060722,0.072913,0.086478
500.0,6.0727e-05,0.00020339,0.00059554,0.0016081,0.0039098,0.0088257,0.018214,0.033947,0.046078,0.055364,0.065675
600.0,3.1172e-05,0.00010596,0.00031794,0.00087169,0.0021363,0.0048515,0.010091,0.018966,0.026105,0.031759,0.038453
700.0,1.7239e-05,5.9164e-05,0.00017962,0.00050251,0.0012281,0.0028187,0.0059252,0.011190,0.015622,0.019142,0.023396
800.0,9.5378e-06,3.3171e-05,0.00010181,0.00028624,0.00071338,0.0016362,0.0034765,0.0066865,0.0093651,0.011684,0.014467
1000.0,3.0218e-06,1.0604e-05,3.3356e-05,9.5832e-05,0.00024503,0.00057477,0.0012507,0.0024635,0.0035505,0.0045301,0.0056745
1200.0,9.7609e-07,3.4722e-06,1.1233e-05,3.2969e-05,8.6749e-05,0.00020953,0.00046390,0.00095263,0.0014223,0.0018233,0.0023042
1500.0,1.9196e-07,6.9001e-07,2.2719e-06,6.9270e-06,1.8806e-05,4.6365e-05,0.00010809,0.00023328,0.00035610,0.00047061,0.00058673
SA0P25
r\m,4.0,4.5,5.0,5.5,6.0,6.5,7.0,7.5,7.8,8.0,8.2
0.0,0.24710,0.52214,0.86193,1.1819,1.5490,1.9562,2.3451,2.4902,2.5948,2.6464,2.7001
1.0,0.21095,0.47468,0.80972,1.1399,1.5154,1.9352,2.3279,2.5305,2.6359,2.6735,2.7012
5.0,0.063261,0.17728,0.38554,0.70424,1.1063,1.5629,1.9863,2.2742,2.3953,2.4401,2.4724
10.0,0.022517,0.068139,0.16337,0.34821,0.63985,1.0365,1.4989,1.9194,2.0204,2.0829,2.0926
15.0,0.011288,0.035260,0.088029,0.19924,0.39522,0.70047,1.1094,1.5400,1.7471,1.8034,1.8649
20.0,0.0067521,0.021512,0.055043,0.12872,0.26637,0.50081,0.84022,1.2324,1.4652,1.5804,1.6487
25.0,0.0043939,0.014225,0.037344,0.089418,0.19092,0.37258,0.65265,0.99809,1.2161,1.3572,1.4580
30.0,0.0030990,0.010138,0.027049,0.065720,0.14330,0.28727,0.51940,0.82029,1.0208,1.1551,1.2987
40.0,0.0017886,0.0059567,0.016188,0.040235,0.090217,0.18728,0.35225,0.58155,0.74636,0.86937,1.0058
50.0,0.0011623,0.0039149,0.010750,0.027141,0.062090,0.13233,0.25752,0.44770,0.59747,0.70326,0.82198
60.0,0.00091205,0.0031044,0.0086000,0.021905,0.050640,0.10918,0.21511,0.38289,0.50808,0.60198,0.70806
70.0,0.00080452,0.0027477,0.0076351,0.019522,0.045449,0.098763,0.19823,0.35057,0.46789,0.55666,0.65775
80.0,0.00072260,0.0024757,0.0068982,0.017695,0.041441,0.090643,0.18331,0.32514,0.43618,0.52094,0.61805
90.0,0.00066797,0.0022938,0.0064080,0.016477,0.038765,0.085584,0.17222,0.30689,0.41266,0.49370,0.58682
100.0,0.00062003,0.0021343,0.0059770,0.015401,0.036380,0.080711,0.16220,0.29019,0.39099,0.46845,0.55765
110.0,0.00057777,0.0019930,0.0055938,0.014440,0.034227,0.076039,0.15304,0.27470,0.37076,0.44473,0.53009
120.0,0.00053995,0.0018663,0.0052490,0.013572,0.032334,0.071777,0.14464,0.26043,0.35200,0.42266,0.50438
130.0,0.00049809,0.0017268,0.0048708,0.012619,0.030142,0.067022,0.13531,0.24424,0.33075,0.39762,0.47510
140.0,0.00045996,0.0015995,0.0045252,0.011745,0.028114,0.062638,0.12673,0.22918,0.31098,0.37441,0.44800
150.0,0.00042537,0.0014833,0.0042089,0.010940,0.026245,0.058579,0.11877,0.21516,0.29254,0.35268,0.42252
175.0,0.00035238,0.0012368,0.0035324,0.0092153,0.022206,0.049759,0.10135,0.18434,0.25173,0.30436,0.36562
200.0,0.00029573,0.0010438,0.0029988,0.0078515,0.018981,0.042670,0.087249,0.15924,0.21822,0.26448,0.31846
250.0,0.00020996,0.00074931,0.0021758,0.0057397,0.013998,0.031642,0.065088,0.12003,0.16517,0.20073,0.24231
300.0,0.00015366,0.00055317,0.0016199,0.0042899,0.010578,0.024103,0.049953,0.092988,0.12841,0.15631,0.18678
350.0,0.00011479,0.00041624,0.0012265,0.0032609,0.0080959,0.018568,0.038701,0.072547,0.10042,0.12130,0.14500
400.0,8.6945e-05,0.00031720,0.00093925,0.0025040,0.0062459,0.014397,0.030138,0.056750,0.078236,0.094313,0.11279
450.0,6.4560e-05,0.00023787,0.00071188,0.0019295,0.0048267,0.011160,0.023415,0.044302,0.060716,0.073299,0.087603
500.0,4.8518e-05,0.00018021,0.00054407,0.0014949,0.0037412,0.0086625,0.018212,0.034458,0.047104,0.056883,0.067974
600.0,2.6623e-05,0.00010016,0.00030902,0.00086167,0.0021703,0.0050521,0.010689,0.020297,0.028050,0.034205,0.041550
700.0,1.5511e-05,5.9001e-05,0.00018401,0.00052221,0.0013121,0.0030803,0.0065702,0.012491,0.017465,0.021424,0.026229
800.0,9.1270e-06,3.4988e-05,0.00011016,0.00031398,0.00080078,0.0018774,0.0040344,0.0077777,0.010899,0.013582,0.016812
1000.0,3.2475e-06,1.2520e-05,4.0198e-05,0.00011667,0.00030370,0.00072314,0.0015801,0.0031000,0.0044475,0.0056464,0.0070541
1200.0,1.1764e-06,4.5761e-06,1.5038e-05,4.4334e-05,0.00011804,0.00028723,0.00063502,0.0012894,0.0019077,0.0024312,0.0030607
1500.0,2.7086e-07,1.0580e-06,3.5144e-06,1.0658e-05,2.9046e-05,7.1717e-05,0.00016552,0.00035117,0.00052952,0.00069286,0.00086089
SA0P3
r\m,4.0,4.5,5.0,5.5,6.0,6.5,7.0,7.5,7.8,8.0,8.2
0.0,0.19188,0.43906,0.74483,1.0228,1.3433,1.7062,2.0622,2.2039,2.3041,2.3542,2.4071
1.0,0.16205,0.39704,0.69893,0.98743,1.3163,1.6913,2.0511,2.2438,2.3448,2.3815,2.4093
5.0,0.045218,0.14232,0.32535,0.60586,0.96615,1.3813,1.7729,2.0436,2.1596,2.2021,2.2329
10.0,0.015824,0.053878,0.13632,0.29795,0.56090,0.92643,1.3585,1.7544,1.8547,1.9152,1.9268
15.0,0.0079231,0.027814,0.073252,0.17022,0.34679,0.62898,1.0130,1.4215,1.6212,1.6780,1.7408
20.0,0.0047465,0.016973,0.045774,0.10987,0.23363,0.45005,0.76918,1.1427,1.3669,1.4795,1.5500
25.0,0.0030910,0.011220,0.031039,0.076256,0.16731,0.33452,0.59762,0.92658,1.1367,1.2738,1.3751
30.0,0.0021836,0.0080012,0.022480,0.055999,0.12543,0.25750,0.47508,0.76115,0.95424,1.0846,1.2262
40.0,0.0012653,0.0047117,0.013465,0.034272,0.078844,0.16745,0.32124,0.53815,0.69588,0.81445,0.94769
50.0,0.00082554,0.0031040,0.0089490,0.023113,0.054192,0.11808,0.23437,0.41394,0.55729,0.65982,0.77669
60.0,0.00065525,0.0024859,0.0072215,0.018796,0.044504,0.098025,0.19680,0.35560,0.47579,0.56688,0.67138
70.0,0.00057431,0.0021866,0.0063722,0.016649,0.039681,0.088044,0.18002,0.32317,0.43496,0.52045,0.61921
80.0,0.00051358,0.0019618,0.0057332,0.015028,0.036022,0.080425,0.16566,0.29828,0.40360,0.48486,0.57926
90.0,0.00047384,0.0018142,0.0053161,0.013969,0.033633,0.075782,0.15526,0.28087,0.38092,0.45839,0.54861
100.0,0.00043922,0.0016857,0.0049516,0.013040,0.031518,0.071356,0.14597,0.26511,0.36027,0.43415,0.52036
110.0,0.00040882,0.0015723,0.0046290,0.012214,0.029621,0.067145,0.13754,0.25064,0.34117,0.41162,0.49395
120.0,0.00038176,0.0014712,0.0043403,0.011472,0.027963,0.063329,0.12987,0.23739,0.32361,0.39082,0.46954
130.0,0.00035334,0.0013650,0.0040376,0.010690,0.026122,0.059242,0.12167,0.22291,0.30439,0.36801,0.44266
140.0,0.00032728,0.0012677,0.0037600,0.0099712,0.024412,0.055463,0.11413,0.20941,0.28651,0.34688,0.41780
150.0,0.00030351,0.0011785,0.0035047,0.0093062,0.022829,0.051952,0.10711,0.19683,0.26980,0.32707,0.39440
175.0,0.00025330,0.00098904,0.0029589,0.0078827,0.019418,0.044347,0.091816,0.16929,0.23302,0.28327,0.34249
200.0,0.00021409,0.00084000,0.0025265,0.0067527,0.016685,0.038221,0.079412,0.14686,0.20283,0.24714,0.29949
250.0,0.00015390,0.00060983,0.0018525,0.0049858,0.012429,0.028622,0.059795,0.11170,0.15486,0.18916,0.22978
300.0,0.00011407,0.00045541,0.0013942,0.0037664,0.0094957,0.022043,0.046382,0.087458,0.12165,0.14883,0.17893
350.0,8.6339e-05,0.00034685,0.0010678,0.0028961,0.0073538,0.017188,0.036370,0.069059,0.096270,0.11685,0.14055
400.0,6.6300e-05,0.00026773,0.00082771,0.0022519,0.0057471,0.013507,0.028708,0.054764,0.076011,0.092080,0.11081
450.0,4.9988e-05,0.00020369,0.00063602,0.0017594,0.0045053,0.010628,0.022644,0.043402,0.059881,0.072635,0.087375
500.0,3.8189e-05,0.00015676,0.00049349,0.0013839,0.0035479,0.0083865,0.017909,0.034332,0.047239,0.057314,0.068933
600.0,2.1997e-05,9.1309e-05,0.00029312,0.00083427,0.0021515,0.0051143,0.010986,0.021070,0.029248,0.035765,0.043590
700.0,1.3330e-05,5.5935e-05,0.00018141,0.00052464,0.0013510,0.0032360,0.0069988,0.013409,0.018796,0.023099,0.028343
800.0,8.2071e-06,3.4595e-05,0.00011316,0.00032872,0.00085671,0.0020501,0.0044583,0.0086320,0.012121,0.015099,0.018699
1000.0,3.1952e-06,1.3515e-05,4.4918e-05,0.00013260,0.00035162,0.00085071,0.0018714,0.0036711,0.0052558,0.0066495,0.0082962
1200.0,1.2691e-06,5.3963e-06,1.8283e-05,5.4636e-05,0.00014757,0.00036286,0.00080441,0.0016231,0.0023861,0.0030280,0.0038030
1500.0,3.3263e-07,1.4133e-06,4.8168e-06,1.4700e-05,4.0383e-05,0.00010035,0.00023054,0.00048306,0.00072164,0.00093673,0.0011620
SA0P4
r\m,4.0,4.5,5.0,5.5,6.0,6.5,7.0,7.5,7.8,8.0,8.2
0.0,0.11909,0.31206,0.57489,0.81165,1.0809,1.3897,1.7018,1.8378,1.9319,1.9802,2.0318
1.0,0.099174,0.28030,0.53872,0.78459,1.0613,1.3809,1.6968,1.8754,1.9705,2.0064,2.0350
5.0,0.025215,0.095359,0.24374,0.47728,0.78422,1.1437,1.4904,1.7366,1.8451,1.8853,1.9152
10.0,0.0086380,0.035421,0.10069,0.23314,0.45738,0.77792,1.1640,1.5227,1.6205,1.6782,1.6928
15.0,0.0043186,0.018231,0.053916,0.13292,0.28311,0.53114,0.87619,1.2491,1.4357,1.4924,1.5558
20.0,0.0025919,0.011128,0.033661,0.085686,0.19058,0.38038,0.66734,1.0097,1.2186,1.3259,1.3977
25.0,0.0016893,0.0073528,0.022808,0.059397,0.13634,0.28239,0.51862,0.81998,1.0159,1.1452,1.2449
30.0,0.0011958,0.0052465,0.016515,0.043569,0.10205,0.21691,0.41168,0.67313,0.85286,0.97575,1.1117
40.0,0.00069632,0.0030979,0.0099011,0.026648,0.064008,0.14059,0.27728,0.47423,0.61987,0.73051,0.85695
50.0,0.00045657,0.0020467,0.0065865,0.017964,0.043916,0.098871,0.20175,0.36437,0.49666,0.59292,0.70483
60.0,0.00036760,0.0016594,0.0053713,0.014743,0.036370,0.082698,0.17052,0.31476,0.42614,0.51179,0.61197
70.0,0.00031964,0.0014483,0.0047032,0.012957,0.032158,0.073610,0.15453,0.28335,0.38597,0.46559,0.55927
80.0,0.00028428,0.0012925,0.0042092,0.011634,0.029028,0.066837,0.14131,0.25994,0.35604,0.43128,0.52026
90.0,0.00026167,0.0011924,0.0038936,0.010789,0.027035,0.062810,0.13204,0.24402,0.33501,0.40648,0.49118
100.0,0.00024212,0.0011058,0.0036198,0.010054,0.025287,0.059020,0.12384,0.22981,0.31612,0.38410,0.46479
110.0,0.00022506,0.0010300,0.0033790,0.0094034,0.023730,0.055448,0.11648,0.21690,0.29886,0.36355,0.44043
120.0,0.00020996,0.00096265,0.0031646,0.0088231,0.022379,0.052237,0.10984,0.20518,0.28314,0.34477,0.41815
130.0,0.00019512,0.00089628,0.0029527,0.0082441,0.020956,0.048971,0.10310,0.19295,0.26668,0.32505,0.39465
140.0,0.00018140,0.00083500,0.0027571,0.0077083,0.019628,0.045941,0.096881,0.18153,0.25134,0.30677,0.37294
150.0,0.00016880,0.00077846,0.0025764,0.0072106,0.018394,0.043114,0.091076,0.17086,0.23699,0.28961,0.35248
175.0,0.00014216,0.00065844,0.0021903,0.0061469,0.015741,0.037016,0.078494,0.14765,0.20563,0.25196,0.30744
200.0,0.00012120,0.00056344,0.0018829,0.0052991,0.013609,0.032093,0.068278,0.12876,0.17990,0.22093,0.27021
250.0,8.8464e-05,0.00041458,0.0013976,0.0039579,0.010258,0.024318,0.051996,0.099046,0.13887,0.17093,0.20954
300.0,6.6590e-05,0.00031389,0.0010653,0.0030274,0.0079396,0.018978,0.040864,0.078585,0.11052,0.13626,0.16531
350.0,5.1221e-05,0.00024258,0.00082699,0.0023599,0.0062367,0.015019,0.032530,0.063010,0.088810,0.10861,0.13186
400.0,4.0007e-05,0.00019019,0.00065050,0.0018629,0.0049517,0.012003,0.026121,0.050853,0.071355,0.087113,0.10585
450.0,3.0745e-05,0.00014729,0.00050827,0.0014801,0.0039515,0.0096242,0.021009,0.041110,0.057345,0.070099,0.085181
500.0,2.3980e-05,0.00011558,0.00040179,0.0011864,0.0031747,0.0077577,0.016985,0.033262,0.046275,0.056586,0.068766
600.0,1.4718e-05,7.1556e-05,0.00025288,0.00075828,0.0020415,0.0050236,0.011067,0.021608,0.030253,0.037198,0.045618
700.0,9.4059e-06,4.6156e-05,0.00016464,0.00050069,0.0013491,0.0033446,0.0074130,0.014424,0.020342,0.025106,0.030950
800.0,6.1494e-06,3.0209e-05,0.00010855,0.00033185,0.00090194,0.0022382,0.0049783,0.0097438,0.013762,0.017154,0.021294
1000.0,2.7133e-06,1.3334e-05,4.8447e-05,0.00015023,0.00041422,0.0010343,0.0023127,0.0045622,0.0065312,0.0082324,0.010269
1200.0,1.2301e-06,6.0469e-06,2.2255e-05,6.9636e-05,0.00019461,0.00049056,0.0011001,0.0022121,0.0032290,0.0040786,0.0051128
1500.0,3.9038e-07,1.9038e-06,7.0052e-06,2.2176e-05,6.2509e-05,0.00015849,0.00036444,0.00075298,0.0011119,0.0014278,0.0017714
SA0P5
r\m,4.0,4.5,5.0,5.5,6.0,6.5,7.0,7.5,7.8,8.0,8.2
0.0,0.078001,0.22390,0.45128,0.66896,0.91457,1.1948,1.4812,1.6137,1.7039,1.7512,1.8018
1.0,0.064399,0.20031,0.42255,0.64714,0.89899,1.1890,1.4789,1.6489,1.7401,1.7759,1.8053
5.0,0.015483,0.066065,0.18800,0.39170,0.66688,0.99278,1.3111,1.5415,1.6452,1.6843,1.7141
10.0,0.0052387,0.024269,0.077027,0.19057,0.38997,0.68078,1.0354,1.3685,1.4639,1.5197,1.5364
15.0,0.0026168,0.012469,0.041158,0.10851,0.24153,0.46633,0.78369,1.1307,1.3071,1.3633,1.4263
20.0,0.0015722,0.0076119,0.025682,0.069897,0.16251,0.33411,0.59794,0.91698,1.1139,1.2167,1.2881
25.0,0.0010253,0.0050286,0.017393,0.048416,0.11617,0.24784,0.46472,0.74529,0.92988,1.0527,1.1500
30.0,0.00072664,0.0035894,0.012593,0.035488,0.086869,0.19013,0.36856,0.61155,0.78067,0.89730,1.0278
40.0,0.00042435,0.0021229,0.0075533,0.021695,0.054411,0.12297,0.24764,0.42991,0.56625,0.67055,0.79101
50.0,0.00027905,0.0014049,0.0050272,0.014620,0.037287,0.086334,0.17988,0.33007,0.45380,0.54483,0.65195
60.0,0.00022656,0.0011473,0.0041247,0.012062,0.031029,0.072523,0.15261,0.28605,0.39050,0.47158,0.56754
70.0,0.00019610,0.00099685,0.0035953,0.010552,0.027298,0.064205,0.13751,0.25605,0.35173,0.42667,0.51584
80.0,0.00017386,0.00088687,0.0032077,0.0094443,0.024558,0.058086,0.12528,0.23403,0.32331,0.39388,0.47826
90.0,0.00015982,0.00081710,0.0029630,0.0087460,0.022836,0.054495,0.11684,0.21929,0.30365,0.37055,0.45067
100.0,0.00014773,0.00075698,0.0027515,0.0081404,0.021332,0.051139,0.10942,0.20624,0.28614,0.34967,0.42586
110.0,0.00013722,0.00070445,0.0025661,0.0076070,0.020000,0.047994,0.10281,0.19444,0.27023,0.33062,0.40312
120.0,0.00012794,0.00065802,0.0024016,0.0071326,0.018848,0.045179,0.096866,0.18380,0.25583,0.31331,0.38246
130.0,0.00011918,0.00061386,0.0022444,0.0066741,0.017672,0.042402,0.091006,0.17298,0.24114,0.29560,0.36120
140.0,0.00011104,0.00057294,0.0020990,0.0062485,0.016572,0.039822,0.085599,0.16288,0.22744,0.27918,0.34156
150.0,0.00010354,0.00053504,0.0019641,0.0058521,0.015547,0.037409,0.080543,0.15342,0.21461,0.26375,0.32305
175.0,8.7656e-05,0.00045459,0.0016762,0.0050060,0.013347,0.032217,0.069621,0.13294,0.18670,0.23006,0.28251
200.0,7.5105e-05,0.00039068,0.0014464,0.0043301,0.011577,0.028022,0.060749,0.11626,0.16381,0.20232,0.24903
250.0,5.5306e-05,0.00028967,0.0010808,0.0032540,0.0087815,0.021369,0.046553,0.090007,0.12725,0.15752,0.19434
300.0,4.2003e-05,0.00022105,0.00082962,0.0025058,0.0068449,0.016798,0.036856,0.071961,0.10206,0.12654,0.15452
350.0,3.2610e-05,0.00017225,0.00064886,0.0019679,0.0054190,0.013405,0.029593,0.058217,0.082751,0.10177,0.12441
400.0,2.5722e-05,0.00013627,0.00051456,0.0015665,0.0043406,0.010816,0.024001,0.047478,0.067188,0.082514,0.10098
450.0,1.9987e-05,0.00010661,0.00040587,0.0012564,0.0034990,0.0087682,0.019528,0.038844,0.054657,0.067217,0.082295
500.0,1.5779e-05,8.4613e-05,0.00032428,0.0010180,0.0028440,0.0071570,0.015997,0.031867,0.044733,0.055042,0.067415
600.0,1.0064e-05,5.4344e-05,0.00021129,0.00067383,0.0018951,0.0048094,0.010826,0.021464,0.030284,0.037419,0.046134
700.0,6.6472e-06,3.6172e-05,0.00014183,0.00045827,0.0012923,0.0033057,0.0074870,0.014779,0.020974,0.025997,0.032192
800.0,4.5084e-06,2.4520e-05,9.6771e-05,0.00031457,0.00089325,0.0022918,0.0052055,0.010308,0.014652,0.018296,0.022780
1000.0,2.1545e-06,1.1702e-05,4.6547e-05,0.00015335,0.00044130,0.0011370,0.0025879,0.0051514,0.0073951,0.0093114,0.011632
1200.0,1.0654e-06,5.7712e-06,2.3148e-05,7.6860e-05,0.00022362,0.00057958,0.0013198,0.0026628,0.0038781,0.0048909,0.0061335
1500.0,3.8461e-07,2.0578e-06,8.2201e-06,2.7462e-05,8.0187e-05,0.00020864,0.00048392,0.00099533,0.0014621,0.0018664,0.0023210
SA0P75
r\m,4.0,4.5,5.0,5.5,6.0,6.5,7.0,7.5,7.8,8.0,8.2
0.0,0.033562,0.10568,0.25306,0.43160,0.64969,0.90231,1.1632,1.2989,1.3865,1.4337,1.4839
1.0,0.027401,0.094066,0.23672,0.41793,0.63955,0.89944,1.1635,1.3294,1.4182,1.4556,1.4874
5.0,0.0061311,0.029826,0.10313,0.25140,0.47677,0.75871,1.0436,1.2577,1.3569,1.3965,1.4279
10.0,0.0020424,0.010807,0.041823,0.12171,0.27973,0.52562,0.83572,1.1340,1.2273,1.2816,1.3024
15.0,0.0010192,0.0055416,0.022293,0.069198,0.17337,0.36150,0.63687,0.94545,1.1068,1.1623,1.2244
20.0,0.00061328,0.0033841,0.013903,0.044532,0.11658,0.25913,0.48696,0.76985,0.94786,1.0432,1.1132
25.0,0.00040023,0.0022354,0.0094120,0.030818,0.083262,0.19202,0.37847,0.62634,0.79261,0.90466,0.99667
30.0,0.00028411,0.0015967,0.0068143,0.022571,0.062180,0.14705,0.29978,0.51362,0.66538,0.77141,0.89169
40.0,0.00016655,0.00094666,0.0040909,0.013792,0.038877,0.094846,0.20077,0.36000,0.48131,0.57507,0.68480
50.0,0.00010995,0.00062804,0.0027253,0.0092912,0.026602,0.066435,0.14550,0.27610,0.38579,0.46784,0.56587
60.0,9.0225e-05,0.00051767,0.0022537,0.0077172,0.022270,0.056104,0.12401,0.24022,0.33316,0.40631,0.49422
70.0,7.7656e-05,0.00044742,0.0019539,0.0067126,0.019468,0.049324,0.11093,0.21345,0.29794,0.36503,0.44604
80.0,6.8594e-05,0.00039666,0.0017369,0.0059845,0.017438,0.044413,0.10057,0.19416,0.27261,0.33549,0.41176
90.0,6.2956e-05,0.00036494,0.0016019,0.0055326,0.016183,0.041574,0.093547,0.18148,0.25541,0.31485,0.38705
100.0,5.8131e-05,0.00033774,0.0014857,0.0051425,0.015093,0.038944,0.087437,0.17035,0.24023,0.29656,0.36506
110.0,5.3946e-05,0.00031406,0.0013843,0.0048003,0.014132,0.036495,0.082019,0.16038,0.22655,0.28001,0.34509
120.0,5.0272e-05,0.00029321,0.0012947,0.0044972,0.013305,0.034316,0.077185,0.15143,0.21425,0.26509,0.32708
130.0,4.6973e-05,0.00027428,0.0012127,0.0042158,0.012494,0.032248,0.072592,0.14264,0.20211,0.25030,0.30913
140.0,4.3887e-05,0.00025663,0.0011364,0.0039535,0.011732,0.030322,0.068351,0.13443,0.19080,0.23660,0.29257
150.0,4.1026e-05,0.00024020,0.0010654,0.0037084,0.011021,0.028515,0.064376,0.12673,0.18018,0.22370,0.27694
175.0,3.4967e-05,0.00020533,0.00091387,0.0031858,0.0094973,0.024644,0.055830,0.11014,0.15722,0.19572,0.24295
200.0,3.0151e-05,0.00017748,0.00079244,0.0027672,0.0082694,0.021513,0.048888,0.096650,0.13842,0.17272,0.21493
250.0,2.2450e-05,0.00013294,0.00059731,0.0020952,0.0063183,0.016523,0.037730,0.075381,0.10834,0.13550,0.16904
300.0,1.7239e-05,0.00010249,0.00046263,0.0016266,0.0049654,0.013099,0.030127,0.060819,0.087701,0.10990,0.13573
350.0,1.3537e-05,8.0720e-05,0.00036525,0.0012889,0.0039673,0.010555,0.024439,0.049741,0.071908,0.089394,0.11057
400.0,1.0807e-05,6.4583e-05,0.00029262,0.0010364,0.0032113,0.0086144,0.020061,0.041094,0.059160,0.073475,0.091035
450.0,8.5122e-06,5.1182e-05,0.00023353,0.00084089,0.0026204,0.0070771,0.016557,0.034133,0.048885,0.060814,0.075443
500.0,6.8213e-06,4.1208e-05,0.00018909,0.00069040,0.0021604,0.0058673,0.013791,0.028508,0.040753,0.050749,0.063024
600.0,4.5689e-06,2.7755e-05,0.00012881,0.00047792,0.0015067,0.0041361,0.0098073,0.020148,0.028915,0.036107,0.044997
700.0,3.1492e-06,1.9243e-05,8.9960e-05,0.00033759,0.0010701,0.0029643,0.0070786,0.014470,0.020855,0.026109,0.032652
800.0,2.2388e-06,1.3660e-05,6.4202e-05,0.00024268,0.00077298,0.0021554,0.0051609,0.010549,0.015240,0.019151,0.024037
1000.0,1.1892e-06,7.2410e-06,3.4154e-05,0.00013073,0.00042169,0.0011792,0.0028205,0.0057828,0.0083997,0.010606,0.013335
1200.0,6.6194e-07,4.0097e-06,1.8945e-05,7.3033e-05,0.00023754,0.00066568,0.0015898,0.0032800,0.0047993,0.0060683,0.0076495
1500.0,2.8585e-07,1.7040e-06,7.9808e-06,3.0743e-05,9.9737e-05,0.00028037,0.00067633,0.0014067,0.0020683,0.0026305,0.0033015
SA1P0
r\m,4.0,4.5,5.0,5.5,6.0,6.5,7.0,7.5,7.8,8.0,8.2
0.0,0.017967,0.056774,0.14915,0.28448,0.47316,0.70883,0.96312,1.1125,1.2046,1.2550,1.3076
1.0,0.014592,0.050419,0.13947,0.27561,0.46610,0.70715,0.96409,1.1395,1.2330,1.2749,1.3109
5.0,0.0031581,0.015702,0.060193,0.16535,0.34830,0.59933,0.86936,1.0840,1.1861,1.2295,1.2647
10.0,0.0010447,0.0056548,0.024302,0.079892,0.20470,0.41719,0.70067,0.98420,1.0808,1.1371,1.1628
15.0,0.00052116,0.0028979,0.012943,0.045403,0.12694,0.28749,0.53566,0.82399,0.97913,1.0364,1.0995
20.0,0.00031383,0.0017704,0.0080724,0.029213,0.085342,0.20614,0.40998,0.67219,0.84039,0.93259,1.0026
25.0,0.00020490,0.0011696,0.0054652,0.020214,0.060938,0.15269,0.31865,0.54713,0.70328,0.80956,0.89889
30.0,0.00014557,0.00083591,0.0039579,0.014803,0.045489,0.11685,0.25226,0.44853,0.59036,0.69042,0.80456
40.0,8.5503e-05,0.00049636,0.0023783,0.0090474,0.028427,0.075284,0.16870,0.31395,0.42649,0.51409,0.61725
50.0,5.6555e-05,0.00032981,0.0015858,0.0060965,0.019444,0.052686,0.12214,0.24065,0.34186,0.41845,0.51063
60.0,4.6643e-05,0.00027312,0.0013168,0.0050813,0.016327,0.044608,0.10432,0.20976,0.29570,0.36397,0.44663
70.0,4.0048e-05,0.00023558,0.0011393,0.0044101,0.014235,0.039097,0.093006,0.18575,0.26355,0.32592,0.40176
80.0,3.5319e-05,0.00020859,0.0010115,0.0039264,0.012729,0.035133,0.084130,0.16859,0.24063,0.29892,0.37013
90.0,3.2398e-05,0.00019186,0.00093265,0.0036283,0.011805,0.032857,0.078169,0.15739,0.22518,0.28020,0.34751
100.0,2.9903e-05,0.00017754,0.00086492,0.0033716,0.011004,0.030757,0.072998,0.14761,0.21161,0.26369,0.32747
110.0,2.7743e-05,0.00016508,0.00080585,0.0031468,0.010300,0.028807,0.068427,0.13887,0.19942,0.24881,0.30935
120.0,2.5849e-05,0.00015414,0.00075376,0.0029480,0.0096950,0.027076,0.064359,0.13105,0.18850,0.23543,0.29306
130.0,2.4189e-05,0.00014440,0.00070694,0.0027667,0.0091122,0.025461,0.060559,0.12349,0.17788,0.22237,0.27707
140.0,2.2630e-05,0.00013530,0.00066332,0.0025973,0.0085637,0.023956,0.057049,0.11642,0.16798,0.21026,0.26231
150.0,2.1181e-05,0.00012681,0.00062263,0.0024386,0.0080503,0.022542,0.053755,0.10979,0.15868,0.19887,0.24839
175.0,1.8110e-05,0.00010876,0.00053573,0.0021005,0.0069525,0.019516,0.046689,0.095541,0.13864,0.17423,0.21820
200.0,1.5662e-05,9.4311e-05,0.00046590,0.0018290,0.0060664,0.017067,0.040948,0.083960,0.12224,0.15398,0.19334
250.0,1.1721e-05,7.1036e-05,0.00035300,0.0013910,0.0046534,0.013154,0.031702,0.065694,0.095982,0.12120,0.15258
300.0,9.0448e-06,5.5059e-05,0.00027479,0.0010848,0.0036724,0.010469,0.025411,0.053214,0.078017,0.098714,0.12305
350.0,7.1381e-06,4.3598e-05,0.00021806,0.00086370,0.0029476,0.0084747,0.020707,0.043731,0.064288,0.080705,0.10078
400.0,5.7282e-06,3.5077e-05,0.00017563,0.00069811,0.0023981,0.0069530,0.017090,0.036339,0.053208,0.066750,0.083526
450.0,4.5380e-06,2.7971e-05,0.00014100,0.00056964,0.0019683,0.0057474,0.014197,0.030392,0.044285,0.055659,0.069767
500.0,3.6598e-06,2.2673e-05,0.00011491,0.00047072,0.0016337,0.0047994,0.011916,0.025596,0.037239,0.046865,0.058833
600.0,2.5054e-06,1.5617e-05,7.9976e-05,0.00033294,0.0011644,0.0034608,0.0086751,0.018509,0.027023,0.034085,0.042882
700.0,1.7600e-06,1.1035e-05,5.6924e-05,0.00023951,0.00084315,0.0025303,0.0063907,0.013568,0.019881,0.025137,0.031728
800.0,1.2775e-06,8.0049e-06,4.1511e-05,0.00017605,0.00062216,0.0018828,0.0047689,0.010109,0.014858,0.018824,0.023827
1000.0,7.1198e-07,4.4606e-06,2.3187e-05,9.9573e-05,0.00035629,0.0010808,0.0027317,0.0058059,0.0085641,0.010885,0.013796
1200.0,4.1875e-07,2.6122e-06,1.3568e-05,5.8700e-05,0.00021157,0.00064229,0.0016200,0.0034542,0.0051153,0.0065124,0.0082725
1500.0,1.9683e-07,1.2097e-06,6.2233e-06,2.6836e-05,9.6226e-05,0.00029318,0.00074432,0.0015914,0.0023651,0.0030198,0.0038304
SA1P5
r\m,4.0,4.5,5.0,5.5,6.0,6.5,7.0,7.5,7.8,8.0,8.2
0.0,0.0074091,0.022097,0.061979,0.13438,0.25919,0.44564,0.67766,0.85080,0.95643,1.0172,1.0788
1.0,0.0059888,0.019584,0.057942,0.13026,0.25552,0.44495,0.67889,0.87208,0.97969,1.0338,1.0818
5.0,0.0012575,0.0060024,0.024807,0.078005,0.19144,0.37887,0.61531,0.83379,0.94717,1.0018,1.0484
10.0,0.00041343,0.0021506,0.0099815,0.037645,0.11275,0.26500,0.49898,0.76208,0.86908,0.93316,0.97095
15.0,0.00020621,0.0011019,0.0053149,0.021399,0.069992,0.18303,0.38270,0.64058,0.79066,0.85449,0.92298
20.0,0.00012428,0.00067366,0.0033167,0.013774,0.047077,0.13133,0.29327,0.52356,0.68012,0.77077,0.84407
25.0,8.1190e-05,0.00044531,0.0022468,0.0095351,0.033626,0.097291,0.22803,0.42642,0.56964,0.66980,0.75770
30.0,5.7732e-05,0.00031852,0.0016284,0.0069856,0.025106,0.074437,0.18049,0.34955,0.47823,0.57139,0.67853
40.0,3.3978e-05,0.00018953,0.00098030,0.0042754,0.015699,0.047954,0.12063,0.24447,0.34519,0.42512,0.52018
50.0,2.2519e-05,0.00012620,0.00065483,0.0028849,0.010745,0.033561,0.087305,0.18738,0.27679,0.34628,0.43086
60.0,1.8661e-05,0.00010501,0.00054623,0.0024145,0.0090564,0.028505,0.074762,0.16366,0.23984,0.30169,0.37743
70.0,1.5992e-05,9.0467e-05,0.00047219,0.0020936,0.0078850,0.024934,0.066491,0.14454,0.21317,0.26939,0.33856
80.0,1.4086e-05,8.0062e-05,0.00041915,0.0018634,0.0070464,0.022383,0.060058,0.13097,0.19431,0.24667,0.31138
90.0,1.2917e-05,7.3664e-05,0.00038669,0.0017230,0.0065366,0.020932,0.055776,0.12218,0.18169,0.23103,0.29210
100.0,1.1920e-05,6.8193e-05,0.00035885,0.0016022,0.0060959,0.019595,0.052071,0.11454,0.17064,0.21729,0.27508
110.0,1.1058e-05,6.3442e-05,0.00033460,0.0014965,0.0057088,0.018357,0.048805,0.10772,0.16076,0.20494,0.25974
120.0,1.0303e-05,5.9269e-05,0.00031323,0.0014032,0.0053770,0.017259,0.045904,0.10164,0.15191,0.19387,0.24599
130.0,9.6553e-06,5.5629e-05,0.00029435,0.0013193,0.0050619,0.016250,0.043234,0.095843,0.14344,0.18320,0.23266
140.0,9.0449e-06,5.2213e-05,0.00027671,0.0012407,0.0047644,0.015308,0.040765,0.090415,0.13552,0.17332,0.22038
150.0,8.4760e-06,4.9015e-05,0.00026019,0.0011669,0.0044853,0.014421,0.038444,0.085313,0.12809,0.16400,0.20878
175.0,7.2693e-06,4.2210e-05,0.00022487,0.0010093,0.0038881,0.012524,0.033472,0.074381,0.11210,0.14391,0.18369
200.0,6.3044e-06,3.6740e-05,0.00019637,0.00088244,0.0034047,0.010985,0.029429,0.065493,0.099022,0.12741,0.16305
250.0,4.7396e-06,2.7856e-05,0.00014988,0.00067592,0.0026290,0.0085150,0.022891,0.051455,0.078048,0.10066,0.12916
300.0,3.6730e-06,2.1722e-05,0.00011748,0.00053073,0.0020882,0.0068163,0.018440,0.041874,0.063727,0.082360,0.10464
350.0,2.9106e-06,1.7301e-05,9.3838e-05,0.00042542,0.0016870,0.0055510,0.015111,0.034596,0.052790,0.067690,0.086177
400.0,2.3453e-06,1.4000e-05,7.6068e-05,0.00034620,0.0013817,0.0045840,0.012549,0.028926,0.043962,0.056341,0.071895
450.0,1.8665e-06,1.1233e-05,6.1483e-05,0.00028448,0.0011421,0.0038164,0.010498,0.024365,0.036856,0.047329,0.060522
500.0,1.5128e-06,9.1642e-06,5.0469e-05,0.00023685,0.00095539,0.0032123,0.0088832,0.020692,0.031260,0.040205,0.051511
600.0,1.0544e-06,6.4447e-06,3.5890e-05,0.00017133,0.00069661,0.0023711,0.0066215,0.015307,0.023194,0.029883,0.038322
700.0,7.5211e-07,4.6335e-06,2.6029e-05,0.00012560,0.00051474,0.0017695,0.0049799,0.011452,0.017405,0.022477,0.028912
800.0,5.5500e-07,3.4269e-06,1.9380e-05,9.4406e-05,0.00038815,0.0013478,0.0038037,0.0087208,0.013303,0.017184,0.022154
1000.0,3.2160e-07,1.9964e-06,1.1337e-05,5.6017e-05,0.00023331,0.00081195,0.0022838,0.0052484,0.0080222,0.010383,0.013400
1200.0,1.9793e-07,1.2288e-06,6.9746e-06,3.4790e-05,0.00014594,0.00050785,0.0014253,0.0032771,0.0050133,0.0065026,0.0084109
1500.0,9.9771e-08,6.1399e-07,3.4624e-06,1.7221e-05,7.1798e-05,0.00025112,0.00070752,0.0016238,0.0024914,0.0032333,0.0041911
SA2P0
r\m,4.0,4.5,5.0,5.5,6.0,6.5,7.0,7.5,7.8,8.0,8.2
0.0,0.0039665,0.011086,0.031332,0.072040,0.15201,0.28906,0.48392,0.65921,0.77160,0.83998,0.90936
1.0,0.0031993,0.0098174,0.029291,0.069859,0.14992,0.28876,0.48502,0.67597,0.79065,0.85391,0.91196
5.0,0.00066277,0.0029881,0.012500,0.041818,0.11252,0.24650,0.44077,0.64796,0.76633,0.82945,0.88582
10.0,0.00021733,0.0010685,0.0050239,0.020182,0.066369,0.17288,0.35860,0.59422,0.70555,0.77529,0.82326
15.0,0.00010841,0.00054756,0.0026760,0.011479,0.041242,0.11959,0.27556,0.50057,0.64332,0.71161,0.78464
20.0,6.5367e-05,0.00033496,0.0016710,0.0073943,0.027761,0.085888,0.21139,0.40963,0.55410,0.64277,0.71865
25.0,4.2718e-05,0.00022153,0.0011328,0.0051223,0.019843,0.063661,0.16447,0.33385,0.46442,0.55899,0.64564
30.0,3.0391e-05,0.00015856,0.00082158,0.0037554,0.014824,0.048728,0.13023,0.27376,0.39004,0.47705,0.57845
40.0,1.7906e-05,9.4486e-05,0.00049541,0.0023020,0.0092820,0.031423,0.087087,0.19153,0.28159,0.35498,0.44352
50.0,1.1880e-05,6.3001e-05,0.00033145,0.0015557,0.0063615,0.022014,0.063078,0.14690,0.22596,0.28940,0.36773
60.0,9.8680e-06,5.2563e-05,0.00027725,0.0013057,0.0053761,0.018742,0.054123,0.12851,0.19606,0.25244,0.32249
70.0,8.4502e-06,4.5278e-05,0.00023975,0.0011327,0.0046824,0.016395,0.048123,0.11343,0.17414,0.22525,0.28903
80.0,7.4405e-06,4.0079e-05,0.00021294,0.0010089,0.0041872,0.014724,0.043474,0.10277,0.15870,0.20620,0.26575
90.0,6.8227e-06,3.6897e-05,0.00019663,0.00093395,0.0038884,0.013782,0.040397,0.095909,0.14842,0.19314,0.24929
100.0,6.2966e-06,3.4177e-05,0.00018265,0.00086946,0.0036302,0.012913,0.037738,0.089943,0.13943,0.18168,0.23479
110.0,5.8416e-06,3.1815e-05,0.00017047,0.00081304,0.0034034,0.012109,0.035395,0.084629,0.13140,0.17140,0.22173
120.0,5.4434e-06,2.9741e-05,0.00015974,0.00076318,0.0032092,0.011395,0.033315,0.079895,0.12422,0.16220,0.21005
130.0,5.1049e-06,2.7947e-05,0.00015034,0.00071871,0.0030258,0.010744,0.031413,0.075401,0.11737,0.15337,0.19878
140.0,4.7853e-06,2.6260e-05,0.00014152,0.00067693,0.0028523,0.010135,0.029651,0.071190,0.11097,0.14518,0.18840
150.0,4.4871e-06,2.4677e-05,0.00013325,0.00063757,0.0026890,0.0095595,0.027993,0.067227,0.10496,0.13747,0.17858
175.0,3.8541e-06,2.1306e-05,0.00011554,0.00055348,0.0023392,0.0083286,0.024438,0.058737,0.092031,0.12083,0.15737
200.0,3.3469e-06,1.8589e-05,0.00010121,0.00048553,0.0020553,0.0073278,0.021542,0.051827,0.081441,0.10716,0.13990
250.0,2.5214e-06,1.4151e-05,7.7669e-05,0.00037417,0.0015968,0.0057123,0.016838,0.040884,0.064424,0.084949,0.11118
300.0,1.9574e-06,1.1075e-05,6.1177e-05,0.00029545,0.0012757,0.0045975,0.013629,0.033410,0.052802,0.069754,0.090386
350.0,1.5534e-06,8.8504e-06,4.9088e-05,0.00023807,0.0010362,0.0037638,0.011221,0.027720,0.043914,0.057548,0.074719
400.0,1.2535e-06,7.1840e-06,3.9962e-05,0.00019471,0.00085319,0.0031244,0.0093639,0.023281,0.036726,0.048101,0.062598
450.0,9.9902e-07,5.7816e-06,3.2436e-05,0.00016079,0.00070902,0.0026150,0.0078736,0.019704,0.030933,0.040593,0.052943
500.0,8.1093e-07,4.7316e-06,2.6738e-05,0.00013453,0.00059628,0.0022132,0.0066981,0.016822,0.026373,0.034664,0.045301
600.0,5.6892e-07,3.3589e-06,1.9229e-05,9.8572e-05,0.00044070,0.0016566,0.0050622,0.012607,0.019814,0.026078,0.034090
700.0,4.0780e-07,2.4330e-06,1.4079e-05,7.3034e-05,0.00032953,0.0012514,0.0038536,0.0095426,0.015037,0.019834,0.026001
800.0,3.0249e-07,1.8139e-06,1.0588e-05,5.5545e-05,0.00025151,0.00096579,0.0029821,0.0073557,0.011636,0.015339,0.020147
1000.0,1.7750e-07,1.0759e-06,6.3276e-06,3.3761e-05,0.00015510,0.00059719,0.0018371,0.0045408,0.0071916,0.0094929,0.012481
1200.0,1.1088e-07,6.7534e-07,3.9795e-06,2.1500e-05,9.9608e-05,0.00038361,0.0011778,0.0029095,0.0046055,0.0060944,0.0080319
1500.0,5.7139e-08,3.4731e-07,2.0435e-06,1.1041e-05,5.0919e-05,0.00019753,0.00060854,0.0014982,0.0023788,0.0031471,0.0041653
SA3P0
r\m,4.0,4.5,5.0,5.5,6.0,6.5,7.0,7.5,7.8,8.0,8.2
0.0,0.0016590,0.0042000,0.011626,0.027950,0.064828,0.13966,0.26770,0.41497,0.52082,0.59150,0.66567
1.0,0.0013356,0.0037168,0.010869,0.027117,0.063976,0.13960,0.26847,0.42575,0.53394,0.60154,0.66775
5.0,0.00027341,0.0011247,0.0046274,0.016237,0.048119,0.11953,0.24474,0.40932,0.51898,0.58587,0.65022
10.0,8.9462e-05,0.00040161,0.0018591,0.0078422,0.028448,0.084115,0.19987,0.37680,0.47963,0.54967,0.60656
15.0,4.4635e-05,0.00020592,0.00099115,0.0044664,0.017709,0.058319,0.15399,0.31828,0.43851,0.50593,0.57982
20.0,2.6931e-05,0.00012608,0.00061964,0.0028810,0.011939,0.041956,0.11834,0.26095,0.37841,0.45786,0.53209
25.0,1.7608e-05,8.3455e-05,0.00042054,0.0019985,0.0085461,0.031142,0.092207,0.21297,0.31759,0.39870,0.47867
30.0,1.2535e-05,5.9787e-05,0.00030538,0.0014672,0.0063935,0.023868,0.073099,0.17482,0.26699,0.34060,0.42928
40.0,7.3950e-06,3.5698e-05,0.00018460,0.00090191,0.0040146,0.015431,0.048993,0.12254,0.19306,0.25381,0.32957
50.0,4.9126e-06,2.3849e-05,0.00012381,0.00061120,0.0027591,0.010839,0.035567,0.094180,0.15523,0.20732,0.27380
60.0,4.0900e-06,1.9957e-05,0.00010393,0.00051493,0.0023409,0.0092627,0.030621,0.082623,0.13503,0.18126,0.24062
70.0,3.5010e-06,1.7200e-05,8.9980e-05,0.00044745,0.0020425,0.0081164,0.027263,0.072994,0.12001,0.16182,0.21573
80.0,3.0824e-06,1.5237e-05,8.0037e-05,0.00039934,0.0018303,0.0073034,0.024670,0.066220,0.10948,0.14827,0.19850
90.0,2.8270e-06,1.4042e-05,7.4037e-05,0.00037047,0.0017037,0.0068514,0.022969,0.061898,0.10253,0.13904,0.18639
100.0,2.6096e-06,1.3021e-05,6.8893e-05,0.00034564,0.0015943,0.0064345,0.021500,0.058143,0.096460,0.13096,0.17574
110.0,2.4216e-06,1.2134e-05,6.4409e-05,0.00032391,0.0014982,0.0060471,0.020206,0.054800,0.091033,0.12371,0.16616
120.0,2.2572e-06,1.1355e-05,6.0456e-05,0.00030470,0.0014160,0.0057038,0.019057,0.051822,0.086186,0.11722,0.15759
130.0,2.1185e-06,1.0686e-05,5.7017e-05,0.00028766,0.0013387,0.0053919,0.018011,0.049003,0.081576,0.11101,0.14935
140.0,1.9873e-06,1.0056e-05,5.3782e-05,0.00027159,0.0012651,0.0050987,0.017040,0.046356,0.077262,0.10525,0.14175
150.0,1.8647e-06,9.4625e-06,5.0738e-05,0.00025640,0.0011957,0.0048212,0.016122,0.043857,0.073195,0.099813,0.13455
175.0,1.6041e-06,8.1966e-06,4.4200e-05,0.00022384,0.0010465,0.0042255,0.014152,0.038498,0.064447,0.088070,0.11899
200.0,1.3949e-06,7.1729e-06,3.8887e-05,0.00019740,0.00092475,0.0037389,0.012540,0.034121,0.057262,0.078399,0.10615
250.0,1.0528e-06,5.4886e-06,3.0076e-05,0.00015359,0.00072606,0.0029454,0.0098972,0.027147,0.045646,0.062594,0.084920
300.0,8.1840e-07,4.3145e-06,2.3853e-05,0.00012233,0.00058565,0.0023937,0.0080840,0.022364,0.037690,0.051757,0.069492
350.0,6.5009e-07,3.4609e-06,1.9258e-05,9.9354e-05,0.00047996,0.0019775,0.0067135,0.018701,0.031573,0.042996,0.057827
400.0,5.2486e-07,2.8187e-06,1.5766e-05,8.1858e-05,0.00039850,0.0016559,0.0056493,0.015828,0.026597,0.036189,0.048775
450.0,4.1850e-07,2.2755e-06,1.2865e-05,6.8067e-05,0.00033381,0.0013976,0.0047894,0.013499,0.022567,0.030759,0.041543
500.0,3.3982e-07,1.8677e-06,1.0658e-05,5.7329e-05,0.00028292,0.0011927,0.0041079,0.011616,0.019388,0.026463,0.035812
600.0,2.3919e-07,1.3367e-06,7.7565e-06,4.2648e-05,0.00021274,0.00090925,0.0031625,0.0088584,0.014811,0.020232,0.027362
700.0,1.7168e-07,9.7371e-07,5.7338e-06,3.1992e-05,0.00016145,0.00069790,0.0024466,0.0068110,0.011410,0.015615,0.021172
800.0,1.2749e-07,7.3011e-07,4.3532e-06,2.4642e-05,0.00012500,0.00054734,0.0019245,0.0053321,0.0089674,0.012255,0.016640
1000.0,7.5023e-08,4.3813e-07,2.6497e-06,1.5344e-05,7.9278e-05,0.00034885,0.0012226,0.0033947,0.0057118,0.0078111,0.010616
1200.0,4.7029e-08,2.7821e-07,1.6956e-06,1.0000e-05,5.2303e-05,0.00023069,0.00080808,0.0022415,0.0037657,0.0051650,0.0070388
1500.0,2.4296e-08,1.4513e-07,8.9177e-07,5.2991e-06,2.7735e-05,0.00012383,0.00043602,0.0012055,0.0020332,0.0027874,0.0038248
SA4P0
r\m,4.0,4.5,5.0,5.5,6.0,6.5,7.0,7.5,7.8,8.0,8.2
0.0,0.00089978,0.0021345,0.0057710,0.014086,0.034296,0.079491,0.16629,0.28233,0.37347,0.43846,0.50915
1.0,0.00072382,0.0018885,0.0053963,0.013671,0.033858,0.079491,0.16683,0.28977,0.38301,0.44604,0.51085
5.0,0.00014742,0.00057010,0.0022957,0.0081903,0.025504,0.068191,0.15238,0.27910,0.37293,0.43514,0.49822
10.0,4.8198e-05,0.00020351,0.00092256,0.0039593,0.015102,0.048090,0.12474,0.25753,0.34544,0.40917,0.46578
15.0,2.4053e-05,0.00010440,0.00049223,0.0022574,0.0094147,0.033399,0.096283,0.21794,0.31640,0.37730,0.44607
20.0,1.4519e-05,6.3968e-05,0.00030801,0.0014578,0.0063551,0.024062,0.074105,0.17895,0.27343,0.34193,0.40993
25.0,9.4961e-06,4.2368e-05,0.00020923,0.0010123,0.0045549,0.017883,0.057814,0.14623,0.22976,0.29810,0.36920
30.0,6.7627e-06,3.0372e-05,0.00015207,0.00074400,0.0034117,0.013723,0.045888,0.12017,0.19336,0.25491,0.33143
40.0,3.9930e-06,1.8160e-05,9.2101e-05,0.00045838,0.0021475,0.0088936,0.030826,0.084403,0.14008,0.19029,0.25485
50.0,2.6547e-06,1.2148e-05,6.1880e-05,0.00031130,0.0014794,0.0062618,0.022430,0.065010,0.11285,0.15574,0.21213
60.0,2.2129e-06,1.0184e-05,5.2059e-05,0.00026295,0.0012587,0.0053665,0.019363,0.057171,0.098386,0.13645,0.18679
70.0,1.8943e-06,8.7829e-06,4.5129e-05,0.00022887,0.0011003,0.0047114,0.017270,0.050587,0.087566,0.12196,0.16765
80.0,1.6680e-06,7.7862e-06,4.0194e-05,0.00020461,0.00098789,0.0042479,0.015658,0.045970,0.080008,0.11191,0.15445
90.0,1.5303e-06,7.1820e-06,3.7233e-05,0.00019016,0.00092144,0.0039935,0.014608,0.043047,0.075049,0.10510,0.14523
100.0,1.4130e-06,6.6653e-06,3.4694e-05,0.00017773,0.00086402,0.0037583,0.013701,0.040509,0.070721,0.099143,0.13712
110.0,1.3115e-06,6.2165e-06,3.2479e-05,0.00016685,0.00081356,0.0035394,0.012902,0.038248,0.066850,0.093796,0.12983
120.0,1.2227e-06,5.8221e-06,3.0526e-05,0.00015722,0.00077043,0.0033452,0.012192,0.036233,0.063392,0.089006,0.12330
130.0,1.1482e-06,5.4848e-06,2.8832e-05,0.00014870,0.00072985,0.0031691,0.011546,0.034326,0.060104,0.084430,0.11703
140.0,1.0776e-06,5.1661e-06,2.7235e-05,0.00014065,0.00069114,0.0030030,0.010946,0.032531,0.057020,0.080174,0.11123
150.0,1.0115e-06,4.8658e-06,2.5729e-05,0.00013301,0.00065448,0.0028453,0.010377,0.030832,0.054108,0.076145,0.10573
175.0,8.7089e-07,4.2240e-06,2.2487e-05,0.00011660,0.00057554,0.0025061,0.0091523,0.027182,0.047832,0.067439,0.093829
200.0,7.5784e-07,3.7037e-06,1.9845e-05,0.00010323,0.00051086,0.0022279,0.0081469,0.024192,0.042662,0.060251,0.083990
250.0,5.7255e-07,2.8434e-06,1.5431e-05,8.0890e-05,0.00040439,0.0017703,0.0064843,0.019398,0.034254,0.048432,0.067622
300.0,4.4527e-07,2.2413e-06,1.2297e-05,6.4833e-05,0.00032861,0.0014500,0.0053376,0.016096,0.028475,0.040305,0.055673
350.0,3.5373e-07,1.8019e-06,9.9691e-06,5.2958e-05,0.00027113,0.0012067,0.0044649,0.013551,0.024007,0.033687,0.046598
400.0,2.8553e-07,1.4702e-06,8.1913e-06,4.3858e-05,0.00022651,0.0010173,0.0037828,0.011544,0.020347,0.028522,0.039528
450.0,2.2757e-07,1.1888e-06,6.7058e-06,3.6642e-05,0.00019085,0.00086407,0.0032278,0.0099070,0.017368,0.024383,0.033857
500.0,1.8468e-07,9.7698e-07,5.5721e-06,3.0998e-05,0.00016263,0.00074188,0.0027859,0.0085771,0.015009,0.021099,0.029352
600.0,1.2993e-07,7.0144e-07,4.0810e-06,2.3270e-05,0.00012366,0.00057262,0.0021724,0.0066225,0.011605,0.016319,0.022676
700.0,9.3097e-08,5.1180e-07,3.0310e-06,1.7582e-05,9.4725e-05,0.00044420,0.0016995,0.0051484,0.0090356,0.012728,0.017727
800.0,6.8970e-08,3.8419e-07,2.3107e-06,1.3635e-05,7.3969e-05,0.00035191,0.0013512,0.0040732,0.0071769,0.010091,0.014072
1000.0,4.0367e-08,2.3082e-07,1.4160e-06,8.5899e-06,4.7643e-05,0.00022837,0.00087510,0.0026452,0.0046624,0.0065585,0.0091549
1200.0,2.5138e-08,1.4652e-07,9.1049e-07,5.6533e-06,3.1856e-05,0.00015345,0.00058878,0.0017792,0.0031308,0.0044190,0.0061869
1500.0,1.2812e-08,7.6108e-08,4.8072e-07,3.0278e-06,1.7168e-05,8.4114e-05,0.00032536,0.00098158,0.0017364,0.0024507,0.0034606
SA5P0
r\m,4.0,4.5,5.0,5.5,6.0,6.5,7.0,7.5,7.8,8.0,8.2
0.0,0.00055806,0.0012656,0.0033593,0.0082623,0.020755,0.050576,0.11263,0.20467,0.28197,0.33983,0.40468
1.0,0.00044875,0.0011196,0.0031415,0.0080204,0.020496,0.050591,0.11303,0.21013,0.28925,0.34579,0.40611
5.0,9.1147e-05,0.00033760,0.0013362,0.0048079,0.015456,0.043459,0.10338,0.20267,0.28200,0.33775,0.39653
10.0,2.9790e-05,0.00012052,0.00053719,0.0023260,0.0091639,0.030698,0.084778,0.18732,0.26165,0.31811,0.37130
15.0,1.4870e-05,6.1853e-05,0.00028681,0.0013274,0.0057193,0.021348,0.065532,0.15875,0.23999,0.29374,0.35608
20.0,8.9788e-06,3.7918e-05,0.00017960,0.00085800,0.0038647,0.015398,0.050499,0.13051,0.20764,0.26651,0.32760
25.0,5.8743e-06,2.5127e-05,0.00012209,0.00059637,0.0027729,0.011457,0.039442,0.10676,0.17466,0.23258,0.29533
30.0,4.1847e-06,1.8022e-05,8.8805e-05,0.00043869,0.0020790,0.0088004,0.031339,0.087828,0.14713,0.19907,0.26535
40.0,2.4724e-06,1.0787e-05,5.3862e-05,0.00027076,0.0013112,0.0057155,0.021096,0.061804,0.10678,0.14885,0.20437
50.0,1.6447e-06,7.2234e-06,3.6239e-05,0.00018420,0.00090507,0.0040324,0.015381,0.047695,0.086184,0.12204,0.17040
60.0,1.3721e-06,6.0629e-06,3.0538e-05,0.00015590,0.00077173,0.0034637,0.013308,0.042031,0.075280,0.10712,0.15030
70.0,1.1748e-06,5.2324e-06,2.6501e-05,0.00013588,0.00067574,0.0030462,0.011890,0.037249,0.067098,0.095880,0.13507
80.0,1.0347e-06,4.6417e-06,2.3630e-05,0.00012166,0.00060772,0.0027514,0.010798,0.033905,0.061399,0.088098,0.12460
90.0,9.4947e-07,4.2846e-06,2.1914e-05,0.00011323,0.00056781,0.0025913,0.010092,0.031802,0.057683,0.082863,0.11732
100.0,8.7693e-07,3.9792e-06,2.0442e-05,0.00010599,0.00053333,0.0024431,0.0094827,0.029976,0.054440,0.078278,0.11092
110.0,8.1417e-07,3.7138e-06,1.9158e-05,9.9638e-05,0.00050301,0.0023048,0.0089451,0.028349,0.051539,0.074162,0.10516
120.0,7.5924e-07,3.4805e-06,1.8025e-05,9.4019e-05,0.00047711,0.0021821,0.0084675,0.026899,0.048946,0.070475,0.10001
130.0,7.1318e-07,3.2814e-06,1.7044e-05,8.9054e-05,0.00045274,0.0020709,0.0080332,0.025525,0.046479,0.066948,0.095047
140.0,6.6953e-07,3.0930e-06,1.6118e-05,8.4348e-05,0.00042942,0.0019658,0.0076285,0.024229,0.044160,0.063664,0.090460
150.0,6.2864e-07,2.9152e-06,1.5242e-05,7.9876e-05,0.00040728,0.0018657,0.0072440,0.023000,0.041966,0.060549,0.086099
175.0,5.4163e-07,2.5348e-06,1.3356e-05,7.0253e-05,0.00035952,0.0016500,0.0064152,0.020354,0.037231,0.053808,0.076652
200.0,4.7156e-07,2.2259e-06,1.1814e-05,6.2388e-05,0.00032026,0.0014725,0.0057325,0.018181,0.033321,0.048229,0.068825
250.0,3.5649e-07,1.7131e-06,9.2248e-06,4.9157e-05,0.00025518,0.0011783,0.0045953,0.014677,0.026925,0.039005,0.055733
300.0,2.7731e-07,1.3530e-06,7.3772e-06,3.9593e-05,0.00020858,0.00097138,0.0038074,0.012255,0.022515,0.032644,0.046133
350.0,2.2029e-07,1.0895e-06,5.9994e-06,3.2482e-05,0.00017301,0.00081310,0.0032041,0.010377,0.019087,0.027429,0.038810
400.0,1.7775e-07,8.9005e-07,4.9427e-06,2.7007e-05,0.00014525,0.00068921,0.0027298,0.0088882,0.016263,0.023341,0.033083
450.0,1.4159e-07,7.2035e-07,4.0559e-06,2.2644e-05,0.00012293,0.00058838,0.0023416,0.0076676,0.013951,0.020051,0.028471
500.0,1.1481e-07,5.9243e-07,3.3772e-06,1.9218e-05,0.00010519,0.00050758,0.0020311,0.0066714,0.012115,0.017433,0.024797
600.0,8.0659e-08,4.2597e-07,2.4833e-06,1.4518e-05,8.0624e-05,0.00039541,0.0015995,0.0052013,0.0094557,0.013609,0.019328
700.0,5.7651e-08,3.1087e-07,1.8495e-06,1.1022e-05,6.2174e-05,0.00030915,0.0012619,0.0040783,0.0074247,0.010702,0.015234
800.0,4.2580e-08,2.3328e-07,1.4129e-06,8.5845e-06,4.8835e-05,0.00024669,0.0010112,0.0032525,0.0059451,0.0085518,0.012186
1000.0,2.4738e-08,1.3986e-07,8.6798e-07,5.4438e-06,3.1767e-05,0.00016207,0.00066400,0.0021433,0.0039195,0.0056408,0.0080467
1200.0,1.5267e-08,8.8430e-08,5.5832e-07,3.5989e-06,2.1406e-05,0.00011002,0.00045218,0.0014606,0.0026673,0.0038534,0.0055154
1500.0,7.6469e-09,4.5486e-08,2.9392e-07,1.9333e-06,1.1628e-05,6.1055e-05,0.00025375,0.00082008,0.0015076,0.0021793,0.0031503
SA7P5
r\m,4.0,4.5,5.0,5.5,6.0,6.5,7.0,7.5,7.8,8.0,8.2
0.0,0.00023033,0.00048831,0.0012610,0.0031412,0.0082985,0.021946,0.054254,0.11081,0.16398,0.20714,0.25821
1.0,0.00018513,0.00043198,0.0011796,0.0030505,0.0081991,0.021965,0.054478,0.11382,0.16829,0.21086,0.25923
5.0,3.7488e-05,0.00013012,0.00050181,0.0018308,0.0061950,0.018912,0.049950,0.11003,0.16444,0.20640,0.25362
10.0,1.2251e-05,4.6467e-05,0.00020194,0.00088719,0.0036813,0.013395,0.041081,0.10200,0.15301,0.19494,0.23813
15.0,6.1183e-06,2.3871e-05,0.00010796,0.00050718,0.0023024,0.0093383,0.031837,0.086668,0.14070,0.18045,0.22892
20.0,3.6965e-06,1.4648e-05,6.7700e-05,0.00032839,0.0015590,0.0067505,0.024591,0.071416,0.12201,0.16408,0.21106
25.0,2.4198e-06,9.7163e-06,4.6086e-05,0.00022865,0.0011208,0.0050332,0.019249,0.058545,0.10284,0.14348,0.19064
30.0,1.7248e-06,6.9759e-06,3.3567e-05,0.00016848,0.00084192,0.0038742,0.015327,0.048260,0.086799,0.12304,0.17160
40.0,1.0203e-06,4.1836e-06,2.0414e-05,0.00010433,0.00053302,0.0025263,0.010359,0.034093,0.063226,0.092324,0.13261
50.0,6.7946e-07,2.8068e-06,1.3771e-05,7.1210e-05,0.00036928,0.0017894,0.0075831,0.026412,0.051223,0.075972,0.11095
60.0,5.6763e-07,2.3609e-06,1.1638e-05,6.0478e-05,0.00031612,0.0015435,0.0065888,0.023369,0.044913,0.066924,0.098201
70.0,4.8627e-07,2.0403e-06,1.0121e-05,5.2861e-05,0.00027770,0.0013622,0.0059075,0.020781,0.040160,0.060084,0.088502
80.0,4.2851e-07,1.8126e-06,9.0438e-06,4.7458e-05,0.00025056,0.0012348,0.0053844,0.018979,0.036867,0.055378,0.081882
90.0,3.9347e-07,1.6755e-06,8.4053e-06,4.4297e-05,0.00023487,0.0011670,0.0050503,0.017863,0.034749,0.052249,0.077325
100.0,3.6363e-07,1.5582e-06,7.8574e-06,4.1576e-05,0.00022131,0.0011041,0.0047619,0.016894,0.032900,0.049508,0.073318
110.0,3.3780e-07,1.4563e-06,7.3791e-06,3.9189e-05,0.00020938,0.0010451,0.0045074,0.016030,0.031244,0.047045,0.069707
120.0,3.1518e-07,1.3666e-06,6.9566e-06,3.7075e-05,0.00019921,0.00099275,0.0042811,0.015260,0.029764,0.044838,0.066476
130.0,2.9626e-07,1.2902e-06,6.5917e-06,3.5211e-05,0.00018961,0.00094529,0.0040754,0.014527,0.028351,0.042721,0.063357
140.0,2.7829e-07,1.2177e-06,6.2458e-06,3.3436e-05,0.00018039,0.00090024,0.0038828,0.013834,0.027019,0.040743,0.060466
150.0,2.6144e-07,1.1492e-06,5.9180e-06,3.1742e-05,0.00017159,0.00085711,0.0036991,0.013173,0.025752,0.038860,0.057706
175.0,2.2552e-07,1.0022e-06,5.2093e-06,2.8085e-05,0.00015253,0.00076380,0.0033015,0.011745,0.023011,0.034772,0.051712
200.0,1.9654e-07,8.8236e-07,4.6274e-06,2.5080e-05,0.00013677,0.00068656,0.0029720,0.010567,0.020735,0.031371,0.046723
250.0,1.4875e-07,6.8211e-07,3.6403e-06,1.9960e-05,0.00011030,0.00055674,0.0024152,0.0086439,0.016970,0.025684,0.038281
300.0,1.1576e-07,5.4062e-07,2.9298e-06,1.6219e-05,9.1131e-05,0.00046449,0.0020261,0.0073056,0.014357,0.021739,0.032032
350.0,9.1929e-08,4.3651e-07,2.3956e-06,1.3411e-05,7.6326e-05,0.00039306,0.0017245,0.0062559,0.012304,0.018459,0.027222
400.0,7.4112e-08,3.5731e-07,1.9828e-06,1.1228e-05,6.4638e-05,0.00033650,0.0014847,0.0054143,0.010590,0.015864,0.023428
450.0,5.8952e-08,2.8958e-07,1.6334e-06,9.4719e-06,5.5140e-05,0.00028991,0.0012860,0.0047166,0.0091713,0.013756,0.020346
500.0,4.7713e-08,2.3836e-07,1.3646e-06,8.0830e-06,4.7528e-05,0.00025222,0.0011257,0.0041418,0.0080371,0.012067,0.017877
600.0,3.3382e-08,1.7156e-07,1.0092e-06,6.1674e-06,3.6919e-05,0.00019962,0.00090187,0.0032861,0.0063821,0.0095807,0.014166
700.0,2.3713e-08,1.2505e-07,7.5415e-07,4.7170e-06,2.8779e-05,0.00015815,0.00072208,0.0026163,0.0050883,0.0076496,0.011334
800.0,1.7381e-08,9.3590e-08,5.7720e-07,3.6955e-06,2.2810e-05,0.00012768,0.00058637,0.0021158,0.0041326,0.0061991,0.0091945
1000.0,9.9089e-09,5.5598e-08,3.5443e-07,2.3608e-06,1.5045e-05,8.5481e-05,0.00039372,0.0014290,0.0027945,0.0041952,0.0062315
1200.0,5.9735e-09,3.4670e-08,2.2674e-07,1.5645e-06,1.0229e-05,5.8862e-05,0.00027310,0.00099468,0.0019447,0.0029335,0.0043761
1500.0,2.8615e-09,1.7307e-08,1.1739e-07,8.3639e-07,5.5869e-06,3.3140e-05,0.00015659,0.00057382,0.0011331,0.0017136,0.0025888
SA10P0
r\m,4.0,4.5,5.0,5.5,6.0,6.5,7.0,7.5,7.8,8.0,8.2
0.0,0.00012218,0.00025000,0.00063787,0.0016079,0.0043966,0.012269,0.032476,0.071636,0.11120,0.14499,0.18646
1.0,9.8191e-05,0.00022118,0.00059680,0.0015619,0.0043454,0.012284,0.032623,0.073610,0.11416,0.14764,0.18725
5.0,1.9860e-05,6.6608e-05,0.00025400,0.00093830,0.0032876,0.010593,0.029958,0.071271,0.11172,0.14473,0.18345
10.0,6.4911e-06,2.3798e-05,0.00010230,0.00045523,0.0019567,0.0075169,0.024687,0.066194,0.10415,0.13694,0.17254
15.0,3.2433e-06,1.2234e-05,5.4746e-05,0.00026057,0.0012256,0.0052490,0.019166,0.056344,0.095930,0.12697,0.16615
20.0,1.9604e-06,7.5133e-06,3.4365e-05,0.00016892,0.00083104,0.0038004,0.014828,0.046505,0.083319,0.11563,0.15342
25.0,1.2839e-06,4.9871e-06,2.3417e-05,0.00011776,0.00059828,0.0028379,0.011625,0.038182,0.070334,0.10126,0.13877
30.0,9.1557e-07,3.5832e-06,1.7072e-05,8.6874e-05,0.00045005,0.0021876,0.0092704,0.031522,0.059450,0.086957,0.12508
40.0,5.4205e-07,2.1520e-06,1.0403e-05,5.3927e-05,0.00028570,0.0014307,0.0062843,0.022333,0.043425,0.065426,0.096902
50.0,3.6129e-07,1.4458e-06,7.0307e-06,3.6891e-05,0.00019846,0.0010163,0.0046137,0.017351,0.035279,0.053983,0.081291
60.0,3.0211e-07,1.2179e-06,5.9532e-06,3.1405e-05,0.00017035,0.00087918,0.0040207,0.015397,0.031018,0.047680,0.072130
70.0,2.5895e-07,1.0536e-06,5.1857e-06,2.7506e-05,0.00015000,0.00077792,0.0036145,0.013726,0.027804,0.042909,0.065153
80.0,2.2832e-07,9.3704e-07,4.6411e-06,2.4745e-05,0.00013566,0.00070692,0.0033031,0.012569,0.025588,0.039642,0.060416
90.0,2.0977e-07,8.6714e-07,4.3203e-06,2.3143e-05,0.00012746,0.00066984,0.0031063,0.011860,0.024176,0.037490,0.057183
100.0,1.9396e-07,8.0729e-07,4.0449e-06,2.1764e-05,0.00012038,0.00063529,0.0029363,0.011244,0.022945,0.035605,0.054339
110.0,1.8027e-07,7.5523e-07,3.8043e-06,2.0554e-05,0.00011414,0.00060281,0.0027863,0.010695,0.021841,0.033911,0.051774
120.0,1.6828e-07,7.0939e-07,3.5916e-06,1.9481e-05,0.00010883,0.00057396,0.0026529,0.010205,0.020854,0.032391,0.049479
130.0,1.5825e-07,6.7041e-07,3.4082e-06,1.8535e-05,0.00010381,0.00054781,0.0025315,0.0097386,0.019909,0.030930,0.047257
140.0,1.4873e-07,6.3334e-07,3.2339e-06,1.7633e-05,9.8970e-05,0.00052290,0.0024177,0.0092950,0.019016,0.029561,0.045193
150.0,1.3978e-07,5.9825e-07,3.0683e-06,1.6768e-05,9.4334e-05,0.00049896,0.0023086,0.0088709,0.018164,0.028254,0.043218
175.0,1.2069e-07,5.2282e-07,2.7095e-06,1.4898e-05,8.4266e-05,0.00044704,0.0020719,0.0079529,0.016316,0.025411,0.038918
200.0,1.0526e-07,4.6119e-07,2.4140e-06,1.3356e-05,7.5908e-05,0.00040387,0.0018750,0.0071918,0.014776,0.023037,0.035328
250.0,7.9748e-08,3.5766e-07,1.9089e-06,1.0704e-05,6.1729e-05,0.00033056,0.0015385,0.0059397,0.012205,0.019031,0.029196
300.0,6.2083e-08,2.8417e-07,1.5431e-06,8.7508e-06,5.1383e-05,0.00027810,0.0013020,0.0050640,0.010414,0.016242,0.024626
350.0,4.9295e-08,2.2987e-07,1.2664e-06,7.2741e-06,4.3321e-05,0.00023711,0.0011171,0.0043712,0.0089946,0.013896,0.021083
400.0,3.9715e-08,1.8841e-07,1.0515e-06,6.1185e-06,3.6906e-05,0.00020438,0.00096878,0.0038111,0.0077975,0.012027,0.018270
450.0,3.1558e-08,1.5282e-07,8.6842e-07,5.1828e-06,3.1651e-05,0.00017718,0.00084480,0.0033427,0.0067989,0.010498,0.015971
500.0,2.5504e-08,1.2584e-07,7.2700e-07,4.4386e-06,2.7412e-05,0.00015503,0.00074409,0.0029542,0.0059960,0.0092675,0.014119
600.0,1.7779e-08,9.0564e-08,5.3937e-07,3.4073e-06,2.1474e-05,0.00012396,0.00060294,0.0023716,0.0048175,0.0074442,0.011317
700.0,1.2563e-08,6.5894e-08,4.0362e-07,2.6170e-06,1.6850e-05,9.9034e-05,0.00048739,0.0019075,0.0038807,0.0060053,0.0091480
800.0,9.1487e-09,4.9167e-08,3.0894e-07,2.0562e-06,1.3425e-05,8.0523e-05,0.00039912,0.0015566,0.0031815,0.0049126,0.0074918
1000.0,5.1312e-09,2.8931e-08,1.8907e-07,1.3164e-06,8.9158e-06,5.4487e-05,0.00027162,0.0010678,0.0021867,0.0033808,0.0051657
1200.0,3.0299e-09,1.7793e-08,1.2003e-07,8.7064e-07,6.0793e-06,3.7778e-05,0.00019034,0.00075275,0.0015431,0.0023993,0.0036849
1500.0,1.3951e-09,8.6294e-09,6.0969e-08,4.6070e-07,3.3121e-06,2.1366e-05,0.00011027,0.00044096,0.00091563,0.0014299,0.0022287
