PGA
r\m,4.0,4.5,5.0,5.5,6.0,6.5,7.0,7.5,7.8,8.0,8.2
0.0,0.56198,0.70866,0.86051,0.96900,1.0837,1.2045,1.3160,1.4113,1.4447,1.4605,1.4746
1.0,0.51128,0.67163,0.82993,0.93989,1.0531,1.1743,1.2879,1.3802,1.4165,1.4327,1.4460
5.0,0.18910,0.32972,0.50617,0.66655,0.81841,0.96864,1.1011,1.1957,1.2343,1.2511,1.2642
10.0,0.070674,0.13793,0.24243,0.36954,0.51409,0.67604,0.81678,0.92640,0.98282,1.0051,1.0245
15.0,0.035089,0.071697,0.13404,0.22065,0.33173,0.46982,0.60653,0.72739,0.78462,0.81603,0.83844
20.0,0.019717,0.041391,0.079963,0.13704,0.21653,0.32207,0.44374,0.56673,0.63013,0.66630,0.69775
25.0,0.012399,0.026538,0.052477,0.092428,0.15100,0.23165,0.33478,0.44895,0.51381,0.55182,0.58741
30.0,0.0084484,0.018345,0.036882,0.066195,0.11068,0.17339,0.25965,0.36187,0.42417,0.46288,0.49843
40.0,0.0045627,0.010130,0.020865,0.038460,0.065639,0.10675,0.16750,0.24660,0.29901,0.33367,0.37479
50.0,0.0028029,0.0063296,0.013282,0.025003,0.043323,0.072830,0.11926,0.18523,0.23370,0.26983,0.30842
60.0,0.0020747,0.0047420,0.010076,0.019223,0.033522,0.057271,0.095459,0.15073,0.19351,0.22540,0.25997
70.0,0.0017522,0.0040341,0.0086257,0.016540,0.028801,0.049544,0.082778,0.13312,0.17211,0.20148,0.23361
80.0,0.0015080,0.0034931,0.0075074,0.014455,0.025143,0.043504,0.073147,0.11891,0.15462,0.18175,0.21165
90.0,0.0013221,0.0030777,0.0066427,0.012767,0.022314,0.038567,0.065698,0.10746,0.14029,0.16540,0.19319
100.0,0.0011711,0.0027378,0.0059310,0.011381,0.019975,0.034617,0.059423,0.097688,0.12797,0.15124,0.17710
110.0,0.0010459,0.0024545,0.0053347,0.010221,0.018007,0.031385,0.054060,0.089258,0.11726,0.13887,0.16297
120.0,0.00094007,0.0022139,0.0048262,0.0092347,0.016211,0.028599,0.049408,0.081891,0.10785,0.12795,0.15044
130.0,0.00082833,0.0019615,0.0042984,0.0082379,0.014568,0.025865,0.044939,0.074950,0.099111,0.11792,0.13905
140.0,0.00073404,0.0017473,0.0038485,0.0073866,0.013162,0.023489,0.041030,0.068815,0.091342,0.10896,0.12883
150.0,0.00065393,0.0015642,0.0034617,0.0066475,0.011940,0.021410,0.037581,0.063353,0.084376,0.10089,0.11957
175.0,0.00050061,0.0012105,0.0027067,0.0052147,0.0095081,0.017225,0.030560,0.052095,0.069896,0.084007,0.10008
200.0,0.00039303,0.00095934,0.0021642,0.0041982,0.0077189,0.014102,0.025244,0.043431,0.058626,0.070748,0.084640
250.0,0.00024230,0.00060241,0.0013844,0.0027375,0.0051331,0.0095544,0.017411,0.030517,0.041640,0.050622,0.061014
300.0,0.00015647,0.00039507,0.00092209,0.0018284,0.0034948,0.0066241,0.012278,0.021890,0.030153,0.036887,0.044820
350.0,0.00010438,0.00026708,0.00063176,0.0012575,0.0024427,0.0047017,0.0088393,0.015973,0.022172,0.027312,0.033339
400.0,7.1320e-05,0.00018466,0.00044193,0.00088348,0.0017402,0.0033943,0.0064583,0.011802,0.016511,0.020423,0.025020
450.0,4.8372e-05,0.00012646,0.00030565,0.00063307,0.0012571,0.0024804,0.0047688,0.0087973,0.012392,0.015376,0.018894
500.0,3.3490e-05,8.8330e-05,0.00021540,0.00046044,0.00091835,0.0018303,0.0035497,0.0066071,0.0093535,0.011635,0.014331
600.0,2.1876e-05,5.8053e-05,0.00013987,0.00029944,0.00060070,0.0011892,0.0022906,0.0042456,0.0059729,0.0074025,0.0090382
700.0,1.2254e-05,2.9702e-05,7.2320e-05,0.00015740,0.00031959,0.00064021,0.0012454,0.0023301,0.0032689,0.0040389,0.0049312
800.0,5.6871e-06,1.5331e-05,3.7748e-05,8.3100e-05,0.00017309,0.00034845,0.00068141,0.0012691,0.0017860,0.0019985,0.0024517
1000.0,1.5498e-06,4.2606e-06,1.0674e-05,2.1158e-05,4.4950e-05,9.2628e-05,0.00018466,0.00034969,0.00049519,0.00061476,0.00075488
1200.0,4.3118e-07,1.1992e-06,2.7101e-06,6.2066e-06,1.3370e-05,2.8136e-05,5.5819e-05,0.00011199,0.00015754,0.00019488,0.00022806
1500.0,6.6027e-08,1.6851e-07,4.3768e-07,1.0523e-06,2.2313e-06,4.6190e-06,9.2192e-06,1.7312e-05,2.4511e-05,3.0434e-05,3.7135e-05
PGV
r\m,4.0,4.5,5.0,5.5,6.0,6.5,7.0,7.5,7.8,8.0,8.2
0.0,12.031,17.211,23.498,27.844,33.591,42.961,60.356,86.691,109.03,128.12,150.35
1.0,8.9532,14.490,21.216,26.188,32.189,41.505,58.416,83.793,105.98,124.11,144.20
5.0,1.4058,3.3457,7.2631,13.529,22.223,33.878,51.615,76.760,99.098,117.05,136.90
10.0,0.43200,1.1041,2.6606,5.9231,12.157,22.767,38.574,62.553,86.313,105.17,127.84
15.0,0.21141,0.55386,1.3804,3.2582,7.3237,15.152,28.283,50.321,71.608,90.971,114.37
20.0,0.12642,0.33595,0.85260,2.0708,4.8713,10.502,21.137,40.623,59.742,77.050,99.499
25.0,0.080574,0.21595,0.55745,1.3849,3.3495,7.4532,16.081,32.915,50.078,65.519,86.199
30.0,0.056793,0.15310,0.39961,1.0054,2.4680,5.5718,12.587,26.995,42.383,56.589,75.288
40.0,0.033782,0.092243,0.24360,0.62302,1.5383,3.5808,8.4531,19.350,31.350,42.662,57.959
50.0,0.022929,0.063283,0.16837,0.43487,1.0722,2.5483,6.1875,14.781,24.637,34.516,48.164
60.0,0.018375,0.051078,0.13680,0.35577,0.86851,2.0876,5.1369,12.375,21.038,29.666,41.673
70.0,0.015151,0.042408,0.11424,0.29900,0.72411,1.7559,4.3063,10.673,18.268,25.886,36.537
80.0,0.012757,0.035934,0.097355,0.25618,0.61681,1.5094,3.7376,9.4369,16.285,23.211,32.966
90.0,0.011484,0.032523,0.088417,0.23103,0.55875,1.3572,3.4356,8.7517,15.110,21.553,30.634
100.0,0.010415,0.029639,0.080880,0.21002,0.51007,1.2413,3.1790,8.1545,14.095,20.113,28.590
110.0,0.0095008,0.027169,0.074421,0.19221,0.46864,1.1510,2.9567,7.6390,13.203,18.852,26.808
120.0,0.0087062,0.025023,0.068756,0.17686,0.42624,1.0724,2.7619,7.1815,12.421,17.735,25.232
130.0,0.0079896,0.023070,0.063610,0.16295,0.39526,0.99969,2.5823,6.7498,11.685,16.691,23.755
140.0,0.0073322,0.021283,0.058904,0.15036,0.36733,0.93255,2.4174,6.3521,11.009,15.742,22.433
150.0,0.0067536,0.019698,0.054705,0.13892,0.34242,0.87270,2.2696,5.9921,10.398,14.878,21.222
175.0,0.0055384,0.016339,0.045792,0.11564,0.28939,0.74367,1.9505,5.2075,9.0627,12.995,18.573
200.0,0.0046025,0.013731,0.038811,0.098533,0.24772,0.64208,1.6961,4.5742,7.9788,11.466,16.415
250.0,0.0031511,0.0095745,0.027629,0.070988,0.18274,0.48151,1.2920,3.5350,6.2691,9.1107,13.197
300.0,0.0022349,0.0069098,0.020328,0.051274,0.13550,0.36454,0.99795,2.7792,5.0097,7.3584,10.820
350.0,0.0016272,0.0051164,0.015339,0.038241,0.10318,0.28282,0.79020,2.2335,4.0789,6.0727,8.9991
400.0,0.0012065,0.0038573,0.011780,0.029142,0.080054,0.22330,0.63603,1.8222,3.3791,5.0698,7.5630
450.0,0.00084977,0.0027543,0.0085464,0.022639,0.062647,0.17767,0.51573,1.4965,2.8175,4.2547,6.3880
500.0,0.00061419,0.0020182,0.0063626,0.017951,0.049729,0.14325,0.42298,1.2454,2.3720,3.6035,5.4441
600.0,0.00033879,0.0011452,0.0036968,0.011085,0.032289,0.095685,0.29093,0.88940,1.7186,2.6351,4.0177
700.0,0.00019680,0.00068387,0.0022591,0.0071664,0.021682,0.065943,0.20600,0.65142,1.2745,1.9709,3.0312
800.0,0.00011873,0.00042337,0.0014315,0.0046604,0.015107,0.046554,0.14962,0.48611,0.96237,1.5005,2.3265
1000.0,4.6757e-05,0.00017510,0.00062172,0.0021287,0.0073243,0.024423,0.083284,0.28169,0.57079,0.90368,1.4237
1200.0,1.9924e-05,7.8069e-05,0.00029017,0.0010414,0.0037813,0.013480,0.048493,0.17029,0.35244,0.56568,0.90338
1500.0,5.8763e-06,2.4837e-05,9.8901e-05,0.00038267,0.0014882,0.0056181,0.021425,0.079713,0.17010,0.27853,0.45383
SA0P01
r\m,4.0,4.5,5.0,5.5,6.0,6.5,7.0,7.5,7.8,8.0,8.2
0.0,0.56415,0.71960,0.88663,1.0115,1.1392,1.2675,1.3799,1.4752,1.5078,1.5233,1.5364
1.0,0.51448,0.68350,0.85587,0.98082,1.1062,1.2344,1.3493,1.4415,1.4772,1.4936,1.5068
5.0,0.20075,0.34822,0.53254,0.69942,0.85651,1.0102,1.1441,1.2389,1.2771,1.2942,1.3075
10.0,0.077654,0.14936,0.25887,0.38951,0.53633,0.69963,0.84129,0.95190,1.0085,1.0310,1.0503
15.0,0.038789,0.078103,0.14374,0.23286,0.34558,0.48457,0.62217,0.74421,0.80188,0.83353,0.85580
20.0,0.021823,0.045224,0.086047,0.14504,0.22594,0.33226,0.45487,0.57902,0.64294,0.67937,0.71076
25.0,0.013750,0.029084,0.056615,0.098020,0.15772,0.23915,0.34316,0.45852,0.52395,0.56223,0.59782
30.0,0.0093588,0.020115,0.039836,0.070310,0.11575,0.17919,0.26626,0.36963,0.43250,0.47150,0.50711
40.0,0.0050292,0.011080,0.022526,0.040884,0.068742,0.11047,0.17197,0.25208,0.30507,0.34006,0.38143
50.0,0.0030704,0.0068971,0.014317,0.026577,0.045407,0.075445,0.12255,0.18940,0.23843,0.27490,0.31368
60.0,0.0022430,0.0051117,0.010773,0.020316,0.035001,0.059187,0.097947,0.15399,0.19727,0.22948,0.26424
70.0,0.0019198,0.0044005,0.0093188,0.017638,0.030298,0.051521,0.085371,0.13657,0.17610,0.20580,0.23815
80.0,0.0016699,0.0038464,0.0081779,0.015525,0.026612,0.045472,0.075757,0.12240,0.15865,0.18613,0.21623
90.0,0.0014697,0.0034000,0.0072570,0.013747,0.023675,0.040403,0.068181,0.11080,0.14418,0.16962,0.19763
100.0,0.0013043,0.0030291,0.0064884,0.012271,0.021222,0.036315,0.061752,0.10084,0.13165,0.15524,0.18133
110.0,0.0011651,0.0027156,0.0058362,0.011022,0.019139,0.032943,0.056216,0.092192,0.12070,0.14262,0.16694
120.0,0.0010458,0.0024458,0.0052731,0.0099488,0.017220,0.030012,0.051379,0.084587,0.11102,0.13142,0.15412
130.0,0.00091355,0.0021503,0.0046662,0.0088293,0.015415,0.027064,0.046631,0.077286,0.10187,0.12095,0.14228
140.0,0.00080296,0.0019013,0.0041511,0.0078763,0.013871,0.024504,0.042475,0.070830,0.093733,0.11160,0.13165
150.0,0.00070964,0.0016896,0.0037103,0.0070515,0.012532,0.022264,0.038807,0.065079,0.086433,0.10316,0.12201
175.0,0.00052920,0.0012760,0.0028389,0.0054323,0.0098353,0.017706,0.031263,0.053104,0.071111,0.085357,0.10153
200.0,0.00040346,0.00098357,0.0022139,0.0042812,0.0078459,0.014292,0.025525,0.043842,0.059124,0.071305,0.085245
250.0,0.00024797,0.00061580,0.0014123,0.0027849,0.0052061,0.0096643,0.017576,0.030760,0.041937,0.050955,0.061378
300.0,0.00015967,0.00040274,0.00093828,0.0018557,0.0035369,0.0066879,0.012375,0.022033,0.030329,0.037086,0.045038
350.0,0.00010623,0.00027157,0.00064134,0.0012734,0.0024674,0.0047391,0.0088964,0.016058,0.022277,0.027430,0.033468
400.0,7.2411e-05,0.00018732,0.00044766,0.00089288,0.0017547,0.0034162,0.0064917,0.011852,0.016572,0.020493,0.025097
450.0,4.8998e-05,0.00012799,0.00030898,0.00063866,0.0012657,0.0024932,0.0047882,0.0088262,0.012428,0.015417,0.018938
500.0,3.3852e-05,8.9221e-05,0.00021734,0.00046378,0.00092338,0.0018377,0.0035609,0.0066237,0.0093743,0.011658,0.014357
600.0,2.1958e-05,5.8259e-05,0.00014036,0.00030030,0.00060199,0.0011911,0.0022933,0.0042497,0.0059781,0.0074085,0.0090454
700.0,1.2282e-05,2.9773e-05,7.2481e-05,0.00015771,0.00032002,0.00064083,0.0012463,0.0023315,0.0032708,0.0040411,0.0049337
800.0,5.6956e-06,1.5354e-05,3.7800e-05,8.3196e-05,0.00017324,0.00034864,0.00068169,0.0012696,0.0017866,0.0019995,0.0024529
1000.0,1.5507e-06,4.2628e-06,1.0679e-05,2.1171e-05,4.4969e-05,9.2653e-05,0.00018470,0.00034975,0.00049527,0.00061487,0.00075502
1200.0,4.3124e-07,1.1994e-06,2.7108e-06,6.2077e-06,1.3371e-05,2.8137e-05,5.5819e-05,0.00011199,0.00015754,0.00019489,0.00022807
1500.0,6.6027e-08,1.6851e-07,4.3768e-07,1.0523e-06,2.2313e-06,4.6190e-06,9.2192e-06,1.7312e-05,2.4511e-05,3.0434e-05,3.7135e-05
SA0P02
r\m,4.0,4.5,5.0,5.5,6.0,6.5,7.0,7.5,7.8,8.0,8.2
0.0,0.57570,0.80079,1.0647,1.2820,1.4836,1.6608,1.7905,1.8966,1.9300,1.9467,1.9581
1.0,0.53599,0.76909,1.0303,1.2408,1.4361,1.6108,1.7443,1.8465,1.8845,1.9048,1.9204
5.0,0.25913,0.44687,0.68246,0.89689,1.0952,1.2807,1.4346,1.5395,1.5802,1.6017,1.6183
10.0,0.10828,0.20364,0.34454,0.50469,0.67663,0.86019,1.0168,1.1405,1.2028,1.2288,1.2505
15.0,0.054874,0.10806,0.19341,0.30258,0.43338,0.58695,0.73745,0.87313,0.93702,0.97261,0.99622
20.0,0.031129,0.063283,0.11722,0.19060,0.28547,0.40328,0.53771,0.67474,0.74498,0.78513,0.81817
25.0,0.019761,0.041093,0.077834,0.12984,0.20036,0.29138,0.40585,0.53350,0.60532,0.64711,0.68460
30.0,0.013469,0.028535,0.055060,0.093735,0.14788,0.21945,0.31575,0.43050,0.49963,0.54216,0.57963
40.0,0.0072109,0.015722,0.031243,0.054835,0.088467,0.13631,0.20535,0.29508,0.35387,0.39229,0.43671
50.0,0.0043707,0.0097550,0.019867,0.035759,0.058728,0.093616,0.14704,0.22215,0.27651,0.31648,0.35777
60.0,0.0031122,0.0070744,0.014684,0.026943,0.044753,0.072836,0.11686,0.17988,0.22800,0.26334,0.30050
70.0,0.0027601,0.0062939,0.013102,0.024100,0.039862,0.065140,0.10441,0.16314,0.20774,0.24076,0.27571
80.0,0.0024695,0.0056464,0.011784,0.021719,0.035816,0.058739,0.094504,0.14878,0.19013,0.22093,0.25370
90.0,0.0022106,0.0050687,0.010608,0.019490,0.032268,0.052821,0.086051,0.13609,0.17447,0.20321,0.23392
100.0,0.0019899,0.0045745,0.0095988,0.017586,0.029223,0.047945,0.078679,0.12492,0.16058,0.18740,0.21617
110.0,0.0017994,0.0041462,0.0087208,0.015939,0.026576,0.043842,0.072172,0.11498,0.14815,0.17319,0.20014
120.0,0.0016316,0.0037682,0.0079443,0.014491,0.024066,0.040194,0.066361,0.10605,0.13694,0.16034,0.18558
130.0,0.0014165,0.0032943,0.0069944,0.012799,0.021454,0.036118,0.060056,0.096662,0.12536,0.14722,0.17094
140.0,0.0012382,0.0028977,0.0061921,0.011366,0.019228,0.032584,0.054532,0.088351,0.11505,0.13548,0.15775
150.0,0.0010885,0.0025622,0.0055080,0.010129,0.017300,0.029496,0.049658,0.080943,0.10578,0.12489,0.14579
175.0,0.00080006,0.0019079,0.0041571,0.0076979,0.013403,0.023173,0.039555,0.065379,0.086166,0.10232,0.12015
200.0,0.00060137,0.0014504,0.0031977,0.0059842,0.010550,0.018466,0.031907,0.053379,0.070870,0.084568,0.099834
250.0,0.00035889,0.00088172,0.0019815,0.0037839,0.0068051,0.012155,0.021430,0.036559,0.049122,0.059098,0.070355
300.0,0.00022428,0.00055961,0.0012780,0.0024474,0.0044892,0.0081792,0.014703,0.025551,0.034704,0.042054,0.050529
350.0,0.00014478,0.00036615,0.00084820,0.0016299,0.0030424,0.0056386,0.010305,0.018187,0.024928,0.030448,0.036796
400.0,9.5783e-05,0.00024514,0.00057519,0.0011098,0.0021040,0.0039595,0.0073393,0.013129,0.018164,0.022302,0.027081
450.0,6.2818e-05,0.00016238,0.00038526,0.00077190,0.0014779,0.0028196,0.0052931,0.0095811,0.013368,0.016480,0.020094
500.0,4.2093e-05,0.00010982,0.00026325,0.00054589,0.0010516,0.0020317,0.0038567,0.0070604,0.0099139,0.012264,0.015007
600.0,2.3972e-05,6.3344e-05,0.00015271,0.00032243,0.00063484,0.0012355,0.0023540,0.0043305,0.0060747,0.0075143,0.0091691
700.0,1.2955e-05,3.1538e-05,7.6586e-05,0.00016559,0.00033043,0.00065381,0.0012607,0.0023491,0.0032914,0.0040628,0.0049562
800.0,5.8955e-06,1.5897e-05,3.9062e-05,8.5426e-05,0.00017615,0.00035072,0.00068211,0.0012691,0.0017860,0.0020105,0.0024654
1000.0,1.5589e-06,4.2836e-06,1.0733e-05,2.1390e-05,4.5122e-05,9.2628e-05,0.00018466,0.00034969,0.00049519,0.00061476,0.00075488
1200.0,4.3118e-07,1.1992e-06,2.7101e-06,6.2066e-06,1.3370e-05,2.8136e-05,5.5819e-05,0.00011199,0.00015754,0.00019488,0.00022806
1500.0,6.6027e-08,1.6851e-07,4.3768e-07,1.0523e-06,2.2313e-06,4.6190e-06,9.2192e-06,1.7312e-05,2.4511e-05,3.0434e-05,3.7135e-05
SA0P025
r\m,4.0,4.5,5.0,5.5,6.0,6.5,7.0,7.5,7.8,8.0,8.2
0.0,0.57212,0.84137,1.1658,1.4411,1.6894,1.8983,2.0411,2.1561,2.1914,2.2099,2.2215
1.0,0.53990,0.81234,1.1287,1.3930,1.6324,1.8375,1.9846,2.0952,2.1361,2.1599,2.1779
5.0,0.28819,0.49812,0.76433,1.0097,1.2355,1.4426,1.6108,1.7237,1.7673,1.7924,1.8119
10.0,0.12342,0.23150,0.39048,0.56929,0.75798,0.95525,1.1219,1.2549,1.3219,1.3509,1.3750
15.0,0.062881,0.12349,0.22003,0.34150,0.48399,0.64702,0.80576,0.95046,1.0189,1.0578,1.0830
20.0,0.035860,0.072752,0.13418,0.21636,0.32016,0.44525,0.58698,0.73215,0.80665,0.84951,0.88421
25.0,0.022852,0.047452,0.089490,0.14799,0.22540,0.32243,0.44328,0.57857,0.65453,0.69870,0.73774
30.0,0.015609,0.033037,0.063499,0.10720,0.16688,0.24352,0.34545,0.46723,0.54033,0.58518,0.62400
40.0,0.0083720,0.018253,0.036154,0.062972,0.10028,0.15193,0.22561,0.32127,0.38368,0.42429,0.47056
50.0,0.0050757,0.011338,0.023035,0.041174,0.066773,0.10469,0.16201,0.24216,0.29978,0.34188,0.38469
60.0,0.0035913,0.0081779,0.016942,0.030888,0.050682,0.081194,0.12846,0.19574,0.24682,0.28408,0.32267
70.0,0.0032257,0.0073634,0.015298,0.027969,0.045715,0.073554,0.11622,0.17965,0.22742,0.26251,0.29908
80.0,0.0029142,0.0066668,0.013885,0.025445,0.041475,0.066988,0.10622,0.16532,0.20989,0.24280,0.27726
90.0,0.0026259,0.0060221,0.012575,0.022966,0.037587,0.060589,0.097299,0.15208,0.19365,0.22450,0.25694
100.0,0.0023771,0.0054636,0.011437,0.020823,0.034206,0.055263,0.089400,0.14023,0.17902,0.20792,0.23842
110.0,0.0021599,0.0049745,0.010436,0.018950,0.031230,0.050736,0.082333,0.12955,0.16574,0.19281,0.22146
120.0,0.0019667,0.0045385,0.0095413,0.017286,0.028370,0.046666,0.075946,0.11985,0.15363,0.17898,0.20589
130.0,0.0017071,0.0039665,0.0083969,0.015257,0.025269,0.041899,0.068676,0.10915,0.14053,0.16420,0.18947
140.0,0.0014918,0.0034877,0.0074299,0.013538,0.022627,0.037762,0.062297,0.099668,0.12883,0.15094,0.17466
150.0,0.0013111,0.0030826,0.0066051,0.012054,0.020338,0.034147,0.056667,0.091213,0.11832,0.13897,0.16122
175.0,0.00096201,0.0022909,0.0049728,0.0091311,0.015698,0.026716,0.044943,0.073361,0.095957,0.11334,0.13226
200.0,0.00072152,0.0017373,0.0038140,0.0070723,0.012303,0.021189,0.036076,0.059606,0.078532,0.093213,0.10933
250.0,0.00042762,0.0010482,0.0023438,0.0044310,0.0078541,0.013794,0.023966,0.040361,0.053819,0.064409,0.076193
300.0,0.00026498,0.00065933,0.0014972,0.0028347,0.0051193,0.0091669,0.016240,0.027859,0.037559,0.045283,0.054080
350.0,0.00016942,0.00042708,0.00098326,0.0018654,0.0034254,0.0062369,0.011235,0.019580,0.026648,0.032395,0.038923
400.0,0.00011090,0.00028281,0.00065930,0.0012542,0.0023380,0.0043216,0.0078979,0.013958,0.019183,0.023450,0.028322
450.0,7.1836e-05,0.00018496,0.00043591,0.00086114,0.0016205,0.0030366,0.0056230,0.010062,0.013955,0.017134,0.020789
500.0,4.7511e-05,0.00012344,0.00029389,0.00060116,0.0011378,0.0021596,0.0040464,0.0073294,0.010236,0.012617,0.015369
600.0,2.5158e-05,6.6350e-05,0.00016022,0.00033581,0.00065360,0.0012574,0.0023770,0.0043485,0.0060873,0.0075194,0.0091727
700.0,1.3305e-05,3.2529e-05,7.8930e-05,0.00017010,0.00033541,0.00065768,0.0012595,0.0023397,0.0032752,0.0040402,0.0049312
800.0,5.9862e-06,1.6154e-05,3.9666e-05,8.6394e-05,0.00017686,0.00034900,0.00068141,0.0012691,0.0017860,0.0020030,0.0024556
1000.0,1.5498e-06,4.2606e-06,1.0676e-05,2.1405e-05,4.4950e-05,9.2628e-05,0.00018466,0.00034969,0.00049519,0.00061476,0.00075488
1200.0,4.3118e-07,1.1992e-06,2.7101e-06,6.2066e-06,1.3370e-05,2.8136e-05,5.5819e-05,0.00011199,0.00015754,0.00019488,0.00022806
1500.0,6.6027e-08,1.6851e-07,4.3768e-07,1.0523e-06,2.2313e-06,4.6190e-06,9.2192e-06,1.7312e-05,2.4511e-05,3.0434e-05,3.7135e-05
SA0P03
r\m,4.0,4.5,5.0,5.5,6.0,6.5,7.0,7.5,7.8,8.0,8.2
0.0,0.56087,0.87015,1.2509,1.5806,1.8732,2.1130,2.2693,2.3943,2.4326,2.4538,2.4664
1.0,0.53604,0.84352,1.2110,1.5258,1.8071,2.0416,2.2030,2.3230,2.3677,2.3956,2.4169
5.0,0.30952,0.53763,0.83097,1.1058,1.3587,1.5872,1.7700,1.8917,1.9389,1.9681,1.9912
10.0,0.13456,0.25286,0.42732,0.62344,0.82834,1.0389,1.2154,1.3577,1.4300,1.4625,1.4897
15.0,0.068832,0.13539,0.24139,0.37400,0.52748,0.69933,0.86568,1.0191,1.0923,1.1348,1.1624
20.0,0.039462,0.080198,0.14801,0.23817,0.35032,0.48206,0.63034,0.78305,0.86171,0.90745,0.94418
25.0,0.025237,0.052510,0.099107,0.16352,0.24737,0.34984,0.47638,0.61863,0.69851,0.74503,0.78582
30.0,0.017281,0.036657,0.070528,0.11881,0.18368,0.26491,0.37186,0.49999,0.57680,0.62388,0.66410
40.0,0.0093011,0.020329,0.040315,0.070093,0.11085,0.16598,0.24383,0.34488,0.41062,0.45325,0.50117
50.0,0.0056508,0.012659,0.025754,0.045965,0.074036,0.11473,0.17558,0.26026,0.32079,0.36482,0.40898
60.0,0.0039886,0.0091112,0.018903,0.034408,0.056064,0.088806,0.13901,0.21011,0.26386,0.30284,0.34271
70.0,0.0036142,0.0082734,0.017216,0.031447,0.051075,0.081303,0.12709,0.19484,0.24552,0.28252,0.32057
80.0,0.0032869,0.0075389,0.015729,0.028812,0.046690,0.074644,0.11710,0.18070,0.22828,0.26316,0.29918
90.0,0.0029769,0.0068431,0.014315,0.026129,0.042523,0.067850,0.10784,0.16707,0.21165,0.24448,0.27855
100.0,0.0027067,0.0062346,0.013072,0.023787,0.038856,0.062145,0.099516,0.15470,0.19644,0.22731,0.25946
110.0,0.0024688,0.0056972,0.011971,0.021721,0.035598,0.057256,0.091975,0.14339,0.18247,0.21146,0.24175
120.0,0.0022557,0.0052145,0.010979,0.019872,0.032426,0.052816,0.085086,0.13302,0.16958,0.19680,0.22530
130.0,0.0019601,0.0045616,0.0096687,0.017544,0.028881,0.047413,0.076921,0.12110,0.15504,0.18045,0.20722
140.0,0.0017146,0.0040142,0.0085597,0.015569,0.025859,0.042718,0.069746,0.11053,0.14206,0.16577,0.19087
150.0,0.0015080,0.0035501,0.0076123,0.013862,0.023237,0.038613,0.063407,0.10109,0.13037,0.15250,0.17603
175.0,0.0011079,0.0026403,0.0057317,0.010491,0.017905,0.030139,0.050150,0.081061,0.10539,0.12396,0.14389
200.0,0.00083133,0.0020025,0.0043938,0.0081140,0.014002,0.023833,0.040122,0.065629,0.085928,0.10154,0.11847
250.0,0.00049166,0.0012048,0.0026899,0.0050578,0.0088795,0.015397,0.026435,0.044046,0.058354,0.069522,0.081795
300.0,0.00030348,0.00075441,0.0017090,0.0032128,0.0057386,0.010135,0.017739,0.030092,0.040308,0.048380,0.057471
350.0,0.00019300,0.00048579,0.0011149,0.0020967,0.0038034,0.0068244,0.012142,0.020924,0.028296,0.034250,0.040937
400.0,0.00012551,0.00031942,0.00074185,0.0013966,0.0025693,0.0046770,0.0084405,0.014752,0.020152,0.024532,0.029480
450.0,8.0600e-05,0.00020701,0.00048578,0.00094945,0.0017615,0.0032491,0.0059413,0.010518,0.014505,0.017739,0.021421
500.0,5.2800e-05,0.00013678,0.00032414,0.00065596,0.0012229,0.0022843,0.0042274,0.0075794,0.010530,0.012932,0.015684
600.0,2.6192e-05,6.8983e-05,0.00016699,0.00034789,0.00066993,0.0012743,0.0023898,0.0043474,0.0060732,0.0074914,0.0091374
700.0,1.3578e-05,3.3367e-05,8.0962e-05,0.00017406,0.00033927,0.00065914,0.0012533,0.0023301,0.0032689,0.0040389,0.0049312
800.0,6.0492e-06,1.6343e-05,4.0127e-05,8.7094e-05,0.00017701,0.00034845,0.00068141,0.0012691,0.0017860,0.0019985,0.0024517
1000.0,1.5498e-06,4.2606e-06,1.0674e-05,2.1385e-05,4.4950e-05,9.2628e-05,0.00018466,0.00034969,0.00049519,0.00061476,0.00075488
1200.0,4.3118e-07,1.1992e-06,2.7101e-06,6.2066e-06,1.3370e-05,2.8136e-05,5.5819e-05,0.00011199,0.00015754,0.00019488,0.00022806
1500.0,6.6027e-08,1.6851e-07,4.3768e-07,1.0523e-06,2.2313e-06,4.6190e-06,9.2192e-06,1.7312e-05,2.4511e-05,3.0434e-05,3.7135e-05
SA0P04
r\m,4.0,4.5,5.0,5.5,6.0,6.5,7.0,7.5,7.8,8.0,8.2
0.0,0.52671,0.89385,1.3595,1.7717,2.1327,2.4229,2.6062,2.7530,2.8001,2.8284,2.8464
1.0,0.51353,0.87018,1.3140,1.7059,2.0519,2.3348,2.5239,2.6643,2.7192,2.7562,2.7855
5.0,0.32656,0.57544,0.90632,1.2286,1.5271,1.7932,2.0038,2.1442,2.2007,2.2388,2.2700
10.0,0.14331,0.27246,0.46663,0.68935,0.92183,1.1561,1.3505,1.5105,1.5947,1.6351,1.6698
15.0,0.073671,0.14647,0.26413,0.41310,0.58453,0.77144,0.95081,1.1198,1.2027,1.2532,1.2870
20.0,0.042652,0.087569,0.16339,0.26526,0.39084,0.53360,0.69253,0.85802,0.94444,0.99603,1.0380
25.0,0.027442,0.057679,0.11010,0.18320,0.27741,0.38870,0.52431,0.67798,0.76480,0.81583,0.86075
30.0,0.018892,0.040467,0.078754,0.13380,0.20700,0.29559,0.41048,0.54888,0.63209,0.68328,0.72657
40.0,0.010264,0.022644,0.045395,0.079592,0.12590,0.18659,0.27105,0.38071,0.45200,0.49812,0.54884
50.0,0.0062817,0.014198,0.029182,0.052514,0.084558,0.12967,0.19607,0.28786,0.35303,0.40024,0.44674
60.0,0.0044471,0.010246,0.021457,0.039334,0.063988,0.10027,0.15511,0.23219,0.29023,0.33204,0.37406
70.0,0.0040659,0.0093865,0.019728,0.036347,0.059030,0.093115,0.14391,0.21859,0.27404,0.31420,0.35480
80.0,0.0037219,0.0086094,0.018152,0.033578,0.054475,0.086408,0.13411,0.20505,0.25761,0.29580,0.33457
90.0,0.0033936,0.0078664,0.016631,0.030658,0.049969,0.079115,0.12450,0.19108,0.24069,0.27691,0.31384
100.0,0.0031037,0.0072083,0.015277,0.028072,0.045939,0.072919,0.11566,0.17810,0.22484,0.25909,0.29415
110.0,0.0028459,0.0066211,0.014062,0.025764,0.042306,0.067553,0.10749,0.16598,0.20996,0.24227,0.27547
120.0,0.0026128,0.0060886,0.012957,0.023677,0.038696,0.062608,0.099910,0.15467,0.19599,0.22645,0.25782
130.0,0.0022808,0.0053477,0.011450,0.020953,0.034524,0.056268,0.090387,0.14085,0.17920,0.20761,0.23705
140.0,0.0020030,0.0047226,0.010166,0.018633,0.030955,0.050738,0.081988,0.12857,0.16416,0.19065,0.21823
150.0,0.0017681,0.0041898,0.0090647,0.016619,0.027850,0.045890,0.074550,0.11756,0.15059,0.17529,0.20110
175.0,0.0013087,0.0031365,0.0068606,0.012615,0.021488,0.035807,0.058872,0.094047,0.12136,0.14198,0.16374
200.0,0.00098798,0.0023912,0.0052798,0.0097768,0.016808,0.028276,0.046977,0.075882,0.098557,0.11580,0.13415
250.0,0.00058752,0.0014445,0.0032388,0.0060891,0.010616,0.018144,0.030691,0.050406,0.066191,0.078365,0.091498
300.0,0.00036337,0.00090517,0.0020553,0.0038500,0.0068079,0.011822,0.020356,0.033990,0.045103,0.053778,0.063391
350.0,0.00023087,0.00058165,0.0013358,0.0024945,0.0044668,0.0078617,0.013743,0.023291,0.031193,0.037511,0.044480
400.0,0.00014961,0.00038071,0.00088342,0.0016460,0.0029812,0.0053123,0.0094085,0.016165,0.021870,0.026452,0.031534
450.0,9.5359e-05,0.00024462,0.00057266,0.0011064,0.0020158,0.0036330,0.0065147,0.011336,0.015489,0.018822,0.022552
500.0,6.1865e-05,0.00015991,0.00037759,0.00075480,0.0013783,0.0025120,0.0045571,0.0080331,0.011063,0.013503,0.016254
600.0,2.7767e-05,7.3064e-05,0.00017807,0.00036836,0.00069787,0.0013023,0.0024089,0.0043389,0.0060402,0.0074331,0.0090687
700.0,1.3952e-05,3.4692e-05,8.4363e-05,0.00018113,0.00034636,0.00066211,0.0012454,0.0023301,0.0032689,0.0040389,0.0049312
800.0,6.1412e-06,1.6643e-05,4.0937e-05,8.8488e-05,0.00017771,0.00034845,0.00068141,0.0012691,0.0017860,0.0019985,0.0024517
1000.0,1.5498e-06,4.2606e-06,1.0674e-05,2.1512e-05,4.4950e-05,9.2628e-05,0.00018466,0.00034969,0.00049519,0.00061476,0.00075488
1200.0,4.3118e-07,1.1992e-06,2.7101e-06,6.2066e-06,1.3370e-05,2.8136e-05,5.5819e-05,0.00011199,0.00015754,0.00019488,0.00022806
1500.0,6.6027e-08,1.6851e-07,4.3768e-07,1.0523e-06,2.2313e-06,4.6190e-06,9.2192e-06,1.7312e-05,2.4511e-05,3.0434e-05,3.7135e-05
SA0P05
r\m,4.0,4.5,5.0,5.5,6.0,6.5,7.0,7.5,7.8,8.0,8.2
0.0,0.49100,0.88792,1.3993,1.8548,2.2531,2.5752,2.7828,2.9520,3.0102,3.0471,3.0733
1.0,0.48447,0.86454,1.3489,1.7818,2.1634,2.4772,2.6908,2.8521,2.9190,2.9651,3.0031
5.0,0.31848,0.57073,0.91770,1.2691,1.5991,1.8938,2.1285,2.2878,2.3554,2.4021,2.4416
10.0,0.13884,0.26832,0.46853,0.70635,0.95869,1.2125,1.4227,1.5987,1.6955,1.7439,1.7873
15.0,0.071534,0.14439,0.26509,0.42248,0.60617,0.80520,0.99551,1.1778,1.2703,1.3291,1.3705
20.0,0.041760,0.086953,0.16504,0.27290,0.40743,0.55873,0.72609,0.90207,0.99564,1.0531,1.1015
25.0,0.026994,0.057510,0.11172,0.18930,0.29037,0.40820,0.55074,0.71339,0.80634,0.86171,0.91159
30.0,0.018679,0.040525,0.080247,0.13878,0.21749,0.31138,0.43221,0.57845,0.66712,0.72215,0.76906
40.0,0.010252,0.022884,0.046627,0.083165,0.13312,0.19771,0.28695,0.40300,0.47873,0.52785,0.58113
50.0,0.0063312,0.014461,0.030170,0.055190,0.089828,0.13796,0.20829,0.30515,0.37382,0.42362,0.47238
60.0,0.0045207,0.010516,0.022320,0.041528,0.068164,0.10688,0.16499,0.24629,0.30758,0.35166,0.39570
70.0,0.0041400,0.0096521,0.020576,0.038526,0.063216,0.099938,0.15423,0.23386,0.29291,0.33560,0.37849
80.0,0.0037940,0.0088653,0.018969,0.035694,0.058566,0.093215,0.14459,0.22079,0.27713,0.31799,0.35923
90.0,0.0034718,0.0081299,0.017447,0.032721,0.053956,0.085722,0.13492,0.20683,0.26029,0.29921,0.33871
100.0,0.0031857,0.0074750,0.016083,0.030069,0.049794,0.079325,0.12589,0.19364,0.24422,0.28118,0.31884
110.0,0.0029302,0.0068877,0.014853,0.027687,0.046014,0.073761,0.11744,0.18115,0.22890,0.26390,0.29968
120.0,0.0026983,0.0063533,0.013729,0.025522,0.042205,0.068590,0.10952,0.16936,0.21437,0.24745,0.28137
130.0,0.0023688,0.0056091,0.012187,0.022669,0.037765,0.061786,0.099252,0.15442,0.19619,0.22704,0.25884
140.0,0.0020909,0.0049763,0.010865,0.020224,0.033951,0.055825,0.090163,0.14109,0.17985,0.20861,0.23837
150.0,0.0018542,0.0044337,0.0097242,0.018092,0.030619,0.050582,0.082089,0.12913,0.16509,0.19188,0.21971
175.0,0.0013870,0.0033513,0.0074225,0.013823,0.023743,0.039602,0.064959,0.10339,0.13308,0.15539,0.17876
200.0,0.0010568,0.0025767,0.0057546,0.010775,0.018648,0.031353,0.051900,0.083441,0.10803,0.12663,0.14627
250.0,0.00063625,0.0015741,0.0035634,0.0067576,0.011828,0.020150,0.033889,0.055293,0.072299,0.085331,0.099261
300.0,0.00039726,0.00099466,0.0022767,0.0042887,0.0075932,0.013108,0.022401,0.037101,0.048979,0.058188,0.068310
350.0,0.00025419,0.00064304,0.0014863,0.0027831,0.0049763,0.0086858,0.015044,0.025256,0.033630,0.040289,0.047554
400.0,0.00016551,0.00042252,0.00098534,0.0018355,0.0033109,0.0058374,0.010227,0.017388,0.023384,0.028169,0.033415
450.0,0.00010565,0.00027160,0.00063800,0.0012309,0.0022273,0.0039633,0.0070213,0.012081,0.016408,0.019855,0.023667
500.0,6.8506e-05,0.00017729,0.00041947,0.00083642,0.0015127,0.0027168,0.0048641,0.0084760,0.011602,0.014102,0.016887
600.0,2.8893e-05,7.6106e-05,0.00018698,0.00038636,0.00072529,0.0013360,0.0024465,0.0043756,0.0060771,0.0074668,0.0091179
700.0,1.4246e-05,3.5856e-05,8.7580e-05,0.00018852,0.00035605,0.00067275,0.0012496,0.0023301,0.0032689,0.0040389,0.0049312
800.0,6.2558e-06,1.7017e-05,4.2012e-05,9.0785e-05,0.00018096,0.00034845,0.00068141,0.0012691,0.0017860,0.0020126,0.0024703
1000.0,1.5498e-06,4.2606e-06,1.0674e-05,2.2098e-05,4.5264e-05,9.2628e-05,0.00018466,0.00034969,0.00049519,0.00061476,0.00075488
1200.0,4.3118e-07,1.1992e-06,2.7101e-06,6.2066e-06,1.3370e-05,2.8136e-05,5.5819e-05,0.00011199,0.00015754,0.00019488,0.00022806
1500.0,6.6027e-08,1.6851e-07,4.3768e-07,1.0523e-06,2.2313e-06,4.6190e-06,9.2192e-06,1.7312e-05,2.4511e-05,3.0434e-05,3.7135e-05
SA0P075
r\m,4.0,4.5,5.0,5.5,6.0,6.5,7.0,7.5,7.8,8.0,8.2
0.0,0.42539,0.82598,1.3426,1.7948,2.1954,2.5370,2.7849,2.9981,3.0835,3.1398,3.1886
1.0,0.42129,0.79690,1.2839,1.7165,2.1016,2.4356,2.6883,2.8912,2.9855,3.0488,3.1050
5.0,0.25999,0.48501,0.81765,1.1834,1.5411,1.8701,2.1448,2.3428,2.4365,2.4994,2.5556
10.0,0.10896,0.21953,0.40322,0.64330,0.91566,1.1991,1.4381,1.6448,1.7698,1.8358,1.8998
15.0,0.056179,0.11786,0.22699,0.38261,0.57696,0.79462,1.0049,1.2121,1.3251,1.4027,1.4644
20.0,0.033290,0.071816,0.14267,0.24924,0.39097,0.55491,0.73688,0.93216,1.0409,1.1117,1.1778
25.0,0.021684,0.047776,0.097213,0.17397,0.28051,0.40727,0.56132,0.73964,0.84522,0.91046,0.97426
30.0,0.015160,0.033935,0.070334,0.12829,0.21129,0.31194,0.44221,0.60156,0.70119,0.76483,0.82209
40.0,0.0085090,0.019535,0.041533,0.077964,0.13076,0.19993,0.29605,0.42202,0.50585,0.56113,0.62066
50.0,0.0053659,0.012566,0.027255,0.052342,0.088971,0.14042,0.21595,0.32017,0.39477,0.44968,0.50446
60.0,0.0039349,0.0093588,0.020580,0.040053,0.068367,0.10982,0.17229,0.25967,0.32645,0.37495,0.42416
70.0,0.0035750,0.0085294,0.018858,0.037000,0.063239,0.10267,0.16121,0.24749,0.31225,0.35954,0.40785
80.0,0.0032568,0.0077940,0.017311,0.034176,0.058475,0.095758,0.15137,0.23445,0.29664,0.34221,0.38904
90.0,0.0029885,0.0071702,0.015979,0.031445,0.054094,0.088396,0.14198,0.22084,0.28017,0.32382,0.36892
100.0,0.0027507,0.0066149,0.014785,0.029007,0.050126,0.082143,0.13310,0.20781,0.26422,0.30587,0.34907
110.0,0.0025383,0.0061171,0.013707,0.026815,0.046512,0.076729,0.12473,0.19532,0.24881,0.28842,0.32964
120.0,0.0023459,0.0056647,0.012723,0.024821,0.042812,0.071674,0.11683,0.18344,0.23406,0.27164,0.31085
130.0,0.0020871,0.0050634,0.011422,0.022261,0.038631,0.065022,0.10648,0.16802,0.21503,0.25008,0.28680
140.0,0.0018643,0.0045426,0.010288,0.020037,0.034999,0.059129,0.097242,0.15414,0.19783,0.23051,0.26485
150.0,0.0016717,0.0040899,0.0092977,0.018072,0.031795,0.053902,0.088978,0.14162,0.18222,0.21267,0.24477
175.0,0.0012841,0.0031697,0.0072632,0.014088,0.025089,0.042816,0.071240,0.11442,0.14802,0.17339,0.20029
200.0,0.0010023,0.0024933,0.0057520,0.011190,0.020024,0.034348,0.057528,0.093099,0.12098,0.14215,0.16471
250.0,0.00062620,0.0015778,0.0036802,0.0072218,0.013019,0.022519,0.038147,0.062429,0.081728,0.096523,0.11241
300.0,0.00040399,0.0010285,0.0024197,0.0046938,0.0085236,0.014871,0.025493,0.042210,0.055673,0.066088,0.077594
350.0,0.00026613,0.00068356,0.0016198,0.0031097,0.0056767,0.0099681,0.017253,0.028868,0.038332,0.045856,0.054050
400.0,0.00017779,0.00046018,0.0010974,0.0020867,0.0038246,0.0067538,0.011782,0.019908,0.026665,0.032044,0.037909
450.0,0.00011586,0.00030143,0.00072193,0.0014188,0.0025956,0.0046051,0.0080954,0.013809,0.018666,0.022514,0.026735
500.0,7.6467e-05,0.00019993,0.00048093,0.00097483,0.0017726,0.0031603,0.0055972,0.0096518,0.013139,0.015906,0.018961
600.0,3.0740e-05,8.1584e-05,0.00020458,0.00042846,0.00080402,0.0014653,0.0026561,0.0047181,0.0065439,0.0080334,0.0098468
700.0,1.5027e-05,3.8881e-05,9.6458e-05,0.00021110,0.00039585,0.00073965,0.0013573,0.0024848,0.0034765,0.0042870,0.0052397
800.0,6.7486e-06,1.8539e-05,4.6402e-05,0.00010136,0.00020160,0.00037562,0.00070629,0.0013156,0.0018504,0.0022833,0.0028128
1000.0,1.6304e-06,4.5231e-06,1.1636e-05,2.5634e-05,5.2281e-05,0.00010195,0.00019900,0.00037846,0.00054121,0.00068515,0.00085205
1200.0,4.3118e-07,1.1992e-06,2.9987e-06,6.8463e-06,1.4443e-05,2.9549e-05,5.8468e-05,0.00011821,0.00017207,0.00021785,0.00026367
1500.0,6.6027e-08,1.6851e-07,4.4333e-07,1.0786e-06,2.3362e-06,4.8712e-06,1.0040e-05,2.0090e-05,2.9612e-05,3.8013e-05,4.6930e-05
SA0P1
r\m,4.0,4.5,5.0,5.5,6.0,6.5,7.0,7.5,7.8,8.0,8.2
0.0,0.38556,0.75235,1.2144,1.6063,1.9610,2.2818,2.5420,2.7756,2.8778,2.9455,3.0102
1.0,0.37592,0.71620,1.1527,1.5318,1.8744,2.1895,2.4531,2.6755,2.7857,2.8570,2.9231
5.0,0.20289,0.39178,0.68472,1.0259,1.3716,1.7006,1.9884,2.2068,2.3172,2.3882,2.4536
10.0,0.081680,0.17063,0.32644,0.54636,0.81227,1.1022,1.3538,1.5763,1.7200,1.7971,1.8759
15.0,0.042064,0.091260,0.18272,0.32336,0.51131,0.73298,0.95228,1.1723,1.2987,1.3894,1.4675
20.0,0.025159,0.055979,0.11540,0.21145,0.34794,0.51412,0.70213,0.90753,1.0262,1.1066,1.1878
25.0,0.016460,0.037343,0.078882,0.14803,0.25056,0.37821,0.53663,0.72262,0.83639,0.90884,0.98480
30.0,0.011587,0.026659,0.057318,0.10949,0.18927,0.29011,0.42362,0.58893,0.69547,0.76537,0.83194
40.0,0.0066091,0.015556,0.034226,0.067153,0.11791,0.18686,0.28473,0.41458,0.50292,0.56232,0.62698
50.0,0.0042341,0.010139,0.022690,0.045449,0.080629,0.13165,0.20811,0.31471,0.39229,0.45051,0.51055
60.0,0.0031770,0.0077099,0.017451,0.035339,0.062768,0.10405,0.16741,0.25674,0.32632,0.37767,0.43134
70.0,0.0028545,0.0069537,0.015830,0.032324,0.057490,0.096394,0.15523,0.24302,0.31019,0.36007,0.41260
80.0,0.0025797,0.0063072,0.014428,0.029649,0.052784,0.089315,0.14490,0.22920,0.29362,0.34168,0.39262
90.0,0.0023668,0.0058033,0.013322,0.027287,0.048840,0.082414,0.13594,0.21600,0.27746,0.32349,0.37253
100.0,0.0021793,0.0053576,0.012337,0.025192,0.045293,0.076627,0.12753,0.20344,0.26192,0.30586,0.35284
110.0,0.0020128,0.0049600,0.011453,0.023318,0.042081,0.071677,0.11965,0.19148,0.24698,0.28879,0.33364
120.0,0.0018628,0.0046008,0.010650,0.021623,0.038783,0.067079,0.11225,0.18014,0.23274,0.27245,0.31517
130.0,0.0016737,0.0041510,0.0096450,0.019548,0.035249,0.061242,0.10285,0.16573,0.21467,0.25176,0.29175
140.0,0.0015085,0.0037560,0.0087586,0.017724,0.032151,0.056025,0.094416,0.15270,0.19827,0.23291,0.27034
150.0,0.0013642,0.0034091,0.0079765,0.016098,0.029396,0.051366,0.086825,0.14088,0.18332,0.21566,0.25069
175.0,0.0010696,0.0026949,0.0063507,0.012771,0.023579,0.041406,0.070429,0.11508,0.15045,0.17754,0.20700
200.0,0.00085115,0.0021597,0.0051208,0.010317,0.019116,0.033694,0.057602,0.094675,0.12424,0.14698,0.17178
250.0,0.00054890,0.0014098,0.0033764,0.0068505,0.012771,0.022644,0.039044,0.064772,0.085481,0.10152,0.11910
300.0,0.00036488,0.00094629,0.0022841,0.0045714,0.0085724,0.015296,0.026623,0.044604,0.059214,0.070610,0.083463
350.0,0.00024734,0.00064679,0.0015708,0.0031064,0.0058450,0.010474,0.018363,0.031027,0.041406,0.049737,0.058948
400.0,0.00016982,0.00044727,0.0010918,0.0021355,0.0040254,0.0072377,0.012759,0.021727,0.029220,0.035228,0.041859
450.0,0.00011350,0.00030024,0.00073493,0.0014850,0.0027869,0.0050224,0.0089014,0.015273,0.020710,0.025038,0.029833
500.0,7.6770e-05,0.00020390,0.00050052,0.0010423,0.0019387,0.0035015,0.0062378,0.010801,0.014736,0.017868,0.021351
600.0,3.1612e-05,8.4987e-05,0.00021694,0.00046478,0.00088623,0.0016273,0.0029579,0.0052699,0.0073276,0.0090120,0.011097
700.0,1.5757e-05,4.1795e-05,0.00010543,0.00023581,0.00044767,0.00084055,0.0015435,0.0028364,0.0039833,0.0049256,0.0060464
800.0,7.3700e-06,2.0490e-05,5.2076e-05,0.00011589,0.00023322,0.00043491,0.00081876,0.0015352,0.0021674,0.0027384,0.0033885
1000.0,1.8636e-06,5.2212e-06,1.3625e-05,3.1203e-05,6.4197e-05,0.00012535,0.00024533,0.00046936,0.00067458,0.00085902,0.0010744
1200.0,4.9582e-07,1.4039e-06,3.7285e-06,8.6227e-06,1.8338e-05,3.7630e-05,7.4940e-05,0.00015193,0.00022351,0.00028509,0.00034969
1500.0,7.6655e-08,2.1220e-07,5.7612e-07,1.4175e-06,3.1203e-06,6.5752e-06,1.3746e-05,2.8075e-05,4.1914e-05,5.4360e-05,6.7538e-05
SA0P15
r\m,4.0,4.5,5.0,5.5,6.0,6.5,7.0,7.5,7.8,8.0,8.2
0.0,0.32877,0.62475,0.97296,1.2517,1.5153,1.7767,2.0215,2.2531,2.3632,2.4363,2.5123
1.0,0.30681,0.58066,0.91375,1.1895,1.4465,1.7053,1.9517,2.1724,2.2889,2.3610,2.4307
5.0,0.12828,0.26641,0.48857,0.76511,1.0589,1.3528,1.6270,1.8488,1.9689,2.0419,2.1113
10.0,0.048790,0.10979,0.22195,0.39619,0.62629,0.89635,1.1428,1.3672,1.5232,1.6080,1.6992
15.0,0.025060,0.058367,0.12319,0.23292,0.39427,0.60149,0.81636,1.0378,1.1730,1.2744,1.3697
20.0,0.015144,0.036050,0.078140,0.15276,0.26931,0.42412,0.60707,0.81297,0.93795,1.0264,1.1243
25.0,0.0099532,0.024106,0.053566,0.10720,0.19464,0.31263,0.46602,0.65089,0.76939,0.84787,0.93758
30.0,0.0070635,0.017308,0.039104,0.079512,0.14739,0.23992,0.36854,0.53176,0.64186,0.71687,0.79405
40.0,0.0041079,0.010265,0.023662,0.049288,0.092459,0.15522,0.24844,0.37532,0.46483,0.52688,0.59634
50.0,0.0026836,0.0068002,0.015884,0.033681,0.063576,0.10966,0.18176,0.28490,0.36231,0.42234,0.48780
60.0,0.0020760,0.0053169,0.012528,0.026791,0.050466,0.088100,0.14816,0.23472,0.30437,0.35728,0.41554
70.0,0.0018334,0.0047172,0.011177,0.024083,0.045358,0.080032,0.13457,0.21812,0.28429,0.33490,0.39107
80.0,0.0016371,0.0042299,0.010069,0.021823,0.041095,0.073142,0.12391,0.20323,0.26614,0.31457,0.36866
90.0,0.0014997,0.0038874,0.0092876,0.020056,0.037952,0.067274,0.11590,0.19100,0.25078,0.29699,0.34880
100.0,0.0013800,0.0035879,0.0086000,0.018509,0.035171,0.062467,0.10856,0.17965,0.23640,0.28039,0.32985
110.0,0.0012747,0.0033232,0.0079888,0.017142,0.032687,0.058444,0.10181,0.16905,0.22286,0.26467,0.31180
120.0,0.0011808,0.0030864,0.0074394,0.015917,0.030143,0.054758,0.095580,0.15917,0.21016,0.24986,0.29473
130.0,0.0010739,0.0028171,0.0068125,0.014540,0.027666,0.050442,0.088263,0.14742,0.19506,0.23224,0.27432
140.0,0.00097867,0.0025764,0.0062508,0.013312,0.025468,0.046538,0.081642,0.13671,0.18126,0.21611,0.25562
150.0,0.00089436,0.0023623,0.0057492,0.012203,0.023495,0.043020,0.075641,0.12695,0.16863,0.20131,0.23841
175.0,0.00071970,0.0019152,0.0046928,0.0099143,0.019288,0.035449,0.062622,0.10560,0.14083,0.16856,0.20012
200.0,0.00058707,0.0015725,0.0038759,0.0082003,0.015998,0.029484,0.052281,0.088518,0.11841,0.14202,0.16895
250.0,0.00039496,0.0010704,0.0026648,0.0056742,0.011143,0.020629,0.036802,0.062820,0.084372,0.10147,0.12100
300.0,0.00027367,0.00074877,0.0018785,0.0039422,0.0077893,0.014497,0.026053,0.044862,0.060521,0.072999,0.087681
350.0,0.00019332,0.00053324,0.0013457,0.0027902,0.0055303,0.010328,0.018662,0.032362,0.043819,0.053228,0.064028
400.0,0.00013830,0.00038418,0.00097406,0.0019980,0.0039650,0.0074234,0.013464,0.023490,0.032020,0.039001,0.046977
450.0,9.6260e-05,0.00026842,0.00068175,0.0014465,0.0028550,0.0053517,0.0097403,0.017090,0.023468,0.028635,0.034542
500.0,6.7851e-05,0.00018987,0.00048311,0.0010571,0.0020649,0.0038734,0.0070715,0.012499,0.017249,0.021085,0.025476
600.0,3.0659e-05,8.6542e-05,0.00022725,0.00050924,0.0010123,0.0019170,0.0035509,0.0064292,0.0090177,0.011159,0.013859
700.0,1.6179e-05,4.5585e-05,0.00011855,0.00027616,0.00054600,0.0010523,0.0019641,0.0036600,0.0051855,0.0064541,0.0079951
800.0,8.2355e-06,2.3936e-05,6.2629e-05,0.00014497,0.00030229,0.00057675,0.0011014,0.0020957,0.0029839,0.0038546,0.0048110
1000.0,2.3564e-06,6.8898e-06,1.8448e-05,4.4572e-05,9.4617e-05,0.00018865,0.00037431,0.00072525,0.0010511,0.0013476,0.0017005
1200.0,6.9981e-07,2.0648e-06,5.7430e-06,1.3703e-05,2.9943e-05,6.2608e-05,0.00012687,0.00025830,0.00038463,0.00049492,0.00061861
1500.0,1.2509e-07,3.6784e-07,1.0222e-06,2.5767e-06,5.8558e-06,1.2649e-05,2.7037e-05,5.6516e-05,8.5588e-05,0.00011222,0.00014097
SA0P2
r\m,4.0,4.5,5.0,5.5,6.0,6.5,7.0,7.5,7.8,8.0,8.2
0.0,0.27546,0.52572,0.80006,1.0087,1.2128,1.4277,1.6455,1.8574,1.9621,2.0316,2.1065
1.0,0.24739,0.48043,0.74641,0.95680,1.1572,1.3709,1.5895,1.7917,1.9016,1.9681,2.0338
5.0,0.086042,0.19612,0.37346,0.60066,0.84830,1.1035,1.3507,1.5577,1.6736,1.7421,1.8082
10.0,0.031638,0.078180,0.16478,0.30588,0.50194,0.74296,0.97032,1.1814,1.3337,1.4169,1.5087
15.0,0.016222,0.041404,0.090988,0.17911,0.31616,0.50206,0.70147,0.91075,1.0428,1.1440,1.2434
20.0,0.0098550,0.025660,0.057820,0.11759,0.21630,0.35504,0.52454,0.71944,0.84121,0.92939,1.0317
25.0,0.0064919,0.017176,0.039684,0.082596,0.15658,0.26191,0.40372,0.57810,0.69316,0.77111,0.86444
30.0,0.0046270,0.012368,0.029038,0.061334,0.11869,0.20093,0.31949,0.47292,0.57945,0.65370,0.73354
40.0,0.0027195,0.0074010,0.017698,0.038236,0.074711,0.13024,0.21555,0.33404,0.41969,0.48026,0.54951
50.0,0.0017960,0.0049469,0.011962,0.026267,0.051516,0.092102,0.15768,0.25348,0.32700,0.38524,0.45112
60.0,0.0014141,0.0039308,0.0095764,0.021184,0.041396,0.074784,0.12968,0.21024,0.27655,0.32795,0.38654
70.0,0.0012357,0.0034518,0.0084531,0.018823,0.036721,0.066966,0.11594,0.19250,0.25461,0.30310,0.35877
80.0,0.0010953,0.0030734,0.0075600,0.016921,0.032967,0.060594,0.10564,0.17763,0.23618,0.28224,0.33544
90.0,0.0010021,0.0028215,0.0069652,0.015528,0.030388,0.055575,0.098523,0.16644,0.22187,0.26563,0.31634
100.0,0.00092161,0.0026029,0.0064466,0.014322,0.028135,0.051526,0.092120,0.15627,0.20875,0.25029,0.29854
110.0,0.00085114,0.0024108,0.0059887,0.013262,0.026140,0.048185,0.086314,0.14691,0.19660,0.23601,0.28189
120.0,0.00078868,0.0022400,0.0055798,0.012321,0.024106,0.045157,0.081018,0.13831,0.18537,0.22277,0.26639
130.0,0.00072211,0.0020577,0.0051417,0.011323,0.022253,0.041824,0.075177,0.12865,0.17274,0.20785,0.24885
140.0,0.00066209,0.0018931,0.0047454,0.010425,0.020598,0.038788,0.069872,0.11981,0.16116,0.19418,0.23278
150.0,0.00060860,0.0017456,0.0043892,0.0096077,0.019104,0.036038,0.065044,0.11172,0.15056,0.18161,0.21797
175.0,0.00049696,0.0014357,0.0036343,0.0079167,0.015906,0.030108,0.054566,0.094076,0.12725,0.15388,0.18511
200.0,0.00041114,0.0011952,0.0030438,0.0066407,0.013381,0.025395,0.046180,0.079870,0.10835,0.13128,0.15823
250.0,0.00028353,0.00083391,0.0021457,0.0047131,0.0095699,0.018248,0.033361,0.058176,0.079190,0.096171,0.11615
300.0,0.00020141,0.00059798,0.0015513,0.0033593,0.0068718,0.013177,0.024258,0.042681,0.058328,0.071014,0.086405
350.0,0.00014593,0.00043680,0.0011402,0.0024419,0.0050156,0.0096580,0.017872,0.031663,0.043408,0.053229,0.064838
400.0,0.00010714,0.00032300,0.00084730,0.0017974,0.0036996,0.0071472,0.013274,0.023654,0.032638,0.040120,0.048914
450.0,7.6578e-05,0.00023172,0.00060889,0.0013383,0.0027420,0.0053073,0.0098894,0.017715,0.024619,0.030302,0.036982
500.0,5.5504e-05,0.00016853,0.00044360,0.0010069,0.0020432,0.0039594,0.0073981,0.013345,0.018628,0.022959,0.028052
600.0,2.7238e-05,8.3275e-05,0.00022487,0.00052225,0.0010764,0.0021010,0.0039715,0.0073146,0.010348,0.012883,0.016107
700.0,1.5116e-05,4.6340e-05,0.00012433,0.00029911,0.00061461,0.0012176,0.0023176,0.0043807,0.0062553,0.0078311,0.0097751
800.0,8.2335e-06,2.5804e-05,6.9631e-05,0.00016668,0.00035952,0.00070529,0.0013701,0.0026410,0.0037889,0.0049273,0.0061927
1000.0,2.6378e-06,8.3111e-06,2.2881e-05,5.7214e-05,0.00012543,0.00025670,0.00051735,0.0010136,0.0014783,0.0019015,0.0024144
1200.0,8.7222e-07,2.7696e-06,7.9521e-06,1.9553e-05,4.3963e-05,9.4037e-05,0.00019389,0.00039609,0.00059312,0.00076646,0.00096925
1500.0,1.7996e-07,5.7461e-07,1.6381e-06,4.2255e-06,9.8706e-06,2.1833e-05,4.7408e-05,0.00010010,0.00015251,0.00020077,0.00025437
SA0P25
r\m,4.0,4.5,5.0,5.5,6.0,6.5,7.0,7.5,7.8,8.0,8.2
0.0,0.22510,0.44574,0.67765,0.84591,1.0131,1.1956,1.3894,1.5811,1.6780,1.7422,1.8129
1.0,0.19633,0.40263,0.62951,0.80154,0.96640,1.1484,1.3428,1.5259,1.6270,1.6876,1.7480
5.0,0.060104,0.15207,0.30167,0.49549,0.70932,0.93361,1.1557,1.3458,1.4542,1.5173,1.5786
10.0,0.021636,0.059358,0.13066,0.24967,0.41995,0.63546,0.84326,1.0386,1.1826,1.2616,1.3501
15.0,0.011081,0.031361,0.071915,0.14584,0.26466,0.43155,0.61477,0.80945,0.93482,1.0320,1.1301
20.0,0.0067532,0.019473,0.045744,0.095780,0.18121,0.30572,0.46140,0.64311,0.75873,0.84362,0.94494
25.0,0.0044546,0.013041,0.031416,0.067308,0.13130,0.22560,0.35571,0.51802,0.62714,0.70213,0.79441
30.0,0.0031833,0.0094079,0.023019,0.050013,0.099570,0.17302,0.28159,0.42412,0.52497,0.59629,0.67507
40.0,0.0018831,0.0056597,0.014091,0.031284,0.062800,0.11225,0.19002,0.29964,0.38018,0.43788,0.50482
50.0,0.0012519,0.0038037,0.0095644,0.021561,0.043375,0.079417,0.13897,0.22730,0.29613,0.35146,0.41553
60.0,0.00099654,0.0030530,0.0077285,0.017542,0.035132,0.064938,0.11497,0.18939,0.25160,0.30048,0.35748
70.0,0.00086500,0.0026635,0.0067751,0.015468,0.030889,0.057574,0.10166,0.17157,0.22923,0.27486,0.32842
80.0,0.00076328,0.0023609,0.0060308,0.013832,0.027562,0.051743,0.091956,0.15722,0.21123,0.25433,0.30520
90.0,0.00069777,0.0021658,0.0055519,0.012680,0.025372,0.047360,0.085568,0.14698,0.19796,0.23878,0.28709
100.0,0.00064144,0.0019972,0.0051366,0.011689,0.023472,0.043858,0.079893,0.13780,0.18597,0.22462,0.27047
110.0,0.00059233,0.0018497,0.0047714,0.010823,0.021801,0.040996,0.074799,0.12944,0.17499,0.21162,0.25515
120.0,0.00054896,0.0017191,0.0044469,0.010057,0.020103,0.038420,0.070192,0.12184,0.16495,0.19968,0.24104
130.0,0.00050470,0.0015854,0.0041134,0.0092768,0.018627,0.035708,0.065337,0.11365,0.15412,0.18679,0.22572
140.0,0.00046449,0.0014639,0.0038101,0.0085709,0.017301,0.033227,0.060915,0.10613,0.14418,0.17497,0.21170
150.0,0.00042851,0.0013546,0.0035363,0.0079258,0.016100,0.030972,0.056882,0.099248,0.13507,0.16409,0.19877
175.0,0.00035309,0.0011239,0.0029542,0.0065889,0.013526,0.026109,0.048139,0.084257,0.11509,0.14017,0.17017
200.0,0.00029471,0.00094377,0.0024958,0.0055763,0.011483,0.022225,0.041112,0.072157,0.098848,0.12062,0.14673
250.0,0.00020644,0.00066875,0.0017875,0.0040226,0.0083559,0.016256,0.030226,0.053509,0.073536,0.089928,0.10960
300.0,0.00014900,0.00048719,0.0013135,0.0029153,0.0061080,0.011958,0.022389,0.040009,0.055193,0.067660,0.083103
350.0,0.00010975,0.00036174,0.00098160,0.0021568,0.0045421,0.0089372,0.016825,0.030283,0.041901,0.051746,0.063625
400.0,8.1962e-05,0.00027209,0.00074217,0.0016171,0.0034164,0.0067509,0.012760,0.023104,0.032177,0.039831,0.049015
450.0,5.9626e-05,0.00019866,0.00054287,0.0012274,0.0025837,0.0051206,0.0097136,0.017683,0.024803,0.030739,0.037861
500.0,4.4040e-05,0.00014722,0.00040306,0.00094235,0.0019667,0.0039060,0.0074317,0.013625,0.019194,0.023814,0.029358
600.0,2.2997e-05,7.7321e-05,0.00021622,0.00051745,0.0010971,0.0021944,0.0042189,0.0078821,0.011229,0.014051,0.017654
700.0,1.3265e-05,4.4804e-05,0.00012483,0.00030868,0.00065452,0.0013270,0.0025691,0.0049142,0.0070609,0.0088808,0.011151
800.0,7.5996e-06,2.6092e-05,7.3118e-05,0.00018024,0.00039982,0.00080381,0.0015854,0.0030877,0.0044569,0.0058022,0.0073309
1000.0,2.6642e-06,9.1916e-06,2.6215e-05,6.7301e-05,0.00015171,0.00031790,0.00064968,0.0012845,0.0018821,0.0024250,0.0030929
1200.0,9.6326e-07,3.3452e-06,9.9303e-06,2.5119e-05,5.7931e-05,0.00012653,0.00026482,0.00054251,0.00081452,0.0010549,0.0013442
1500.0,2.2453e-07,7.8694e-07,2.3192e-06,6.1200e-06,1.4628e-05,3.3019e-05,7.2535e-05,0.00015380,0.00023488,0.00030956,0.00039479
SA0P3
r\m,4.0,4.5,5.0,5.5,6.0,6.5,7.0,7.5,7.8,8.0,8.2
0.0,0.18153,0.37864,0.58583,0.73134,0.87526,1.0352,1.2099,1.3845,1.4739,1.5332,1.5992
1.0,0.15489,0.33922,0.54263,0.69249,0.83481,0.99463,1.1697,1.3366,1.4296,1.4850,1.5406
5.0,0.043316,0.12141,0.25249,0.42364,0.61333,0.81412,1.0157,1.1906,1.2916,1.3497,1.4065
10.0,0.015374,0.046726,0.10801,0.21196,0.36331,0.55841,0.74928,0.93020,1.0655,1.1399,1.2240
15.0,0.0078680,0.024647,0.059315,0.12361,0.22905,0.38057,0.54955,0.73068,0.84886,0.94123,1.0359
20.0,0.0048048,0.015324,0.037752,0.081195,0.15690,0.26992,0.41351,0.58289,0.69200,0.77284,0.87106
25.0,0.0031722,0.010266,0.025937,0.057072,0.11375,0.19922,0.31914,0.47031,0.57324,0.64466,0.73412
30.0,0.0022707,0.0074141,0.019022,0.042424,0.086286,0.15274,0.25269,0.38526,0.48029,0.54817,0.62448
40.0,0.0013490,0.0044760,0.011677,0.026596,0.054491,0.099144,0.17052,0.27220,0.34776,0.40239,0.46640
50.0,0.00090081,0.0030192,0.0079480,0.018368,0.037675,0.070162,0.12468,0.20643,0.27084,0.32312,0.38465
60.0,0.00072236,0.0024397,0.0064627,0.015033,0.030682,0.057649,0.10357,0.17256,0.23086,0.27710,0.33186
70.0,0.00062423,0.0021190,0.0056389,0.013186,0.026810,0.050755,0.090865,0.15513,0.20874,0.25158,0.30261
80.0,0.00054916,0.0018727,0.0050035,0.011750,0.023822,0.045397,0.081766,0.14144,0.19143,0.23171,0.27997
90.0,0.00050178,0.0017170,0.0046036,0.010764,0.021907,0.041490,0.075962,0.13201,0.17908,0.21714,0.26285
100.0,0.00046116,0.0015830,0.0042581,0.0099184,0.020255,0.038390,0.070850,0.12362,0.16804,0.20403,0.24732
110.0,0.00042583,0.0014661,0.0039552,0.0091823,0.018809,0.035872,0.066293,0.11606,0.15801,0.19208,0.23314
120.0,0.00039472,0.0013628,0.0036868,0.0085332,0.017343,0.033617,0.062197,0.10922,0.14891,0.18119,0.22017
130.0,0.00036389,0.0012600,0.0034189,0.0078910,0.016108,0.031318,0.058018,0.10208,0.13940,0.16980,0.20654
140.0,0.00033575,0.0011663,0.0031744,0.0073075,0.014997,0.029208,0.054208,0.095504,0.13065,0.15935,0.19407
150.0,0.00031049,0.0010817,0.0029531,0.0067728,0.013987,0.027286,0.050727,0.089486,0.12263,0.14973,0.18256
175.0,0.00025742,0.00090284,0.0024817,0.0056639,0.011823,0.023144,0.043191,0.076404,0.10509,0.12864,0.15720
200.0,0.00021613,0.00076250,0.0021089,0.0048223,0.010099,0.019826,0.037119,0.065830,0.090810,0.11138,0.13639
250.0,0.00015303,0.00054599,0.0015265,0.0035172,0.0074369,0.014680,0.027628,0.049442,0.068416,0.084089,0.10317
300.0,0.00011166,0.00040206,0.0011341,0.0025783,0.0055037,0.010939,0.020735,0.037474,0.052053,0.064131,0.079315
350.0,8.3183e-05,0.00030190,0.00085730,0.0019308,0.0041463,0.0082899,0.015804,0.028779,0.040095,0.049775,0.061630
400.0,6.2864e-05,0.00022976,0.00065597,0.0014664,0.0031620,0.0063545,0.012168,0.022298,0.031272,0.038916,0.048225
450.0,4.6304e-05,0.00016982,0.00048578,0.0011281,0.0024260,0.0048947,0.0094110,0.017343,0.024500,0.030523,0.037858
500.0,3.4659e-05,0.00012753,0.00036551,0.00087863,0.0018752,0.0037950,0.0073214,0.013591,0.019283,0.024049,0.029854
600.0,1.8953e-05,7.0082e-05,0.00020452,0.00050361,0.0010929,0.0022289,0.0043435,0.0082074,0.011758,0.014770,0.018628
700.0,1.1257e-05,4.1846e-05,0.00012193,0.00030968,0.00067401,0.0013923,0.0027335,0.0052787,0.0076218,0.0096211,0.012136
800.0,6.6981e-06,2.5209e-05,7.3881e-05,0.00018740,0.00042567,0.00087349,0.0017446,0.0034257,0.0049687,0.0064625,0.0081984
1000.0,2.5187e-06,9.5210e-06,2.8342e-05,7.4586e-05,0.00017225,0.00036826,0.00076141,0.0015163,0.0022298,0.0028759,0.0036799
1200.0,9.7823e-07,3.7181e-06,1.1475e-05,2.9866e-05,7.0455e-05,0.00015669,0.00033205,0.00068188,0.0010251,0.0013292,0.0017026
1500.0,2.5190e-07,9.6741e-07,2.9696e-06,8.0279e-06,1.9576e-05,4.4957e-05,9.9637e-05,0.00021160,0.00032341,0.00042624,0.00054637
SA0P4
r\m,4.0,4.5,5.0,5.5,6.0,6.5,7.0,7.5,7.8,8.0,8.2
0.0,0.11809,0.27346,0.45225,0.57860,0.69891,0.83182,0.98029,1.1299,1.2075,1.2591,1.3172
1.0,0.097821,0.24243,0.41739,0.54740,0.66653,0.79954,0.94810,1.0912,1.1719,1.2194,1.2675
5.0,0.024359,0.081099,0.18725,0.33062,0.49034,0.66010,0.83258,0.98435,1.0731,1.1236,1.1732
10.0,0.0084983,0.030681,0.078888,0.16400,0.29068,0.45721,0.62282,0.78120,0.90163,0.96791,1.0437
15.0,0.0043456,0.016152,0.043208,0.095441,0.18336,0.31302,0.46036,0.61986,0.72555,0.80892,0.89604
20.0,0.0026604,0.010057,0.027519,0.062706,0.12567,0.22233,0.34751,0.49706,0.59483,0.66806,0.75893
25.0,0.0017583,0.0067402,0.018915,0.044087,0.091164,0.16412,0.26857,0.40193,0.49414,0.55887,0.64169
30.0,0.0012613,0.0048749,0.013886,0.032786,0.069172,0.12577,0.21269,0.32946,0.41450,0.47598,0.54659
40.0,0.00075329,0.0029558,0.0085539,0.020609,0.043748,0.081687,0.14352,0.23277,0.30003,0.34921,0.40758
50.0,0.00050576,0.0020026,0.0058422,0.014270,0.030286,0.057822,0.10489,0.17647,0.23363,0.28060,0.33699
60.0,0.00040925,0.0016317,0.0047870,0.011764,0.024830,0.047798,0.087591,0.14812,0.19996,0.24157,0.29182
70.0,0.00035177,0.0014097,0.0041529,0.010252,0.021530,0.041709,0.076071,0.13183,0.17902,0.21718,0.26350
80.0,0.00030838,0.0012414,0.0036707,0.0090943,0.019029,0.037080,0.068000,0.11943,0.16315,0.19883,0.24236
90.0,0.00028162,0.0011376,0.0033750,0.0083234,0.017477,0.033825,0.063040,0.11122,0.15227,0.18588,0.22696
100.0,0.00025878,0.0010485,0.0031207,0.0076661,0.016148,0.031263,0.058715,0.10400,0.14266,0.17437,0.21318
110.0,0.00023897,0.00097107,0.0028985,0.0070960,0.014990,0.029198,0.054895,0.097553,0.13403,0.16400,0.20075
120.0,0.00022157,0.00090289,0.0027024,0.0065953,0.013819,0.027361,0.051487,0.091773,0.12626,0.15465,0.18950
130.0,0.00020497,0.00083752,0.0025139,0.0061174,0.012874,0.025564,0.048156,0.085983,0.11847,0.14525,0.17816
140.0,0.00018972,0.00077753,0.0023409,0.0056813,0.012020,0.023908,0.045114,0.080640,0.11130,0.13664,0.16780
150.0,0.00017598,0.00072322,0.0021839,0.0052800,0.011243,0.022397,0.042329,0.075744,0.10472,0.12870,0.15824
175.0,0.00014702,0.00060808,0.0018487,0.0044479,0.0095752,0.019142,0.036315,0.065140,0.090399,0.11138,0.13726
200.0,0.00012437,0.00051725,0.0015823,0.0038150,0.0082414,0.016527,0.031459,0.056560,0.078729,0.097203,0.12005
250.0,8.9266e-05,0.00037529,0.0011606,0.0028209,0.0061593,0.012429,0.023784,0.043176,0.060288,0.074590,0.092308
300.0,6.6050e-05,0.00028014,0.00087421,0.0020975,0.0046294,0.0094148,0.018152,0.033305,0.046687,0.057904,0.072269
350.0,4.9922e-05,0.00021336,0.00067036,0.0015948,0.0035457,0.0072620,0.014091,0.026066,0.036654,0.045823,0.057266
400.0,3.8305e-05,0.00016482,0.00052071,0.0012311,0.0027519,0.0056731,0.011066,0.020612,0.029183,0.036577,0.045757
450.0,2.8670e-05,0.00012375,0.00039173,0.00096357,0.0021510,0.0044584,0.0087384,0.016378,0.023365,0.029319,0.036714
500.0,2.1834e-05,9.4524e-05,0.00029982,0.00076443,0.0016961,0.0035318,0.0069511,0.013132,0.018817,0.023636,0.029627
600.0,1.2702e-05,5.5198e-05,0.00017749,0.00046419,0.0010493,0.0022057,0.0043854,0.0084239,0.012164,0.015366,0.019479
700.0,7.8537e-06,3.4315e-05,0.00011047,0.00029726,0.00067692,0.0014406,0.0028886,0.0056567,0.0082248,0.010436,0.013248
800.0,4.9191e-06,2.1651e-05,7.0100e-05,0.00018890,0.00044759,0.00094914,0.0019330,0.0038409,0.0056100,0.0072735,0.0092796
1000.0,2.0410e-06,9.0154e-06,2.9551e-05,8.2046e-05,0.00019788,0.00043715,0.00092052,0.0018531,0.0027391,0.0035365,0.0045452
1200.0,8.7879e-07,3.8960e-06,1.3129e-05,3.6324e-05,8.9335e-05,0.00020478,0.00044247,0.00091232,0.0013730,0.0017825,0.0022983
1500.0,2.6195e-07,1.1729e-06,3.9488e-06,1.1277e-05,2.8542e-05,6.7447e-05,0.00015148,0.00032190,0.00049199,0.00064772,0.00083631
SA0P5
r\m,4.0,4.5,5.0,5.5,6.0,6.5,7.0,7.5,7.8,8.0,8.2
0.0,0.079162,0.19866,0.35555,0.47579,0.58771,0.70756,0.84056,0.97406,1.0437,1.0898,1.1422
1.0,0.064385,0.17503,0.32746,0.44992,0.56045,0.68027,0.81318,0.94096,1.0132,1.0555,1.0984
5.0,0.014963,0.056282,0.14383,0.26976,0.41264,0.56447,0.71881,0.85511,0.93518,0.98038,1.0250
10.0,0.0051695,0.021085,0.060069,0.13315,0.24474,0.39324,0.54217,0.68498,0.79430,0.85453,0.92383
15.0,0.0026423,0.011089,0.032851,0.077399,0.15444,0.26995,0.40260,0.54680,0.64305,0.71933,0.79986
20.0,0.0016200,0.0069104,0.020931,0.050857,0.10587,0.19189,0.30448,0.43983,0.52899,0.59614,0.68043
25.0,0.0010714,0.0046326,0.014390,0.035761,0.076831,0.14167,0.23551,0.35610,0.44018,0.49957,0.57645
30.0,0.00076955,0.0033534,0.010572,0.026601,0.058304,0.10854,0.18652,0.29200,0.36949,0.42588,0.49142
40.0,0.00046100,0.0020384,0.0065251,0.016746,0.036906,0.070510,0.12585,0.20629,0.26739,0.31234,0.36610
50.0,0.00031051,0.0013847,0.0044654,0.011612,0.025567,0.049917,0.091956,0.15636,0.20819,0.25108,0.30316
60.0,0.00025258,0.0011336,0.0036752,0.0096141,0.021044,0.041410,0.077023,0.13156,0.17862,0.21667,0.26310
70.0,0.00021647,0.00097652,0.0031780,0.0083467,0.018164,0.035945,0.066490,0.11640,0.15897,0.19363,0.23616
80.0,0.00018941,0.00085827,0.0028030,0.0073856,0.016005,0.031842,0.059203,0.10504,0.14434,0.17663,0.21644
90.0,0.00017294,0.00078631,0.0025763,0.0067560,0.014689,0.029014,0.054813,0.097682,0.13452,0.16488,0.20237
100.0,0.00015892,0.00072476,0.0023818,0.0062208,0.013566,0.026798,0.051010,0.091261,0.12590,0.15451,0.18988
110.0,0.00014677,0.00067128,0.0022124,0.0057577,0.012590,0.025021,0.047668,0.085562,0.11822,0.14525,0.17870
120.0,0.00013613,0.00062430,0.0020631,0.0053520,0.011607,0.023445,0.044700,0.080475,0.11135,0.13692,0.16864
130.0,0.00012618,0.00058022,0.0019226,0.0049730,0.010832,0.021942,0.041873,0.075506,0.10462,0.12878,0.15876
140.0,0.00011702,0.00053962,0.0017934,0.0046261,0.010130,0.020554,0.039288,0.070915,0.098427,0.12131,0.14973
150.0,0.00010874,0.00050280,0.0016759,0.0043063,0.0094898,0.019286,0.036920,0.066705,0.092741,0.11443,0.14141
175.0,9.1272e-05,0.00042462,0.0014248,0.0036431,0.0081177,0.016556,0.031816,0.057611,0.080402,0.099461,0.12321
200.0,7.7565e-05,0.00036277,0.0012247,0.0031381,0.0070180,0.014360,0.027690,0.050252,0.070349,0.087210,0.10827
250.0,5.6135e-05,0.00026532,0.00090543,0.0023391,0.0052905,0.010898,0.021128,0.038734,0.054398,0.067580,0.084079
300.0,4.1893e-05,0.00019969,0.00068761,0.0017539,0.0040129,0.0083355,0.016288,0.030194,0.042576,0.053027,0.066558
350.0,3.1946e-05,0.00015341,0.00053182,0.0013457,0.0031036,0.0064976,0.012783,0.023904,0.033815,0.042463,0.053377
400.0,2.4742e-05,0.00011960,0.00041685,0.0010490,0.0024341,0.0051340,0.010159,0.019137,0.027265,0.034329,0.043202
450.0,1.8702e-05,9.0666e-05,0.00031659,0.00082948,0.0019239,0.0040840,0.0081250,0.015408,0.022123,0.027891,0.035140
500.0,1.4395e-05,6.9979e-05,0.00024483,0.00066541,0.0015355,0.0032778,0.0065523,0.012531,0.018074,0.022810,0.028770
600.0,8.7043e-06,4.2445e-05,0.00015010,0.00041882,0.00098609,0.0021282,0.0042992,0.0083564,0.012132,0.015384,0.019567
700.0,5.5219e-06,2.7068e-05,9.5981e-05,0.00027507,0.00065439,0.0014296,0.0029151,0.0057677,0.0084267,0.010729,0.013678
800.0,3.5728e-06,1.7590e-05,6.2714e-05,0.00018031,0.00044549,0.00097200,0.0020111,0.0040319,0.0059178,0.0076508,0.0097973
1000.0,1.5805e-06,7.8042e-06,2.8099e-05,8.2772e-05,0.00020836,0.00047367,0.0010126,0.0020554,0.0030493,0.0039395,0.0050779
1200.0,7.2873e-07,3.6075e-06,1.3258e-05,3.9142e-05,0.00010037,0.00023641,0.00051902,0.0010744,0.0016180,0.0021019,0.0027208
1500.0,2.3983e-07,1.1976e-06,4.4127e-06,1.3387e-05,3.5210e-05,8.5375e-05,0.00019392,0.00041230,0.00062996,0.00082842,0.0010748
SA0P75
r\m,4.0,4.5,5.0,5.5,6.0,6.5,7.0,7.5,7.8,8.0,8.2
0.0,0.034592,0.095863,0.20182,0.30835,0.41561,0.52680,0.64503,0.76007,0.81962,0.85859,0.90275
1.0,0.027467,0.083796,0.18540,0.29143,0.39631,0.50663,0.62424,0.73449,0.79594,0.83150,0.86748
5.0,0.0058477,0.025648,0.079330,0.17317,0.29211,0.42307,0.55635,0.67369,0.74204,0.78018,0.81771
10.0,0.0019965,0.0094948,0.032781,0.084959,0.17338,0.29689,0.42404,0.54604,0.63893,0.69019,0.74927
15.0,0.0010201,0.0049877,0.017897,0.049322,0.10947,0.20452,0.31675,0.43924,0.52127,0.58634,0.65578
20.0,0.00062661,0.0031121,0.011410,0.032413,0.075068,0.14553,0.24012,0.35470,0.43067,0.48809,0.56099
25.0,0.00041483,0.0020873,0.0078475,0.022797,0.054500,0.10745,0.18591,0.28764,0.35913,0.40994,0.47646
30.0,0.00029845,0.0015127,0.0057700,0.016964,0.041366,0.082289,0.14725,0.23597,0.30171,0.34989,0.40660
40.0,0.00017951,0.00092266,0.0035711,0.010701,0.026213,0.053478,0.099336,0.16668,0.21827,0.25649,0.30255
50.0,0.00012142,0.00062897,0.0024504,0.0074352,0.018177,0.037865,0.072561,0.12631,0.16993,0.20630,0.25104
60.0,9.9433e-05,0.00051812,0.0020283,0.0061889,0.015035,0.031553,0.061013,0.10660,0.14625,0.17855,0.21847
70.0,8.4933e-05,0.00044483,0.0017474,0.0053488,0.012905,0.027208,0.052268,0.093593,0.12916,0.15835,0.19460
80.0,7.4163e-05,0.00039015,0.0015374,0.0047188,0.011329,0.023995,0.046309,0.084046,0.11671,0.14378,0.17754
90.0,6.7720e-05,0.00035745,0.0014128,0.0043144,0.010388,0.021834,0.042805,0.078024,0.10857,0.13395,0.16567
100.0,6.2245e-05,0.00032955,0.0013063,0.0039719,0.0095894,0.020150,0.039793,0.072811,0.10149,0.12537,0.15523
110.0,5.7514e-05,0.00030536,0.0012137,0.0036764,0.0088986,0.018807,0.037162,0.068218,0.095231,0.11776,0.14597
120.0,5.3376e-05,0.00028416,0.0011323,0.0034183,0.0082031,0.017622,0.034839,0.064145,0.089664,0.11097,0.13769
130.0,4.9614e-05,0.00026479,0.0010578,0.0031835,0.0076725,0.016527,0.032700,0.060292,0.084394,0.10455,0.12984
140.0,4.6130e-05,0.00024688,0.00098902,0.0029680,0.0071906,0.015514,0.030741,0.056726,0.079539,0.098659,0.12268
150.0,4.2977e-05,0.00023059,0.00092635,0.0027687,0.0067505,0.014586,0.028944,0.053456,0.075080,0.093236,0.11607
175.0,3.6301e-05,0.00019593,0.00079213,0.0023555,0.0058069,0.012592,0.025082,0.046416,0.065447,0.081486,0.10170
200.0,3.1042e-05,0.00016840,0.00068484,0.0020406,0.0050490,0.010986,0.021958,0.040722,0.057600,0.071877,0.089920
250.0,2.2727e-05,0.00012456,0.00051187,0.0015374,0.0038490,0.0084337,0.016952,0.031776,0.045096,0.056398,0.070718
300.0,1.7162e-05,9.4842e-05,0.00039313,0.0011657,0.0029542,0.0065313,0.013236,0.025105,0.035780,0.044866,0.056783
350.0,1.3248e-05,7.3747e-05,0.00030765,0.00090521,0.0023140,0.0051606,0.010535,0.020170,0.028844,0.036481,0.046251
400.0,1.0393e-05,5.8225e-05,0.00024415,0.00071474,0.0018397,0.0041377,0.0085016,0.016408,0.023640,0.029985,0.038069
450.0,7.9621e-06,4.4731e-05,0.00018785,0.00057296,0.0014754,0.0033437,0.0069128,0.013439,0.019521,0.024795,0.031524
500.0,6.2179e-06,3.5025e-05,0.00014733,0.00046647,0.0011964,0.0027299,0.0056753,0.011134,0.016251,0.020666,0.026309
600.0,3.9609e-06,2.2366e-05,9.4707e-05,0.00030808,0.00080762,0.0018670,0.0039251,0.0078242,0.011478,0.014648,0.018732
700.0,2.6039e-06,1.4776e-05,6.2840e-05,0.00020939,0.00055668,0.0013023,0.0027672,0.0056032,0.0082647,0.010587,0.013586
800.0,1.7613e-06,1.0005e-05,4.2752e-05,0.00014320,0.00039426,0.00092414,0.0019897,0.0040742,0.0060377,0.0077789,0.010021
1000.0,8.5194e-07,4.8525e-06,2.0858e-05,7.0910e-05,0.00019906,0.00048611,0.0010801,0.0022374,0.0033455,0.0043309,0.0056095
1200.0,4.3279e-07,2.4688e-06,1.0706e-05,3.6778e-05,0.00010499,0.00026499,0.00060518,0.0012708,0.0019200,0.0024991,0.0032542
1500.0,1.6421e-07,9.4308e-07,4.1218e-06,1.4446e-05,4.2035e-05,0.00010892,0.00025546,0.00054751,0.00083795,0.0011010,0.0014395
SA1P0
r\m,4.0,4.5,5.0,5.5,6.0,6.5,7.0,7.5,7.8,8.0,8.2
0.0,0.018446,0.052239,0.12113,0.20668,0.30599,0.41488,0.53072,0.64170,0.69869,0.73537,0.77624
1.0,0.014483,0.045501,0.11115,0.19530,0.29178,0.39906,0.51370,0.62020,0.67862,0.71216,0.74566
5.0,0.0029628,0.013621,0.047007,0.11559,0.21519,0.33420,0.45955,0.57125,0.63553,0.67126,0.70611
10.0,0.0010064,0.0050166,0.019335,0.056565,0.12778,0.23532,0.35193,0.46550,0.55064,0.59786,0.65187
15.0,0.00051417,0.0026343,0.010549,0.032823,0.080700,0.16237,0.26360,0.37577,0.45083,0.51004,0.57336
20.0,0.00031613,0.0016448,0.0067281,0.021574,0.055352,0.11559,0.20005,0.30399,0.37320,0.42544,0.49174
25.0,0.00020940,0.0011035,0.0046291,0.015177,0.040197,0.085352,0.15496,0.24670,0.31152,0.35769,0.41813
30.0,0.00015078,0.00080029,0.0034054,0.011296,0.030515,0.065359,0.12274,0.20242,0.26181,0.30546,0.35700
40.0,9.0870e-05,0.00048900,0.0021108,0.0071340,0.019349,0.042485,0.082798,0.14298,0.18938,0.22387,0.26550
50.0,6.1591e-05,0.00033396,0.0014505,0.0049621,0.013425,0.030086,0.060474,0.10833,0.14743,0.18011,0.22049
60.0,5.0602e-05,0.00027594,0.0012040,0.0041412,0.011131,0.025124,0.050941,0.091562,0.12706,0.15609,0.19214
70.0,4.3169e-05,0.00023662,0.0010358,0.0035726,0.0095316,0.021601,0.043490,0.080109,0.11183,0.13795,0.17054
80.0,3.7669e-05,0.00020740,0.00091055,0.0031482,0.0083542,0.019014,0.038446,0.071777,0.10083,0.12498,0.15526
90.0,3.4404e-05,0.00019007,0.00083691,0.0028784,0.0076589,0.017292,0.035512,0.066581,0.093713,0.11634,0.14474
100.0,3.1634e-05,0.00017530,0.00077404,0.0026502,0.0070694,0.015954,0.032999,0.062101,0.087556,0.10882,0.13554
110.0,2.9242e-05,0.00016251,0.00071943,0.0024537,0.0065606,0.014889,0.030809,0.058166,0.082125,0.10218,0.12740
120.0,2.7151e-05,0.00015131,0.00067149,0.0022821,0.0060486,0.013952,0.028881,0.054687,0.077313,0.096276,0.12016
130.0,2.5275e-05,0.00014119,0.00062818,0.0021281,0.0056638,0.013099,0.027132,0.051445,0.072827,0.090775,0.11339
140.0,2.3532e-05,0.00013182,0.00058810,0.0019863,0.0053139,0.012308,0.025531,0.048442,0.068692,0.085728,0.10722
150.0,2.1952e-05,0.00012329,0.00055154,0.0018551,0.0049940,0.011583,0.024061,0.045687,0.064895,0.081083,0.10153
175.0,1.8605e-05,0.00010511,0.00047316,0.0015830,0.0043083,0.010027,0.020905,0.039769,0.056710,0.071043,0.089188
200.0,1.5962e-05,9.0645e-05,0.00041039,0.0013756,0.0037570,0.0087728,0.018352,0.034983,0.050046,0.062837,0.079078
250.0,1.1758e-05,6.7471e-05,0.00030861,0.0010424,0.0028805,0.0067730,0.014247,0.027453,0.039405,0.049588,0.062554
300.0,8.9352e-06,5.1704e-05,0.00023852,0.00079517,0.0022242,0.0052770,0.011190,0.021826,0.031463,0.039701,0.050559
350.0,6.9424e-06,4.0472e-05,0.00018787,0.00062142,0.0017534,0.0041970,0.0089663,0.017656,0.025540,0.032509,0.041479
400.0,5.4827e-06,3.2174e-05,0.00015010,0.00049399,0.0014036,0.0033891,0.0072884,0.014471,0.021092,0.026927,0.034410
450.0,4.2300e-06,2.4895e-05,0.00011630,0.00039885,0.0011339,0.0027597,0.0059729,0.011948,0.017560,0.022452,0.028734
500.0,3.3281e-06,1.9643e-05,9.1899e-05,0.00032721,0.00092673,0.0022718,0.0049456,0.0099863,0.014749,0.018881,0.024199
600.0,2.1755e-06,1.2874e-05,6.0518e-05,0.00022139,0.00064122,0.0015936,0.0035085,0.0071960,0.010675,0.013705,0.017613
700.0,1.4565e-06,8.6644e-06,4.0937e-05,0.00015315,0.00045047,0.0011324,0.0025206,0.0052455,0.0078200,0.010076,0.013001
800.0,1.0075e-06,5.9926e-06,2.8441e-05,0.00010703,0.00032545,0.00082070,0.0018494,0.0038875,0.0058226,0.0075086,0.0097228
1000.0,5.0997e-07,3.0439e-06,1.4505e-05,5.5105e-05,0.00017078,0.00044833,0.0010415,0.0022129,0.0033410,0.0043414,0.0056485
1200.0,2.7224e-07,1.6279e-06,7.7787e-06,2.9974e-05,9.4315e-05,0.00025547,0.00060990,0.0013095,0.0019926,0.0026029,0.0034061
1500.0,1.1117e-07,6.6920e-07,3.2325e-06,1.2655e-05,4.0419e-05,0.00011212,0.00027363,0.00059717,0.00091954,0.0012107,0.0015923
SA1P5
r\m,4.0,4.5,5.0,5.5,6.0,6.5,7.0,7.5,7.8,8.0,8.2
0.0,0.0074856,0.020642,0.052046,0.10192,0.17496,0.27002,0.38133,0.49324,0.55225,0.58966,0.62984
1.0,0.0058179,0.017923,0.047711,0.096286,0.16685,0.25976,0.36916,0.47679,0.53648,0.57105,0.60485
5.0,0.0011484,0.0052615,0.019975,0.056801,0.12313,0.21813,0.33137,0.44082,0.50445,0.54047,0.57512
10.0,0.00038838,0.0019293,0.0081845,0.027739,0.073155,0.15407,0.25488,0.36096,0.43952,0.48429,0.53452
15.0,0.00019845,0.0010130,0.0044641,0.016093,0.046224,0.10648,0.19139,0.29232,0.36101,0.41472,0.47224
20.0,0.00012213,0.00063300,0.0028487,0.010581,0.031717,0.075847,0.14540,0.23687,0.29939,0.34658,0.40596
25.0,8.0950e-05,0.00042490,0.0019610,0.0074467,0.023043,0.056016,0.11268,0.19236,0.25013,0.29165,0.34556
30.0,5.8341e-05,0.00030839,0.0014436,0.0055452,0.017498,0.042896,0.089268,0.15788,0.21030,0.24920,0.29517
40.0,3.5234e-05,0.00018881,0.00089634,0.0035069,0.011105,0.027897,0.060226,0.11152,0.15211,0.18261,0.21941
50.0,2.3933e-05,0.00012920,0.00061700,0.0024427,0.0077119,0.019763,0.043990,0.084497,0.11842,0.14695,0.18238
60.0,1.9724e-05,0.00010709,0.00051367,0.0020442,0.0064099,0.016538,0.037121,0.071512,0.10219,0.12751,0.15911
70.0,1.6813e-05,9.1765e-05,0.00044154,0.0017614,0.0054792,0.014186,0.031599,0.062377,0.089662,0.11235,0.14078
80.0,1.4667e-05,8.0419e-05,0.00038806,0.0015513,0.0047975,0.012469,0.027883,0.055782,0.080686,0.10159,0.12793
90.0,1.3403e-05,7.3746e-05,0.00035689,0.0014189,0.0043988,0.011337,0.025744,0.051712,0.074941,0.094497,0.11916
100.0,1.2331e-05,6.8067e-05,0.00033031,0.0013072,0.0040614,0.010460,0.023916,0.048214,0.069986,0.088346,0.11152
110.0,1.1406e-05,6.3149e-05,0.00030724,0.0012110,0.0037706,0.0097636,0.022328,0.045152,0.065629,0.082931,0.10479
120.0,1.0598e-05,5.8847e-05,0.00028701,0.0011271,0.0034780,0.0091518,0.020933,0.042450,0.061779,0.078129,0.098818
130.0,9.8812e-06,5.5006e-05,0.00026893,0.0010526,0.0032612,0.0086021,0.019684,0.039966,0.058239,0.073719,0.093318
140.0,9.2137e-06,5.1437e-05,0.00025218,0.00098395,0.0030637,0.0080921,0.018541,0.037665,0.054975,0.069673,0.088306
150.0,8.6078e-06,4.8182e-05,0.00023687,0.00092025,0.0028830,0.0076241,0.017490,0.035552,0.051978,0.065950,0.083687
175.0,7.3221e-06,4.1241e-05,0.00020400,0.00078820,0.0024956,0.0066203,0.015238,0.031022,0.045530,0.057920,0.073687
200.0,6.3049e-06,3.5703e-05,0.00017764,0.00068746,0.0021837,0.0058103,0.013416,0.027360,0.040282,0.051360,0.065502
250.0,4.6765e-06,2.6774e-05,0.00013458,0.00052467,0.0016856,0.0045139,0.010474,0.021590,0.031889,0.040748,0.052093
300.0,3.5783e-06,2.0672e-05,0.00010481,0.00040316,0.0013106,0.0035401,0.0082778,0.017268,0.025613,0.032817,0.042360
350.0,2.8000e-06,1.6306e-05,8.3193e-05,0.00031747,0.0010408,0.0028354,0.0066773,0.014061,0.020927,0.027050,0.034984
400.0,2.2274e-06,1.3065e-05,6.6996e-05,0.00025437,0.00083960,0.0023069,0.0054673,0.011607,0.017407,0.022566,0.029233
450.0,1.7314e-06,1.0191e-05,5.2334e-05,0.00020706,0.00068376,0.0018935,0.0045155,0.0096582,0.014603,0.018961,0.024601
500.0,1.3731e-06,8.1098e-06,4.1712e-05,0.00017134,0.00056365,0.0015722,0.0037705,0.0081400,0.012368,0.016079,0.020893
600.0,9.2090e-07,5.4590e-06,2.8174e-05,0.00011891,0.00040000,0.0011310,0.0027417,0.0060075,0.0091600,0.011935,0.015521
700.0,6.2831e-07,3.7475e-06,1.9461e-05,8.3865e-05,0.00028672,0.00081912,0.0020069,0.0044544,0.0068211,0.0089158,0.011647
800.0,4.4450e-07,2.6503e-06,1.3827e-05,5.9969e-05,0.00021152,0.00060651,0.0015021,0.0033621,0.0051713,0.0067323,0.0088224
1000.0,2.3553e-07,1.4123e-06,7.3910e-06,3.2191e-05,0.00011558,0.00034434,0.00087714,0.0019811,0.0030674,0.0040340,0.0053074
1200.0,1.3215e-07,7.9520e-07,4.1512e-06,1.8404e-05,6.6942e-05,0.00020521,0.00053650,0.0012197,0.0018978,0.0025081,0.0033192
1500.0,5.8104e-08,3.5253e-07,1.8680e-06,8.3799e-06,3.0779e-05,9.6241e-05,0.00025567,0.00058761,0.00092373,0.0012282,0.0016348
SA2P0
r\m,4.0,4.5,5.0,5.5,6.0,6.5,7.0,7.5,7.8,8.0,8.2
0.0,0.0039508,0.010412,0.026895,0.056607,0.10716,0.18313,0.28311,0.39298,0.45441,0.49381,0.53537
1.0,0.0030568,0.0090278,0.024645,0.053479,0.10220,0.17620,0.27410,0.37990,0.44147,0.47823,0.51406
5.0,0.00059400,0.0026278,0.010273,0.031507,0.075453,0.14815,0.24643,0.35184,0.41587,0.45344,0.48969
10.0,0.00020052,0.00096186,0.0042032,0.015376,0.044848,0.10480,0.18992,0.28874,0.36326,0.40741,0.45648
15.0,0.00010248,0.00050508,0.0022926,0.0089210,0.028348,0.072489,0.14279,0.23418,0.29881,0.34948,0.40410
20.0,6.3103e-05,0.00031577,0.0014636,0.0058677,0.019458,0.051655,0.10854,0.18991,0.24801,0.29231,0.34775
25.0,4.1840e-05,0.00021204,0.0010079,0.0041309,0.014141,0.038158,0.084146,0.15428,0.20730,0.24610,0.29615
30.0,3.0170e-05,0.00015397,0.00074234,0.0030773,0.010742,0.029225,0.066671,0.12665,0.17433,0.21033,0.25303
40.0,1.8241e-05,9.4378e-05,0.00046144,0.0019481,0.0068225,0.019015,0.044992,0.089473,0.12610,0.15413,0.18806
50.0,1.2404e-05,6.4660e-05,0.00031799,0.0013582,0.0047410,0.013477,0.032871,0.067801,0.098179,0.12406,0.15638
60.0,1.0240e-05,5.3680e-05,0.00026516,0.0011384,0.0039462,0.011292,0.027765,0.057424,0.084786,0.10772,0.13651
70.0,8.7271e-06,4.5999e-05,0.00022792,0.00098077,0.0033718,0.0096785,0.023610,0.050028,0.074294,0.094779,0.12062
80.0,7.6136e-06,4.0320e-05,0.00020036,0.00086388,0.0029519,0.0085038,0.020821,0.044707,0.066807,0.085643,0.10953
90.0,6.9604e-06,3.6995e-05,0.00018438,0.00079058,0.0027076,0.0077331,0.019223,0.041439,0.062037,0.079640,0.10199
100.0,6.4068e-06,3.4167e-05,0.00017076,0.00072873,0.0025011,0.0071367,0.017860,0.038635,0.057929,0.074446,0.095431
110.0,5.9294e-06,3.1719e-05,0.00015894,0.00067553,0.0023232,0.0066641,0.016677,0.036183,0.054322,0.069879,0.089666
120.0,5.5124e-06,2.9578e-05,0.00014858,0.00062917,0.0021441,0.0062490,0.015638,0.034022,0.051139,0.065834,0.084555
130.0,5.1440e-06,2.7675e-05,0.00013937,0.00058817,0.0020122,0.0058783,0.014715,0.032047,0.048229,0.062143,0.079878
140.0,4.8007e-06,2.5904e-05,0.00013082,0.00055034,0.0018921,0.0055340,0.013869,0.030217,0.045546,0.058756,0.075617
150.0,4.4888e-06,2.4289e-05,0.00012300,0.00051522,0.0017821,0.0052179,0.013091,0.028536,0.043082,0.055640,0.071691
175.0,3.8264e-06,2.0840e-05,0.00010620,0.00044238,0.0015462,0.0045400,0.011425,0.024935,0.037786,0.048925,0.063198
200.0,3.3018e-06,1.8085e-05,9.2708e-05,0.00038679,0.0013560,0.0039926,0.010076,0.022023,0.033476,0.043441,0.056250
250.0,2.4588e-06,1.3624e-05,7.0583e-05,0.00029662,0.0010514,0.0031143,0.0078941,0.017432,0.026577,0.034559,0.044854
300.0,1.8890e-06,1.0568e-05,5.5236e-05,0.00022903,0.00082129,0.0024526,0.0062617,0.013988,0.021412,0.027915,0.036580
350.0,1.4842e-06,8.3746e-06,4.4060e-05,0.00018123,0.00065525,0.0019729,0.0050706,0.011430,0.017553,0.023085,0.030308
400.0,1.1855e-06,6.7417e-06,3.5659e-05,0.00014594,0.00053115,0.0016124,0.0041689,0.0094715,0.014653,0.019326,0.025414
450.0,9.2544e-07,5.2842e-06,2.7996e-05,0.00011942,0.00043473,0.0013297,0.0034581,0.0079125,0.012340,0.016300,0.021467
500.0,7.3713e-07,4.2258e-06,2.2430e-05,9.9341e-05,0.00036023,0.0011096,0.0029008,0.0066975,0.010495,0.013878,0.018304
600.0,5.0088e-07,2.8851e-06,1.5364e-05,6.9926e-05,0.00025924,0.00080911,0.0021364,0.0050017,0.0078596,0.010412,0.013731
700.0,3.4519e-07,2.0026e-06,1.0740e-05,4.9881e-05,0.00018799,0.00059227,0.0015794,0.0037411,0.0059004,0.0078390,0.010385
800.0,2.4705e-07,1.4335e-06,7.7275e-06,3.6133e-05,0.00014034,0.00044370,0.0011947,0.0028500,0.0045133,0.0059578,0.0079148
1000.0,1.3401e-07,7.8365e-07,4.2388e-06,1.9862e-05,7.8459e-05,0.00025733,0.00071118,0.0017090,0.0027212,0.0036319,0.0048413
1200.0,7.7106e-08,4.5328e-07,2.4417e-06,1.1669e-05,4.6637e-05,0.00015707,0.00044489,0.0010732,0.0017142,0.0022981,0.0030806
1500.0,3.5191e-08,2.0902e-07,1.1462e-06,5.5347e-06,2.2277e-05,7.6318e-05,0.00021875,0.00053145,0.00085642,0.0011537,0.0015556
SA3P0
r\m,4.0,4.5,5.0,5.5,6.0,6.5,7.0,7.5,7.8,8.0,8.2
0.0,0.0016199,0.0039337,0.010150,0.022806,0.048334,0.094737,0.16822,0.26380,0.32426,0.36499,0.40811
1.0,0.0012484,0.0034070,0.0092984,0.021546,0.046099,0.091161,0.16288,0.25505,0.31506,0.35348,0.39183
5.0,0.00023932,0.00098449,0.0038622,0.012682,0.034055,0.076753,0.14667,0.23660,0.29730,0.33573,0.37388
10.0,8.0675e-05,0.00035988,0.0015785,0.0061868,0.020255,0.054381,0.11326,0.19457,0.26029,0.30239,0.34946
15.0,4.1241e-05,0.00018904,0.00086121,0.0035909,0.012811,0.037651,0.085260,0.15803,0.21441,0.25981,0.30993
20.0,2.5411e-05,0.00011826,0.00055014,0.0023632,0.0087979,0.026845,0.064856,0.12827,0.17811,0.21750,0.26698
25.0,1.6857e-05,7.9453e-05,0.00037908,0.0016647,0.0063977,0.019840,0.050304,0.10425,0.14895,0.18321,0.22749
30.0,1.2162e-05,5.7730e-05,0.00027938,0.0012408,0.0048623,0.015201,0.039871,0.085605,0.12530,0.15663,0.19442
40.0,7.3629e-06,3.5436e-05,0.00017392,0.00078660,0.0030919,0.0098994,0.026923,0.060505,0.090658,0.11480,0.14450
50.0,5.0136e-06,2.4312e-05,0.00012002,0.00054918,0.0021511,0.0070223,0.019682,0.045868,0.070611,0.092438,0.12023
60.0,4.1456e-06,2.0221e-05,0.00010027,0.00046118,0.0017936,0.0058928,0.016646,0.038884,0.061029,0.080320,0.10502
70.0,3.5339e-06,1.7334e-05,8.6232e-05,0.00039747,0.0015327,0.0050500,0.014147,0.033850,0.053430,0.070607,0.092702
80.0,3.0841e-06,1.5203e-05,7.5855e-05,0.00035031,0.0013424,0.0044378,0.012474,0.030240,0.048025,0.063770,0.084131
90.0,2.8214e-06,1.3962e-05,6.9873e-05,0.00032091,0.0012324,0.0040381,0.011521,0.028034,0.044598,0.059299,0.078330
100.0,2.5989e-06,1.2907e-05,6.4778e-05,0.00029610,0.0011394,0.0037293,0.010709,0.026144,0.041651,0.055434,0.073294
110.0,2.4070e-06,1.1993e-05,6.0359e-05,0.00027478,0.0010594,0.0034850,0.010005,0.024493,0.039066,0.052041,0.068872
120.0,2.2394e-06,1.1194e-05,5.6485e-05,0.00025620,0.00097868,0.0032707,0.0093879,0.023040,0.036787,0.049040,0.064956
130.0,2.0920e-06,1.0487e-05,5.3057e-05,0.00023984,0.00091970,0.0030802,0.0088419,0.021718,0.034715,0.046315,0.061392
140.0,1.9544e-06,9.8285e-06,4.9869e-05,0.00022472,0.00086591,0.0029031,0.0083412,0.020492,0.032803,0.043815,0.058146
150.0,1.8293e-06,9.2268e-06,4.6951e-05,0.00021066,0.00081662,0.0027403,0.0078810,0.019366,0.031048,0.041514,0.055155
175.0,1.5634e-06,7.9409e-06,4.0677e-05,0.00018150,0.00071082,0.0023913,0.0068947,0.016955,0.027277,0.036560,0.048690
200.0,1.3525e-06,6.9120e-06,3.5627e-05,0.00015923,0.00062543,0.0021091,0.0060956,0.015005,0.024208,0.032514,0.043402
250.0,1.0121e-06,5.2379e-06,2.7300e-05,0.00012292,0.00048806,0.0016546,0.0047989,0.011925,0.019288,0.025952,0.034715
300.0,7.8136e-07,4.0866e-06,2.1502e-05,9.5542e-05,0.00038368,0.0013107,0.0038256,0.0096097,0.015598,0.021036,0.028406
350.0,6.1689e-07,3.2574e-06,1.7263e-05,7.6109e-05,0.00030810,0.0010606,0.0031140,0.0078871,0.012838,0.017461,0.023618
400.0,4.9518e-07,2.6377e-06,1.4061e-05,6.1701e-05,0.00025139,0.00087209,0.0025739,0.0065655,0.010762,0.014677,0.019879
450.0,3.8847e-07,2.0796e-06,1.1111e-05,5.0828e-05,0.00020712,0.00072366,0.0021469,0.0055112,0.0091032,0.012430,0.016858
500.0,3.1100e-07,1.6731e-06,8.9606e-06,4.2573e-05,0.00017279,0.00060771,0.0018112,0.0046884,0.0077777,0.010629,0.014435
600.0,2.1428e-07,1.1603e-06,6.2382e-06,3.0473e-05,0.00012643,0.00045023,0.0013534,0.0035467,0.0058938,0.0080636,0.010937
700.0,1.4933e-07,8.1573e-07,4.4233e-06,2.2047e-05,9.3003e-05,0.00033394,0.0010126,0.0026795,0.0044648,0.0061225,0.0083399
800.0,1.0821e-07,5.9192e-07,3.2295e-06,1.6218e-05,7.0441e-05,0.00025370,0.00077542,0.0020628,0.0034483,0.0046869,0.0063988
1000.0,6.0175e-08,3.3283e-07,1.8248e-06,9.1723e-06,4.0491e-05,0.00015097,0.00047222,0.0012617,0.0021167,0.0029096,0.0039816
1200.0,3.5539e-08,1.9820e-07,1.0818e-06,5.5592e-06,2.4804e-05,9.4750e-05,0.00030300,0.00080960,0.0013593,0.0018750,0.0025787
1500.0,1.6856e-08,9.5336e-08,5.3197e-07,2.7613e-06,1.2378e-05,4.7938e-05,0.00015434,0.00041315,0.00069817,0.00096599,0.0013355
SA4P0
r\m,4.0,4.5,5.0,5.5,6.0,6.5,7.0,7.5,7.8,8.0,8.2
0.0,0.00086756,0.0019792,0.0050241,0.011588,0.026121,0.055791,0.10912,0.18802,0.24317,0.28222,0.32444
1.0,0.00066747,0.0017134,0.0046022,0.010949,0.024915,0.053690,0.10567,0.18180,0.23628,0.27333,0.31149
5.0,0.00012722,0.00049363,0.0019089,0.0064429,0.018413,0.045238,0.095229,0.16878,0.22314,0.25981,0.29745
10.0,4.2863e-05,0.00018037,0.00077996,0.0031433,0.010957,0.032080,0.073614,0.13894,0.19558,0.23428,0.27837
15.0,2.1917e-05,9.4768e-05,0.00042567,0.0018250,0.0069332,0.022224,0.055455,0.11294,0.16122,0.20145,0.24710
20.0,1.3509e-05,5.9311e-05,0.00027204,0.0012016,0.0047636,0.015853,0.042204,0.091710,0.13400,0.16872,0.21296
25.0,8.9646e-06,3.9863e-05,0.00018753,0.00084680,0.0034656,0.011721,0.032747,0.074568,0.11210,0.14216,0.18152
30.0,6.4703e-06,2.8977e-05,0.00013827,0.00063148,0.0026350,0.0089833,0.025963,0.061245,0.094318,0.12157,0.15516
40.0,3.9201e-06,1.7802e-05,8.6159e-05,0.00040071,0.0016771,0.0058549,0.017543,0.043308,0.068267,0.089129,0.11535
50.0,2.6714e-06,1.2225e-05,5.9517e-05,0.00028003,0.0011678,0.0041564,0.012832,0.032846,0.053191,0.071794,0.096009
60.0,2.2110e-06,1.0179e-05,4.9782e-05,0.00023545,0.00097490,0.0034916,0.010862,0.027864,0.046000,0.062415,0.083905
70.0,1.8853e-06,8.7297e-06,4.2835e-05,0.00020303,0.00083348,0.0029931,0.0092322,0.024255,0.040266,0.054855,0.074042
80.0,1.6460e-06,7.6606e-06,3.7704e-05,0.00017906,0.00073043,0.0026314,0.0081429,0.021671,0.036194,0.049543,0.067192
90.0,1.5066e-06,7.0398e-06,3.4757e-05,0.00016416,0.00067108,0.0023960,0.0075248,0.020097,0.033620,0.046078,0.062567
100.0,1.3885e-06,6.5121e-06,3.2248e-05,0.00015160,0.00062094,0.0022143,0.0069983,0.018749,0.031407,0.043085,0.058554
110.0,1.2866e-06,6.0553e-06,3.0072e-05,0.00014080,0.00057779,0.0020707,0.0065420,0.017572,0.029467,0.040458,0.055031
120.0,1.1977e-06,5.6560e-06,2.8165e-05,0.00013139,0.00053420,0.0019448,0.0061419,0.016537,0.027758,0.038135,0.051914
130.0,1.1196e-06,5.3031e-06,2.6480e-05,0.00012312,0.00050248,0.0018331,0.0057889,0.015597,0.026207,0.036032,0.049084
140.0,1.0467e-06,4.9741e-06,2.4912e-05,0.00011547,0.00047354,0.0017292,0.0054651,0.014725,0.024776,0.034101,0.046506
150.0,9.8032e-07,4.6733e-06,2.3476e-05,0.00010835,0.00044700,0.0016337,0.0051673,0.013924,0.023461,0.032324,0.044131
175.0,8.3917e-07,4.0301e-06,2.0384e-05,9.3575e-05,0.00039001,0.0014286,0.0045290,0.012208,0.020638,0.028499,0.038998
200.0,7.2713e-07,3.5149e-06,1.7894e-05,8.2290e-05,0.00034396,0.0012628,0.0040116,0.010820,0.018340,0.025375,0.034798
250.0,5.4584e-07,2.6739e-06,1.3772e-05,6.3822e-05,0.00026966,0.00099491,0.0031698,0.0086254,0.014650,0.020301,0.027892
300.0,4.2269e-07,2.0941e-06,1.0895e-05,4.9834e-05,0.00021296,0.00079146,0.0025363,0.0069720,0.011879,0.016495,0.022873
350.0,3.3475e-07,1.6755e-06,8.7842e-06,3.9880e-05,0.00017179,0.00064320,0.0020722,0.0057400,0.0098034,0.013726,0.019061
400.0,2.6953e-07,1.3619e-06,7.1859e-06,3.2479e-05,0.00014081,0.00053116,0.0017194,0.0047935,0.0082412,0.011567,0.016081
450.0,2.1209e-07,1.0778e-06,5.7025e-06,2.6877e-05,0.00011655,0.00044266,0.0014396,0.0040367,0.0069912,0.0098218,0.013671
500.0,1.7032e-07,8.7038e-07,4.6185e-06,2.2616e-05,9.7678e-05,0.00037336,0.0012193,0.0034454,0.0059909,0.0084222,0.011735
600.0,1.1827e-07,6.0912e-07,3.2470e-06,1.6357e-05,7.2223e-05,0.00027939,0.00091932,0.0026268,0.0045715,0.0064302,0.0089418
700.0,8.2953e-08,4.3157e-07,2.3228e-06,1.1943e-05,5.3626e-05,0.00020904,0.00069323,0.0019975,0.0034829,0.0049078,0.0068521
800.0,6.0531e-08,3.1568e-07,1.7111e-06,8.8695e-06,4.0996e-05,0.00016024,0.00053508,0.0015479,0.0027060,0.0037745,0.0052792
1000.0,3.4131e-08,1.8042e-07,9.8423e-07,5.1066e-06,2.3988e-05,9.6961e-05,0.00033070,0.00095866,0.0016795,0.0023685,0.0033176
1200.0,2.0446e-08,1.0922e-07,5.9350e-07,3.1534e-06,1.4969e-05,6.1913e-05,0.00021553,0.00062328,0.0010910,0.0015427,0.0021702
1500.0,9.8985e-09,5.3785e-08,2.9971e-07,1.6095e-06,7.6705e-06,3.2111e-05,0.00011220,0.00032391,0.00056957,0.00080679,0.0011401
SA5P0
r\m,4.0,4.5,5.0,5.5,6.0,6.5,7.0,7.5,7.8,8.0,8.2
0.0,0.00053332,0.0011586,0.0028888,0.0067457,0.015816,0.035874,0.075419,0.14001,0.18889,0.22503,0.26505
1.0,0.00040995,0.0010028,0.0026461,0.0063738,0.015087,0.034526,0.073040,0.13538,0.18355,0.21795,0.25447
5.0,7.7894e-05,0.00028844,0.0010968,0.0037507,0.011154,0.029105,0.065856,0.12576,0.17343,0.20728,0.24311
10.0,2.6240e-05,0.00010538,0.00044813,0.0018301,0.0066396,0.020652,0.050942,0.10359,0.15212,0.18704,0.22769
15.0,1.3420e-05,5.5382e-05,0.00024463,0.0010629,0.0042030,0.014314,0.038395,0.084246,0.12545,0.16091,0.20222
20.0,8.2740e-06,3.4672e-05,0.00015640,0.00070006,0.0028888,0.010214,0.029231,0.068438,0.10430,0.13481,0.17435
25.0,5.4919e-06,2.3310e-05,0.00010785,0.00049353,0.0021024,0.0075542,0.022689,0.055662,0.087278,0.11362,0.14864
30.0,3.9649e-06,1.6949e-05,7.9548e-05,0.00036818,0.0015991,0.0057916,0.017994,0.045728,0.073453,0.097183,0.12708
40.0,2.4035e-06,1.0420e-05,4.9605e-05,0.00023381,0.0010186,0.0037773,0.012165,0.032349,0.053184,0.071270,0.094492
50.0,1.6388e-06,7.1605e-06,3.4292e-05,0.00016352,0.00070979,0.0026833,0.0089031,0.024545,0.041454,0.057428,0.078677
60.0,1.3573e-06,5.9663e-06,2.8707e-05,0.00013761,0.00059305,0.0022559,0.0075418,0.020834,0.035868,0.049948,0.068784
70.0,1.1577e-06,5.1192e-06,2.4713e-05,0.00011873,0.00050727,0.0019347,0.0064118,0.018139,0.031399,0.043899,0.060697
80.0,1.0111e-06,4.4943e-06,2.1765e-05,0.00010477,0.00044480,0.0017017,0.0056574,0.016210,0.028229,0.039654,0.055087
90.0,9.2581e-07,4.1324e-06,2.0077e-05,9.6119e-05,0.00040893,0.0015504,0.0052306,0.015039,0.026229,0.036889,0.051305
100.0,8.5360e-07,3.8247e-06,1.8639e-05,8.8823e-05,0.00037864,0.0014337,0.0048671,0.014036,0.024510,0.034502,0.048024
110.0,7.9132e-07,3.5583e-06,1.7392e-05,8.2553e-05,0.00035257,0.0013416,0.0045522,0.013160,0.023004,0.032408,0.045146
120.0,7.3694e-07,3.3255e-06,1.6300e-05,7.7088e-05,0.00032619,0.0012608,0.0042761,0.012390,0.021677,0.030556,0.042599
130.0,6.8924e-07,3.1200e-06,1.5336e-05,7.2290e-05,0.00030706,0.0011892,0.0040328,0.011691,0.020474,0.028881,0.040290
140.0,6.4465e-07,2.9282e-06,1.4438e-05,6.7851e-05,0.00028959,0.0011226,0.0038095,0.011043,0.019365,0.027344,0.038187
150.0,6.0408e-07,2.7528e-06,1.3615e-05,6.3714e-05,0.00027357,0.0010613,0.0036042,0.010448,0.018345,0.025929,0.036248
175.0,5.1773e-07,2.3775e-06,1.1843e-05,5.5129e-05,0.00023914,0.00092979,0.0031639,0.0091718,0.016155,0.022883,0.032059
200.0,4.4914e-07,2.0766e-06,1.0414e-05,4.8571e-05,0.00021130,0.00082328,0.0028067,0.0081394,0.014371,0.020394,0.028632
250.0,3.3795e-07,1.5844e-06,8.0421e-06,3.7807e-05,0.00016626,0.00065089,0.0022246,0.0065046,0.011505,0.016348,0.022989
300.0,2.6230e-07,1.2444e-06,6.3829e-06,2.9626e-05,0.00013178,0.00051958,0.0017854,0.0052711,0.0093495,0.013309,0.018886
350.0,2.0820e-07,9.9850e-07,5.1633e-06,2.3793e-05,0.00010669,0.00042370,0.0014632,0.0043507,0.0077329,0.011098,0.015767
400.0,1.6801e-07,8.1387e-07,4.2376e-06,1.9446e-05,8.7762e-05,0.00035108,0.0012177,0.0036426,0.0065152,0.0093707,0.013327
450.0,1.3251e-07,6.4590e-07,3.3736e-06,1.6148e-05,7.2896e-05,0.00029359,0.0010227,0.0030754,0.0055396,0.0079734,0.011350
500.0,1.0665e-07,5.2306e-07,2.7411e-06,1.3635e-05,6.1312e-05,0.00024847,0.00086881,0.0026318,0.0047579,0.0068516,0.0097618
600.0,7.4449e-08,3.6838e-07,1.9407e-06,9.9365e-06,4.5685e-05,0.00018732,0.00065952,0.0020181,0.0036493,0.0052556,0.0074689
700.0,5.2459e-08,2.6247e-07,1.3974e-06,7.3048e-06,3.4161e-05,0.00014110,0.00050033,0.0015424,0.0027926,0.0040274,0.0057445
800.0,3.8463e-08,1.9308e-07,1.0360e-06,5.4632e-06,2.6297e-05,0.00010889,0.00038852,0.0012012,0.0021793,0.0031086,0.0044402
1000.0,2.1893e-08,1.1161e-07,6.0353e-07,3.1870e-06,1.5593e-05,6.6726e-05,0.00024285,0.00075111,0.0013640,0.0019662,0.0028105
1200.0,1.3240e-08,6.8327e-08,3.6836e-07,1.9945e-06,9.8615e-06,4.3152e-05,0.00016011,0.00049310,0.00089356,0.0012907,0.0018517
1500.0,6.4978e-09,3.4192e-08,1.8946e-07,1.0378e-06,5.1510e-06,2.2790e-05,8.4699e-05,0.00025974,0.00047215,0.00068243,0.00098273
SA7P5
r\m,4.0,4.5,5.0,5.5,6.0,6.5,7.0,7.5,7.8,8.0,8.2
0.0,0.00021701,0.00043165,0.0010345,0.0024406,0.0060597,0.015136,0.036007,0.076535,0.11189,0.14032,0.17350
1.0,0.00016664,0.00037350,0.00094758,0.0023063,0.0057811,0.014570,0.034876,0.074014,0.10874,0.13591,0.16658
5.0,3.1552e-05,0.00010726,0.00039255,0.0013574,0.0042766,0.012292,0.031472,0.068805,0.10282,0.12935,0.15926
10.0,1.0628e-05,3.9187e-05,0.00016041,0.00066262,0.0025477,0.0087308,0.024371,0.056736,0.090279,0.11684,0.14931
15.0,5.4375e-06,2.0604e-05,8.7618e-05,0.00038509,0.0016139,0.0060564,0.018384,0.046179,0.074511,0.10060,0.13272
20.0,3.3542e-06,1.2907e-05,5.6051e-05,0.00025381,0.0011101,0.0043249,0.014006,0.037539,0.061989,0.084330,0.11449
25.0,2.2273e-06,8.6820e-06,3.8677e-05,0.00017906,0.00080846,0.0032008,0.010878,0.030549,0.051898,0.071108,0.097650
30.0,1.6088e-06,6.3165e-06,2.8546e-05,0.00013367,0.00061537,0.0024556,0.0086325,0.025110,0.043697,0.060846,0.083517
40.0,9.7620e-07,3.8878e-06,1.7825e-05,8.5008e-05,0.00039252,0.0016037,0.0058430,0.017781,0.031665,0.044655,0.062139
50.0,6.6626e-07,2.6748e-06,1.2339e-05,5.9539e-05,0.00027392,0.0011408,0.0042814,0.013505,0.024702,0.036010,0.051777
60.0,5.5238e-07,2.2316e-06,1.0344e-05,5.0183e-05,0.00022924,0.00096053,0.0036317,0.011475,0.021394,0.031347,0.045301
70.0,4.7147e-07,1.9164e-06,8.9148e-06,4.3347e-05,0.00019631,0.00082460,0.0030902,0.0099972,0.018738,0.027562,0.039987
80.0,4.1205e-07,1.6841e-06,7.8600e-06,3.8299e-05,0.00017234,0.00072613,0.0027292,0.0089411,0.016857,0.024910,0.036307
90.0,3.7760e-07,1.5500e-06,7.2591e-06,3.5182e-05,0.00015865,0.00066239,0.0025261,0.0083023,0.015674,0.023188,0.033833
100.0,3.4843e-07,1.4361e-06,6.7476e-06,3.2554e-05,0.00014710,0.00061331,0.0023532,0.0077557,0.014658,0.021702,0.031688
110.0,3.2327e-07,1.3375e-06,6.3038e-06,3.0296e-05,0.00013715,0.00057465,0.0022035,0.0072786,0.013768,0.020399,0.029806
120.0,3.0129e-07,1.2512e-06,5.9149e-06,2.8328e-05,0.00012706,0.00054074,0.0020722,0.0068591,0.012985,0.019247,0.028142
130.0,2.8204e-07,1.1752e-06,5.5723e-06,2.6602e-05,0.00011978,0.00051075,0.0019567,0.0064792,0.012275,0.018207,0.026635
140.0,2.6403e-07,1.1042e-06,5.2527e-06,2.5004e-05,0.00011313,0.00048281,0.0018507,0.0061262,0.011620,0.017251,0.025262
150.0,2.4762e-07,1.0392e-06,4.9596e-06,2.3512e-05,0.00010702,0.00045708,0.0017530,0.0058018,0.011018,0.016372,0.023997
175.0,2.1269e-07,8.9993e-07,4.3277e-06,2.0414e-05,9.3886e-05,0.00040179,0.0015436,0.0051064,0.0097245,0.014477,0.021262
200.0,1.8490e-07,7.8816e-07,3.8174e-06,1.8047e-05,8.3247e-05,0.00035698,0.0013736,0.0045433,0.0086704,0.012929,0.019023
250.0,1.3971e-07,6.0449e-07,2.9662e-06,1.4142e-05,6.5958e-05,0.00028412,0.0010953,0.0036494,0.0069722,0.010405,0.015329
300.0,1.0888e-07,4.7724e-07,2.3685e-06,1.1156e-05,5.2637e-05,0.00022830,0.00088430,0.0029723,0.0056910,0.0085054,0.012638
350.0,8.6773e-08,3.8489e-07,1.9274e-06,9.0177e-06,4.2902e-05,0.00018739,0.00072900,0.0024657,0.0047279,0.0071203,0.010589
400.0,7.0303e-08,3.1530e-07,1.5911e-06,7.4176e-06,3.5527e-05,0.00015628,0.00061029,0.0020748,0.0040010,0.0060364,0.0089822
450.0,5.5665e-08,2.5147e-07,1.2741e-06,6.1992e-06,2.9704e-05,0.00013153,0.00051554,0.0017605,0.0034169,0.0051570,0.0076779
500.0,4.4979e-08,2.0465e-07,1.0411e-06,5.2675e-06,2.5147e-05,0.00011202,0.00044053,0.0015141,0.0029477,0.0044493,0.0066274
600.0,3.1674e-08,1.4568e-07,7.4612e-07,3.8896e-06,1.8995e-05,8.5589e-05,0.00033854,0.0011734,0.0022822,0.0034421,0.0051091
700.0,2.2492e-08,1.0480e-07,5.4331e-07,2.8944e-06,1.4385e-05,6.5265e-05,0.00025973,0.00090538,0.0017611,0.0026578,0.0039568
800.0,1.6623e-08,7.7841e-08,4.0733e-07,2.1914e-06,1.1212e-05,5.0987e-05,0.00020394,0.00071180,0.0013859,0.0020660,0.0030778
1000.0,9.6087e-09,4.5853e-08,2.4247e-07,1.3081e-06,6.8077e-06,3.1969e-05,0.00013016,0.00045311,0.00088120,0.0013262,0.0019742
1200.0,5.8995e-09,2.8595e-08,1.5106e-07,8.3752e-07,4.4070e-06,2.1146e-05,8.7612e-05,0.00030276,0.00058629,0.00088298,0.0013176
1500.0,2.9585e-09,1.4687e-08,8.0086e-08,4.5017e-07,2.3791e-06,1.1530e-05,4.7702e-05,0.00016344,0.00031663,0.00047623,0.00071217
SA10P0
r\m,4.0,4.5,5.0,5.5,6.0,6.5,7.0,7.5,7.8,8.0,8.2
0.0,0.00011412,0.00021367,0.00049650,0.0011723,0.0030046,0.0079634,0.020529,0.047871,0.074113,0.096501,0.12374
1.0,8.7594e-05,0.00018487,0.00045482,0.0011079,0.0028668,0.0076662,0.019886,0.046299,0.072032,0.093479,0.11882
5.0,1.6563e-05,5.3058e-05,0.00018840,0.00065221,0.0021217,0.0064712,0.017955,0.043062,0.068145,0.089005,0.11364
10.0,5.5794e-06,1.9389e-05,7.7009e-05,0.00031851,0.0012646,0.0045993,0.013913,0.035531,0.059868,0.080447,0.10661
15.0,2.8554e-06,1.0198e-05,4.2080e-05,0.00018520,0.00080154,0.0031923,0.010501,0.028935,0.049437,0.069298,0.094803
20.0,1.7620e-06,6.3908e-06,2.6932e-05,0.00012212,0.00055160,0.0022809,0.0080048,0.023533,0.041147,0.058114,0.081814
25.0,1.1704e-06,4.3006e-06,1.8593e-05,8.6198e-05,0.00040195,0.0016889,0.0062202,0.019159,0.034462,0.049021,0.069805
30.0,8.4567e-07,3.1301e-06,1.3729e-05,6.4382e-05,0.00030611,0.0012964,0.0049384,0.015755,0.029028,0.041961,0.059720
40.0,5.1348e-07,1.9282e-06,8.5810e-06,4.0987e-05,0.00019547,0.00084751,0.0033458,0.011165,0.021050,0.030815,0.044458
50.0,3.5068e-07,1.3277e-06,5.9455e-06,2.8736e-05,0.00013655,0.00060349,0.0024539,0.0084870,0.016433,0.024865,0.037067
60.0,2.9095e-07,1.1086e-06,4.9895e-06,2.4247e-05,0.00011440,0.00050870,0.0020836,0.0072180,0.014243,0.021660,0.032452
70.0,2.4846e-07,9.5273e-07,4.3035e-06,2.0963e-05,9.8061e-05,0.00043710,0.0017744,0.0062924,0.012482,0.019055,0.028657
80.0,2.1727e-07,8.3782e-07,3.7975e-06,1.8539e-05,8.6173e-05,0.00038526,0.0015684,0.0056317,0.011236,0.017230,0.026032
90.0,1.9922e-07,7.7170e-07,3.5103e-06,1.7047e-05,7.9410e-05,0.00035179,0.0014530,0.0052333,0.010454,0.016049,0.024271
100.0,1.8394e-07,7.1551e-07,3.2658e-06,1.5789e-05,7.3699e-05,0.00032605,0.0013548,0.0048925,0.0097836,0.015030,0.022744
110.0,1.7075e-07,6.6687e-07,3.0537e-06,1.4708e-05,6.8788e-05,0.00030580,0.0012697,0.0045952,0.0091959,0.014136,0.021405
120.0,1.5924e-07,6.2434e-07,2.8678e-06,1.3766e-05,6.3792e-05,0.00028804,0.0011952,0.0043337,0.0086783,0.013346,0.020221
130.0,1.4916e-07,5.8686e-07,2.7042e-06,1.2940e-05,6.0200e-05,0.00027235,0.0011296,0.0040970,0.0082101,0.012633,0.019150
140.0,1.3972e-07,5.5181e-07,2.5514e-06,1.2175e-05,5.6915e-05,0.00025771,0.0010694,0.0038770,0.0077776,0.011978,0.018173
150.0,1.3112e-07,5.1972e-07,2.4112e-06,1.1460e-05,5.3899e-05,0.00024422,0.0010140,0.0036746,0.0073799,0.011374,0.017273
175.0,1.1279e-07,4.5094e-07,2.1087e-06,9.9747e-06,4.7404e-05,0.00021523,0.00089493,0.0032408,0.0065251,0.010075,0.015326
200.0,9.8200e-08,3.9568e-07,1.8642e-06,8.8397e-06,4.2140e-05,0.00019170,0.00079820,0.0028892,0.0058282,0.0090116,0.013733
250.0,7.4415e-08,3.0460e-07,1.4548e-06,6.9605e-06,3.3557e-05,0.00015334,0.00063940,0.0023300,0.0047033,0.0072762,0.011098
300.0,5.8162e-08,2.4135e-07,1.1666e-06,5.5166e-06,2.6912e-05,0.00012381,0.00051858,0.0019052,0.0038525,0.0059665,0.0091759
350.0,4.6483e-08,1.9534e-07,9.5333e-07,4.4801e-06,2.2042e-05,0.00010211,0.00042942,0.0015866,0.0032115,0.0050106,0.0077100
400.0,3.7765e-08,1.6058e-07,7.9026e-07,3.7021e-06,1.8340e-05,8.5567e-05,0.00036108,0.0013402,0.0027271,0.0042612,0.0065587
450.0,2.9984e-08,1.2852e-07,6.3537e-07,3.1079e-06,1.5407e-05,7.2351e-05,0.00030635,0.0011415,0.0023369,0.0036517,0.0056220
500.0,2.4293e-08,1.0495e-07,5.2130e-07,2.6526e-06,1.3104e-05,6.1909e-05,0.00026291,0.00098545,0.0020228,0.0031602,0.0048663
600.0,1.7205e-08,7.5236e-08,3.7665e-07,1.9765e-06,9.9926e-06,4.7746e-05,0.00020381,0.00076961,0.0015769,0.0024603,0.0037726
700.0,1.2282e-08,5.4480e-08,2.7640e-07,1.4834e-06,7.6353e-06,3.6730e-05,0.00015766,0.00059806,0.0012246,0.0019107,0.0029371
800.0,9.1246e-09,4.0728e-08,2.0880e-07,1.1325e-06,6.0031e-06,2.8944e-05,0.00012479,0.00047348,0.00096972,0.0014934,0.0022959
1000.0,5.3276e-09,2.4294e-08,1.2612e-07,6.8682e-07,3.7058e-06,1.8446e-05,8.0861e-05,0.00030542,0.00062389,0.00096916,0.0014873
1200.0,3.3029e-09,1.5334e-08,7.9654e-08,4.4655e-07,2.4376e-06,1.2395e-05,5.5234e-05,0.00020670,0.00041983,0.00065204,0.0010021
1500.0,1.6791e-09,8.0097e-09,4.3075e-08,2.4528e-07,1.3458e-06,6.9094e-06,3.0694e-05,0.00011359,0.00023037,0.00035683,0.00054889
