PGA
r\m,4.0,4.5,5.0,5.5,6.0,6.5,7.0,7.5,7.8,8.0,8.2
0.0,0.17497,0.28398,0.41009,0.55121,0.68269,0.79217,0.92036,1.0411,1.0716,1.0710,1.0713
1.0,0.13946,0.23246,0.34306,0.46926,0.59112,0.69848,0.82383,0.93632,0.97225,0.97783,0.98218
5.0,0.062758,0.11602,0.18889,0.28286,0.38680,0.48994,0.60534,0.70731,0.75028,0.76692,0.77920
10.0,0.032313,0.061986,0.10643,0.17017,0.24905,0.33946,0.42920,0.51207,0.56897,0.59558,0.62226
15.0,0.019723,0.038519,0.067997,0.11274,0.17352,0.24700,0.32160,0.39566,0.43875,0.47218,0.49987
20.0,0.013226,0.026415,0.047744,0.081492,0.12943,0.18760,0.25163,0.31899,0.35615,0.38233,0.41161
25.0,0.0095445,0.019367,0.035579,0.061967,0.10062,0.14767,0.20311,0.26414,0.29925,0.32085,0.34630
30.0,0.0072765,0.014949,0.027805,0.049166,0.081126,0.12002,0.16835,0.22350,0.25641,0.27720,0.29662
40.0,0.0046972,0.0098327,0.018649,0.033746,0.056265,0.085231,0.12299,0.16849,0.19618,0.21330,0.22991
50.0,0.0033144,0.0070386,0.013553,0.024954,0.041806,0.064562,0.095170,0.13266,0.15591,0.17254,0.18897
60.0,0.0025458,0.0054715,0.010663,0.019894,0.033428,0.052319,0.078296,0.11011,0.13204,0.14702,0.16201
70.0,0.0020398,0.0044268,0.0087109,0.016423,0.027661,0.043781,0.065590,0.094848,0.11464,0.12833,0.14219
80.0,0.0016861,0.0036904,0.0073242,0.013931,0.023526,0.037599,0.056830,0.083395,0.10139,0.11397,0.12680
90.0,0.0014221,0.0031363,0.0062696,0.011945,0.020340,0.032492,0.050156,0.074257,0.090742,0.10235,0.11426
100.0,0.0012167,0.0027023,0.0054381,0.010376,0.017801,0.028585,0.044712,0.066728,0.081918,0.092682,0.10378
110.0,0.0010536,0.0023551,0.0047686,0.0091022,0.015708,0.025450,0.040044,0.060125,0.074070,0.083998,0.094296
120.0,0.00092130,0.0020718,0.0042196,0.0080578,0.013857,0.022841,0.036135,0.054568,0.067438,0.076641,0.086217
130.0,0.00080968,0.0018314,0.0037518,0.0071700,0.012416,0.020595,0.032758,0.049734,0.061659,0.070224,0.079160
140.0,0.00071511,0.0016263,0.0033507,0.0064081,0.011179,0.018636,0.029792,0.045469,0.056556,0.064554,0.072931
150.0,0.00063552,0.0014526,0.0030094,0.0057533,0.010118,0.016946,0.027222,0.041751,0.052094,0.059584,0.067455
175.0,0.00048666,0.0011251,0.0023595,0.0045177,0.0080622,0.013644,0.022178,0.034428,0.043272,0.049734,0.056579
200.0,0.00038406,0.00089695,0.0019014,0.0036633,0.0065878,0.011248,0.018485,0.029020,0.036716,0.042384,0.048427
250.0,0.00024128,0.00057634,0.0012471,0.0024473,0.0044795,0.0077815,0.013044,0.020876,0.026686,0.031016,0.035677
300.0,0.00016199,0.00039478,0.00087000,0.0017072,0.0031770,0.0056115,0.0095864,0.015622,0.020164,0.023585,0.027498
350.0,0.00011405,0.00028309,0.00063467,0.0012471,0.0023552,0.0042214,0.0073268,0.012128,0.015785,0.018685,0.021892
400.0,8.3224e-05,0.00021011,0.00047870,0.00094263,0.0018041,0.0032764,0.0057659,0.0096776,0.012745,0.015173,0.017853
450.0,6.0805e-05,0.00015545,0.00035814,0.00073222,0.0014106,0.0025930,0.0046201,0.0078532,0.010467,0.012509,0.014776
500.0,4.5637e-05,0.00011809,0.00027504,0.00058244,0.0011250,0.0020913,0.0037687,0.0064953,0.0087296,0.010471,0.012413
600.0,2.8666e-05,7.5183e-05,0.00017806,0.00038757,0.00076625,0.0014439,0.0026453,0.0046871,0.0063638,0.0076823,0.0091785
700.0,1.7936e-05,4.8289e-05,0.00011560,0.00025964,0.00052509,0.0010086,0.0018780,0.0034069,0.0046656,0.0056672,0.0068047
800.0,1.1761e-05,3.2032e-05,7.8093e-05,0.00017783,0.00037406,0.00072361,0.0013702,0.0025300,0.0034895,0.0042576,0.0051339
1000.0,5.3625e-06,1.5103e-05,3.7826e-05,8.8227e-05,0.00019064,0.00038899,0.00076813,0.0014448,0.0020132,0.0024705,0.0029933
1200.0,2.6288e-06,7.5670e-06,1.9389e-05,4.6190e-05,0.00010300,0.00021851,0.00044349,0.00084383,0.0011820,0.0014549,0.0017672
1500.0,9.6177e-07,2.8768e-06,7.5752e-06,1.8860e-05,4.3314e-05,9.4895e-05,0.00019729,0.00038187,0.00053957,0.00066708,0.00081298
PGV
r\m,4.0,4.5,5.0,5.5,6.0,6.5,7.0,7.5,7.8,8.0,8.2
0.0,4.7526,8.4641,13.538,18.742,23.903,29.823,39.233,51.643,59.487,65.115,70.863
1.0,3.8198,7.1606,11.888,16.925,21.994,27.776,36.746,48.216,55.788,61.163,66.570
5.0,1.2575,2.8550,5.7663,10.062,15.320,21.485,30.016,40.412,47.558,52.650,57.839
10.0,0.54965,1.3239,2.8879,5.6055,9.7211,15.498,22.864,31.860,39.507,44.746,50.863
15.0,0.31926,0.78629,1.7715,3.5972,6.6720,11.394,17.755,26.004,32.342,37.799,43.644
20.0,0.21109,0.53038,1.2230,2.5570,4.9218,8.6788,14.148,21.700,27.359,31.939,37.586
25.0,0.14929,0.38016,0.89229,1.9054,3.7562,6.7814,11.510,18.343,23.617,27.617,32.665
30.0,0.11307,0.29086,0.69136,1.4980,2.9974,5.4860,9.5800,15.728,20.633,24.423,28.686
40.0,0.073493,0.19245,0.46571,1.0298,2.0943,3.9226,7.0764,12.126,16.225,19.378,23.106
50.0,0.052739,0.14012,0.34383,0.77225,1.5872,3.0241,5.5861,9.8419,13.382,16.365,19.875
60.0,0.042354,0.11377,0.28195,0.63961,1.3175,2.5319,4.7346,8.3979,11.635,14.309,17.471
70.0,0.035109,0.095220,0.23807,0.54476,1.1254,2.1810,4.0755,7.3976,10.315,12.741,15.629
80.0,0.029952,0.081944,0.20651,0.47604,0.98663,1.9259,3.6188,6.6439,9.3012,11.520,14.174
90.0,0.025958,0.071596,0.18170,0.42036,0.87642,1.7102,3.2622,6.0347,8.4695,10.509,12.953
100.0,0.022787,0.063325,0.16171,0.37549,0.78712,1.5425,2.9687,5.5275,7.7740,9.6614,11.926
110.0,0.020216,0.056569,0.14535,0.33858,0.71333,1.4086,2.7221,5.0984,7.1832,8.9408,11.057
120.0,0.018091,0.050958,0.13163,0.30770,0.64743,1.2949,2.5125,4.7305,6.6776,8.3186,10.294
130.0,0.016287,0.046171,0.11993,0.28112,0.59472,1.1960,2.3289,4.4052,6.2265,7.7650,9.6194
140.0,0.014714,0.041970,0.10957,0.25759,0.54794,1.1070,2.1639,4.1108,5.8204,7.2672,9.0132
150.0,0.013367,0.038355,0.10062,0.23706,0.50721,1.0290,2.0187,3.8505,5.4604,6.8266,8.4792
175.0,0.010693,0.031096,0.082501,0.19567,0.42337,0.86737,1.7156,3.3039,4.7055,5.8984,7.3462
200.0,0.0087534,0.025767,0.069060,0.16523,0.36010,0.74390,1.4828,2.8798,4.1185,5.1769,6.4663
250.0,0.0060919,0.018300,0.050019,0.12146,0.26964,0.56542,1.1430,2.2485,3.2535,4.1221,5.1898
300.0,0.0044650,0.013656,0.037967,0.092589,0.20861,0.44283,0.90610,1.8031,2.6353,3.3622,4.2944
350.0,0.0033944,0.010551,0.029795,0.073041,0.16652,0.35728,0.73930,1.4853,2.1886,2.8257,3.6282
400.0,0.0026505,0.0083629,0.023957,0.059042,0.13597,0.29456,0.61587,1.2474,1.8590,2.4141,3.1135
450.0,0.0020925,0.0066744,0.019302,0.048619,0.11272,0.24634,0.51998,1.0612,1.5995,2.0853,2.6999
500.0,0.0016832,0.0054255,0.015838,0.040724,0.094830,0.20890,0.44479,0.91577,1.3912,1.8205,2.3660
600.0,0.0011367,0.0037393,0.011083,0.029158,0.069358,0.15494,0.33464,0.70449,1.0794,1.4206,1.8572
700.0,0.00080001,0.0026806,0.0080600,0.021658,0.052375,0.11846,0.25888,0.55513,0.85649,1.1324,1.4876
800.0,0.00058096,0.0019798,0.0060335,0.016417,0.040711,0.092692,0.20523,0.44603,0.69219,0.91880,1.2114
1000.0,0.00032765,0.0011506,0.0036007,0.010028,0.025414,0.059656,0.13571,0.29992,0.47025,0.62825,0.83344
1200.0,0.00019711,0.00071018,0.0022758,0.0064738,0.016719,0.040243,0.093596,0.20977,0.33166,0.44554,0.59439
1500.0,9.6591e-05,0.00036336,0.0012089,0.0035683,0.0094881,0.023356,0.055462,0.12674,0.20249,0.27384,0.36773
SA0P01
r\m,4.0,4.5,5.0,5.5,6.0,6.5,7.0,7.5,7.8,8.0,8.2
0.0,0.23970,0.38772,0.55997,0.74262,0.90420,1.0419,1.2117,1.3722,1.4123,1.4159,1.4106
1.0,0.19560,0.32174,0.47145,0.63304,0.78103,0.91454,1.0789,1.2269,1.2739,1.2846,1.2859
5.0,0.093052,0.16753,0.26772,0.38898,0.51574,0.64269,0.79171,0.92315,0.97886,1.0017,1.0153
10.0,0.048128,0.089423,0.15047,0.23320,0.33028,0.44248,0.55730,0.66420,0.74003,0.77532,0.81060
15.0,0.028767,0.054438,0.094243,0.15167,0.22677,0.31807,0.41300,0.50870,0.56578,0.61034,0.64709
20.0,0.018881,0.036645,0.065056,0.10798,0.16706,0.23879,0.31995,0.40677,0.45572,0.49044,0.52933
25.0,0.013397,0.026451,0.047769,0.080996,0.12834,0.18592,0.25574,0.33403,0.37999,0.40840,0.44202
30.0,0.010075,0.020160,0.036885,0.063562,0.10247,0.14973,0.21011,0.28037,0.32315,0.35032,0.37585
40.0,0.0063644,0.012998,0.024273,0.042867,0.069875,0.10470,0.15130,0.20837,0.24376,0.26577,0.28714
50.0,0.0043983,0.0091278,0.017326,0.031180,0.051105,0.078168,0.11540,0.16157,0.19072,0.21170,0.23250
60.0,0.0032994,0.0069428,0.013355,0.024404,0.040165,0.062342,0.093438,0.13189,0.15890,0.17743,0.19604
70.0,0.0025797,0.0054923,0.010680,0.019763,0.032654,0.051319,0.076970,0.11185,0.13584,0.15252,0.16946
80.0,0.0020955,0.0045055,0.0088439,0.016533,0.027420,0.043548,0.065907,0.097198,0.11872,0.13382,0.14928
90.0,0.0017339,0.0037623,0.0074463,0.013958,0.023386,0.037135,0.057438,0.085443,0.10486,0.11859,0.13273
100.0,0.0014574,0.0031890,0.0063598,0.011952,0.020208,0.032279,0.050604,0.075859,0.093503,0.10606,0.11904
110.0,0.0012412,0.0027370,0.0054966,0.010345,0.017621,0.028422,0.044814,0.067570,0.083556,0.094981,0.10686
120.0,0.0010685,0.0023734,0.0047981,0.0090443,0.015365,0.025242,0.040011,0.060655,0.075224,0.085680,0.096586
130.0,0.00092541,0.0020698,0.0042116,0.0079533,0.013624,0.022532,0.035901,0.054698,0.068030,0.077637,0.087685
140.0,0.00080579,0.0018140,0.0037146,0.0070278,0.012144,0.020190,0.032327,0.049493,0.061740,0.070600,0.079900
150.0,0.00070651,0.0016004,0.0032970,0.0062419,0.010886,0.018190,0.029260,0.045004,0.056297,0.064498,0.073133
175.0,0.00052059,0.0011965,0.0024997,0.0047560,0.0084442,0.014267,0.023212,0.036097,0.045446,0.052289,0.059547
200.0,0.00039562,0.00092150,0.0019500,0.0037465,0.0067220,0.011469,0.018855,0.029624,0.037507,0.043319,0.049517
250.0,0.00024725,0.00058919,0.0012729,0.0024919,0.0045522,0.0079027,0.013251,0.021220,0.027142,0.031558,0.036314
300.0,0.00016530,0.00040195,0.00088455,0.0017319,0.0032174,0.0056797,0.0097049,0.015823,0.020433,0.023907,0.027883
350.0,0.00011596,0.00028726,0.00064318,0.0012612,0.0023784,0.0042608,0.0073962,0.012247,0.015946,0.018881,0.022128
400.0,8.4358e-05,0.00021259,0.00048377,0.00095085,0.0018176,0.0032993,0.0058067,0.0097485,0.012843,0.015292,0.017997
450.0,6.1466e-05,0.00015688,0.00036104,0.00073708,0.0014184,0.0026062,0.0046437,0.0078945,0.010524,0.012580,0.014862
500.0,4.6028e-05,0.00011893,0.00027670,0.00058529,0.0011294,0.0020986,0.0037819,0.0065185,0.0087624,0.010511,0.012462
600.0,2.8771e-05,7.5400e-05,0.00017843,0.00038814,0.00076701,0.0014451,0.0026476,0.0046911,0.0063698,0.0076897,0.0091873
700.0,1.7967e-05,4.8326e-05,0.00011565,0.00025965,0.00052509,0.0010086,0.0018780,0.0034069,0.0046656,0.0056672,0.0068047
800.0,1.1761e-05,3.2032e-05,7.8093e-05,0.00017783,0.00037406,0.00072361,0.0013702,0.0025300,0.0034895,0.0042576,0.0051339
1000.0,5.3625e-06,1.5103e-05,3.7826e-05,8.8227e-05,0.00019064,0.00038899,0.00076813,0.0014448,0.0020132,0.0024705,0.0029933
1200.0,2.6288e-06,7.5670e-06,1.9389e-05,4.6190e-05,0.00010300,0.00021851,0.00044349,0.00084383,0.0011820,0.0014549,0.0017672
1500.0,9.6177e-07,2.8768e-06,7.5752e-06,1.8860e-05,4.3314e-05,9.4895e-05,0.00019729,0.00038187,0.00053957,0.00066708,0.00081298
SA0P02
r\m,4.0,4.5,5.0,5.5,6.0,6.5,7.0,7.5,7.8,8.0,8.2
0.0,0.38764,0.62332,0.90026,1.1819,1.4190,1.6259,1.8912,2.1464,2.2089,2.2235,2.2059
1.0,0.32168,0.52257,0.76197,1.0088,1.2232,1.4210,1.6755,1.9077,1.9807,2.0046,1.9996
5.0,0.15872,0.28040,0.44315,0.63026,0.81499,1.0010,1.2289,1.4302,1.5163,1.5546,1.5723
10.0,0.082671,0.14993,0.24900,0.37706,0.51961,0.68508,0.85864,1.0214,1.1425,1.1989,1.2559
15.0,0.048891,0.090174,0.15393,0.24182,0.35229,0.48684,0.62958,0.77560,0.86535,0.93679,0.99579
20.0,0.031699,0.059990,0.10501,0.17011,0.25667,0.36139,0.48307,0.61539,0.69164,0.74654,0.80884
25.0,0.022273,0.042867,0.076309,0.12621,0.19512,0.27850,0.38253,0.50149,0.57273,0.61698,0.67023
30.0,0.016612,0.032395,0.058409,0.098164,0.15443,0.22232,0.31160,0.41772,0.48364,0.52576,0.56558
40.0,0.010351,0.020595,0.037884,0.065222,0.10363,0.15308,0.22119,0.30614,0.35983,0.39331,0.42585
50.0,0.0070698,0.014290,0.026710,0.046842,0.074750,0.11278,0.16656,0.23411,0.27756,0.30912,0.34053
60.0,0.0052195,0.010696,0.020260,0.036087,0.057792,0.088551,0.13279,0.18801,0.22781,0.25523,0.28288
70.0,0.0040088,0.0083116,0.015912,0.028709,0.046143,0.071658,0.10746,0.15705,0.19191,0.21631,0.24120
80.0,0.0032191,0.0067390,0.013020,0.023735,0.038277,0.060102,0.090983,0.13502,0.16595,0.18778,0.21022
90.0,0.0026359,0.0055672,0.010844,0.019806,0.032284,0.050665,0.078507,0.11755,0.14519,0.16485,0.18517
100.0,0.0021932,0.0046703,0.0091665,0.016775,0.027607,0.043595,0.068529,0.10342,0.12831,0.14613,0.16465
110.0,0.0018494,0.0039683,0.0078436,0.014367,0.023831,0.038033,0.060134,0.091303,0.11366,0.12974,0.14654
120.0,0.0015772,0.0034086,0.0067820,0.012436,0.020557,0.033479,0.053218,0.081251,0.10146,0.11605,0.13135
130.0,0.0013533,0.0029447,0.0058965,0.010829,0.018060,0.029616,0.047322,0.072613,0.090936,0.10422,0.11818
140.0,0.0011667,0.0025554,0.0051480,0.0094714,0.015946,0.026291,0.042215,0.065090,0.081757,0.093894,0.10669
150.0,0.0010128,0.0022324,0.0045236,0.0083267,0.014163,0.023468,0.037858,0.058638,0.073860,0.084989,0.096757
175.0,0.00073060,0.0016340,0.0033556,0.0062079,0.010764,0.018037,0.029431,0.046087,0.058428,0.067522,0.077210
200.0,0.00054421,0.0012336,0.0025647,0.0047947,0.0084071,0.014229,0.023460,0.037112,0.047309,0.054877,0.062982
250.0,0.00032521,0.00075494,0.0016034,0.0030609,0.0054753,0.0094323,0.015851,0.025530,0.032850,0.038339,0.044272
300.0,0.00020903,0.00049567,0.0010729,0.0020491,0.0037340,0.0065447,0.011202,0.018350,0.023819,0.027961,0.032731
350.0,0.00014155,0.00034225,0.00075420,0.0014434,0.0026743,0.0047585,0.0082701,0.013744,0.017978,0.021362,0.025113
400.0,9.9690e-05,0.00024546,0.00055001,0.0010563,0.0019866,0.0035835,0.0063124,0.010628,0.014059,0.016790,0.019809
450.0,7.0460e-05,0.00017583,0.00039864,0.00079820,0.0015127,0.0027635,0.0049242,0.0083879,0.011225,0.013449,0.015921
500.0,5.1351e-05,0.00012983,0.00029775,0.00061958,0.0011788,0.0021779,0.0039231,0.0067715,0.0091312,0.010973,0.013028
600.0,2.9963e-05,7.7532e-05,0.00018100,0.00039007,0.00076625,0.0014439,0.0026453,0.0046871,0.0063638,0.0076824,0.0091802
700.0,1.8181e-05,4.8289e-05,0.00011560,0.00025964,0.00052509,0.0010086,0.0018780,0.0034069,0.0046656,0.0056672,0.0068047
800.0,1.1761e-05,3.2032e-05,7.8093e-05,0.00017783,0.00037406,0.00072361,0.0013702,0.0025300,0.0034895,0.0042576,0.0051339
1000.0,5.3625e-06,1.5103e-05,3.7826e-05,8.8227e-05,0.00019064,0.00038899,0.00076813,0.0014448,0.0020132,0.0024705,0.0029933
1200.0,2.6288e-06,7.5670e-06,1.9389e-05,4.6190e-05,0.00010300,0.00021851,0.00044349,0.00084383,0.0011820,0.0014549,0.0017672
1500.0,9.6177e-07,2.8768e-06,7.5752e-06,1.8860e-05,4.3314e-05,9.4895e-05,0.00019729,0.00038187,0.00053957,0.00066708,0.00081298
SA0P025
r\m,4.0,4.5,5.0,5.5,6.0,6.5,7.0,7.5,7.8,8.0,8.2
0.0,0.43724,0.70173,1.0139,1.3309,1.5968,1.8296,2.1282,2.4185,2.4894,2.5091,2.4875
1.0,0.36305,0.58868,0.85867,1.1363,1.3763,1.5982,1.8843,2.1473,2.2300,2.2596,2.2527
5.0,0.17930,0.31641,0.50054,0.71161,0.91854,1.1267,1.3826,1.6094,1.7068,1.7514,1.7712
10.0,0.093592,0.16937,0.28139,0.42569,0.58531,0.77034,0.96460,1.1471,1.2850,1.3493,1.4152
15.0,0.055377,0.10185,0.17385,0.27265,0.39614,0.54637,0.70591,0.86953,0.97092,1.0524,1.1200
20.0,0.035916,0.067751,0.11852,0.19158,0.28822,0.40484,0.54077,0.68904,0.77484,0.83705,0.90819
25.0,0.025243,0.048406,0.086092,0.14201,0.21882,0.31153,0.42761,0.56087,0.64095,0.69079,0.75128
30.0,0.018829,0.036573,0.065869,0.11036,0.17302,0.24839,0.34789,0.46666,0.54069,0.58807,0.63295
40.0,0.011734,0.023243,0.042685,0.073225,0.11587,0.17064,0.24645,0.34131,0.40144,0.43891,0.47539
50.0,0.0080143,0.016120,0.030072,0.052526,0.083429,0.12548,0.18525,0.26044,0.30896,0.34430,0.37951
60.0,0.0059138,0.012055,0.022779,0.040400,0.064362,0.098309,0.14737,0.20867,0.25310,0.28375,0.31467
70.0,0.0045405,0.0093589,0.017867,0.032084,0.051272,0.079374,0.11896,0.17400,0.21287,0.24012,0.26795
80.0,0.0036479,0.0075884,0.014615,0.026507,0.042484,0.066498,0.10061,0.14945,0.18391,0.20827,0.23332
90.0,0.0029880,0.0062681,0.012168,0.022099,0.035791,0.055979,0.086726,0.13000,0.16077,0.18269,0.20537
100.0,0.0024862,0.0052563,0.010279,0.018697,0.030569,0.048108,0.075629,0.11427,0.14197,0.16182,0.18247
110.0,0.0020960,0.0044637,0.0087888,0.015995,0.026351,0.041918,0.066283,0.10076,0.12562,0.14352,0.16224
120.0,0.0017868,0.0038314,0.0075924,0.013828,0.022691,0.036851,0.058584,0.089560,0.11200,0.12824,0.14527
130.0,0.0015319,0.0033066,0.0065929,0.012021,0.019902,0.032546,0.052010,0.079915,0.10024,0.11500,0.13052
140.0,0.0013192,0.0028657,0.0057470,0.010496,0.017542,0.028839,0.046313,0.071507,0.089963,0.10342,0.11763
150.0,0.0011438,0.0024998,0.0050414,0.0092092,0.015551,0.025694,0.041455,0.064298,0.081124,0.093446,0.10649
175.0,0.00082271,0.0018236,0.0037253,0.0068363,0.011768,0.019661,0.032087,0.050320,0.063907,0.073937,0.084632
200.0,0.00061089,0.0013719,0.0028357,0.0052575,0.0091507,0.015440,0.025464,0.040343,0.051522,0.059833,0.068743
250.0,0.00036136,0.00083069,0.0017536,0.0033196,0.0058949,0.010124,0.017015,0.027441,0.035369,0.041323,0.047766
300.0,0.00022991,0.00053970,0.0011609,0.0021973,0.0039751,0.0069457,0.011889,0.019495,0.025348,0.029785,0.034909
350.0,0.00015409,0.00036876,0.00080729,0.0015308,0.0028158,0.0049948,0.0086798,0.014438,0.018913,0.022502,0.026483
400.0,0.00010740,0.00026170,0.00058243,0.0011081,0.0020695,0.0037216,0.0065545,0.011043,0.014631,0.017492,0.020658
450.0,7.5117e-05,0.00018546,0.00041754,0.00082902,0.0015603,0.0028419,0.0050615,0.0086252,0.011561,0.013865,0.016426
500.0,5.4194e-05,0.00013555,0.00030864,0.00063738,0.0012044,0.0022185,0.0039935,0.0068948,0.0093106,0.011198,0.013303
600.0,3.0635e-05,7.8704e-05,0.00018235,0.00039105,0.00076625,0.0014439,0.0026453,0.0046871,0.0063638,0.0076823,0.0091785
700.0,1.8341e-05,4.8289e-05,0.00011560,0.00025964,0.00052509,0.0010086,0.0018780,0.0034069,0.0046656,0.0056672,0.0068047
800.0,1.1761e-05,3.2032e-05,7.8093e-05,0.00017783,0.00037406,0.00072361,0.0013702,0.0025300,0.0034895,0.0042576,0.0051339
1000.0,5.3625e-06,1.5103e-05,3.7826e-05,8.8227e-05,0.00019064,0.00038899,0.00076813,0.0014448,0.0020132,0.0024705,0.0029933
1200.0,2.6288e-06,7.5670e-06,1.9389e-05,4.6190e-05,0.00010300,0.00021851,0.00044349,0.00084383,0.0011820,0.0014549,0.0017672
1500.0,9.6177e-07,2.8768e-06,7.5752e-06,1.8860e-05,4.3314e-05,9.4895e-05,0.00019729,0.00038187,0.00053957,0.00066708,0.00081298
SA0P03
r\m,4.0,4.5,5.0,5.5,6.0,6.5,7.0,7.5,7.8,8.0,8.2
0.0,0.46659,0.74784,1.0811,1.4215,1.7080,1.9589,2.2788,2.5928,2.6695,2.6933,2.6697
1.0,0.38663,0.62678,0.91544,1.2138,1.4724,1.7113,2.0177,2.3014,2.3908,2.4248,2.4174
5.0,0.19007,0.33596,0.53306,0.76017,0.98327,1.2072,1.4815,1.7255,1.8307,1.8800,1.9017
10.0,0.099367,0.18002,0.29986,0.45485,0.62658,0.82519,1.0330,1.2283,1.3776,1.4476,1.5199
15.0,0.058927,0.10846,0.18552,0.29155,0.42409,0.58502,0.75551,0.93050,1.0395,1.1279,1.2015
20.0,0.038307,0.072271,0.12664,0.20499,0.30860,0.43336,0.57860,0.73718,0.82909,0.89614,0.97340
25.0,0.026974,0.051712,0.092096,0.15205,0.23437,0.33347,0.45748,0.60001,0.68577,0.73922,0.80461
30.0,0.020151,0.039116,0.070528,0.11824,0.18537,0.26590,0.37218,0.49920,0.57846,0.62924,0.67742
40.0,0.012587,0.024906,0.045770,0.078522,0.12419,0.18267,0.26366,0.36509,0.42942,0.46946,0.50848
50.0,0.0086146,0.017302,0.032283,0.056368,0.089443,0.13433,0.19820,0.27855,0.33040,0.36825,0.40601
60.0,0.0063701,0.012959,0.024485,0.043390,0.069024,0.10526,0.15771,0.22318,0.27076,0.30361,0.33677
70.0,0.0049044,0.010083,0.019237,0.034498,0.055018,0.085028,0.12733,0.18621,0.22789,0.25712,0.28700
80.0,0.0039511,0.0081936,0.015764,0.028542,0.045631,0.071294,0.10777,0.16009,0.19707,0.22322,0.25013
90.0,0.0032440,0.0067807,0.013145,0.023822,0.038473,0.060048,0.092969,0.13936,0.17242,0.19598,0.22037
100.0,0.0027045,0.0056949,0.011118,0.020172,0.032877,0.051628,0.081122,0.12258,0.15236,0.17372,0.19594
110.0,0.0022836,0.0048420,0.0095156,0.017266,0.028349,0.044998,0.071115,0.10812,0.13486,0.15413,0.17428
120.0,0.0019494,0.0041601,0.0082264,0.014933,0.024409,0.039564,0.062863,0.096116,0.12027,0.13775,0.15609
130.0,0.0016727,0.0035923,0.0071457,0.012982,0.021405,0.034934,0.055796,0.085748,0.10762,0.12351,0.14023
140.0,0.0014412,0.0031141,0.0062290,0.011332,0.018860,0.030942,0.049663,0.076695,0.096553,0.11104,0.12634
150.0,0.0012500,0.0027167,0.0054634,0.0099383,0.016710,0.027551,0.044428,0.068926,0.087022,0.10028,0.11432
175.0,0.00089966,0.0019820,0.0040349,0.0073696,0.012629,0.021051,0.034339,0.053867,0.068465,0.079249,0.090752
200.0,0.00066802,0.0014902,0.0030681,0.0056595,0.0098030,0.016501,0.027201,0.043112,0.055105,0.064028,0.073597
250.0,0.00039363,0.00089819,0.0018876,0.0035535,0.0062781,0.010754,0.018064,0.029140,0.037591,0.043943,0.050817
300.0,0.00024920,0.00058034,0.0012421,0.0023365,0.0042042,0.0073262,0.012531,0.020552,0.026744,0.031443,0.036877
350.0,0.00016606,0.00039406,0.00085810,0.0016160,0.0029560,0.0052289,0.0090796,0.015103,0.019801,0.023577,0.027767
400.0,0.00011500,0.00027775,0.00061461,0.0011609,0.0021558,0.0038658,0.0068031,0.011461,0.015198,0.018183,0.021487
450.0,7.9876e-05,0.00019537,0.00043718,0.00086211,0.0016131,0.0029297,0.0052125,0.0088800,0.011915,0.014298,0.016947
500.0,5.7216e-05,0.00014172,0.00032063,0.00065789,0.0012359,0.0022696,0.0040807,0.0070425,0.0095187,0.011454,0.013612
600.0,3.1508e-05,8.0385e-05,0.00018489,0.00039472,0.00076798,0.0014439,0.0026453,0.0046871,0.0063726,0.0076998,0.0091998
700.0,1.8655e-05,4.8289e-05,0.00011560,0.00025964,0.00052509,0.0010086,0.0018780,0.0034069,0.0046656,0.0056672,0.0068047
800.0,1.1761e-05,3.2032e-05,7.8093e-05,0.00017783,0.00037406,0.00072361,0.0013702,0.0025300,0.0034895,0.0042576,0.0051339
1000.0,5.3625e-06,1.5103e-05,3.7826e-05,8.8227e-05,0.00019064,0.00038899,0.00076813,0.0014448,0.0020132,0.0024705,0.0029933
1200.0,2.6288e-06,7.5670e-06,1.9389e-05,4.6190e-05,0.00010300,0.00021851,0.00044349,0.00084383,0.0011820,0.0014549,0.0017672
1500.0,9.6177e-07,2.8768e-06,7.5752e-06,1.8860e-05,4.3314e-05,9.4895e-05,0.00019729,0.00038187,0.00053957,0.00066708,0.00081298
SA0P04
r\m,4.0,4.5,5.0,5.5,6.0,6.5,7.0,7.5,7.8,8.0,8.2
0.0,0.48154,0.77059,1.1153,1.4748,1.7833,2.0524,2.3876,2.7228,2.8053,2.8338,2.8106
1.0,0.39591,0.64321,0.94307,1.2593,1.5386,1.7949,2.1166,2.4184,2.5143,2.5533,2.5472
5.0,0.19146,0.34078,0.54531,0.78611,1.0268,1.2671,1.5566,1.8161,1.9287,1.9831,2.0079
10.0,0.10029,0.18293,0.30719,0.47080,0.65496,0.86685,1.0856,1.2912,1.4508,1.5262,1.6057
15.0,0.059866,0.11089,0.19110,0.30312,0.44456,0.61555,0.79492,0.97869,1.0936,1.1884,1.2680
20.0,0.039195,0.074336,0.13110,0.21395,0.32438,0.45683,0.60970,0.77630,0.87273,0.94382,1.0269
25.0,0.027759,0.053463,0.095786,0.15932,0.24711,0.35236,0.48298,0.63283,0.72284,0.77904,0.84879
30.0,0.020837,0.040612,0.073634,0.12429,0.19597,0.28157,0.39366,0.52738,0.61062,0.66400,0.71475
40.0,0.013118,0.026040,0.048082,0.082978,0.13188,0.19413,0.27982,0.38688,0.45454,0.49654,0.53755
50.0,0.0090380,0.018197,0.034092,0.059836,0.095355,0.14323,0.21103,0.29605,0.35068,0.39069,0.43062
60.0,0.0067364,0.013726,0.026020,0.046314,0.073938,0.11273,0.16863,0.23814,0.28864,0.32352,0.35874
70.0,0.0052383,0.010774,0.020605,0.037077,0.059283,0.091549,0.13682,0.19973,0.24421,0.27541,0.30731
80.0,0.0042567,0.0088234,0.017003,0.030864,0.049433,0.077144,0.11635,0.17253,0.21218,0.24022,0.26907
90.0,0.0035219,0.0073517,0.014266,0.025902,0.041874,0.065253,0.10081,0.15084,0.18644,0.21181,0.23807
100.0,0.0029561,0.0062114,0.012132,0.022039,0.035930,0.056317,0.088301,0.13318,0.16538,0.18848,0.21250
110.0,0.0025111,0.0053089,0.010432,0.018942,0.031088,0.049244,0.077650,0.11783,0.14685,0.16775,0.18960
120.0,0.0021550,0.0045826,0.0090566,0.016440,0.026843,0.043418,0.068825,0.10503,0.13132,0.15033,0.17028
130.0,0.0018571,0.0039717,0.0078924,0.014331,0.023593,0.038416,0.061210,0.093887,0.11774,0.13508,0.15330
140.0,0.0016063,0.0034543,0.0068992,0.012538,0.020826,0.034083,0.054573,0.084116,0.10582,0.12165,0.13835
150.0,0.0013978,0.0030222,0.0060658,0.011018,0.018481,0.030390,0.048887,0.075699,0.095511,0.11002,0.12538
175.0,0.0010133,0.0022180,0.0045019,0.0082016,0.014008,0.023279,0.037882,0.059314,0.075348,0.087188,0.099810
200.0,0.00075665,0.0016753,0.0034352,0.0063146,0.010893,0.018275,0.030051,0.047543,0.060743,0.070561,0.081085
250.0,0.00044776,0.0010122,0.0021160,0.0039638,0.0069666,0.011887,0.019913,0.032063,0.041348,0.048323,0.055869
300.0,0.00028369,0.00065353,0.0013898,0.0025974,0.0046443,0.0080576,0.013742,0.022493,0.029262,0.034397,0.040350
350.0,0.00018867,0.00044229,0.00095592,0.0017862,0.0032440,0.0057105,0.0098854,0.016408,0.021509,0.025619,0.030177
400.0,0.00013012,0.00031006,0.00068028,0.0012735,0.0023463,0.0041858,0.0073433,0.012344,0.016370,0.019590,0.023153
450.0,8.9869e-05,0.00021661,0.00048005,0.00093791,0.0017399,0.0031432,0.0055728,0.0094703,0.012712,0.015258,0.018087
500.0,6.3925e-05,0.00015584,0.00034889,0.00070913,0.0013202,0.0024103,0.0043174,0.0074320,0.010048,0.012093,0.014371
600.0,3.3954e-05,8.5546e-05,0.00019425,0.00041158,0.00079553,0.0014893,0.0027205,0.0048052,0.0065436,0.0079022,0.0094335
700.0,1.9810e-05,5.0185e-05,0.00011780,0.00025964,0.00052509,0.0010086,0.0018780,0.0034069,0.0046656,0.0056672,0.0068047
800.0,1.1934e-05,3.2032e-05,7.8093e-05,0.00017783,0.00037406,0.00072361,0.0013702,0.0025300,0.0034895,0.0042576,0.0051339
1000.0,5.3625e-06,1.5103e-05,3.7826e-05,8.8227e-05,0.00019064,0.00038899,0.00076813,0.0014448,0.0020132,0.0024705,0.0029933
1200.0,2.6288e-06,7.5670e-06,1.9389e-05,4.6190e-05,0.00010300,0.00021851,0.00044349,0.00084383,0.0011820,0.0014549,0.0017672
1500.0,9.6177e-07,2.8768e-06,7.5752e-06,1.8860e-05,4.3314e-05,9.4895e-05,0.00019729,0.00038187,0.00053957,0.00066708,0.00081298
SA0P05
r\m,4.0,4.5,5.0,5.5,6.0,6.5,7.0,7.5,7.8,8.0,8.2
0.0,0.46471,0.74323,1.0769,1.4335,1.7469,2.0185,2.3483,2.6832,2.7663,2.7964,2.7766
1.0,0.37860,0.61729,0.90892,1.2239,1.5086,1.7681,2.0856,2.3866,2.4829,2.5234,2.5201
5.0,0.17968,0.32254,0.52080,0.76017,1.0050,1.2486,1.5361,1.7955,1.9087,1.9644,1.9915
10.0,0.094221,0.17339,0.29376,0.45575,0.64202,0.85547,1.0726,1.2764,1.4358,1.5118,1.5932
15.0,0.056638,0.10583,0.18393,0.29512,0.43761,0.60928,0.78724,0.96893,1.0826,1.1776,1.2579
20.0,0.037368,0.071423,0.12694,0.20936,0.32058,0.45364,0.60542,0.77019,0.86519,0.93578,1.0192
25.0,0.026632,0.051669,0.093254,0.15668,0.24526,0.35116,0.48104,0.62940,0.71813,0.77361,0.84327
30.0,0.020097,0.039442,0.072018,0.12274,0.19522,0.28153,0.39323,0.52586,0.60802,0.66074,0.71091
40.0,0.012762,0.025496,0.047382,0.082511,0.13223,0.19520,0.28097,0.38761,0.45462,0.49609,0.53665
50.0,0.0088603,0.017943,0.033815,0.059855,0.096152,0.14475,0.21293,0.29801,0.35232,0.39216,0.43195
60.0,0.0066661,0.013653,0.026018,0.046676,0.075081,0.11467,0.17124,0.24120,0.29184,0.32679,0.36210
70.0,0.0052447,0.010833,0.020812,0.037713,0.060715,0.093865,0.13999,0.20379,0.24870,0.28018,0.31235
80.0,0.0043038,0.0089522,0.017319,0.031639,0.050993,0.079633,0.11982,0.17715,0.21743,0.24589,0.27514
90.0,0.0035924,0.0075199,0.014642,0.026744,0.043477,0.067773,0.10443,0.15576,0.19214,0.21803,0.24480
100.0,0.0030395,0.0064002,0.012537,0.022902,0.037522,0.058814,0.091958,0.13825,0.17132,0.19501,0.21962
110.0,0.0026009,0.0055069,0.010848,0.019798,0.032632,0.051674,0.081240,0.12287,0.15280,0.17433,0.19681
120.0,0.0022469,0.0047824,0.0094705,0.017273,0.028310,0.045759,0.072310,0.10996,0.13719,0.15686,0.17746
130.0,0.0019472,0.0041662,0.0082925,0.015124,0.024979,0.040636,0.064540,0.098646,0.12345,0.14144,0.16033
140.0,0.0016932,0.0036411,0.0072815,0.013286,0.022129,0.036176,0.057734,0.088672,0.11131,0.12780,0.14517
150.0,0.0014808,0.0031999,0.0064283,0.011719,0.019702,0.032356,0.051876,0.080038,0.10077,0.11593,0.13195
175.0,0.0010850,0.0023712,0.0048128,0.0087924,0.015036,0.024946,0.040452,0.063107,0.079997,0.092448,0.10570
200.0,0.00081760,0.0018055,0.0036993,0.0068126,0.011758,0.019686,0.032254,0.050840,0.064822,0.075203,0.086312
250.0,0.00049003,0.0011030,0.0023008,0.0043110,0.0075705,0.012882,0.021497,0.034482,0.044379,0.051801,0.059819
300.0,0.00031322,0.00071728,0.0015203,0.0028383,0.0050640,0.0087562,0.014871,0.024245,0.031482,0.036963,0.043322
350.0,0.00020951,0.00048751,0.0010490,0.0019555,0.0035396,0.0062063,0.010697,0.017684,0.023140,0.027538,0.032411
400.0,0.00014495,0.00034240,0.00074705,0.0013936,0.0025564,0.0045405,0.0079300,0.013276,0.017579,0.021021,0.024824
450.0,0.00010029,0.00023929,0.00052675,0.0010243,0.0018903,0.0033986,0.0059970,0.010148,0.013605,0.016317,0.019326
500.0,7.1331e-05,0.00017191,0.00038188,0.00077173,0.0014283,0.0025939,0.0046232,0.0079245,0.010702,0.012869,0.015279
600.0,3.7196e-05,9.2747e-05,0.00020843,0.00043918,0.00084458,0.0015755,0.0028656,0.0050391,0.0068523,0.0082651,0.0098528
700.0,2.1563e-05,5.3721e-05,0.00012524,0.00027269,0.00053674,0.0010150,0.0018780,0.0034069,0.0046656,0.0056672,0.0068047
800.0,1.2804e-05,3.3158e-05,7.8093e-05,0.00017783,0.00037406,0.00072361,0.0013702,0.0025300,0.0034895,0.0042576,0.0051339
1000.0,5.3625e-06,1.5103e-05,3.7826e-05,8.8227e-05,0.00019064,0.00038899,0.00076813,0.0014448,0.0020132,0.0024705,0.0029933
1200.0,2.6288e-06,7.5670e-06,1.9389e-05,4.6190e-05,0.00010300,0.00021851,0.00044349,0.00084383,0.0011820,0.0014549,0.0017672
1500.0,9.6177e-07,2.8768e-06,7.5752e-06,1.8860e-05,4.3314e-05,9.4895e-05,0.00019729,0.00038187,0.00053957,0.00066708,0.00081298
SA0P075
r\m,4.0,4.5,5.0,5.5,6.0,6.5,7.0,7.5,7.8,8.0,8.2
0.0,0.38776,0.62175,0.90333,1.2202,1.5133,1.7646,2.0536,2.3549,2.4313,2.4598,2.4496
1.0,0.30963,0.51067,0.75897,1.0412,1.3100,1.5516,1.8318,2.1025,2.1908,2.2287,2.2322
5.0,0.14115,0.25879,0.42589,0.63877,0.86829,1.0961,1.3533,1.5885,1.6923,1.7445,1.7738
10.0,0.074100,0.13946,0.24083,0.38385,0.55663,0.75387,0.94828,1.1303,1.2737,1.3433,1.4198
15.0,0.045184,0.086369,0.15293,0.25188,0.38336,0.54115,0.70060,0.86190,0.96241,1.0482,1.1220
20.0,0.030291,0.059134,0.10694,0.18078,0.28358,0.40633,0.54257,0.68894,0.77235,0.83521,0.91104
25.0,0.021876,0.043323,0.079522,0.13686,0.21921,0.31741,0.43446,0.56653,0.64459,0.69350,0.75623
30.0,0.016693,0.033426,0.062047,0.10826,0.17604,0.25657,0.35782,0.47641,0.54891,0.59544,0.63981
40.0,0.010800,0.021996,0.041523,0.073972,0.12117,0.18045,0.25904,0.35546,0.41512,0.45181,0.48783
50.0,0.0076220,0.015725,0.030075,0.054425,0.089360,0.13554,0.19877,0.27665,0.32550,0.36143,0.39732
60.0,0.0058548,0.012205,0.023583,0.043212,0.071022,0.10918,0.16248,0.22748,0.27392,0.30594,0.33825
70.0,0.0047285,0.0099281,0.019316,0.035707,0.058686,0.091207,0.13544,0.19576,0.23762,0.26689,0.29675
80.0,0.0039648,0.0083732,0.016389,0.030514,0.050174,0.078691,0.11780,0.17281,0.21089,0.23772,0.26524
90.0,0.0033754,0.0071658,0.014104,0.026248,0.043476,0.068030,0.10418,0.15409,0.18896,0.21369,0.23920
100.0,0.0029084,0.0062043,0.012275,0.022839,0.038083,0.059878,0.092978,0.13855,0.17065,0.19355,0.21727
110.0,0.0025309,0.0054237,0.010782,0.020034,0.033568,0.053275,0.083138,0.12457,0.15394,0.17497,0.19685
120.0,0.0022209,0.0047797,0.0095453,0.017717,0.029503,0.047728,0.074833,0.11270,0.13969,0.15909,0.17934
130.0,0.0019512,0.0042178,0.0084611,0.015696,0.026314,0.042825,0.067463,0.10209,0.12691,0.14483,0.16357
140.0,0.0017195,0.0037328,0.0075189,0.013948,0.023556,0.038508,0.060941,0.092647,0.11552,0.13208,0.14947
150.0,0.0015230,0.0033197,0.0067132,0.012438,0.021179,0.034769,0.055263,0.084380,0.10551,0.12087,0.13704
175.0,0.0011473,0.0025246,0.0051509,0.0095512,0.016509,0.027355,0.043950,0.067820,0.085359,0.098213,0.11183
200.0,0.00088623,0.0019670,0.0040455,0.0075496,0.013150,0.021970,0.035647,0.055556,0.070324,0.081222,0.092829
250.0,0.00055337,0.0012476,0.0026059,0.0049320,0.0087161,0.014778,0.024397,0.038675,0.049415,0.057418,0.066020
300.0,0.00036551,0.00083578,0.0017694,0.0033304,0.0059617,0.010254,0.017212,0.027718,0.035730,0.041760,0.048752
350.0,0.00025104,0.00058152,0.0012468,0.0023382,0.0042349,0.0073751,0.012555,0.020495,0.026626,0.031556,0.036997
400.0,0.00017741,0.00041597,0.00090214,0.0016892,0.0030929,0.0054490,0.0093959,0.015528,0.020421,0.024321,0.028612
450.0,0.00012509,0.00029534,0.00064464,0.0012530,0.0023034,0.0041035,0.0071452,0.011933,0.015895,0.018990,0.022407
500.0,9.0239e-05,0.00021459,0.00047151,0.00094906,0.0017468,0.0031395,0.0055193,0.0093351,0.012528,0.015007,0.017751
600.0,4.7047e-05,0.00011555,0.00025547,0.00053452,0.0010206,0.0018864,0.0033864,0.0058741,0.0079378,0.0095342,0.011316
700.0,2.7473e-05,6.6711e-05,0.00015341,0.00033042,0.00064373,0.0012024,0.0021882,0.0038902,0.0052868,0.0063777,0.0075901
800.0,1.6175e-05,4.0942e-05,9.4435e-05,0.00020680,0.00041924,0.00078906,0.0014634,0.0026415,0.0036092,0.0043692,0.0052171
1000.0,6.5086e-06,1.6851e-05,3.9883e-05,8.9863e-05,0.00019064,0.00038899,0.00076813,0.0014448,0.0020132,0.0024705,0.0029933
1200.0,2.8409e-06,7.5670e-06,1.9389e-05,4.6190e-05,0.00010300,0.00021851,0.00044349,0.00084383,0.0011820,0.0014549,0.0017672
1500.0,9.6177e-07,2.8768e-06,7.5752e-06,1.8860e-05,4.3314e-05,9.4895e-05,0.00019729,0.00038187,0.00053957,0.00066708,0.00081298
SA0P1
r\m,4.0,4.5,5.0,5.5,6.0,6.5,7.0,7.5,7.8,8.0,8.2
0.0,0.31673,0.51337,0.74828,1.0218,1.2839,1.5074,1.7551,2.0176,2.0855,2.1107,2.1070
1.0,0.24933,0.41829,0.62662,0.87147,1.1134,1.3292,1.5707,1.8068,1.8849,1.9185,1.9260
5.0,0.11052,0.20743,0.34635,0.52972,0.73494,0.93904,1.1628,1.3694,1.4612,1.5079,1.5366
10.0,0.058042,0.11195,0.19616,0.31885,0.47240,0.64780,0.81722,0.97551,1.1004,1.1618,1.2305
15.0,0.035735,0.070030,0.12581,0.21126,0.32792,0.46791,0.60697,0.74669,0.83333,0.90834,0.97349
20.0,0.024220,0.048431,0.088804,0.15294,0.24437,0.35368,0.47266,0.59948,0.67108,0.72552,0.79204
25.0,0.017651,0.035798,0.066613,0.11677,0.19038,0.27824,0.38079,0.49537,0.56246,0.60458,0.65931
30.0,0.013574,0.027829,0.052360,0.093032,0.15393,0.22634,0.31544,0.41869,0.48114,0.52124,0.55951
40.0,0.0088971,0.018548,0.035477,0.064342,0.10726,0.16099,0.23073,0.31538,0.36713,0.39882,0.43005
50.0,0.0063518,0.013410,0.025975,0.047847,0.079977,0.12215,0.17878,0.24784,0.29056,0.32204,0.35348
60.0,0.0049525,0.010561,0.020657,0.038514,0.064453,0.099695,0.14803,0.20637,0.24756,0.27594,0.30457
70.0,0.0040764,0.0087498,0.017223,0.032378,0.054175,0.084646,0.12534,0.18017,0.21775,0.24399,0.27071
80.0,0.0034717,0.0074910,0.014827,0.028062,0.046967,0.074008,0.11040,0.16096,0.19553,0.21982,0.24471
90.0,0.0029984,0.0065002,0.012932,0.024467,0.041224,0.064793,0.098771,0.14512,0.17710,0.19971,0.22299
100.0,0.0026185,0.0057013,0.011395,0.021558,0.036542,0.057686,0.089103,0.13184,0.16155,0.18268,0.20453
110.0,0.0023077,0.0050449,0.010128,0.019133,0.032567,0.051856,0.080463,0.11965,0.14706,0.16662,0.18693
120.0,0.0020491,0.0044966,0.0090641,0.017105,0.028936,0.046908,0.073099,0.10921,0.13461,0.15280,0.17172
130.0,0.0018194,0.0040084,0.0081139,0.015303,0.026046,0.042462,0.066463,0.099749,0.12328,0.14020,0.15785
140.0,0.0016203,0.0035835,0.0072815,0.013732,0.023528,0.038517,0.060548,0.091265,0.11312,0.12888,0.14537
150.0,0.0014498,0.0032181,0.0065628,0.012360,0.021338,0.035070,0.055354,0.083776,0.10411,0.11883,0.13427
175.0,0.0011170,0.0025004,0.0051411,0.0096864,0.016951,0.028102,0.044809,0.068497,0.085655,0.098165,0.11137
200.0,0.00088077,0.0019867,0.0041147,0.0077955,0.013735,0.022947,0.036929,0.056983,0.071648,0.082410,0.093827
250.0,0.00057073,0.0013051,0.0027407,0.0052564,0.0093798,0.015885,0.025986,0.040755,0.051710,0.059826,0.068510
300.0,0.00038917,0.00090075,0.0019144,0.0036491,0.0065826,0.011292,0.018763,0.029876,0.038235,0.044489,0.051728
350.0,0.00027483,0.00064312,0.0013820,0.0026225,0.0047774,0.0082884,0.013957,0.022515,0.029036,0.034258,0.040000
400.0,0.00019905,0.00047052,0.0010211,0.0019325,0.0035523,0.0062281,0.010616,0.017331,0.022625,0.026828,0.031432
450.0,0.00014371,0.00034141,0.00074441,0.0014568,0.0026853,0.0047561,0.0081833,0.013496,0.017847,0.021229,0.024947
500.0,0.00010581,0.00025268,0.00055368,0.0011183,0.0020614,0.0036800,0.0063902,0.010671,0.014219,0.016959,0.019979
600.0,5.6764e-05,0.00013947,0.00030647,0.00064073,0.0012214,0.0022403,0.0039710,0.0067986,0.0091230,0.010911,0.012894
700.0,3.3903e-05,8.1969e-05,0.00018702,0.00040105,0.00077786,0.0014392,0.0025842,0.0045323,0.0061149,0.0073423,0.0086978
800.0,2.0233e-05,5.0903e-05,0.00011608,0.00025245,0.00050783,0.00094559,0.0017294,0.0030763,0.0041710,0.0050237,0.0059678
1000.0,8.2401e-06,2.1065e-05,4.9060e-05,0.00010935,0.00022695,0.00044585,0.00084931,0.0015410,0.0021099,0.0025569,0.0030563
1200.0,3.5874e-06,9.3331e-06,2.2462e-05,5.1446e-05,0.00011068,0.00022752,0.00044869,0.00084383,0.0011820,0.0014549,0.0017672
1500.0,1.1501e-06,3.1429e-06,7.9055e-06,1.9062e-05,4.3314e-05,9.4895e-05,0.00019729,0.00038187,0.00053957,0.00066708,0.00081298
SA0P15
r\m,4.0,4.5,5.0,5.5,6.0,6.5,7.0,7.5,7.8,8.0,8.2
0.0,0.21748,0.36930,0.54597,0.75756,0.96825,1.1470,1.3370,1.5422,1.5968,1.6168,1.6192
1.0,0.16829,0.29800,0.45534,0.64574,0.84145,1.0151,1.2015,1.3863,1.4489,1.4756,1.4859
5.0,0.072165,0.14399,0.24710,0.38802,0.55255,0.71705,0.89172,1.0549,1.1281,1.1658,1.1916
10.0,0.037904,0.077839,0.14021,0.23402,0.35634,0.49659,0.62914,0.75285,0.85045,0.89918,0.95462
15.0,0.023600,0.049270,0.091002,0.15690,0.24980,0.36154,0.47048,0.57910,0.64603,0.70485,0.75661
20.0,0.016201,0.034483,0.064960,0.11479,0.18789,0.27561,0.36899,0.46758,0.52263,0.56491,0.61733
25.0,0.011934,0.025760,0.049240,0.088559,0.14782,0.21878,0.29958,0.38880,0.44044,0.47296,0.51584
30.0,0.0092624,0.020208,0.039053,0.071187,0.12055,0.17943,0.25003,0.33075,0.37895,0.40993,0.43956
40.0,0.0061662,0.013677,0.026863,0.049982,0.085322,0.12947,0.18532,0.25222,0.29251,0.31708,0.34140
50.0,0.0044636,0.010024,0.019931,0.037666,0.064515,0.099529,0.14542,0.20070,0.23431,0.25913,0.28394
60.0,0.0035439,0.0080365,0.016130,0.030849,0.052929,0.082635,0.12243,0.16987,0.20284,0.22555,0.24846
70.0,0.0029855,0.0068113,0.013751,0.026508,0.045484,0.071659,0.10580,0.15109,0.18164,0.20292,0.22457
80.0,0.0025916,0.0059407,0.012055,0.023389,0.040150,0.063747,0.094736,0.13709,0.16558,0.18554,0.20597
90.0,0.0022784,0.0052449,0.010692,0.020751,0.035837,0.056745,0.086053,0.12540,0.15209,0.17090,0.19023
100.0,0.0020234,0.0046758,0.0095727,0.018583,0.032271,0.051295,0.078739,0.11547,0.14057,0.15836,0.17670
110.0,0.0018118,0.0042018,0.0086362,0.016746,0.029185,0.046751,0.072046,0.10611,0.12952,0.14615,0.16337
120.0,0.0016331,0.0037999,0.0078394,0.015188,0.026316,0.042845,0.066274,0.098011,0.11992,0.13554,0.15174
130.0,0.0014698,0.0034324,0.0071086,0.013768,0.023986,0.039256,0.060964,0.090525,0.11104,0.12571,0.14096
140.0,0.0013270,0.0031095,0.0064630,0.012517,0.021939,0.036044,0.056193,0.083765,0.10300,0.11681,0.13120
150.0,0.0012031,0.0028286,0.0058991,0.011413,0.020138,0.033207,0.051960,0.077738,0.095823,0.10884,0.12244
175.0,0.00095489,0.0022617,0.0047531,0.0091999,0.016432,0.027314,0.043132,0.065112,0.080706,0.092004,0.10387
200.0,0.00077409,0.0018456,0.0039048,0.0075950,0.013648,0.022845,0.036380,0.055385,0.068995,0.078911,0.089379
250.0,0.00052853,0.0012750,0.0027307,0.0053686,0.0097545,0.016529,0.026713,0.041282,0.051860,0.059635,0.067909
300.0,0.00037769,0.00092026,0.0019917,0.0038931,0.0071360,0.012227,0.020037,0.031398,0.039761,0.045964,0.053130
350.0,0.00027840,0.00068438,0.0014950,0.0029093,0.0053746,0.0092991,0.015424,0.024461,0.031198,0.036558,0.042425
400.0,0.00020981,0.00051990,0.0011450,0.0022212,0.0041325,0.0072151,0.012100,0.019402,0.025043,0.029491,0.034336
450.0,0.00015770,0.00039193,0.00086565,0.0017275,0.0032191,0.0056704,0.0095929,0.015530,0.020300,0.023979,0.028001
500.0,0.00012045,0.00030030,0.00066534,0.0013638,0.0025390,0.0045032,0.0076833,0.012587,0.016579,0.019637,0.022987
600.0,6.9314e-05,0.00017658,0.00039117,0.00082431,0.0015781,0.0028667,0.0049855,0.0083685,0.011101,0.013188,0.015487
700.0,4.3595e-05,0.00010911,0.00024942,0.00053644,0.0010412,0.0019050,0.0033527,0.0057583,0.0076788,0.0091549,0.010774
800.0,2.7243e-05,7.0472e-05,0.00016055,0.00034877,0.00069850,0.0012838,0.0022981,0.0039982,0.0053549,0.0064008,0.0075490
1000.0,1.1748e-05,3.0636e-05,7.0784e-05,0.00015655,0.00032150,0.00061947,0.0011504,0.0020360,0.0027493,0.0033026,0.0039141
1200.0,5.2987e-06,1.3952e-05,3.3104e-05,7.4806e-05,0.00015821,0.00031758,0.00060912,0.0010981,0.0014982,0.0018132,0.0021637
1500.0,1.7449e-06,4.7751e-06,1.1782e-05,2.7807e-05,6.1349e-05,0.00012801,0.00025374,0.00047019,0.00065342,0.00079852,0.00096188
SA0P2
r\m,4.0,4.5,5.0,5.5,6.0,6.5,7.0,7.5,7.8,8.0,8.2
0.0,0.15562,0.28128,0.42714,0.60257,0.77977,0.92948,1.0848,1.2543,1.3003,1.3170,1.3216
1.0,0.11929,0.22576,0.35543,0.51345,0.67845,0.82429,0.97716,1.1300,1.1824,1.2047,1.2156
5.0,0.050244,0.10755,0.19094,0.30655,0.44419,0.58219,0.72625,0.86172,0.92294,0.95467,0.97755
10.0,0.026392,0.058186,0.10845,0.18508,0.28699,0.40409,0.51356,0.61573,0.69624,0.73683,0.78342
15.0,0.016532,0.037068,0.070843,0.12490,0.20230,0.29554,0.38557,0.47499,0.52990,0.57853,0.62164
20.0,0.011428,0.026112,0.050882,0.091914,0.15296,0.22639,0.30363,0.38477,0.42983,0.46462,0.50809
25.0,0.0084678,0.019620,0.038792,0.071326,0.12101,0.18063,0.24761,0.32110,0.36339,0.39007,0.42553
30.0,0.0066050,0.015467,0.030919,0.057619,0.099162,0.14883,0.20755,0.27418,0.31370,0.33913,0.36349
40.0,0.0044348,0.010557,0.021446,0.040798,0.070811,0.10829,0.15501,0.21057,0.24376,0.26398,0.28405
50.0,0.0032349,0.0077958,0.016029,0.030976,0.053973,0.083873,0.12253,0.16878,0.19664,0.21725,0.23786
60.0,0.0025944,0.0063129,0.013100,0.025620,0.044737,0.070330,0.10416,0.14421,0.17181,0.19082,0.21001
70.0,0.0022141,0.0054191,0.011309,0.022292,0.038940,0.061743,0.091089,0.12967,0.15545,0.17340,0.19167
80.0,0.0019426,0.0047760,0.010016,0.019871,0.034735,0.055483,0.082347,0.11872,0.14295,0.15992,0.17727
90.0,0.0017250,0.0042580,0.0089692,0.017806,0.031308,0.049873,0.075467,0.10952,0.13238,0.14849,0.16503
100.0,0.0015465,0.0038313,0.0081029,0.016097,0.028454,0.045489,0.069631,0.10165,0.12331,0.13863,0.15443
110.0,0.0013974,0.0034734,0.0073735,0.014635,0.025958,0.041801,0.064213,0.094103,0.11442,0.12884,0.14375
120.0,0.0012705,0.0031676,0.0067480,0.013386,0.023613,0.038608,0.059510,0.087535,0.10667,0.12029,0.13439
130.0,0.0011524,0.0028831,0.0061651,0.012229,0.021685,0.035633,0.055128,0.081395,0.099420,0.11228,0.12564
140.0,0.0010487,0.0026322,0.0056483,0.011206,0.019984,0.032960,0.051178,0.075834,0.092844,0.10501,0.11768
150.0,0.00095831,0.0024126,0.0051942,0.010296,0.018479,0.030586,0.047653,0.070850,0.086934,0.098476,0.11051
175.0,0.00077400,0.0019622,0.0042560,0.0084430,0.015329,0.025568,0.040176,0.060233,0.074285,0.084431,0.095067
200.0,0.00063792,0.0016271,0.0035521,0.0070802,0.012929,0.021711,0.034384,0.051954,0.064374,0.073391,0.082885
250.0,0.00044982,0.0011596,0.0025608,0.0051571,0.0095173,0.016167,0.025958,0.039778,0.049677,0.056924,0.064612
300.0,0.00033115,0.00086131,0.0019207,0.0038489,0.0071598,0.012286,0.019980,0.031018,0.039030,0.044945,0.051770
350.0,0.00025104,0.00065804,0.0014799,0.0029544,0.0055346,0.0095824,0.015758,0.024739,0.031338,0.036566,0.042277
400.0,0.00019435,0.00051296,0.0011621,0.0023136,0.0043614,0.0076140,0.012649,0.020064,0.025711,0.030146,0.034964
450.0,0.00015024,0.00039734,0.00090200,0.0018418,0.0034767,0.0061189,0.010250,0.016407,0.021285,0.025030,0.029114
500.0,0.00011784,0.00031235,0.00071072,0.0014865,0.0028028,0.0049646,0.0083835,0.013573,0.017741,0.020918,0.024389
600.0,7.1908e-05,0.00019379,0.00044061,0.00094330,0.0018223,0.0032968,0.0056665,0.0093946,0.012367,0.014629,0.017114
700.0,4.7235e-05,0.00012531,0.00029229,0.00063690,0.0012454,0.0022687,0.0039441,0.0066842,0.0088450,0.010499,0.012308
800.0,3.0869e-05,8.4095e-05,0.00019543,0.00042908,0.00086297,0.0015780,0.0027870,0.0047813,0.0063530,0.0075588,0.0088781
1000.0,1.4170e-05,3.8773e-05,9.1039e-05,0.00020266,0.00041619,0.00079411,0.0014510,0.0025276,0.0033830,0.0040421,0.0047670
1200.0,6.7275e-06,1.8502e-05,4.4377e-05,0.00010048,0.00021140,0.00041854,0.00078784,0.0013949,0.0018842,0.0022661,0.0026882
1500.0,2.3471e-06,6.6473e-06,1.6485e-05,3.8703e-05,8.4530e-05,0.00017320,0.00033576,0.00060905,0.00083663,0.0010149,0.0012138
SA0P25
r\m,4.0,4.5,5.0,5.5,6.0,6.5,7.0,7.5,7.8,8.0,8.2
0.0,0.11520,0.22141,0.34808,0.50120,0.65685,0.78777,0.92117,1.0672,1.1074,1.1220,1.1275
1.0,0.087795,0.17713,0.28924,0.42699,0.57193,0.69951,0.83095,0.96274,1.0084,1.0279,1.0385
5.0,0.036577,0.083651,0.15442,0.25391,0.37374,0.49402,0.61811,0.73520,0.78836,0.81603,0.83665
10.0,0.019214,0.045280,0.087757,0.15340,0.24175,0.34336,0.43771,0.52574,0.59498,0.63012,0.67066
15.0,0.012081,0.028959,0.057555,0.10393,0.17099,0.25183,0.32943,0.40630,0.45340,0.49527,0.53258
20.0,0.0083869,0.020481,0.041494,0.076762,0.12971,0.19350,0.26009,0.32981,0.36839,0.39828,0.43579
25.0,0.0062367,0.015444,0.031747,0.059781,0.10297,0.15488,0.21270,0.27585,0.31207,0.33496,0.36551
30.0,0.0048799,0.012213,0.025380,0.048441,0.084631,0.12798,0.17876,0.23610,0.26997,0.29178,0.31270
40.0,0.0032939,0.0083792,0.017694,0.034478,0.060769,0.093602,0.13414,0.18213,0.21067,0.22803,0.24532
50.0,0.0024142,0.0062165,0.013285,0.026299,0.046550,0.072841,0.10652,0.14666,0.17070,0.18849,0.20631
60.0,0.0019484,0.0050652,0.010924,0.021884,0.038833,0.061460,0.091103,0.12606,0.15001,0.16651,0.18318
70.0,0.0016763,0.0043826,0.0095041,0.019190,0.034073,0.054376,0.080275,0.11413,0.13662,0.15227,0.16821
80.0,0.0014805,0.0038877,0.0084707,0.017215,0.030595,0.049174,0.073011,0.10508,0.12633,0.14120,0.15641
90.0,0.0013230,0.0034872,0.0076310,0.015523,0.027747,0.044477,0.067288,0.097455,0.11760,0.13177,0.14633
100.0,0.0011932,0.0031560,0.0069330,0.014117,0.025365,0.040798,0.062414,0.090909,0.11007,0.12362,0.13758
110.0,0.0010843,0.0028771,0.0063430,0.012907,0.023267,0.037686,0.057844,0.084559,0.10260,0.11540,0.12862
120.0,0.00099118,0.0026376,0.0058349,0.011868,0.021284,0.034981,0.053864,0.079014,0.096072,0.10820,0.12075
130.0,0.00090359,0.0024124,0.0053562,0.010896,0.019640,0.032437,0.050123,0.073791,0.089919,0.10142,0.11334
140.0,0.00082645,0.0022133,0.0049311,0.010034,0.018188,0.030147,0.046746,0.069053,0.084332,0.095251,0.10661
150.0,0.00075895,0.0020385,0.0045562,0.0092657,0.016898,0.028106,0.043723,0.064794,0.079297,0.089688,0.10052
175.0,0.00061990,0.0016760,0.0037735,0.0076817,0.014168,0.023743,0.037237,0.055621,0.068398,0.077608,0.087252
200.0,0.00051639,0.0014041,0.0031815,0.0065074,0.012071,0.020362,0.032174,0.048415,0.059803,0.068052,0.076729
250.0,0.00037189,0.0010213,0.0023396,0.0048344,0.0090605,0.015456,0.024743,0.037737,0.046966,0.053706,0.060846
300.0,0.00027924,0.00077316,0.0017876,0.0036783,0.0069464,0.011964,0.019383,0.029931,0.037519,0.043106,0.049548
350.0,0.00021573,0.00060154,0.0014020,0.0028757,0.0054671,0.0094955,0.015547,0.024266,0.030611,0.035625,0.041098
400.0,0.00017011,0.00047729,0.0011201,0.0022923,0.0043838,0.0076739,0.012686,0.019994,0.025508,0.029828,0.034514
450.0,0.00013410,0.00037680,0.00088562,0.0018555,0.0035534,0.0062683,0.010446,0.016608,0.021443,0.025147,0.029179
500.0,0.00010719,0.00030169,0.00071042,0.0015218,0.0029116,0.0051680,0.0086791,0.013952,0.018148,0.021338,0.024817
600.0,6.8378e-05,0.00019497,0.00045880,0.0010033,0.0019620,0.0035494,0.0060603,0.0099727,0.013064,0.015413,0.017989
700.0,4.6440e-05,0.00013068,0.00031402,0.00069780,0.0013802,0.0025149,0.0043420,0.0072984,0.0096106,0.011377,0.013309
800.0,3.1483e-05,9.0500e-05,0.00021678,0.00048467,0.00098416,0.0017995,0.0031537,0.0053648,0.0070931,0.0084162,0.0098632
1000.0,1.5258e-05,4.3978e-05,0.00010622,0.00024023,0.00049680,0.00094491,0.0017101,0.0029507,0.0039282,0.0046791,0.0055035
1200.0,7.6125e-06,2.1997e-05,5.4057e-05,0.00012397,0.00026168,0.00051489,0.00095810,0.0016775,0.0022516,0.0026976,0.0031890
1500.0,2.8284e-06,8.3574e-06,2.1135e-05,4.9974e-05,0.00010904,0.00022123,0.00042263,0.00075580,0.0010298,0.0012431,0.0014799
SA0P3
r\m,4.0,4.5,5.0,5.5,6.0,6.5,7.0,7.5,7.8,8.0,8.2
0.0,0.087740,0.17798,0.29038,0.42815,0.56928,0.68777,0.80660,0.93650,0.97273,0.98591,0.99184
1.0,0.066615,0.14207,0.24107,0.36470,0.49592,0.61123,0.72831,0.84562,0.88663,0.90412,0.91439
5.0,0.027555,0.066712,0.12817,0.21629,0.32367,0.43165,0.54206,0.64636,0.69386,0.71866,0.73755
10.0,0.014476,0.036125,0.072869,0.13073,0.20952,0.30029,0.38423,0.46245,0.52381,0.55511,0.59132
15.0,0.0091244,0.023165,0.047917,0.088810,0.14853,0.22066,0.28966,0.35783,0.39951,0.43663,0.46982
20.0,0.0063528,0.016427,0.034633,0.065751,0.11291,0.16989,0.22908,0.29086,0.32498,0.35144,0.38473
25.0,0.0047356,0.012417,0.026560,0.051328,0.089845,0.13628,0.18769,0.24365,0.27566,0.29592,0.32301
30.0,0.0037132,0.0098388,0.021277,0.041676,0.073991,0.11283,0.15803,0.20887,0.23881,0.25811,0.27664
40.0,0.0025155,0.0067744,0.014885,0.029767,0.053325,0.082803,0.11896,0.16161,0.18688,0.20226,0.21759
50.0,0.0018497,0.0050418,0.011210,0.022775,0.040984,0.064641,0.094758,0.13053,0.15188,0.16769,0.18353
60.0,0.0014991,0.0041253,0.0092549,0.019030,0.034338,0.054770,0.081373,0.11265,0.13399,0.14871,0.16358
70.0,0.0012969,0.0035885,0.0080944,0.016775,0.030293,0.048712,0.072067,0.10246,0.12257,0.13658,0.15083
80.0,0.0011506,0.0031973,0.0072452,0.015113,0.027321,0.044241,0.065814,0.094702,0.11376,0.12711,0.14075
90.0,0.0010326,0.0028798,0.0065532,0.013685,0.024881,0.040182,0.060885,0.088145,0.10627,0.11903,0.13213
100.0,0.00093506,0.0026166,0.0059766,0.012495,0.022835,0.037001,0.056678,0.082506,0.099800,0.11202,0.12462
110.0,0.00085308,0.0023944,0.0054880,0.011467,0.021024,0.034299,0.052705,0.076988,0.093319,0.10489,0.11685
120.0,0.00078270,0.0022030,0.0050660,0.010582,0.019306,0.031945,0.049237,0.072160,0.087638,0.098633,0.11002
130.0,0.00071598,0.0020215,0.0046653,0.0097482,0.017873,0.029716,0.045958,0.067589,0.082262,0.092713,0.10355
140.0,0.00065714,0.0018609,0.0043093,0.0090076,0.016606,0.027708,0.042997,0.063441,0.077377,0.087328,0.097674
150.0,0.00060554,0.0017196,0.0039946,0.0083460,0.015478,0.025915,0.040340,0.059705,0.072966,0.082461,0.092352
175.0,0.00049844,0.0014244,0.0033327,0.0069714,0.013072,0.022050,0.034595,0.051593,0.063344,0.071806,0.080661
200.0,0.00041829,0.0012019,0.0028295,0.0059468,0.011215,0.019039,0.030087,0.045193,0.055725,0.063346,0.071357
250.0,0.00030570,0.00088663,0.0021095,0.0044786,0.0085331,0.014646,0.023438,0.035667,0.044302,0.050600,0.057266
300.0,0.00023275,0.00068022,0.0016328,0.0034539,0.0066297,0.011484,0.018590,0.028631,0.035809,0.041086,0.047169
350.0,0.00018224,0.00053608,0.0012966,0.0027356,0.0052851,0.0092296,0.015092,0.023485,0.029552,0.034340,0.039563
400.0,0.00014561,0.00043078,0.0010487,0.0022086,0.0042914,0.0075512,0.012462,0.019574,0.024905,0.029076,0.033597
450.0,0.00011641,0.00034477,0.00084038,0.0018095,0.0035213,0.0062423,0.010383,0.016448,0.021174,0.024790,0.028723
500.0,9.4347e-05,0.00027977,0.00068303,0.0015019,0.0029204,0.0052087,0.0087291,0.013977,0.018127,0.021276,0.024709
600.0,6.2237e-05,0.00018648,0.00045507,0.0010196,0.0020231,0.0036719,0.0062510,0.010244,0.013378,0.015759,0.018369
700.0,4.3362e-05,0.00012851,0.00031909,0.00072574,0.0014561,0.0026630,0.0045836,0.0076685,0.010068,0.011900,0.013904
800.0,3.0265e-05,9.1254e-05,0.00022601,0.00051675,0.0010632,0.0019509,0.0034066,0.0057676,0.0076030,0.0090074,0.010544
1000.0,1.5339e-05,4.6336e-05,0.00011559,0.00026695,0.00055849,0.0010638,0.0019160,0.0032888,0.0043646,0.0051905,0.0060974
1200.0,7.9915e-06,2.4170e-05,6.1169e-05,0.00014296,0.00030450,0.00059873,0.0011072,0.0019262,0.0025755,0.0030790,0.0036332
1500.0,3.1493e-06,9.6904e-06,2.5141e-05,6.0327e-05,0.00013238,0.00026764,0.00050684,0.00089846,0.0012177,0.0014653,0.0017396
SA0P4
r\m,4.0,4.5,5.0,5.5,6.0,6.5,7.0,7.5,7.8,8.0,8.2
0.0,0.054664,0.12037,0.21050,0.32655,0.44900,0.55293,0.65472,0.76482,0.79639,0.80807,0.81442
1.0,0.041311,0.095830,0.17456,0.27811,0.39137,0.49191,0.59188,0.69139,0.72674,0.74193,0.75170
5.0,0.016941,0.044690,0.092350,0.16440,0.25503,0.34735,0.44082,0.52907,0.56946,0.59065,0.60723
10.0,0.0089019,0.024213,0.052533,0.099424,0.16524,0.24192,0.31283,0.37879,0.43006,0.45641,0.48693
15.0,0.0056290,0.015578,0.034659,0.067767,0.11748,0.17818,0.23632,0.29353,0.32835,0.35932,0.38714
20.0,0.0039334,0.011084,0.025129,0.050321,0.089545,0.13753,0.18728,0.23901,0.26747,0.28954,0.31733
25.0,0.0029412,0.0084036,0.019329,0.039400,0.071453,0.11061,0.15380,0.20058,0.22726,0.24416,0.26675
30.0,0.0023124,0.0066765,0.015524,0.032072,0.058990,0.091796,0.12978,0.17228,0.19722,0.21330,0.22876
40.0,0.0015738,0.0046178,0.010907,0.023007,0.042709,0.067656,0.098085,0.13379,0.15488,0.16771,0.18052
50.0,0.0011621,0.0034507,0.0082462,0.017671,0.032960,0.053022,0.078423,0.10847,0.12633,0.13955,0.15281
60.0,0.00094701,0.0028385,0.0068430,0.014840,0.027763,0.045158,0.067686,0.094079,0.11199,0.12435,0.13684
70.0,0.00082493,0.0024859,0.0060243,0.013167,0.024658,0.040424,0.060323,0.086058,0.10301,0.11481,0.12682
80.0,0.00073613,0.0022272,0.0054214,0.011926,0.022361,0.036909,0.055367,0.079922,0.096048,0.10733,0.11888
90.0,0.00066417,0.0020166,0.0049284,0.010856,0.020470,0.033696,0.051461,0.074721,0.090113,0.10094,0.11206
100.0,0.00060460,0.0018415,0.0045164,0.0099615,0.018879,0.031177,0.048117,0.070236,0.084972,0.095385,0.10611
110.0,0.00055434,0.0016932,0.0041664,0.0091860,0.017463,0.029027,0.044932,0.065799,0.079759,0.089647,0.099863
120.0,0.00051104,0.0015650,0.0038629,0.0085152,0.016112,0.027149,0.042144,0.061907,0.075180,0.084602,0.094357
130.0,0.00046953,0.0014422,0.0035719,0.0078772,0.014977,0.025355,0.039488,0.058199,0.070820,0.079804,0.089121
140.0,0.00043287,0.0013333,0.0033131,0.0073099,0.013973,0.023737,0.037088,0.054832,0.066858,0.075439,0.084357
150.0,0.00040063,0.0012373,0.0030839,0.0068019,0.013077,0.022290,0.034930,0.051794,0.063275,0.071486,0.080038
175.0,0.00033308,0.0010348,0.0025969,0.0057355,0.011146,0.019137,0.030215,0.045130,0.055375,0.062744,0.070452
200.0,0.00028219,0.00088113,0.0022244,0.0049358,0.0096460,0.016666,0.026496,0.039844,0.049091,0.055773,0.062794
250.0,0.00021020,0.00066200,0.0016879,0.0037824,0.0074667,0.013039,0.020979,0.031946,0.039637,0.045239,0.051164
300.0,0.00016295,0.00051673,0.0013284,0.0029680,0.0059010,0.010395,0.016906,0.026040,0.032524,0.037282,0.042766
350.0,0.00012984,0.00041413,0.0010721,0.0023907,0.0047829,0.0084905,0.013941,0.021686,0.027243,0.031618,0.036392
400.0,0.00010555,0.00033837,0.00088121,0.0019625,0.0039481,0.0070592,0.011692,0.018349,0.023301,0.027169,0.031360
450.0,8.5978e-05,0.00027577,0.00071873,0.0016339,0.0032926,0.0059292,0.0098950,0.015657,0.020111,0.023514,0.027214
500.0,7.0972e-05,0.00022783,0.00059446,0.0013779,0.0027755,0.0050281,0.0084522,0.013514,0.017485,0.020494,0.023775
600.0,4.9022e-05,0.00015845,0.00041345,0.00097409,0.0019982,0.0036756,0.0062691,0.010256,0.013361,0.015722,0.018310
700.0,3.5386e-05,0.00011354,0.00029990,0.00071640,0.0014857,0.0027561,0.0047522,0.0079317,0.010390,0.012267,0.014326
800.0,2.5749e-05,8.3573e-05,0.00022046,0.00052887,0.0011232,0.0020909,0.0036549,0.0061741,0.0081215,0.0096130,0.011249
1000.0,1.3941e-05,4.5321e-05,0.00012029,0.00029107,0.00062758,0.0012097,0.0021784,0.0037300,0.0049403,0.0058706,0.0068950
1200.0,7.7697e-06,2.5267e-05,6.7775e-05,0.00016556,0.00036235,0.00071902,0.0013271,0.0023003,0.0030674,0.0036619,0.0043176
1500.0,3.3744e-06,1.1096e-05,3.0348e-05,7.5700e-05,0.00016990,0.00034539,0.00065068,0.0011457,0.0015451,0.0018544,0.0021970
SA0P5
r\m,4.0,4.5,5.0,5.5,6.0,6.5,7.0,7.5,7.8,8.0,8.2
0.0,0.036678,0.085347,0.15803,0.25728,0.36664,0.46219,0.55496,0.65408,0.68353,0.69478,0.70163
1.0,0.027645,0.067848,0.13096,0.21910,0.31970,0.41143,0.50204,0.59167,0.62417,0.63836,0.64804
5.0,0.011282,0.031518,0.069091,0.12928,0.20815,0.29051,0.37406,0.45306,0.48946,0.50865,0.52394
10.0,0.0059297,0.017085,0.039320,0.078216,0.13495,0.20247,0.26564,0.32449,0.36972,0.39314,0.42019
15.0,0.0037569,0.011014,0.025993,0.053418,0.096101,0.14933,0.20091,0.25168,0.28245,0.30967,0.33421
20.0,0.0026311,0.0078534,0.018883,0.039738,0.073367,0.11543,0.15942,0.20513,0.23027,0.24970,0.27410
25.0,0.0019711,0.0059652,0.014550,0.031169,0.058643,0.092980,0.13109,0.17234,0.19584,0.21074,0.23058
30.0,0.0015523,0.0047470,0.011705,0.025411,0.048485,0.077274,0.11076,0.14819,0.17013,0.18428,0.19789
40.0,0.0010596,0.0032926,0.0082463,0.018277,0.035200,0.057097,0.083902,0.11533,0.13387,0.14517,0.15645
50.0,0.00078450,0.0024668,0.0062495,0.014072,0.027233,0.044850,0.067231,0.093711,0.10943,0.12106,0.13272
60.0,0.00064145,0.0020359,0.0052025,0.011854,0.023012,0.038315,0.058197,0.081510,0.097285,0.10817,0.11917
70.0,0.00056112,0.0017903,0.0045984,0.010559,0.020520,0.034429,0.052058,0.074809,0.089765,0.10018,0.11078
80.0,0.00050249,0.0016096,0.0041518,0.0095946,0.018670,0.031533,0.047921,0.069666,0.083923,0.093901,0.10411
90.0,0.00045489,0.0014621,0.0037859,0.0087616,0.017143,0.028877,0.044663,0.065301,0.078936,0.088528,0.098377
100.0,0.00041542,0.0013393,0.0034798,0.0080636,0.015857,0.026793,0.041869,0.061533,0.074611,0.083850,0.093371
110.0,0.00038206,0.0012351,0.0032191,0.0074572,0.014708,0.025010,0.039193,0.057778,0.070189,0.078978,0.088058
120.0,0.00035326,0.0011449,0.0029927,0.0069317,0.013609,0.023450,0.036847,0.054482,0.066302,0.074690,0.083375
130.0,0.00032545,0.0010578,0.0027743,0.0064287,0.012682,0.021952,0.034603,0.051328,0.062587,0.070599,0.078908
140.0,0.00030087,0.00098059,0.0025799,0.0059812,0.011861,0.020601,0.032574,0.048465,0.059212,0.066877,0.074844
150.0,0.00027922,0.00091237,0.0024075,0.0055799,0.011127,0.019390,0.030749,0.045879,0.056156,0.063504,0.071157
175.0,0.00023358,0.00076760,0.0020390,0.0047323,0.0095364,0.016737,0.026734,0.040171,0.049377,0.055997,0.062920
200.0,0.00019907,0.00065735,0.0017562,0.0040943,0.0082966,0.014650,0.023557,0.035630,0.043973,0.049998,0.056329
250.0,0.00015004,0.00049953,0.0013472,0.0031711,0.0064893,0.011579,0.018834,0.028836,0.035832,0.040924,0.046311
300.0,0.00011762,0.00039415,0.0010713,0.0025149,0.0051820,0.0093229,0.015322,0.023721,0.029667,0.034027,0.039051
350.0,9.4749e-05,0.00031922,0.00087331,0.0020468,0.0042429,0.0076902,0.012754,0.019936,0.025073,0.029113,0.033522
400.0,7.7865e-05,0.00026356,0.00072505,0.0016977,0.0035382,0.0064573,0.010798,0.017024,0.021639,0.025242,0.029148
450.0,6.4167e-05,0.00021726,0.00059794,0.0014276,0.0029807,0.0054773,0.0092280,0.014665,0.018851,0.022049,0.025528
500.0,5.3582e-05,0.00018153,0.00050005,0.0012161,0.0025384,0.0046923,0.0079614,0.012782,0.016549,0.019405,0.022519
600.0,3.8116e-05,0.00012975,0.00035755,0.00088249,0.0018735,0.0035113,0.0060399,0.0099198,0.012933,0.015227,0.017743
700.0,2.8150e-05,9.5377e-05,0.00026515,0.00066308,0.0014231,0.0026913,0.0046799,0.0078393,0.010277,0.012143,0.014192
800.0,2.1055e-05,7.1907e-05,0.00019983,0.00050156,0.0011015,0.0020908,0.0036843,0.0062475,0.0082264,0.0097452,0.011416
1000.0,1.1922e-05,4.0802e-05,0.00011404,0.00028854,0.00064288,0.0012619,0.0022893,0.0039357,0.0052198,0.0062098,0.0073038
1200.0,6.9688e-06,2.3865e-05,6.7265e-05,0.00017159,0.00038744,0.00078165,0.0014522,0.0025262,0.0033723,0.0040295,0.0047569
1500.0,3.2529e-06,1.1232e-05,3.2174e-05,8.3541e-05,0.00019291,0.00039790,0.00075310,0.0013287,0.0017915,0.0021507,0.0025497
SA0P75
r\m,4.0,4.5,5.0,5.5,6.0,6.5,7.0,7.5,7.8,8.0,8.2
0.0,0.016795,0.042115,0.085810,0.15367,0.23758,0.31863,0.39963,0.48559,0.51422,0.52635,0.53503
1.0,0.012617,0.033420,0.071064,0.13086,0.20727,0.28387,0.36186,0.43963,0.46996,0.48404,0.49459
5.0,0.0051189,0.015454,0.037370,0.077058,0.13483,0.20046,0.26977,0.33694,0.36889,0.38613,0.40032
10.0,0.0026924,0.0083852,0.021287,0.046659,0.087495,0.13985,0.19176,0.24145,0.27873,0.29854,0.32110
15.0,0.0017106,0.0054218,0.014113,0.031955,0.062456,0.10334,0.14527,0.18749,0.21312,0.23532,0.25554
20.0,0.0012017,0.0038773,0.010281,0.023833,0.047789,0.080042,0.11546,0.15301,0.17393,0.18991,0.20973
25.0,0.00090273,0.0029531,0.0079430,0.018742,0.038288,0.064612,0.095109,0.12873,0.14811,0.16045,0.17659
30.0,0.00071265,0.0023557,0.0064043,0.015314,0.031722,0.053802,0.080500,0.11086,0.12883,0.14048,0.15170
40.0,0.00048852,0.0016410,0.0045305,0.011058,0.023120,0.039892,0.061167,0.086517,0.10164,0.11094,0.12023
50.0,0.00036311,0.0012342,0.0034462,0.0085434,0.017950,0.031435,0.049158,0.070501,0.083314,0.092764,0.10226
60.0,0.00029833,0.0010235,0.0028820,0.0072286,0.015235,0.026965,0.042718,0.061551,0.074332,0.083178,0.092144
70.0,0.00026250,0.00090531,0.0025617,0.0064742,0.013660,0.024354,0.038396,0.056732,0.068866,0.077336,0.085977
80.0,0.00023624,0.00081792,0.0023238,0.0059097,0.012484,0.022400,0.035482,0.053021,0.064605,0.072736,0.081070
90.0,0.00021488,0.00074647,0.0021285,0.0054208,0.011512,0.020597,0.033189,0.049866,0.060962,0.068790,0.076843
100.0,0.00019712,0.00068682,0.0019647,0.0050103,0.010691,0.019184,0.031219,0.047137,0.057797,0.065350,0.073146
110.0,0.00018208,0.00063613,0.0018250,0.0046524,0.0099553,0.017970,0.029318,0.044393,0.054527,0.061724,0.069171
120.0,0.00016905,0.00059207,0.0017033,0.0043413,0.0092476,0.016905,0.027649,0.041981,0.051649,0.058530,0.065665
130.0,0.00015635,0.00054913,0.0015848,0.0040410,0.0086468,0.015875,0.026041,0.039660,0.048886,0.055468,0.062307
140.0,0.00014510,0.00051102,0.0014793,0.0037736,0.0081148,0.014947,0.024588,0.037554,0.046376,0.052685,0.059253
150.0,0.00013518,0.00047728,0.0013855,0.0035333,0.0076388,0.014114,0.023280,0.035649,0.044101,0.050160,0.056480
175.0,0.00011408,0.00040505,0.0011833,0.0030213,0.0065969,0.012271,0.020376,0.031410,0.039013,0.044492,0.050233
200.0,9.8043e-05,0.00034974,0.0010272,0.0026340,0.0057813,0.010815,0.018070,0.028028,0.034945,0.039953,0.045224
250.0,7.5130e-05,0.00027015,0.00080041,0.0020710,0.0045876,0.0086650,0.014633,0.022959,0.028813,0.033086,0.037612
300.0,5.9823e-05,0.00021645,0.00064595,0.0016671,0.0037161,0.0070715,0.012055,0.019114,0.024135,0.027827,0.032078
350.0,4.8920e-05,0.00017792,0.00053415,0.0013767,0.0030855,0.0059111,0.010161,0.016257,0.020637,0.024083,0.027851
400.0,4.0804e-05,0.00014907,0.00044980,0.0011585,0.0026093,0.0050304,0.0087127,0.014052,0.018024,0.021129,0.024504
450.0,3.4165e-05,0.00012485,0.00037673,0.00098794,0.0022291,0.0043246,0.0075431,0.012259,0.015897,0.018685,0.021726
500.0,2.8982e-05,0.00010598,0.00031995,0.00085344,0.0019254,0.0037566,0.0065961,0.010827,0.014139,0.016659,0.019417
600.0,2.1469e-05,7.8698e-05,0.00023786,0.00064254,0.0014714,0.0029041,0.0051627,0.0086654,0.011395,0.013485,0.015788
700.0,1.6365e-05,5.9973e-05,0.00018203,0.00049774,0.0011522,0.0022962,0.0041258,0.0070591,0.0093365,0.011090,0.013028
800.0,1.2721e-05,4.6785e-05,0.00014219,0.00038995,0.00092290,0.0018464,0.0033597,0.0058212,0.0077356,0.0092159,0.010857
1000.0,7.6785e-06,2.8361e-05,8.6720e-05,0.00023963,0.00057492,0.0011874,0.0022231,0.0039082,0.0052357,0.0062690,0.0074213
1200.0,4.8138e-06,1.7833e-05,5.4859e-05,0.00015267,0.00037057,0.00078528,0.0015043,0.0026759,0.0036085,0.0043394,0.0051569
1500.0,2.5091e-06,9.3606e-06,2.9166e-05,8.2339e-05,0.00020374,0.00044048,0.00085795,0.0015462,0.0021029,0.0025400,0.0030307
SA1P0
r\m,4.0,4.5,5.0,5.5,6.0,6.5,7.0,7.5,7.8,8.0,8.2
0.0,0.0093326,0.024241,0.052233,0.099788,0.16434,0.23284,0.30518,0.38364,0.41278,0.42630,0.43684
1.0,0.0070010,0.019222,0.043246,0.084979,0.14342,0.20752,0.27646,0.34747,0.37741,0.39220,0.40399
5.0,0.0028336,0.0088728,0.022715,0.050010,0.093277,0.14658,0.20619,0.26644,0.29640,0.31305,0.32717
10.0,0.0014913,0.0048180,0.012949,0.030303,0.060578,0.10234,0.14666,0.19100,0.22401,0.24210,0.26246
15.0,0.00094898,0.0031206,0.0085999,0.020788,0.043303,0.075706,0.11120,0.14842,0.17136,0.19090,0.20893
20.0,0.00066781,0.0022355,0.0062750,0.015528,0.033177,0.058706,0.088465,0.12121,0.13993,0.15413,0.17155
25.0,0.00050243,0.0017053,0.0048557,0.012229,0.026618,0.047447,0.072947,0.10205,0.11924,0.13030,0.14451
30.0,0.00039719,0.0013623,0.0039206,0.010006,0.022081,0.039553,0.061802,0.087954,0.10379,0.11415,0.12421
40.0,0.00027296,0.00095145,0.0027806,0.0072429,0.016131,0.029387,0.047041,0.068746,0.081995,0.090267,0.098562
50.0,0.00020336,0.00071735,0.0021201,0.0056086,0.012551,0.023201,0.037869,0.056106,0.067308,0.075583,0.083944
60.0,0.00016753,0.00059653,0.0017778,0.0047579,0.010680,0.019948,0.032977,0.049078,0.060161,0.067892,0.075769
70.0,0.00014788,0.00052938,0.0015853,0.0042746,0.0096045,0.018066,0.029715,0.045334,0.055849,0.063245,0.070828
80.0,0.00013345,0.00047963,0.0014421,0.0039122,0.0088003,0.016655,0.027516,0.042446,0.052484,0.059582,0.066893
90.0,0.00012170,0.00043891,0.0013244,0.0035980,0.0081349,0.015349,0.025788,0.039989,0.049605,0.056438,0.063501
100.0,0.00011192,0.00040487,0.0012255,0.0033337,0.0075726,0.014326,0.024302,0.037863,0.047102,0.053695,0.060533
110.0,0.00010363,0.00037593,0.0011412,0.0031030,0.0070669,0.013446,0.022862,0.035713,0.044501,0.050786,0.057320
120.0,9.6442e-05,0.00035072,0.0010675,0.0029021,0.0065792,0.012673,0.021596,0.033823,0.042211,0.048222,0.054484
130.0,8.9387e-05,0.00032601,0.00099540,0.0027072,0.0061640,0.011922,0.020373,0.031998,0.040006,0.045759,0.051763
140.0,8.3139e-05,0.00030407,0.00093119,0.0025335,0.0057963,0.011246,0.019268,0.030343,0.038004,0.043521,0.049290
150.0,7.7621e-05,0.00028461,0.00087402,0.0023773,0.0054668,0.010638,0.018271,0.028846,0.036189,0.041489,0.047042
175.0,6.5826e-05,0.00024276,0.00075017,0.0020427,0.0047423,0.0092862,0.016050,0.025499,0.032111,0.036909,0.041958
200.0,5.6832e-05,0.00021061,0.00065431,0.0017889,0.0041736,0.0082162,0.014283,0.022823,0.028847,0.033237,0.037878
250.0,4.3944e-05,0.00016419,0.00051448,0.0014189,0.0033391,0.0066325,0.011644,0.018812,0.023926,0.027683,0.031680
300.0,3.5284e-05,0.00013270,0.00041872,0.0011519,0.0027265,0.0054525,0.0096564,0.015756,0.020157,0.023415,0.027169
350.0,2.9084e-05,0.00010997,0.00034904,0.00095899,0.0022814,0.0045905,0.0081929,0.013482,0.017336,0.020378,0.023721
400.0,2.4447e-05,9.2874e-05,0.00029624,0.00081348,0.0019440,0.0039345,0.0070712,0.011725,0.015231,0.017984,0.020990
450.0,2.0636e-05,7.8444e-05,0.00025021,0.00069904,0.0016733,0.0034065,0.0061631,0.010295,0.013516,0.016001,0.018724
500.0,1.7646e-05,6.7140e-05,0.00021427,0.00060849,0.0014563,0.0029808,0.0054270,0.0091521,0.012100,0.014358,0.016842
600.0,1.3339e-05,5.0851e-05,0.00016258,0.00046713,0.0011336,0.0023439,0.0043164,0.0074408,0.0099046,0.011807,0.013914
700.0,1.0329e-05,3.9478e-05,0.00012650,0.00036778,0.00090212,0.0018838,0.0035054,0.0061572,0.0082444,0.0098649,0.011668
800.0,8.1858e-06,3.1343e-05,0.00010069,0.00029355,0.00073587,0.0015427,0.0029057,0.0051694,0.0069557,0.0083495,0.0099061
1000.0,5.1010e-06,1.9662e-05,6.3611e-05,0.00018690,0.00047489,0.0010269,0.0019897,0.0035934,0.0048773,0.0058872,0.0070234
1200.0,3.3137e-06,1.2844e-05,4.1790e-05,0.00012366,0.00031776,0.00070454,0.0013963,0.0025528,0.0034887,0.0042303,0.0050680
1500.0,1.8294e-06,7.1521e-06,2.3560e-05,7.0681e-05,0.00018497,0.00041826,0.00084256,0.0015609,0.0021510,0.0026203,0.0031532
SA1P5
r\m,4.0,4.5,5.0,5.5,6.0,6.5,7.0,7.5,7.8,8.0,8.2
0.0,0.0039159,0.010525,0.024159,0.050049,0.089932,0.13851,0.19548,0.26149,0.29027,0.30529,0.31808
1.0,0.0029340,0.0083408,0.020000,0.042629,0.078511,0.12351,0.17717,0.23695,0.26551,0.28100,0.29429
5.0,0.0011853,0.0038456,0.010499,0.025085,0.051079,0.087297,0.13223,0.18182,0.20867,0.22446,0.23849
10.0,0.00062448,0.0020909,0.0059934,0.015220,0.033216,0.061018,0.094150,0.13043,0.15778,0.17366,0.19139
15.0,0.00039815,0.0013571,0.0039890,0.010463,0.023787,0.045209,0.071478,0.10145,0.12078,0.13702,0.15243
20.0,0.00028075,0.00097426,0.0029167,0.0078313,0.018258,0.035113,0.056936,0.082930,0.098712,0.11070,0.12522
25.0,0.00021162,0.00074468,0.0022615,0.0061799,0.014675,0.028424,0.047011,0.069896,0.084184,0.093659,0.10556
30.0,0.00016758,0.00059600,0.0018295,0.0050656,0.012194,0.023730,0.039879,0.060301,0.073343,0.082116,0.090790
40.0,0.00011553,0.00041767,0.0013020,0.0036791,0.0089369,0.017681,0.030426,0.047226,0.058045,0.065038,0.072151
50.0,8.6324e-05,0.00031591,0.00099590,0.0028579,0.0069747,0.013996,0.024550,0.038619,0.047733,0.054550,0.061547
60.0,7.1347e-05,0.00026363,0.00083811,0.0024329,0.0059549,0.012070,0.021435,0.033860,0.042755,0.049098,0.055659
70.0,6.3210e-05,0.00023487,0.00075031,0.0021942,0.0053751,0.010968,0.019372,0.031356,0.039782,0.045836,0.052135
80.0,5.7230e-05,0.00021354,0.00068492,0.0020150,0.0049412,0.010141,0.017985,0.029423,0.037460,0.043263,0.049327
90.0,5.2351e-05,0.00019605,0.00063111,0.0018594,0.0045819,0.0093727,0.016896,0.027777,0.035472,0.041053,0.046905
100.0,4.8288e-05,0.00018143,0.00058589,0.0017283,0.0042780,0.0087717,0.015959,0.026352,0.033743,0.039125,0.044785
110.0,4.4841e-05,0.00016897,0.00054724,0.0016137,0.0040038,0.0082536,0.015047,0.024902,0.031934,0.037064,0.042471
120.0,4.1844e-05,0.00015811,0.00051345,0.0015137,0.0037382,0.0077982,0.014244,0.023627,0.030340,0.035247,0.040429
130.0,3.8883e-05,0.00014738,0.00048012,0.0014160,0.0035114,0.0073535,0.013464,0.022391,0.028801,0.033497,0.038465
140.0,3.6259e-05,0.00013784,0.00045042,0.0013289,0.0033105,0.0069522,0.012760,0.021271,0.027404,0.031907,0.036679
150.0,3.3937e-05,0.00012937,0.00042393,0.0012504,0.0031303,0.0065915,0.012124,0.020256,0.026136,0.030462,0.035056
175.0,2.8948e-05,0.00011104,0.00036619,0.0010812,0.0027313,0.0057845,0.010699,0.017976,0.023274,0.027191,0.031367
200.0,2.5129e-05,9.6902e-05,0.00032132,0.00095242,0.0024171,0.0051435,0.0095621,0.016149,0.020979,0.024565,0.028404
250.0,1.9632e-05,7.6396e-05,0.00025554,0.00076390,0.0019542,0.0041917,0.0078609,0.013408,0.017518,0.020592,0.023903
300.0,1.5912e-05,6.2373e-05,0.00021015,0.00062674,0.0016116,0.0034772,0.0065707,0.011309,0.014855,0.017526,0.020622
350.0,1.3231e-05,5.2184e-05,0.00017689,0.00052697,0.0013613,0.0029527,0.0056176,0.0097429,0.012858,0.015346,0.018112
400.0,1.1214e-05,4.4470e-05,0.00015152,0.00045126,0.0011706,0.0025520,0.0048851,0.0085311,0.011369,0.013628,0.016125
450.0,9.5465e-06,3.7908e-05,0.00012920,0.00039127,0.0010164,0.0022277,0.0042900,0.0075422,0.010156,0.012203,0.014475
500.0,8.2298e-06,3.2735e-05,0.00011166,0.00034356,0.00089233,0.0019654,0.0038066,0.0067531,0.0091539,0.011025,0.013108
600.0,6.3467e-06,2.5304e-05,8.6582e-05,0.00026936,0.00070866,0.0015742,0.0030801,0.0055814,0.0076152,0.0092134,0.011006
700.0,4.9899e-06,2.0017e-05,6.8555e-05,0.00021581,0.00057387,0.0012876,0.0025444,0.0046950,0.0064433,0.0078251,0.0093838
800.0,4.0271e-06,1.6172e-05,5.5626e-05,0.00017564,0.00047721,0.0010749,0.0021489,0.0040161,0.0055393,0.0067501,0.0081220
1000.0,2.5842e-06,1.0489e-05,3.6415e-05,0.00011600,0.00031958,0.00074213,0.0015256,0.0028962,0.0040322,0.0049441,0.0059865
1200.0,1.7338e-06,7.1071e-06,2.4841e-05,7.9785e-05,0.00022235,0.00052932,0.0011132,0.0021409,0.0030030,0.0037004,0.0045024
1500.0,1.0086e-06,4.1881e-06,1.4846e-05,4.8402e-05,0.00013744,0.00033394,0.00071430,0.0013940,0.0019724,0.0024439,0.0029898
SA2P0
r\m,4.0,4.5,5.0,5.5,6.0,6.5,7.0,7.5,7.8,8.0,8.2
0.0,0.0020495,0.0056181,0.013396,0.029212,0.055657,0.091023,0.13599,0.19143,0.21831,0.23337,0.24684
1.0,0.0015349,0.0044515,0.011090,0.024886,0.048603,0.081193,0.12329,0.17351,0.19974,0.21485,0.22843
5.0,0.00061977,0.0020521,0.0058229,0.014650,0.031638,0.057425,0.092078,0.13323,0.15706,0.17172,0.18522
10.0,0.00032680,0.0011169,0.0033276,0.0088984,0.020596,0.040179,0.065617,0.095635,0.11883,0.13292,0.14869
15.0,0.00020862,0.00072596,0.0022180,0.0061263,0.014770,0.029803,0.049864,0.074436,0.091015,0.10493,0.11848
20.0,0.00014730,0.00052188,0.0016241,0.0045918,0.011351,0.023174,0.039758,0.060897,0.074431,0.084824,0.097379
25.0,0.00011116,0.00039943,0.0012610,0.0036285,0.0091354,0.018781,0.032859,0.051365,0.063519,0.071806,0.082128
30.0,8.8129e-05,0.00032009,0.0010214,0.0029782,0.0076006,0.015698,0.027901,0.044349,0.055376,0.062995,0.070674
40.0,6.0884e-05,0.00022485,0.00072874,0.0021683,0.0055835,0.011721,0.021326,0.034785,0.043884,0.049953,0.056226
50.0,4.5585e-05,0.00017045,0.00055873,0.0016883,0.0043674,0.0092967,0.017237,0.028487,0.036135,0.041949,0.048016
60.0,3.7756e-05,0.00014258,0.00047136,0.0014407,0.0037376,0.0080343,0.015078,0.025017,0.032413,0.037807,0.043478
70.0,3.3527e-05,0.00012734,0.00042307,0.0013027,0.0033822,0.0073174,0.013655,0.023206,0.030205,0.035344,0.040777
80.0,3.0418e-05,0.00011604,0.00038712,0.0011992,0.0031163,0.0067798,0.012700,0.021808,0.028480,0.033403,0.038627
90.0,2.7880e-05,0.00010677,0.00035752,0.0011091,0.0028960,0.0062788,0.011952,0.020618,0.027004,0.031735,0.036771
100.0,2.5766e-05,9.9015e-05,0.00033263,0.0010332,0.0027097,0.0058875,0.011307,0.019588,0.025720,0.030278,0.035146
110.0,2.3970e-05,9.2406e-05,0.00031135,0.00096676,0.0025411,0.0055498,0.010678,0.018535,0.024369,0.028715,0.033364
120.0,2.2408e-05,8.6635e-05,0.00029272,0.00090873,0.0023773,0.0052528,0.010123,0.017608,0.023179,0.027336,0.031791
130.0,2.0857e-05,8.0905e-05,0.00027425,0.00085176,0.0022373,0.0049616,0.0095830,0.016708,0.022028,0.026005,0.030275
140.0,1.9481e-05,7.5809e-05,0.00025778,0.00080091,0.0021131,0.0046987,0.0090949,0.015891,0.020982,0.024796,0.028896
150.0,1.8263e-05,7.1278e-05,0.00024308,0.00075502,0.0020017,0.0044622,0.0086541,0.015151,0.020033,0.023697,0.027643
175.0,1.5636e-05,6.1432e-05,0.00021089,0.00065575,0.0017539,0.0039307,0.0076622,0.013483,0.017884,0.021201,0.024787
200.0,1.3620e-05,5.3820e-05,0.00018581,0.00058004,0.0015582,0.0035076,0.0068691,0.012144,0.016158,0.019195,0.022491
250.0,1.0710e-05,4.2739e-05,0.00014890,0.00046881,0.0012691,0.0028777,0.0056800,0.010133,0.013553,0.016158,0.019002
300.0,8.7301e-06,3.5120e-05,0.00012330,0.00038735,0.0010537,0.0024019,0.0047733,0.0085860,0.011541,0.013806,0.016454
350.0,7.2966e-06,2.9557e-05,0.00010443,0.00032780,0.00089556,0.0020513,0.0041016,0.0074298,0.010030,0.012135,0.014503
400.0,6.2136e-06,2.5324e-05,8.9975e-05,0.00028241,0.00077461,0.0017826,0.0035840,0.0065334,0.0089027,0.010817,0.012959
450.0,5.3140e-06,2.1703e-05,7.7155e-05,0.00024623,0.00067635,0.0015641,0.0031622,0.0058004,0.0079839,0.0097223,0.011675
500.0,4.6007e-06,1.8835e-05,6.7042e-05,0.00021736,0.00059693,0.0013869,0.0028189,0.0052153,0.0072251,0.0088175,0.010612
600.0,3.5833e-06,1.4716e-05,5.2604e-05,0.00017245,0.00047953,0.0011227,0.0023034,0.0043503,0.0060644,0.0074340,0.0089885
700.0,2.8376e-06,1.1753e-05,4.2043e-05,0.00013951,0.00039215,0.00092739,0.0019209,0.0036924,0.0051768,0.0063698,0.0077323
800.0,2.3090e-06,9.5760e-06,3.4451e-05,0.00011471,0.00032948,0.00078228,0.0016386,0.0031901,0.0044951,0.0055501,0.0067610
1000.0,1.4997e-06,6.3059e-06,2.2946e-05,7.7177e-05,0.00022492,0.00055052,0.0011858,0.0023458,0.0033378,0.0041483,0.0050875
1200.0,1.0189e-06,4.3411e-06,1.5927e-05,5.4084e-05,0.00015957,0.00040054,0.00088301,0.0017708,0.0025397,0.0031734,0.0039128
1500.0,6.0427e-07,2.6185e-06,9.7679e-06,3.3738e-05,0.00010157,0.00026057,0.00058496,0.0011924,0.0017264,0.0021708,0.0026938
SA3P0
r\m,4.0,4.5,5.0,5.5,6.0,6.5,7.0,7.5,7.8,8.0,8.2
0.0,0.00078357,0.0022109,0.0055467,0.012947,0.026700,0.047484,0.077067,0.11723,0.13948,0.15306,0.16593
1.0,0.00058663,0.0017518,0.0045931,0.011034,0.023325,0.042374,0.069900,0.10630,0.12766,0.14096,0.15360
5.0,0.00023689,0.00080790,0.0024134,0.0065015,0.015201,0.030006,0.052265,0.081700,0.10047,0.11276,0.12464
10.0,0.00012508,0.00044045,0.0013816,0.0039561,0.0099131,0.021029,0.037299,0.058714,0.076088,0.087361,0.10014
15.0,7.9989e-05,0.00028685,0.00092282,0.0027294,0.0071228,0.015626,0.028388,0.045756,0.058341,0.069030,0.079858
20.0,5.6577e-05,0.00020661,0.00067710,0.0020499,0.0054847,0.012172,0.022669,0.037479,0.047761,0.055855,0.065691
25.0,4.2769e-05,0.00015843,0.00052677,0.0016231,0.0044226,0.0098819,0.018764,0.031653,0.040803,0.047329,0.055451
30.0,3.3961e-05,0.00012719,0.00042750,0.0013348,0.0036863,0.0082734,0.015956,0.027363,0.035611,0.041562,0.047758
40.0,2.3534e-05,8.9648e-05,0.00030610,0.00097537,0.0027177,0.0061975,0.012231,0.021513,0.028280,0.033020,0.038062
50.0,1.7671e-05,6.8180e-05,0.00023550,0.00076208,0.0021330,0.0049311,0.0099126,0.017659,0.023335,0.027782,0.032561
60.0,1.4680e-05,5.7221e-05,0.00019937,0.00065264,0.0018318,0.0042751,0.0086956,0.015545,0.020976,0.025089,0.029537
70.0,1.3075e-05,5.1281e-05,0.00017959,0.00059228,0.0016635,0.0039064,0.0078978,0.014455,0.019590,0.023502,0.027753
80.0,1.1897e-05,4.6878e-05,0.00016488,0.00054707,0.0015378,0.0036304,0.0073651,0.013616,0.018509,0.022252,0.026335
90.0,1.0934e-05,4.3266e-05,0.00015277,0.00050765,0.0014336,0.0033721,0.0069489,0.012901,0.017584,0.021179,0.025111
100.0,1.0131e-05,4.0241e-05,0.00014258,0.00047443,0.0013455,0.0031709,0.0065906,0.012282,0.016778,0.020242,0.024039
110.0,9.4487e-06,3.7662e-05,0.00013385,0.00044526,0.0012656,0.0029971,0.0062383,0.011645,0.015926,0.019228,0.022855
120.0,8.8544e-06,3.5406e-05,0.00012621,0.00041978,0.0011874,0.0028441,0.0059280,0.011084,0.015174,0.018334,0.021809
130.0,8.2607e-06,3.3152e-05,0.00011858,0.00039459,0.0011206,0.0026933,0.0056242,0.010537,0.014445,0.017468,0.020798
140.0,7.7333e-06,3.1143e-05,0.00011176,0.00037206,0.0010612,0.0025569,0.0053494,0.010040,0.013782,0.016681,0.019879
150.0,7.2657e-06,2.9354e-05,0.00010567,0.00035171,0.0010079,0.0024340,0.0051010,0.0095901,0.013179,0.015965,0.019043
175.0,6.2524e-06,2.5448e-05,9.2249e-05,0.00030742,0.00088856,0.0021563,0.0045388,0.0085702,0.011809,0.014333,0.017129
200.0,5.4721e-06,2.2415e-05,8.1752e-05,0.00027354,0.00079396,0.0019344,0.0040880,0.0077498,0.010707,0.013019,0.015588
250.0,4.3399e-06,1.7977e-05,6.6217e-05,0.00022351,0.00065352,0.0016026,0.0034095,0.0065140,0.0090400,0.011026,0.013244
300.0,3.5643e-06,1.4902e-05,5.5349e-05,0.00018650,0.00054782,0.0013495,0.0028877,0.0055563,0.0077443,0.0094737,0.011528
350.0,2.9987e-06,1.2639e-05,4.7276e-05,0.00015923,0.00046966,0.0011619,0.0024992,0.0048378,0.0067678,0.0083705,0.010211
400.0,2.5685e-06,1.0904e-05,4.1045e-05,0.00013829,0.00040947,0.0010172,0.0021983,0.0042787,0.0060391,0.0074980,0.0091659
450.0,2.2085e-06,9.4060e-06,3.5451e-05,0.00012146,0.00036015,0.00089864,0.0019517,0.0038197,0.0054433,0.0067718,0.0082961
500.0,1.9214e-06,8.2115e-06,3.1009e-05,0.00010794,0.00032003,0.00080204,0.0017502,0.0034527,0.0049505,0.0061710,0.0075754
600.0,1.5117e-06,6.4920e-06,2.4660e-05,8.6837e-05,0.00026064,0.00065771,0.0014473,0.0029119,0.0041990,0.0052563,0.0064812
700.0,1.2052e-06,5.2353e-06,1.9913e-05,7.1026e-05,0.00021558,0.00054951,0.0012202,0.0024971,0.0036206,0.0045488,0.0056309
800.0,9.8760e-07,4.3001e-06,1.6479e-05,5.9034e-05,0.00018316,0.00046880,0.0010525,0.0021810,0.0031781,0.0040067,0.0049778
1000.0,6.4665e-07,2.8675e-06,1.1151e-05,4.0443e-05,0.00012749,0.00033654,0.00077712,0.0016372,0.0024102,0.0030599,0.0038294
1200.0,4.4214e-07,1.9961e-06,7.8489e-06,2.8811e-05,9.2105e-05,0.00024962,0.00059052,0.0012628,0.0018755,0.0023953,0.0030161
1500.0,2.6394e-07,1.2199e-06,4.9002e-06,1.8370e-05,6.0117e-05,0.00016702,0.00040346,0.00087973,0.0013212,0.0017006,0.0021587
SA4P0
r\m,4.0,4.5,5.0,5.5,6.0,6.5,7.0,7.5,7.8,8.0,8.2
0.0,0.00038185,0.0011040,0.0028753,0.0070417,0.015349,0.028967,0.049914,0.080410,0.098790,0.11062,0.12224
1.0,0.00028587,0.00087488,0.0023815,0.0060025,0.013413,0.025858,0.045286,0.072928,0.090441,0.10190,0.11318
5.0,0.00011548,0.00040373,0.0012523,0.0035403,0.0087503,0.018329,0.033892,0.056099,0.071235,0.081570,0.091898
10.0,6.1048e-05,0.00022039,0.00071793,0.0021573,0.0057144,0.012862,0.024216,0.040355,0.053991,0.063245,0.073885
15.0,3.9089e-05,0.00014374,0.00048026,0.0014907,0.0041120,0.0095707,0.018453,0.031480,0.041434,0.050014,0.058961
20.0,2.7684e-05,0.00010368,0.00035290,0.0011212,0.0031709,0.0074651,0.014752,0.025812,0.033950,0.040500,0.048536
25.0,2.0953e-05,7.9608e-05,0.00027495,0.00088910,0.0025605,0.0060688,0.012226,0.021821,0.029030,0.034345,0.040999
30.0,1.6658e-05,6.3994e-05,0.00022345,0.00073220,0.0021372,0.0050875,0.010408,0.018882,0.025357,0.030184,0.035337
40.0,1.1569e-05,4.5221e-05,0.00016043,0.00053653,0.0015799,0.0038206,0.0079959,0.014873,0.020171,0.024018,0.028202
50.0,8.7060e-06,3.4476e-05,0.00012375,0.00042031,0.0012432,0.0030472,0.0064944,0.012231,0.016671,0.020239,0.024159
60.0,7.2479e-06,2.9005e-05,0.00010503,0.00036090,0.0010704,0.0026482,0.0057094,0.010787,0.015011,0.018305,0.021947
70.0,6.4699e-06,2.6057e-05,9.4859e-05,0.00032839,0.00097460,0.0024257,0.0051968,0.010050,0.014042,0.017173,0.020650
80.0,5.8988e-06,2.3875e-05,8.7303e-05,0.00030408,0.00090316,0.0022594,0.0048562,0.0094823,0.013288,0.016283,0.019621
90.0,5.4320e-06,2.2084e-05,8.1079e-05,0.00028285,0.00084399,0.0021033,0.0045907,0.0089994,0.012643,0.015519,0.018732
100.0,5.0428e-06,2.0584e-05,7.5842e-05,0.00026496,0.00079391,0.0019820,0.0043622,0.0085813,0.012081,0.014852,0.017955
110.0,4.7118e-06,1.9305e-05,7.1360e-05,0.00024923,0.00074838,0.0018772,0.0041366,0.0081490,0.011483,0.014126,0.017090
120.0,4.4232e-06,1.8185e-05,6.7429e-05,0.00023548,0.00070369,0.0017850,0.0039377,0.0077682,0.010956,0.013486,0.016326
130.0,4.1336e-06,1.7059e-05,6.3482e-05,0.00022182,0.00066543,0.0016935,0.0037423,0.0073957,0.010443,0.012865,0.015586
140.0,3.8761e-06,1.6056e-05,5.9952e-05,0.00020959,0.00063146,0.0016108,0.0035654,0.0070572,0.0099762,0.012299,0.014914
150.0,3.6475e-06,1.5161e-05,5.6794e-05,0.00019852,0.00060089,0.0015362,0.0034053,0.0067501,0.0095521,0.011785,0.014301
175.0,3.1506e-06,1.3199e-05,4.9809e-05,0.00017434,0.00053220,0.0013668,0.0030416,0.0060519,0.0085839,0.010608,0.012896
200.0,2.7669e-06,1.1672e-05,4.4330e-05,0.00015581,0.00047758,0.0012310,0.0027493,0.0054892,0.0078040,0.0096598,0.011762
250.0,2.2080e-06,9.4286e-06,3.6185e-05,0.00012833,0.00039619,0.0010274,0.0023080,0.0046396,0.0066217,0.0082186,0.010036
300.0,1.8230e-06,7.8642e-06,3.0452e-05,0.00010784,0.00033443,0.00087075,0.0019661,0.0039773,0.0056980,0.0070909,0.0087688
350.0,1.5407e-06,6.7060e-06,2.6166e-05,9.2651e-05,0.00028850,0.00075404,0.0017105,0.0034786,0.0049997,0.0062887,0.0077938
400.0,1.3248e-06,5.8133e-06,2.2838e-05,8.0920e-05,0.00025293,0.00066361,0.0015117,0.0030892,0.0044780,0.0056528,0.0070190
450.0,1.1431e-06,5.0360e-06,1.9820e-05,7.1429e-05,0.00022359,0.00058909,0.0013480,0.0027683,0.0040502,0.0051220,0.0063724
500.0,9.9742e-07,4.4130e-06,1.7412e-05,6.3766e-05,0.00019959,0.00052807,0.0012137,0.0025113,0.0036957,0.0046821,0.0058361
600.0,7.8912e-07,3.5129e-06,1.3959e-05,5.1737e-05,0.00016395,0.00043659,0.0010112,0.0021325,0.0031550,0.0040131,0.0050235
700.0,6.3117e-07,2.8475e-06,1.1337e-05,4.2592e-05,0.00013653,0.00036727,0.00085815,0.0018400,0.0027366,0.0034931,0.0043895
800.0,5.1859e-07,2.3476e-06,9.4299e-06,3.5605e-05,0.00011671,0.00031531,0.00074475,0.0016168,0.0024166,0.0030954,0.0039039
1000.0,3.3989e-07,1.5720e-06,6.4233e-06,2.4597e-05,8.2014e-05,0.00022865,0.00055568,0.0012269,0.0018533,0.0023912,0.0030390
1200.0,2.3197e-07,1.0960e-06,4.5388e-06,1.7626e-05,5.9693e-05,0.00017104,0.00042629,0.00095642,0.0014585,0.0018941,0.0024234
1500.0,1.3746e-07,6.6816e-07,2.8379e-06,1.1294e-05,3.9272e-05,0.00011567,0.00029514,0.00067707,0.0010458,0.0013705,0.0017701
SA5P0
r\m,4.0,4.5,5.0,5.5,6.0,6.5,7.0,7.5,7.8,8.0,8.2
0.0,0.00021229,0.00062765,0.0016867,0.0042940,0.0097822,0.019351,0.034974,0.059002,0.074404,0.084700,0.095079
1.0,0.00015894,0.00049744,0.0013973,0.0036612,0.0085507,0.017279,0.031739,0.053523,0.068129,0.078037,0.088047
5.0,6.4240e-05,0.00022971,0.00073535,0.0021612,0.0055830,0.012259,0.023772,0.041201,0.053695,0.062505,0.071531
10.0,3.3991e-05,0.00012553,0.00042205,0.0013185,0.0036503,0.0086119,0.017002,0.029663,0.040728,0.048496,0.057546
15.0,2.1788e-05,8.1965e-05,0.00028268,0.00091223,0.0026299,0.0064152,0.012969,0.023160,0.031279,0.038378,0.045951
20.0,1.5446e-05,5.9189e-05,0.00020797,0.00068700,0.0020304,0.0050094,0.010379,0.019006,0.025649,0.031099,0.037850
25.0,1.1702e-05,4.5499e-05,0.00016222,0.00054542,0.0016415,0.0040769,0.0086095,0.016080,0.021948,0.026391,0.031993
30.0,9.3127e-06,3.6614e-05,0.00013199,0.00044970,0.0013717,0.0034214,0.0073369,0.013926,0.019186,0.023209,0.027591
40.0,6.4801e-06,2.5928e-05,9.4974e-05,0.00033027,0.0010163,0.0025747,0.0056469,0.010987,0.015284,0.018492,0.022047
50.0,4.8852e-06,1.9807e-05,7.3414e-05,0.00025929,0.00080141,0.0020577,0.0045948,0.0090499,0.012650,0.015603,0.018909
60.0,4.0742e-06,1.6697e-05,6.2444e-05,0.00022312,0.00069148,0.0017918,0.0040466,0.0079939,0.011406,0.014130,0.017197
70.0,3.6434e-06,1.5029e-05,5.6514e-05,0.00020346,0.00063091,0.0016445,0.0036899,0.0074586,0.010684,0.013273,0.016200
80.0,3.3273e-06,1.3796e-05,5.2115e-05,0.00018878,0.00058583,0.0015346,0.0034538,0.0070477,0.010124,0.012601,0.015410
90.0,3.0690e-06,1.2785e-05,4.8493e-05,0.00017594,0.00054850,0.0014312,0.0032703,0.0066981,0.0096441,0.012023,0.014727
100.0,2.8535e-06,1.1937e-05,4.5446e-05,0.00016513,0.00051692,0.0013510,0.0031124,0.0063956,0.0092269,0.011519,0.014130
110.0,2.6702e-06,1.1214e-05,4.2836e-05,0.00015562,0.00048816,0.0012818,0.0029559,0.0060813,0.0087804,0.010968,0.013463
120.0,2.5103e-06,1.0581e-05,4.0547e-05,0.00014729,0.00045982,0.0012207,0.0028179,0.0058044,0.0083868,0.010482,0.012874
130.0,2.3492e-06,9.9415e-06,3.8238e-05,0.00013899,0.00043555,0.0011600,0.0026819,0.0055329,0.0080026,0.010009,0.012302
140.0,2.2058e-06,9.3709e-06,3.6171e-05,0.00013154,0.00041399,0.0011051,0.0025586,0.0052859,0.0076532,0.0095785,0.011781
150.0,2.0785e-06,8.8618e-06,3.4320e-05,0.00012480,0.00039458,0.0010555,0.0024471,0.0050617,0.0073354,0.0091867,0.011307
175.0,1.8008e-06,7.7421e-06,3.0212e-05,0.00011002,0.00035079,0.00094239,0.0021927,0.0045505,0.0066079,0.0082880,0.010217
200.0,1.5860e-06,6.8685e-06,2.6982e-05,9.8682e-05,0.00031590,0.00085160,0.0019878,0.0041379,0.0060212,0.0075626,0.0093369
250.0,1.2720e-06,5.5805e-06,2.2164e-05,8.1806e-05,0.00026374,0.00071498,0.0016777,0.0035137,0.0051301,0.0064589,0.0079943
300.0,1.0547e-06,4.6780e-06,1.8754e-05,6.9137e-05,0.00022388,0.00060920,0.0014360,0.0030244,0.0044306,0.0055914,0.0070066
350.0,8.9466e-07,4.0064e-06,1.6192e-05,5.9699e-05,0.00019410,0.00053002,0.0012546,0.0026548,0.0039004,0.0049739,0.0062449
400.0,7.7173e-07,3.4861e-06,1.4192e-05,5.2372e-05,0.00017092,0.00046842,0.0011130,0.0023653,0.0035037,0.0044832,0.0056385
450.0,6.6765e-07,3.0300e-06,1.2363e-05,4.6410e-05,0.00015169,0.00041737,0.00099577,0.0021260,0.0031776,0.0040726,0.0051312
500.0,5.8386e-07,2.6628e-06,1.0896e-05,4.1575e-05,0.00013589,0.00037541,0.00089933,0.0019338,0.0029067,0.0037316,0.0047097
600.0,4.6368e-07,2.1300e-06,8.7862e-06,3.3943e-05,0.00011233,0.00031225,0.00075349,0.0016505,0.0024931,0.0032128,0.0040715
700.0,3.7161e-07,1.7325e-06,7.1651e-06,2.8071e-05,9.3995e-05,0.00026395,0.00064242,0.0014302,0.0021714,0.0028078,0.0035718
800.0,3.0571e-07,1.4314e-06,5.9784e-06,2.3554e-05,8.0674e-05,0.00022756,0.00055982,0.0012618,0.0019251,0.0024979,0.0031892
1000.0,2.0011e-07,9.5968e-07,4.0850e-06,1.6346e-05,5.7004e-05,0.00016601,0.00042038,0.00096396,0.0014867,0.0019436,0.0025013
1200.0,1.3598e-07,6.6793e-07,2.8872e-06,1.1735e-05,4.1622e-05,0.00012471,0.00032415,0.00075601,0.0011779,0.0015506,0.0020099
1500.0,7.9636e-08,4.0408e-07,1.7974e-06,7.5098e-06,2.7418e-05,8.4655e-05,0.00022578,0.00053979,0.00085311,0.0011345,0.0014863
SA7P5
r\m,4.0,4.5,5.0,5.5,6.0,6.5,7.0,7.5,7.8,8.0,8.2
0.0,6.7452e-05,0.00020962,0.00060081,0.0016511,0.0040954,0.0088644,0.017547,0.032337,0.042882,0.050402,0.058336
1.0,5.0511e-05,0.00016619,0.00049794,0.0014084,0.0035816,0.0079190,0.015931,0.029346,0.039279,0.046453,0.054039
5.0,2.0442e-05,7.6860e-05,0.00026250,0.00083292,0.0023428,0.0056281,0.011952,0.022623,0.030998,0.037253,0.043952
10.0,1.0838e-05,4.2097e-05,0.00015102,0.00050936,0.0015354,0.0039627,0.0085657,0.016316,0.023549,0.028946,0.035406
15.0,6.9616e-06,2.7550e-05,0.00010139,0.00035328,0.0011089,0.0029586,0.0065471,0.012761,0.018114,0.022939,0.028309
20.0,4.9456e-06,1.9939e-05,7.4772e-05,0.00026669,0.00085812,0.0023154,0.0052499,0.010491,0.014877,0.018615,0.023349
25.0,3.7544e-06,1.5361e-05,5.8461e-05,0.00021224,0.00069537,0.0018885,0.0043636,0.0088910,0.012750,0.015819,0.019761
30.0,2.9936e-06,1.2388e-05,4.7674e-05,0.00017539,0.00058240,0.0015882,0.0037258,0.0077128,0.011162,0.013931,0.017063
40.0,2.0909e-06,8.8092e-06,3.4456e-05,0.00012939,0.00043340,0.0012002,0.0028784,0.0061051,0.0089179,0.011130,0.013669
50.0,1.5820e-06,6.7565e-06,2.6747e-05,0.00010203,0.00034322,0.00096299,0.0023506,0.0050445,0.0074019,0.0094158,0.011752
60.0,1.3241e-06,5.7181e-06,2.2845e-05,8.8165e-05,0.00029737,0.00084186,0.0020775,0.0044697,0.0066930,0.0085492,0.010714
70.0,1.1882e-06,5.1670e-06,2.0760e-05,8.0730e-05,0.00027244,0.00077562,0.0019010,0.0041830,0.0062866,0.0080511,0.010116
80.0,1.0887e-06,4.7607e-06,1.9220e-05,7.5205e-05,0.00025397,0.00072650,0.0017853,0.0039641,0.0059723,0.0076616,0.0096433
90.0,1.0075e-06,4.4274e-06,1.7952e-05,7.0364e-05,0.00023869,0.00067996,0.0016959,0.0037780,0.0057037,0.0073276,0.0092361
100.0,9.3963e-07,4.1481e-06,1.6885e-05,6.6287e-05,0.00022577,0.00064409,0.0016191,0.0036171,0.0054703,0.0070362,0.0088801
110.0,8.8192e-07,3.9099e-06,1.5972e-05,6.2695e-05,0.00021397,0.00061312,0.0015423,0.0034484,0.0052178,0.0067141,0.0084775
120.0,8.3152e-07,3.7010e-06,1.5171e-05,5.9551e-05,0.00020224,0.00058582,0.0014747,0.0032997,0.0049953,0.0064299,0.0081219
130.0,7.8034e-07,3.4883e-06,1.4354e-05,5.6383e-05,0.00019221,0.00055844,0.0014074,0.0031531,0.0047769,0.0061522,0.0077755
140.0,7.3470e-07,3.2980e-06,1.3622e-05,5.3541e-05,0.00018329,0.00053360,0.0013465,0.0030195,0.0045781,0.0058993,0.0074600
150.0,6.9410e-07,3.1281e-06,1.2966e-05,5.0959e-05,0.00017524,0.00051116,0.0012912,0.0028981,0.0043971,0.0056688,0.0071725
175.0,6.0509e-07,2.7518e-06,1.1499e-05,4.5268e-05,0.00015696,0.00045961,0.0011643,0.0026197,0.0039805,0.0051374,0.0065076
200.0,5.3593e-07,2.4570e-06,1.0340e-05,4.0889e-05,0.00014233,0.00041805,0.0010617,0.0023943,0.0036436,0.0047075,0.0059700
250.0,4.3421e-07,2.0194e-06,8.5994e-06,3.4330e-05,0.00012033,0.00035514,0.00090568,0.0020518,0.0031300,0.0040510,0.0051471
300.0,3.6315e-07,1.7096e-06,7.3552e-06,2.9338e-05,0.00010327,0.00030574,0.00078244,0.0017803,0.0027227,0.0035303,0.0045387
350.0,3.1029e-07,1.4767e-06,6.4098e-06,2.5581e-05,9.0396e-05,0.00026844,0.00068920,0.0015739,0.0024122,0.0031588,0.0040672
400.0,2.6930e-07,1.2944e-06,5.6638e-06,2.2634e-05,8.0281e-05,0.00023914,0.00061585,0.0014111,0.0021791,0.0028621,0.0036899
450.0,2.3419e-07,1.1322e-06,4.9691e-06,2.0207e-05,7.1779e-05,0.00021460,0.00055456,0.0012754,0.0019863,0.0026122,0.0033726
500.0,2.0567e-07,1.0003e-06,4.4065e-06,1.8219e-05,6.4724e-05,0.00019423,0.00050372,0.0011660,0.0018253,0.0024037,0.0031079
600.0,1.6441e-07,8.0713e-07,3.5898e-06,1.5040e-05,5.4104e-05,0.00016329,0.00042621,0.0010039,0.0015783,0.0020856,0.0027065
700.0,1.3217e-07,6.6012e-07,2.9474e-06,1.2535e-05,4.5646e-05,0.00013917,0.00036621,0.00087610,0.0013839,0.0018345,0.0023893
800.0,1.0883e-07,5.4692e-07,2.4705e-06,1.0577e-05,3.9421e-05,0.00012076,0.00032114,0.00077764,0.0012343,0.0016417,0.0021461
1000.0,7.0827e-08,3.6620e-07,1.6918e-06,7.3757e-06,2.8040e-05,8.8781e-05,0.00024319,0.00059953,0.00096238,0.0012903,0.0017008
1200.0,4.7484e-08,2.5268e-07,1.1899e-06,5.2862e-06,2.0491e-05,6.6888e-05,0.00018842,0.00047339,0.00076861,0.0010386,0.0013804
1500.0,2.6891e-08,1.4897e-07,7.2675e-07,3.3387e-06,1.3394e-05,4.5284e-05,0.00013155,0.00034058,0.00056278,0.00077007,0.0010370
SA10P0
r\m,4.0,4.5,5.0,5.5,6.0,6.5,7.0,7.5,7.8,8.0,8.2
0.0,2.8361e-05,9.1956e-05,0.00027753,0.00080905,0.0021401,0.0049539,0.010492,0.020647,0.028425,0.034218,0.040523
1.0,2.1244e-05,7.2929e-05,0.00023009,0.00069041,0.0018723,0.0044272,0.0095291,0.018743,0.026044,0.031545,0.037547
5.0,8.6074e-06,3.3772e-05,0.00012147,0.00040889,0.0012265,0.0031509,0.0071583,0.014465,0.020575,0.025322,0.030566
10.0,4.5708e-06,1.8529e-05,7.0010e-05,0.00025052,0.00080528,0.0022224,0.0051383,0.010447,0.015650,0.019698,0.024649
15.0,2.9406e-06,1.2148e-05,4.7092e-05,0.00017408,0.00058264,0.0016621,0.0039335,0.0081822,0.012053,0.015628,0.019729
20.0,2.0924e-06,8.8073e-06,3.4791e-05,0.00013166,0.00045170,0.0013030,0.0031591,0.0067354,0.0099109,0.012697,0.016289
25.0,1.5909e-06,6.7967e-06,2.7250e-05,0.00010496,0.00036668,0.0010645,0.0026297,0.0057160,0.0085040,0.010802,0.013800
30.0,1.2704e-06,5.4904e-06,2.2261e-05,8.6897e-05,0.00030765,0.00089675,0.0022487,0.0049651,0.0074538,0.0095232,0.011928
40.0,8.8998e-07,3.9168e-06,1.6144e-05,6.4327e-05,0.00022971,0.00067981,0.0017423,0.0039401,0.0059691,0.0076248,0.0095741
50.0,6.7529e-07,3.0135e-06,1.2573e-05,5.0891e-05,0.00018251,0.00054716,0.0014269,0.0032637,0.0049655,0.0064636,0.0082470
60.0,5.6677e-07,2.5582e-06,1.0773e-05,4.4121e-05,0.00015864,0.00047977,0.0012646,0.0028988,0.0044996,0.0058806,0.0075324
70.0,5.0999e-07,2.3185e-06,9.8207e-06,4.0528e-05,0.00014579,0.00044333,0.0011602,0.0027192,0.0042354,0.0055488,0.0071249
80.0,4.6852e-07,2.1423e-06,9.1193e-06,3.7870e-05,0.00013631,0.00041643,0.0010925,0.0025827,0.0040319,0.0052903,0.0068040
90.0,4.3463e-07,1.9978e-06,8.5425e-06,3.5537e-05,0.00012848,0.00039082,0.0010403,0.0024668,0.0038581,0.0050689,0.0065276
100.0,4.0636e-07,1.8768e-06,8.0577e-06,3.3574e-05,0.00012187,0.00037119,0.00099560,0.0023667,0.0037072,0.0048759,0.0062861
110.0,3.8230e-07,1.7736e-06,7.6429e-06,3.1844e-05,0.00011582,0.00035425,0.00095061,0.0022609,0.0035426,0.0046606,0.0060105
120.0,3.6127e-07,1.6831e-06,7.2786e-06,3.0328e-05,0.00010976,0.00033932,0.00091095,0.0021677,0.0033975,0.0044706,0.0057670
130.0,3.3978e-07,1.5902e-06,6.9045e-06,2.8790e-05,0.00010458,0.00032424,0.00087133,0.0020753,0.0032546,0.0042844,0.0055291
140.0,3.2059e-07,1.5070e-06,6.5687e-06,2.7408e-05,9.9975e-05,0.00031054,0.00083535,0.0019911,0.0031243,0.0041146,0.0053123
150.0,3.0350e-07,1.4326e-06,6.2672e-06,2.6151e-05,9.5818e-05,0.00029816,0.00080272,0.0019145,0.0030057,0.0039597,0.0051145
175.0,2.6587e-07,1.2671e-06,5.5900e-06,2.3366e-05,8.6313e-05,0.00026954,0.00072737,0.0017379,0.0027313,0.0036012,0.0046554
200.0,2.3654e-07,1.1370e-06,5.0536e-06,2.1220e-05,7.8687e-05,0.00024640,0.00066630,0.0015946,0.0025089,0.0033106,0.0042835
250.0,1.9318e-07,9.4291e-07,4.2433e-06,1.7992e-05,6.7163e-05,0.00021123,0.00057304,0.0013762,0.0021690,0.0028656,0.0037130
300.0,1.6267e-07,8.0446e-07,3.6595e-06,1.5507e-05,5.8127e-05,0.00018329,0.00049861,0.0012015,0.0018972,0.0025100,0.0032894
350.0,1.3979e-07,6.9948e-07,3.2121e-06,1.3622e-05,5.1254e-05,0.00016203,0.00044193,0.0010679,0.0016889,0.0022559,0.0029596
400.0,1.2191e-07,6.1661e-07,2.8559e-06,1.2130e-05,4.5810e-05,0.00014523,0.00039705,0.00096193,0.0015322,0.0020520,0.0026947
450.0,1.0645e-07,5.4196e-07,2.5191e-06,1.0890e-05,4.1187e-05,0.00013101,0.00035924,0.00087301,0.0014018,0.0018792,0.0024707
500.0,9.3791e-08,4.8078e-07,2.2441e-06,9.8666e-06,3.7319e-05,0.00011912,0.00032767,0.00080100,0.0012923,0.0017344,0.0022832
600.0,7.5336e-08,3.9035e-07,1.8416e-06,8.2088e-06,3.1443e-05,0.00010090,0.00027916,0.00069383,0.0011237,0.0015127,0.0019979
700.0,6.0690e-08,3.2044e-07,1.5191e-06,6.8777e-06,2.6675e-05,8.6468e-05,0.00024109,0.00060829,0.00098948,0.0013360,0.0017707
800.0,4.9980e-08,2.6588e-07,1.2767e-06,5.8230e-06,2.3123e-05,7.5316e-05,0.00021220,0.00054184,0.00088550,0.0011996,0.0015957
1000.0,3.2327e-08,1.7749e-07,8.7383e-07,4.0659e-06,1.6490e-05,5.5556e-05,0.00016131,0.00041952,0.00069362,0.00094740,0.0012712
1200.0,2.1390e-08,1.2129e-07,6.1030e-07,2.9005e-06,1.2017e-05,4.1806e-05,0.00012501,0.00033184,0.00055549,0.00076527,0.0010361
1500.0,1.1729e-08,6.9640e-08,3.6486e-07,1.8013e-06,7.7560e-06,2.8060e-05,8.6874e-05,0.00023865,0.00040766,0.00056980,0.00078326
