PGA
r\m,4.0,4.5,5.0,5.5,6.0,6.5,7.0,7.5,7.8,8.0,8.2
0.0,0.15047,0.22691,0.29927,0.37756,0.44859,0.51693,0.59549,0.69490,0.71248,0.71273,0.71700
1.0,0.10867,0.16954,0.22968,0.29474,0.35668,0.42140,0.50107,0.58904,0.61600,0.62396,0.63361
5.0,0.041753,0.073083,0.11075,0.15773,0.20947,0.26923,0.34484,0.42184,0.45876,0.47687,0.49376
10.0,0.020340,0.037167,0.059422,0.090780,0.13096,0.18336,0.23209,0.28656,0.34184,0.36851,0.40019
15.0,0.012335,0.022990,0.037792,0.060079,0.091197,0.13170,0.17076,0.21813,0.25345,0.28787,0.31824
20.0,0.0083485,0.015829,0.026541,0.043449,0.068070,0.097906,0.13207,0.17553,0.20350,0.22743,0.25887
25.0,0.0060775,0.011667,0.019839,0.033190,0.053204,0.076080,0.10597,0.14543,0.17170,0.18951,0.21514
30.0,0.0046678,0.0090489,0.015550,0.026449,0.043114,0.061246,0.087486,0.12323,0.14774,0.16472,0.18193
40.0,0.0030501,0.0060037,0.010489,0.018304,0.029497,0.042899,0.063562,0.093165,0.11338,0.12654,0.14052
50.0,0.0021792,0.0043405,0.0076769,0.013659,0.021663,0.032251,0.049146,0.073192,0.089783,0.10344,0.11798
60.0,0.0017483,0.0035160,0.0062786,0.011337,0.017732,0.026828,0.041710,0.062343,0.079437,0.092194,0.10592
70.0,0.0014439,0.0029266,0.0052653,0.0096240,0.014892,0.022868,0.035108,0.055411,0.071270,0.083253,0.096262
80.0,0.0012220,0.0024937,0.0045165,0.0083343,0.012797,0.019909,0.030887,0.049954,0.064749,0.076026,0.088377
90.0,0.0010557,0.0021667,0.0039457,0.0072107,0.011193,0.017193,0.027861,0.045559,0.059443,0.070112,0.081877
100.0,0.00092301,0.0019044,0.0034852,0.0063149,0.0098976,0.015262,0.025329,0.041825,0.054894,0.065014,0.076225
110.0,0.00081494,0.0016895,0.0031061,0.0055671,0.0087736,0.013718,0.022869,0.037961,0.049979,0.059318,0.069697
120.0,0.00072524,0.0015104,0.0027887,0.0049494,0.0076471,0.012416,0.020782,0.034664,0.045764,0.054421,0.064068
130.0,0.00064940,0.0013581,0.0025182,0.0044300,0.0069099,0.011298,0.018987,0.031804,0.042100,0.050157,0.059150
140.0,0.00058399,0.0012262,0.0022831,0.0039842,0.0062875,0.010320,0.017407,0.029276,0.038856,0.046372,0.054789
150.0,0.00052770,0.0011122,0.0020791,0.0035907,0.0057456,0.0094653,0.016019,0.027045,0.035985,0.043019,0.050912
175.0,0.00042021,0.00089223,0.0016818,0.0028577,0.0046743,0.0077567,0.013251,0.022602,0.030247,0.036300,0.043127
200.0,0.00034218,0.00073114,0.0013881,0.0023586,0.0038758,0.0064682,0.011155,0.019216,0.025850,0.031129,0.037113
250.0,0.00021586,0.00047086,0.00091163,0.0015752,0.0026315,0.0044585,0.0078217,0.013687,0.018548,0.022444,0.026884
300.0,0.00014385,0.00031999,0.00063099,0.0010582,0.0018031,0.0031141,0.0055812,0.0099557,0.013618,0.016572,0.020289
350.0,9.9786e-05,0.00022617,0.00045392,0.00074519,0.0012922,0.0022717,0.0041460,0.0075162,0.010361,0.012858,0.015793
400.0,7.1385e-05,0.00016473,0.00033635,0.00054357,0.00095832,0.0017126,0.0031764,0.0058423,0.0081949,0.010232,0.012598
450.0,4.8590e-05,0.00011313,0.00023263,0.00040976,0.00072257,0.0013105,0.0024658,0.0045937,0.0065623,0.0082139,0.010136
500.0,3.4206e-05,8.0433e-05,0.00016669,0.00031813,0.00055608,0.0010229,0.0019507,0.0036978,0.0053400,0.0066977,0.0082816
600.0,2.0913e-05,4.9214e-05,0.00010257,0.00020476,0.00037161,0.00069116,0.0013415,0.0026514,0.0038542,0.0048539,0.0060363
700.0,1.1521e-05,2.7943e-05,5.8344e-05,0.00012348,0.00023236,0.00044444,0.00087991,0.0017978,0.0026272,0.0033207,0.0041365
800.0,6.6995e-06,1.6309e-05,3.4777e-05,7.4733e-05,0.00015302,0.00029324,0.00059207,0.0012377,0.0018165,0.0022589,0.0028254
1000.0,2.3562e-06,5.9593e-06,1.3107e-05,2.8520e-05,6.0655e-05,0.00012923,0.00028209,0.00060154,0.00088866,0.0011287,0.0014103
1200.0,8.8678e-07,2.3042e-06,5.1589e-06,1.1659e-05,2.6596e-05,6.1443e-05,0.00014151,0.00030838,0.00045662,0.00057958,0.00071848
1500.0,2.2435e-07,6.1387e-07,1.4418e-06,3.6460e-06,8.7311e-06,2.1260e-05,5.0688e-05,0.00011171,0.00016641,0.00021147,0.00026308
PGV
r\m,4.0,4.5,5.0,5.5,6.0,6.5,7.0,7.5,7.8,8.0,8.2
0.0,6.7779,10.242,14.461,17.973,21.740,25.941,33.050,46.086,54.992,62.053,69.906
1.0,5.2216,8.5905,12.721,16.206,19.796,23.830,30.572,42.196,50.843,57.530,64.769
5.0,1.1948,2.6578,5.2775,8.9597,13.502,18.638,25.686,35.956,44.244,50.626,57.545
10.0,0.43052,1.0372,2.2798,4.4591,7.9412,12.820,18.405,26.410,35.628,42.136,50.633
15.0,0.22718,0.56375,1.2869,2.6572,5.1056,8.8218,13.478,20.519,27.135,33.973,41.732
20.0,0.14258,0.36012,0.83958,1.7839,3.5683,6.2656,10.179,16.465,21.922,27.069,34.362
25.0,0.096130,0.24570,0.58271,1.2653,2.5978,4.6100,7.8846,13.398,18.335,22.442,28.512
30.0,0.070363,0.18136,0.43508,0.95751,1.9961,3.5445,6.2807,11.081,15.537,19.321,23.932
40.0,0.043698,0.11429,0.27812,0.62279,1.2884,2.3405,4.3101,8.0176,11.493,14.364,18.091
50.0,0.030418,0.080505,0.19798,0.44890,0.91725,1.7012,3.2276,6.1850,9.0393,11.797,15.344
60.0,0.025147,0.067128,0.16642,0.38039,0.76412,1.4317,2.7512,5.2539,7.9637,10.454,13.678
70.0,0.021374,0.057498,0.14350,0.33027,0.65382,1.2349,2.3288,4.6649,7.1147,9.3801,12.328
80.0,0.018503,0.050124,0.12588,0.29125,0.56998,1.0844,2.0562,4.2043,6.4463,8.5302,11.255
90.0,0.016443,0.044828,0.11317,0.25904,0.50942,0.95291,1.8740,3.8614,5.9344,7.8670,10.397
100.0,0.014757,0.040467,0.10265,0.23274,0.45977,0.85959,1.7216,3.5696,5.4975,7.2978,9.6584
110.0,0.013347,0.036806,0.093794,0.21090,0.41832,0.79178,1.5911,3.3190,5.1187,6.8048,9.0197
120.0,0.012150,0.033685,0.086194,0.19244,0.37439,0.73339,1.4787,3.1003,4.7895,6.3715,8.4526
130.0,0.011104,0.030945,0.079519,0.17631,0.34572,0.68149,1.3782,2.9030,4.4906,5.9804,7.9416
140.0,0.010180,0.028515,0.073574,0.16215,0.32099,0.63488,1.2882,2.7250,4.2221,5.6293,7.4844
150.0,0.0093721,0.026380,0.068332,0.14934,0.29913,0.59355,1.2080,2.5652,3.9807,5.3130,7.0725
175.0,0.0075698,0.021549,0.056342,0.12173,0.24864,0.49702,1.0186,2.1831,3.3996,4.5481,6.0691
200.0,0.0062331,0.017931,0.047279,0.10248,0.21031,0.42326,0.87321,1.8859,2.9458,3.9504,5.2838
250.0,0.0043121,0.012616,0.033836,0.074147,0.15471,0.31536,0.65862,1.4390,2.2736,3.0728,4.1423
300.0,0.0031189,0.0092665,0.025236,0.053615,0.11381,0.23549,0.49968,1.1082,1.7728,2.4153,3.3409
350.0,0.0023288,0.0070173,0.019385,0.040247,0.086599,0.18159,0.39097,0.87807,1.4184,1.9764,2.7490
400.0,0.0017791,0.0054330,0.015214,0.031021,0.067525,0.14331,0.31276,0.70986,1.1695,1.6426,2.2946
450.0,0.0012869,0.0039523,0.011120,0.024457,0.053171,0.11418,0.25256,0.57942,0.97501,1.3753,1.9295
500.0,0.00095512,0.0029531,0.0083590,0.019732,0.042499,0.092278,0.20667,0.48162,0.82117,1.1629,1.6384
600.0,0.00055527,0.0017435,0.0049867,0.012430,0.028052,0.062145,0.14219,0.34612,0.59596,0.84933,1.2049
700.0,0.00033875,0.0010805,0.0031274,0.0082072,0.019099,0.043092,0.10047,0.25374,0.44054,0.63133,0.90074
800.0,0.00021415,0.00069387,0.0020339,0.0054071,0.013571,0.030586,0.073131,0.18929,0.33116,0.47688,0.68392
1000.0,9.2145e-05,0.00030780,0.00092798,0.0025345,0.0066188,0.016192,0.041157,0.10923,0.19388,0.28177,0.40793
1200.0,4.2526e-05,0.00014620,0.00045315,0.0012712,0.0034379,0.0089825,0.024053,0.065332,0.11750,0.17218,0.25149
1500.0,1.4623e-05,5.3158e-05,0.00017347,0.00051283,0.0014534,0.0039437,0.010956,0.030808,0.056441,0.083663,0.12370
SA0P01
r\m,4.0,4.5,5.0,5.5,6.0,6.5,7.0,7.5,7.8,8.0,8.2
0.0,0.24427,0.36576,0.47749,0.59313,0.68759,0.77936,0.87727,1.0098,1.0298,1.0306,1.0013
1.0,0.17782,0.27196,0.36210,0.45564,0.53692,0.62341,0.72539,0.84249,0.87647,0.88820,0.87606
5.0,0.072914,0.12243,0.17826,0.24297,0.30882,0.38618,0.48454,0.58687,0.63540,0.66036,0.67276
10.0,0.035214,0.061823,0.095077,0.13850,0.19025,0.25762,0.32005,0.39300,0.46900,0.50593,0.54978
15.0,0.020836,0.037316,0.059143,0.089925,0.13024,0.18191,0.23198,0.29535,0.34348,0.39117,0.43307
20.0,0.013733,0.025054,0.040554,0.063668,0.095451,0.13300,0.17696,0.23497,0.27283,0.30577,0.34908
25.0,0.0097967,0.018104,0.029705,0.047720,0.073322,0.10186,0.14020,0.19270,0.22807,0.25235,0.28733
30.0,0.0073871,0.013797,0.022892,0.037462,0.058624,0.081061,0.11453,0.16180,0.19459,0.21757,0.24084
40.0,0.0046820,0.0088884,0.015014,0.025280,0.039220,0.055676,0.081811,0.12041,0.14708,0.16462,0.18337
50.0,0.0032392,0.0062369,0.010692,0.018414,0.028204,0.041106,0.062255,0.093169,0.11478,0.13278,0.15198
60.0,0.0025393,0.0049464,0.0085802,0.015045,0.022780,0.033821,0.052304,0.078530,0.10054,0.11713,0.13501
70.0,0.0020567,0.0040430,0.0070760,0.012587,0.018899,0.028531,0.043586,0.069178,0.089372,0.10477,0.12152
80.0,0.0017080,0.0033840,0.0059693,0.010739,0.016033,0.024560,0.037949,0.061749,0.080374,0.094691,0.11040
90.0,0.0014381,0.0028709,0.0051011,0.0091057,0.013780,0.020872,0.033735,0.055495,0.072693,0.086013,0.10073
100.0,0.0012262,0.0024653,0.0044104,0.0078198,0.011980,0.018243,0.030225,0.050200,0.066129,0.078548,0.092334
110.0,0.0010566,0.0021384,0.0038500,0.0067632,0.010441,0.016144,0.026877,0.044856,0.059255,0.070517,0.083053
120.0,0.00091851,0.0018707,0.0033884,0.0059036,0.0089500,0.014393,0.024066,0.040342,0.053422,0.063682,0.075133
130.0,0.00080418,0.0016475,0.0030017,0.0051921,0.0079616,0.012907,0.021670,0.036466,0.048401,0.057787,0.068283
140.0,0.00070766,0.0014581,0.0026716,0.0045915,0.0071366,0.011624,0.019590,0.033088,0.044019,0.052636,0.062295
150.0,0.00062636,0.0012977,0.0023909,0.0040728,0.0064303,0.010520,0.017792,0.030155,0.040206,0.048146,0.057065
175.0,0.00046813,0.00098283,0.0018347,0.0030902,0.0050125,0.0082809,0.014143,0.024188,0.032411,0.038938,0.046304
200.0,0.00035851,0.00076211,0.0014406,0.0024383,0.0039921,0.0066491,0.011467,0.019779,0.026622,0.032074,0.038255
250.0,0.00022472,0.00048773,0.00094031,0.0016191,0.0026957,0.0045589,0.0079993,0.014016,0.019004,0.023005,0.027567
300.0,0.00014886,0.00032956,0.00064730,0.0010821,0.0018381,0.0031692,0.0056817,0.010148,0.013887,0.016906,0.020706
350.0,0.00010270,0.00023172,0.00046339,0.00075848,0.0013116,0.0023024,0.0042036,0.0076300,0.010522,0.013063,0.016051
400.0,7.3099e-05,0.00016797,0.00034189,0.00055102,0.00096912,0.0017296,0.0032091,0.0059093,0.0082920,0.010357,0.012755
450.0,4.9525e-05,0.00011487,0.00023554,0.00041395,0.00072843,0.0013196,0.0024838,0.0046320,0.0066194,0.0082878,0.010230
500.0,3.4719e-05,8.1356e-05,0.00016820,0.00032043,0.00055907,0.0010273,0.0019599,0.0037188,0.0053719,0.0067395,0.0083349
600.0,2.0944e-05,4.9237e-05,0.00010257,0.00020476,0.00037161,0.00069116,0.0013415,0.0026514,0.0038542,0.0048539,0.0060363
700.0,1.1521e-05,2.7943e-05,5.8344e-05,0.00012348,0.00023236,0.00044444,0.00087991,0.0017978,0.0026272,0.0033207,0.0041365
800.0,6.6995e-06,1.6309e-05,3.4777e-05,7.4733e-05,0.00015302,0.00029324,0.00059207,0.0012377,0.0018165,0.0022589,0.0028254
1000.0,2.3562e-06,5.9593e-06,1.3107e-05,2.8520e-05,6.0655e-05,0.00012923,0.00028209,0.00060154,0.00088866,0.0011287,0.0014103
1200.0,8.8678e-07,2.3042e-06,5.1589e-06,1.1659e-05,2.6596e-05,6.1443e-05,0.00014151,0.00030838,0.00045662,0.00057958,0.00071848
1500.0,2.2435e-07,6.1387e-07,1.4418e-06,3.6460e-06,8.7311e-06,2.1260e-05,5.0688e-05,0.00011171,0.00016641,0.00021147,0.00026308
SA0P02
r\m,4.0,4.5,5.0,5.5,6.0,6.5,7.0,7.5,7.8,8.0,8.2
0.0,0.40478,0.59669,0.77282,0.94949,1.0827,1.2124,1.3409,1.5289,1.5545,1.5586,1.4752
1.0,0.29812,0.44660,0.58760,0.72917,0.84276,0.96466,1.1017,1.2665,1.3127,1.3320,1.2836
5.0,0.12490,0.20523,0.29404,0.39182,0.48391,0.59204,0.72804,0.87200,0.93969,0.97637,0.98063
10.0,0.059813,0.10287,0.15596,0.22191,0.29554,0.38999,0.47586,0.57965,0.69137,0.74591,0.81146
15.0,0.035023,0.061350,0.095846,0.14235,0.19988,0.27193,0.34130,0.43201,0.50200,0.57300,0.63547
20.0,0.022816,0.040671,0.064828,0.099367,0.14448,0.19616,0.25749,0.34074,0.39552,0.44410,0.50862
25.0,0.016123,0.029086,0.046923,0.073517,0.10951,0.14844,0.20186,0.27725,0.32834,0.36379,0.41542
30.0,0.012054,0.021961,0.035800,0.057119,0.086637,0.11700,0.16340,0.23103,0.27827,0.31167,0.34558
40.0,0.0075340,0.013933,0.023090,0.037882,0.056961,0.079033,0.11503,0.16967,0.20768,0.23283,0.25993
50.0,0.0051500,0.0096525,0.016221,0.027218,0.040413,0.057629,0.086616,0.13004,0.16066,0.18649,0.21414
60.0,0.0040111,0.0076017,0.012923,0.022090,0.032436,0.047163,0.072403,0.10898,0.14001,0.16361,0.18915
70.0,0.0032395,0.0061900,0.010610,0.018398,0.026796,0.039646,0.060103,0.095744,0.12407,0.14586,0.16964
80.0,0.0026819,0.0051594,0.0089041,0.015614,0.022615,0.033968,0.052111,0.085148,0.11114,0.13129,0.15345
90.0,0.0022514,0.0043589,0.0075708,0.013165,0.019331,0.028713,0.046135,0.076236,0.10014,0.11880,0.13945
100.0,0.0019131,0.0037262,0.0065110,0.011240,0.016713,0.024970,0.041160,0.068690,0.090739,0.10805,0.12732
110.0,0.0016421,0.0032163,0.0056521,0.0096626,0.014478,0.021977,0.036416,0.061092,0.080935,0.096575,0.11402
120.0,0.0014215,0.0027993,0.0049457,0.0083826,0.012330,0.019484,0.032437,0.054678,0.072620,0.086801,0.10267
130.0,0.0012388,0.0024519,0.0043543,0.0073240,0.010898,0.017365,0.029034,0.049146,0.065426,0.078326,0.092791
140.0,0.0010846,0.0021572,0.0038493,0.0064324,0.0097038,0.015537,0.026083,0.044329,0.059153,0.070929,0.084156
150.0,0.00095501,0.0019089,0.0034223,0.0056679,0.0086882,0.013974,0.023546,0.040168,0.053719,0.064507,0.076653
175.0,0.00070363,0.0014227,0.0025788,0.0042213,0.0066510,0.010802,0.018403,0.031724,0.042644,0.051380,0.061264
200.0,0.00053004,0.0010832,0.0019846,0.0032646,0.0051930,0.0085046,0.014650,0.025511,0.034452,0.041633,0.049797
250.0,0.00031816,0.00066289,0.0012377,0.0020732,0.0033561,0.0055840,0.0098080,0.017369,0.023634,0.028702,0.034495
300.0,0.00020180,0.00042864,0.00081553,0.0013270,0.0021946,0.0037246,0.0066962,0.012097,0.016616,0.020295,0.024944
350.0,0.00013334,0.00028875,0.00055995,0.00089319,0.0015059,0.0026047,0.0047735,0.0087698,0.012140,0.015127,0.018654
400.0,9.0975e-05,0.00020078,0.00039712,0.00062439,0.0010727,0.0018888,0.0035205,0.0065642,0.0092484,0.011594,0.014327
450.0,5.9144e-05,0.00013195,0.00026352,0.00045330,0.00078080,0.0013970,0.0026425,0.0049900,0.0071611,0.0089983,0.011143
500.0,3.9859e-05,9.0036e-05,0.00018171,0.00034006,0.00058176,0.0010571,0.0020272,0.0038945,0.0056503,0.0071140,0.0088231
600.0,2.0913e-05,4.9214e-05,0.00010257,0.00020476,0.00037161,0.00069116,0.0013415,0.0026514,0.0038542,0.0048539,0.0060363
700.0,1.1521e-05,2.7943e-05,5.8344e-05,0.00012348,0.00023236,0.00044444,0.00087991,0.0017978,0.0026272,0.0033207,0.0041365
800.0,6.6995e-06,1.6309e-05,3.4777e-05,7.4733e-05,0.00015302,0.00029324,0.00059207,0.0012377,0.0018165,0.0022589,0.0028254
1000.0,2.3562e-06,5.9593e-06,1.3107e-05,2.8520e-05,6.0655e-05,0.00012923,0.00028209,0.00060154,0.00088866,0.0011287,0.0014103
1200.0,8.8678e-07,2.3042e-06,5.1589e-06,1.1659e-05,2.6596e-05,6.1443e-05,0.00014151,0.00030838,0.00045662,0.00057958,0.00071848
1500.0,2.2435e-07,6.1387e-07,1.4418e-06,3.6460e-06,8.7311e-06,2.1260e-05,5.0688e-05,0.00011171,0.00016641,0.00021147,0.00026308
SA0P025
r\m,4.0,4.5,5.0,5.5,6.0,6.5,7.0,7.5,7.8,8.0,8.2
0.0,0.45009,0.65971,0.85430,1.0493,1.1957,1.3380,1.4772,1.6844,1.7137,1.7207,1.6229
1.0,0.33293,0.49644,0.65302,0.80977,0.93438,1.0679,1.2162,1.3968,1.4480,1.4708,1.4125
5.0,0.13855,0.22787,0.32778,0.43765,0.53985,0.65881,0.80701,0.96438,1.0385,1.0794,1.0815
10.0,0.066125,0.11386,0.17347,0.24751,0.32946,0.43366,0.52748,0.64121,0.76483,0.82534,0.89861
15.0,0.038697,0.067829,0.10645,0.15846,0.22233,0.30170,0.37768,0.47733,0.55447,0.63333,0.70299
20.0,0.025207,0.044938,0.071907,0.11038,0.16031,0.21708,0.28434,0.37589,0.43616,0.48992,0.56175
25.0,0.017804,0.032108,0.051981,0.081507,0.12121,0.16388,0.22242,0.30534,0.36155,0.40063,0.45792
30.0,0.013308,0.024227,0.039621,0.063229,0.095711,0.12892,0.17969,0.25401,0.30596,0.34275,0.38021
40.0,0.0083186,0.015362,0.025518,0.041840,0.062747,0.086794,0.12611,0.18601,0.22769,0.25527,0.28509
50.0,0.0056887,0.010641,0.017911,0.030015,0.044429,0.063145,0.094764,0.14230,0.17583,0.20422,0.23465
60.0,0.0044352,0.0083845,0.014271,0.024351,0.035637,0.051635,0.079133,0.11908,0.15302,0.17889,0.20692
70.0,0.0035909,0.0068404,0.011732,0.020299,0.029457,0.043420,0.065686,0.10462,0.13557,0.15942,0.18548
80.0,0.0029797,0.0057116,0.0098580,0.017240,0.024870,0.037208,0.056953,0.093030,0.12141,0.14343,0.16768
90.0,0.0025070,0.0048335,0.0083915,0.014546,0.021265,0.031454,0.050425,0.083291,0.10937,0.12975,0.15234
100.0,0.0021344,0.0041376,0.0072232,0.012426,0.018388,0.027354,0.044987,0.075041,0.099089,0.11799,0.13905
110.0,0.0018351,0.0035755,0.0062745,0.010686,0.015930,0.024076,0.039803,0.066750,0.088398,0.10548,0.12455
120.0,0.0015907,0.0031146,0.0054928,0.0092719,0.013565,0.021343,0.035451,0.059743,0.079320,0.094810,0.11215
130.0,0.0013877,0.0027296,0.0048365,0.0080998,0.011984,0.019013,0.031718,0.053680,0.071440,0.085528,0.10134
140.0,0.0012159,0.0024022,0.0042749,0.0071111,0.010665,0.017000,0.028477,0.048395,0.064561,0.077418,0.091868
150.0,0.0010712,0.0021261,0.0037997,0.0062632,0.0095435,0.015279,0.025691,0.043828,0.058599,0.070373,0.083637
175.0,0.00078971,0.0015839,0.0028586,0.0046549,0.0072870,0.011778,0.020029,0.034544,0.046428,0.055949,0.066729
200.0,0.00059456,0.0012040,0.0021940,0.0035885,0.0056692,0.0092382,0.015891,0.027702,0.037410,0.045220,0.054107
250.0,0.00035466,0.00073114,0.0013560,0.0022568,0.0036264,0.0060020,0.010535,0.018692,0.025439,0.030908,0.037165
300.0,0.00022314,0.00046840,0.00088436,0.0014292,0.0023451,0.0039581,0.0071160,0.012888,0.017710,0.021645,0.026626
350.0,0.00014605,0.00031226,0.00060054,0.00095110,0.0015906,0.0027361,0.0050165,0.0092455,0.012807,0.015974,0.019717
400.0,9.8586e-05,0.00021466,0.00042100,0.00065703,0.0011197,0.0019610,0.0036582,0.0068461,0.0096549,0.012117,0.014989
450.0,6.3373e-05,0.00013944,0.00027611,0.00047161,0.00080598,0.0014344,0.0027166,0.0051510,0.0074010,0.0093109,0.011544
500.0,4.2202e-05,9.4005e-05,0.00018814,0.00034986,0.00059393,0.0010737,0.0020622,0.0039792,0.0057813,0.0072884,0.0090495
600.0,2.0913e-05,4.9214e-05,0.00010257,0.00020476,0.00037161,0.00069116,0.0013415,0.0026514,0.0038542,0.0048539,0.0060363
700.0,1.1521e-05,2.7943e-05,5.8344e-05,0.00012348,0.00023236,0.00044444,0.00087991,0.0017978,0.0026272,0.0033207,0.0041365
800.0,6.6995e-06,1.6309e-05,3.4777e-05,7.4733e-05,0.00015302,0.00029324,0.00059207,0.0012377,0.0018165,0.0022589,0.0028254
1000.0,2.3562e-06,5.9593e-06,1.3107e-05,2.8520e-05,6.0655e-05,0.00012923,0.00028209,0.00060154,0.00088866,0.0011287,0.0014103
1200.0,8.8678e-07,2.3042e-06,5.1589e-06,1.1659e-05,2.6596e-05,6.1443e-05,0.00014151,0.00030838,0.00045662,0.00057958,0.00071848
1500.0,2.2435e-07,6.1387e-07,1.4418e-06,3.6460e-06,8.7311e-06,2.1260e-05,5.0688e-05,0.00011171,0.00016641,0.00021147,0.00026308
SA0P03
r\m,4.0,4.5,5.0,5.5,6.0,6.5,7.0,7.5,7.8,8.0,8.2
0.0,0.47450,0.69235,0.89746,1.1036,1.2597,1.4111,1.5586,1.7800,1.8132,1.8233,1.7192
1.0,0.35223,0.52390,0.69016,0.85687,0.98966,1.1313,1.2878,1.4796,1.5350,1.5609,1.4980
5.0,0.14497,0.23942,0.34689,0.46582,0.57627,0.70344,0.86028,1.0269,1.1057,1.1497,1.1510
10.0,0.068990,0.11932,0.18323,0.26323,0.35184,0.46356,0.56325,0.68379,0.81569,0.88041,0.95933
15.0,0.040404,0.071104,0.11243,0.16842,0.23724,0.32226,0.40314,0.50896,0.59098,0.67537,0.75022
20.0,0.026360,0.047156,0.075987,0.11729,0.17092,0.23165,0.30325,0.40057,0.46457,0.52191,0.59896
25.0,0.018632,0.033707,0.054944,0.086571,0.12912,0.17470,0.23697,0.32513,0.38483,0.42639,0.48770
30.0,0.013941,0.025449,0.041893,0.067140,0.10188,0.13730,0.19126,0.27025,0.32542,0.36453,0.40444
40.0,0.0087326,0.016162,0.027006,0.044425,0.066748,0.092320,0.13404,0.19762,0.24180,0.27103,0.30270
50.0,0.0059854,0.011214,0.018975,0.031878,0.047250,0.067116,0.10065,0.15106,0.18659,0.21672,0.24908
60.0,0.0046770,0.0088523,0.015138,0.025880,0.037909,0.054874,0.084007,0.12631,0.16223,0.18964,0.21939
70.0,0.0037996,0.0072431,0.012475,0.021613,0.031379,0.046190,0.069773,0.11100,0.14375,0.16900,0.19663
80.0,0.0031634,0.0060651,0.010506,0.018388,0.026529,0.039623,0.060539,0.098757,0.12877,0.15208,0.17776
90.0,0.0026703,0.0051468,0.0089637,0.015544,0.022714,0.033529,0.053643,0.088471,0.11606,0.13762,0.16153
100.0,0.0022801,0.0044166,0.0077313,0.013301,0.019664,0.029185,0.047891,0.079753,0.10519,0.12519,0.14748
110.0,0.0019655,0.0038249,0.0067276,0.011455,0.017055,0.025714,0.042413,0.071011,0.093937,0.11203,0.13223
120.0,0.0017078,0.0033384,0.0058986,0.0099523,0.014538,0.022814,0.037806,0.063611,0.084364,0.10078,0.11918
130.0,0.0014929,0.0029304,0.0052001,0.0087025,0.012852,0.020334,0.033842,0.057186,0.076025,0.090969,0.10775
140.0,0.0013103,0.0025825,0.0046007,0.0076462,0.011443,0.018188,0.030394,0.051577,0.068734,0.082380,0.097723
150.0,0.0011562,0.0022884,0.0040926,0.0067388,0.010243,0.016351,0.027427,0.046724,0.062407,0.074909,0.089000
175.0,0.00085512,0.0017086,0.0030827,0.0050117,0.0078218,0.012601,0.021380,0.036832,0.049458,0.059575,0.071034
200.0,0.00064522,0.0013005,0.0023665,0.0038622,0.0060798,0.0098723,0.016947,0.029522,0.039835,0.048135,0.057584
250.0,0.00038480,0.00078835,0.0014580,0.0024191,0.0038701,0.0063802,0.011181,0.019837,0.026980,0.032776,0.039408
300.0,0.00024156,0.00050323,0.00094639,0.0015237,0.0024873,0.0041798,0.0075062,0.013602,0.018683,0.022834,0.028097
350.0,0.00015748,0.00033375,0.00063876,0.0010073,0.0016749,0.0028679,0.0052542,0.0096945,0.013426,0.016751,0.020686
400.0,0.00010571,0.00022794,0.00044461,0.00069053,0.0011696,0.0020388,0.0038019,0.0071270,0.010052,0.012621,0.015621
450.0,6.7529e-05,0.00014702,0.00028942,0.00049184,0.00083537,0.0014796,0.0028018,0.0053238,0.0076520,0.0096322,0.011950
500.0,4.4638e-05,9.8335e-05,0.00019559,0.00036193,0.00061057,0.0010985,0.0021100,0.0040817,0.0059337,0.0074859,0.0093007
600.0,2.0913e-05,4.9214e-05,0.00010257,0.00020476,0.00037161,0.00069116,0.0013415,0.0026514,0.0038542,0.0048539,0.0060363
700.0,1.1521e-05,2.7943e-05,5.8344e-05,0.00012348,0.00023236,0.00044444,0.00087991,0.0017978,0.0026272,0.0033207,0.0041365
800.0,6.6995e-06,1.6309e-05,3.4777e-05,7.4733e-05,0.00015302,0.00029324,0.00059207,0.0012377,0.0018165,0.0022589,0.0028254
1000.0,2.3562e-06,5.9593e-06,1.3107e-05,2.8520e-05,6.0655e-05,0.00012923,0.00028209,0.00060154,0.00088866,0.0011287,0.0014103
1200.0,8.8678e-07,2.3042e-06,5.1589e-06,1.1659e-05,2.6596e-05,6.1443e-05,0.00014151,0.00030838,0.00045662,0.00057958,0.00071848
1500.0,2.2435e-07,6.1387e-07,1.4418e-06,3.6460e-06,8.7311e-06,2.1260e-05,5.0688e-05,0.00011171,0.00016641,0.00021147,0.00026308
SA0P04
r\m,4.0,4.5,5.0,5.5,6.0,6.5,7.0,7.5,7.8,8.0,8.2
0.0,0.48328,0.70059,0.91137,1.1259,1.2932,1.4549,1.6139,1.8520,1.8926,1.9085,1.8070
1.0,0.36065,0.53562,0.70929,0.88508,1.0278,1.1786,1.3446,1.5491,1.6109,1.6415,1.5798
5.0,0.14459,0.24176,0.35647,0.48636,0.60858,0.74633,0.91304,1.0895,1.1739,1.2215,1.2243
10.0,0.068508,0.11997,0.18772,0.27469,0.37251,0.49421,0.60118,0.72882,0.86959,0.93892,1.0246
15.0,0.040249,0.071682,0.11541,0.17592,0.25131,0.34388,0.43084,0.54321,0.63029,0.72066,0.80153
20.0,0.026391,0.047741,0.078272,0.12275,0.18121,0.24734,0.32423,0.42774,0.49555,0.55662,0.63957
25.0,0.018710,0.034215,0.056744,0.090745,0.13701,0.18657,0.25336,0.34715,0.41044,0.45451,0.52026
30.0,0.014047,0.025906,0.043373,0.070475,0.10818,0.14665,0.20445,0.28847,0.34697,0.38844,0.43098
40.0,0.0088593,0.016552,0.028100,0.046784,0.071019,0.098665,0.14327,0.21085,0.25762,0.28847,0.32205
50.0,0.0061138,0.011553,0.019839,0.033681,0.050386,0.071802,0.10764,0.16122,0.19881,0.23074,0.26517
60.0,0.0048053,0.0091654,0.015891,0.027419,0.040499,0.058751,0.089848,0.13470,0.17269,0.20168,0.23322
70.0,0.0039338,0.0075510,0.013175,0.023009,0.033656,0.049599,0.074776,0.11854,0.15317,0.17984,0.20910
80.0,0.0033000,0.0063663,0.011163,0.019674,0.028571,0.042685,0.065038,0.10565,0.13739,0.16201,0.18920
90.0,0.0028063,0.0054384,0.0095802,0.016718,0.024563,0.036243,0.057777,0.094836,0.12404,0.14683,0.17214
100.0,0.0024128,0.0046956,0.0083079,0.014374,0.021345,0.031646,0.051710,0.085662,0.11262,0.13377,0.15737
110.0,0.0020933,0.0040897,0.0072656,0.012437,0.018585,0.027979,0.045941,0.076512,0.10088,0.12007,0.14153
120.0,0.0018297,0.0035884,0.0063996,0.010851,0.015902,0.024902,0.041072,0.068738,0.090860,0.10833,0.12791
130.0,0.0016078,0.0031643,0.0056642,0.0095223,0.014100,0.022253,0.036856,0.061945,0.082078,0.098019,0.11593
140.0,0.0014180,0.0028004,0.0050294,0.0083937,0.012587,0.019951,0.033174,0.055992,0.074370,0.088963,0.10538
150.0,0.0012568,0.0024911,0.0044886,0.0074195,0.011293,0.017974,0.029995,0.050824,0.067657,0.081055,0.096161
175.0,0.00093887,0.0018759,0.0034043,0.0055505,0.0086626,0.013904,0.023470,0.040221,0.053834,0.064726,0.077066
200.0,0.00071440,0.0014376,0.0026271,0.0042949,0.0067534,0.010919,0.018649,0.032330,0.043486,0.052455,0.062668
250.0,0.00043018,0.00087755,0.0016256,0.0026964,0.0043008,0.0070528,0.012300,0.021735,0.029477,0.035753,0.042937
300.0,0.00027159,0.00056192,0.0010559,0.0016970,0.0027572,0.0046037,0.0082304,0.014866,0.020367,0.024861,0.030568
350.0,0.00017746,0.00037262,0.00071104,0.0011178,0.0018470,0.0031398,0.0057284,0.010546,0.014572,0.018165,0.022422
400.0,0.00011903,0.00025369,0.00049254,0.00076162,0.0012802,0.0022141,0.0041134,0.0077003,0.010841,0.013605,0.016835
450.0,7.5849e-05,0.00016291,0.00031872,0.00053850,0.00090696,0.0015929,0.0030063,0.0057091,0.0081949,0.010313,0.012795
500.0,4.9884e-05,0.00010823,0.00021369,0.00039281,0.00065662,0.0011710,0.0022424,0.0043387,0.0063017,0.0079500,0.0098779
600.0,2.1304e-05,4.9214e-05,0.00010257,0.00020476,0.00037161,0.00069116,0.0013415,0.0026514,0.0038542,0.0048539,0.0060363
700.0,1.1521e-05,2.7943e-05,5.8344e-05,0.00012348,0.00023236,0.00044444,0.00087991,0.0017978,0.0026272,0.0033207,0.0041365
800.0,6.6995e-06,1.6309e-05,3.4777e-05,7.4733e-05,0.00015302,0.00029324,0.00059207,0.0012377,0.0018165,0.0022589,0.0028254
1000.0,2.3562e-06,5.9593e-06,1.3107e-05,2.8520e-05,6.0655e-05,0.00012923,0.00028209,0.00060154,0.00088866,0.0011287,0.0014103
1200.0,8.8678e-07,2.3042e-06,5.1589e-06,1.1659e-05,2.6596e-05,6.1443e-05,0.00014151,0.00030838,0.00045662,0.00057958,0.00071848
1500.0,2.2435e-07,6.1387e-07,1.4418e-06,3.6460e-06,8.7311e-06,2.1260e-05,5.0688e-05,0.00011171,0.00016641,0.00021147,0.00026308
SA0P05
r\m,4.0,4.5,5.0,5.5,6.0,6.5,7.0,7.5,7.8,8.0,8.2
0.0,0.46518,0.67157,0.87729,1.0896,1.2610,1.4263,1.5912,1.8361,1.8826,1.9030,1.8137
1.0,0.34842,0.51791,0.69003,0.86636,1.0132,1.1670,1.3369,1.5459,1.6117,1.6452,1.5915
5.0,0.13618,0.23073,0.34622,0.48041,0.60931,0.75226,0.92264,1.1020,1.1886,1.2379,1.2440
10.0,0.064315,0.11413,0.18192,0.27136,0.37418,0.50110,0.61144,0.74094,0.88427,0.95507,1.0435
15.0,0.037924,0.068429,0.11217,0.17414,0.25288,0.34945,0.43925,0.55346,0.64177,0.73395,0.81710
20.0,0.025004,0.045801,0.076409,0.12190,0.18278,0.25188,0.33112,0.43644,0.50510,0.56715,0.65216
25.0,0.017790,0.032934,0.055591,0.090377,0.13852,0.19031,0.25906,0.35450,0.41864,0.46325,0.53047
30.0,0.013407,0.025023,0.042632,0.070359,0.10957,0.14977,0.20924,0.29475,0.35406,0.39606,0.43936
40.0,0.0085190,0.016100,0.027796,0.046939,0.072213,0.10103,0.14688,0.21568,0.26307,0.29423,0.32826
50.0,0.0059226,0.011314,0.019741,0.033950,0.051427,0.073706,0.11055,0.16515,0.20323,0.23561,0.27062
60.0,0.0046829,0.0090235,0.015885,0.027730,0.041439,0.060391,0.092332,0.13797,0.17647,0.20582,0.23783
70.0,0.0038617,0.0074845,0.013251,0.023388,0.034583,0.051150,0.077028,0.12160,0.15671,0.18371,0.21339
80.0,0.0032633,0.0063535,0.011298,0.020106,0.029494,0.044183,0.067186,0.10860,0.14081,0.16575,0.19332
90.0,0.0027952,0.0054639,0.0097558,0.017182,0.025474,0.037665,0.059864,0.097722,0.12739,0.15049,0.17616
100.0,0.0024196,0.0047473,0.0085091,0.014851,0.022233,0.033009,0.053733,0.088480,0.11590,0.13736,0.16132
110.0,0.0021126,0.0041594,0.0074823,0.012917,0.019448,0.029303,0.047919,0.079313,0.10418,0.12372,0.14557
120.0,0.0018579,0.0036700,0.0066243,0.011325,0.016716,0.026180,0.042993,0.071497,0.094149,0.11199,0.13200
130.0,0.0016415,0.0032526,0.0058900,0.0099817,0.014878,0.023477,0.038703,0.064630,0.085308,0.10164,0.11999
140.0,0.0014552,0.0028923,0.0052526,0.0088346,0.013328,0.021115,0.034943,0.058589,0.077520,0.092509,0.10937
150.0,0.0012960,0.0025843,0.0047067,0.0078391,0.011997,0.019079,0.031682,0.053323,0.070709,0.084509,0.10007
175.0,0.00097919,0.0019661,0.0036026,0.0059141,0.0092682,0.014856,0.024943,0.042452,0.056597,0.067884,0.080673
200.0,0.00075277,0.0015207,0.0028025,0.0046086,0.0072694,0.011730,0.019923,0.034300,0.045955,0.055301,0.065943
250.0,0.00046032,0.00094071,0.0017538,0.0029207,0.0046655,0.0076274,0.013225,0.023214,0.031360,0.037949,0.045489
300.0,0.00029421,0.00060852,0.0011485,0.0018509,0.0030062,0.0049980,0.0088813,0.015942,0.021758,0.026500,0.032532
350.0,0.00019406,0.00040647,0.00077746,0.0012240,0.0020184,0.0034131,0.0061890,0.011328,0.015597,0.019406,0.023919
400.0,0.00013106,0.00027803,0.00054004,0.00083517,0.0013988,0.0024045,0.0044403,0.0082689,0.011603,0.014536,0.017965
450.0,8.3978e-05,0.00017917,0.00035009,0.00059038,0.00098972,0.0017263,0.0032388,0.0061222,0.0087614,0.011009,0.013644
500.0,5.5396e-05,0.00011917,0.00023462,0.00042981,0.00071442,0.0012644,0.0024074,0.0046391,0.0067198,0.0084665,0.010509
600.0,2.2832e-05,5.1963e-05,0.00010389,0.00020683,0.00037161,0.00069116,0.0013606,0.0027254,0.0039692,0.0050037,0.0062223
700.0,1.1723e-05,2.7943e-05,5.8344e-05,0.00012348,0.00023236,0.00044444,0.00087991,0.0017978,0.0026272,0.0033207,0.0041365
800.0,6.6995e-06,1.6309e-05,3.4777e-05,7.4733e-05,0.00015302,0.00029324,0.00059207,0.0012377,0.0018165,0.0022589,0.0028254
1000.0,2.3562e-06,5.9593e-06,1.3107e-05,2.8520e-05,6.0655e-05,0.00012923,0.00028209,0.00060154,0.00088866,0.0011287,0.0014103
1200.0,8.8678e-07,2.3042e-06,5.1589e-06,1.1659e-05,2.6596e-05,6.1443e-05,0.00014151,0.00030838,0.00045662,0.00057958,0.00071848
1500.0,2.2435e-07,6.1387e-07,1.4418e-06,3.6460e-06,8.7311e-06,2.1260e-05,5.0688e-05,0.00011171,0.00016641,0.00021147,0.00026308
SA0P075
r\m,4.0,4.5,5.0,5.5,6.0,6.5,7.0,7.5,7.8,8.0,8.2
0.0,0.39236,0.56479,0.74525,0.93741,1.1038,1.2643,1.4308,1.6722,1.7271,1.7542,1.6995
1.0,0.29550,0.44239,0.59778,0.76149,0.90582,1.0551,1.2225,1.4268,1.4966,1.5332,1.5032
5.0,0.10988,0.19184,0.29840,0.42915,0.56133,0.70486,0.87197,1.0459,1.1317,1.1807,1.1955
10.0,0.051629,0.094409,0.15624,0.24266,0.34733,0.47585,0.58616,0.71099,0.84931,0.91809,1.0056
15.0,0.030684,0.057043,0.096998,0.15659,0.23595,0.33396,0.42379,0.53406,0.61879,0.70789,0.78957
20.0,0.020464,0.038594,0.066746,0.11052,0.17169,0.24225,0.32110,0.42292,0.48862,0.54821,0.63116
25.0,0.014671,0.027961,0.048966,0.082537,0.13097,0.18398,0.25228,0.34451,0.40596,0.44858,0.51394
30.0,0.011147,0.021408,0.037840,0.064652,0.10414,0.14538,0.20445,0.28713,0.34400,0.38418,0.42601
40.0,0.0071953,0.013987,0.025034,0.043665,0.069379,0.098865,0.14436,0.21103,0.25648,0.28617,0.31879
50.0,0.0050807,0.0099739,0.018021,0.031940,0.049896,0.072653,0.10926,0.16230,0.19884,0.22990,0.26369
60.0,0.0040667,0.0080451,0.014646,0.026287,0.040449,0.059747,0.091439,0.13569,0.17268,0.20078,0.23159
70.0,0.0034022,0.0067646,0.012373,0.022412,0.034073,0.050968,0.076702,0.12001,0.15378,0.17965,0.20819
80.0,0.0029171,0.0058228,0.010690,0.019492,0.029357,0.044396,0.067336,0.10769,0.13874,0.16266,0.18921
90.0,0.0025348,0.0050767,0.0093521,0.016864,0.025622,0.038193,0.060407,0.097431,0.12611,0.14832,0.17306
100.0,0.0022245,0.0044691,0.0082588,0.014748,0.022586,0.033757,0.054584,0.088702,0.11529,0.13598,0.15911
110.0,0.0019680,0.0039650,0.0073489,0.012978,0.019966,0.030254,0.049101,0.080158,0.10445,0.12341,0.14465
120.0,0.0017525,0.0035406,0.0065802,0.011505,0.017346,0.027277,0.044422,0.072827,0.095110,0.11255,0.13212
130.0,0.0015663,0.0031725,0.0059120,0.010244,0.015580,0.024666,0.040303,0.066317,0.086798,0.10286,0.12094
140.0,0.0014041,0.0028512,0.0053259,0.0091563,0.014079,0.022366,0.036665,0.060548,0.079426,0.094273,0.11099
150.0,0.0012637,0.0025731,0.0048176,0.0081996,0.012776,0.020361,0.033480,0.055472,0.072919,0.086675,0.10220
175.0,0.00097914,0.0020048,0.0037715,0.0063207,0.010061,0.016141,0.026801,0.044856,0.059264,0.070683,0.083621
200.0,0.00077096,0.0015859,0.0029961,0.0050221,0.0080320,0.012957,0.021739,0.036772,0.048813,0.058400,0.069314
250.0,0.00049105,0.0010189,0.0019414,0.0032847,0.0053042,0.0086493,0.014788,0.025489,0.034102,0.041018,0.048927
300.0,0.00032539,0.00068104,0.0013092,0.0021392,0.0035002,0.0057897,0.010129,0.017847,0.024117,0.029193,0.035667
350.0,0.00022154,0.00046788,0.00090809,0.0014463,0.0023943,0.0040183,0.0071665,0.012875,0.017549,0.021706,0.026629
400.0,0.00015379,0.00032771,0.00064338,0.0010041,0.0016825,0.0028641,0.0051980,0.0095033,0.013204,0.016447,0.020234
450.0,0.00010117,0.00021595,0.00042490,0.00071938,0.0012033,0.0020743,0.0038233,0.0070982,0.010061,0.012572,0.015514
500.0,6.8204e-05,0.00014621,0.00028882,0.00052881,0.00087490,0.0015274,0.0028559,0.0054088,0.0077621,0.0097287,0.012026
600.0,2.7896e-05,6.3077e-05,0.00012558,0.00024947,0.00044467,0.00082002,0.0015905,0.0031356,0.0045271,0.0056786,0.0070309
700.0,1.4587e-05,3.1646e-05,6.7883e-05,0.00014301,0.00026364,0.00049160,0.00097263,0.0020097,0.0029249,0.0036892,0.0045775
800.0,7.4257e-06,1.7421e-05,3.7199e-05,8.0751e-05,0.00016128,0.00030098,0.00061530,0.0013025,0.0019054,0.0024033,0.0030004
1000.0,2.3949e-06,5.9593e-06,1.3107e-05,2.8520e-05,6.0655e-05,0.00012923,0.00028209,0.00060154,0.00088866,0.0011309,0.0014149
1200.0,8.8678e-07,2.3042e-06,5.1589e-06,1.1659e-05,2.6596e-05,6.1443e-05,0.00014151,0.00030838,0.00045662,0.00057958,0.00071848
1500.0,2.2435e-07,6.1387e-07,1.4418e-06,3.6460e-06,8.7311e-06,2.1260e-05,5.0688e-05,0.00011171,0.00016641,0.00021186,0.00026833
SA0P1
r\m,4.0,4.5,5.0,5.5,6.0,6.5,7.0,7.5,7.8,8.0,8.2
0.0,0.32533,0.47185,0.62802,0.79807,0.95251,1.1023,1.2621,1.4901,1.5479,1.5778,1.5484
1.0,0.24573,0.37322,0.51016,0.65745,0.79272,0.93219,1.0907,1.2833,1.3527,1.3898,1.3774
5.0,0.088387,0.15887,0.25359,0.37432,0.50117,0.63810,0.79588,0.95909,1.0409,1.0879,1.1087
10.0,0.041411,0.077955,0.13250,0.21188,0.31184,0.43506,0.54059,0.65717,0.78603,0.85052,0.93348
15.0,0.024746,0.047363,0.082683,0.13732,0.21274,0.30692,0.39283,0.49581,0.57453,0.65756,0.73459
20.0,0.016634,0.032288,0.057316,0.097525,0.15565,0.22381,0.29894,0.39400,0.45495,0.51029,0.58811
25.0,0.011990,0.023520,0.042307,0.073252,0.11938,0.17074,0.23574,0.32176,0.37880,0.41829,0.47949
30.0,0.0091618,0.018108,0.032880,0.057656,0.095335,0.13540,0.19162,0.26877,0.32158,0.35883,0.39789
40.0,0.0059789,0.011960,0.021987,0.039310,0.064066,0.092719,0.13601,0.19834,0.24056,0.26803,0.29833
50.0,0.0042678,0.0086187,0.015985,0.029004,0.046438,0.068552,0.10342,0.15311,0.18708,0.21592,0.24745
60.0,0.0034450,0.0070072,0.013086,0.024006,0.037823,0.056543,0.086717,0.12814,0.16255,0.18862,0.21732
70.0,0.0029100,0.0059473,0.011154,0.020626,0.032077,0.048490,0.073043,0.11363,0.14507,0.16909,0.19568
80.0,0.0025198,0.0051688,0.0097267,0.018090,0.027848,0.042503,0.064438,0.10234,0.13129,0.15353,0.17828
90.0,0.0022111,0.0045498,0.0085890,0.015792,0.024494,0.036819,0.058104,0.092963,0.11976,0.14045,0.16354
100.0,0.0019587,0.0040423,0.0076530,0.013930,0.021754,0.032754,0.052771,0.084987,0.10989,0.12919,0.15082
110.0,0.0017488,0.0036184,0.0068690,0.012365,0.019387,0.029569,0.047784,0.077269,0.10014,0.11792,0.13787
120.0,0.0015711,0.0032590,0.0062020,0.011054,0.016983,0.026847,0.043510,0.070621,0.091710,0.10814,0.12661
130.0,0.0014157,0.0029436,0.0056157,0.0099195,0.015363,0.024440,0.039719,0.064676,0.084160,0.099374,0.11651
140.0,0.0012792,0.0026662,0.0050980,0.0089334,0.013979,0.022306,0.036354,0.059382,0.077432,0.091562,0.10749
150.0,0.0011600,0.0024240,0.0046450,0.0080580,0.012768,0.020432,0.033387,0.054692,0.071455,0.084608,0.099465
175.0,0.00091568,0.0019232,0.0037014,0.0063204,0.010216,0.016443,0.027102,0.044793,0.058799,0.069842,0.082363
200.0,0.00073420,0.0015484,0.0029914,0.0051050,0.0082828,0.013394,0.022282,0.037177,0.049015,0.058390,0.069068
250.0,0.00048343,0.0010273,0.0019990,0.0034371,0.0056217,0.0091752,0.015522,0.026357,0.035002,0.041902,0.049792
300.0,0.00033050,0.00070735,0.0013863,0.0023001,0.0038037,0.0062861,0.010861,0.018832,0.025245,0.030404,0.036999
350.0,0.00023173,0.00049950,0.00098628,0.0015932,0.0026597,0.0044515,0.0078290,0.013829,0.018691,0.022999,0.028098
400.0,0.00016534,0.00035884,0.00071491,0.0011301,0.0019050,0.0032282,0.0057707,0.010366,0.014278,0.017692,0.021674
450.0,0.00011184,0.00024258,0.00048312,0.00082512,0.0013858,0.0023741,0.0043061,0.0078521,0.011032,0.013713,0.016849
500.0,7.7339e-05,0.00016804,0.00033514,0.00061657,0.0010224,0.0017710,0.0032562,0.0060558,0.0086134,0.010739,0.013219
600.0,3.2914e-05,7.4895e-05,0.00014965,0.00029711,0.00052815,0.00096424,0.0018388,0.0035617,0.0050984,0.0063640,0.0078477
700.0,1.7742e-05,3.8513e-05,8.2750e-05,0.00017359,0.00031810,0.00058565,0.0011385,0.0023118,0.0033356,0.0041862,0.0051728
800.0,9.2283e-06,2.1628e-05,4.6078e-05,9.9404e-05,0.00019657,0.00036144,0.00072654,0.0015116,0.0021916,0.0027570,0.0034265
1000.0,3.0699e-06,7.3211e-06,1.6009e-05,3.5588e-05,7.4503e-05,0.00015192,0.00032807,0.00070141,0.0010292,0.0013055,0.0016261
1200.0,1.0927e-06,2.6221e-06,6.0506e-06,1.3918e-05,3.0901e-05,6.8973e-05,0.00015782,0.00034584,0.00051398,0.00065508,0.00082161
1500.0,2.6211e-07,6.7440e-07,1.6484e-06,4.1385e-06,9.8666e-06,2.3443e-05,5.5832e-05,0.00012626,0.00019107,0.00024656,0.00031151
SA0P15
r\m,4.0,4.5,5.0,5.5,6.0,6.5,7.0,7.5,7.8,8.0,8.2
0.0,0.22828,0.34696,0.47000,0.60647,0.73767,0.86657,1.0089,1.2089,1.2663,1.2974,1.2952
1.0,0.17295,0.27749,0.38739,0.50781,0.62412,0.74442,0.88394,1.0528,1.1180,1.1535,1.1602
5.0,0.059828,0.11554,0.19150,0.29250,0.40399,0.52460,0.66287,0.80548,0.87883,0.92122,0.94749
10.0,0.027944,0.056512,0.099843,0.16581,0.25313,0.36212,0.45608,0.55737,0.66861,0.72496,0.79830
15.0,0.016807,0.034566,0.062699,0.10806,0.17366,0.25722,0.33364,0.42291,0.49080,0.56250,0.63010
20.0,0.011404,0.023781,0.043858,0.077359,0.12797,0.18890,0.25537,0.33764,0.39014,0.43780,0.50556
25.0,0.0082730,0.017438,0.032621,0.058531,0.098849,0.14498,0.20239,0.27670,0.32580,0.35977,0.41300
30.0,0.0063647,0.013516,0.025531,0.046353,0.079393,0.11552,0.16521,0.23185,0.27730,0.30935,0.34330
40.0,0.0042083,0.0090466,0.017302,0.031988,0.053965,0.079857,0.11812,0.17208,0.20842,0.23202,0.25820
50.0,0.0030432,0.0066030,0.012735,0.023864,0.039520,0.059528,0.090396,0.13353,0.16279,0.18762,0.21495
60.0,0.0024812,0.0054201,0.010519,0.019893,0.032383,0.049295,0.075990,0.11192,0.14157,0.16401,0.18885
70.0,0.0021199,0.0046520,0.0090635,0.017256,0.027700,0.042561,0.064350,0.099593,0.12671,0.14740,0.17043
80.0,0.0018572,0.0040902,0.0079947,0.015293,0.024279,0.037606,0.057128,0.090112,0.11515,0.13433,0.15579
90.0,0.0016487,0.0036423,0.0071408,0.013501,0.021568,0.032869,0.051854,0.082290,0.10552,0.12340,0.14345
100.0,0.0014771,0.0032725,0.0064335,0.012039,0.019341,0.029486,0.047406,0.075635,0.097291,0.11402,0.13283
110.0,0.0013334,0.0029616,0.0058372,0.010805,0.017416,0.026872,0.043295,0.069307,0.089324,0.10482,0.12228
120.0,0.0012108,0.0026959,0.0053260,0.0097631,0.015421,0.024624,0.039754,0.063833,0.082410,0.096821,0.11308
130.0,0.0011018,0.0024593,0.0048704,0.0088500,0.014083,0.022615,0.036588,0.058899,0.076175,0.089605,0.10478
140.0,0.0010054,0.0022495,0.0044652,0.0080495,0.012933,0.020822,0.033763,0.054482,0.070592,0.083142,0.097334
150.0,0.00092038,0.0020644,0.0041067,0.0073297,0.011915,0.019230,0.031247,0.050534,0.065587,0.077343,0.090657
175.0,0.00074360,0.0016762,0.0033495,0.0058845,0.0097439,0.015802,0.025855,0.042109,0.054881,0.064897,0.076279
200.0,0.00061019,0.0013811,0.0027701,0.0048610,0.0080723,0.013141,0.021664,0.035553,0.046514,0.055143,0.064987
250.0,0.00041994,0.00095737,0.0019331,0.0034124,0.0057049,0.0093568,0.015635,0.026051,0.034290,0.040820,0.048295
300.0,0.00029975,0.00068772,0.0013969,0.0023788,0.0040126,0.0066501,0.011312,0.019202,0.025486,0.030501,0.036938
350.0,0.00021922,0.00050591,0.0010334,0.0017121,0.0029087,0.0048709,0.0084121,0.014516,0.019407,0.023719,0.028823
400.0,0.00016300,0.00037812,0.00077733,0.0012592,0.0021544,0.0036442,0.0063817,0.011178,0.015217,0.018722,0.022809
450.0,0.00011515,0.00026642,0.00054606,0.00095073,0.0016171,0.0027596,0.0048943,0.0086898,0.012060,0.014879,0.018176
500.0,8.3018e-05,0.00019196,0.00039290,0.00073291,0.0012285,0.0021151,0.0037961,0.0068662,0.0096418,0.011929,0.014599
600.0,3.9053e-05,9.3345e-05,0.00019014,0.00037865,0.00067345,0.0012124,0.0022491,0.0042346,0.0059847,0.0074174,0.0090962
700.0,2.2370e-05,5.1051e-05,0.00011052,0.00023114,0.00042172,0.00076393,0.0014422,0.0028400,0.0040432,0.0050360,0.0061877
800.0,1.2361e-05,3.0108e-05,6.4449e-05,0.00013784,0.00026979,0.00048660,0.00094860,0.0019125,0.0027345,0.0034203,0.0042231
1000.0,4.4626e-06,1.0965e-05,2.3897e-05,5.2467e-05,0.00010792,0.00021374,0.00044527,0.00092084,0.0013310,0.0016742,0.0020713
1200.0,1.6958e-06,4.1583e-06,9.5199e-06,2.1489e-05,4.6349e-05,9.9739e-05,0.00021952,0.00046438,0.00067966,0.00085890,0.0010714
1500.0,4.3948e-07,1.1428e-06,2.7555e-06,6.6741e-06,1.5363e-05,3.4945e-05,7.9760e-05,0.00017428,0.00025971,0.00033253,0.00041760
SA0P2
r\m,4.0,4.5,5.0,5.5,6.0,6.5,7.0,7.5,7.8,8.0,8.2
0.0,0.16499,0.26944,0.37430,0.48949,0.60324,0.71613,0.84340,1.0211,1.0758,1.1061,1.1161
1.0,0.12518,0.21677,0.31094,0.41350,0.51500,0.62052,0.74454,0.89469,0.95522,0.98863,1.0036
5.0,0.042393,0.089163,0.15322,0.23966,0.33770,0.44440,0.56690,0.69355,0.75989,0.79849,0.82632
10.0,0.019768,0.043538,0.079792,0.13597,0.21244,0.30893,0.39292,0.48262,0.58057,0.63073,0.69635
15.0,0.011932,0.026729,0.050286,0.088899,0.14622,0.22032,0.28857,0.36742,0.42728,0.49043,0.55062
20.0,0.0081373,0.018483,0.035354,0.063934,0.10820,0.16248,0.22164,0.29415,0.34042,0.38241,0.44241
25.0,0.0059242,0.013603,0.026410,0.048577,0.083932,0.12516,0.17620,0.24158,0.28480,0.31475,0.36186
30.0,0.0045747,0.010583,0.020752,0.038608,0.067641,0.10002,0.14419,0.20281,0.24280,0.27102,0.30114
40.0,0.0030466,0.0071361,0.014170,0.026829,0.046287,0.069533,0.10355,0.15105,0.18303,0.20381,0.22695
50.0,0.0022190,0.0052458,0.010503,0.020143,0.034103,0.052088,0.079557,0.11759,0.14334,0.16519,0.18936
60.0,0.0018191,0.0043290,0.0087184,0.016860,0.028044,0.043237,0.066986,0.098665,0.12474,0.14448,0.16644
70.0,0.0015639,0.0037385,0.0075581,0.014705,0.024106,0.037476,0.056905,0.087976,0.11185,0.13006,0.15042
80.0,0.0013789,0.0033083,0.0067099,0.013110,0.021247,0.033270,0.050705,0.079822,0.10189,0.11880,0.13778
90.0,0.0012319,0.0029649,0.0060321,0.011648,0.018983,0.029231,0.046204,0.073121,0.093628,0.10941,0.12716
100.0,0.0011106,0.0026807,0.0054689,0.010452,0.017119,0.026353,0.042406,0.067423,0.086572,0.10135,0.11803
110.0,0.0010086,0.0024410,0.0049926,0.0094410,0.015510,0.024151,0.038925,0.062068,0.079833,0.093575,0.10910
120.0,0.00092129,0.0022353,0.0045829,0.0085835,0.013821,0.022252,0.035920,0.057427,0.073977,0.086801,0.10131
130.0,0.00084308,0.0020507,0.0042149,0.0078266,0.012692,0.020545,0.033221,0.053226,0.068676,0.080671,0.094262
140.0,0.00077354,0.0018863,0.0038864,0.0071604,0.011720,0.019016,0.030807,0.049455,0.063918,0.075168,0.087928
150.0,0.00071187,0.0017403,0.0035939,0.0065568,0.010854,0.017651,0.028645,0.046066,0.059631,0.070207,0.082219
175.0,0.00058279,0.0014322,0.0029718,0.0053379,0.0089951,0.014691,0.023983,0.038795,0.050408,0.059499,0.069854
200.0,0.00048465,0.0011962,0.0024920,0.0044704,0.0075526,0.012377,0.020335,0.033105,0.043164,0.051064,0.060099
250.0,0.00034239,0.00085146,0.0017862,0.0032217,0.0054778,0.0090364,0.015017,0.024776,0.032475,0.038557,0.045535
300.0,0.00025090,0.00062796,0.0013251,0.0023063,0.0039533,0.0065826,0.011110,0.018643,0.024621,0.029375,0.035494
350.0,0.00018840,0.00047423,0.0010057,0.0017033,0.0029377,0.0049364,0.0084434,0.014378,0.019113,0.023277,0.028212
400.0,0.00014387,0.00036388,0.00077588,0.0012848,0.0022287,0.0037782,0.0065410,0.011288,0.015269,0.018713,0.022732
450.0,0.00010460,0.00026372,0.00056004,0.00099383,0.0017123,0.0029251,0.0051209,0.0089457,0.012329,0.015148,0.018447
500.0,7.7603e-05,0.00019538,0.00041385,0.00078432,0.0013307,0.0022906,0.0040525,0.0072028,0.010039,0.012366,0.015084
600.0,3.9699e-05,0.00010239,0.00021526,0.00043207,0.00077189,0.0013793,0.0025120,0.0046418,0.0065095,0.0080347,0.0098243
700.0,2.3862e-05,5.9094e-05,0.00013049,0.00027388,0.00050043,0.00089932,0.0016642,0.0032068,0.0045272,0.0056130,0.0068761
800.0,1.3941e-05,3.6403e-05,7.9475e-05,0.00016974,0.00033151,0.00059208,0.0011288,0.0022243,0.0031522,0.0039260,0.0048296
1000.0,5.4320e-06,1.4250e-05,3.1506e-05,6.8785e-05,0.00014021,0.00027292,0.00055355,0.0011159,0.0015968,0.0019975,0.0024619
1200.0,2.2099e-06,5.7667e-06,1.3301e-05,2.9702e-05,6.2946e-05,0.00013220,0.00028237,0.00058093,0.00084085,0.0010563,0.0013125
1500.0,6.2615e-07,1.7155e-06,4.1421e-06,9.7971e-06,2.1985e-05,4.8457e-05,0.00010689,0.00022671,0.00033366,0.00042444,0.00053054
SA0P25
r\m,4.0,4.5,5.0,5.5,6.0,6.5,7.0,7.5,7.8,8.0,8.2
0.0,0.12243,0.21568,0.30993,0.41165,0.51300,0.61406,0.72942,0.88993,0.94180,0.97100,0.98680
1.0,0.092971,0.17414,0.25871,0.34964,0.44039,0.53492,0.64695,0.78281,0.83923,0.87072,0.88950
5.0,0.031075,0.071087,0.12722,0.20341,0.29109,0.38695,0.49728,0.61180,0.67261,0.70822,0.73614
10.0,0.014476,0.034676,0.066207,0.11547,0.18357,0.27019,0.34627,0.42725,0.51526,0.56076,0.62042
15.0,0.0087565,0.021338,0.041817,0.075647,0.12662,0.19319,0.25494,0.32596,0.37984,0.43663,0.49116
20.0,0.0059904,0.014801,0.029493,0.054561,0.093947,0.14286,0.19625,0.26143,0.30309,0.34086,0.39500
25.0,0.0043707,0.010918,0.022090,0.041565,0.073071,0.11030,0.15633,0.21501,0.25387,0.28085,0.32336
30.0,0.0033828,0.0085136,0.017401,0.033109,0.059016,0.088310,0.12814,0.18073,0.21666,0.24207,0.26931
40.0,0.0022628,0.0057669,0.011937,0.023109,0.040558,0.061618,0.092289,0.13492,0.16365,0.18235,0.20325
50.0,0.0016554,0.0042580,0.0088873,0.017420,0.029998,0.046306,0.071087,0.10524,0.12838,0.14803,0.16984
60.0,0.0013616,0.0035254,0.0074002,0.014619,0.024724,0.038497,0.059918,0.088375,0.11179,0.12953,0.14933
70.0,0.0011750,0.0030561,0.0064395,0.012793,0.021318,0.033451,0.051004,0.078906,0.10035,0.11672,0.13509
80.0,0.0010401,0.0027151,0.0057397,0.011448,0.018856,0.029785,0.045556,0.071722,0.091559,0.10677,0.12391
90.0,0.00093283,0.0024430,0.0051807,0.010213,0.016908,0.026258,0.041616,0.065834,0.084288,0.098495,0.11453
100.0,0.00084419,0.0022174,0.0047156,0.0092005,0.015303,0.023747,0.038291,0.060830,0.078082,0.091403,0.10648
110.0,0.00076955,0.0020268,0.0043216,0.0083440,0.013918,0.021841,0.035263,0.056165,0.072209,0.084622,0.098687
120.0,0.00070553,0.0018630,0.0039819,0.0076160,0.012453,0.020195,0.032646,0.052119,0.067102,0.078712,0.091887
130.0,0.00064786,0.0017151,0.0036753,0.0069706,0.011478,0.018709,0.030289,0.048447,0.062468,0.073355,0.085722
140.0,0.00059645,0.0015832,0.0034012,0.0064010,0.010637,0.017377,0.028178,0.045146,0.058304,0.068539,0.080177
150.0,0.00055072,0.0014655,0.0031561,0.0058825,0.0098838,0.016182,0.026280,0.042169,0.054540,0.064185,0.075165
175.0,0.00045459,0.0012163,0.0026328,0.0048322,0.0082622,0.013583,0.022174,0.035761,0.046415,0.054752,0.064272
200.0,0.00038123,0.0010246,0.0022275,0.0040832,0.0069987,0.011541,0.018950,0.030731,0.040015,0.047303,0.055655
250.0,0.00027387,0.00074194,0.0016248,0.0029943,0.0051649,0.0085700,0.014212,0.023329,0.030522,0.036197,0.042721
300.0,0.00020413,0.00055671,0.0012265,0.0021821,0.0037933,0.0063493,0.010678,0.017805,0.023457,0.027945,0.033736
350.0,0.00015597,0.00042783,0.00094721,0.0016403,0.0028678,0.0048408,0.0082389,0.013925,0.018456,0.022437,0.027162
400.0,0.00012124,0.00033417,0.00074354,0.0012593,0.0022130,0.0037657,0.0064790,0.011083,0.014941,0.018274,0.022168
450.0,8.9889e-05,0.00024694,0.00054698,0.00099099,0.0017290,0.0029629,0.0051492,0.0089071,0.012228,0.014990,0.018226
500.0,6.8024e-05,0.00018655,0.00041195,0.00079550,0.0013665,0.0023578,0.0041364,0.0072727,0.010093,0.012401,0.015102
600.0,3.7083e-05,0.00010353,0.00022673,0.00046109,0.00082945,0.0014772,0.0026589,0.0048541,0.0067761,0.0083445,0.010189
700.0,2.3113e-05,6.2330e-05,0.00014198,0.00030104,0.00055286,0.00099045,0.0018089,0.0034347,0.0048243,0.0059654,0.0072975
800.0,1.4122e-05,3.9753e-05,8.9606e-05,0.00019260,0.00037718,0.00067083,0.0012594,0.0024427,0.0034429,0.0042762,0.0052501
1000.0,5.8598e-06,1.6536e-05,3.7617e-05,8.2354e-05,0.00016743,0.00032276,0.00064241,0.0012715,0.0018078,0.0022538,0.0027726
1200.0,2.5303e-06,7.0952e-06,1.6730e-05,3.7315e-05,7.8388e-05,0.00016213,0.00033887,0.00068301,0.00098124,0.0012280,0.0015222
1500.0,7.7864e-07,2.2740e-06,5.5830e-06,1.3065e-05,2.8851e-05,6.2246e-05,0.00013388,0.00027744,0.00040464,0.00051233,0.00063848
SA0P3
r\m,4.0,4.5,5.0,5.5,6.0,6.5,7.0,7.5,7.8,8.0,8.2
0.0,0.093097,0.17569,0.26255,0.35542,0.44800,0.54029,0.64632,0.79347,0.84271,0.87076,0.88956
1.0,0.070734,0.14219,0.21987,0.30298,0.38603,0.47235,0.57505,0.69977,0.75273,0.78256,0.80318
5.0,0.023435,0.057750,0.10797,0.17671,0.25653,0.34400,0.44486,0.54994,0.60634,0.63955,0.66701
10.0,0.010910,0.028151,0.056160,0.10035,0.16205,0.24093,0.31074,0.38497,0.46534,0.50720,0.56219
15.0,0.0066090,0.017349,0.035524,0.065830,0.11193,0.17257,0.22918,0.29413,0.34343,0.39531,0.44542
20.0,0.0045307,0.012059,0.025107,0.047573,0.083201,0.12785,0.17669,0.23620,0.27432,0.30887,0.35845
25.0,0.0033104,0.0089088,0.018840,0.036307,0.064832,0.098864,0.14094,0.19445,0.22997,0.25467,0.29363
30.0,0.0025661,0.0069577,0.014865,0.028964,0.052439,0.079259,0.11566,0.16359,0.19640,0.21966,0.24468
40.0,0.0017215,0.0047274,0.010230,0.020277,0.036143,0.055442,0.083466,0.12232,0.14856,0.16567,0.18485
50.0,0.0012631,0.0035008,0.0076385,0.015327,0.026804,0.041756,0.064405,0.095557,0.11669,0.13464,0.15463
60.0,0.0010413,0.0029047,0.0063736,0.012884,0.022125,0.034751,0.054326,0.080284,0.10164,0.11785,0.13600
70.0,0.00090088,0.0025244,0.0055601,0.011300,0.019117,0.030248,0.046308,0.071749,0.091320,0.10628,0.12311
80.0,0.00079948,0.0022487,0.0049693,0.010138,0.016950,0.026988,0.041430,0.065297,0.083414,0.097323,0.11303
90.0,0.00071892,0.0020287,0.0044975,0.0090689,0.015237,0.023847,0.037912,0.060021,0.076887,0.089884,0.10459
100.0,0.00065227,0.0018461,0.0041045,0.0081918,0.013824,0.021613,0.034944,0.055539,0.071318,0.083513,0.097346
110.0,0.00059609,0.0016918,0.0037714,0.0074496,0.012607,0.019928,0.032253,0.051385,0.066084,0.077465,0.090391
120.0,0.00054784,0.0015589,0.0034838,0.0068178,0.011311,0.018470,0.029926,0.047781,0.061531,0.072193,0.084320
130.0,0.00050422,0.0014386,0.0032234,0.0062561,0.010451,0.017152,0.027826,0.044504,0.057394,0.067409,0.078809
140.0,0.00046527,0.0013310,0.0029903,0.0057595,0.0097089,0.015969,0.025944,0.041556,0.053673,0.063103,0.073851
150.0,0.00043055,0.0012349,0.0027814,0.0053060,0.0090427,0.014904,0.024249,0.038892,0.050303,0.059204,0.069360
175.0,0.00035738,0.0010308,0.0023341,0.0043856,0.0076045,0.012583,0.020570,0.033142,0.043011,0.050736,0.059575
200.0,0.00030142,0.00087342,0.0019868,0.0037287,0.0064812,0.010757,0.017677,0.028622,0.037258,0.044039,0.051825
250.0,0.00021902,0.00063991,0.0014669,0.0027676,0.0048417,0.0080834,0.013403,0.021949,0.028697,0.034021,0.040152
300.0,0.00016518,0.00048591,0.0011208,0.0020424,0.0036005,0.0060617,0.010182,0.016922,0.022271,0.026517,0.032005
350.0,0.00012774,0.00037800,0.00087627,0.0015547,0.0027560,0.0046771,0.0079433,0.013369,0.017695,0.021494,0.026010
400.0,0.00010055,0.00029899,0.00069643,0.0012088,0.0021533,0.0036821,0.0063157,0.010749,0.014465,0.017674,0.021430
450.0,7.5588e-05,0.00022403,0.00051939,0.00096335,0.0017033,0.0029320,0.0050759,0.0087285,0.011958,0.014642,0.017791
500.0,5.8022e-05,0.00017165,0.00039665,0.00078311,0.0013631,0.0023616,0.0041239,0.0072023,0.0099715,0.012235,0.014889
600.0,3.3193e-05,9.9515e-05,0.00022802,0.00047219,0.00085742,0.0015266,0.0027275,0.0049410,0.0068792,0.0084614,0.010326
700.0,2.1265e-05,6.1903e-05,0.00014641,0.00031547,0.00058411,0.0010466,0.0018954,0.0035633,0.0049898,0.0061610,0.0075330
800.0,1.3462e-05,4.0574e-05,9.5060e-05,0.00020702,0.00040814,0.00072554,0.0013481,0.0025864,0.0036337,0.0045053,0.0055266
1000.0,5.8755e-06,1.7730e-05,4.1830e-05,9.2525e-05,0.00018858,0.00036192,0.00071102,0.0013891,0.0019672,0.0024476,0.0030087
1200.0,2.6667e-06,7.9954e-06,1.9443e-05,4.3686e-05,9.1597e-05,0.00018777,0.00038647,0.00076750,0.0010972,0.0013699,0.0016961
1500.0,8.8163e-07,2.7354e-06,6.8953e-06,1.6140e-05,3.5357e-05,7.5245e-05,0.00015888,0.00032356,0.00046893,0.00059183,0.00073626
SA0P4
r\m,4.0,4.5,5.0,5.5,6.0,6.5,7.0,7.5,7.8,8.0,8.2
0.0,0.057517,0.12074,0.19551,0.27720,0.35891,0.43980,0.53267,0.66063,0.70556,0.73160,0.75284
1.0,0.043730,0.098006,0.16438,0.23736,0.31069,0.38620,0.47579,0.58450,0.63211,0.65931,0.68114
5.0,0.014332,0.039552,0.080575,0.13886,0.20784,0.28362,0.37101,0.46252,0.51240,0.54205,0.56811
10.0,0.0066664,0.019263,0.041886,0.078897,0.13157,0.19939,0.26018,0.32475,0.39414,0.43075,0.47887
15.0,0.0040454,0.011894,0.026543,0.051842,0.091037,0.14313,0.19230,0.24859,0.29132,0.33614,0.37981
20.0,0.0027804,0.0082885,0.018809,0.037555,0.067824,0.10629,0.14855,0.19994,0.23301,0.26293,0.30592
25.0,0.0020352,0.0061347,0.014145,0.028725,0.052971,0.082358,0.11870,0.16480,0.19554,0.21700,0.25080
30.0,0.0015806,0.0048003,0.011184,0.022959,0.042924,0.066134,0.097552,0.13881,0.16716,0.18733,0.20915
40.0,0.0010642,0.0032738,0.0077266,0.016132,0.029694,0.046409,0.070578,0.10401,0.12667,0.14152,0.15821
50.0,0.00078365,0.0024331,0.0057903,0.012235,0.022094,0.035049,0.054583,0.081403,0.099659,0.11518,0.13254
60.0,0.00064781,0.0020243,0.0048438,0.010307,0.018272,0.029209,0.046085,0.068442,0.086857,0.10087,0.11662
70.0,0.00056219,0.0017647,0.0042387,0.0090658,0.015830,0.025478,0.039354,0.061239,0.078119,0.091056,0.10567
80.0,0.00050051,0.0015770,0.0038008,0.0081590,0.014077,0.022791,0.035281,0.055823,0.071461,0.083495,0.097141
90.0,0.00045152,0.0014274,0.0034514,0.0073232,0.012694,0.020196,0.032356,0.051404,0.065976,0.077230,0.090016
100.0,0.00041095,0.0013031,0.0031602,0.0066369,0.011552,0.018355,0.029889,0.047654,0.061301,0.071871,0.083905
110.0,0.00037672,0.0011979,0.0029130,0.0060562,0.010570,0.016976,0.027666,0.044206,0.056946,0.066830,0.078097
120.0,0.00034728,0.0011072,0.0026995,0.0055611,0.0095172,0.015783,0.025742,0.041212,0.053156,0.062435,0.073028
130.0,0.00032054,0.0010247,0.0025052,0.0051192,0.0088210,0.014701,0.024003,0.038486,0.049707,0.058441,0.068420
140.0,0.00029662,0.00095089,0.0023312,0.0047279,0.0082197,0.013728,0.022444,0.036030,0.046602,0.054845,0.064272
150.0,0.00027524,0.00088469,0.0021746,0.0043690,0.0076783,0.012849,0.021034,0.033804,0.043782,0.051578,0.060506
175.0,0.00023005,0.00074367,0.0018386,0.0036393,0.0065062,0.010930,0.017967,0.028988,0.037664,0.044466,0.052276
200.0,0.00019540,0.00063476,0.0015770,0.0031184,0.0055888,0.0094157,0.015550,0.025195,0.032830,0.038833,0.045749
250.0,0.00014404,0.00047196,0.0011823,0.0023506,0.0042410,0.0071859,0.011960,0.019577,0.025611,0.030376,0.035881
300.0,0.00011026,0.00036383,0.00091747,0.0017630,0.0032053,0.0054748,0.0092179,0.015297,0.020135,0.023977,0.028958
350.0,8.6595e-05,0.00028749,0.00072869,0.0013641,0.0024937,0.0042917,0.0072977,0.012249,0.016207,0.019685,0.023830
400.0,6.9272e-05,0.00023112,0.00058857,0.0010785,0.0019807,0.0034331,0.0058890,0.0099841,0.013425,0.016397,0.019886
450.0,5.3024e-05,0.00017634,0.00044693,0.00087399,0.0015931,0.0027785,0.0048054,0.0082226,0.011252,0.013768,0.016731
500.0,4.1471e-05,0.00013765,0.00034767,0.00072259,0.0012968,0.0022754,0.0039653,0.0068838,0.0095153,0.011665,0.014197
600.0,2.5353e-05,8.4771e-05,0.00021239,0.00046057,0.00085798,0.0015379,0.0027314,0.0049108,0.0068238,0.0083883,0.010240
700.0,1.6872e-05,5.5213e-05,0.00014124,0.00031786,0.00060298,0.0010887,0.0019572,0.0036402,0.0050851,0.0062730,0.0076732
800.0,1.1237e-05,3.7625e-05,9.5528e-05,0.00021640,0.00043639,0.00078127,0.0014369,0.0027236,0.0038160,0.0047247,0.0057957
1000.0,5.2804e-06,1.7680e-05,4.5076e-05,0.00010330,0.00021414,0.00041178,0.00079775,0.0015349,0.0021659,0.0026907,0.0033086
1200.0,2.5843e-06,8.6031e-06,2.2416e-05,5.1977e-05,0.00011021,0.00022497,0.00045505,0.00088764,0.0012627,0.0015735,0.0019471
1500.0,9.5643e-07,3.2640e-06,8.7552e-06,2.0950e-05,4.5992e-05,9.6803e-05,0.00020000,0.00039827,0.00057312,0.00072090,0.00089586
SA0P5
r\m,4.0,4.5,5.0,5.5,6.0,6.5,7.0,7.5,7.8,8.0,8.2
0.0,0.038213,0.086064,0.14963,0.22307,0.29818,0.37244,0.45697,0.57207,0.61390,0.63840,0.66025
1.0,0.029064,0.069981,0.12609,0.19151,0.25882,0.32791,0.40911,0.50712,0.55097,0.57626,0.59810
5.0,0.0094646,0.028137,0.061740,0.11224,0.17381,0.24200,0.32051,0.40292,0.44829,0.47544,0.50013
10.0,0.0044004,0.013697,0.032084,0.063786,0.11016,0.17051,0.22529,0.28342,0.34530,0.37828,0.42159
15.0,0.0026731,0.0084661,0.020353,0.041954,0.076306,0.12256,0.16673,0.21719,0.25545,0.29541,0.33460
20.0,0.0018400,0.0059086,0.014445,0.030435,0.056925,0.091135,0.12895,0.17485,0.20448,0.23123,0.26965
25.0,0.0013482,0.0043780,0.010877,0.023310,0.044519,0.070703,0.10314,0.14423,0.17172,0.19095,0.22118
30.0,0.0010482,0.0034295,0.0086100,0.018652,0.036116,0.056831,0.084843,0.12156,0.14688,0.16493,0.18454
40.0,0.00070724,0.0023440,0.0059621,0.013134,0.025038,0.039956,0.061478,0.091205,0.11143,0.12473,0.13971
50.0,0.00052190,0.0017458,0.0044775,0.0099811,0.018666,0.030225,0.047609,0.071464,0.087753,0.10160,0.11714
60.0,0.00043213,0.0014547,0.0037512,0.0084186,0.015454,0.025209,0.040221,0.060113,0.076508,0.089010,0.10311
70.0,0.00037569,0.0012704,0.0032885,0.0074168,0.013409,0.022016,0.034382,0.053826,0.068858,0.080403,0.093484
80.0,0.00033510,0.0011375,0.0029544,0.0066871,0.011945,0.019725,0.030863,0.049114,0.063046,0.073790,0.086008
90.0,0.00030287,0.0010315,0.0026881,0.0060141,0.010792,0.017509,0.028341,0.045276,0.058266,0.068318,0.079770
100.0,0.00027617,0.00094344,0.0024660,0.0054611,0.0098387,0.015939,0.026214,0.042020,0.054193,0.063640,0.074425
110.0,0.00025362,0.00086888,0.0022774,0.0049933,0.0090202,0.014769,0.024306,0.039041,0.050421,0.059265,0.069375
120.0,0.00023422,0.00080456,0.0021144,0.0045941,0.0081386,0.013756,0.022655,0.036456,0.047138,0.055452,0.064968
130.0,0.00021655,0.00074589,0.0019657,0.0042370,0.0075572,0.012836,0.021160,0.034097,0.044147,0.051983,0.060960
140.0,0.00020072,0.00069334,0.0018324,0.0039205,0.0070550,0.012008,0.019819,0.031972,0.041454,0.048858,0.057351
150.0,0.00018655,0.00064613,0.0017123,0.0036295,0.0066018,0.011259,0.018605,0.030042,0.039003,0.046016,0.054069
175.0,0.00015656,0.00054541,0.0014540,0.0030372,0.0056195,0.0096201,0.015959,0.025861,0.033679,0.039818,0.046885
200.0,0.00013354,0.00046754,0.0012529,0.0026146,0.0048498,0.0083262,0.013872,0.022566,0.029469,0.034905,0.041184
250.0,9.9286e-05,0.00035068,0.00094785,0.0019892,0.0037154,0.0064147,0.010763,0.017678,0.023173,0.027517,0.032550
300.0,7.6677e-05,0.00027281,0.00074246,0.0015066,0.0028359,0.0049352,0.0083704,0.013929,0.018367,0.021894,0.026477
350.0,6.0785e-05,0.00021761,0.00059537,0.0011775,0.0022287,0.0039070,0.0066878,0.011249,0.014906,0.018121,0.021963
400.0,4.9105e-05,0.00017668,0.00048566,0.00094062,0.0017885,0.0031569,0.0054475,0.0092484,0.012452,0.015220,0.018479
450.0,3.8006e-05,0.00013631,0.00037291,0.00077021,0.0014536,0.0025815,0.0044885,0.0076860,0.010528,0.012892,0.015681
500.0,3.0071e-05,0.00010764,0.00029346,0.00064360,0.0011962,0.0021367,0.0037412,0.0064953,0.0089852,0.011021,0.013427
600.0,1.9185e-05,6.8923e-05,0.00018649,0.00042538,0.00081816,0.0014873,0.0026473,0.0047553,0.0066118,0.0081339,0.0099417
700.0,1.3085e-05,4.6265e-05,0.00012689,0.00029990,0.00058702,0.0010759,0.0019366,0.0035913,0.0050185,0.0061943,0.0075876
800.0,9.0147e-06,3.2353e-05,8.8200e-05,0.00020928,0.00043512,0.00079063,0.0014532,0.0027438,0.0038453,0.0047619,0.0058480
1000.0,4.4535e-06,1.5975e-05,4.3664e-05,0.00010455,0.00022265,0.00043323,0.00083681,0.0016004,0.0022580,0.0028060,0.0034557
1200.0,2.2977e-06,8.2044e-06,2.2777e-05,5.5042e-05,0.00011950,0.00024586,0.00049472,0.00095762,0.0013609,0.0016961,0.0021009
1500.0,9.2276e-07,3.3573e-06,9.5471e-06,2.3671e-05,5.2879e-05,0.00011170,0.00022894,0.00045090,0.00064728,0.00081351,0.0010117
SA0P75
r\m,4.0,4.5,5.0,5.5,6.0,6.5,7.0,7.5,7.8,8.0,8.2
0.0,0.017153,0.042096,0.082799,0.13800,0.20078,0.26572,0.33905,0.43586,0.47344,0.49576,0.51750
1.0,0.013052,0.034304,0.069980,0.11887,0.17488,0.23473,0.30444,0.38732,0.42587,0.44845,0.46953
5.0,0.0042160,0.013727,0.034220,0.069828,0.11803,0.17433,0.23995,0.30935,0.34818,0.37169,0.39394
10.0,0.0019589,0.0066778,0.017774,0.039697,0.074926,0.12318,0.16917,0.21811,0.26867,0.29620,0.33211
15.0,0.0011916,0.0041334,0.011291,0.026143,0.051969,0.088696,0.12541,0.16739,0.19899,0.23155,0.26382
20.0,0.00082178,0.0028904,0.0080292,0.019000,0.038838,0.066071,0.097142,0.13493,0.15946,0.18141,0.21277
25.0,0.00060294,0.0021447,0.0060563,0.014576,0.030427,0.051339,0.077806,0.11141,0.13403,0.14993,0.17464
30.0,0.00046944,0.0016824,0.0048014,0.011680,0.024718,0.041318,0.064076,0.093988,0.11474,0.12960,0.14581
40.0,0.00031761,0.0011532,0.0033347,0.0082480,0.017185,0.029122,0.046524,0.070636,0.087175,0.098147,0.11052
50.0,0.00023501,0.00086127,0.0025112,0.0062842,0.012844,0.022077,0.036092,0.055432,0.068747,0.080045,0.092784
60.0,0.00019499,0.00071910,0.0021079,0.0053089,0.010650,0.018432,0.030515,0.046657,0.059971,0.070164,0.081708
70.0,0.00016992,0.00062947,0.0018522,0.0046871,0.0092587,0.016124,0.026122,0.041820,0.054025,0.063437,0.074147
80.0,0.00015192,0.00056498,0.0016683,0.0042360,0.0082667,0.014475,0.023487,0.038209,0.049526,0.058289,0.068296
90.0,0.00013764,0.00051362,0.0015217,0.0038195,0.0074862,0.012878,0.021605,0.035275,0.045834,0.054037,0.063422
100.0,0.00012581,0.00047090,0.0013994,0.0034771,0.0068411,0.011748,0.020019,0.032788,0.042691,0.050406,0.059251
110.0,0.00011580,0.00043473,0.0012956,0.0031875,0.0062881,0.010912,0.018604,0.030528,0.039801,0.047036,0.055342
120.0,0.00010719,0.00040349,0.0012057,0.0029402,0.0056889,0.010188,0.017379,0.028567,0.037287,0.044099,0.051931
130.0,9.9317e-05,0.00037490,0.0011235,0.0027183,0.0052953,0.0095284,0.016268,0.026775,0.034993,0.041426,0.048827
140.0,9.2257e-05,0.00034927,0.0010498,0.0025214,0.0049553,0.0089349,0.015272,0.025159,0.032927,0.039016,0.046031
150.0,8.5923e-05,0.00032618,0.00098320,0.0023398,0.0046476,0.0083965,0.014367,0.023689,0.031043,0.036821,0.043483
175.0,7.2489e-05,0.00027684,0.00083972,0.0019698,0.0039797,0.0072173,0.012393,0.020497,0.026942,0.032022,0.037896
200.0,6.2168e-05,0.00023866,0.00072786,0.0017060,0.0034559,0.0062852,0.010835,0.017981,0.023698,0.028217,0.033460
250.0,4.6737e-05,0.00018108,0.00055731,0.0013140,0.0026811,0.0049037,0.0085060,0.014244,0.018839,0.022485,0.026728
300.0,3.6516e-05,0.00014257,0.00044198,0.0010082,0.0020737,0.0038225,0.0066962,0.011352,0.015100,0.018089,0.021980
350.0,2.9305e-05,0.00011516,0.00035898,0.00079857,0.0016518,0.0030669,0.0054176,0.0092758,0.012396,0.015142,0.018439
400.0,2.3982e-05,9.4745e-05,0.00029674,0.00064689,0.0013442,0.0025125,0.0044703,0.0077187,0.010478,0.012868,0.015697
450.0,1.8836e-05,7.4198e-05,0.00023130,0.00053725,0.0011083,0.0020840,0.0037333,0.0064966,0.0089704,0.011035,0.013485
500.0,1.5136e-05,5.9518e-05,0.00018490,0.00045554,0.00092583,0.0017508,0.0031560,0.0055636,0.0077562,0.0095567,0.011696
600.0,1.0243e-05,4.0231e-05,0.00012419,0.00031687,0.00066386,0.0012710,0.0023211,0.0042281,0.0059238,0.0073229,0.0089965
700.0,7.2282e-06,2.8183e-05,8.7278e-05,0.00023029,0.00049071,0.00094868,0.0017501,0.0032820,0.0046204,0.0057300,0.0070573
800.0,5.2255e-06,2.0452e-05,6.3113e-05,0.00016657,0.00037672,0.00072217,0.0013566,0.0025874,0.0036533,0.0045431,0.0056088
1000.0,2.7755e-06,1.0861e-05,3.3543e-05,8.9016e-05,0.00020527,0.00041985,0.00082636,0.0015920,0.0022624,0.0028249,0.0035005
1200.0,1.5489e-06,6.0530e-06,1.8814e-05,5.0229e-05,0.00011760,0.00025304,0.00051731,0.0010065,0.0014394,0.0018025,0.0022449
1500.0,7.0515e-07,2.7873e-06,8.8096e-06,2.3948e-05,5.7200e-05,0.00012569,0.00026080,0.00051384,0.00074097,0.00093452,0.0011688
SA1P0
r\m,4.0,4.5,5.0,5.5,6.0,6.5,7.0,7.5,7.8,8.0,8.2
0.0,0.0094238,0.023818,0.050227,0.090725,0.14212,0.19950,0.26598,0.35270,0.38850,0.41000,0.43152
1.0,0.0071726,0.019429,0.042510,0.078276,0.12399,0.17651,0.23917,0.31379,0.34985,0.37124,0.39181
5.0,0.0023079,0.0077574,0.020775,0.046031,0.083880,0.13149,0.18905,0.25125,0.28668,0.30837,0.32926
10.0,0.0010721,0.0037728,0.010789,0.026174,0.053290,0.093040,0.13348,0.17735,0.22141,0.24594,0.27761
15.0,0.00065252,0.0023369,0.0068582,0.017248,0.036987,0.067048,0.099032,0.13620,0.16409,0.19236,0.22062
20.0,0.00045043,0.0016357,0.0048817,0.012547,0.027665,0.049989,0.076764,0.10986,0.13156,0.15077,0.17800
25.0,0.00033070,0.0012145,0.0036853,0.0096338,0.021693,0.038873,0.061526,0.090758,0.11063,0.12466,0.14616
30.0,0.00025765,0.00095344,0.0029239,0.0077251,0.017635,0.031305,0.050698,0.076599,0.094746,0.10780,0.12207
40.0,0.00017454,0.00065443,0.0020337,0.0054628,0.012278,0.022091,0.036848,0.057617,0.072041,0.081698,0.092591
50.0,0.00012932,0.00048943,0.0015336,0.0041675,0.0091880,0.016765,0.028612,0.045251,0.056853,0.066675,0.077782
60.0,0.00010740,0.00040905,0.0012886,0.0035236,0.0076239,0.014005,0.024201,0.038102,0.049611,0.058463,0.068518
70.0,9.3697e-05,0.00035848,0.0011336,0.0031143,0.0066348,0.012262,0.020732,0.034170,0.044716,0.052885,0.062210
80.0,8.3871e-05,0.00032215,0.0010223,0.0028179,0.0059307,0.011018,0.018656,0.031241,0.041019,0.048624,0.057337
90.0,7.6075e-05,0.00029322,0.00093369,0.0025441,0.0053772,0.0098136,0.017176,0.028864,0.037988,0.045109,0.053281
100.0,6.9610e-05,0.00026916,0.00085973,0.0023189,0.0049196,0.0089621,0.015929,0.026850,0.035410,0.042108,0.049812
110.0,6.4148e-05,0.00024878,0.00079692,0.0021286,0.0045278,0.0083345,0.014820,0.025026,0.033048,0.039334,0.046574
120.0,5.9442e-05,0.00023117,0.00074254,0.0019660,0.0041018,0.0077907,0.013859,0.023443,0.030992,0.036917,0.043749
130.0,5.5132e-05,0.00021503,0.00069274,0.0018198,0.0038227,0.0072951,0.012988,0.021996,0.029117,0.034716,0.041178
140.0,5.1265e-05,0.00020055,0.00064804,0.0016901,0.0035815,0.0068488,0.012207,0.020691,0.027427,0.032731,0.038861
150.0,4.7793e-05,0.00018749,0.00060761,0.0015702,0.0033630,0.0064435,0.011496,0.019502,0.025885,0.030921,0.036749
175.0,4.0422e-05,0.00015956,0.00052045,0.0013260,0.0028884,0.0055551,0.0099446,0.016919,0.022524,0.026962,0.032111
200.0,3.4757e-05,0.00013794,0.00045247,0.0011520,0.0025161,0.0048529,0.0087201,0.014883,0.019866,0.023822,0.028428
250.0,2.6269e-05,0.00010527,0.00034857,0.00089277,0.0019645,0.0038104,0.0068867,0.011857,0.015881,0.019090,0.022837
300.0,2.0639e-05,8.3375e-05,0.00027817,0.00068956,0.0015297,0.0029902,0.0054555,0.0095061,0.012804,0.015447,0.018890
350.0,1.6660e-05,6.7767e-05,0.00022740,0.00054992,0.0012270,0.0024156,0.0044425,0.0078151,0.010575,0.013009,0.015943
400.0,1.3720e-05,5.6126e-05,0.00018925,0.00044866,0.0010057,0.0019931,0.0036904,0.0065446,0.0089952,0.011124,0.013657
450.0,1.0853e-05,4.4284e-05,0.00014865,0.00037534,0.00083538,0.0016655,0.0031039,0.0055456,0.0077524,0.0096033,0.011810
500.0,8.7870e-06,3.5803e-05,0.00011979,0.00032066,0.00070328,0.0014101,0.0026435,0.0047829,0.0067502,0.0083751,0.010316
600.0,6.1238e-06,2.4877e-05,8.2783e-05,0.00022905,0.00051689,0.0010467,0.0019843,0.0037079,0.0052593,0.0065484,0.0080995
700.0,4.3958e-06,1.7815e-05,5.9174e-05,0.00016917,0.00038823,0.00079458,0.0015211,0.0029220,0.0041647,0.0052022,0.0064525
800.0,3.2571e-06,1.3181e-05,4.3696e-05,0.00012474,0.00030378,0.00061664,0.0012004,0.0023443,0.0033515,0.0041969,0.0052180
1000.0,1.7960e-06,7.2767e-06,2.4133e-05,6.9166e-05,0.00017139,0.00037066,0.00075505,0.0014877,0.0021408,0.0026932,0.0033633
1200.0,1.0447e-06,4.2398e-06,1.4090e-05,4.0574e-05,0.00010192,0.00023135,0.00048889,0.00097198,0.0014072,0.0017759,0.0022284
1500.0,5.0914e-07,2.0855e-06,7.0255e-06,2.0535e-05,5.2415e-05,0.00012125,0.00025971,0.00052171,0.00076121,0.00096704,0.0012191
SA1P5
r\m,4.0,4.5,5.0,5.5,6.0,6.5,7.0,7.5,7.8,8.0,8.2
0.0,0.0039284,0.010047,0.022698,0.045254,0.078848,0.12205,0.17659,0.24950,0.28318,0.30398,0.32518
1.0,0.0029906,0.0082037,0.019236,0.039103,0.068896,0.10815,0.15900,0.22221,0.25527,0.27550,0.29547
5.0,0.00095885,0.0032688,0.0093957,0.023021,0.046716,0.080797,0.12603,0.17835,0.20964,0.22933,0.24869
10.0,0.00044530,0.0015895,0.0048791,0.013093,0.029704,0.057251,0.089109,0.12604,0.16205,0.18305,0.20971
15.0,0.00027120,0.00098524,0.0031039,0.0086345,0.020632,0.041293,0.066170,0.096869,0.12017,0.14325,0.16675
20.0,0.00018737,0.00069025,0.0022116,0.0062869,0.015446,0.030816,0.051332,0.078184,0.096411,0.11234,0.13459
25.0,0.00013765,0.00051290,0.0016710,0.0048316,0.012123,0.023982,0.041172,0.064626,0.081112,0.092927,0.11056
30.0,0.00010731,0.00040294,0.0013269,0.0038774,0.0098627,0.019327,0.033948,0.054572,0.069498,0.080394,0.092377
40.0,7.2790e-05,0.00027697,0.00092434,0.0027461,0.0068769,0.013657,0.024701,0.041089,0.052891,0.060979,0.070122
50.0,5.3999e-05,0.00020743,0.00069808,0.0020979,0.0051534,0.010377,0.019199,0.032298,0.041774,0.049804,0.058952
60.0,4.4890e-05,0.00017355,0.00058719,0.0017755,0.0042800,0.0086744,0.016249,0.027209,0.036469,0.043690,0.051955
70.0,3.9203e-05,0.00015228,0.00051723,0.0015711,0.0037290,0.0076019,0.013931,0.024418,0.032892,0.039546,0.047201
80.0,3.5131e-05,0.00013702,0.00046708,0.0014235,0.0033375,0.0068389,0.012548,0.022343,0.030196,0.036387,0.043536
90.0,3.1901e-05,0.00012487,0.00042717,0.0012870,0.0030300,0.0060986,0.011564,0.020661,0.027988,0.033784,0.040489
100.0,2.9222e-05,0.00011477,0.00039387,0.0011747,0.0027758,0.0055761,0.010735,0.019236,0.026111,0.031563,0.037884
110.0,2.6957e-05,0.00010621,0.00036558,0.0010799,0.0025583,0.0051925,0.010000,0.017950,0.024397,0.029517,0.035462
120.0,2.5006e-05,9.8809e-05,0.00034108,0.00099874,0.0023211,0.0048600,0.0093635,0.016834,0.022906,0.027736,0.033349
130.0,2.3216e-05,9.2015e-05,0.00031860,0.00092577,0.0021660,0.0045568,0.0087858,0.015814,0.021545,0.026112,0.031426
140.0,2.1609e-05,8.5918e-05,0.00029843,0.00086095,0.0020321,0.0042836,0.0082673,0.014893,0.020318,0.024648,0.029693
150.0,2.0164e-05,8.0414e-05,0.00028015,0.00080094,0.0019105,0.0040351,0.0077955,0.014053,0.019197,0.023312,0.028111
175.0,1.7096e-05,6.8628e-05,0.00024072,0.00067861,0.0016463,0.0034903,0.0067644,0.012228,0.016753,0.020386,0.024635
200.0,1.4736e-05,5.9502e-05,0.00020996,0.00059155,0.0014391,0.0030595,0.0059505,0.010788,0.014820,0.018066,0.021875
250.0,1.1194e-05,4.5677e-05,0.00016281,0.00046158,0.0011315,0.0024191,0.0047305,0.0086488,0.011922,0.014567,0.017682
300.0,8.8414e-06,3.6399e-05,0.00013080,0.00035910,0.00088756,0.0019124,0.0037732,0.0069798,0.0096746,0.011864,0.014722
350.0,7.1768e-06,2.9774e-05,0.00010767,0.00028850,0.00071734,0.0015565,0.0030945,0.0057772,0.0080446,0.010059,0.012509
400.0,5.9452e-06,2.4825e-05,9.0249e-05,0.00023720,0.00059259,0.0012943,0.0025898,0.0048723,0.0068906,0.0086621,0.010791
450.0,4.7345e-06,1.9735e-05,7.1455e-05,0.00020000,0.00049623,0.0010904,0.0021952,0.0041594,0.0059828,0.0075334,0.0094022
500.0,3.8607e-06,1.6082e-05,5.8066e-05,0.00017226,0.00042132,0.00093109,0.0018849,0.0036158,0.0052502,0.0066216,0.0082782
600.0,2.7681e-06,1.1486e-05,4.1315e-05,0.00012649,0.00031785,0.00070772,0.0014466,0.0028643,0.0041805,0.0052927,0.0066467
700.0,2.0198e-06,8.4103e-06,3.0064e-05,9.5073e-05,0.00024298,0.00054742,0.0011294,0.0022964,0.0033680,0.0042783,0.0053897
800.0,1.5329e-06,6.3461e-06,2.2693e-05,7.1568e-05,0.00019412,0.00043399,0.00090946,0.0018791,0.0027652,0.0035206,0.0044463
1000.0,8.7672e-07,3.6451e-06,1.3055e-05,4.1309e-05,0.00011386,0.00027097,0.00059365,0.0012365,0.0018322,0.0023453,0.0029778
1200.0,5.3134e-07,2.2238e-06,7.9565e-06,2.5290e-05,7.0620e-05,0.00017612,0.00039997,0.00084029,0.0012528,0.0016094,0.0020533
1500.0,2.7731e-07,1.1722e-06,4.2466e-06,1.3685e-05,3.8729e-05,9.8352e-05,0.00022632,0.00047971,0.00072075,0.00093197,0.0011956
SA2P0
r\m,4.0,4.5,5.0,5.5,6.0,6.5,7.0,7.5,7.8,8.0,8.2
0.0,0.0020661,0.0052719,0.012314,0.026008,0.048622,0.080909,0.12513,0.18704,0.21836,0.23829,0.25885
1.0,0.0015731,0.0043068,0.010442,0.022490,0.042517,0.071745,0.11274,0.16667,0.19693,0.21607,0.23529
5.0,0.00050352,0.0017145,0.0050997,0.013248,0.028862,0.053676,0.089480,0.13393,0.16191,0.18004,0.19819
10.0,0.00023382,0.00083366,0.0026484,0.0075368,0.018361,0.038063,0.063318,0.094704,0.12522,0.14378,0.16715
15.0,0.00014245,0.00051695,0.0016855,0.0049723,0.012759,0.027467,0.047041,0.072820,0.092893,0.11255,0.13295
20.0,9.8459e-05,0.00036235,0.0012016,0.0036223,0.0095570,0.020509,0.036509,0.058797,0.074551,0.088292,0.10734
25.0,7.2353e-05,0.00026935,0.00090834,0.0027853,0.0075047,0.015969,0.029296,0.048618,0.062741,0.073058,0.088201
30.0,5.6425e-05,0.00021169,0.00072161,0.0022362,0.0061085,0.012874,0.024165,0.041067,0.053773,0.063223,0.073713
40.0,3.8297e-05,0.00014562,0.00050315,0.0015852,0.0042631,0.0091049,0.017595,0.030940,0.040947,0.047981,0.055983
50.0,2.8428e-05,0.00010914,0.00038031,0.0012121,0.0031975,0.0069234,0.013685,0.024335,0.032358,0.039208,0.047089
60.0,2.3644e-05,9.1371e-05,0.00032011,0.0010265,0.0026572,0.0057905,0.011587,0.020509,0.028260,0.034407,0.041515
70.0,2.0659e-05,8.0226e-05,0.00028219,0.00090902,0.0023169,0.0050779,0.0099401,0.018413,0.025499,0.031158,0.037734
80.0,1.8523e-05,7.2235e-05,0.00025503,0.00082426,0.0020753,0.0045715,0.0089590,0.016858,0.023421,0.028684,0.034821
90.0,1.6829e-05,6.5877e-05,0.00023342,0.00074586,0.0018856,0.0040799,0.0082620,0.015598,0.021721,0.026646,0.032401
100.0,1.5424e-05,6.0588e-05,0.00021539,0.00068137,0.0017288,0.0037331,0.0076748,0.014531,0.020275,0.024908,0.030333
110.0,1.4236e-05,5.6106e-05,0.00020007,0.00062686,0.0015947,0.0034791,0.0071545,0.013569,0.018958,0.023310,0.028413
120.0,1.3212e-05,5.2233e-05,0.00018681,0.00058027,0.0014481,0.0032590,0.0067042,0.012735,0.017812,0.021918,0.026739
130.0,1.2273e-05,4.8672e-05,0.00017463,0.00053831,0.0013525,0.0030581,0.0062954,0.011971,0.016765,0.020650,0.025215
140.0,1.1428e-05,4.5475e-05,0.00016369,0.00050103,0.0012699,0.0028771,0.0059284,0.011282,0.015822,0.019506,0.023841
150.0,1.0669e-05,4.2588e-05,0.00015378,0.00046648,0.0011949,0.0027124,0.0055943,0.010654,0.014960,0.018461,0.022587
175.0,9.0562e-06,3.6402e-05,0.00013238,0.00039603,0.0010318,0.0023509,0.0048637,0.0092865,0.013079,0.016173,0.019829
200.0,7.8154e-06,3.1611e-05,0.00011568,0.00034593,0.00090381,0.0020650,0.0042870,0.0082084,0.011591,0.014358,0.017640
250.0,5.9512e-06,2.4343e-05,9.0033e-05,0.00027102,0.00071367,0.0016398,0.0034218,0.0066061,0.0093596,0.011622,0.014313
300.0,4.7121e-06,1.9461e-05,7.2608e-05,0.00021174,0.00056227,0.0013021,0.0027408,0.0053526,0.0076254,0.0095029,0.011964
350.0,3.8349e-06,1.5972e-05,6.0000e-05,0.00017085,0.00045648,0.0010646,0.0022576,0.0044488,0.0063667,0.0080898,0.010208
400.0,3.1855e-06,1.3363e-05,5.0492e-05,0.00014109,0.00037885,0.00088938,0.0018978,0.0037681,0.0054767,0.0069964,0.0088440
450.0,2.5447e-06,1.0664e-05,4.0152e-05,0.00011950,0.00031875,0.00075284,0.0016162,0.0032314,0.0047766,0.0061122,0.0077407
500.0,2.0819e-06,8.7251e-06,3.2777e-05,0.00010340,0.00027197,0.00064610,0.0013946,0.0028224,0.0042116,0.0053979,0.0068481
600.0,1.5127e-06,6.3170e-06,2.3674e-05,7.7058e-05,0.00020814,0.00049770,0.0010838,0.0022638,0.0033957,0.0043697,0.0055698
700.0,1.1122e-06,4.6771e-06,1.7393e-05,5.8492e-05,0.00016075,0.00038923,0.00085553,0.0018339,0.0027646,0.0035698,0.0045656
800.0,8.5365e-07,3.5640e-06,1.3281e-05,4.4536e-05,0.00012996,0.00031241,0.00069714,0.0015185,0.0022972,0.0029729,0.0038121
1000.0,4.9655e-07,2.0881e-06,7.8073e-06,2.6286e-05,7.7961e-05,0.00019952,0.00046545,0.0010219,0.0015573,0.0020273,0.0026151
1200.0,3.0675e-07,1.3036e-06,4.8677e-06,1.6480e-05,4.9542e-05,0.00013286,0.00032134,0.00071179,0.0010917,0.0014268,0.0018496
1500.0,1.6535e-07,7.1149e-07,2.6937e-06,9.2564e-06,2.8209e-05,7.7099e-05,0.00018911,0.00042265,0.00065355,0.00085997,0.0011219
SA3P0
r\m,4.0,4.5,5.0,5.5,6.0,6.5,7.0,7.5,7.8,8.0,8.2
0.0,0.00080907,0.0020524,0.0049690,0.011239,0.022987,0.042235,0.072034,0.11762,0.14386,0.16144,0.18000
1.0,0.00061604,0.0016774,0.0042164,0.0097250,0.020115,0.037478,0.064940,0.10487,0.12980,0.14645,0.16367
5.0,0.00019689,0.00066724,0.0020590,0.0057327,0.013672,0.028081,0.051615,0.084376,0.10684,0.12216,0.13798
10.0,9.1427e-05,0.00032446,0.0010695,0.0032626,0.0087028,0.019930,0.036556,0.059704,0.082679,0.097610,0.11640
15.0,5.5716e-05,0.00020129,0.00068100,0.0021536,0.0060511,0.014391,0.027176,0.045934,0.061365,0.076446,0.092623
20.0,3.8527e-05,0.00014117,0.00048580,0.0015700,0.0045356,0.010753,0.021104,0.037108,0.049271,0.059995,0.074813
25.0,2.8321e-05,0.00010498,0.00036745,0.0012079,0.0035640,0.0083776,0.016944,0.030698,0.041484,0.049664,0.061497
30.0,2.2094e-05,8.2545e-05,0.00029208,0.00097039,0.0029027,0.0067580,0.013984,0.025942,0.035570,0.042995,0.051415
40.0,1.5005e-05,5.6834e-05,0.00020387,0.00068868,0.0020282,0.0047848,0.010192,0.019562,0.027107,0.032655,0.039077
50.0,1.1145e-05,4.2633e-05,0.00015426,0.00052716,0.0015229,0.0036422,0.0079346,0.015399,0.021439,0.026705,0.032894
60.0,9.2741e-06,3.5717e-05,0.00012995,0.00044685,0.0012668,0.0030488,0.0067233,0.012987,0.018735,0.023450,0.029018
70.0,8.1078e-06,3.1384e-05,0.00011467,0.00039611,0.0011057,0.0026761,0.0057727,0.011668,0.016917,0.021250,0.026393
80.0,7.2735e-06,2.8280e-05,0.00010373,0.00035955,0.00099144,0.0024117,0.0052077,0.010691,0.015551,0.019578,0.024374
90.0,6.6119e-06,2.5811e-05,9.5035e-05,0.00032571,0.00090183,0.0021546,0.0048070,0.0099007,0.014433,0.018201,0.022698
100.0,6.0631e-06,2.3757e-05,8.7777e-05,0.00029787,0.00082773,0.0019736,0.0044696,0.0092314,0.013484,0.017028,0.021265
110.0,5.5992e-06,2.2017e-05,8.1612e-05,0.00027434,0.00076440,0.0018413,0.0041709,0.0086289,0.012620,0.015950,0.019938
120.0,5.1992e-06,2.0512e-05,7.6273e-05,0.00025422,0.00069492,0.0017267,0.0039125,0.0081062,0.011868,0.015012,0.018781
130.0,4.8316e-06,1.9128e-05,7.1364e-05,0.00023608,0.00064975,0.0016220,0.0036777,0.0076277,0.011182,0.014157,0.017727
140.0,4.5015e-06,1.7884e-05,6.6956e-05,0.00021996,0.00061074,0.0015277,0.0034669,0.0071959,0.010563,0.013385,0.016777
150.0,4.2045e-06,1.6761e-05,6.2957e-05,0.00020501,0.00057528,0.0014418,0.0032749,0.0068017,0.0099966,0.012680,0.015910
175.0,3.5728e-06,1.4351e-05,5.4317e-05,0.00017449,0.00049809,0.0012530,0.0028547,0.0059433,0.0087606,0.011135,0.014000
200.0,3.0869e-06,1.2484e-05,4.7571e-05,0.00015281,0.00043751,0.0011037,0.0025229,0.0052665,0.0077832,0.0099100,0.012485
250.0,2.3560e-06,9.6477e-06,3.7193e-05,0.00012034,0.00034739,0.00088140,0.0020247,0.0042605,0.0063172,0.0080619,0.010182
300.0,1.8699e-06,7.7402e-06,3.0130e-05,9.4511e-05,0.00027524,0.00070390,0.0016307,0.0034706,0.0051739,0.0066267,0.0085554
350.0,1.5254e-06,6.3752e-06,2.5011e-05,7.6663e-05,0.00022473,0.00057889,0.0013509,0.0029005,0.0043434,0.0056721,0.0073390
400.0,1.2702e-06,5.3537e-06,2.1144e-05,6.3651e-05,0.00018760,0.00048651,0.0011423,0.0024706,0.0037573,0.0049331,0.0063946
450.0,1.0176e-06,4.2894e-06,1.6897e-05,5.4203e-05,0.00015877,0.00041435,0.00097865,0.0021313,0.0032964,0.0043351,0.0056302
500.0,8.3493e-07,3.5238e-06,1.3863e-05,4.7160e-05,0.00013629,0.00035784,0.00084977,0.0018730,0.0029244,0.0038522,0.0050120
600.0,6.1412e-07,2.5857e-06,1.0171e-05,3.5717e-05,0.00010602,0.00028003,0.00067059,0.0015253,0.0023942,0.0031671,0.0041411
700.0,4.5450e-07,1.9355e-06,7.5506e-06,2.7424e-05,8.2904e-05,0.00022199,0.00053666,0.0012523,0.0019759,0.0026230,0.0034423
800.0,3.5235e-07,1.4892e-06,5.8363e-06,2.1151e-05,6.7965e-05,0.00018084,0.00044380,0.0010525,0.0016670,0.0022180,0.0029188
1000.0,2.0794e-07,8.8945e-07,3.5101e-06,1.2802e-05,4.1873e-05,0.00011877,0.00030493,0.00072927,0.0011643,0.0015593,0.0020659
1200.0,1.3057e-07,5.6771e-07,2.2411e-06,8.2409e-06,2.7380e-05,8.1473e-05,0.00021711,0.00052441,0.00084321,0.0011345,0.0015112
1500.0,7.2351e-08,3.2029e-07,1.2875e-06,4.8247e-06,1.6294e-05,4.9565e-05,0.00013430,0.00032784,0.00053215,0.00072144,0.00096829
SA4P0
r\m,4.0,4.5,5.0,5.5,6.0,6.5,7.0,7.5,7.8,8.0,8.2
0.0,0.00040663,0.0010305,0.0025539,0.0060350,0.013091,0.025727,0.047022,0.081969,0.10389,0.11917,0.13563
1.0,0.00030964,0.00084241,0.0021677,0.0052240,0.011460,0.022837,0.042405,0.073102,0.093764,0.10813,0.12335
5.0,9.8898e-05,0.00033500,0.0010586,0.0030807,0.0077943,0.017124,0.033729,0.058855,0.077224,0.090251,0.10404
10.0,4.5923e-05,0.00016292,0.00054997,0.0017538,0.0049636,0.012160,0.023901,0.041665,0.059784,0.072139,0.087787
15.0,2.7991e-05,0.00010110,0.00035032,0.0011581,0.0034527,0.0087848,0.017776,0.032067,0.044388,0.056516,0.069876
20.0,1.9360e-05,7.0923e-05,0.00025000,0.00084461,0.0025890,0.0065666,0.013810,0.025915,0.035652,0.044367,0.056456
25.0,1.4233e-05,5.2758e-05,0.00018916,0.00065011,0.0020353,0.0051184,0.011092,0.021446,0.030027,0.036738,0.046421
30.0,1.1106e-05,4.1493e-05,0.00015041,0.00052246,0.0016583,0.0041305,0.0091575,0.018129,0.025754,0.031815,0.038822
40.0,7.5450e-06,2.8584e-05,0.00010506,0.00037107,0.0011597,0.0029268,0.0066794,0.013680,0.019639,0.024178,0.029522
50.0,5.6061e-06,2.1453e-05,7.9546e-05,0.00028425,0.00087148,0.0022296,0.0052036,0.010776,0.015541,0.019784,0.024865
60.0,4.6663e-06,1.7981e-05,6.7053e-05,0.00024111,0.00072540,0.0018675,0.0044119,0.0090927,0.013589,0.017381,0.021946
70.0,4.0806e-06,1.5807e-05,5.9201e-05,0.00021388,0.00063360,0.0016404,0.0037907,0.0081746,0.012277,0.015760,0.019972
80.0,3.6619e-06,1.4251e-05,5.3588e-05,0.00019428,0.00056857,0.0014794,0.0034220,0.0074948,0.011292,0.014528,0.018455
90.0,3.3298e-06,1.3013e-05,4.9127e-05,0.00017612,0.00051757,0.0013227,0.0031609,0.0069450,0.010487,0.013515,0.017195
100.0,3.0543e-06,1.1983e-05,4.5403e-05,0.00016118,0.00047541,0.0012125,0.0029411,0.0064797,0.0098035,0.012651,0.016120
110.0,2.8213e-06,1.1110e-05,4.2240e-05,0.00014855,0.00043937,0.0011321,0.0027466,0.0060610,0.0091814,0.011858,0.015123
120.0,2.6205e-06,1.0356e-05,3.9500e-05,0.00013776,0.00039975,0.0010625,0.0025783,0.0056979,0.0086406,0.011168,0.014255
130.0,2.4359e-06,9.6608e-06,3.6980e-05,0.00012802,0.00037405,0.00099882,0.0024254,0.0053653,0.0081462,0.010539,0.013464
140.0,2.2700e-06,9.0368e-06,3.4716e-05,0.00011936,0.00035185,0.00094145,0.0022881,0.0050651,0.0077006,0.0099712,0.012751
150.0,2.1207e-06,8.4725e-06,3.2661e-05,0.00011132,0.00033167,0.00088916,0.0021630,0.0047910,0.0072929,0.0094525,0.012100
175.0,1.8032e-06,7.2621e-06,2.8220e-05,9.4916e-05,0.00028770,0.00077426,0.0018889,0.0041938,0.0064022,0.0083147,0.010666
200.0,1.5589e-06,6.3240e-06,2.4750e-05,8.3263e-05,0.00025318,0.00068332,0.0016725,0.0037228,0.0056979,0.0074128,0.0095276
250.0,1.1911e-06,4.8972e-06,1.9405e-05,6.5791e-05,0.00020178,0.00054779,0.0013473,0.0030228,0.0046413,0.0060518,0.0077974
300.0,9.4641e-07,3.9369e-06,1.5764e-05,5.1846e-05,0.00016047,0.00043918,0.0010894,0.0024716,0.0038153,0.0049927,0.0065758
350.0,7.7292e-07,3.2491e-06,1.3122e-05,4.2197e-05,0.00013152,0.00036261,0.00090598,0.0020735,0.0032151,0.0042896,0.0056621
400.0,6.4434e-07,2.7340e-06,1.1124e-05,3.5154e-05,0.00011020,0.00030596,0.00076912,0.0017731,0.0027921,0.0037452,0.0049528
450.0,5.1679e-07,2.1951e-06,8.9148e-06,3.0036e-05,9.3623e-05,0.00026163,0.00066164,0.0015357,0.0024595,0.0033046,0.0043784
500.0,4.2456e-07,1.8071e-06,7.3353e-06,2.6222e-05,8.0677e-05,0.00022688,0.00057691,0.0013553,0.0021911,0.0029487,0.0039142
600.0,3.1394e-07,1.3348e-06,5.4265e-06,2.0041e-05,6.3365e-05,0.00017928,0.00045968,0.0011145,0.0018116,0.0024486,0.0032668
700.0,2.3295e-07,1.0045e-06,4.0518e-06,1.5493e-05,4.9935e-05,0.00014335,0.00037120,0.00092329,0.0015088,0.0020468,0.0027412
800.0,1.8133e-07,7.7648e-07,3.1523e-06,1.2038e-05,4.1284e-05,0.00011787,0.00030989,0.00078359,0.0012857,0.0017482,0.0023482
1000.0,1.0758e-07,4.6797e-07,1.9189e-06,7.3922e-06,2.5851e-05,7.8791e-05,0.00021695,0.00055364,0.00091622,0.0012547,0.0016975
1200.0,6.7948e-08,3.0172e-07,1.2403e-06,4.8298e-06,1.7195e-05,5.5068e-05,0.00015760,0.00040666,0.00067826,0.00093361,0.0012706
1500.0,3.8018e-08,1.7274e-07,7.2621e-07,2.8935e-06,1.0505e-05,3.4505e-05,0.00010069,0.00026313,0.00044364,0.00061583,0.00084536
SA5P0
r\m,4.0,4.5,5.0,5.5,6.0,6.5,7.0,7.5,7.8,8.0,8.2
0.0,0.00023367,0.00059369,0.0015000,0.0036662,0.0083171,0.017208,0.033186,0.060923,0.079465,0.092792,0.10741
1.0,0.00017793,0.00048540,0.0012735,0.0031742,0.0072822,0.015278,0.029934,0.054342,0.071731,0.084209,0.097693
5.0,5.6812e-05,0.00019300,0.00062196,0.0018724,0.0049550,0.011462,0.023821,0.043770,0.059102,0.070313,0.082425
10.0,2.6381e-05,9.3868e-05,0.00032316,0.0010662,0.0031566,0.0081426,0.016887,0.030997,0.045768,0.056218,0.069562
15.0,1.6082e-05,5.8261e-05,0.00020590,0.00070427,0.0021964,0.0058844,0.012563,0.023864,0.033991,0.044054,0.055383
20.0,1.1124e-05,4.0881e-05,0.00014698,0.00051379,0.0016475,0.0044001,0.0097635,0.019291,0.027308,0.034593,0.044757
25.0,8.1798e-06,3.0417e-05,0.00011124,0.00039560,0.0012956,0.0034308,0.0078443,0.015969,0.023006,0.028652,0.036810
30.0,6.3831e-06,2.3927e-05,8.8477e-05,0.00031802,0.0010560,0.0027695,0.0064782,0.013503,0.019737,0.024818,0.030791
40.0,4.3376e-06,1.6489e-05,6.1831e-05,0.00022600,0.00073892,0.0019636,0.0047279,0.010194,0.015058,0.018870,0.023426
50.0,3.2237e-06,1.2380e-05,4.6838e-05,0.00017322,0.00055562,0.0014968,0.0036854,0.0080342,0.011922,0.015448,0.019740
60.0,2.6838e-06,1.0380e-05,3.9500e-05,0.00014700,0.00046274,0.0012544,0.0031263,0.0067827,0.010429,0.013578,0.017431
70.0,2.3474e-06,9.1283e-06,3.4890e-05,0.00013047,0.00040441,0.0011025,0.0026876,0.0061009,0.0094272,0.012317,0.015869
80.0,2.1070e-06,8.2324e-06,3.1597e-05,0.00011858,0.00036312,0.00099488,0.0024276,0.0055965,0.0086752,0.011360,0.014671
90.0,1.9163e-06,7.5199e-06,2.8980e-05,0.00010755,0.00033075,0.00089004,0.0022436,0.0051886,0.0080609,0.010573,0.013676
100.0,1.7580e-06,6.9270e-06,2.6796e-05,9.8485e-05,0.00030398,0.00081634,0.0020887,0.0048436,0.0075390,0.0099017,0.012827
110.0,1.6243e-06,6.4246e-06,2.4941e-05,9.0821e-05,0.00028111,0.00076269,0.0019518,0.0045331,0.0070645,0.0092860,0.012040
120.0,1.5089e-06,5.9903e-06,2.3333e-05,8.4266e-05,0.00025591,0.00071621,0.0018333,0.0042639,0.0066519,0.0087503,0.011355
130.0,1.4029e-06,5.5902e-06,2.1854e-05,7.8352e-05,0.00023960,0.00067370,0.0017256,0.0040173,0.0062747,0.0082617,0.010730
140.0,1.3076e-06,5.2308e-06,2.0525e-05,7.3092e-05,0.00022551,0.00063539,0.0016288,0.0037947,0.0059348,0.0078210,0.010168
150.0,1.2218e-06,4.9057e-06,1.9319e-05,6.8204e-05,0.00021270,0.00060046,0.0015407,0.0035913,0.0056236,0.0074181,0.0096533
175.0,1.0393e-06,4.2080e-06,1.6709e-05,5.8229e-05,0.00018477,0.00052364,0.0013474,0.0031480,0.0049436,0.0065340,0.0085204
200.0,8.9879e-07,3.6672e-06,1.4671e-05,5.1146e-05,0.00016283,0.00046283,0.0011948,0.0027985,0.0044058,0.0058332,0.0076216
250.0,6.8727e-07,2.8440e-06,1.1526e-05,4.0516e-05,0.00013014,0.00037215,0.00096540,0.0022788,0.0035990,0.0047756,0.0062548
300.0,5.4643e-07,2.2895e-06,9.3826e-06,3.2009e-05,0.00010380,0.00029926,0.00078291,0.0018688,0.0029671,0.0039511,0.0052899
350.0,4.4655e-07,1.8921e-06,7.8254e-06,2.6117e-05,8.5309e-05,0.00024783,0.00065308,0.0015724,0.0025077,0.0034047,0.0045683
400.0,3.7248e-07,1.5942e-06,6.6469e-06,2.1811e-05,7.1683e-05,0.00020974,0.00055613,0.0013488,0.0021844,0.0029817,0.0040081
450.0,2.9894e-07,1.2818e-06,5.3375e-06,1.8682e-05,6.1071e-05,0.00017990,0.00047990,0.0011719,0.0019302,0.0026391,0.0035544
500.0,2.4575e-07,1.0566e-06,4.4005e-06,1.6349e-05,5.2776e-05,0.00015649,0.00041978,0.0010374,0.0017251,0.0023625,0.0031879
600.0,1.8223e-07,7.8362e-07,3.2730e-06,1.2573e-05,4.1731e-05,0.00012452,0.00033686,0.00085931,0.0014367,0.0019764,0.0026807
700.0,1.3537e-07,5.9160e-07,2.4531e-06,9.7660e-06,3.3072e-05,0.00010020,0.00027385,0.00071678,0.0012050,0.0016638,0.0022656
800.0,1.0559e-07,4.5853e-07,1.9166e-06,7.6271e-06,2.7506e-05,8.2943e-05,0.00023024,0.00061280,0.0010346,0.0014319,0.0019558
1000.0,6.2768e-08,2.7775e-07,1.1757e-06,4.7294e-06,1.7423e-05,5.6165e-05,0.00016345,0.00043942,0.00074865,0.0010440,0.0014370
1200.0,3.9726e-08,1.8005e-07,7.6567e-07,3.1208e-06,1.1728e-05,3.9788e-05,0.00012051,0.00032797,0.00056353,0.00079027,0.0010946
1500.0,2.2298e-08,1.0386e-07,4.5345e-07,1.8981e-06,7.2968e-06,2.5466e-05,7.8860e-05,0.00021781,0.00037880,0.00053615,0.00074975
SA7P5
r\m,4.0,4.5,5.0,5.5,6.0,6.5,7.0,7.5,7.8,8.0,8.2
0.0,8.0702e-05,0.00020793,0.00054734,0.0014269,0.0035163,0.0079949,0.017020,0.034403,0.047366,0.057216,0.068388
1.0,6.1458e-05,0.00017004,0.00046479,0.0012358,0.0030797,0.0071007,0.015357,0.030694,0.042766,0.051935,0.062214
5.0,1.9615e-05,6.7603e-05,0.00022705,0.00072933,0.0020970,0.0053314,0.012230,0.024740,0.035260,0.043392,0.052519
10.0,9.1092e-06,3.2887e-05,0.00011802,0.00041550,0.0013367,0.0037901,0.0086760,0.017531,0.027320,0.034711,0.044341
15.0,5.5540e-06,2.0419e-05,7.5226e-05,0.00027460,0.00093064,0.0027406,0.0064586,0.013504,0.020300,0.027214,0.035319
20.0,3.8429e-06,1.4334e-05,5.3726e-05,0.00020044,0.00069851,0.0020506,0.0050222,0.010922,0.016317,0.021380,0.028556
25.0,2.8263e-06,1.0668e-05,4.0683e-05,0.00015442,0.00054964,0.0015999,0.0040373,0.0090460,0.013753,0.017717,0.023496
30.0,2.2060e-06,8.3949e-06,3.2372e-05,0.00012420,0.00044824,0.0012922,0.0033361,0.0076532,0.011805,0.015353,0.019663
40.0,1.4996e-06,5.7894e-06,2.2643e-05,8.8358e-05,0.00031402,0.00091729,0.0024374,0.0057838,0.0090154,0.011685,0.014974
50.0,1.1150e-06,4.3496e-06,1.7168e-05,6.7795e-05,0.00023639,0.00069999,0.0019021,0.0045630,0.0071449,0.0095744,0.012629
60.0,9.2857e-07,3.6491e-06,1.4490e-05,5.7590e-05,0.00019708,0.00058728,0.0016152,0.0038559,0.0062558,0.0084230,0.011161
70.0,8.1248e-07,3.2111e-06,1.2810e-05,5.1164e-05,0.00017243,0.00051673,0.0013900,0.0034718,0.0056600,0.0076477,0.010170
80.0,7.2951e-07,2.8977e-06,1.1611e-05,4.6547e-05,0.00015499,0.00046681,0.0012569,0.0031879,0.0052135,0.0070598,0.0094106
90.0,6.6371e-07,2.6486e-06,1.0658e-05,4.2262e-05,0.00014133,0.00041809,0.0011629,0.0029586,0.0048490,0.0065768,0.0087806
100.0,6.0912e-07,2.4412e-06,9.8633e-06,3.8737e-05,0.00013004,0.00038390,0.0010838,0.0027647,0.0045396,0.0061654,0.0082430
110.0,5.6295e-07,2.2655e-06,9.1879e-06,3.5758e-05,0.00012038,0.00035907,0.0010138,0.0025902,0.0042582,0.0057878,0.0077450
120.0,5.2314e-07,2.1136e-06,8.6028e-06,3.3210e-05,0.00010971,0.00033757,0.00095335,0.0024390,0.0040136,0.0054593,0.0073113
130.0,4.8652e-07,1.9736e-06,8.0639e-06,3.0910e-05,0.00010283,0.00031789,0.00089832,0.0023003,0.0037899,0.0051597,0.0069159
140.0,4.5359e-07,1.8477e-06,7.5796e-06,2.8863e-05,9.6889e-05,0.00030015,0.00084891,0.0021751,0.0035882,0.0048894,0.0065597
150.0,4.2395e-07,1.7338e-06,7.1396e-06,2.6958e-05,9.1480e-05,0.00028396,0.00080384,0.0020608,0.0034036,0.0046422,0.0062341
175.0,3.6086e-07,1.4892e-06,6.1872e-06,2.3070e-05,7.9678e-05,0.00024832,0.00070496,0.0018112,0.0029997,0.0040992,0.0055161
200.0,3.1228e-07,1.2995e-06,5.4426e-06,2.0312e-05,7.0403e-05,0.00022009,0.00062685,0.0016144,0.0026804,0.0036690,0.0049467
250.0,2.3905e-07,1.0103e-06,4.2918e-06,1.6164e-05,5.6562e-05,0.00017794,0.00050928,0.0013217,0.0022011,0.0030194,0.0040805
300.0,1.9025e-07,8.1527e-07,3.5059e-06,1.2827e-05,4.5343e-05,0.00014388,0.00041530,0.0010898,0.0018244,0.0025115,0.0034693
350.0,1.5561e-07,6.7527e-07,2.9341e-06,1.0512e-05,3.7456e-05,0.00011980,0.00034835,0.00092202,0.0015504,0.0021759,0.0030123
400.0,1.2990e-07,5.7019e-07,2.5005e-06,8.8168e-06,3.1631e-05,0.00010194,0.00029830,0.00079529,0.0013581,0.0019162,0.0026577
450.0,1.0433e-07,4.5940e-07,2.0145e-06,7.5837e-06,2.7082e-05,8.7912e-05,0.00025887,0.00069492,0.0012069,0.0017058,0.0023704
500.0,8.5823e-08,3.7948e-07,1.6663e-06,6.6643e-06,2.3519e-05,7.6889e-05,0.00022773,0.00061879,0.0010849,0.0015360,0.0021386
600.0,6.3838e-08,2.8298e-07,1.2493e-06,5.1753e-06,1.8805e-05,6.1911e-05,0.00018501,0.00051908,0.00091530,0.0013018,0.0018222
700.0,4.7461e-08,2.1455e-07,9.4195e-07,4.0518e-06,1.5046e-05,5.0371e-05,0.00015220,0.00043831,0.00077734,0.0011099,0.0015602
800.0,3.7075e-08,1.6686e-07,7.4052e-07,3.1902e-06,1.2639e-05,4.2173e-05,0.00012953,0.00037961,0.00067639,0.00096833,0.0013656
1000.0,2.2041e-08,1.0167e-07,4.5930e-07,2.0089e-06,8.1596e-06,2.9196e-05,9.4238e-05,0.00027948,0.00050312,0.00072628,0.0010330
1200.0,1.3941e-08,6.6288e-08,3.0225e-07,1.3459e-06,5.5999e-06,2.1160e-05,7.1299e-05,0.00021461,0.00039019,0.00056701,0.00081232
1500.0,7.8089e-09,3.8497e-08,1.8168e-07,8.3726e-07,3.5879e-06,1.4036e-05,4.8627e-05,0.00014927,0.00027547,0.00040475,0.00058660
SA10P0
r\m,4.0,4.5,5.0,5.5,6.0,6.5,7.0,7.5,7.8,8.0,8.2
0.0,3.6684e-05,9.6181e-05,0.00026206,0.00071761,0.0018789,0.0045721,0.010446,0.022623,0.032386,0.040093,0.049053
1.0,2.7938e-05,7.8661e-05,0.00022256,0.00062159,0.0016459,0.0040614,0.0094266,0.020187,0.029245,0.036397,0.044630
5.0,8.9153e-06,3.1275e-05,0.00010874,0.00036698,0.0011213,0.0030510,0.0075111,0.016278,0.024121,0.030422,0.037688
10.0,4.1407e-06,1.5218e-05,5.6538e-05,0.00020914,0.00071502,0.0021699,0.0053308,0.011540,0.018697,0.024345,0.031829
15.0,2.5251e-06,9.4507e-06,3.6051e-05,0.00013827,0.00049802,0.0015698,0.0039700,0.0088926,0.013898,0.019094,0.025362
20.0,1.7474e-06,6.6358e-06,2.5756e-05,0.00010097,0.00037396,0.0011751,0.0030884,0.0071953,0.011175,0.015006,0.020512
25.0,1.2854e-06,4.9402e-06,1.9510e-05,7.7820e-05,0.00029439,0.00091718,0.0024838,0.0059615,0.0094227,0.012439,0.016883
30.0,1.0034e-06,3.8884e-06,1.5530e-05,6.2616e-05,0.00024018,0.00074114,0.0020533,0.0050456,0.0080908,0.010783,0.014134
40.0,6.8232e-07,2.6829e-06,1.0870e-05,4.4579e-05,0.00016840,0.00052654,0.0015014,0.0038160,0.0061833,0.0082122,0.010770
50.0,5.0745e-07,2.0166e-06,8.2466e-06,3.4230e-05,0.00012687,0.00040214,0.0011726,0.0030128,0.0049039,0.0067338,0.0090895
60.0,4.2272e-07,1.6926e-06,6.9646e-06,2.9098e-05,0.00010586,0.00033765,0.00099648,0.0025478,0.0042967,0.0059279,0.0080381
70.0,3.6997e-07,1.4901e-06,6.1608e-06,2.5870e-05,9.2690e-05,0.00029733,0.00085821,0.0022957,0.0038902,0.0053860,0.0073295
80.0,3.3227e-07,1.3453e-06,5.5875e-06,2.3553e-05,8.3384e-05,0.00026883,0.00077664,0.0021096,0.0035859,0.0049754,0.0067866
90.0,3.0238e-07,1.2302e-06,5.1322e-06,2.1400e-05,7.6093e-05,0.00024097,0.00071913,0.0019593,0.0033376,0.0046382,0.0063365
100.0,2.7757e-07,1.1344e-06,4.7521e-06,1.9630e-05,7.0067e-05,0.00022144,0.00067075,0.0018322,0.0031268,0.0043511,0.0059526
110.0,2.5659e-07,1.0532e-06,4.4293e-06,1.8133e-05,6.4917e-05,0.00020729,0.00062797,0.0017179,0.0029352,0.0040876,0.0055969
120.0,2.3850e-07,9.8298e-07,4.1496e-06,1.6853e-05,5.9211e-05,0.00019503,0.00059097,0.0016188,0.0027686,0.0038584,0.0052872
130.0,2.2185e-07,9.1822e-07,3.8919e-06,1.5696e-05,5.5538e-05,0.00018381,0.00055731,0.0015280,0.0026162,0.0036492,0.0050048
140.0,2.0688e-07,8.6001e-07,3.6603e-06,1.4667e-05,5.2370e-05,0.00017369,0.00052707,0.0014459,0.0024789,0.0034605,0.0047504
150.0,1.9340e-07,8.0731e-07,3.4497e-06,1.3708e-05,4.9484e-05,0.00016446,0.00049948,0.0013710,0.0023531,0.0032880,0.0045178
175.0,1.6470e-07,6.9410e-07,2.9936e-06,1.1751e-05,4.3182e-05,0.00014410,0.00043891,0.0012072,0.0020777,0.0029087,0.0040046
200.0,1.4259e-07,6.0624e-07,2.6369e-06,1.0363e-05,3.8226e-05,0.00012797,0.00039105,0.0010781,0.0018600,0.0026082,0.0035977
250.0,1.0924e-07,4.7214e-07,2.0847e-06,8.2734e-06,3.0824e-05,0.00010387,0.00031896,0.00088604,0.0015332,0.0021544,0.0029787
300.0,8.6992e-08,3.8160e-07,1.7071e-06,6.5860e-06,2.4799e-05,8.4309e-05,0.00026112,0.00073340,0.0012757,0.0017988,0.0025420
350.0,7.1188e-08,3.1654e-07,1.4320e-06,5.4136e-06,2.0557e-05,7.0467e-05,0.00021989,0.00062294,0.0010883,0.0015645,0.0022156
400.0,5.9451e-08,2.6765e-07,1.2231e-06,4.5540e-06,1.7420e-05,6.0189e-05,0.00018903,0.00053944,0.00095701,0.0013831,0.0019625
450.0,4.7763e-08,2.1593e-07,9.8754e-07,3.9282e-06,1.4966e-05,5.2100e-05,0.00016469,0.00047324,0.00085389,0.0012362,0.0017574
500.0,3.9298e-08,1.7858e-07,8.1852e-07,3.4616e-06,1.3040e-05,4.5738e-05,0.00014545,0.00042310,0.00077074,0.0011177,0.0015921
600.0,2.9263e-08,1.3356e-07,6.1662e-07,2.7046e-06,1.0501e-05,3.7118e-05,0.00011915,0.00035799,0.00065596,0.00095573,0.0013688
700.0,2.1752e-08,1.0148e-07,4.6658e-07,2.1283e-06,8.4557e-06,3.0423e-05,9.8807e-05,0.00030485,0.00056195,0.00082211,0.0011826
800.0,1.6990e-08,7.9048e-08,3.6811e-07,1.6842e-06,7.1482e-06,2.5663e-05,8.4786e-05,0.00026636,0.00049346,0.00072396,0.0010450
1000.0,1.0080e-08,4.8272e-08,2.2970e-07,1.0705e-06,4.6715e-06,1.8027e-05,6.2712e-05,0.00019968,0.00037408,0.00055374,0.00080667
1200.0,6.3560e-09,3.1519e-08,1.5195e-07,7.2359e-07,3.2451e-06,1.3261e-05,4.8272e-05,0.00015632,0.00029614,0.00044163,0.00064847
1500.0,3.5373e-09,1.8310e-08,9.1944e-08,4.5585e-07,2.1169e-06,9.0010e-06,3.3842e-05,0.00011221,0.00021627,0.00032660,0.00048590
