PGA
r\m,4.0,4.5,5.0,5.5,6.0,6.5,7.0,7.5,7.8,8.0,8.2
0.0,0.55400,0.85914,1.2394,1.6913,2.1281,2.5684,2.9705,3.0230,3.0630,3.0808,3.1060
1.0,0.45095,0.72788,1.0837,1.5185,1.9547,2.3982,2.8034,2.9788,3.0134,3.0232,3.0375
5.0,0.19683,0.36320,0.61337,0.96413,1.3573,1.7764,2.1827,2.4976,2.5684,2.5972,2.6232
10.0,0.097844,0.17878,0.31649,0.53440,0.83199,1.2003,1.7001,2.1736,2.1696,2.2153,2.1830
15.0,0.050230,0.095870,0.17756,0.31637,0.52686,0.82912,1.2705,1.7424,1.9319,1.9287,1.9463
20.0,0.029822,0.059445,0.11375,0.21049,0.36499,0.61774,0.98677,1.4106,1.6520,1.7497,1.7578
25.0,0.019630,0.040272,0.078861,0.15003,0.26755,0.47758,0.79063,1.1713,1.3974,1.5500,1.6142
30.0,0.014000,0.029335,0.058416,0.11345,0.20634,0.38334,0.65249,0.99472,1.2055,1.3509,1.5028
40.0,0.0082474,0.017807,0.036407,0.072938,0.13944,0.26876,0.47604,0.75754,0.94645,1.0972,1.2600
50.0,0.0054687,0.012063,0.025152,0.051576,0.10271,0.20253,0.36978,0.61953,0.80022,0.91689,1.0431
60.0,0.0040777,0.0091518,0.019371,0.040459,0.083202,0.16664,0.31025,0.54135,0.68502,0.79077,0.90652
70.0,0.0032868,0.0074546,0.015909,0.033605,0.071065,0.14451,0.28082,0.48012,0.61416,0.71426,0.82471
80.0,0.0028002,0.0063995,0.013746,0.029328,0.063514,0.13085,0.25775,0.44064,0.56741,0.66269,0.76832
90.0,0.0024313,0.0055942,0.012081,0.026250,0.057523,0.12215,0.23656,0.40857,0.52926,0.62054,0.72220
100.0,0.0021354,0.0049438,0.010729,0.023699,0.052485,0.11315,0.21850,0.38092,0.49615,0.58381,0.68179
110.0,0.0018932,0.0044080,0.0096107,0.021499,0.047983,0.10353,0.20119,0.35308,0.46174,0.54482,0.63792
120.0,0.0016914,0.0039589,0.0086695,0.019619,0.044815,0.095254,0.18616,0.32873,0.43153,0.51040,0.59909
130.0,0.0014957,0.0035224,0.0077569,0.017769,0.040782,0.087162,0.17146,0.30478,0.40174,0.47650,0.56081
140.0,0.0013267,0.0031428,0.0069591,0.016121,0.037094,0.079848,0.15803,0.28263,0.37415,0.44499,0.52511
150.0,0.0011792,0.0028088,0.0062518,0.014658,0.033760,0.073175,0.14568,0.26212,0.34848,0.41564,0.49187
175.0,0.00090052,0.0021701,0.0048849,0.011716,0.027110,0.059570,0.12054,0.22053,0.29631,0.35590,0.42411
200.0,0.00070761,0.0017225,0.0039152,0.0095070,0.022226,0.049382,0.10150,0.18869,0.25602,0.30953,0.37111
250.0,0.00044137,0.0011020,0.0025598,0.0063463,0.015130,0.034272,0.072354,0.13816,0.18998,0.23159,0.28002
300.0,0.00029270,0.00074635,0.0017680,0.0045721,0.011126,0.025695,0.055482,0.10813,0.15019,0.18428,0.21925
350.0,0.00020215,0.00052570,0.0012686,0.0034002,0.0084334,0.019840,0.043712,0.086803,0.12162,0.14723,0.17620
400.0,0.00014388,0.00038129,0.00093638,0.0025900,0.0065417,0.015674,0.035189,0.071082,0.099111,0.12016,0.14466
450.0,0.00010601,0.00028843,0.00072777,0.0019861,0.0051359,0.012512,0.028555,0.058588,0.081144,0.098959,0.11991
500.0,7.9453e-05,0.00022128,0.00057192,0.0015405,0.0040923,0.010127,0.023463,0.048525,0.067246,0.082417,0.10028
600.0,4.4559e-05,0.00012953,0.00035054,0.00096576,0.0026227,0.0067317,0.016107,0.033384,0.046905,0.057651,0.070749
700.0,2.7148e-05,8.1812e-05,0.00022942,0.00064163,0.0017819,0.0047047,0.011449,0.023766,0.033754,0.041969,0.051720
800.0,1.7054e-05,5.2953e-05,0.00015337,0.00044316,0.0012229,0.0033328,0.0083205,0.017421,0.024975,0.031229,0.038745
1000.0,7.1310e-06,2.3381e-05,7.1689e-05,0.00022023,0.00063618,0.0017809,0.0045302,0.0097618,0.014187,0.017832,0.022142
1200.0,3.1342e-06,1.0847e-05,3.4978e-05,0.00011354,0.00034937,0.00099610,0.0025372,0.0055882,0.0081963,0.010353,0.012901
1500.0,9.5305e-07,3.4849e-06,1.1737e-05,4.0764e-05,0.00013255,0.00040277,0.0010733,0.0024453,0.0036414,0.0046327,0.0057970
PGV
r\m,4.0,4.5,5.0,5.5,6.0,6.5,7.0,7.5,7.8,8.0,8.2
0.0,2.6018,6.6415,15.292,29.430,50.054,78.553,118.86,162.86,193.03,213.39,233.41
1.0,2.3701,6.1680,14.527,28.612,49.597,78.619,118.87,164.35,193.92,213.79,233.26
5.0,1.6450,4.4602,11.048,23.022,42.014,69.177,106.57,151.69,179.70,198.65,217.39
10.0,1.1294,2.8197,7.0586,15.259,29.255,51.065,86.744,129.76,152.09,170.05,187.07
15.0,0.59153,1.5552,4.1262,9.4482,19.383,36.609,66.179,104.86,130.07,145.30,162.53
20.0,0.34076,0.96931,2.7085,6.5050,14.013,28.337,53.023,87.409,112.34,129.19,145.15
25.0,0.22298,0.67019,1.9451,4.8387,10.796,22.991,44.272,75.310,98.503,116.02,132.65
30.0,0.15903,0.49741,1.4862,3.7995,8.7092,19.318,38.075,66.433,88.158,104.80,123.23
40.0,0.094572,0.31263,0.97511,2.5978,6.3407,14.640,29.905,54.272,73.885,89.735,107.55
50.0,0.063704,0.21875,0.70414,1.9343,4.9686,11.774,24.726,46.637,64.914,78.899,94.867
60.0,0.046589,0.16460,0.54295,1.5275,4.0837,9.8723,21.190,41.297,57.401,70.401,85.424
70.0,0.039760,0.14253,0.47422,1.3447,3.6780,8.9454,19.621,37.654,52.591,64.726,78.804
80.0,0.035400,0.12768,0.42732,1.2195,3.3966,8.2997,18.289,35.009,49.013,60.417,73.673
90.0,0.031895,0.11567,0.38908,1.1299,3.1606,7.8692,17.057,32.785,45.992,56.770,69.317
100.0,0.029008,0.10572,0.35724,1.0536,2.9589,7.4235,16.002,30.876,43.392,53.631,65.562
110.0,0.026583,0.097318,0.33024,0.98776,2.7840,6.9745,15.087,29.211,41.122,50.883,62.281
120.0,0.024502,0.090071,0.30690,0.92977,2.6716,6.5805,14.282,27.743,39.123,48.461,59.377
130.0,0.021808,0.080962,0.27873,0.86028,2.4888,6.1842,13.551,26.571,37.662,46.813,57.556
140.0,0.019498,0.073108,0.25415,0.79804,2.3195,5.8218,12.876,25.483,36.313,45.298,55.890
150.0,0.017553,0.066421,0.23301,0.74495,2.1705,5.4993,12.268,24.490,35.073,43.897,54.347
175.0,0.013804,0.053321,0.19092,0.63227,1.8609,4.8134,10.954,22.305,32.328,40.786,50.897
200.0,0.011141,0.043816,0.15971,0.54051,1.6195,4.2645,9.8777,20.475,30.000,38.126,47.924
250.0,0.0076890,0.031255,0.11758,0.41034,1.2681,3.4422,8.2166,17.554,26.221,33.750,42.966
300.0,0.0056360,0.023507,0.090724,0.33458,1.0565,2.9275,7.1290,15.535,23.518,30.548,38.926
350.0,0.0042939,0.018309,0.072229,0.27881,0.89696,2.5300,6.2685,13.899,21.282,27.643,35.528
400.0,0.0033654,0.014631,0.058841,0.23614,0.77221,2.2126,5.5676,12.532,19.271,25.175,32.605
450.0,0.0028322,0.012577,0.051657,0.20059,0.67190,1.9526,4.9814,11.366,17.517,23.040,30.043
500.0,0.0024010,0.010864,0.045460,0.17120,0.58978,1.7360,4.4843,10.326,15.999,21.172,27.776
600.0,0.0017640,0.0082418,0.035596,0.13395,0.46386,1.3961,3.6858,8.5712,13.494,18.047,23.928
700.0,0.0013290,0.0063797,0.028295,0.10622,0.37234,1.1426,3.0738,7.2108,11.508,15.531,20.776
800.0,0.0010217,0.0050212,0.022789,0.087480,0.29980,0.94741,2.5788,6.1273,9.8951,13.460,18.147
1000.0,0.00063227,0.0032318,0.015253,0.060778,0.21334,0.66977,1.8414,4.5186,7.4453,10.262,14.019
1200.0,0.00040936,0.0021611,0.010533,0.043300,0.15517,0.48630,1.3492,3.4005,5.6963,7.9373,10.962
1500.0,0.00021354,0.0011707,0.0059225,0.025269,0.093641,0.30353,0.87106,2.2705,3.8826,5.4837,7.6757
SA0P01
r\m,4.0,4.5,5.0,5.5,6.0,6.5,7.0,7.5,7.8,8.0,8.2
0.0,0.60536,0.94176,1.3655,1.8685,2.3643,2.8751,3.3684,3.4781,3.5780,3.6369,3.6925
1.0,0.49403,0.79785,1.1931,1.6770,2.1738,2.6912,3.1877,3.4387,3.5348,3.5866,3.6328
5.0,0.22260,0.40812,0.68714,1.0762,1.5217,2.0092,2.5000,2.9055,3.0400,3.1123,3.1752
10.0,0.11291,0.20387,0.35886,0.60237,0.93574,1.3541,1.9481,2.5429,2.5818,2.6696,2.6598
15.0,0.058058,0.10957,0.20169,0.35711,0.59321,0.93618,1.4583,2.0472,2.3178,2.3445,2.3964
20.0,0.034522,0.068065,0.12942,0.23793,0.41173,0.69936,1.1356,1.6628,1.9927,2.1439,2.1833
25.0,0.022787,0.046228,0.089872,0.16970,0.30206,0.54188,0.91137,1.3837,1.6905,1.9077,2.0172
30.0,0.016278,0.033725,0.066649,0.12844,0.23324,0.43597,0.75323,1.1764,1.4609,1.6664,1.8876
40.0,0.0096091,0.020506,0.041568,0.082610,0.15786,0.30658,0.55086,0.89685,1.1489,1.3571,1.5886
50.0,0.0063649,0.013874,0.028675,0.058326,0.11621,0.23115,0.42767,0.73179,0.96915,1.1302,1.3090
60.0,0.0047258,0.010482,0.021995,0.045579,0.093849,0.18977,0.35797,0.63791,0.82703,0.97164,1.1340
70.0,0.0037874,0.0084928,0.017974,0.037682,0.079766,0.16364,0.32183,0.56045,0.73303,0.86643,1.0172
80.0,0.0032018,0.0072363,0.015420,0.032658,0.070771,0.14695,0.29264,0.50864,0.66863,0.79285,0.93378
90.0,0.0027560,0.0062743,0.013449,0.029013,0.063599,0.13600,0.26588,0.46598,0.61501,0.73107,0.86308
100.0,0.0024000,0.0055004,0.011855,0.026003,0.057592,0.12492,0.24321,0.42949,0.56887,0.67774,0.80175
110.0,0.0021101,0.0048656,0.010541,0.023421,0.052260,0.11336,0.22181,0.39357,0.52233,0.62305,0.73779
120.0,0.0018696,0.0043361,0.0094394,0.021225,0.048461,0.10346,0.20339,0.36252,0.48206,0.57561,0.68229
130.0,0.0016392,0.0038272,0.0083822,0.019085,0.043777,0.093912,0.18565,0.33266,0.44349,0.53042,0.62969
140.0,0.0014428,0.0033906,0.0074697,0.017207,0.039564,0.085424,0.16977,0.30570,0.40870,0.48963,0.58215
150.0,0.0012724,0.0030087,0.0066655,0.015547,0.035779,0.077742,0.15531,0.28103,0.37682,0.45227,0.53867
175.0,0.00094768,0.0022721,0.0050979,0.012182,0.028169,0.061973,0.12561,0.23050,0.31121,0.37514,0.44869
200.0,0.00072451,0.0017593,0.0039929,0.0096790,0.022618,0.050273,0.10339,0.19239,0.26154,0.31664,0.38015
250.0,0.00045059,0.0011225,0.0026035,0.0064443,0.015356,0.034791,0.073462,0.14034,0.19324,0.23577,0.28533
300.0,0.00029810,0.00075842,0.0017940,0.0046324,0.011267,0.026021,0.056184,0.10950,0.15223,0.18689,0.22246
350.0,0.00020544,0.00053311,0.0012847,0.0034385,0.0085240,0.020052,0.044168,0.087690,0.12293,0.14886,0.17818
400.0,0.00014594,0.00038597,0.00094670,0.0026150,0.0066013,0.015814,0.035489,0.071663,0.099944,0.12118,0.14589
450.0,0.00010735,0.00029153,0.00073474,0.0020026,0.0051759,0.012606,0.028755,0.058970,0.081678,0.099608,0.12068
500.0,8.0339e-05,0.00022336,0.00057669,0.0015515,0.0041195,0.010191,0.023598,0.048777,0.067592,0.082831,0.10076
600.0,4.4940e-05,0.00013045,0.00035273,0.00097085,0.0026353,0.0067614,0.016170,0.033495,0.047052,0.057824,0.070943
700.0,2.7333e-05,8.2262e-05,0.00023052,0.00064418,0.0017882,0.0047195,0.011479,0.023816,0.033819,0.042042,0.051800
800.0,1.7144e-05,5.3181e-05,0.00015393,0.00044448,0.0012260,0.0033402,0.0083351,0.017444,0.025004,0.031260,0.038779
1000.0,7.1552e-06,2.3443e-05,7.1846e-05,0.00022061,0.00063707,0.0017828,0.0045335,0.0097664,0.014192,0.017837,0.022148
1200.0,3.1410e-06,1.0864e-05,3.5023e-05,0.00011365,0.00034963,0.00099659,0.0025379,0.0055890,0.0081970,0.010354,0.012901
1500.0,9.5419e-07,3.4878e-06,1.1745e-05,4.0782e-05,0.00013259,0.00040283,0.0010733,0.0024453,0.0036414,0.0046327,0.0057970
SA0P02
r\m,4.0,4.5,5.0,5.5,6.0,6.5,7.0,7.5,7.8,8.0,8.2
0.0,0.77508,1.2154,1.7811,2.4487,3.1255,3.8366,4.5628,4.7762,4.9852,5.1098,5.2026
1.0,0.63592,1.0303,1.5557,2.1996,2.8834,3.6122,4.3434,4.7495,4.9570,5.0752,5.1599
5.0,0.30249,0.54999,0.92333,1.4384,2.0485,2.7350,3.4471,4.0571,4.3110,4.4554,4.5700
10.0,0.15810,0.28141,0.49230,0.81939,1.2672,1.8366,2.6887,3.5764,3.6837,3.8436,3.8539
15.0,0.081935,0.15247,0.27861,0.48854,0.80714,1.2749,2.0229,2.9023,3.3439,3.4137,3.5149
20.0,0.049064,0.095358,0.17984,0.32719,0.56338,0.95860,1.5847,2.3722,2.8979,3.1516,3.2340
25.0,0.032651,0.065239,0.12560,0.23427,0.41494,0.74713,1.2777,1.9834,2.4717,2.8222,3.0091
30.0,0.023456,0.047838,0.093554,0.17795,0.32168,0.60455,1.0601,1.6916,2.1437,2.4753,2.8321
40.0,0.013963,0.029296,0.058656,0.11495,0.21904,0.42859,0.78043,1.2950,1.6939,2.0265,2.3966
50.0,0.0092945,0.019898,0.040578,0.081333,0.16185,0.32495,0.60832,1.0586,1.4320,1.6903,1.9773
60.0,0.0068952,0.015007,0.031054,0.063398,0.13057,0.26695,0.50954,0.92375,1.2233,1.4555,1.7163
70.0,0.0055138,0.012129,0.025310,0.052262,0.11061,0.22925,0.45581,0.80579,1.0759,1.2877,1.5276
80.0,0.0046325,0.010263,0.021559,0.044956,0.097334,0.20401,0.41049,0.72380,0.97137,1.1667,1.3892
90.0,0.0039687,0.0088511,0.018701,0.039696,0.086885,0.18745,0.36992,0.65734,0.88572,1.0666,1.2736
100.0,0.0034395,0.0077170,0.016394,0.035360,0.078158,0.17094,0.33567,0.60060,0.81209,0.98025,1.1731
110.0,0.0030097,0.0067890,0.014496,0.031657,0.070447,0.15395,0.30358,0.54525,0.73835,0.89211,1.0686
120.0,0.0026539,0.0060169,0.012910,0.028517,0.064901,0.13949,0.27610,0.49766,0.67485,0.81606,0.97832
130.0,0.0023123,0.0052751,0.011386,0.025457,0.058174,0.12554,0.24974,0.45223,0.61464,0.74438,0.89371
140.0,0.0020266,0.0046513,0.010096,0.022832,0.052278,0.11345,0.22672,0.41226,0.56155,0.68103,0.81875
150.0,0.0017788,0.0041063,0.0089607,0.020515,0.046995,0.10254,0.20584,0.37582,0.51310,0.62318,0.75025
175.0,0.0013097,0.0030615,0.0067625,0.015855,0.036461,0.080422,0.16348,0.30199,0.41446,0.50506,0.61018
200.0,0.00098888,0.0023393,0.0052249,0.012423,0.028858,0.064233,0.13224,0.24721,0.34088,0.41670,0.50449
250.0,0.00059768,0.0014517,0.0033127,0.0080421,0.019033,0.043106,0.090848,0.17356,0.24138,0.29637,0.36068
300.0,0.00038592,0.00095629,0.0022254,0.0056359,0.013610,0.031375,0.067460,0.13099,0.18325,0.22584,0.26941
350.0,0.00025988,0.00065681,0.0015572,0.0040896,0.010062,0.023596,0.051652,0.10190,0.14333,0.17385,0.20817
400.0,0.00018070,0.00046558,0.0011239,0.0030475,0.0076332,0.018205,0.040532,0.081184,0.11334,0.13743,0.16518
450.0,0.00013037,0.00034515,0.00085666,0.0022929,0.0058792,0.014240,0.032189,0.065376,0.090476,0.11017,0.13318
500.0,9.5837e-05,0.00025996,0.00066141,0.0017482,0.0046048,0.011320,0.025956,0.053088,0.073396,0.089707,0.10874
600.0,5.1849e-05,0.00014736,0.00039288,0.0010644,0.0028668,0.0073029,0.017288,0.035419,0.049572,0.060750,0.074183
700.0,3.0771e-05,9.0666e-05,0.00025118,0.00069185,0.0019058,0.0049906,0.012024,0.024678,0.034900,0.043248,0.053058
800.0,1.8876e-05,5.7521e-05,0.00016467,0.00046942,0.0012850,0.0034753,0.0085872,0.017800,0.025419,0.031682,0.039200
1000.0,7.6315e-06,2.4635e-05,7.4813e-05,0.00022743,0.00065237,0.0018124,0.0045713,0.0097806,0.014187,0.017832,0.022142
1200.0,3.2749e-06,1.1193e-05,3.5825e-05,0.00011534,0.00035272,0.00099924,0.0025372,0.0055882,0.0081963,0.010353,0.012901
1500.0,9.7563e-07,3.5319e-06,1.1838e-05,4.0859e-05,0.00013255,0.00040277,0.0010733,0.0024453,0.0036414,0.0046327,0.0057970
SA0P025
r\m,4.0,4.5,5.0,5.5,6.0,6.5,7.0,7.5,7.8,8.0,8.2
0.0,0.84159,1.3269,1.9565,2.6989,3.4599,4.2625,5.0930,5.3485,5.6010,5.7485,5.8496
1.0,0.69198,1.1255,1.7097,2.4267,3.1982,4.0246,4.8611,5.3312,5.5829,5.7243,5.8176
5.0,0.33525,0.60958,1.0253,1.5978,2.2851,3.0641,3.8754,4.5708,4.8722,5.0424,5.1717
10.0,0.17682,0.31443,0.55066,0.91612,1.4169,2.0556,3.0240,4.0374,4.1695,4.3551,4.3681
15.0,0.092054,0.17111,0.31283,0.54799,0.90491,1.4301,2.2807,3.2866,3.7975,3.8807,3.9965
20.0,0.055349,0.10741,0.20259,0.36806,0.63344,1.0786,1.7915,2.6930,3.2997,3.5921,3.6864
25.0,0.036981,0.073745,0.14192,0.26414,0.46758,0.84295,1.4474,2.2559,2.8197,3.2225,3.4357
30.0,0.026643,0.054217,0.10595,0.20103,0.36324,0.68383,1.2032,1.9266,2.4489,2.8301,3.2374
40.0,0.015931,0.033332,0.066640,0.13021,0.24814,0.48661,0.88834,1.4778,1.9385,2.3208,2.7433
50.0,0.010636,0.022696,0.046197,0.092289,0.18377,0.36993,0.69380,1.2092,1.6402,1.9372,2.2649
60.0,0.0078966,0.017123,0.035355,0.071923,0.14829,0.30414,0.58154,1.0557,1.4020,1.6690,1.9668
70.0,0.0063208,0.013849,0.028831,0.059309,0.12563,0.26113,0.51991,0.91993,1.2317,1.4752,1.7494
80.0,0.0053083,0.011709,0.024531,0.050949,0.11037,0.23194,0.46728,0.82465,1.1101,1.3346,1.5890
90.0,0.0045469,0.010092,0.021265,0.044941,0.098392,0.21279,0.42037,0.74765,1.0107,1.2185,1.4552
100.0,0.0039393,0.0087923,0.018626,0.039987,0.088383,0.19373,0.38075,0.68184,0.92508,1.1182,1.3387
110.0,0.0034455,0.0077284,0.016454,0.035754,0.079540,0.17418,0.34368,0.61775,0.83946,1.0158,1.2175
120.0,0.0030365,0.0068427,0.014638,0.032165,0.073166,0.15752,0.31195,0.56263,0.76570,0.92744,1.1126
130.0,0.0026425,0.0059897,0.012888,0.028658,0.065438,0.14143,0.28146,0.50997,0.69570,0.84402,1.0142
140.0,0.0023144,0.0052766,0.011415,0.025670,0.058716,0.12757,0.25501,0.46391,0.63425,0.77058,0.92729
150.0,0.0020297,0.0046530,0.010118,0.023031,0.052693,0.11508,0.23102,0.42192,0.57816,0.70348,0.84778
175.0,0.0014912,0.0034585,0.0076088,0.017730,0.040705,0.089819,0.18249,0.33703,0.46418,0.56668,0.68540
200.0,0.0011226,0.0026333,0.0058557,0.013834,0.032073,0.071391,0.14681,0.27425,0.37937,0.46455,0.56292
250.0,0.00067294,0.0016203,0.0036792,0.0088697,0.020943,0.047407,0.099701,0.19008,0.26495,0.32565,0.39653
300.0,0.00043132,0.0010584,0.0024497,0.0061589,0.014833,0.034160,0.073230,0.14172,0.19853,0.24478,0.29193
350.0,0.00028824,0.00072100,0.0016995,0.0044302,0.010868,0.025446,0.055489,0.10900,0.15340,0.18604,0.22260
400.0,0.00019893,0.00050704,0.0012167,0.0032740,0.0081745,0.019453,0.043112,0.085922,0.11993,0.14533,0.17443
450.0,0.00014253,0.00037321,0.00092075,0.0024450,0.0062480,0.015091,0.033938,0.068536,0.094760,0.11526,0.13911
500.0,0.00010406,0.00027917,0.00070601,0.0018509,0.0048585,0.011905,0.027145,0.055180,0.076172,0.092947,0.11243
600.0,5.5542e-05,0.00015627,0.00041397,0.0011127,0.0029860,0.0075774,0.017831,0.036294,0.050686,0.062014,0.075517
700.0,3.2618e-05,9.5056e-05,0.00026192,0.00071597,0.0019644,0.0051214,0.012269,0.025013,0.035288,0.043644,0.053402
800.0,1.9801e-05,5.9760e-05,0.00017013,0.00048152,0.0013127,0.0035347,0.0086793,0.017880,0.025474,0.031689,0.039145
1000.0,7.8803e-06,2.5211e-05,7.6171e-05,0.00023013,0.00065743,0.0018177,0.0045581,0.0097618,0.014187,0.017832,0.022142
1200.0,3.3403e-06,1.1326e-05,3.6095e-05,0.00011558,0.00035204,0.00099610,0.0025372,0.0055882,0.0081963,0.010353,0.012901
1500.0,9.8422e-07,3.5376e-06,1.1819e-05,4.0764e-05,0.00013255,0.00040277,0.0010733,0.0024453,0.0036414,0.0046327,0.0057970
SA0P03
r\m,4.0,4.5,5.0,5.5,6.0,6.5,7.0,7.5,7.8,8.0,8.2
0.0,0.88078,1.3975,2.0740,2.8726,3.6992,4.5728,5.4836,5.7706,6.0541,6.2160,6.3189
1.0,0.72548,1.1861,1.8136,2.5859,3.4263,4.3289,5.2464,5.7633,6.0465,6.2024,6.2977
5.0,0.35604,0.64901,1.0957,1.7115,2.4591,3.3105,4.1977,4.9552,5.2898,5.4762,5.6123
10.0,0.18890,0.33672,0.59170,0.98624,1.5278,2.2198,3.2768,4.3828,4.5309,4.7325,4.7441
15.0,0.098790,0.18402,0.33742,0.59184,0.97836,1.5479,2.4773,3.5770,4.1364,4.2266,4.3494
20.0,0.059642,0.11593,0.21922,0.39864,0.68674,1.1706,1.9505,2.9372,3.6013,3.9189,4.0181
25.0,0.039998,0.079859,0.15402,0.28674,0.50807,0.91723,1.5790,2.4646,3.0822,3.5202,3.7485
30.0,0.028897,0.058860,0.11525,0.21866,0.39548,0.74580,1.3147,2.1074,2.6800,3.0949,3.5345
40.0,0.017353,0.036324,0.072720,0.14203,0.27103,0.53253,0.97337,1.6194,2.1249,2.5413,2.9978
50.0,0.011621,0.024800,0.050528,0.10087,0.20119,0.40588,0.76167,1.3265,1.7995,2.1230,2.4770
60.0,0.0086394,0.018727,0.038694,0.078638,0.16246,0.33404,0.63898,1.1589,1.5390,1.8301,2.1520
70.0,0.0069286,0.015171,0.031598,0.064922,0.13776,0.28699,0.57147,1.0099,1.3524,1.6181,1.9151
80.0,0.0058235,0.012831,0.026891,0.055765,0.12099,0.25476,0.51330,0.90484,1.2185,1.4638,1.7398
90.0,0.0049927,0.011065,0.023319,0.049193,0.10783,0.23365,0.46153,0.81998,1.1091,1.3365,1.5937
100.0,0.0043284,0.0096433,0.020429,0.043765,0.096827,0.21260,0.41775,0.74734,1.0148,1.2261,1.4660
110.0,0.0037878,0.0084775,0.018046,0.039122,0.087095,0.19101,0.37680,0.67659,0.92037,1.1135,1.3331
120.0,0.0033394,0.0075058,0.016052,0.035183,0.080071,0.17262,0.34172,0.61570,0.83892,1.0161,1.2179
130.0,0.0029055,0.0065666,0.014122,0.031316,0.071530,0.15477,0.30790,0.55733,0.76136,0.92378,1.1093
140.0,0.0025453,0.0057840,0.012504,0.028037,0.064136,0.13948,0.27867,0.50644,0.69339,0.84260,1.0134
150.0,0.0022320,0.0050989,0.011077,0.025138,0.057506,0.12568,0.25215,0.46002,0.63131,0.76836,0.92549
175.0,0.0016393,0.0037857,0.0083175,0.019314,0.044317,0.097823,0.19854,0.36620,0.50513,0.61692,0.74597
200.0,0.0012330,0.0028776,0.0063880,0.015033,0.034827,0.077525,0.15919,0.29689,0.41128,0.50386,0.61037
250.0,0.00073586,0.0017620,0.0039913,0.0095790,0.022591,0.051119,0.10727,0.20399,0.28462,0.34989,0.42590
300.0,0.00046969,0.0011449,0.0026420,0.0066094,0.015894,0.036573,0.078175,0.15076,0.21129,0.26048,0.31042
350.0,0.00031240,0.00077567,0.0018220,0.0047244,0.011568,0.027050,0.058775,0.11496,0.16178,0.19612,0.23443
400.0,0.00021455,0.00054247,0.0012968,0.0034699,0.0086443,0.020533,0.045310,0.089867,0.12536,0.15179,0.18192
450.0,0.00015302,0.00039730,0.00097616,0.0025764,0.0065677,0.015825,0.035418,0.071134,0.098245,0.11936,0.14383
500.0,0.00011120,0.00029570,0.00074461,0.0019395,0.0050775,0.012407,0.028141,0.056868,0.078378,0.095484,0.11526
600.0,5.8768e-05,0.00016396,0.00043220,0.0011541,0.0030876,0.0078082,0.018269,0.036951,0.051492,0.062902,0.076392
700.0,3.4238e-05,9.8825e-05,0.00027116,0.00073624,0.0020132,0.0052268,0.012452,0.025217,0.035491,0.043811,0.053466
800.0,2.0610e-05,6.1669e-05,0.00017475,0.00049138,0.0013345,0.0035786,0.0087313,0.017873,0.025407,0.031542,0.038901
1000.0,8.0967e-06,2.5684e-05,7.7238e-05,0.00023196,0.00066004,0.0018158,0.0045302,0.0097618,0.014187,0.017832,0.022142
1200.0,3.3954e-06,1.1423e-05,3.6248e-05,0.00011544,0.00035012,0.00099610,0.0025372,0.0055882,0.0081963,0.010353,0.012901
1500.0,9.9089e-07,3.5342e-06,1.1770e-05,4.0764e-05,0.00013255,0.00040277,0.0010733,0.0024453,0.0036414,0.0046327,0.0057970
SA0P04
r\m,4.0,4.5,5.0,5.5,6.0,6.5,7.0,7.5,7.8,8.0,8.2
0.0,0.89083,1.4326,2.1542,3.0111,3.9122,4.8655,5.8637,6.1828,6.4932,6.6614,6.7550
1.0,0.73560,1.2177,1.8872,2.7179,3.6373,4.6266,5.6324,6.1939,6.5038,6.6659,6.7516
5.0,0.36590,0.67348,1.1496,1.8104,2.6271,3.5615,4.5300,5.3450,5.7064,5.9006,6.0320
10.0,0.19511,0.35169,0.62494,1.0501,1.6369,2.3879,3.5389,4.7334,4.8906,5.0994,5.1012
15.0,0.10291,0.19373,0.35890,0.63402,1.0536,1.6724,2.6868,3.8788,4.4769,4.5662,4.6856
20.0,0.062615,0.12286,0.23457,0.42932,0.74323,1.2708,2.1240,3.1958,3.9083,4.2409,4.3347
25.0,0.042266,0.085119,0.16568,0.31020,0.55220,1.0001,1.7254,2.6890,3.3531,3.8156,4.0470
30.0,0.030690,0.063020,0.12450,0.23742,0.43141,0.81631,1.4408,2.3043,2.9211,3.3601,3.8174
40.0,0.018574,0.039167,0.079050,0.15508,0.29741,0.58632,1.0717,1.7766,2.3223,2.7646,3.2417
50.0,0.012513,0.026884,0.055187,0.11059,0.22179,0.44891,0.84166,1.4587,1.9702,2.3137,2.6834
60.0,0.0093357,0.020358,0.042360,0.086377,0.17947,0.37036,0.70751,1.2760,1.6873,1.9968,2.3334
70.0,0.0075267,0.016570,0.034743,0.071585,0.15272,0.31913,0.63429,1.1145,1.4864,1.7704,2.0828
80.0,0.0063516,0.014061,0.029651,0.061631,0.13437,0.28372,0.57054,1.0002,1.3421,1.6056,1.8975
90.0,0.0054657,0.012163,0.025783,0.054491,0.11997,0.26059,0.51367,0.90777,1.2239,1.4691,1.7425
100.0,0.0047537,0.010627,0.022639,0.048567,0.10787,0.23737,0.46539,0.82825,1.1215,1.3502,1.6063
110.0,0.0041719,0.0093626,0.020037,0.043481,0.097130,0.21346,0.42014,0.75066,1.0187,1.2285,1.4640
120.0,0.0036873,0.0083048,0.017851,0.039150,0.089380,0.19303,0.38125,0.68361,0.92959,1.1227,1.3399
130.0,0.0032134,0.0072728,0.015715,0.034856,0.079832,0.17301,0.34339,0.61871,0.84385,1.0212,1.2215
140.0,0.0028202,0.0064147,0.013927,0.031226,0.071600,0.15590,0.31075,0.56216,0.76861,0.93178,1.1165
150.0,0.0024769,0.0056606,0.012346,0.028008,0.064197,0.14043,0.28106,0.51042,0.69966,0.84968,1.0199
175.0,0.0018252,0.0042105,0.0092787,0.021522,0.049445,0.10919,0.22097,0.40563,0.55909,0.68162,0.82177
200.0,0.0013757,0.0032030,0.0071256,0.016737,0.038807,0.086397,0.17679,0.32804,0.45417,0.55559,0.67123
250.0,0.00082060,0.0019576,0.0044377,0.010615,0.025036,0.056628,0.11829,0.22358,0.31176,0.38271,0.46478
300.0,0.00052316,0.0012676,0.0029238,0.0072823,0.017499,0.040222,0.085494,0.16367,0.22916,0.28209,0.33536
350.0,0.00034700,0.00085496,0.0020048,0.0051714,0.012645,0.029509,0.063687,0.12354,0.17358,0.21008,0.25048
400.0,0.00023742,0.00059480,0.0014180,0.0037715,0.0093750,0.022204,0.048612,0.095534,0.13299,0.16072,0.19202
450.0,0.00016875,0.00043358,0.0010616,0.0027812,0.0070702,0.016971,0.037648,0.074839,0.10309,0.12492,0.15006
500.0,0.00012211,0.00032100,0.00080495,0.0020787,0.0054247,0.013193,0.029638,0.059236,0.081369,0.098812,0.11881
600.0,6.3882e-05,0.00017613,0.00046149,0.0012205,0.0032512,0.0081717,0.018916,0.037803,0.052457,0.063888,0.077198
700.0,3.6888e-05,0.00010492,0.00028632,0.00076927,0.0020923,0.0053908,0.012706,0.025405,0.035585,0.043764,0.053141
800.0,2.1967e-05,6.4831e-05,0.00018248,0.00050762,0.0013697,0.0036443,0.0087811,0.017751,0.025114,0.031229,0.038745
1000.0,8.4816e-06,2.6509e-05,7.9109e-05,0.00023503,0.00066377,0.0018074,0.0045302,0.0097618,0.014187,0.017832,0.022142
1200.0,3.5020e-06,1.1608e-05,3.6555e-05,0.00011518,0.00034937,0.00099610,0.0025372,0.0055882,0.0081963,0.010353,0.012901
1500.0,1.0078e-06,3.5379e-06,1.1737e-05,4.0764e-05,0.00013255,0.00040277,0.0010733,0.0024453,0.0036414,0.0046327,0.0057970
SA0P05
r\m,4.0,4.5,5.0,5.5,6.0,6.5,7.0,7.5,7.8,8.0,8.2
0.0,0.84911,1.3835,2.1058,2.9704,3.8906,4.8620,5.8754,6.1959,6.5002,6.6564,6.7326
1.0,0.70219,1.1777,1.8486,2.6887,3.6294,4.6401,5.6613,6.2205,6.5235,6.6729,6.7405
5.0,0.35015,0.65270,1.1286,1.7959,2.6311,3.5867,4.5680,5.3784,5.7303,5.9119,6.0260
10.0,0.18656,0.34150,0.61523,1.0452,1.6423,2.4064,3.5709,4.7635,4.9097,5.1054,5.0941
15.0,0.099160,0.18940,0.35551,0.63445,1.0619,1.6919,2.7208,3.9146,4.4994,4.5762,4.6803
20.0,0.060746,0.12081,0.23358,0.43159,0.75222,1.2905,2.1576,3.2334,3.9343,4.2520,4.3305
25.0,0.041224,0.084094,0.16572,0.31310,0.56100,1.0191,1.7577,2.7264,3.3812,3.8287,4.0428
30.0,0.030061,0.062498,0.12498,0.24042,0.43966,0.83436,1.4712,2.3405,2.9498,3.3757,3.8124
40.0,0.018316,0.039080,0.079806,0.15784,0.30466,0.60212,1.0986,1.8096,2.3504,2.7816,3.2398
50.0,0.012406,0.026956,0.055967,0.11302,0.22813,0.46275,0.86539,1.4891,1.9973,2.3320,2.6870
60.0,0.0092917,0.020482,0.043085,0.088487,0.18507,0.38273,0.72894,1.3043,1.7128,2.0149,2.3384
70.0,0.0075369,0.016763,0.035522,0.073684,0.15817,0.33110,0.65580,1.1434,1.5146,1.7936,2.0962
80.0,0.0063953,0.014296,0.030455,0.063700,0.13970,0.29538,0.59188,1.0298,1.3728,1.6332,1.9176
90.0,0.0055304,0.012421,0.026593,0.056535,0.12514,0.27213,0.53447,0.93752,1.2562,1.4998,1.7675
100.0,0.0048315,0.010895,0.023436,0.050557,0.11284,0.24855,0.48550,0.85775,1.1546,1.3828,1.6349
110.0,0.0042574,0.0096331,0.020810,0.045401,0.10189,0.22410,0.43945,0.77964,1.0522,1.2626,1.4958
120.0,0.0037769,0.0085722,0.018595,0.040989,0.093989,0.20311,0.39970,0.71180,0.96294,1.1575,1.3738
130.0,0.0033017,0.0075263,0.016406,0.036564,0.084084,0.18231,0.36057,0.64535,0.87594,1.0553,1.2555
140.0,0.0029062,0.0066550,0.014572,0.032820,0.075534,0.16452,0.32675,0.58724,0.79920,0.96473,1.1500
150.0,0.0025594,0.0058861,0.012943,0.029489,0.067819,0.14837,0.29587,0.53388,0.72859,0.88122,1.0525
175.0,0.0018977,0.0043999,0.0097678,0.022739,0.052386,0.11567,0.23318,0.42530,0.58390,0.70927,0.85126
200.0,0.0014376,0.0033605,0.0075255,0.017727,0.041203,0.091702,0.18686,0.34447,0.47524,0.57945,0.69714
250.0,0.00086296,0.0020639,0.0047032,0.011267,0.026620,0.060168,0.12507,0.23477,0.32636,0.39947,0.48342
300.0,0.00055283,0.0013401,0.0031034,0.0077334,0.018600,0.042700,0.090250,0.17147,0.23938,0.29387,0.34827
350.0,0.00036778,0.00090505,0.0021281,0.0054870,0.013418,0.031255,0.067021,0.12893,0.18062,0.21807,0.25920
400.0,0.00025208,0.00062975,0.0015038,0.0039941,0.0099225,0.023437,0.050934,0.099213,0.13768,0.16597,0.19765
450.0,0.00017947,0.00045918,0.0011250,0.0029387,0.0074615,0.017847,0.039271,0.077311,0.10614,0.12826,0.15357
500.0,0.00012995,0.00033973,0.00085169,0.0021899,0.0057051,0.013817,0.030763,0.060854,0.083278,0.10080,0.12075
600.0,6.7930e-05,0.00018603,0.00048624,0.0012782,0.0033945,0.0084836,0.019441,0.038417,0.053074,0.064444,0.077506
700.0,3.9153e-05,0.00011027,0.00030017,0.00080048,0.0021678,0.0055455,0.012938,0.025553,0.035617,0.043641,0.052739
800.0,2.3213e-05,6.7843e-05,0.00019018,0.00052468,0.0014078,0.0037172,0.0088480,0.017666,0.024975,0.031229,0.038745
1000.0,8.8943e-06,2.7469e-05,8.1493e-05,0.00023987,0.00067256,0.0018123,0.0045302,0.0097618,0.014187,0.017832,0.022142
1200.0,3.6414e-06,1.1913e-05,3.7267e-05,0.00011625,0.00034937,0.00099610,0.0025372,0.0055882,0.0081963,0.010353,0.012901
1500.0,1.0403e-06,3.5962e-06,1.1823e-05,4.0764e-05,0.00013255,0.00040277,0.0010733,0.0024453,0.0036414,0.0046327,0.0057970
SA0P075
r\m,4.0,4.5,5.0,5.5,6.0,6.5,7.0,7.5,7.8,8.0,8.2
0.0,0.69808,1.1697,1.8232,2.6215,3.4853,4.3877,5.3071,5.5757,5.8145,5.9196,5.9532
1.0,0.57796,0.99894,1.6089,2.3879,3.2733,4.2143,5.1404,5.6156,5.8500,5.9471,5.9704
5.0,0.28349,0.54647,0.97513,1.5929,2.3795,3.2721,4.1621,4.8609,5.1368,5.2638,5.3289
10.0,0.14913,0.28460,0.53075,0.92792,1.4881,2.2015,3.2572,4.2970,4.3916,4.5325,4.4947
15.0,0.080452,0.15991,0.31033,0.56919,0.97065,1.5594,2.4978,3.5460,4.0234,4.0616,4.1216
20.0,0.049952,0.10311,0.20594,0.39063,0.69285,1.1970,1.9913,2.9404,3.5239,3.7695,3.8078
25.0,0.034221,0.072374,0.14735,0.28562,0.52050,0.95105,1.6301,2.4879,3.0362,3.3961,3.5499
30.0,0.025150,0.054159,0.11188,0.22068,0.41026,0.78237,1.3700,2.1424,2.6551,2.9996,3.3428
40.0,0.015515,0.034256,0.072229,0.14635,0.28703,0.56909,1.0297,1.6651,2.1240,2.4777,2.8433
50.0,0.010620,0.023861,0.051123,0.10568,0.21665,0.44027,0.81579,1.3763,1.8105,2.0848,2.3678
60.0,0.0080260,0.018278,0.039650,0.083270,0.17683,0.36607,0.69010,1.2087,1.5571,1.8056,2.0644
70.0,0.0066059,0.015165,0.033117,0.070181,0.15285,0.32000,0.62675,1.0702,1.3911,1.6241,1.8701
80.0,0.0056886,0.013114,0.028774,0.061430,0.13659,0.28865,0.57173,0.97429,1.2748,1.4952,1.7296
90.0,0.0049836,0.011534,0.025420,0.055137,0.12361,0.26852,0.52119,0.89548,1.1779,1.3865,1.6099
100.0,0.0044061,0.010231,0.022642,0.049812,0.11251,0.24742,0.47754,0.82649,1.0923,1.2901,1.5029
110.0,0.0039260,0.0091401,0.020304,0.045162,0.10250,0.22505,0.43611,0.75831,1.0054,1.1902,1.3897
120.0,0.0035192,0.0082120,0.018308,0.041134,0.095363,0.20562,0.39992,0.69832,0.92859,1.1016,1.2890
130.0,0.0031057,0.0072727,0.016284,0.036972,0.085907,0.18582,0.36324,0.63764,0.85109,1.0122,1.1875
140.0,0.0027570,0.0064807,0.014567,0.033410,0.077644,0.16867,0.33109,0.58374,0.78151,0.93148,1.0953
150.0,0.0024479,0.0057744,0.013027,0.030213,0.070118,0.15295,0.30148,0.53375,0.71685,0.85630,1.0091
175.0,0.0018495,0.0043900,0.0099843,0.023634,0.054879,0.12079,0.24061,0.43065,0.58239,0.69916,0.82846
200.0,0.0014252,0.0034040,0.0077981,0.018651,0.043664,0.096848,0.19491,0.35259,0.47956,0.57830,0.68743
250.0,0.00087919,0.0021415,0.0049789,0.012077,0.028698,0.064605,0.13250,0.24401,0.33490,0.40589,0.48595
300.0,0.00057617,0.0014172,0.0033398,0.0084087,0.020304,0.046372,0.096570,0.17990,0.24818,0.30193,0.35452
350.0,0.00039052,0.00097173,0.0023188,0.0060288,0.014775,0.034195,0.072143,0.13596,0.18832,0.22554,0.26575
400.0,0.00027185,0.00068434,0.0016542,0.0044210,0.010987,0.025745,0.054961,0.10478,0.14382,0.17204,0.20310
450.0,0.00019650,0.00050488,0.0012488,0.0032700,0.0082941,0.019653,0.042417,0.081613,0.11084,0.13287,0.15778
500.0,0.00014402,0.00037693,0.00095180,0.0024444,0.0063538,0.015221,0.033193,0.064102,0.086746,0.10411,0.12360
600.0,7.6806e-05,0.00020962,0.00054890,0.0014339,0.0037853,0.0093273,0.020876,0.040185,0.054849,0.066077,0.078627
700.0,4.4835e-05,0.00012497,0.00034021,0.00089769,0.0024090,0.0060556,0.013786,0.026460,0.036403,0.044188,0.052812
800.0,2.6743e-05,7.7208e-05,0.00021555,0.00058666,0.0015543,0.0040274,0.0093104,0.018042,0.025060,0.031229,0.038745
1000.0,1.0328e-05,3.1282e-05,9.1893e-05,0.00026555,0.00073173,0.0019202,0.0045302,0.0097618,0.014187,0.017832,0.022142
1200.0,4.2313e-06,1.3505e-05,4.1675e-05,0.00012710,0.00036974,0.00099610,0.0025372,0.0055882,0.0081963,0.010353,0.012901
1500.0,1.2128e-06,4.0570e-06,1.3132e-05,4.2649e-05,0.00013255,0.00040277,0.0010733,0.0024453,0.0036414,0.0046327,0.0057970
SA0P1
r\m,4.0,4.5,5.0,5.5,6.0,6.5,7.0,7.5,7.8,8.0,8.2
0.0,0.57194,0.98207,1.5564,2.2689,3.0451,3.8457,4.6386,4.8468,5.0201,5.0832,5.0899
1.0,0.47329,0.84086,1.3795,2.0774,2.8736,3.7086,4.5069,4.8890,5.0558,5.1104,5.1060
5.0,0.22596,0.45020,0.82485,1.3777,2.0866,2.8812,3.6508,4.2280,4.4309,4.5130,4.5447
10.0,0.11689,0.23233,0.44628,0.79992,1.3049,1.9439,2.8588,3.7276,3.7786,3.8748,3.8240
15.0,0.063724,0.13170,0.26306,0.49422,0.85634,1.3841,2.2015,3.0822,3.4559,3.4669,3.4970
20.0,0.039938,0.085549,0.17577,0.34122,0.61425,1.0664,1.7603,2.5611,3.0276,3.2114,3.2241
25.0,0.027525,0.060355,0.12645,0.25087,0.46377,0.85029,1.4454,2.1711,2.6120,2.8926,3.0009
30.0,0.020332,0.045366,0.096441,0.19463,0.36690,0.70134,1.2178,1.8732,2.2873,2.5573,2.8215
40.0,0.012644,0.028911,0.062738,0.12999,0.25830,0.51248,0.91884,1.4608,1.8341,2.1153,2.4008
50.0,0.0087177,0.020277,0.044700,0.094430,0.19602,0.39806,0.73060,1.2112,1.5669,1.7846,2.0054
60.0,0.0066357,0.015635,0.034885,0.074817,0.16078,0.33227,0.61993,1.0656,1.3503,1.5483,1.7509
70.0,0.0055272,0.013121,0.029457,0.063707,0.14033,0.29307,0.56763,0.95164,1.2169,1.4047,1.5997
80.0,0.0048215,0.011490,0.025907,0.056417,0.12681,0.26715,0.52301,0.87494,1.1258,1.3052,1.4928
90.0,0.0042718,0.010216,0.023131,0.051170,0.11588,0.25080,0.48103,0.81117,1.0491,1.2206,1.4008
100.0,0.0038167,0.0091549,0.020807,0.046678,0.10643,0.23307,0.44441,0.75480,0.98077,1.1447,1.3179
110.0,0.0034345,0.0082567,0.018831,0.042712,0.097822,0.21384,0.40939,0.69869,0.91089,1.0657,1.2298
120.0,0.0031075,0.0074852,0.017128,0.039240,0.091779,0.19697,0.37848,0.64879,0.84847,0.99484,1.1506
130.0,0.0027672,0.0066861,0.015359,0.035553,0.083303,0.17931,0.34627,0.59676,0.78341,0.92088,1.0678
140.0,0.0024755,0.0060018,0.013836,0.032347,0.075769,0.16377,0.31759,0.54971,0.72392,0.85284,0.99116
150.0,0.0022147,0.0053863,0.012458,0.029447,0.068851,0.14942,0.29094,0.50572,0.66817,0.78897,0.91899
175.0,0.0017035,0.0041648,0.0097031,0.023393,0.054680,0.11971,0.23552,0.41385,0.55079,0.65375,0.76580
200.0,0.0013351,0.0032807,0.0076922,0.018721,0.044094,0.097269,0.19327,0.34318,0.45959,0.54814,0.64437
250.0,0.00084853,0.0021216,0.0050399,0.012416,0.029651,0.066351,0.13424,0.24267,0.32826,0.39378,0.46656
300.0,0.00057059,0.0014376,0.0034554,0.0088240,0.021381,0.048491,0.099515,0.18194,0.24757,0.29828,0.34706
350.0,0.00039568,0.0010062,0.0024440,0.0064361,0.015804,0.036284,0.075366,0.13933,0.19047,0.22611,0.26412
400.0,0.00028111,0.00072142,0.0017715,0.0047881,0.011904,0.027641,0.058036,0.10845,0.14702,0.17440,0.20418
450.0,0.00020732,0.00054166,0.0013581,0.0035849,0.0090859,0.021312,0.045191,0.085163,0.11427,0.13587,0.16002
500.0,0.00015467,0.00041057,0.0010487,0.0027070,0.0070239,0.016638,0.035609,0.067303,0.089983,0.10710,0.12609
600.0,8.5228e-05,0.00023485,0.00061934,0.0016181,0.0042494,0.010325,0.022624,0.042548,0.057354,0.068554,0.080822
700.0,5.0942e-05,0.00014262,0.00039001,0.0010250,0.0027285,0.0067460,0.015019,0.028104,0.038160,0.045907,0.054336
800.0,3.0941e-05,8.9467e-05,0.00025001,0.00067552,0.0017696,0.0045037,0.010142,0.019130,0.026210,0.031639,0.038745
1000.0,1.2293e-05,3.7030e-05,0.00010823,0.00030874,0.00083727,0.0021432,0.0048735,0.0097618,0.014187,0.017832,0.022142
1200.0,5.1345e-06,1.6199e-05,4.9508e-05,0.00014828,0.00042188,0.0010884,0.0025372,0.0055882,0.0081963,0.010353,0.012901
1500.0,1.5060e-06,4.9369e-06,1.5769e-05,4.9926e-05,0.00014970,0.00041226,0.0010733,0.0024453,0.0036414,0.0046327,0.0057970
SA0P15
r\m,4.0,4.5,5.0,5.5,6.0,6.5,7.0,7.5,7.8,8.0,8.2
0.0,0.40326,0.73361,1.1944,1.7751,2.4085,3.0475,3.6499,3.7772,3.8700,3.8879,3.8714
1.0,0.33298,0.63038,1.0655,1.6370,2.2870,2.9524,3.5582,3.8149,3.8996,3.9092,3.8819
5.0,0.15090,0.32374,0.62024,1.0717,1.6524,2.2892,2.8782,3.2896,3.4040,3.4374,3.4379
10.0,0.075793,0.16407,0.33121,0.61685,1.0318,1.5512,2.2548,2.8865,2.8908,2.9382,2.8819
15.0,0.041866,0.094024,0.19720,0.38454,0.68224,1.1116,1.7448,2.3906,2.6347,2.6208,2.6234
20.0,0.026551,0.061626,0.13286,0.26744,0.49215,0.85968,1.3995,1.9903,2.3070,2.4194,2.4104
25.0,0.018423,0.043727,0.096212,0.19798,0.37388,0.68809,1.1530,1.6905,1.9926,2.1775,2.2378
30.0,0.013691,0.033035,0.073766,0.15436,0.29704,0.56898,0.97396,1.4617,1.7474,1.9269,2.0992
40.0,0.0085958,0.021241,0.048436,0.10399,0.21064,0.41767,0.73787,1.1443,1.4051,1.5961,1.7867
50.0,0.0059792,0.015026,0.034801,0.076136,0.16090,0.32580,0.58914,0.95246,1.2036,1.3512,1.4985
60.0,0.0045955,0.011693,0.027398,0.060795,0.13287,0.27330,0.50181,0.83972,1.0399,1.1748,1.3106
70.0,0.0038924,0.0099717,0.023500,0.052542,0.11761,0.24420,0.46492,0.75926,0.94854,1.0786,1.2115
80.0,0.0034605,0.0088979,0.021055,0.047371,0.10812,0.22625,0.43490,0.70823,0.88964,1.0154,1.1446
90.0,0.0031167,0.0080413,0.019101,0.043660,0.10030,0.21538,0.40541,0.66506,0.83921,0.96080,1.0862
100.0,0.0028281,0.0073169,0.017441,0.040429,0.093427,0.20283,0.37934,0.62644,0.79380,0.91135,1.0331
110.0,0.0025824,0.0066953,0.016010,0.037532,0.087076,0.18864,0.35417,0.58768,0.74705,0.85954,0.97649
120.0,0.0023693,0.0061539,0.014759,0.034956,0.082802,0.17601,0.33163,0.55271,0.70468,0.81249,0.92491
130.0,0.0021393,0.0055720,0.013410,0.032090,0.076103,0.16219,0.30702,0.51427,0.65800,0.76039,0.86756
140.0,0.0019362,0.0050588,0.012214,0.029517,0.069939,0.14965,0.28441,0.47839,0.61396,0.71098,0.81289
150.0,0.0017526,0.0045918,0.011120,0.027167,0.064212,0.13792,0.26316,0.44446,0.57223,0.66410,0.76090
175.0,0.0013857,0.0036475,0.0088908,0.022146,0.052269,0.11322,0.21817,0.37230,0.48278,0.56311,0.64863
200.0,0.0011156,0.0029488,0.0072270,0.018155,0.043146,0.094137,0.18308,0.31550,0.41178,0.48263,0.55801
250.0,0.00074541,0.0019999,0.0049575,0.012580,0.030268,0.066918,0.13232,0.23205,0.30611,0.36107,0.42083
300.0,0.00052398,0.0014142,0.0035403,0.0093020,0.022657,0.050675,0.10147,0.17989,0.23887,0.28312,0.32459
350.0,0.00037858,0.0010289,0.0025971,0.0070268,0.017304,0.039118,0.079162,0.14181,0.18929,0.22132,0.25482
400.0,0.00027937,0.00076430,0.0019454,0.0053936,0.013418,0.030628,0.062563,0.11317,0.14993,0.17526,0.20236
450.0,0.00021407,0.00059443,0.0015403,0.0041519,0.010512,0.024203,0.049860,0.090864,0.11924,0.13975,0.16234
500.0,0.00016540,0.00046519,0.0012245,0.0032138,0.0083178,0.019311,0.040093,0.073210,0.095755,0.11235,0.13047
600.0,9.7640e-05,0.00028309,0.00076478,0.0020164,0.0052527,0.012458,0.026378,0.047808,0.063024,0.074302,0.086343
700.0,6.1510e-05,0.00018013,0.00050214,0.0013232,0.0034791,0.0083660,0.017963,0.032299,0.042850,0.050772,0.059191
800.0,3.9103e-05,0.00011764,0.00033345,0.00089852,0.0023130,0.0057121,0.012338,0.022295,0.029814,0.035406,0.042028
1000.0,1.6758e-05,5.1974e-05,0.00015262,0.00042976,0.0011367,0.0027934,0.0060399,0.011198,0.015231,0.018319,0.022142
1200.0,7.4349e-06,2.3902e-05,7.2778e-05,0.00021312,0.00058509,0.0014362,0.0031409,0.0060034,0.0083084,0.010353,0.012901
1500.0,2.3436e-06,7.7220e-06,2.4378e-05,7.4424e-05,0.00021344,0.00055452,0.0012577,0.0025042,0.0036414,0.0046327,0.0057970
SA0P2
r\m,4.0,4.5,5.0,5.5,6.0,6.5,7.0,7.5,7.8,8.0,8.2
0.0,0.29478,0.57631,0.96957,1.4674,2.0074,2.5425,3.0289,3.1144,3.1683,3.1675,3.1446
1.0,0.24288,0.49637,0.86879,1.3597,1.9133,2.4692,2.9579,3.1469,3.1926,3.1841,3.1512
5.0,0.10571,0.24677,0.49510,0.88067,1.3757,1.9096,2.3880,2.7067,2.7782,2.7909,2.7807
10.0,0.051948,0.12331,0.26158,0.50304,0.85753,1.2979,1.8711,2.3668,2.3526,2.3785,2.3252
15.0,0.028920,0.071109,0.15665,0.31524,0.56952,0.93354,1.4517,1.9612,2.1384,2.1166,2.1099
20.0,0.018469,0.046849,0.10605,0.22015,0.41209,0.72327,1.1661,1.6342,1.8712,1.9493,1.9340
25.0,0.012863,0.033341,0.077073,0.16363,0.31417,0.57998,0.96238,1.3893,1.6170,1.7531,1.7926
30.0,0.0095912,0.025258,0.059265,0.12794,0.25018,0.48008,0.81404,1.2026,1.4190,1.5521,1.6790
40.0,0.0060534,0.016321,0.039121,0.086618,0.17810,0.35313,0.61793,0.94352,1.1428,1.2866,1.4293
50.0,0.0042323,0.011602,0.028247,0.063706,0.13654,0.27603,0.49446,0.78705,0.98033,1.0915,1.2017
60.0,0.0032725,0.0090811,0.022363,0.051124,0.11322,0.23222,0.42208,0.69469,0.84831,0.95019,1.0521
70.0,0.0028017,0.0078250,0.019377,0.044615,0.10115,0.20926,0.39404,0.63314,0.77973,0.87893,0.97956
80.0,0.0025221,0.0070708,0.017579,0.040719,0.094090,0.19601,0.37235,0.59620,0.73775,0.83427,0.93262
90.0,0.0022963,0.0064597,0.016119,0.037941,0.088182,0.18838,0.35024,0.56459,0.70140,0.79528,0.89128
100.0,0.0021051,0.0059384,0.014868,0.035496,0.082939,0.17901,0.33055,0.53611,0.66849,0.75981,0.85356
110.0,0.0019410,0.0054874,0.013781,0.033284,0.078053,0.16805,0.31145,0.50745,0.63457,0.72264,0.81336
120.0,0.0017975,0.0050912,0.012822,0.031296,0.074923,0.15821,0.29418,0.48136,0.60356,0.68863,0.77648
130.0,0.0016384,0.0046534,0.011759,0.029001,0.069484,0.14706,0.27463,0.45145,0.56784,0.64914,0.73338
140.0,0.0014945,0.0042577,0.010793,0.026882,0.064326,0.13666,0.25619,0.42278,0.53329,0.61081,0.69139
150.0,0.0013635,0.0038951,0.0099022,0.024936,0.059497,0.12687,0.23872,0.39549,0.50034,0.57422,0.65123
175.0,0.0010985,0.0031531,0.0080658,0.020710,0.049308,0.10600,0.20133,0.33678,0.42895,0.49457,0.56361
200.0,0.00090113,0.0025967,0.0066766,0.017283,0.041413,0.089646,0.17174,0.28991,0.37157,0.43040,0.49227
250.0,0.00062429,0.0018241,0.0047406,0.012385,0.030018,0.065775,0.12795,0.21965,0.28450,0.33163,0.38224
300.0,0.00045343,0.0013323,0.0034945,0.0094512,0.023153,0.051250,0.10082,0.17488,0.22800,0.26704,0.30302
350.0,0.00033797,0.00099927,0.0026400,0.0073492,0.018174,0.040607,0.080647,0.14126,0.18514,0.21403,0.24389
400.0,0.00025692,0.00076392,0.0020324,0.0057945,0.014453,0.032571,0.065231,0.11527,0.15001,0.17342,0.19824
450.0,0.00020295,0.00061160,0.0016537,0.0045715,0.011592,0.026324,0.053119,0.094504,0.12188,0.14129,0.16248
500.0,0.00016137,0.00049179,0.0013486,0.0036205,0.0093755,0.021447,0.043572,0.077627,0.099803,0.11584,0.13321
600.0,0.00010102,0.00031601,0.00088642,0.0023789,0.0061760,0.014390,0.029736,0.052498,0.068015,0.079347,0.091282
700.0,6.6680e-05,0.00021018,0.00060610,0.0016188,0.0042297,0.0099709,0.020861,0.036475,0.047530,0.055681,0.064239
800.0,4.4268e-05,0.00014278,0.00041750,0.0011361,0.0028962,0.0069996,0.014684,0.025742,0.033783,0.039640,0.046538
1000.0,2.0460e-05,6.7596e-05,0.00020348,0.00057427,0.0014963,0.0035732,0.0074566,0.013343,0.017777,0.021100,0.024788
1200.0,9.6928e-06,3.2954e-05,0.00010221,0.00029782,0.00079915,0.0018936,0.0039809,0.0073128,0.0098994,0.011879,0.014017
1500.0,3.3125e-06,1.1437e-05,3.6540e-05,0.00010981,0.00030550,0.00076008,0.0016438,0.0031259,0.0043312,0.0052584,0.0062714
SA0P25
r\m,4.0,4.5,5.0,5.5,6.0,6.5,7.0,7.5,7.8,8.0,8.2
0.0,0.21968,0.46237,0.81016,1.2540,1.7331,2.2009,2.6142,2.6778,2.7118,2.7030,2.6790
1.0,0.18068,0.39887,0.72819,1.1658,1.6560,2.1407,2.5555,2.7063,2.7322,2.7163,2.6831
5.0,0.076292,0.19352,0.40839,0.74889,1.1860,1.6517,2.0599,2.3232,2.3723,2.3755,2.3617
10.0,0.036900,0.095688,0.21402,0.42525,0.73822,1.1251,1.6140,2.0264,2.0047,2.0203,1.9714
15.0,0.020649,0.055403,0.12865,0.26739,0.49166,0.81112,1.2543,1.6794,1.8186,1.7948,1.7850
20.0,0.013248,0.036623,0.087362,0.18723,0.35641,0.62904,1.0084,1.4000,1.5905,1.6502,1.6335
25.0,0.0092477,0.026110,0.063635,0.13952,0.27234,0.50494,0.83306,1.1908,1.3748,1.4833,1.5123
30.0,0.0069101,0.019814,0.049021,0.10927,0.21716,0.41817,0.70519,1.0315,1.2070,1.3136,1.4151
40.0,0.0043758,0.012843,0.032469,0.074216,0.15497,0.30793,0.53589,0.81033,0.97292,1.0894,1.2047
50.0,0.0030694,0.0091583,0.023518,0.054746,0.11907,0.24097,0.42937,0.67690,0.83542,0.92539,1.0145
60.0,0.0023830,0.0071964,0.018689,0.044083,0.099012,0.20310,0.36703,0.59788,0.72362,0.80629,0.88891
70.0,0.0020551,0.0062452,0.016306,0.038726,0.089011,0.18407,0.34442,0.54785,0.66856,0.74955,0.83155
80.0,0.0018662,0.0056929,0.014923,0.035649,0.083489,0.17375,0.32775,0.51924,0.63633,0.71542,0.79578
90.0,0.0017118,0.0052402,0.013787,0.033473,0.078813,0.16809,0.31022,0.49455,0.60820,0.68540,0.76409
100.0,0.0015805,0.0048520,0.012808,0.031545,0.074637,0.16075,0.29454,0.47222,0.58266,0.65802,0.73511
110.0,0.0014671,0.0045143,0.011952,0.029789,0.070723,0.15191,0.27930,0.44975,0.55635,0.62940,0.70432
120.0,0.0013675,0.0042161,0.011193,0.028199,0.068343,0.14393,0.26544,0.42917,0.53219,0.60308,0.67595
130.0,0.0012547,0.0038794,0.010333,0.026309,0.063794,0.13461,0.24927,0.40474,0.50330,0.57132,0.64144
140.0,0.0011509,0.0035690,0.0095356,0.024522,0.059369,0.12574,0.23369,0.38083,0.47482,0.53992,0.60724
150.0,0.0010558,0.0032832,0.0087973,0.022874,0.055207,0.11734,0.21886,0.35797,0.44753,0.50984,0.57442
175.0,0.00086199,0.0026937,0.0072622,0.019255,0.046352,0.099298,0.18686,0.30843,0.38802,0.44392,0.50236
200.0,0.00071656,0.0022482,0.0060912,0.016281,0.039429,0.085028,0.16131,0.26852,0.33984,0.39050,0.44343
250.0,0.00050963,0.0016203,0.0044368,0.011965,0.029289,0.063880,0.12293,0.20795,0.26586,0.30735,0.35157
300.0,0.00037913,0.0012125,0.0033496,0.0093525,0.023115,0.050870,0.098885,0.16894,0.21736,0.25242,0.28440
350.0,0.00028924,0.00093059,0.0025883,0.0074384,0.018538,0.041139,0.080668,0.13908,0.17986,0.20623,0.23328
400.0,0.00022488,0.00072735,0.0020358,0.0059915,0.015046,0.033646,0.066480,0.11556,0.14840,0.17017,0.19313
450.0,0.00018182,0.00059564,0.0016926,0.0048221,0.012301,0.027699,0.055108,0.096396,0.12271,0.14111,0.16108
500.0,0.00014784,0.00048940,0.0014090,0.0038921,0.010132,0.022968,0.045975,0.080498,0.10216,0.11765,0.13432
600.0,9.7008e-05,0.00032868,0.00096625,0.0026595,0.0069214,0.015946,0.032405,0.056163,0.071818,0.083130,0.094960
700.0,6.6534e-05,0.00022694,0.00068405,0.0018687,0.0048850,0.011372,0.023370,0.040072,0.051521,0.059855,0.068555
800.0,4.5837e-05,0.00015953,0.00048679,0.0013515,0.0034389,0.0081976,0.016859,0.028938,0.037446,0.043558,0.050725
1000.0,2.2642e-05,8.0388e-05,0.00025151,0.00072046,0.0018672,0.0043771,0.0089158,0.015562,0.020408,0.023985,0.027919
1200.0,1.1398e-05,4.1429e-05,0.00013297,0.00039117,0.0010383,0.0024040,0.0049153,0.0087738,0.011673,0.013854,0.016176
1500.0,4.2084e-06,1.5437e-05,5.0774e-05,0.00015287,0.00041825,0.0010103,0.0021111,0.0038782,0.0052700,0.0063190,0.0074467
SA0P3
r\m,4.0,4.5,5.0,5.5,6.0,6.5,7.0,7.5,7.8,8.0,8.2
0.0,0.16652,0.37459,0.68601,1.0910,1.5287,1.9517,2.3174,2.3698,2.3931,2.3809,2.3577
1.0,0.13676,0.32352,0.61799,1.0166,1.4632,1.9002,2.2669,2.3951,2.4108,2.3921,2.3604
5.0,0.056432,0.15407,0.34238,0.64896,1.0447,1.4635,1.8248,2.0530,2.0897,2.0884,2.0738
10.0,0.026972,0.075576,0.17832,0.36682,0.64951,0.99838,1.4298,1.7874,1.7633,1.7735,1.7289
15.0,0.015148,0.043883,0.10747,0.23119,0.43342,0.72097,1.1124,1.4814,1.5973,1.5736,1.5629
20.0,0.0097508,0.029075,0.073135,0.16218,0.31459,0.55947,0.89477,1.2352,1.3963,1.4450,1.4286
25.0,0.0068172,0.020754,0.053355,0.12107,0.24075,0.44939,0.73968,1.0511,1.2071,1.2984,1.3215
30.0,0.0051015,0.015768,0.041152,0.094933,0.19215,0.37226,0.62645,0.91083,1.0601,1.1500,1.2357
40.0,0.0032379,0.010242,0.027321,0.064617,0.13734,0.27429,0.47638,0.71618,0.85502,0.95401,1.0520
50.0,0.0022765,0.0073199,0.019833,0.047763,0.10568,0.21479,0.38201,0.59882,0.73467,0.81118,0.88698
60.0,0.0017726,0.0057680,0.015804,0.038553,0.088050,0.18126,0.32684,0.52916,0.63678,0.70718,0.77757
70.0,0.0015368,0.0050313,0.013858,0.034032,0.079518,0.16496,0.30784,0.48675,0.59048,0.65974,0.72987
80.0,0.0014043,0.0046158,0.012764,0.031525,0.075038,0.15658,0.29444,0.46348,0.56439,0.63218,0.70101
90.0,0.0012952,0.0042722,0.011857,0.029767,0.071209,0.15222,0.27996,0.44327,0.54149,0.60781,0.67533
100.0,0.0012020,0.0039765,0.011072,0.028202,0.067775,0.14625,0.26696,0.42496,0.52066,0.58555,0.65183
110.0,0.0011213,0.0037184,0.010384,0.026771,0.064546,0.13887,0.25433,0.40654,0.49926,0.56235,0.62695
120.0,0.0010501,0.0034895,0.0097710,0.025470,0.062682,0.13219,0.24280,0.38962,0.47953,0.54095,0.60397
130.0,0.00096824,0.0032267,0.0090641,0.023882,0.058792,0.12421,0.22900,0.36893,0.45520,0.51429,0.57506
140.0,0.00089162,0.0029804,0.0083983,0.022350,0.054928,0.11646,0.21546,0.34832,0.43085,0.48754,0.54602
150.0,0.00082130,0.0027530,0.0077797,0.020935,0.051279,0.10910,0.20254,0.32858,0.40744,0.46185,0.51809
175.0,0.00067711,0.0022812,0.0064861,0.017801,0.043474,0.093201,0.17451,0.28555,0.35616,0.40532,0.45651
200.0,0.00056841,0.0019228,0.0054941,0.015199,0.037336,0.080553,0.15200,0.25068,0.31447,0.35934,0.40607
250.0,0.00041226,0.0014128,0.0040795,0.011386,0.028256,0.061612,0.11782,0.19736,0.24998,0.28733,0.32693
300.0,0.00031228,0.0010768,0.0031366,0.0090665,0.022699,0.049894,0.096295,0.16284,0.20750,0.23951,0.26850
350.0,0.00024249,0.00084119,0.0024665,0.0073390,0.018512,0.040999,0.079768,0.13605,0.17423,0.19858,0.22347
400.0,0.00019181,0.00066886,0.0019728,0.0060122,0.015269,0.034053,0.066724,0.11467,0.14582,0.16622,0.18768
450.0,0.00015791,0.00055752,0.0016684,0.0049165,0.012677,0.028455,0.056112,0.097008,0.12229,0.13981,0.15875
500.0,0.00013067,0.00046597,0.0014119,0.0040298,0.010600,0.023937,0.047468,0.082120,0.10322,0.11818,0.13423
600.0,8.9015e-05,0.00032426,0.0010021,0.0028439,0.0074622,0.017101,0.034378,0.058829,0.074496,0.085731,0.097444
700.0,6.2980e-05,0.00023091,0.00073024,0.0020532,0.0054040,0.012502,0.025396,0.042970,0.054696,0.063157,0.071972
800.0,4.4745e-05,0.00016702,0.00053425,0.0015242,0.0038983,0.0092278,0.018736,0.031699,0.040590,0.046919,0.054317
1000.0,2.3390e-05,8.8828e-05,0.00029052,0.00085208,0.0022145,0.0051388,0.010304,0.017678,0.022911,0.026729,0.030906
1200.0,1.2424e-05,4.8115e-05,0.00016091,0.00048287,0.0012803,0.0029252,0.0058701,0.010268,0.013479,0.015864,0.018380
1500.0,4.9200e-06,1.9143e-05,6.5346e-05,0.00019959,0.00054312,0.0012880,0.0026287,0.0047086,0.0063001,0.0074806,0.0087350
SA0P4
r\m,4.0,4.5,5.0,5.5,6.0,6.5,7.0,7.5,7.8,8.0,8.2
0.0,0.10092,0.25138,0.50071,0.84600,1.2296,1.5999,1.9127,1.9602,1.9756,1.9627,1.9432
1.0,0.082721,0.21745,0.45246,0.79086,1.1796,1.5597,1.8726,1.9812,1.9898,1.9711,1.9442
5.0,0.033054,0.10091,0.24644,0.50036,0.83850,1.1980,1.5045,1.6947,1.7208,1.7170,1.7039
10.0,0.015544,0.048959,0.12725,0.28101,0.52043,0.81903,1.1787,1.4717,1.4491,1.4553,1.4182
15.0,0.0087722,0.028534,0.076953,0.17765,0.34817,0.59270,0.91840,1.2198,1.3101,1.2891,1.2794
20.0,0.0056710,0.018964,0.052517,0.12492,0.25311,0.46025,0.73914,1.0174,1.1446,1.1818,1.1676
25.0,0.0039730,0.013558,0.038391,0.093472,0.19409,0.36998,0.61152,0.86600,0.98961,1.0613,1.0789
30.0,0.0029788,0.010317,0.029659,0.073407,0.15509,0.30655,0.51822,0.75088,0.86940,0.94025,1.0079
40.0,0.0018965,0.0067200,0.019751,0.050107,0.11107,0.22602,0.39438,0.59105,0.70176,0.78029,0.85819
50.0,0.0013374,0.0048169,0.014380,0.037136,0.085628,0.17713,0.31658,0.49479,0.60349,0.66428,0.72467
60.0,0.0010455,0.0038102,0.011500,0.030073,0.071524,0.14971,0.27116,0.43748,0.52351,0.57955,0.63571
70.0,0.00091287,0.0033465,0.010153,0.026718,0.064986,0.13700,0.25666,0.40445,0.48778,0.54317,0.59934
80.0,0.00084129,0.0030969,0.0094325,0.024962,0.061829,0.13102,0.24715,0.38750,0.46883,0.52316,0.57838
90.0,0.00078164,0.0028878,0.0088272,0.023750,0.059092,0.12819,0.23641,0.37263,0.45204,0.50533,0.55960
100.0,0.00073047,0.0027070,0.0083011,0.022664,0.056626,0.12394,0.22674,0.35914,0.43676,0.48904,0.54242
110.0,0.00068598,0.0025486,0.0078379,0.021667,0.054298,0.11846,0.21737,0.34561,0.42114,0.47216,0.52436
120.0,0.00064654,0.0024075,0.0074236,0.020754,0.053083,0.11346,0.20877,0.33313,0.40669,0.45654,0.50764
130.0,0.00060008,0.0022412,0.0069326,0.019594,0.050118,0.10728,0.19805,0.31715,0.38798,0.43607,0.48546
140.0,0.00055558,0.0020814,0.0064584,0.018439,0.047071,0.10110,0.18726,0.30081,0.36881,0.41509,0.46275
150.0,0.00051459,0.0019334,0.0060160,0.017370,0.044183,0.095214,0.17692,0.28510,0.35032,0.39489,0.44086
175.0,0.00042986,0.0016238,0.0050840,0.014975,0.037959,0.082394,0.15432,0.25065,0.30959,0.35019,0.39233
200.0,0.00036570,0.0013874,0.0043649,0.012960,0.033030,0.072124,0.13605,0.22255,0.27633,0.31373,0.35255
250.0,0.00027247,0.0010469,0.0033287,0.0099699,0.025654,0.056551,0.10797,0.17920,0.22450,0.25626,0.28976
300.0,0.00021158,0.00081851,0.0026254,0.0081488,0.021129,0.046885,0.090224,0.15107,0.19028,0.21803,0.24297
350.0,0.00016839,0.00065548,0.0021161,0.0067637,0.017649,0.039413,0.076383,0.12890,0.16309,0.18454,0.20635
400.0,0.00013648,0.00053405,0.0017336,0.0056775,0.014900,0.033475,0.065283,0.11091,0.13933,0.15765,0.17690
450.0,0.00011527,0.00045656,0.0015025,0.0047519,0.012653,0.028588,0.056071,0.095780,0.11930,0.13539,0.15271
500.0,9.7808e-05,0.00039112,0.0013023,0.0039843,0.010816,0.024569,0.048427,0.082749,0.10277,0.11681,0.13185
600.0,7.0372e-05,0.00028674,0.00097271,0.0029514,0.0079696,0.018331,0.036558,0.061735,0.077222,0.088224,0.099686
700.0,5.2138e-05,0.00021391,0.00074048,0.0022213,0.0060064,0.013933,0.028048,0.046810,0.058841,0.067429,0.076392
800.0,3.8816e-05,0.00016164,0.00056547,0.0017179,0.0045047,0.010681,0.021467,0.035779,0.045215,0.051867,0.059606
1000.0,2.2161e-05,9.3589e-05,0.00033365,0.0010375,0.0027569,0.0063851,0.012633,0.021282,0.027169,0.031405,0.036016
1200.0,1.2835e-05,5.4992e-05,0.00019959,0.00063206,0.0017055,0.0038753,0.0076413,0.013067,0.016857,0.019624,0.022519
1500.0,5.7100e-06,2.4441e-05,9.0024e-05,0.00028819,0.00079355,0.0018591,0.0037048,0.0064418,0.0084389,0.0098880,0.011409
SA0P5
r\m,4.0,4.5,5.0,5.5,6.0,6.5,7.0,7.5,7.8,8.0,8.2
0.0,0.065417,0.17409,0.37132,0.66530,1.0086,1.3484,1.6361,1.6909,1.7071,1.6971,1.6824
1.0,0.053547,0.15075,0.33621,0.62322,0.96904,1.3155,1.6025,1.7090,1.7191,1.7040,1.6826
5.0,0.020952,0.068787,0.18110,0.39202,0.68683,1.0086,1.2859,1.4598,1.4845,1.4822,1.4724
10.0,0.0097511,0.033137,0.092995,0.21924,0.42585,0.69052,1.0075,1.2658,1.2486,1.2548,1.2243
15.0,0.0055200,0.019360,0.056364,0.13888,0.28535,0.50037,0.78564,1.0491,1.1274,1.1103,1.1030
20.0,0.0035784,0.012892,0.038536,0.097807,0.20765,0.38872,0.63252,0.87514,0.98457,1.0169,1.0057
25.0,0.0025102,0.0092269,0.028208,0.073297,0.15944,0.31262,0.52357,0.74510,0.85137,0.91293,0.92869
30.0,0.0018844,0.0070281,0.021815,0.057620,0.12749,0.25906,0.44384,0.64628,0.74812,0.80888,0.86710
40.0,0.0012021,0.0045864,0.014558,0.039405,0.091418,0.19107,0.33793,0.50906,0.60416,0.67144,0.73835
50.0,0.00084943,0.0032940,0.010619,0.029256,0.070566,0.14982,0.27143,0.42647,0.51982,0.57206,0.62407
60.0,0.00066572,0.0026121,0.0085135,0.023742,0.059040,0.12675,0.23266,0.37719,0.45116,0.49932,0.54769
70.0,0.00058391,0.0023045,0.0075488,0.021181,0.053852,0.11639,0.22089,0.34982,0.42163,0.46931,0.51777
80.0,0.00054107,0.0021446,0.0070528,0.019899,0.051507,0.11185,0.21362,0.33645,0.40665,0.45346,0.50113
90.0,0.00050508,0.0020094,0.0066319,0.019026,0.049453,0.10989,0.20512,0.32465,0.39330,0.43928,0.48615
100.0,0.00047412,0.0018923,0.0062652,0.018241,0.047596,0.10666,0.19745,0.31393,0.38115,0.42630,0.47245
110.0,0.00044714,0.0017895,0.0059415,0.017518,0.045842,0.10237,0.19003,0.30324,0.36879,0.41294,0.45816
120.0,0.00042316,0.0016976,0.0056512,0.016854,0.045010,0.098449,0.18321,0.29335,0.35734,0.40057,0.44490
130.0,0.00039443,0.0015872,0.0053004,0.015984,0.042677,0.093458,0.17446,0.28022,0.34196,0.38372,0.42662
140.0,0.00036644,0.0014793,0.0049552,0.015095,0.040219,0.088367,0.16547,0.26655,0.32594,0.36619,0.40765
150.0,0.00034060,0.0013790,0.0046324,0.014273,0.037883,0.083499,0.15682,0.25339,0.31046,0.34929,0.38934
175.0,0.00028693,0.0011684,0.0039493,0.012416,0.032827,0.072856,0.13788,0.22440,0.27625,0.31177,0.34862
200.0,0.00024620,0.0010070,0.0034206,0.010840,0.028809,0.064300,0.12249,0.20068,0.24826,0.28115,0.31527
250.0,0.00018664,0.00077317,0.0026544,0.0084858,0.022758,0.051236,0.098698,0.16394,0.20451,0.23276,0.26251
300.0,0.00014729,0.00061470,0.0021291,0.0070564,0.019055,0.043139,0.083683,0.14016,0.17569,0.20066,0.22306
350.0,0.00011912,0.00050039,0.0017443,0.0059556,0.016173,0.036815,0.071873,0.12125,0.15262,0.17214,0.19196
400.0,9.8098e-05,0.00041435,0.0014520,0.0050819,0.013870,0.031741,0.062323,0.10578,0.13218,0.14907,0.16681
450.0,8.4271e-05,0.00036028,0.0012795,0.0043210,0.011959,0.027512,0.054302,0.092644,0.11478,0.12982,0.14599
500.0,7.2715e-05,0.00031383,0.0011271,0.0036800,0.010381,0.023995,0.047576,0.081177,0.10029,0.11361,0.12788
600.0,5.4298e-05,0.00023844,0.00087208,0.0028196,0.0078966,0.018457,0.036982,0.062329,0.077540,0.088292,0.099520
700.0,4.1528e-05,0.00018376,0.00068457,0.0021858,0.0061238,0.014428,0.029163,0.048573,0.060717,0.069338,0.078378
800.0,3.1955e-05,0.00014324,0.00053910,0.0017415,0.0047256,0.011374,0.022945,0.038144,0.047919,0.054787,0.062748
1000.0,1.9440e-05,8.8246e-05,0.00033782,0.0011142,0.0030599,0.0071817,0.014242,0.023895,0.030289,0.034858,0.039829
1200.0,1.2010e-05,5.5143e-05,0.00021433,0.00071806,0.0019972,0.0045918,0.0090522,0.015378,0.019664,0.022764,0.026005
1500.0,5.8418e-06,2.6721e-05,0.00010499,0.00035424,0.0010023,0.0023665,0.0046999,0.0080824,0.010466,0.012175,0.013963
SA0P75
r\m,4.0,4.5,5.0,5.5,6.0,6.5,7.0,7.5,7.8,8.0,8.2
0.0,0.027879,0.080180,0.19034,0.38169,0.63824,0.92090,1.1790,1.2649,1.2955,1.2979,1.2964
1.0,0.022777,0.069536,0.17284,0.35860,0.61443,0.89940,1.1556,1.2784,1.3043,1.3027,1.2959
5.0,0.0086514,0.030984,0.091668,0.22377,0.43380,0.68797,0.92578,1.0901,1.1242,1.1310,1.1317
10.0,0.0039688,0.014782,0.046721,0.12446,0.26865,0.47206,0.72547,0.94331,0.94409,0.95605,0.93990
15.0,0.0022566,0.0086674,0.028413,0.079076,0.18048,0.34278,0.56651,0.78191,0.85108,0.84488,0.84533
20.0,0.0014687,0.0057891,0.019481,0.055825,0.13154,0.26650,0.45639,0.65247,0.74294,0.77276,0.76987
25.0,0.0010322,0.0041500,0.014290,0.041936,0.10121,0.21450,0.37809,0.55576,0.64258,0.69356,0.71035
30.0,0.00077633,0.0031661,0.011071,0.033021,0.081029,0.17781,0.32072,0.48233,0.56488,0.61469,0.66281
40.0,0.00049669,0.0020723,0.0074121,0.022651,0.058227,0.13125,0.24440,0.38035,0.45656,0.51051,0.56455
50.0,0.00035201,0.0014929,0.0054237,0.016866,0.045037,0.10301,0.19651,0.31902,0.39317,0.43546,0.47786
60.0,0.00027691,0.0011884,0.0043648,0.013734,0.037781,0.087290,0.16863,0.28232,0.34152,0.38037,0.41967
70.0,0.00024445,0.0010553,0.0038952,0.012328,0.034659,0.080566,0.16081,0.26300,0.32049,0.35893,0.39823
80.0,0.00022827,0.00099005,0.0036691,0.011675,0.033404,0.077958,0.15647,0.25432,0.31059,0.34834,0.38700
90.0,0.00021450,0.00093410,0.0034743,0.011243,0.032286,0.077043,0.15105,0.24658,0.30168,0.33878,0.37681
100.0,0.00020263,0.00088550,0.0033040,0.010853,0.031271,0.075209,0.14617,0.23955,0.29358,0.33005,0.36750
110.0,0.00019224,0.00084268,0.0031533,0.010493,0.030311,0.072614,0.14146,0.23259,0.28542,0.32115,0.35790
120.0,0.00018298,0.00080429,0.0030175,0.010159,0.029947,0.070235,0.13712,0.22613,0.27784,0.31289,0.34899
130.0,0.00017158,0.00075672,0.0028481,0.0096974,0.028570,0.067058,0.13125,0.21704,0.26702,0.30093,0.33590
140.0,0.00016017,0.00070881,0.0026762,0.0092062,0.027057,0.063702,0.12503,0.20728,0.25545,0.28818,0.32201
150.0,0.00014961,0.00066417,0.0025150,0.0087510,0.025614,0.060482,0.11903,0.19785,0.24425,0.27587,0.30859
175.0,0.00012752,0.00056978,0.0021714,0.0077116,0.022472,0.053398,0.10582,0.17700,0.21938,0.24843,0.27863
200.0,0.00011073,0.00049726,0.0019046,0.0068187,0.019964,0.047679,0.095036,0.15987,0.19901,0.22604,0.25416
250.0,8.6000e-05,0.00039129,0.0015154,0.0054742,0.016160,0.038874,0.078230,0.13327,0.16710,0.19064,0.21542
300.0,6.9404e-05,0.00031857,0.0012451,0.0046667,0.013854,0.033459,0.067704,0.11619,0.14628,0.16736,0.18642
350.0,5.7403e-05,0.00026544,0.0010444,0.0040353,0.012033,0.029180,0.059355,0.10251,0.12950,0.14630,0.16340
400.0,4.8344e-05,0.00022495,0.00088971,0.0035265,0.010558,0.025710,0.052553,0.091218,0.11436,0.12916,0.14476
450.0,4.2536e-05,0.00020042,0.00080297,0.0030686,0.0093103,0.022772,0.046756,0.081539,0.10135,0.11479,0.12923
500.0,3.7591e-05,0.00017884,0.00072436,0.0026742,0.0082651,0.020297,0.041840,0.072948,0.090405,0.10257,0.11562
600.0,2.9619e-05,0.00014319,0.00059050,0.0021551,0.0065951,0.016342,0.033984,0.058495,0.072980,0.083213,0.094000
700.0,2.3729e-05,0.00011584,0.00048540,0.0017475,0.0053423,0.013337,0.027956,0.047568,0.059626,0.068184,0.077280
800.0,1.9180e-05,9.4641e-05,0.00040065,0.0014578,0.0043100,0.010985,0.022982,0.039018,0.049136,0.056280,0.064513
1000.0,1.2854e-05,6.4195e-05,0.00027593,0.0010223,0.0030551,0.0075821,0.015586,0.026682,0.033859,0.038986,0.044590
1200.0,8.7904e-06,4.4275e-05,0.00019259,0.00072278,0.0021819,0.0053003,0.010799,0.018672,0.023845,0.027572,0.031514
1500.0,4.9396e-06,2.4756e-05,0.00010831,0.00040785,0.0012482,0.0031010,0.0063516,0.011065,0.014252,0.016525,0.018924
SA1P0
r\m,4.0,4.5,5.0,5.5,6.0,6.5,7.0,7.5,7.8,8.0,8.2
0.0,0.014872,0.043811,0.10969,0.23595,0.42441,0.65484,0.88651,0.99430,1.0394,1.0535,1.0638
1.0,0.012138,0.038027,0.099759,0.22202,0.40903,0.63994,0.86920,1.0050,1.0463,1.0572,1.0631
5.0,0.0045406,0.016740,0.052501,0.13802,0.28829,0.48905,0.69596,0.85638,0.90115,0.91722,0.92755
10.0,0.0020680,0.0079488,0.026664,0.076569,0.17850,0.33609,0.54562,0.74050,0.75639,0.77492,0.77007
15.0,0.0011786,0.0046703,0.016249,0.048743,0.12011,0.24439,0.42649,0.61399,0.68148,0.68451,0.69214
20.0,0.00076871,0.0031249,0.011160,0.034465,0.087650,0.19014,0.34379,0.51255,0.59489,0.62580,0.63009
25.0,0.00054087,0.0022424,0.0081970,0.025930,0.067527,0.15314,0.28500,0.43677,0.51469,0.56166,0.58126
30.0,0.00040721,0.0017126,0.0063578,0.020441,0.054114,0.12700,0.24189,0.37925,0.45263,0.49795,0.54227
40.0,0.00026098,0.0011230,0.0042661,0.014052,0.038951,0.093840,0.18449,0.29935,0.36611,0.41379,0.46208
50.0,0.00018527,0.00081059,0.0031280,0.010484,0.030174,0.073714,0.14849,0.25131,0.31551,0.35327,0.39150
60.0,0.00014604,0.00064673,0.0025233,0.0085557,0.025359,0.062545,0.12754,0.22254,0.27425,0.30877,0.34402
70.0,0.00012936,0.00057633,0.0022600,0.0077073,0.023341,0.057899,0.12194,0.20783,0.25796,0.29201,0.32713
80.0,0.00012129,0.00054306,0.0021385,0.0073322,0.022593,0.056242,0.11905,0.20157,0.25064,0.28407,0.31859
90.0,0.00011437,0.00051430,0.0020328,0.0070895,0.021919,0.055768,0.11528,0.19595,0.24402,0.27687,0.31082
100.0,0.00010839,0.00048928,0.0019403,0.0068697,0.021306,0.054615,0.11187,0.19084,0.23800,0.27028,0.30372
110.0,0.00010315,0.00046721,0.0018583,0.0066661,0.020726,0.052906,0.10860,0.18581,0.23198,0.26363,0.29645
120.0,9.8475e-05,0.00044738,0.0017842,0.0064772,0.020548,0.051335,0.10557,0.18114,0.22637,0.25744,0.28970
130.0,9.2621e-05,0.00042233,0.0016899,0.0062050,0.019671,0.049168,0.10135,0.17430,0.21805,0.24812,0.27937
140.0,8.6678e-05,0.00039666,0.0015923,0.0059078,0.018680,0.046829,0.096775,0.16682,0.20901,0.23805,0.26828
150.0,8.1167e-05,0.00037269,0.0015006,0.0056323,0.017734,0.044580,0.092358,0.15958,0.20025,0.22830,0.25755
175.0,6.9595e-05,0.00032183,0.0013046,0.0049988,0.015664,0.039613,0.082592,0.14354,0.18075,0.20654,0.23355
200.0,6.0793e-05,0.00028271,0.0011520,0.0044506,0.014010,0.035594,0.074611,0.13033,0.16476,0.18879,0.21398
250.0,4.7791e-05,0.00022532,0.00092887,0.0036220,0.011491,0.029381,0.062118,0.10978,0.13971,0.16074,0.18300
300.0,3.9000e-05,0.00018570,0.00077295,0.0031291,0.0099770,0.025586,0.054343,0.096695,0.12349,0.14242,0.15984
350.0,3.2616e-05,0.00015660,0.00065639,0.0027407,0.0087726,0.022571,0.048159,0.086182,0.11039,0.12571,0.14142
400.0,2.7775e-05,0.00013429,0.00056601,0.0024258,0.0077914,0.020118,0.043110,0.077491,0.098479,0.11209,0.12653
450.0,2.4731e-05,0.00012115,0.00051727,0.0021369,0.0069533,0.018024,0.038781,0.070016,0.088201,0.10067,0.11413
500.0,2.2118e-05,0.00010946,0.00047248,0.0018852,0.0062473,0.016253,0.035095,0.063334,0.079547,0.090956,0.10326
600.0,1.7910e-05,9.0062e-05,0.00039596,0.0015610,0.0051151,0.013412,0.029189,0.051988,0.065723,0.075516,0.085952
700.0,1.4691e-05,7.4743e-05,0.00033358,0.0012969,0.0042429,0.011206,0.024573,0.043282,0.054973,0.063352,0.072376
800.0,1.2180e-05,6.2600e-05,0.00028242,0.0011096,0.0035082,0.0094572,0.020706,0.036393,0.046432,0.053620,0.061891
1000.0,8.5901e-06,4.4733e-05,0.00020490,0.00081908,0.0026175,0.0068699,0.014787,0.026215,0.033690,0.039088,0.045039
1200.0,6.2077e-06,3.2596e-05,0.00015096,0.00061095,0.0019708,0.0050659,0.010797,0.019324,0.024964,0.029066,0.033477
1500.0,3.7793e-06,1.9781e-05,9.1990e-05,0.00037342,0.0012203,0.0032047,0.0068715,0.012378,0.016100,0.018782,0.021663
SA1P5
r\m,4.0,4.5,5.0,5.5,6.0,6.5,7.0,7.5,7.8,8.0,8.2
0.0,0.0061113,0.018104,0.047450,0.11014,0.21716,0.36878,0.54637,0.66376,0.72260,0.75042,0.77512
1.0,0.0049833,0.015729,0.043227,0.10382,0.20956,0.36065,0.53597,0.67100,0.72746,0.75308,0.77453
5.0,0.0018359,0.0068418,0.022582,0.064321,0.14753,0.27551,0.42913,0.57168,0.62634,0.65313,0.67549
10.0,0.00083036,0.0032347,0.011434,0.035615,0.091386,0.18976,0.33680,0.49425,0.52573,0.55181,0.56086
15.0,0.00047448,0.0019051,0.0069852,0.022729,0.061633,0.13827,0.26369,0.41015,0.47363,0.48744,0.50400
20.0,0.00031018,0.0012773,0.0048080,0.016105,0.045054,0.10771,0.21280,0.34271,0.41364,0.44563,0.45883
25.0,0.00021852,0.00091786,0.0035378,0.012142,0.034778,0.086868,0.17663,0.29231,0.35816,0.40014,0.42335
30.0,0.00016472,0.00070190,0.0027483,0.0095870,0.027911,0.072111,0.15007,0.25406,0.31523,0.35501,0.39504
40.0,0.00010578,0.00046140,0.0018496,0.0066106,0.020143,0.053385,0.11467,0.20089,0.25537,0.29539,0.33700
50.0,7.5236e-05,0.00033382,0.0013598,0.0049457,0.015643,0.042013,0.092460,0.16894,0.22039,0.25258,0.28598
60.0,5.9440e-05,0.00026705,0.0011002,0.0040482,0.013182,0.035722,0.079557,0.14980,0.19182,0.22103,0.25158
70.0,5.2837e-05,0.00023892,0.00098954,0.0036623,0.012182,0.033192,0.076312,0.14034,0.18095,0.20960,0.23984
80.0,4.9745e-05,0.00022619,0.00094104,0.0035020,0.011851,0.032390,0.074803,0.13659,0.17637,0.20448,0.23419
90.0,4.7074e-05,0.00021507,0.00089840,0.0034017,0.011548,0.032245,0.072696,0.13320,0.17219,0.19981,0.22902
100.0,4.4763e-05,0.00020539,0.00086101,0.0033106,0.011272,0.031699,0.070789,0.13012,0.16839,0.19554,0.22430
110.0,4.2735e-05,0.00019684,0.00082782,0.0032260,0.011011,0.030826,0.068965,0.12710,0.16461,0.19125,0.21949
120.0,4.0918e-05,0.00018913,0.00079779,0.0031471,0.010959,0.030021,0.067272,0.12428,0.16108,0.18725,0.21502
130.0,3.8604e-05,0.00017917,0.00075843,0.0030270,0.010532,0.028859,0.064794,0.11994,0.15556,0.18090,0.20781
140.0,3.6215e-05,0.00016875,0.00071686,0.0028915,0.010034,0.027570,0.062043,0.11508,0.14945,0.17392,0.19995
150.0,3.3996e-05,0.00015901,0.00067767,0.0027657,0.0095560,0.026326,0.059378,0.11036,0.14351,0.16715,0.19233
175.0,2.9318e-05,0.00013824,0.00059349,0.0024741,0.0085063,0.023565,0.053460,0.099869,0.13024,0.15200,0.17523
200.0,2.5757e-05,0.00012225,0.00052786,0.0022194,0.0076643,0.021324,0.048609,0.091202,0.11936,0.13963,0.16131
250.0,2.0482e-05,9.8684e-05,0.00043154,0.0018326,0.0063770,0.017840,0.040974,0.077705,0.10228,0.12008,0.13928
300.0,1.6886e-05,8.2312e-05,0.00036378,0.0016055,0.0056123,0.015733,0.036261,0.069180,0.091320,0.10743,0.12282
350.0,1.4265e-05,7.0215e-05,0.00031278,0.0014251,0.0049988,0.014048,0.032501,0.062315,0.082454,0.095754,0.10970
400.0,1.2270e-05,6.0902e-05,0.00027297,0.0012778,0.0044961,0.012672,0.029427,0.056631,0.074321,0.086247,0.099137
450.0,1.1044e-05,5.5600e-05,0.00025257,0.0011397,0.0040619,0.011488,0.026774,0.051733,0.067287,0.078298,0.090353
500.0,9.9842e-06,5.0831e-05,0.00023353,0.0010180,0.0036946,0.010483,0.024510,0.047327,0.061366,0.071535,0.082680
600.0,8.2903e-06,4.2923e-05,0.00020111,0.00086618,0.0031053,0.0088707,0.020885,0.039791,0.051919,0.060810,0.070503
700.0,6.9458e-06,3.6495e-05,0.00017352,0.00073731,0.0026384,0.0075916,0.018005,0.033941,0.044494,0.052275,0.060864
800.0,5.8948e-06,3.1294e-05,0.00015061,0.00064700,0.0022369,0.0065693,0.015566,0.029290,0.038570,0.045434,0.053389
1000.0,4.3569e-06,2.3508e-05,0.00011503,0.00050310,0.0017593,0.0050339,0.011742,0.022316,0.029593,0.035013,0.041110
1200.0,3.3169e-06,1.8077e-05,8.9478e-05,0.00039650,0.0014002,0.0039307,0.0090782,0.017425,0.023211,0.027546,0.032355
1500.0,2.1789e-06,1.1897e-05,5.9154e-05,0.00026344,0.00094338,0.0027077,0.0063102,0.012204,0.016345,0.019432,0.022865
SA2P0
r\m,4.0,4.5,5.0,5.5,6.0,6.5,7.0,7.5,7.8,8.0,8.2
0.0,0.0032656,0.0096156,0.025680,0.062051,0.12924,0.23373,0.36944,0.47755,0.53774,0.57027,0.60086
1.0,0.0026617,0.0083582,0.023416,0.058545,0.12480,0.22868,0.36255,0.48285,0.54143,0.57234,0.60042
5.0,0.00097337,0.0036150,0.012191,0.036225,0.087844,0.17474,0.29040,0.41151,0.46628,0.49649,0.52371
10.0,0.00043879,0.0017059,0.0061657,0.020048,0.054455,0.12055,0.22816,0.35593,0.39157,0.41966,0.43505
15.0,0.00025109,0.0010062,0.0037727,0.012815,0.036784,0.087972,0.17886,0.29563,0.35291,0.37087,0.39107
20.0,0.00016436,0.00067546,0.0026005,0.0090936,0.026925,0.068608,0.14450,0.24723,0.30842,0.33920,0.35616
25.0,0.00011588,0.00048580,0.0019157,0.0068652,0.020812,0.055389,0.12006,0.21106,0.26725,0.30476,0.32877
30.0,8.7410e-05,0.00037181,0.0014898,0.0054270,0.016721,0.046022,0.10211,0.18360,0.23540,0.27058,0.30692
40.0,5.6199e-05,0.00024479,0.0010046,0.0037502,0.012093,0.034131,0.078154,0.14542,0.19098,0.22544,0.26215
50.0,4.0017e-05,0.00017737,0.00073992,0.0028113,0.0094087,0.026904,0.063116,0.12248,0.16504,0.19302,0.22276
60.0,3.1655e-05,0.00014213,0.00059977,0.0023057,0.0079437,0.022914,0.054391,0.10874,0.14383,0.16911,0.19618
70.0,2.8191e-05,0.00012743,0.00054077,0.0020913,0.0073606,0.021344,0.052288,0.10208,0.13594,0.16066,0.18735
80.0,2.6598e-05,0.00012095,0.00051572,0.0020058,0.0071821,0.020887,0.051385,0.099584,0.13277,0.15703,0.18325
90.0,2.5215e-05,0.00011526,0.00049355,0.0019535,0.0070171,0.020845,0.050052,0.097309,0.12986,0.15371,0.17948
100.0,2.4018e-05,0.00011029,0.00047410,0.0019060,0.0068664,0.020540,0.048845,0.095240,0.12721,0.15066,0.17604
110.0,2.2965e-05,0.00010590,0.00045681,0.0018618,0.0067233,0.020021,0.047690,0.093215,0.12458,0.14760,0.17254
120.0,2.2022e-05,0.00010194,0.00044114,0.0018204,0.0067076,0.019542,0.046617,0.091326,0.12212,0.14475,0.16928
130.0,2.0807e-05,9.6748e-05,0.00042023,0.0017549,0.0064610,0.018826,0.044990,0.088290,0.11813,0.14005,0.16383
140.0,1.9543e-05,9.1258e-05,0.00039788,0.0016795,0.0061670,0.018018,0.043154,0.084841,0.11365,0.13482,0.15783
150.0,1.8367e-05,8.6114e-05,0.00037676,0.0016095,0.0058842,0.017237,0.041371,0.081492,0.10928,0.12975,0.15200
175.0,1.5882e-05,7.5126e-05,0.00033126,0.0014461,0.0052612,0.015496,0.037399,0.074012,0.099508,0.11835,0.13889
200.0,1.3989e-05,6.6649e-05,0.00029574,0.0013026,0.0047603,0.014080,0.034134,0.067819,0.091476,0.10904,0.12821
250.0,1.1180e-05,5.4133e-05,0.00024349,0.0010840,0.0039920,0.011869,0.028976,0.058155,0.078859,0.094302,0.11128
300.0,9.2565e-06,4.5403e-05,0.00020657,0.00095646,0.0035387,0.010538,0.025806,0.052081,0.070793,0.084805,0.098637
350.0,7.8517e-06,3.8931e-05,0.00017867,0.00085468,0.0031730,0.0094698,0.023269,0.047176,0.064257,0.075980,0.088535
400.0,6.7801e-06,3.3934e-05,0.00015681,0.00077125,0.0028721,0.0085951,0.021193,0.043110,0.058227,0.068789,0.080419
450.0,6.1284e-06,3.1139e-05,0.00014591,0.00069199,0.0026105,0.0078386,0.019394,0.039601,0.053003,0.062785,0.073676
500.0,5.5631e-06,2.8611e-05,0.00013565,0.00062170,0.0023886,0.0071949,0.017856,0.036433,0.048609,0.057683,0.067801
600.0,4.6655e-06,2.4428e-05,0.00011826,0.00053580,0.0020331,0.0061635,0.015398,0.030997,0.041611,0.049610,0.058509
700.0,3.9394e-06,2.0978e-05,0.00010310,0.00046115,0.0017469,0.0053357,0.013428,0.026756,0.036088,0.043163,0.051137
800.0,3.3729e-06,1.8161e-05,9.0450e-05,0.00040932,0.0014984,0.0046724,0.011754,0.023387,0.031688,0.038013,0.045430
1000.0,2.5367e-06,1.3922e-05,7.0626e-05,0.00032580,0.0012077,0.0036727,0.0091076,0.018324,0.025007,0.030131,0.036006
1200.0,1.9700e-06,1.0944e-05,5.6241e-05,0.00026323,0.00098650,0.0029484,0.0072433,0.014732,0.020193,0.024404,0.029196
1500.0,1.3313e-06,7.4451e-06,3.8500e-05,0.00018160,0.00069143,0.0021165,0.0052626,0.010806,0.014890,0.018034,0.021630
SA3P0
r\m,4.0,4.5,5.0,5.5,6.0,6.5,7.0,7.5,7.8,8.0,8.2
0.0,0.0013641,0.0039716,0.010800,0.027293,0.060694,0.11886,0.20483,0.28888,0.34184,0.37415,0.40637
1.0,0.0011114,0.0034543,0.0098571,0.025778,0.058659,0.11637,0.20111,0.29218,0.34427,0.37559,0.40614
5.0,0.00040358,0.0014862,0.0051172,0.015938,0.041305,0.088991,0.16125,0.24924,0.29673,0.32607,0.35450
10.0,0.00018140,0.00070027,0.0025864,0.0088212,0.025641,0.061538,0.12692,0.21582,0.24948,0.27592,0.29481
15.0,0.00010397,0.00041375,0.0015857,0.0056509,0.017358,0.045002,0.099687,0.17953,0.22509,0.24410,0.26525
20.0,6.8153e-05,0.00027819,0.0010950,0.0040175,0.012729,0.035157,0.080670,0.15037,0.19696,0.22348,0.24181
25.0,4.8094e-05,0.00020031,0.00080788,0.0030386,0.0098579,0.028430,0.067138,0.12856,0.17090,0.20102,0.22343
30.0,3.6311e-05,0.00015348,0.00062914,0.0024059,0.0079332,0.023657,0.057185,0.11199,0.15073,0.17870,0.20879
40.0,2.3380e-05,0.00010125,0.00042535,0.0016675,0.0057544,0.017593,0.043892,0.088940,0.12259,0.14923,0.17871
50.0,1.6670e-05,7.3502e-05,0.00031404,0.0012533,0.0044895,0.013904,0.035538,0.075095,0.10618,0.12806,0.15220
60.0,1.3205e-05,5.9012e-05,0.00025516,0.0010307,0.0038007,0.011872,0.030699,0.066810,0.092724,0.11242,0.13429
70.0,1.1783e-05,5.3040e-05,0.00023073,0.00093780,0.0035332,0.011094,0.029601,0.062905,0.087876,0.10707,0.12855
80.0,1.1142e-05,5.0479e-05,0.00022074,0.00090257,0.0034599,0.010894,0.029184,0.061545,0.086056,0.10492,0.12604
90.0,1.0582e-05,4.8217e-05,0.00021183,0.00088182,0.0033913,0.010906,0.028511,0.060300,0.084376,0.10293,0.12371
100.0,1.0096e-05,4.6242e-05,0.00020401,0.00086289,0.0033285,0.010778,0.027900,0.059166,0.082847,0.10111,0.12158
110.0,9.6688e-06,4.4492e-05,0.00019704,0.00084520,0.0032685,0.010536,0.027316,0.058055,0.081324,0.099276,0.11941
120.0,9.2846e-06,4.2910e-05,0.00019071,0.00082859,0.0032699,0.010311,0.026770,0.057015,0.079896,0.097563,0.11739
130.0,8.7851e-06,4.0801e-05,0.00018208,0.00080081,0.0031581,0.0099599,0.025900,0.055243,0.077440,0.094572,0.11381
140.0,8.2601e-06,3.8543e-05,0.00017272,0.00076805,0.0030211,0.0095540,0.024897,0.053190,0.074637,0.091199,0.10981
150.0,7.7713e-06,3.6425e-05,0.00016385,0.00073758,0.0028889,0.0091598,0.023918,0.051190,0.071897,0.087911,0.10593
175.0,6.7355e-06,3.1884e-05,0.00014466,0.00066595,0.0025963,0.0082773,0.021729,0.046701,0.065740,0.080500,0.097137
200.0,5.9453e-06,2.8375e-05,0.00012965,0.00060256,0.0023603,0.0075563,0.019921,0.042969,0.060664,0.074433,0.089974
250.0,4.7699e-06,2.3173e-05,0.00010749,0.00050547,0.0019963,0.0064240,0.017047,0.037122,0.052660,0.064800,0.078583
300.0,3.9605e-06,1.9526e-05,9.1732e-05,0.00044921,0.0017828,0.0057455,0.015288,0.033462,0.047562,0.058611,0.070048
350.0,3.3675e-06,1.6809e-05,7.9755e-05,0.00040396,0.0016092,0.0051969,0.013872,0.030491,0.043413,0.052798,0.063201
400.0,2.9140e-06,1.4705e-05,7.0322e-05,0.00036664,0.0014655,0.0047456,0.012710,0.028019,0.039550,0.048052,0.057704
450.0,2.6398e-06,1.3542e-05,6.5732e-05,0.00033067,0.0013394,0.0043524,0.011696,0.025880,0.036195,0.044090,0.053136
500.0,2.4012e-06,1.2484e-05,6.1371e-05,0.00029854,0.0012321,0.0040167,0.010827,0.023938,0.033371,0.040723,0.049164
600.0,2.0246e-06,1.0737e-05,5.3998e-05,0.00026000,0.0010601,0.0034786,0.0094382,0.020590,0.028880,0.035406,0.042903
700.0,1.7143e-06,9.2744e-06,4.7406e-05,0.00022564,0.00091916,0.0030407,0.0083136,0.017963,0.025319,0.031145,0.037926
800.0,1.4729e-06,8.0691e-06,4.1879e-05,0.00020196,0.00079560,0.0026888,0.0073556,0.015881,0.022490,0.027761,0.034086
1000.0,1.1142e-06,6.2499e-06,3.3150e-05,0.00016338,0.00065325,0.0021574,0.0058307,0.012754,0.018203,0.022573,0.027741
1200.0,8.7157e-07,4.9683e-06,2.6771e-05,0.00013425,0.00054395,0.0017707,0.0047484,0.010520,0.015086,0.018771,0.023123
1500.0,5.9325e-07,3.4303e-06,1.8678e-05,9.4877e-05,0.00039210,0.0013120,0.0035791,0.0080364,0.011594,0.014473,0.017902
SA4P0
r\m,4.0,4.5,5.0,5.5,6.0,6.5,7.0,7.5,7.8,8.0,8.2
0.0,0.00074028,0.0021433,0.0058963,0.015324,0.035514,0.073207,0.13357,0.19988,0.24488,0.27411,0.30428
1.0,0.00060307,0.0018648,0.0053847,0.014482,0.034341,0.071699,0.13119,0.20222,0.24668,0.27522,0.30416
5.0,0.00021828,0.00080044,0.0027923,0.0089535,0.024195,0.054876,0.10529,0.17265,0.21279,0.23912,0.26568
10.0,9.7988e-05,0.00037699,0.0014114,0.0049577,0.015036,0.038008,0.082981,0.14965,0.17909,0.20255,0.22116
15.0,5.6216e-05,0.00022298,0.00086641,0.0031804,0.010194,0.027836,0.065269,0.12464,0.16173,0.17936,0.19916
20.0,3.6882e-05,0.00015007,0.00059896,0.0022640,0.0074854,0.021774,0.052884,0.10452,0.14167,0.16436,0.18172
25.0,2.6042e-05,0.00010814,0.00044237,0.0017144,0.0058044,0.017629,0.044066,0.089458,0.12306,0.14799,0.16806
30.0,1.9672e-05,8.2919e-05,0.00034482,0.0013589,0.0046765,0.014685,0.037577,0.078017,0.10865,0.13168,0.15717
40.0,1.2678e-05,5.4775e-05,0.00023353,0.00094372,0.0033993,0.010944,0.028902,0.062083,0.088534,0.11016,0.13476
50.0,9.0470e-06,3.9812e-05,0.00017269,0.00071064,0.0026572,0.0086652,0.023446,0.052517,0.076817,0.094701,0.11496
60.0,7.1725e-06,3.2001e-05,0.00014053,0.00058541,0.0022536,0.0074124,0.020289,0.046800,0.067189,0.083259,0.10158
70.0,6.4068e-06,2.8803e-05,0.00012729,0.00053369,0.0020994,0.0069409,0.019603,0.044150,0.063793,0.079442,0.097410
80.0,6.0649e-06,2.7454e-05,0.00012200,0.00051470,0.0020603,0.0068309,0.019368,0.043280,0.062585,0.077977,0.095657
90.0,5.7656e-06,2.6258e-05,0.00011726,0.00050380,0.0020234,0.0068518,0.018957,0.042479,0.061463,0.076618,0.094028
100.0,5.5056e-06,2.5212e-05,0.00011310,0.00049383,0.0019895,0.0067836,0.018584,0.041749,0.060442,0.075371,0.092538
110.0,5.2764e-06,2.4284e-05,0.00010938,0.00048449,0.0019571,0.0066429,0.018225,0.041031,0.059421,0.074112,0.091012
120.0,5.0702e-06,2.3444e-05,0.00010600,0.00047568,0.0019611,0.0065122,0.017891,0.040358,0.058461,0.072932,0.089583
130.0,4.8005e-06,2.2313e-05,0.00010133,0.00046040,0.0018970,0.0063002,0.017335,0.039159,0.056738,0.070784,0.086953
140.0,4.5158e-06,2.1095e-05,9.6215e-05,0.00044211,0.0018172,0.0060517,0.016686,0.037752,0.054749,0.068336,0.083991
150.0,4.2505e-06,1.9950e-05,9.1362e-05,0.00042507,0.0017399,0.0058098,0.016052,0.036377,0.052800,0.065944,0.081099
175.0,3.6872e-06,1.7492e-05,8.0845e-05,0.00038483,0.0015683,0.0052661,0.014626,0.033280,0.048405,0.060535,0.074544
200.0,3.2570e-06,1.5588e-05,7.2596e-05,0.00034903,0.0014295,0.0048206,0.013446,0.030697,0.044771,0.056096,0.069193
250.0,2.6158e-06,1.2759e-05,6.0381e-05,0.00029400,0.0012146,0.0041175,0.011559,0.026635,0.039023,0.049026,0.060655
300.0,2.1727e-06,1.0767e-05,5.1660e-05,0.00026215,0.0010887,0.0036968,0.010405,0.024095,0.035364,0.044487,0.054237
350.0,1.8473e-06,9.2789e-06,4.5001e-05,0.00023639,0.00098575,0.0033545,0.0094716,0.022023,0.032373,0.040188,0.049069
400.0,1.5980e-06,8.1227e-06,3.9739e-05,0.00021505,0.00090008,0.0030718,0.0087024,0.020293,0.029570,0.036669,0.044914
450.0,1.4470e-06,7.4845e-06,3.7192e-05,0.00019431,0.00082452,0.0028241,0.0080282,0.018790,0.027129,0.033728,0.041456
500.0,1.3153e-06,6.9017e-06,3.4759e-05,0.00017570,0.00075993,0.0026119,0.0074487,0.017421,0.025070,0.031226,0.038450
600.0,1.1080e-06,5.9392e-06,3.0646e-05,0.00015350,0.00065624,0.0022711,0.0065208,0.015052,0.021794,0.027272,0.033713
700.0,9.3574e-07,5.1275e-06,2.6919e-05,0.00013343,0.00057035,0.0019913,0.0057637,0.013184,0.019187,0.024094,0.029938
800.0,8.0183e-07,4.4553e-06,2.3785e-05,0.00011958,0.00049471,0.0017656,0.0051174,0.011703,0.017116,0.021575,0.027027
1000.0,6.0248e-07,3.4392e-06,1.8814e-05,9.6892e-05,0.00040761,0.0014241,0.0040848,0.0094796,0.013980,0.017711,0.022223
1200.0,4.6783e-07,2.7226e-06,1.5169e-05,7.9676e-05,0.00034039,0.0011748,0.0033489,0.0078852,0.011691,0.014867,0.018716
1500.0,3.1368e-07,1.8624e-06,1.0525e-05,5.6238e-05,0.00024591,0.00087527,0.0025482,0.0061005,0.0091111,0.011636,0.014728
SA5P0
r\m,4.0,4.5,5.0,5.5,6.0,6.5,7.0,7.5,7.8,8.0,8.2
0.0,0.00045989,0.0013292,0.0036937,0.0098079,0.023445,0.050212,0.095622,0.14964,0.18826,0.21440,0.24203
1.0,0.00037463,0.0011567,0.0033744,0.0092727,0.022679,0.049191,0.093944,0.15142,0.18968,0.21531,0.24198
5.0,0.00013535,0.00049589,0.0017490,0.0057338,0.015987,0.037677,0.075452,0.12938,0.16373,0.18720,0.21150
10.0,6.0725e-05,0.00023353,0.00088421,0.0031765,0.0099443,0.026127,0.059531,0.11225,0.13793,0.15870,0.17621
15.0,3.4861e-05,0.00013824,0.00054331,0.0020398,0.0067494,0.019157,0.046876,0.093578,0.12466,0.14065,0.15881
20.0,2.2885e-05,9.3101e-05,0.00037591,0.0014535,0.0049610,0.015000,0.038019,0.078545,0.10929,0.12899,0.14501
25.0,1.6166e-05,6.7127e-05,0.00027785,0.0011017,0.0038507,0.012156,0.031710,0.067288,0.095016,0.11623,0.13420
30.0,1.2217e-05,5.1499e-05,0.00021673,0.00087393,0.0031051,0.010135,0.027065,0.058734,0.083959,0.10350,0.12560
40.0,7.8786e-06,3.4053e-05,0.00014697,0.00060784,0.0022607,0.0075649,0.020851,0.046814,0.068522,0.086720,0.10785
50.0,5.6254e-06,2.4773e-05,0.00010881,0.00045835,0.0017698,0.0059987,0.016941,0.039659,0.059537,0.074650,0.092124
60.0,4.4624e-06,1.9930e-05,8.8643e-05,0.00037806,0.0015031,0.0051387,0.014680,0.035389,0.052141,0.065712,0.081499
70.0,3.9888e-06,1.7955e-05,8.0387e-05,0.00034514,0.0014023,0.0048192,0.014205,0.033434,0.049575,0.062784,0.078251
80.0,3.7786e-06,1.7132e-05,7.7142e-05,0.00033333,0.0013784,0.0047502,0.014056,0.032821,0.048702,0.061705,0.076936
90.0,3.5943e-06,1.6399e-05,7.4229e-05,0.00032669,0.0013555,0.0047715,0.013777,0.032256,0.047888,0.060701,0.075710
100.0,3.4339e-06,1.5758e-05,7.1662e-05,0.00032060,0.0013345,0.0047301,0.013523,0.031740,0.047146,0.059778,0.074587
110.0,3.2925e-06,1.5189e-05,6.9373e-05,0.00031488,0.0013144,0.0046377,0.013279,0.031232,0.046401,0.058841,0.073432
120.0,3.1650e-06,1.4673e-05,6.7285e-05,0.00030947,0.0013186,0.0045519,0.013050,0.030753,0.045698,0.057962,0.072347
130.0,2.9978e-06,1.3974e-05,6.4370e-05,0.00029983,0.0012768,0.0044085,0.012658,0.029870,0.044394,0.056306,0.070284
140.0,2.8207e-06,1.3217e-05,6.1162e-05,0.00028816,0.0012242,0.0042388,0.012196,0.028823,0.042876,0.054404,0.067943
150.0,2.6555e-06,1.2505e-05,5.8114e-05,0.00027727,0.0011732,0.0040731,0.011743,0.027797,0.041383,0.052541,0.065653
175.0,2.3045e-06,1.0974e-05,5.1495e-05,0.00025147,0.0010596,0.0036997,0.010723,0.025482,0.038009,0.048317,0.060449
200.0,2.0361e-06,9.7871e-06,4.6295e-05,0.00022842,0.00096746,0.0033929,0.0098754,0.023545,0.035214,0.044844,0.056193
250.0,1.6355e-06,8.0189e-06,3.8575e-05,0.00019288,0.00082439,0.0029069,0.0085156,0.020489,0.030778,0.039297,0.049384
300.0,1.3578e-06,6.7703e-06,3.3043e-05,0.00017231,0.00074063,0.0026161,0.0076836,0.018578,0.027953,0.035733,0.044249
350.0,1.1536e-06,5.8348e-06,2.8806e-05,0.00015559,0.00067170,0.0023783,0.0070078,0.017012,0.025634,0.032336,0.040098
400.0,9.9678e-07,5.1063e-06,2.5446e-05,0.00014168,0.00061412,0.0021810,0.0064487,0.015700,0.023450,0.029547,0.036756
450.0,9.0152e-07,4.7030e-06,2.3819e-05,0.00012809,0.00056309,0.0020074,0.0059566,0.014556,0.021541,0.027213,0.033969
500.0,8.1833e-07,4.3337e-06,2.2258e-05,0.00011587,0.00051934,0.0018583,0.0055324,0.013511,0.019930,0.025224,0.031545
600.0,6.8731e-07,3.7233e-06,1.9615e-05,0.00010127,0.00044892,0.0016181,0.0048513,0.011696,0.017360,0.022075,0.027720
700.0,5.7809e-07,3.2062e-06,1.7201e-05,8.7968e-05,0.00039016,0.0014195,0.0042921,0.010259,0.015308,0.019536,0.024663
800.0,4.9318e-07,2.7768e-06,1.5167e-05,7.8748e-05,0.00033826,0.0012588,0.0038138,0.0091177,0.013676,0.017524,0.022303
1000.0,3.6670e-07,2.1270e-06,1.1931e-05,6.3576e-05,0.00027817,0.0010148,0.0030472,0.0074027,0.011203,0.014432,0.018409
1200.0,2.8142e-07,1.6685e-06,9.5528e-06,5.2025e-05,0.00023157,0.00083618,0.0024987,0.0061680,0.0093900,0.012148,0.015559
1500.0,1.8460e-07,1.1218e-06,6.5375e-06,3.6346e-05,0.00016609,0.00062026,0.0018992,0.0047803,0.0073396,0.0095462,0.012307
SA7P5
r\m,4.0,4.5,5.0,5.5,6.0,6.5,7.0,7.5,7.8,8.0,8.2
0.0,0.00019104,0.00055411,0.0015755,0.0043594,0.011027,0.025292,0.051979,0.088088,0.11620,0.13650,0.15884
1.0,0.00015562,0.00048240,0.0014402,0.0041241,0.010673,0.024791,0.051091,0.089174,0.11712,0.13713,0.15885
5.0,5.6106e-05,0.00020655,0.00074626,0.0025518,0.0075329,0.019015,0.041097,0.076304,0.10124,0.11939,0.13902
10.0,2.5159e-05,9.7292e-05,0.00037755,0.0014153,0.0046937,0.013215,0.032490,0.066316,0.085435,0.10139,0.11602
15.0,1.4459e-05,5.7669e-05,0.00023236,0.00091053,0.0031920,0.0097087,0.025634,0.055388,0.077347,0.089998,0.10472
20.0,9.5014e-06,3.8887e-05,0.00016101,0.00064988,0.0023504,0.0076156,0.020829,0.046571,0.067920,0.082660,0.095762
25.0,6.7168e-06,2.8067e-05,0.00011917,0.00049337,0.0018275,0.0061824,0.017403,0.039964,0.059143,0.074597,0.088753
30.0,5.0796e-06,2.1554e-05,9.3072e-05,0.00039195,0.0014760,0.0051627,0.014878,0.034939,0.052340,0.066529,0.083177
40.0,3.2798e-06,1.4278e-05,6.3261e-05,0.00027335,0.0010778,0.0038651,0.011497,0.027932,0.042839,0.055895,0.071607
50.0,2.3443e-06,1.0403e-05,4.6930e-05,0.00020662,0.00084597,0.0030732,0.0093668,0.023727,0.037319,0.048238,0.061321
60.0,1.8614e-06,8.3816e-06,3.8306e-05,0.00017082,0.00072028,0.0026393,0.0081377,0.021224,0.032761,0.042560,0.054369
70.0,1.6656e-06,7.5630e-06,3.4807e-05,0.00015630,0.00067369,0.0024817,0.0078949,0.020103,0.031225,0.040760,0.052321
80.0,1.5795e-06,7.2272e-06,3.3468e-05,0.00015130,0.00066384,0.0024526,0.0078320,0.019783,0.030747,0.040149,0.051552
90.0,1.5038e-06,6.9274e-06,3.2260e-05,0.00014860,0.00065433,0.0024694,0.0076945,0.019486,0.030297,0.039576,0.050829
100.0,1.4377e-06,6.6646e-06,3.1193e-05,0.00014611,0.00064555,0.0024533,0.0075690,0.019214,0.029886,0.039048,0.050166
110.0,1.3793e-06,6.4306e-06,3.0240e-05,0.00014375,0.00063704,0.0024103,0.0074477,0.018944,0.029469,0.038506,0.049475
120.0,1.3266e-06,6.2179e-06,2.9368e-05,0.00014151,0.00064024,0.0023702,0.0073334,0.018688,0.029074,0.037995,0.048823
130.0,1.2571e-06,5.9267e-06,2.8130e-05,0.00013731,0.00062103,0.0022997,0.0071263,0.018182,0.028291,0.036967,0.047500
140.0,1.1831e-06,5.6095e-06,2.6755e-05,0.00013214,0.00059633,0.0022147,0.0068772,0.017572,0.027363,0.035769,0.045980
150.0,1.1141e-06,5.3106e-06,2.5446e-05,0.00012730,0.00057227,0.0021313,0.0066318,0.016972,0.026447,0.034590,0.044487
175.0,9.6706e-07,4.6660e-06,2.2592e-05,0.00011576,0.00051846,0.0019424,0.0060760,0.015608,0.024366,0.031903,0.041076
200.0,8.5436e-07,4.1646e-06,2.0343e-05,0.00010539,0.00047463,0.0017864,0.0056121,0.014462,0.022634,0.029685,0.038277
250.0,6.8562e-07,3.4146e-06,1.6986e-05,8.9283e-05,0.00040609,0.0015374,0.0048616,0.012642,0.019867,0.026120,0.033770
300.0,5.6807e-07,2.8818e-06,1.4564e-05,7.9929e-05,0.00036585,0.0013879,0.0044011,0.011500,0.018100,0.023822,0.030348
350.0,4.8130e-07,2.4805e-06,1.2696e-05,7.2253e-05,0.00033239,0.0012645,0.0040234,0.010556,0.016636,0.021606,0.027561
400.0,4.1449e-07,2.1666e-06,1.1207e-05,6.5814e-05,0.00030419,0.0011612,0.0037085,0.0097579,0.015244,0.019775,0.025305
450.0,3.7348e-07,1.9907e-06,1.0477e-05,5.9480e-05,0.00027900,0.0010696,0.0034290,0.0090578,0.014021,0.018236,0.023415
500.0,3.3759e-07,1.8290e-06,9.7722e-06,5.3752e-05,0.00025725,0.00099036,0.0031865,0.0084135,0.012983,0.016918,0.021765
600.0,2.8097e-07,1.5609e-06,8.5731e-06,4.6849e-05,0.00022202,0.00086173,0.0027942,0.0072875,0.011318,0.014821,0.019151
700.0,2.3363e-07,1.3325e-06,7.4673e-06,4.0493e-05,0.00019226,0.00075412,0.0024683,0.0063880,0.0099775,0.013117,0.017046
800.0,1.9684e-07,1.1423e-06,6.5315e-06,3.6025e-05,0.00016589,0.00066641,0.0021881,0.0056701,0.0089067,0.011762,0.015412
1000.0,1.4217e-07,8.5432e-07,5.0384e-06,2.8628e-05,0.00013472,0.00053211,0.0017366,0.0045847,0.0072753,0.0096670,0.012710
1200.0,1.0553e-07,6.5154e-07,3.9392e-06,2.2969e-05,0.00011036,0.00043302,0.0014105,0.0037955,0.0060681,0.0081055,0.010715
1500.0,6.5146e-08,4.1602e-07,2.5782e-06,1.5456e-05,7.6717e-05,0.00031314,0.0010518,0.0029031,0.0046943,0.0063178,0.0084280
SA10P0
r\m,4.0,4.5,5.0,5.5,6.0,6.5,7.0,7.5,7.8,8.0,8.2
0.0,0.00010212,0.00029857,0.00086614,0.0024732,0.0065177,0.015687,0.033992,0.060856,0.082944,0.099537,0.11827
1.0,8.3191e-05,0.00025999,0.00079201,0.0023406,0.0063106,0.015382,0.033422,0.061624,0.083626,0.10002,0.11831
5.0,2.9969e-05,0.00011128,0.00041048,0.0014492,0.0044580,0.011810,0.026914,0.052787,0.072363,0.087169,0.10364
10.0,1.3438e-05,5.2438e-05,0.00020781,0.00080452,0.0027813,0.0082200,0.021307,0.045936,0.061141,0.074116,0.086597
15.0,7.7289e-06,3.1111e-05,0.00012804,0.00051823,0.0018940,0.0060477,0.016834,0.038416,0.055418,0.065868,0.078250
20.0,5.0822e-06,2.0996e-05,8.8813e-05,0.00037031,0.0013964,0.0047498,0.013696,0.032341,0.048721,0.060564,0.071632
25.0,3.5947e-06,1.5165e-05,6.5795e-05,0.00028144,0.0010870,0.0038606,0.011457,0.027785,0.042473,0.054715,0.066458
30.0,2.7198e-06,1.1654e-05,5.1431e-05,0.00022381,0.00087890,0.0032275,0.0098062,0.024319,0.037628,0.048849,0.062343
40.0,1.7577e-06,7.7292e-06,3.5013e-05,0.00015638,0.00064306,0.0024213,0.0075939,0.019482,0.030860,0.041121,0.053772
50.0,1.2572e-06,5.6378e-06,2.6011e-05,0.00011840,0.00050567,0.0019289,0.0061989,0.016581,0.026932,0.035552,0.046128
60.0,9.9892e-07,4.5469e-06,2.1259e-05,9.8034e-05,0.00043126,0.0016594,0.0053950,0.014857,0.023682,0.031417,0.040962
70.0,8.9443e-07,4.1069e-06,1.9342e-05,8.9839e-05,0.00040404,0.0015631,0.0052432,0.014096,0.022609,0.030137,0.039481
80.0,8.4874e-07,3.9283e-06,1.8621e-05,8.7094e-05,0.00039878,0.0015473,0.0052102,0.013894,0.022297,0.029729,0.038955
90.0,8.0842e-07,3.7684e-06,1.7968e-05,8.5648e-05,0.00039364,0.0015603,0.0051265,0.013706,0.022002,0.029345,0.038460
100.0,7.7324e-07,3.6280e-06,1.7391e-05,8.4314e-05,0.00038887,0.0015523,0.0050500,0.013533,0.021732,0.028989,0.038003
110.0,7.4207e-07,3.5028e-06,1.6874e-05,8.3047e-05,0.00038422,0.0015271,0.0049756,0.013360,0.021455,0.028621,0.037522
120.0,7.1388e-07,3.3888e-06,1.6400e-05,8.1833e-05,0.00038659,0.0015035,0.0049052,0.013195,0.021192,0.028272,0.037067
130.0,6.7661e-07,3.2317e-06,1.5720e-05,7.9478e-05,0.00037539,0.0014604,0.0047721,0.012852,0.020642,0.027535,0.036097
140.0,6.3687e-07,3.0598e-06,1.4961e-05,7.6544e-05,0.00036079,0.0014078,0.0046100,0.012433,0.019984,0.026666,0.034973
150.0,5.9975e-07,2.8978e-06,1.4237e-05,7.3798e-05,0.00034653,0.0013561,0.0044498,0.012019,0.019332,0.025809,0.033864
175.0,5.2055e-07,2.5474e-06,1.2654e-05,6.7212e-05,0.00031453,0.0012384,0.0040854,0.011076,0.017845,0.023849,0.031324
200.0,4.5973e-07,2.2743e-06,1.1403e-05,6.1261e-05,0.00028837,0.0011409,0.0037800,0.010280,0.016604,0.022226,0.029233
250.0,3.6846e-07,1.8644e-06,9.5292e-06,5.1983e-05,0.00024726,0.00098428,0.0032830,0.0090094,0.014610,0.019603,0.025850
300.0,3.0466e-07,1.5719e-06,8.1696e-06,4.6570e-05,0.00022303,0.00088994,0.0029770,0.0082095,0.013332,0.017906,0.023266
350.0,2.5744e-07,1.3508e-06,7.1164e-06,4.2096e-05,0.00020273,0.00081142,0.0027241,0.0075429,0.012266,0.016256,0.021149
400.0,2.2101e-07,1.1773e-06,6.2732e-06,3.8320e-05,0.00018550,0.00074529,0.0025119,0.0069762,0.011245,0.014886,0.019428
450.0,1.9844e-07,1.0789e-06,5.8537e-06,3.4591e-05,0.00017002,0.00068626,0.0023223,0.0064760,0.010344,0.013729,0.017979
500.0,1.7866e-07,9.8831e-07,5.4476e-06,3.1209e-05,0.00015659,0.00063492,0.0021570,0.0060134,0.0095757,0.012735,0.016711
600.0,1.4741e-07,8.3753e-07,4.7532e-06,2.7087e-05,0.00013470,0.00055105,0.0018877,0.0052010,0.0083377,0.011144,0.014690
700.0,1.2130e-07,7.0893e-07,4.1107e-06,2.3276e-05,0.00011609,0.00048035,0.0016622,0.0045475,0.0073338,0.0098434,0.013054
800.0,1.0102e-07,6.0174e-07,3.5658e-06,2.0564e-05,9.9580e-05,0.00042239,0.0014676,0.0040232,0.0065280,0.0088044,0.011775
1000.0,7.1026e-08,4.3973e-07,2.6963e-06,1.6063e-05,7.9686e-05,0.00033307,0.0011527,0.0032259,0.0052932,0.0071882,0.0096541
1200.0,5.1089e-08,3.2624e-07,2.0576e-06,1.2619e-05,6.4095e-05,0.00026685,0.00092393,0.0026417,0.0043727,0.0059748,0.0080774
1500.0,2.9791e-08,1.9809e-07,1.2878e-06,8.1636e-06,4.3043e-05,0.00018729,0.00067190,0.0019795,0.0033223,0.0045820,0.0062631
