Pezeshk et al., 2011 GMPE on hard rock, converted to table format log10PSAonA in cgs (in Rcd) for given frequencies
 15  25  13  2 :  nm, nd, nf, itype (2=Rcd)
           0.20    0.33    0.50    1.00    2.00    3.33    5.00   10.00   20.00   33.33   50.00   99.00   99.00
   4.500
   0.000  -0.362   0.219   0.645   1.401   2.090   2.490   2.748   3.025   3.086   3.055   3.031   2.990   2.990
   0.301  -0.390   0.188   0.616   1.372   2.059   2.459   2.718   2.994   3.055   3.025   3.001   2.958   2.958
   0.699  -0.544   0.024   0.453   1.212   1.891   2.295   2.557   2.824   2.882   2.851   2.826   2.782   2.782
   1.000  -0.848  -0.290   0.140   0.904   1.575   1.983   2.243   2.494   2.521   2.490   2.466   2.423   2.423
   1.176  -1.101  -0.548  -0.117   0.650   1.319   1.727   1.983   2.222   2.208   2.179   2.157   2.118   2.118
   1.301  -1.303  -0.751  -0.321   0.449   1.117   1.525   1.775   2.006   1.954   1.928   1.907   1.872   1.872
   1.477  -1.605  -1.054  -0.626   0.149   0.815   1.223   1.463   1.680   1.568   1.547   1.530   1.501   1.501
   1.602  -1.828  -1.276  -0.850  -0.073   0.592   0.999   1.232   1.439   1.282   1.264   1.251   1.227   1.227
   1.699  -2.003  -1.452  -1.027  -0.248   0.416   0.821   1.048   1.248   1.056   1.041   1.030   1.010   1.010
   1.778  -2.147  -1.596  -1.172  -0.392   0.270   0.673   0.894   1.089   0.869   0.857   0.847   0.831   0.831
   1.845  -2.267  -1.716  -1.293  -0.512   0.148   0.550   0.766   0.957   0.714   0.704   0.696   0.682   0.682
   1.903  -2.258  -1.708  -1.283  -0.503   0.155   0.558   0.773   0.963   0.701   0.692   0.685   0.674   0.674
   2.000  -2.243  -1.695  -1.268  -0.488   0.164   0.568   0.782   0.972   0.677   0.671   0.666   0.657   0.657
   2.079  -2.232  -1.685  -1.257  -0.478   0.168   0.573   0.785   0.975   0.656   0.652   0.648   0.643   0.643
   2.146  -2.223  -1.678  -1.248  -0.471   0.170   0.574   0.783   0.974   0.636   0.633   0.631   0.628   0.628
   2.255  -2.305  -1.758  -1.332  -0.567   0.059   0.447   0.637   0.769   0.429   0.427   0.425   0.423   0.423
   2.301  -2.341  -1.793  -1.369  -0.608   0.011   0.391   0.573   0.680   0.341   0.339   0.338   0.335   0.335
   2.398  -2.417  -1.868  -1.448  -0.700  -0.097   0.265   0.428   0.484   0.151   0.149   0.149   0.147   0.147
   2.477  -2.481  -1.932  -1.515  -0.779  -0.192   0.154   0.300   0.315  -0.008  -0.009  -0.010  -0.011  -0.011
   2.602  -2.586  -2.038  -1.628  -0.914  -0.357  -0.040   0.076   0.029  -0.268  -0.268  -0.268  -0.269  -0.269
   2.699  -2.672  -2.127  -1.722  -1.028  -0.501  -0.211  -0.121  -0.213  -0.478  -0.478  -0.478  -0.478  -0.478
   2.778  -2.746  -2.204  -1.804  -1.130  -0.631  -0.368  -0.301  -0.428  -0.657  -0.657  -0.657  -0.657  -0.657
   2.845  -2.812  -2.273  -1.879  -1.223  -0.753  -0.514  -0.470  -0.624  -0.815  -0.815  -0.815  -0.815  -0.815
   2.903  -2.872  -2.337  -1.947  -1.310  -0.867  -0.652  -0.630  -0.806  -0.957  -0.957  -0.957  -0.958  -0.958
   3.000  -2.978  -2.451  -2.072  -1.470  -1.081  -0.914  -0.932  -1.141  -1.208  -1.208  -1.209  -1.210  -1.210
   4.750
   0.000  -0.144   0.416   0.828   1.551   2.195   2.567   2.806   3.060   3.112   3.082   3.058   3.017   3.017
   0.301  -0.171   0.387   0.800   1.523   2.165   2.538   2.777   3.030   3.082   3.052   3.028   2.987   2.987
   0.699  -0.320   0.228   0.643   1.368   2.003   2.379   2.622   2.867   2.916   2.885   2.860   2.817   2.817
   1.000  -0.613  -0.075   0.342   1.071   1.698   2.078   2.319   2.550   2.569   2.539   2.514   2.473   2.473
   1.176  -0.858  -0.323   0.093   0.826   1.451   1.831   2.068   2.288   2.268   2.240   2.217   2.179   2.179
   1.301  -1.053  -0.519  -0.103   0.632   1.256   1.636   1.869   2.081   2.023   1.998   1.978   1.943   1.943
   1.477  -1.345  -0.812  -0.397   0.341   0.964   1.344   1.568   1.768   1.652   1.631   1.615   1.586   1.586
   1.602  -1.560  -1.026  -0.613   0.127   0.749   1.127   1.344   1.536   1.377   1.360   1.346   1.323   1.323
   1.699  -1.729  -1.196  -0.783  -0.042   0.578   0.956   1.166   1.352   1.160   1.146   1.134   1.115   1.115
   1.778  -1.868  -1.335  -0.924  -0.181   0.437   0.813   1.018   1.199   0.980   0.968   0.959   0.942   0.942
   1.845  -1.984  -1.451  -1.040  -0.297   0.319   0.693   0.895   1.072   0.831   0.821   0.813   0.799   0.799
   1.903  -1.975  -1.443  -1.031  -0.288   0.325   0.701   0.901   1.077   0.816   0.808   0.801   0.789   0.789
   2.000  -1.961  -1.430  -1.016  -0.275   0.334   0.710   0.908   1.083   0.790   0.784   0.779   0.771   0.771
   2.079  -1.950  -1.421  -1.005  -0.265   0.338   0.714   0.910   1.085   0.767   0.763   0.760   0.754   0.754
   2.146  -1.942  -1.414  -0.997  -0.259   0.339   0.714   0.908   1.083   0.746   0.743   0.742   0.738   0.738
   2.255  -2.023  -1.493  -1.080  -0.353   0.230   0.589   0.764   0.881   0.544   0.542   0.541   0.538   0.538
   2.301  -2.057  -1.527  -1.116  -0.394   0.182   0.534   0.700   0.794   0.458   0.456   0.455   0.453   0.453
   2.398  -2.131  -1.600  -1.194  -0.484   0.075   0.410   0.558   0.601   0.272   0.271   0.270   0.269   0.269
   2.477  -2.194  -1.663  -1.260  -0.562  -0.019   0.300   0.431   0.435   0.117   0.116   0.116   0.115   0.115
   2.602  -2.297  -1.768  -1.371  -0.695  -0.182   0.108   0.210   0.154  -0.137  -0.137  -0.137  -0.138  -0.138
   2.699  -2.381  -1.855  -1.464  -0.808  -0.324  -0.061   0.015  -0.085  -0.342  -0.343  -0.343  -0.343  -0.343
   2.778  -2.454  -1.931  -1.546  -0.909  -0.454  -0.216  -0.163  -0.297  -0.518  -0.518  -0.518  -0.518  -0.518
   2.845  -2.518  -2.000  -1.620  -1.001  -0.574  -0.361  -0.330  -0.490  -0.673  -0.673  -0.673  -0.673  -0.673
   2.903  -2.577  -2.062  -1.687  -1.088  -0.687  -0.499  -0.489  -0.670  -0.812  -0.812  -0.813  -0.813  -0.813
   3.000  -2.681  -2.176  -1.811  -1.246  -0.900  -0.759  -0.789  -1.002  -1.058  -1.059  -1.059  -1.060  -1.060
   5.000
   0.000   0.089   0.628   1.028   1.716   2.312   2.654   2.871   3.099   3.142   3.113   3.089   3.049   3.049
   0.301   0.063   0.600   1.000   1.689   2.283   2.626   2.844   3.071   3.114   3.085   3.061   3.020   3.020
   0.699  -0.081   0.447   0.850   1.540   2.127   2.473   2.694   2.914   2.955   2.924   2.900   2.858   2.858
   1.000  -0.364   0.155   0.559   1.253   1.832   2.182   2.403   2.611   2.621   2.592   2.568   2.527   2.527
   1.176  -0.600  -0.084   0.320   1.016   1.594   1.944   2.161   2.360   2.332   2.305   2.283   2.245   2.245
   1.301  -0.788  -0.272   0.131   0.829   1.406   1.756   1.969   2.160   2.097   2.073   2.053   2.019   2.019
   1.477  -1.070  -0.554  -0.152   0.549   1.124   1.474   1.679   1.860   1.741   1.721   1.705   1.677   1.677
   1.602  -1.277  -0.761  -0.360   0.342   0.916   1.265   1.464   1.638   1.477   1.460   1.447   1.424   1.424
   1.699  -1.440  -0.924  -0.524   0.179   0.751   1.099   1.292   1.461   1.269   1.254   1.243   1.224   1.224
   1.778  -1.575  -1.059  -0.660   0.044   0.615   0.961   1.149   1.314   1.096   1.084   1.075   1.059   1.059
   1.845  -1.686  -1.170  -0.772  -0.068   0.501   0.846   1.030   1.192   0.953   0.943   0.935   0.921   0.921
   1.903  -1.678  -1.163  -0.763  -0.059   0.507   0.852   1.035   1.196   0.937   0.928   0.921   0.910   0.910
   2.000  -1.665  -1.150  -0.749  -0.046   0.515   0.860   1.041   1.199   0.908   0.902   0.898   0.889   0.889
   2.079  -1.655  -1.141  -0.738  -0.037   0.519   0.864   1.042   1.199   0.884   0.880   0.876   0.871   0.871
   2.146  -1.647  -1.135  -0.731  -0.031   0.520   0.863   1.039   1.195   0.861   0.858   0.857   0.853   0.853
   2.255  -1.725  -1.212  -0.812  -0.124   0.412   0.740   0.898   0.998   0.664   0.662   0.661   0.658   0.658
   2.301  -1.759  -1.245  -0.847  -0.164   0.365   0.686   0.835   0.912   0.580   0.578   0.577   0.575   0.575
   2.398  -1.831  -1.318  -0.924  -0.253   0.259   0.563   0.694   0.723   0.399   0.398   0.397   0.395   0.395
   2.477  -1.893  -1.380  -0.989  -0.330   0.166   0.455   0.570   0.560   0.247   0.246   0.246   0.245   0.245
   2.602  -1.993  -1.483  -1.099  -0.461   0.005   0.265   0.352   0.284  -0.001  -0.001  -0.001  -0.002  -0.002
   2.699  -2.076  -1.568  -1.191  -0.573  -0.136   0.098   0.159   0.049  -0.202  -0.202  -0.202  -0.203  -0.203
   2.778  -2.147  -1.643  -1.271  -0.673  -0.264  -0.056  -0.018  -0.161  -0.374  -0.374  -0.374  -0.374  -0.374
   2.845  -2.210  -1.711  -1.344  -0.765  -0.384  -0.200  -0.184  -0.352  -0.526  -0.526  -0.526  -0.526  -0.526
   2.903  -2.268  -1.773  -1.411  -0.850  -0.496  -0.336  -0.341  -0.530  -0.662  -0.663  -0.663  -0.663  -0.663
   3.000  -2.370  -1.885  -1.534  -1.008  -0.708  -0.594  -0.639  -0.857  -0.904  -0.905  -0.905  -0.906  -0.906
   5.250
   0.000   0.321   0.841   1.227   1.881   2.428   2.740   2.936   3.139   3.173   3.144   3.121   3.081   3.081
   0.301   0.296   0.814   1.200   1.855   2.400   2.713   2.910   3.111   3.146   3.117   3.094   3.054   3.054
   0.699   0.158   0.667   1.056   1.711   2.250   2.566   2.766   2.962   2.993   2.963   2.939   2.898   2.898
   1.000  -0.115   0.386   0.776   1.434   1.967   2.286   2.486   2.671   2.674   2.645   2.621   2.581   2.581
   1.176  -0.342   0.156   0.547   1.207   1.737   2.057   2.254   2.431   2.397   2.370   2.348   2.312   2.312
   1.301  -0.523  -0.026   0.365   1.027   1.555   1.876   2.069   2.240   2.172   2.147   2.128   2.095   2.095
   1.477  -0.794  -0.297   0.093   0.756   1.284   1.604   1.790   1.953   1.830   1.810   1.794   1.767   1.767
   1.602  -0.994  -0.496  -0.107   0.557   1.083   1.403   1.583   1.740   1.577   1.561   1.548   1.525   1.525
   1.699  -1.151  -0.653  -0.265   0.400   0.925   1.243   1.418   1.570   1.377   1.363   1.352   1.333   1.333
   1.778  -1.281  -0.783  -0.395   0.270   0.793   1.110   1.281   1.429   1.212   1.200   1.191   1.175   1.175
   1.845  -1.388  -0.890  -0.503   0.162   0.683   0.998   1.165   1.312   1.074   1.064   1.057   1.043   1.043
   1.903  -1.381  -0.882  -0.495   0.170   0.689   1.004   1.170   1.314   1.057   1.049   1.042   1.031   1.031
   2.000  -1.368  -0.870  -0.481   0.183   0.696   1.011   1.174   1.316   1.026   1.020   1.016   1.008   1.008
   2.079  -1.359  -0.862  -0.471   0.191   0.700   1.014   1.174   1.314   1.000   0.996   0.993   0.988   0.988
   2.146  -1.352  -0.855  -0.464   0.197   0.700   1.012   1.170   1.308   0.976   0.973   0.972   0.968   0.968
   2.255  -1.428  -0.931  -0.544   0.105   0.594   0.891   1.031   1.115   0.784   0.782   0.781   0.778   0.778
   2.301  -1.461  -0.964  -0.578   0.065   0.547   0.838   0.970   1.031   0.702   0.700   0.699   0.697   0.697
   2.398  -1.531  -1.035  -0.654  -0.022   0.443   0.717   0.831   0.845   0.525   0.524   0.523   0.522   0.522
   2.477  -1.591  -1.096  -0.718  -0.098   0.351   0.610   0.709   0.685   0.377   0.376   0.376   0.375   0.375
   2.602  -1.690  -1.197  -0.827  -0.228   0.192   0.423   0.493   0.413   0.135   0.135   0.135   0.134   0.134
   2.699  -1.770  -1.282  -0.917  -0.339   0.052   0.257   0.302   0.182  -0.062  -0.062  -0.062  -0.062  -0.062
   2.778  -1.840  -1.356  -0.997  -0.437  -0.075   0.105   0.127  -0.024  -0.230  -0.230  -0.230  -0.230  -0.230
   2.845  -1.902  -1.422  -1.069  -0.528  -0.194  -0.038  -0.037  -0.213  -0.379  -0.379  -0.379  -0.379  -0.379
   2.903  -1.958  -1.483  -1.135  -0.613  -0.306  -0.174  -0.193  -0.389  -0.513  -0.513  -0.513  -0.514  -0.514
   3.000  -2.059  -1.594  -1.256  -0.769  -0.516  -0.430  -0.489  -0.713  -0.750  -0.751  -0.751  -0.752  -0.752
   5.500
   0.000   0.539   1.038   1.410   2.031   2.533   2.818   2.995   3.174   3.199   3.170   3.147   3.108   3.108
   0.301   0.515   1.012   1.385   2.006   2.507   2.792   2.970   3.147   3.173   3.144   3.121   3.082   3.082
   0.699   0.382   0.871   1.246   1.868   2.362   2.650   2.832   3.004   3.027   2.997   2.974   2.933   2.933
   1.000   0.120   0.601   0.978   1.601   2.090   2.381   2.563   2.727   2.722   2.693   2.670   2.631   2.631
   1.176  -0.099   0.380   0.757   1.383   1.868   2.161   2.340   2.498   2.456   2.430   2.409   2.373   2.373
   1.301  -0.273   0.206   0.583   1.209   1.694   1.987   2.163   2.315   2.241   2.217   2.198   2.166   2.166
   1.477  -0.534  -0.055   0.321   0.949   1.432   1.725   1.895   2.040   1.915   1.895   1.879   1.853   1.853
   1.602  -0.726  -0.246   0.129   0.758   1.240   1.531   1.696   1.837   1.673   1.656   1.643   1.621   1.621
   1.699  -0.877  -0.397  -0.022   0.606   1.087   1.377   1.537   1.675   1.481   1.467   1.457   1.438   1.438
   1.778  -1.002  -0.522  -0.147   0.481   0.960   1.249   1.404   1.540   1.323   1.311   1.302   1.286   1.286
   1.845  -1.106  -0.625  -0.251   0.377   0.854   1.142   1.294   1.427   1.191   1.181   1.174   1.160   1.160
   1.903  -1.098  -0.617  -0.242   0.385   0.859   1.147   1.298   1.428   1.172   1.164   1.158   1.146   1.146
   2.000  -1.086  -0.606  -0.229   0.396   0.866   1.153   1.301   1.427   1.140   1.134   1.129   1.121   1.121
   2.079  -1.078  -0.597  -0.220   0.404   0.869   1.155   1.299   1.423   1.111   1.108   1.105   1.099   1.099
   2.146  -1.071  -0.591  -0.213   0.409   0.869   1.153   1.295   1.416   1.086   1.083   1.082   1.079   1.079
   2.255  -1.145  -0.666  -0.291   0.319   0.765   1.034   1.158   1.227   0.899   0.897   0.896   0.894   0.894
   2.301  -1.177  -0.698  -0.326   0.280   0.719   0.981   1.097   1.144   0.819   0.817   0.816   0.814   0.814
   2.398  -1.246  -0.768  -0.400   0.193   0.616   0.862   0.961   0.963   0.647   0.646   0.645   0.644   0.644
   2.477  -1.304  -0.827  -0.464   0.119   0.525   0.756   0.840   0.806   0.502   0.502   0.501   0.500   0.500
   2.602  -1.401  -0.927  -0.570  -0.009   0.367   0.571   0.627   0.538   0.266   0.266   0.266   0.265   0.265
   2.699  -1.480  -1.010  -0.660  -0.119   0.229   0.407   0.439   0.310   0.074   0.074   0.074   0.073   0.073
   2.778  -1.548  -1.083  -0.739  -0.216   0.103   0.256   0.265   0.107  -0.091  -0.091  -0.091  -0.091  -0.091
   2.845  -1.609  -1.149  -0.810  -0.306  -0.015   0.114   0.103  -0.079  -0.236  -0.236  -0.237  -0.237  -0.237
   2.903  -1.664  -1.209  -0.876  -0.390  -0.126  -0.020  -0.052  -0.253  -0.368  -0.368  -0.368  -0.369  -0.369
   3.000  -1.763  -1.319  -0.995  -0.545  -0.335  -0.275  -0.345  -0.574  -0.601  -0.601  -0.602  -0.603  -0.603
   5.750
   0.000   0.743   1.220   1.577   2.166   2.627   2.887   3.046   3.204   3.220   3.192   3.169   3.131   3.131
   0.301   0.719   1.195   1.553   2.142   2.602   2.862   3.022   3.179   3.195   3.167   3.144   3.106   3.106
   0.699   0.592   1.060   1.420   2.009   2.463   2.726   2.890   3.042   3.056   3.027   3.004   2.964   2.964
   1.000   0.340   0.801   1.163   1.754   2.201   2.467   2.632   2.778   2.764   2.736   2.714   2.676   2.676
   1.176   0.130   0.589   0.952   1.543   1.989   2.256   2.419   2.559   2.511   2.485   2.465   2.430   2.430
   1.301  -0.037   0.422   0.784   1.377   1.821   2.089   2.249   2.386   2.306   2.283   2.264   2.232   2.232
   1.477  -0.288   0.172   0.534   1.127   1.570   1.837   1.992   2.123   1.994   1.975   1.960   1.933   1.933
   1.602  -0.473  -0.011   0.350   0.943   1.384   1.651   1.801   1.929   1.763   1.747   1.734   1.712   1.712
   1.699  -0.618  -0.156   0.205   0.797   1.237   1.503   1.649   1.774   1.580   1.567   1.556   1.538   1.538
   1.778  -0.738  -0.275   0.085   0.677   1.115   1.380   1.521   1.645   1.429   1.417   1.408   1.393   1.393
   1.845  -0.837  -0.374  -0.014   0.577   1.013   1.276   1.415   1.537   1.303   1.293   1.286   1.273   1.273
   1.903  -0.830  -0.367  -0.006   0.584   1.018   1.281   1.418   1.537   1.283   1.275   1.268   1.257   1.257
   2.000  -0.819  -0.356   0.006   0.595   1.025   1.286   1.420   1.534   1.248   1.242   1.238   1.230   1.230
   2.079  -0.811  -0.348   0.016   0.602   1.027   1.287   1.417   1.528   1.218   1.214   1.211   1.206   1.206
   2.146  -0.805  -0.342   0.022   0.607   1.027   1.284   1.412   1.520   1.191   1.189   1.187   1.184   1.184
   2.255  -0.877  -0.415  -0.055   0.518   0.924   1.167   1.278   1.334   1.009   1.007   1.006   1.004   1.004
   2.301  -0.908  -0.446  -0.089   0.480   0.879   1.115   1.218   1.253   0.931   0.930   0.929   0.927   0.927
   2.398  -0.976  -0.515  -0.162   0.394   0.777   0.998   1.084   1.075   0.764   0.763   0.762   0.761   0.761
   2.477  -1.032  -0.574  -0.225   0.321   0.688   0.893   0.965   0.921   0.623   0.622   0.622   0.621   0.621
   2.602  -1.126  -0.672  -0.330   0.194   0.531   0.710   0.754   0.658   0.392   0.392   0.392   0.392   0.392
   2.699  -1.204  -0.754  -0.418   0.086   0.394   0.548   0.568   0.434   0.204   0.204   0.204   0.204   0.204
   2.778  -1.270  -0.825  -0.496  -0.011   0.269   0.398   0.396   0.233   0.043   0.043   0.043   0.043   0.043
   2.845  -1.330  -0.890  -0.567  -0.099   0.153   0.258   0.235   0.050  -0.099  -0.099  -0.099  -0.099  -0.099
   2.903  -1.384  -0.950  -0.632  -0.182   0.042   0.124   0.082  -0.122  -0.228  -0.228  -0.228  -0.229  -0.229
   3.000  -1.481  -1.058  -0.750  -0.336  -0.165  -0.129  -0.210  -0.439  -0.456  -0.457  -0.457  -0.458  -0.458
   6.000
   0.000   0.931   1.387   1.728   2.286   2.710   2.946   3.090   3.229   3.236   3.208   3.186   3.148   3.148
   0.301   0.909   1.363   1.705   2.263   2.685   2.922   3.067   3.205   3.213   3.185   3.163   3.125   3.125
   0.699   0.786   1.234   1.577   2.136   2.552   2.792   2.941   3.076   3.080   3.051   3.029   2.990   2.990
   1.000   0.545   0.986   1.332   1.891   2.301   2.545   2.695   2.824   2.802   2.775   2.753   2.715   2.715
   1.176   0.344   0.784   1.130   1.689   2.098   2.342   2.491   2.616   2.561   2.536   2.516   2.482   2.482
   1.301   0.183   0.624   0.970   1.529   1.937   2.182   2.328   2.451   2.366   2.343   2.325   2.294   2.294
   1.477  -0.057   0.384   0.731   1.290   1.696   1.941   2.082   2.201   2.069   2.050   2.035   2.009   2.009
   1.602  -0.234   0.208   0.555   1.113   1.518   1.762   1.899   2.016   1.849   1.833   1.820   1.799   1.799
   1.699  -0.374   0.070   0.416   0.973   1.377   1.620   1.753   1.869   1.674   1.661   1.651   1.633   1.633
   1.778  -0.489  -0.044   0.301   0.858   1.259   1.501   1.631   1.746   1.530   1.519   1.510   1.495   1.495
   1.845  -0.584  -0.139   0.206   0.762   1.161   1.402   1.529   1.643   1.410   1.401   1.393   1.380   1.380
   1.903  -0.577  -0.132   0.214   0.769   1.166   1.406   1.531   1.641   1.389   1.381   1.374   1.363   1.363
   2.000  -0.567  -0.121   0.226   0.779   1.172   1.410   1.532   1.636   1.352   1.346   1.342   1.334   1.334
   2.079  -0.559  -0.113   0.235   0.786   1.174   1.410   1.528   1.628   1.320   1.316   1.313   1.308   1.308
   2.146  -0.554  -0.108   0.241   0.790   1.174   1.406   1.522   1.618   1.291   1.289   1.288   1.285   1.285
   2.255  -0.624  -0.179   0.165   0.702   1.072   1.291   1.390   1.436   1.114   1.113   1.112   1.110   1.110
   2.301  -0.654  -0.210   0.132   0.664   1.028   1.240   1.332   1.357   1.039   1.038   1.037   1.035   1.035
   2.398  -0.720  -0.278   0.060   0.580   0.927   1.124   1.200   1.183   0.876   0.875   0.874   0.873   0.873
   2.477  -0.775  -0.335  -0.002   0.508   0.839   1.022   1.082   1.032   0.739   0.738   0.738   0.737   0.737
   2.602  -0.867  -0.431  -0.106   0.383   0.684   0.841   0.875   0.773   0.514   0.514   0.513   0.513   0.513
   2.699  -0.942  -0.512  -0.193   0.276   0.549   0.680   0.690   0.552   0.330   0.330   0.330   0.330   0.330
   2.778  -1.008  -0.583  -0.270   0.180   0.425   0.532   0.520   0.355   0.173   0.173   0.173   0.173   0.173
   2.845  -1.066  -0.647  -0.340   0.092   0.309   0.393   0.361   0.174   0.034   0.034   0.033   0.033   0.033
   2.903  -1.119  -0.705  -0.404   0.010   0.200   0.260   0.208   0.004  -0.092  -0.093  -0.093  -0.093  -0.093
   3.000  -1.215  -0.812  -0.522  -0.142  -0.007   0.009  -0.081  -0.309  -0.316  -0.317  -0.318  -0.319  -0.319
   6.250
   0.000   1.105   1.539   1.863   2.391   2.781   2.997   3.127   3.249   3.247   3.220   3.199   3.161   3.161
   0.301   1.084   1.517   1.841   2.369   2.758   2.974   3.105   3.227   3.225   3.198   3.176   3.139   3.139
   0.699   0.966   1.393   1.719   2.247   2.631   2.850   2.985   3.104   3.099   3.071   3.049   3.011   3.011
   1.000   0.735   1.156   1.485   2.013   2.390   2.613   2.750   2.866   2.836   2.809   2.787   2.750   2.750
   1.176   0.543   0.963   1.292   1.820   2.195   2.419   2.555   2.669   2.607   2.582   2.562   2.529   2.529
   1.301   0.389   0.810   1.140   1.667   2.041   2.266   2.400   2.512   2.421   2.399   2.381   2.350   2.350
   1.477   0.159   0.581   0.911   1.437   1.811   2.035   2.165   2.275   2.139   2.120   2.106   2.080   2.080
   1.602  -0.010   0.413   0.743   1.268   1.640   1.864   1.990   2.099   1.930   1.914   1.902   1.881   1.881
   1.699  -0.144   0.281   0.611   1.134   1.505   1.727   1.851   1.959   1.764   1.751   1.740   1.723   1.723
   1.778  -0.254   0.172   0.501   1.024   1.392   1.614   1.734   1.842   1.627   1.616   1.607   1.592   1.592
   1.845  -0.345   0.081   0.410   0.931   1.298   1.518   1.636   1.743   1.512   1.503   1.496   1.483   1.483
   1.903  -0.339   0.088   0.418   0.938   1.303   1.522   1.638   1.741   1.490   1.482   1.476   1.465   1.465
   2.000  -0.330   0.098   0.429   0.948   1.308   1.525   1.637   1.733   1.451   1.445   1.441   1.433   1.433
   2.079  -0.323   0.106   0.438   0.954   1.310   1.524   1.632   1.723   1.417   1.414   1.411   1.406   1.406
   2.146  -0.317   0.111   0.443   0.957   1.309   1.520   1.625   1.712   1.387   1.385   1.383   1.381   1.381
   2.255  -0.386   0.041   0.368   0.872   1.209   1.406   1.496   1.534   1.215   1.214   1.212   1.210   1.210
   2.301  -0.415   0.011   0.336   0.834   1.165   1.356   1.438   1.457   1.142   1.140   1.139   1.138   1.138
   2.398  -0.479  -0.055   0.265   0.751   1.066   1.242   1.308   1.286   0.983   0.982   0.981   0.980   0.980
   2.477  -0.533  -0.112   0.204   0.680   0.979   1.141   1.192   1.137   0.850   0.849   0.849   0.848   0.848
   2.602  -0.622  -0.206   0.102   0.557   0.826   0.962   0.988   0.884   0.630   0.630   0.630   0.630   0.630
   2.699  -0.696  -0.286   0.016   0.451   0.691   0.803   0.805   0.666   0.451   0.451   0.451   0.451   0.451
   2.778  -0.760  -0.355  -0.060   0.356   0.569   0.656   0.637   0.472   0.298   0.298   0.298   0.297   0.297
   2.845  -0.817  -0.418  -0.129   0.269   0.454   0.518   0.479   0.293   0.162   0.161   0.161   0.161   0.161
   2.903  -0.869  -0.476  -0.192   0.188   0.345   0.387   0.328   0.126   0.038   0.038   0.038   0.037   0.037
   3.000  -0.963  -0.582  -0.309   0.037   0.140   0.137   0.041  -0.184  -0.181  -0.182  -0.183  -0.184  -0.184
   6.500
   0.000   1.264   1.676   1.981   2.481   2.842   3.039   3.157   3.265   3.254   3.227   3.206   3.169   3.169
   0.301   1.244   1.655   1.960   2.460   2.819   3.017   3.136   3.244   3.233   3.206   3.185   3.148   3.148
   0.699   1.132   1.537   1.845   2.344   2.697   2.898   3.022   3.128   3.114   3.086   3.064   3.027   3.027
   1.000   0.911   1.311   1.622   2.120   2.468   2.672   2.798   2.902   2.864   2.838   2.817   2.781   2.781
   1.176   0.727   1.127   1.439   1.936   2.282   2.488   2.613   2.716   2.647   2.623   2.604   2.571   2.571
   1.301   0.581   0.981   1.293   1.790   2.135   2.341   2.465   2.567   2.471   2.449   2.432   2.402   2.402
   1.477   0.361   0.763   1.076   1.570   1.914   2.120   2.241   2.343   2.204   2.186   2.171   2.147   2.147
   1.602   0.199   0.603   0.916   1.409   1.751   1.957   2.074   2.177   2.006   1.991   1.978   1.958   1.958
   1.699   0.071   0.477   0.789   1.281   1.622   1.826   1.941   2.044   1.849   1.836   1.826   1.808   1.808
   1.778  -0.034   0.373   0.685   1.175   1.514   1.717   1.830   1.933   1.719   1.708   1.699   1.684   1.684
   1.845  -0.121   0.286   0.598   1.086   1.424   1.626   1.736   1.839   1.610   1.601   1.593   1.581   1.581
   1.903  -0.116   0.293   0.605   1.093   1.428   1.629   1.737   1.835   1.586   1.578   1.572   1.561   1.561
   2.000  -0.107   0.303   0.616   1.102   1.433   1.631   1.735   1.825   1.545   1.539   1.535   1.527   1.527
   2.079  -0.100   0.310   0.624   1.107   1.434   1.629   1.729   1.814   1.510   1.506   1.503   1.498   1.498
   2.146  -0.096   0.315   0.630   1.110   1.433   1.624   1.721   1.800   1.478   1.476   1.474   1.472   1.472
   2.255  -0.162   0.247   0.556   1.026   1.335   1.513   1.594   1.627   1.311   1.310   1.308   1.306   1.306
   2.301  -0.191   0.217   0.524   0.989   1.291   1.463   1.538   1.551   1.240   1.238   1.237   1.236   1.236
   2.398  -0.253   0.152   0.455   0.908   1.193   1.351   1.410   1.384   1.085   1.085   1.084   1.083   1.083
   2.477  -0.305   0.097   0.395   0.837   1.107   1.251   1.296   1.238   0.956   0.955   0.955   0.954   0.954
   2.602  -0.392   0.004   0.294   0.716   0.956   1.074   1.094   0.989   0.742   0.742   0.742   0.742   0.742
   2.699  -0.464  -0.074   0.209   0.611   0.823   0.917   0.914   0.776   0.568   0.568   0.568   0.567   0.567
   2.778  -0.526  -0.143   0.134   0.518   0.701   0.772   0.747   0.584   0.418   0.418   0.418   0.417   0.417
   2.845  -0.582  -0.205   0.066   0.431   0.588   0.635   0.590   0.408   0.285   0.284   0.284   0.284   0.284
   2.903  -0.633  -0.262   0.003   0.351   0.480   0.505   0.441   0.242   0.164   0.164   0.163   0.163   0.163
   3.000  -0.725  -0.367  -0.112   0.201   0.276   0.257   0.156  -0.064  -0.051  -0.052  -0.053  -0.054  -0.054
   6.750
   0.000   1.408   1.798   2.084   2.556   2.890   3.072   3.180   3.276   3.256   3.229   3.209   3.172   3.172
   0.301   1.389   1.778   2.064   2.536   2.869   3.051   3.160   3.256   3.236   3.210   3.189   3.152   3.152
   0.699   1.282   1.666   1.954   2.426   2.753   2.938   3.051   3.146   3.123   3.096   3.075   3.038   3.038
   1.000   1.072   1.451   1.743   2.212   2.535   2.723   2.840   2.934   2.888   2.862   2.841   2.806   2.806
   1.176   0.897   1.276   1.569   2.037   2.357   2.547   2.663   2.758   2.683   2.659   2.641   2.608   2.608
   1.301   0.757   1.137   1.431   1.897   2.217   2.407   2.523   2.618   2.517   2.495   2.478   2.449   2.449
   1.477   0.547   0.930   1.224   1.688   2.006   2.197   2.310   2.407   2.264   2.247   2.232   2.208   2.208
   1.602   0.393   0.778   1.072   1.534   1.851   2.041   2.151   2.249   2.077   2.062   2.050   2.030   2.030
   1.699   0.271   0.658   0.952   1.412   1.727   1.916   2.025   2.124   1.929   1.916   1.906   1.889   1.889
   1.778   0.171   0.558   0.853   1.311   1.624   1.812   1.918   2.019   1.805   1.795   1.786   1.771   1.771
   1.845   0.088   0.476   0.770   1.227   1.538   1.725   1.829   1.931   1.703   1.694   1.686   1.674   1.674
   1.903   0.093   0.482   0.777   1.232   1.542   1.727   1.829   1.925   1.678   1.670   1.664   1.653   1.653
   2.000   0.101   0.492   0.788   1.240   1.546   1.728   1.826   1.913   1.634   1.629   1.624   1.617   1.617
   2.079   0.107   0.499   0.795   1.245   1.547   1.725   1.819   1.899   1.597   1.594   1.591   1.586   1.586
   2.146   0.111   0.504   0.800   1.248   1.546   1.720   1.810   1.884   1.564   1.562   1.561   1.558   1.558
   2.255   0.047   0.437   0.728   1.165   1.449   1.610   1.685   1.715   1.402   1.401   1.400   1.398   1.398
   2.301   0.019   0.408   0.697   1.129   1.406   1.561   1.630   1.641   1.333   1.332   1.331   1.329   1.329
   2.398  -0.041   0.344   0.628   1.049   1.310   1.451   1.504   1.477   1.183   1.182   1.182   1.181   1.181
   2.477  -0.092   0.290   0.569   0.979   1.225   1.352   1.392   1.335   1.057   1.056   1.056   1.055   1.055
   2.602  -0.177   0.199   0.470   0.859   1.075   1.178   1.193   1.090   0.849   0.849   0.849   0.849   0.849
   2.699  -0.247   0.122   0.386   0.756   0.943   1.022   1.015   0.880   0.679   0.679   0.679   0.679   0.679
   2.778  -0.308   0.055   0.312   0.664   0.823   0.878   0.850   0.691   0.533   0.533   0.533   0.533   0.533
   2.845  -0.362  -0.007   0.245   0.578   0.710   0.743   0.695   0.517   0.403   0.403   0.402   0.402   0.402
   2.903  -0.413  -0.063   0.183   0.498   0.603   0.613   0.546   0.354   0.285   0.284   0.284   0.284   0.284
   3.000  -0.503  -0.166   0.069   0.350   0.400   0.367   0.264   0.051   0.074   0.073   0.073   0.072   0.072
   7.000
   0.000   1.538   1.905   2.171   2.617   2.928   3.096   3.196   3.282   3.253   3.227   3.206   3.171   3.171
   0.301   1.519   1.886   2.152   2.597   2.907   3.076   3.177   3.263   3.234   3.208   3.187   3.152   3.152
   0.699   1.418   1.780   2.048   2.492   2.797   2.969   3.074   3.160   3.128   3.102   3.081   3.045   3.045
   1.000   1.218   1.576   1.848   2.289   2.590   2.764   2.874   2.961   2.907   2.881   2.861   2.827   2.827
   1.176   1.051   1.410   1.683   2.122   2.421   2.597   2.707   2.796   2.714   2.691   2.672   2.641   2.641
   1.301   0.919   1.279   1.552   1.990   2.287   2.464   2.574   2.665   2.558   2.537   2.520   2.491   2.491
   1.477   0.719   1.082   1.356   1.791   2.087   2.264   2.372   2.466   2.320   2.302   2.289   2.265   2.265
   1.602   0.573   0.937   1.212   1.644   1.939   2.116   2.221   2.318   2.144   2.129   2.117   2.097   2.097
   1.699   0.457   0.823   1.098   1.528   1.821   1.997   2.101   2.199   2.004   1.991   1.981   1.964   1.964
   1.778   0.361   0.729   1.004   1.432   1.723   1.898   2.000   2.100   1.888   1.877   1.869   1.854   1.854
   1.845   0.282   0.651   0.926   1.352   1.641   1.814   1.915   2.017   1.791   1.782   1.774   1.762   1.762
   1.903   0.287   0.657   0.933   1.357   1.645   1.816   1.914   2.010   1.764   1.757   1.750   1.740   1.740
   2.000   0.294   0.667   0.943   1.364   1.649   1.816   1.909   1.995   1.719   1.713   1.709   1.702   1.702
   2.079   0.300   0.673   0.950   1.369   1.649   1.812   1.902   1.980   1.680   1.676   1.674   1.669   1.669
   2.146   0.303   0.678   0.955   1.371   1.647   1.806   1.892   1.964   1.645   1.643   1.642   1.639   1.639
   2.255   0.241   0.612   0.884   1.289   1.552   1.699   1.770   1.798   1.488   1.487   1.486   1.484   1.484
   2.301   0.214   0.584   0.853   1.254   1.510   1.650   1.715   1.726   1.421   1.420   1.419   1.418   1.418
   2.398   0.156   0.522   0.785   1.175   1.415   1.542   1.592   1.565   1.276   1.275   1.275   1.273   1.273
   2.477   0.106   0.468   0.728   1.106   1.330   1.445   1.481   1.426   1.153   1.153   1.153   1.152   1.152
   2.602   0.024   0.379   0.630   0.988   1.183   1.272   1.285   1.186   0.952   0.951   0.951   0.951   0.951
   2.699  -0.045   0.303   0.547   0.886   1.052   1.118   1.109   0.979   0.786   0.786   0.786   0.786   0.786
   2.778  -0.104   0.237   0.474   0.795   0.933   0.976   0.946   0.794   0.643   0.643   0.643   0.643   0.643
   2.845  -0.157   0.177   0.408   0.710   0.821   0.842   0.792   0.622   0.516   0.516   0.516   0.516   0.516
   2.903  -0.206   0.121   0.346   0.631   0.715   0.713   0.645   0.461   0.401   0.401   0.400   0.400   0.400
   3.000  -0.295   0.019   0.233   0.484   0.514   0.469   0.364   0.162   0.195   0.194   0.193   0.192   0.192
   7.250
   0.000   1.652   1.997   2.241   2.662   2.954   3.111   3.205   3.283   3.245   3.220   3.199   3.164   3.164
   0.301   1.635   1.979   2.223   2.644   2.935   3.092   3.187   3.265   3.228   3.202   3.182   3.147   3.147
   0.699   1.539   1.878   2.125   2.544   2.830   2.990   3.090   3.169   3.128   3.102   3.082   3.046   3.046
   1.000   1.350   1.686   1.936   2.352   2.633   2.797   2.901   2.983   2.921   2.896   2.876   2.843   2.843
   1.176   1.192   1.529   1.781   2.193   2.473   2.638   2.743   2.829   2.740   2.717   2.699   2.669   2.669
   1.301   1.066   1.405   1.657   2.068   2.347   2.512   2.618   2.706   2.594   2.573   2.557   2.529   2.529
   1.477   0.877   1.219   1.473   1.879   2.157   2.323   2.427   2.520   2.371   2.354   2.340   2.317   2.317
   1.602   0.738   1.082   1.336   1.740   2.016   2.182   2.284   2.381   2.205   2.191   2.179   2.160   2.160
   1.699   0.628   0.974   1.229   1.630   1.904   2.069   2.170   2.270   2.074   2.062   2.052   2.035   2.035
   1.778   0.537   0.885   1.140   1.538   1.811   1.975   2.074   2.177   1.965   1.955   1.946   1.932   1.932
   1.845   0.462   0.811   1.066   1.462   1.733   1.895   1.994   2.098   1.874   1.865   1.858   1.845   1.845
   1.903   0.466   0.817   1.072   1.467   1.736   1.896   1.992   2.090   1.846   1.839   1.832   1.822   1.822
   2.000   0.473   0.826   1.082   1.473   1.740   1.895   1.986   2.073   1.798   1.793   1.789   1.782   1.782
   2.079   0.478   0.832   1.089   1.477   1.740   1.890   1.978   2.056   1.758   1.754   1.752   1.747   1.747
   2.146   0.481   0.837   1.093   1.479   1.737   1.884   1.967   2.038   1.722   1.720   1.718   1.716   1.716
   2.255   0.420   0.772   1.023   1.399   1.643   1.778   1.847   1.877   1.570   1.568   1.567   1.566   1.566
   2.301   0.394   0.745   0.993   1.364   1.602   1.731   1.793   1.806   1.505   1.504   1.503   1.501   1.501
   2.398   0.338   0.684   0.927   1.286   1.508   1.624   1.672   1.649   1.364   1.363   1.363   1.362   1.362
   2.477   0.290   0.632   0.870   1.219   1.425   1.528   1.563   1.513   1.245   1.245   1.244   1.244   1.244
   2.602   0.210   0.544   0.773   1.102   1.279   1.358   1.369   1.277   1.049   1.049   1.049   1.048   1.048
   2.699   0.143   0.470   0.692   1.002   1.150   1.206   1.196   1.074   0.888   0.888   0.888   0.888   0.888
   2.778   0.085   0.404   0.620   0.911   1.032   1.065   1.034   0.891   0.749   0.749   0.749   0.748   0.748
   2.845   0.033   0.345   0.554   0.828   0.921   0.932   0.882   0.722   0.625   0.625   0.625   0.624   0.624
   2.903  -0.015   0.290   0.493   0.749   0.815   0.804   0.736   0.564   0.512   0.512   0.511   0.511   0.511
   3.000  -0.102   0.189   0.382   0.603   0.616   0.561   0.458   0.268   0.311   0.310   0.309   0.308   0.308
   7.500
   0.000   1.752   2.074   2.296   2.692   2.969   3.117   3.206   3.279   3.232   3.207   3.187   3.153   3.153
   0.301   1.736   2.056   2.279   2.675   2.951   3.099   3.190   3.263   3.216   3.191   3.171   3.137   3.137
   0.699   1.645   1.962   2.187   2.581   2.852   3.003   3.099   3.174   3.123   3.098   3.078   3.043   3.043
   1.000   1.466   1.781   2.009   2.399   2.666   2.820   2.921   3.001   2.930   2.906   2.887   2.854   2.854
   1.176   1.317   1.633   1.863   2.250   2.515   2.671   2.773   2.857   2.761   2.739   2.722   2.692   2.692
   1.301   1.198   1.516   1.747   2.131   2.395   2.552   2.654   2.743   2.625   2.605   2.589   2.561   2.561
   1.477   1.019   1.340   1.573   1.952   2.215   2.372   2.475   2.569   2.417   2.400   2.387   2.364   2.364
   1.602   0.888   1.212   1.444   1.820   2.082   2.239   2.340   2.439   2.262   2.248   2.237   2.217   2.217
   1.699   0.784   1.110   1.343   1.716   1.976   2.132   2.232   2.336   2.139   2.127   2.118   2.101   2.101
   1.778   0.698   1.026   1.259   1.629   1.887   2.042   2.142   2.249   2.038   2.027   2.019   2.005   2.005
   1.845   0.627   0.956   1.190   1.557   1.813   1.967   2.065   2.175   1.952   1.943   1.936   1.924   1.924
   1.903   0.631   0.961   1.196   1.561   1.816   1.967   2.063   2.165   1.923   1.916   1.910   1.899   1.899
   2.000   0.637   0.970   1.205   1.567   1.819   1.965   2.056   2.146   1.873   1.868   1.864   1.857   1.857
   2.079   0.641   0.976   1.211   1.571   1.819   1.960   2.046   2.127   1.831   1.828   1.825   1.820   1.820
   2.146   0.643   0.980   1.215   1.572   1.816   1.952   2.034   2.108   1.793   1.792   1.790   1.788   1.788
   2.255   0.585   0.918   1.147   1.493   1.724   1.849   1.917   1.950   1.646   1.645   1.644   1.642   1.642
   2.301   0.560   0.890   1.117   1.459   1.683   1.802   1.865   1.881   1.584   1.582   1.582   1.580   1.580
   2.398   0.505   0.831   1.052   1.382   1.590   1.697   1.745   1.728   1.447   1.446   1.446   1.445   1.445
   2.477   0.459   0.780   0.996   1.316   1.509   1.603   1.638   1.594   1.332   1.332   1.331   1.330   1.330
   2.602   0.381   0.694   0.901   1.201   1.364   1.435   1.447   1.364   1.142   1.141   1.141   1.141   1.141
   2.699   0.316   0.621   0.821   1.102   1.237   1.284   1.275   1.164   0.985   0.985   0.985   0.985   0.985
   2.778   0.259   0.556   0.750   1.012   1.119   1.145   1.116   0.984   0.850   0.849   0.849   0.849   0.849
   2.845   0.208   0.498   0.685   0.930   1.009   1.013   0.965   0.818   0.729   0.729   0.728   0.728   0.728
   2.903   0.161   0.444   0.624   0.852   0.905   0.886   0.820   0.661   0.619   0.618   0.618   0.617   0.617
   3.000   0.077   0.345   0.514   0.707   0.706   0.645   0.544   0.369   0.422   0.421   0.420   0.419   0.419
   7.750
   0.000   1.838   2.136   2.334   2.708   2.972   3.114   3.201   3.271   3.215   3.190   3.171   3.137   3.137
   0.301   1.822   2.119   2.318   2.692   2.955   3.097   3.186   3.256   3.200   3.175   3.156   3.122   3.122
   0.699   1.737   2.031   2.232   2.603   2.862   3.007   3.100   3.173   3.114   3.089   3.069   3.035   3.035
   1.000   1.568   1.861   2.065   2.432   2.687   2.835   2.934   3.013   2.934   2.911   2.892   2.860   2.860
   1.176   1.427   1.722   1.928   2.291   2.545   2.694   2.795   2.881   2.778   2.756   2.739   2.710   2.710
   1.301   1.315   1.612   1.820   2.179   2.432   2.582   2.684   2.774   2.651   2.631   2.616   2.589   2.589
   1.477   1.147   1.447   1.657   2.010   2.262   2.413   2.515   2.614   2.458   2.441   2.428   2.406   2.406
   1.602   1.023   1.326   1.536   1.886   2.136   2.287   2.389   2.493   2.314   2.300   2.289   2.270   2.270
   1.699   0.925   1.230   1.441   1.787   2.036   2.186   2.288   2.397   2.200   2.188   2.179   2.163   2.163
   1.778   0.844   1.151   1.363   1.705   1.953   2.101   2.202   2.316   2.105   2.095   2.087   2.073   2.073
   1.845   0.777   1.086   1.297   1.637   1.882   2.030   2.130   2.247   2.026   2.017   2.010   1.998   1.998
   1.903   0.781   1.091   1.303   1.641   1.885   2.030   2.127   2.236   1.996   1.988   1.982   1.972   1.972
   2.000   0.786   1.099   1.312   1.647   1.887   2.026   2.118   2.214   1.943   1.938   1.934   1.927   1.927
   2.079   0.789   1.105   1.317   1.649   1.887   2.020   2.108   2.193   1.899   1.896   1.893   1.889   1.889
   2.146   0.791   1.109   1.321   1.650   1.884   2.012   2.095   2.172   1.860   1.858   1.857   1.855   1.855
   2.255   0.735   1.048   1.254   1.573   1.793   1.910   1.980   2.019   1.718   1.717   1.716   1.714   1.714
   2.301   0.711   1.021   1.225   1.539   1.752   1.865   1.929   1.952   1.658   1.656   1.656   1.654   1.654
   2.398   0.658   0.963   1.161   1.464   1.661   1.761   1.811   1.802   1.526   1.525   1.524   1.523   1.523
   2.477   0.613   0.913   1.106   1.398   1.581   1.668   1.706   1.671   1.414   1.414   1.413   1.413   1.413
   2.602   0.537   0.828   1.013   1.285   1.438   1.502   1.518   1.445   1.230   1.229   1.229   1.229   1.229
   2.699   0.474   0.757   0.933   1.187   1.312   1.354   1.348   1.249   1.077   1.077   1.077   1.077   1.077
   2.778   0.419   0.694   0.863   1.099   1.196   1.215   1.191   1.072   0.945   0.945   0.945   0.945   0.945
   2.845   0.369   0.636   0.799   1.017   1.087   1.085   1.041   0.908   0.828   0.828   0.827   0.827   0.827
   2.903   0.323   0.583   0.740   0.940   0.983   0.959   0.898   0.754   0.720   0.720   0.720   0.719   0.719
   3.000   0.240   0.485   0.630   0.796   0.785   0.720   0.624   0.465   0.528   0.527   0.526   0.525   0.525
   8.000
   0.000   1.908   2.182   2.356   2.708   2.965   3.102   3.189   3.257   3.193   3.169   3.149   3.116   3.116
   0.301   1.894   2.167   2.341   2.693   2.949   3.086   3.174   3.244   3.179   3.155   3.135   3.102   3.102
   0.699   1.814   2.084   2.261   2.610   2.862   3.002   3.095   3.168   3.100   3.075   3.056   3.023   3.023
   1.000   1.655   1.925   2.106   2.449   2.697   2.841   2.939   3.021   2.934   2.911   2.893   2.861   2.861
   1.176   1.523   1.795   1.978   2.317   2.563   2.708   2.810   2.899   2.790   2.769   2.752   2.723   2.723
   1.301   1.418   1.693   1.877   2.212   2.457   2.603   2.707   2.801   2.672   2.653   2.638   2.612   2.612
   1.477   1.260   1.539   1.724   2.054   2.298   2.445   2.549   2.653   2.494   2.478   2.465   2.444   2.444
   1.602   1.144   1.425   1.612   1.937   2.180   2.326   2.431   2.542   2.361   2.348   2.337   2.318   2.318
   1.699   1.052   1.336   1.524   1.844   2.085   2.231   2.336   2.453   2.256   2.244   2.235   2.219   2.219
   1.778   0.976   1.262   1.450   1.767   2.006   2.151   2.256   2.378   2.168   2.158   2.150   2.136   2.136
   1.845   0.913   1.200   1.389   1.702   1.940   2.084   2.188   2.314   2.095   2.086   2.079   2.067   2.067
   1.903   0.916   1.205   1.394   1.706   1.943   2.083   2.184   2.302   2.063   2.056   2.050   2.040   2.040
   2.000   0.920   1.213   1.402   1.711   1.944   2.079   2.174   2.278   2.009   2.004   1.999   1.993   1.993
   2.079   0.923   1.219   1.408   1.713   1.943   2.072   2.162   2.255   1.963   1.959   1.957   1.952   1.952
   2.146   0.925   1.223   1.411   1.713   1.940   2.063   2.149   2.232   1.922   1.921   1.919   1.917   1.917
   2.255   0.870   1.163   1.345   1.637   1.851   1.963   2.036   2.083   1.785   1.784   1.783   1.782   1.782
   2.301   0.847   1.137   1.317   1.604   1.811   1.918   1.986   2.017   1.727   1.726   1.725   1.723   1.723
   2.398   0.795   1.080   1.254   1.530   1.721   1.816   1.870   1.871   1.599   1.599   1.598   1.597   1.597
   2.477   0.752   1.031   1.200   1.466   1.641   1.725   1.767   1.743   1.491   1.491   1.491   1.490   1.490
   2.602   0.679   0.948   1.108   1.354   1.501   1.561   1.581   1.522   1.313   1.312   1.312   1.312   1.312
   2.699   0.617   0.878   1.030   1.258   1.376   1.414   1.414   1.330   1.165   1.165   1.165   1.164   1.164
   2.778   0.564   0.816   0.961   1.170   1.261   1.277   1.258   1.155   1.037   1.036   1.036   1.036   1.036
   2.845   0.515   0.759   0.897   1.089   1.152   1.148   1.110   0.994   0.922   0.922   0.921   0.921   0.921
   2.903   0.470   0.706   0.839   1.013   1.049   1.023   0.968   0.842   0.817   0.817   0.816   0.816   0.816
   3.000   0.389   0.610   0.730   0.871   0.853   0.786   0.696   0.557   0.629   0.628   0.627   0.626   0.626
   
