 log psa(g), T, damp =  0.30  0.05
  1.00   -0.97 -0.81 -0.66 -0.53 -0.42 -0.31 -0.21 -0.12 -0.03  0.05  0.13  0.20  0.28  0.35  0.41  0.48  0.54  0.61  0.67  0.73
  1.10   -1.08 -0.91 -0.77 -0.64 -0.53 -0.42 -0.32 -0.23 -0.14 -0.06  0.02  0.10  0.17  0.24  0.31  0.38  0.44  0.50  0.57  0.63
  1.20   -1.19 -1.02 -0.88 -0.75 -0.64 -0.53 -0.43 -0.34 -0.25 -0.17 -0.09 -0.01  0.06  0.13  0.20  0.27  0.33  0.40  0.46  0.52
  1.30   -1.30 -1.14 -0.99 -0.86 -0.75 -0.64 -0.54 -0.45 -0.36 -0.28 -0.20 -0.12 -0.05  0.03  0.09  0.16  0.23  0.29  0.36  0.42
  1.40   -1.41 -1.25 -1.11 -0.98 -0.86 -0.76 -0.66 -0.57 -0.48 -0.39 -0.31 -0.23 -0.16 -0.09 -0.02  0.05  0.12  0.18  0.25  0.31
  1.50   -1.53 -1.37 -1.23 -1.10 -0.98 -0.88 -0.78 -0.68 -0.59 -0.51 -0.43 -0.35 -0.27 -0.20 -0.13 -0.06  0.01  0.07  0.14  0.20
  1.60   -1.66 -1.50 -1.35 -1.23 -1.11 -1.00 -0.90 -0.81 -0.72 -0.63 -0.55 -0.47 -0.39 -0.31 -0.24 -0.17 -0.11 -0.04  0.02  0.09
  1.70   -1.79 -1.63 -1.48 -1.36 -1.24 -1.13 -1.03 -0.93 -0.84 -0.75 -0.67 -0.59 -0.51 -0.44 -0.36 -0.29 -0.22 -0.16 -0.09 -0.03
  1.80   -1.93 -1.77 -1.62 -1.49 -1.37 -1.26 -1.16 -1.07 -0.97 -0.88 -0.80 -0.72 -0.64 -0.56 -0.49 -0.41 -0.34 -0.28 -0.21 -0.15
  1.90   -2.02 -1.85 -1.71 -1.58 -1.46 -1.35 -1.25 -1.15 -1.06 -0.97 -0.88 -0.80 -0.71 -0.64 -0.56 -0.49 -0.42 -0.35 -0.28 -0.21
  2.00   -2.07 -1.91 -1.76 -1.63 -1.51 -1.40 -1.30 -1.20 -1.10 -1.01 -0.92 -0.84 -0.75 -0.67 -0.60 -0.52 -0.45 -0.38 -0.31 -0.24
  2.10   -2.13 -1.97 -1.82 -1.69 -1.57 -1.46 -1.35 -1.25 -1.16 -1.06 -0.97 -0.89 -0.80 -0.72 -0.64 -0.56 -0.49 -0.42 -0.35 -0.28
  2.20   -2.25 -2.08 -1.93 -1.80 -1.68 -1.57 -1.46 -1.36 -1.26 -1.17 -1.08 -0.99 -0.90 -0.82 -0.74 -0.66 -0.58 -0.51 -0.44 -0.37
  2.30   -2.38 -2.21 -2.06 -1.93 -1.81 -1.70 -1.59 -1.49 -1.39 -1.29 -1.20 -1.11 -1.02 -0.94 -0.85 -0.77 -0.70 -0.62 -0.55 -0.48
  2.40   -2.53 -2.36 -2.21 -2.08 -1.96 -1.84 -1.73 -1.63 -1.53 -1.43 -1.34 -1.25 -1.16 -1.07 -0.99 -0.90 -0.82 -0.75 -0.67 -0.60
  2.50   -2.69 -2.52 -2.37 -2.24 -2.12 -2.00 -1.89 -1.79 -1.69 -1.59 -1.50 -1.40 -1.31 -1.22 -1.13 -1.05 -0.97 -0.89 -0.81 -0.74
  2.60   -2.88 -2.71 -2.56 -2.42 -2.30 -2.18 -2.08 -1.97 -1.87 -1.77 -1.67 -1.58 -1.48 -1.39 -1.30 -1.22 -1.13 -1.05 -0.97 -0.90
  2.70   -3.09 -2.92 -2.77 -2.63 -2.51 -2.39 -2.28 -2.18 -2.07 -1.97 -1.87 -1.78 -1.68 -1.59 -1.50 -1.41 -1.32 -1.24 -1.16 -1.08
  2.80   -3.33 -3.16 -3.01 -2.87 -2.75 -2.63 -2.52 -2.41 -2.31 -2.20 -2.11 -2.01 -1.91 -1.82 -1.72 -1.63 -1.54 -1.46 -1.37 -1.29
  2.90   -3.61 -3.44 -3.29 -3.15 -3.02 -2.91 -2.79 -2.68 -2.58 -2.47 -2.37 -2.27 -2.17 -2.08 -1.98 -1.89 -1.80 -1.71 -1.62 -1.54
  3.00   -3.95 -3.77 -3.62 -3.48 -3.35 -3.22 -3.11 -3.00 -2.89 -2.78 -2.67 -2.57 -2.47 -2.37 -2.27 -2.17 -2.08 -1.99 -1.90 -1.81
