 log psa(g), T, damp =  0.50  0.05
  1.00   -1.64 -1.43 -1.23 -1.06 -0.91 -0.78 -0.66 -0.55 -0.45 -0.36 -0.27 -0.19 -0.11 -0.03  0.04  0.11  0.18  0.25  0.31  0.37
  1.10   -1.74 -1.53 -1.34 -1.17 -1.02 -0.88 -0.76 -0.66 -0.56 -0.46 -0.37 -0.29 -0.21 -0.14 -0.06  0.01  0.08  0.14  0.21  0.27
  1.20   -1.84 -1.63 -1.44 -1.27 -1.12 -0.99 -0.87 -0.76 -0.66 -0.57 -0.48 -0.40 -0.32 -0.24 -0.17 -0.10 -0.03  0.04  0.10  0.17
  1.30   -1.95 -1.74 -1.55 -1.38 -1.23 -1.10 -0.98 -0.87 -0.77 -0.68 -0.59 -0.50 -0.42 -0.35 -0.27 -0.20 -0.13 -0.07  0.00  0.06
  1.40   -2.05 -1.84 -1.65 -1.49 -1.34 -1.21 -1.09 -0.98 -0.88 -0.79 -0.70 -0.61 -0.53 -0.46 -0.38 -0.31 -0.24 -0.17 -0.11 -0.04
  1.50   -2.16 -1.95 -1.77 -1.60 -1.45 -1.32 -1.20 -1.09 -0.99 -0.90 -0.81 -0.72 -0.64 -0.57 -0.49 -0.42 -0.35 -0.28 -0.21 -0.15
  1.60   -2.28 -2.07 -1.88 -1.72 -1.57 -1.44 -1.32 -1.21 -1.11 -1.01 -0.92 -0.84 -0.76 -0.68 -0.60 -0.53 -0.46 -0.39 -0.32 -0.26
  1.70   -2.40 -2.19 -2.00 -1.84 -1.69 -1.56 -1.44 -1.33 -1.23 -1.13 -1.04 -0.96 -0.87 -0.79 -0.72 -0.64 -0.57 -0.50 -0.44 -0.37
  1.80   -2.53 -2.32 -2.13 -1.96 -1.82 -1.68 -1.56 -1.46 -1.35 -1.26 -1.17 -1.08 -0.99 -0.91 -0.84 -0.76 -0.69 -0.62 -0.55 -0.48
  1.90   -2.61 -2.40 -2.21 -2.04 -1.89 -1.76 -1.64 -1.53 -1.43 -1.33 -1.24 -1.15 -1.06 -0.98 -0.90 -0.83 -0.75 -0.68 -0.61 -0.55
  2.00   -2.65 -2.44 -2.25 -2.08 -1.93 -1.80 -1.68 -1.57 -1.46 -1.37 -1.27 -1.18 -1.10 -1.01 -0.93 -0.86 -0.78 -0.71 -0.64 -0.57
  2.10   -2.69 -2.48 -2.29 -2.13 -1.98 -1.84 -1.72 -1.61 -1.51 -1.41 -1.31 -1.22 -1.13 -1.05 -0.97 -0.89 -0.81 -0.74 -0.67 -0.60
  2.20   -2.79 -2.58 -2.39 -2.22 -2.07 -1.94 -1.82 -1.71 -1.60 -1.50 -1.40 -1.31 -1.22 -1.14 -1.05 -0.97 -0.89 -0.82 -0.75 -0.68
  2.30   -2.91 -2.70 -2.51 -2.34 -2.19 -2.05 -1.93 -1.82 -1.71 -1.61 -1.51 -1.42 -1.33 -1.24 -1.15 -1.07 -0.99 -0.92 -0.84 -0.77
  2.40   -3.04 -2.82 -2.63 -2.46 -2.31 -2.18 -2.05 -1.94 -1.83 -1.73 -1.63 -1.54 -1.44 -1.35 -1.27 -1.18 -1.10 -1.02 -0.95 -0.87
  2.50   -3.18 -2.97 -2.77 -2.60 -2.45 -2.31 -2.19 -2.08 -1.97 -1.86 -1.76 -1.67 -1.57 -1.48 -1.39 -1.31 -1.22 -1.14 -1.07 -0.99
  2.60   -3.34 -3.12 -2.93 -2.76 -2.61 -2.47 -2.34 -2.23 -2.12 -2.01 -1.91 -1.81 -1.72 -1.63 -1.54 -1.45 -1.36 -1.28 -1.20 -1.12
  2.70   -3.51 -3.30 -3.10 -2.93 -2.78 -2.64 -2.52 -2.40 -2.29 -2.18 -2.08 -1.98 -1.88 -1.79 -1.70 -1.61 -1.52 -1.43 -1.35 -1.27
  2.80   -3.71 -3.50 -3.30 -3.13 -2.98 -2.84 -2.71 -2.59 -2.48 -2.37 -2.27 -2.17 -2.07 -1.98 -1.88 -1.79 -1.70 -1.61 -1.53 -1.44
  2.90   -3.94 -3.73 -3.53 -3.36 -3.20 -3.06 -2.93 -2.82 -2.70 -2.59 -2.49 -2.39 -2.29 -2.19 -2.09 -2.00 -1.90 -1.82 -1.73 -1.64
  3.00   -4.21 -3.99 -3.80 -3.62 -3.46 -3.32 -3.19 -3.07 -2.96 -2.85 -2.74 -2.63 -2.53 -2.43 -2.33 -2.23 -2.14 -2.05 -1.96 -1.87
