 log psa(g), T, damp =  0.50  0.05
  1.00   -1.44 -1.23 -1.03 -0.87 -0.72 -0.58 -0.46 -0.35 -0.25 -0.16 -0.07  0.01  0.09  0.16  0.23  0.30  0.37  0.44  0.50  0.57
  1.10   -1.54 -1.33 -1.14 -0.97 -0.82 -0.69 -0.57 -0.46 -0.36 -0.27 -0.18 -0.10 -0.02  0.06  0.13  0.20  0.27  0.34  0.40  0.46
  1.20   -1.64 -1.43 -1.24 -1.07 -0.92 -0.79 -0.67 -0.57 -0.47 -0.37 -0.29 -0.20 -0.12 -0.05  0.03  0.10  0.16  0.23  0.30  0.36
  1.30   -1.74 -1.53 -1.35 -1.18 -1.03 -0.90 -0.78 -0.67 -0.57 -0.48 -0.39 -0.31 -0.23 -0.15 -0.08 -0.01  0.06  0.13  0.19  0.26
  1.40   -1.85 -1.64 -1.46 -1.29 -1.14 -1.01 -0.89 -0.79 -0.69 -0.59 -0.50 -0.42 -0.34 -0.26 -0.19 -0.12 -0.05  0.02  0.09  0.15
  1.50   -1.96 -1.75 -1.57 -1.40 -1.25 -1.12 -1.01 -0.90 -0.80 -0.70 -0.62 -0.53 -0.45 -0.37 -0.30 -0.23 -0.16 -0.09 -0.02  0.04
  1.60   -2.08 -1.87 -1.68 -1.52 -1.37 -1.24 -1.12 -1.02 -0.91 -0.82 -0.73 -0.65 -0.56 -0.49 -0.41 -0.34 -0.27 -0.20 -0.13 -0.07
  1.70   -2.20 -1.99 -1.81 -1.64 -1.49 -1.36 -1.24 -1.14 -1.03 -0.94 -0.85 -0.76 -0.68 -0.60 -0.53 -0.45 -0.38 -0.31 -0.24 -0.18
  1.80   -2.33 -2.12 -1.93 -1.77 -1.62 -1.49 -1.37 -1.26 -1.16 -1.06 -0.97 -0.89 -0.80 -0.72 -0.64 -0.57 -0.50 -0.43 -0.36 -0.29
  1.90   -2.41 -2.20 -2.01 -1.84 -1.70 -1.56 -1.45 -1.34 -1.23 -1.14 -1.04 -0.96 -0.87 -0.79 -0.71 -0.64 -0.56 -0.49 -0.42 -0.36
  2.00   -2.45 -2.24 -2.05 -1.88 -1.73 -1.60 -1.48 -1.37 -1.27 -1.17 -1.08 -0.99 -0.90 -0.82 -0.74 -0.66 -0.59 -0.52 -0.45 -0.38
  2.10   -2.49 -2.28 -2.10 -1.93 -1.78 -1.65 -1.53 -1.42 -1.31 -1.21 -1.12 -1.03 -0.94 -0.86 -0.78 -0.70 -0.62 -0.55 -0.48 -0.41
  2.20   -2.59 -2.38 -2.19 -2.03 -1.88 -1.74 -1.62 -1.51 -1.41 -1.31 -1.21 -1.12 -1.03 -0.94 -0.86 -0.78 -0.70 -0.63 -0.56 -0.49
  2.30   -2.71 -2.50 -2.31 -2.14 -1.99 -1.86 -1.74 -1.62 -1.52 -1.42 -1.32 -1.23 -1.14 -1.05 -0.96 -0.88 -0.80 -0.73 -0.65 -0.58
  2.40   -2.84 -2.63 -2.44 -2.27 -2.12 -1.98 -1.86 -1.75 -1.64 -1.54 -1.44 -1.34 -1.25 -1.16 -1.08 -0.99 -0.91 -0.83 -0.76 -0.68
  2.50   -2.98 -2.77 -2.58 -2.41 -2.26 -2.12 -2.00 -1.88 -1.77 -1.67 -1.57 -1.48 -1.38 -1.29 -1.20 -1.12 -1.04 -0.96 -0.88 -0.80
  2.60   -3.14 -2.92 -2.73 -2.56 -2.41 -2.27 -2.15 -2.04 -1.93 -1.82 -1.72 -1.63 -1.53 -1.44 -1.35 -1.26 -1.18 -1.09 -1.01 -0.94
  2.70   -3.32 -3.10 -2.91 -2.74 -2.59 -2.45 -2.32 -2.21 -2.10 -1.99 -1.89 -1.79 -1.70 -1.60 -1.51 -1.42 -1.34 -1.25 -1.17 -1.09
  2.80   -3.52 -3.30 -3.11 -2.94 -2.78 -2.65 -2.52 -2.40 -2.29 -2.19 -2.08 -1.98 -1.89 -1.79 -1.70 -1.61 -1.52 -1.43 -1.35 -1.26
  2.90   -3.75 -3.53 -3.34 -3.17 -3.01 -2.87 -2.75 -2.63 -2.52 -2.41 -2.31 -2.20 -2.11 -2.01 -1.91 -1.82 -1.73 -1.64 -1.55 -1.47
  3.00   -4.02 -3.80 -3.60 -3.43 -3.27 -3.13 -3.01 -2.89 -2.77 -2.67 -2.56 -2.46 -2.36 -2.26 -2.16 -2.07 -1.97 -1.88 -1.79 -1.70
