 hard-rock log psa(g), T, damp =  1.00  0.05
  1.00   -2.37 -2.12 -1.88 -1.65 -1.44 -1.24 -1.07 -0.92 -0.78 -0.66 -0.55 -0.45 -0.35 -0.27 -0.18 -0.10 -0.03  0.04  0.11  0.18
  1.10   -2.47 -2.22 -1.98 -1.75 -1.54 -1.34 -1.17 -1.02 -0.88 -0.76 -0.65 -0.55 -0.46 -0.37 -0.29 -0.21 -0.13 -0.06  0.01  0.08
  1.20   -2.57 -2.32 -2.08 -1.85 -1.64 -1.44 -1.27 -1.12 -0.98 -0.86 -0.75 -0.65 -0.56 -0.47 -0.39 -0.31 -0.23 -0.16 -0.09 -0.02
  1.30   -2.67 -2.42 -2.18 -1.95 -1.74 -1.54 -1.37 -1.22 -1.09 -0.97 -0.86 -0.76 -0.66 -0.58 -0.49 -0.41 -0.34 -0.27 -0.20 -0.13
  1.40   -2.77 -2.52 -2.28 -2.05 -1.84 -1.65 -1.48 -1.33 -1.19 -1.07 -0.96 -0.86 -0.77 -0.68 -0.60 -0.52 -0.44 -0.37 -0.30 -0.23
  1.50   -2.88 -2.62 -2.38 -2.15 -1.94 -1.75 -1.58 -1.43 -1.30 -1.18 -1.07 -0.97 -0.88 -0.79 -0.71 -0.63 -0.55 -0.48 -0.41 -0.34
  1.60   -2.98 -2.73 -2.48 -2.26 -2.05 -1.86 -1.69 -1.54 -1.41 -1.29 -1.18 -1.08 -0.99 -0.90 -0.81 -0.73 -0.66 -0.58 -0.51 -0.44
  1.70   -3.09 -2.84 -2.59 -2.36 -2.15 -1.97 -1.80 -1.65 -1.52 -1.40 -1.29 -1.19 -1.10 -1.01 -0.92 -0.84 -0.77 -0.69 -0.62 -0.55
  1.80   -3.21 -2.95 -2.71 -2.48 -2.27 -2.08 -1.91 -1.77 -1.63 -1.52 -1.41 -1.31 -1.21 -1.12 -1.04 -0.96 -0.88 -0.80 -0.73 -0.66
  1.90   -3.27 -3.01 -2.77 -2.54 -2.33 -2.14 -1.98 -1.83 -1.70 -1.58 -1.47 -1.37 -1.27 -1.18 -1.10 -1.02 -0.94 -0.86 -0.79 -0.72
  2.00   -3.30 -3.04 -2.79 -2.56 -2.35 -2.17 -2.00 -1.85 -1.72 -1.60 -1.49 -1.39 -1.30 -1.21 -1.12 -1.04 -0.96 -0.88 -0.81 -0.73
  2.10   -3.33 -3.07 -2.82 -2.59 -2.38 -2.20 -2.03 -1.88 -1.75 -1.63 -1.52 -1.42 -1.32 -1.23 -1.14 -1.06 -0.98 -0.90 -0.83 -0.75
  2.20   -3.41 -3.15 -2.91 -2.68 -2.46 -2.28 -2.11 -1.96 -1.83 -1.71 -1.60 -1.49 -1.40 -1.31 -1.22 -1.13 -1.05 -0.97 -0.90 -0.82
  2.30   -3.51 -3.25 -3.00 -2.77 -2.56 -2.37 -2.20 -2.05 -1.92 -1.80 -1.69 -1.59 -1.49 -1.39 -1.30 -1.22 -1.13 -1.05 -0.98 -0.90
  2.40   -3.62 -3.35 -3.11 -2.87 -2.66 -2.47 -2.30 -2.16 -2.02 -1.90 -1.79 -1.68 -1.58 -1.49 -1.40 -1.31 -1.23 -1.15 -1.07 -0.99
  2.50   -3.73 -3.47 -3.22 -2.99 -2.78 -2.59 -2.42 -2.27 -2.13 -2.01 -1.90 -1.79 -1.69 -1.60 -1.50 -1.41 -1.33 -1.25 -1.16 -1.09
  2.60   -3.86 -3.60 -3.35 -3.12 -2.90 -2.71 -2.54 -2.39 -2.26 -2.13 -2.02 -1.91 -1.81 -1.71 -1.62 -1.53 -1.44 -1.36 -1.27 -1.19
  2.70   -4.00 -3.74 -3.49 -3.26 -3.04 -2.85 -2.68 -2.53 -2.39 -2.27 -2.15 -2.05 -1.94 -1.85 -1.75 -1.66 -1.57 -1.48 -1.40 -1.32
  2.80   -4.16 -3.90 -3.65 -3.41 -3.20 -3.01 -2.83 -2.68 -2.55 -2.42 -2.31 -2.20 -2.09 -1.99 -1.90 -1.80 -1.71 -1.62 -1.54 -1.45
  2.90   -4.34 -4.08 -3.82 -3.59 -3.37 -3.18 -3.01 -2.86 -2.72 -2.59 -2.48 -2.37 -2.26 -2.16 -2.06 -1.97 -1.87 -1.78 -1.69 -1.61
  3.00   -4.55 -4.28 -4.03 -3.79 -3.58 -3.38 -3.21 -3.05 -2.92 -2.79 -2.67 -2.56 -2.45 -2.35 -2.25 -2.15 -2.06 -1.97 -1.88 -1.79
