PGA
r\m,4.0,4.5,5.0,5.5,6.0,6.5,7.0,7.5,7.8,8.0,8.2
0.0,0.11824,0.2399,0.42719,0.67816,0.95973,1.2382,1.6068,1.9245,2.0526,2.1039,2.1253
1.0,0.10067,0.2062,0.37214,0.60005,0.86413,1.1337,1.4836,1.7906,1.9186,1.9726,1.9986
5.0,0.059028,0.12479,0.23494,0.39764,0.6044,0.83498,1.1255,1.3948,1.5183,1.5776,1.6154
10.0,0.035523,0.077415,0.15135,0.26717,0.42156,0.61363,0.85291,1.0852,1.2001,1.2602,1.3041
15.0,0.023783,0.052416,0.10487,0.19033,0.31412,0.47765,0.67921,0.88296,0.98917,1.0477,1.0935
20.0,0.016652,0.037674,0.077543,0.14509,0.24713,0.38628,0.55969,0.74093,0.83916,0.89527,0.94127
25.0,0.012461,0.028751,0.060411,0.11553,0.20126,0.32117,0.47287,0.63593,0.72707,0.78058,0.82588
30.0,0.0097195,0.022789,0.048688,0.094747,0.16803,0.27271,0.40721,0.55528,0.64016,0.69111,0.73528
40.0,0.0064148,0.015437,0.03387,0.067743,0.12355,0.20598,0.31499,0.4398,0.51428,0.56047,0.60196
50.0,0.0045536,0.011189,0.025074,0.051244,0.095523,0.16269,0.25376,0.36135,0.42756,0.46964,0.50839
60.0,0.0033961,0.0084919,0.019371,0.040307,0.07651,0.13266,0.21044,0.30475,0.36424,0.4028,0.43898
70.0,0.0026264,0.0066676,0.015444,0.032633,0.062914,0.11077,0.17833,0.26208,0.31603,0.35155,0.38539
80.0,0.0020882,0.0053725,0.012613,0.027014,0.052795,0.094217,0.15369,0.22884,0.27812,0.311,0.34272
90.0,0.001697,0.0044188,0.010499,0.022761,0.045028,0.08133,0.13424,0.20225,0.24754,0.27812,0.30794
100.0,0.001404,0.0036956,0.0088768,0.019456,0.038914,0.071059,0.11855,0.18053,0.22239,0.25092,0.27902
110.0,0.0011788,0.0031338,0.0076027,0.016831,0.034002,0.062712,0.10566,0.16248,0.20133,0.22806,0.25459
120.0,0.0010022,0.0026887,0.0065828,0.014708,0.029988,0.055818,0.094897,0.14726,0.18347,0.20858,0.23369
130.0,8.6113E-4,0.0023299,0.0057531,0.012964,0.026658,0.050045,0.0858,0.13427,0.16813,0.19178,0.21559
140.0,7.4678E-4,0.0020366,0.0050686,0.011512,0.023863,0.045153,0.078023,0.12306,0.15482,0.17715,0.19977
150.0,6.5284E-4,0.0017936,0.0044971,0.01029,0.021489,0.040964,0.071308,0.1133,0.14317,0.1643,0.18583
175.0,4.8037E-4,0.0013419,0.0034213,0.0079606,0.016905,0.032768,0.057996,0.093688,0.11957,0.13814,0.15727
200.0,3.6554E-4,0.0010361,0.0026805,0.0063289,0.013638,0.026825,0.048172,0.078957,0.10165,0.11812,0.13527
250.0,2.2773E-4,6.6163E-4,0.0017544,0.0042458,0.0093778,0.018906,0.034797,0.058453,0.076372,0.089623,0.10365
300.0,1.5208E-4,4.5093E-4,0.0012203,0.003014,0.0067942,0.013979,0.026257,0.045013,0.059533,0.070433,0.082119
350.0,1.0665E-4,3.2174E-4,8.8591E-4,0.0022264,0.0051067,0.010691,0.020431,0.035638,0.047626,0.056737,0.066611
400.0,7.7544E-5,2.375E-4,6.6391E-4,0.0016939,0.0039444,0.0083837,0.016265,0.028802,0.038841,0.046552,0.054983
450.0,5.7981E-5,1.7998E-4,5.0988E-4,0.0013184,0.0031115,0.0067025,0.013179,0.023651,0.032151,0.038739,0.046002
500.0,4.4328E-5,1.3926E-4,3.993E-4,0.001045,0.0024959,0.0054415,0.010828,0.019667,0.026929,0.032604,0.038902
600.0,2.7316E-5,8.7621E-5,2.5649E-4,6.8518E-4,0.0016703,0.0037161,0.0075501,0.014002,0.019413,0.023701,0.028517
700.0,1.7714E-5,5.7825E-5,1.7225E-4,4.6828E-4,0.0011617,0.0026302,0.005437,0.010263,0.014382,0.017683,0.021427
800.0,1.192E-5,3.9505E-5,1.1949E-4,3.2979E-4,8.3069E-4,0.0019095,0.0040095,0.007686,0.01087,0.013448,0.016395
1000.0,5.8412E-6,1.9858E-5,6.1454E-5,1.7344E-4,4.4745E-4,0.0010548,0.0022698,0.0044649,0.0064181,0.0080293,0.0099016
1200.0,3.0504E-6,1.0497E-5,3.3043E-5,9.512E-5,2.4942E-4,5.9754E-4,0.0013037,0.0026012,0.0037715,0.0047457,0.0058867
1500.0,1.2149E-6,4.2541E-6,1.3621E-5,3.9881E-5,1.0677E-4,2.6139E-4,5.8514E-4,0.0011885,0.0017413,0.0022066,0.0027564
PGV
r\m,4.0,4.5,5.0,5.5,6.0,6.5,7.0,7.5,7.8,8.0,8.2
0.0,1.663,4.3992,9.8842,19.377,33.316,51.932,81.354,115.68,135.59,147.47,157.63
1.0,1.3402,3.6,8.2823,16.685,29.539,47.26,74.956,107.77,127.16,138.92,149.14
5.0,0.70299,1.9784,4.8575,10.535,20.2,34.765,57.393,85.544,103.14,114.31,124.5
10.0,0.40712,1.1926,3.0786,7.0567,14.243,26.111,44.763,68.984,84.856,95.313,105.21
15.0,0.27247,0.81231,2.1611,5.1292,10.891,20.939,36.884,58.332,72.876,82.709,92.243
20.0,0.19385,0.59555,1.6358,4.0158,8.8239,17.48,31.465,50.825,64.309,73.606,82.788
25.0,0.14819,0.46539,1.3079,3.2885,7.4036,14.999,27.493,45.21,57.821,66.655,75.508
30.0,0.11829,0.37815,1.0824,2.7733,6.3647,13.13,24.447,40.829,52.705,61.135,69.685
40.0,0.081826,0.26909,0.79272,2.0918,4.9457,10.5,20.066,34.39,45.087,52.842,60.859
50.0,0.060776,0.20437,0.61581,1.6626,4.0226,8.7348,17.051,29.847,39.63,46.841,54.405
60.0,0.047306,0.16205,0.4975,1.3687,3.3751,7.4671,14.84,26.445,35.491,42.25,49.425
70.0,0.03808,0.13253,0.41343,1.1559,2.8967,6.5118,13.144,23.787,32.223,38.597,45.432
80.0,0.031436,0.11094,0.35096,0.99511,2.5292,5.7658,11.798,21.646,29.563,35.605,42.14
90.0,0.026469,0.094578,0.30294,0.86975,2.2385,5.1669,10.703,19.877,27.347,33.098,39.364
100.0,0.022643,0.081818,0.26502,0.7695,2.0029,4.6753,9.792,18.388,25.467,30.958,36.982
110.0,0.019624,0.071637,0.23442,0.68767,1.8084,4.2646,9.0223,17.114,23.846,29.106,34.91
120.0,0.017195,0.063359,0.20929,0.61973,1.6451,3.9161,8.3624,16.01,22.433,27.482,33.085
130.0,0.015207,0.056521,0.18832,0.56251,1.5063,3.6168,7.79,15.043,21.186,26.044,31.462
140.0,0.013557,0.050794,0.17061,0.51374,1.3868,3.357,7.2883,14.187,20.077,24.76,30.006
150.0,0.01217,0.045941,0.15548,0.47171,1.283,3.1292,6.8448,13.424,19.082,23.604,28.691
175.0,0.0095281,0.036582,0.12592,0.38855,1.0749,2.6663,5.9313,11.83,16.987,21.153,25.886
200.0,0.0076768,0.029911,0.10448,0.32721,0.91868,2.3127,5.2208,10.567,15.307,19.174,23.603
250.0,0.0053016,0.021176,0.075829,0.24344,0.70069,1.8082,4.1843,8.6812,12.764,16.148,20.075
300.0,0.0038814,0.015823,0.05783,0.18949,0.55666,1.4662,3.4627,7.3319,10.913,13.919,17.445
350.0,0.00296,0.012278,0.045658,0.15223,0.45503,1.2195,2.9303,6.3132,9.4948,12.194,15.39
400.0,0.0023263,0.009796,0.036983,0.12518,0.37986,1.0335,2.5212,5.5142,8.3684,10.813,13.729
450.0,0.0018711,0.0079851,0.030551,0.1048,0.32229,0.88865,2.1969,4.8694,7.4493,9.6766,12.352
500.0,0.0015329,0.0066205,0.025635,0.088993,0.27698,0.77291,1.9338,4.3377,6.6837,8.7237,11.189
600.0,0.0010732,0.0047323,0.018708,0.066308,0.21071,0.60031,1.5334,3.5118,5.4788,7.2107,9.3256
700.0,7.8368E-4,0.0035169,0.01415,0.051043,0.16508,0.47866,1.2444,2.9004,4.573,6.0611,7.8942
800.0,5.9023E-4,0.0026896,0.010988,0.040246,0.13216,0.38912,1.0272,2.431,3.8681,5.1582,6.7593
1000.0,3.5773E-4,0.0016723,0.007009,0.026337,0.08873,0.26801,0.72579,1.7622,2.8473,3.8359,5.0783
1200.0,2.3063E-4,0.0011009,0.0047119,0.01808,0.062201,0.19185,0.53055,1.3154,2.1523,2.9239,3.9035
1500.0,1.2887E-4,6.3119E-4,0.0027716,0.010912,0.038515,0.12188,0.34582,0.87968,1.4617,2.0062,2.706
SA0P02
r\m,4.0,4.5,5.0,5.5,6.0,6.5,7.0,7.5,7.8,8.0,8.2
0.0,0.22168,0.44963,0.80785,1.301,1.8739,2.4552,3.2072,3.8729,4.1556,4.2786,4.3431
1.0,0.19372,0.39573,0.7178,1.1687,1.7044,2.2608,2.9731,3.612,3.8898,4.0147,4.0851
5.0,0.12095,0.25331,0.47451,0.80143,1.2179,1.6818,2.266,2.8135,3.0696,3.1958,3.2802
10.0,0.074987,0.16111,0.31135,0.54446,0.85193,1.231,1.7039,2.1641,2.3935,2.5147,2.6047
15.0,0.050505,0.10937,0.21545,0.38568,0.62885,0.94668,1.3374,1.7316,1.9374,2.0512,2.141
20.0,0.035131,0.077936,0.15762,0.29036,0.48777,0.75375,1.0834,1.4263,1.6118,1.7179,1.8051
25.0,0.025985,0.058715,0.12108,0.22772,0.39088,0.61613,0.89898,1.201,1.3693,1.468,1.5516
30.0,0.019987,0.045858,0.096083,0.18375,0.32091,0.51415,0.76027,1.0292,1.1826,1.2746,1.3543
40.0,0.012798,0.030108,0.064732,0.12714,0.22819,0.37532,0.5679,0.78644,0.91615,0.99641,1.0684
50.0,0.008812,0.02116,0.046449,0.09319,0.17091,0.28709,0.44289,0.62525,0.73683,0.80758,0.87261
60.0,0.0063827,0.015595,0.034841,0.071162,0.1329,0.22724,0.35648,0.51173,0.60911,0.67206,0.73104
70.0,0.0048021,0.011912,0.027023,0.056054,0.10633,0.18463,0.29394,0.4282,0.5142,0.57069,0.62444
80.0,0.0037208,0.0093549,0.021511,0.045234,0.08699,0.15313,0.24702,0.36462,0.44133,0.4924,0.54162
90.0,0.0029517,0.0075118,0.017485,0.037221,0.072468,0.12914,0.21082,0.31491,0.38389,0.43036,0.47563
100.0,0.0023874,0.006143,0.014458,0.031122,0.061275,0.11041,0.18222,0.27517,0.33764,0.38016,0.42199
110.0,0.0019625,0.0051009,0.012128,0.026374,0.052462,0.095499,0.1592,0.24282,0.29974,0.33884,0.37762
120.0,0.0016355,0.004291,0.010298,0.022607,0.045396,0.083418,0.14035,0.21607,0.2682,0.30431,0.3404
130.0,0.0013792,0.0036502,0.0088371,0.01957,0.039643,0.073486,0.12471,0.19365,0.24162,0.2751,0.30879
140.0,0.0011751,0.0031354,0.0076528,0.017086,0.034896,0.065216,0.11158,0.17465,0.21898,0.25013,0.28166
150.0,0.0010103,0.0027162,0.0066805,0.01503,0.030933,0.058254,0.10042,0.15839,0.19949,0.22856,0.25816
175.0,7.156E-4,0.0019574,0.0048981,0.011212,0.023479,0.044988,0.078897,0.12659,0.16109,0.18583,0.21134
200.0,5.2657E-4,0.0014623,0.003715,0.0086341,0.018357,0.035712,0.06358,0.10356,0.13299,0.15434,0.17659
250.0,3.0998E-4,8.8321E-4,0.0023022,0.0054899,0.011977,0.023906,0.043665,0.07297,0.095149,0.11156,0.12896
300.0,1.9766E-4,5.753E-4,0.0015319,0.0037316,0.0083162,0.016957,0.031637,0.054004,0.071321,0.084338,0.098321
350.0,1.3338E-4,3.9532E-4,0.0010719,0.0026591,0.0060349,0.012531,0.023808,0.041384,0.055253,0.065813,0.077284
400.0,9.3876E-5,2.8269E-4,7.7878E-4,0.0019628,0.0045259,0.0095481,0.01843,0.032548,0.043871,0.052588,0.062146
450.0,6.8265E-5,2.0848E-4,5.8248E-4,0.0014889,0.0034818,0.0074496,0.014583,0.026119,0.035503,0.042798,0.050862
500.0,5.0951E-5,1.5758E-4,4.4588E-4,0.0011542,0.0027336,0.0059231,0.011743,0.021298,0.029171,0.035343,0.042215
600.0,3.0141E-5,9.5294E-5,2.7564E-4,7.2941E-4,0.0017659,0.0039115,0.0079269,0.014697,0.020398,0.024931,0.030042
700.0,1.8938E-5,6.1004E-5,1.7979E-4,4.8474E-4,0.0011957,0.0026986,0.005572,0.010526,0.014773,0.018192,0.022086
800.0,1.2441E-5,4.0732E-5,1.2201E-4,3.3436E-4,8.383E-4,0.0019229,0.0040356,0.0077485,0.010982,0.013611,0.016633
1000.0,5.9075E-6,1.9877E-5,6.1454E-5,1.7344E-4,4.4745E-4,0.0010548,0.0022698,0.0044649,0.0064181,0.0080293,0.0099016
1200.0,3.0504E-6,1.0497E-5,3.3043E-5,9.512E-5,2.4942E-4,5.9754E-4,0.0013037,0.0026012,0.0037715,0.0047457,0.0058867
1500.0,1.2149E-6,4.2541E-6,1.3621E-5,3.9881E-5,1.0677E-4,2.6139E-4,5.8514E-4,0.0011885,0.0017413,0.0022066,0.0027564
SA0P025
r\m,4.0,4.5,5.0,5.5,6.0,6.5,7.0,7.5,7.8,8.0,8.2
0.0,0.22502,0.45845,0.83033,1.3511,1.9706,2.6153,3.4379,4.1768,4.4991,4.6449,4.7281
1.0,0.19902,0.40808,0.74536,1.2246,1.8056,2.4223,3.2037,3.9139,4.2301,4.377,4.4653
5.0,0.12882,0.27025,0.50811,0.86259,1.3194,1.8351,2.482,3.0938,3.3843,3.5301,3.6304
10.0,0.082167,0.17652,0.34156,0.59864,0.94021,1.3635,1.8913,2.4084,2.6685,2.8073,2.9118
15.0,0.056354,0.12193,0.24017,0.43021,0.70237,1.0589,1.4976,1.9421,2.1756,2.3055,2.4088
20.0,0.039707,0.087914,0.17756,0.32687,0.54906,0.84869,1.2203,1.608,1.8186,1.9395,2.0394
25.0,0.029619,0.066748,0.13736,0.25794,0.44236,0.69693,1.0167,1.3588,1.5498,1.6623,1.7578
30.0,0.022918,0.052414,0.10953,0.20904,0.36453,0.58345,0.86222,1.1671,1.3414,1.4461,1.537
40.0,0.014782,0.034642,0.074231,0.14539,0.26037,0.42752,0.64609,0.89412,1.0414,1.1327,1.2146
50.0,0.010217,0.024428,0.053422,0.10683,0.19541,0.32755,0.50448,0.71143,0.83807,0.91839,0.99229
60.0,0.0074139,0.018032,0.040121,0.081659,0.15204,0.25935,0.40608,0.58214,0.69254,0.76391,0.83081
70.0,0.0055815,0.013779,0.031125,0.064321,0.12162,0.21063,0.33463,0.48672,0.58409,0.64804,0.70889
80.0,0.0043239,0.010817,0.024765,0.051874,0.099427,0.17453,0.28092,0.41396,0.50067,0.55838,0.614
90.0,0.0034278,0.0086793,0.020111,0.042641,0.082736,0.14701,0.23943,0.35701,0.43485,0.48728,0.53835
100.0,0.0027695,0.0070897,0.016609,0.035608,0.069862,0.12551,0.20664,0.31146,0.38184,0.42972,0.47682
110.0,0.0022737,0.0058792,0.013913,0.030132,0.059723,0.10839,0.18024,0.27437,0.33838,0.38234,0.42593
120.0,0.0018921,0.0049382,0.011796,0.025787,0.051595,0.094516,0.15863,0.24371,0.30224,0.34276,0.38325
130.0,0.001593,0.0041939,0.010106,0.022285,0.044979,0.083118,0.1407,0.21804,0.2718,0.3093,0.34703
140.0,0.001355,0.0035963,0.0087362,0.019423,0.039524,0.073634,0.12565,0.19629,0.24587,0.2807,0.31595
150.0,0.0011629,0.0031101,0.0076128,0.017055,0.034972,0.065655,0.11289,0.17769,0.22359,0.25603,0.28906
175.0,8.2003E-4,0.0022312,0.0055565,0.012666,0.026425,0.050474,0.088288,0.14137,0.17972,0.20721,0.23556
200.0,6.0065E-4,0.0016592,0.0041952,0.0097091,0.020567,0.039886,0.070829,0.11514,0.1477,0.17133,0.19594
250.0,3.5039E-4,9.9311E-4,0.0025766,0.0061187,0.0133,0.026466,0.048221,0.080424,0.10477,0.12278,0.14187
300.0,2.2147E-4,6.4127E-4,0.0016997,0.0041235,0.0091572,0.018616,0.034648,0.059033,0.077895,0.092068,0.10729
350.0,1.4818E-4,4.3697E-4,0.0011795,0.0029144,0.0065916,0.013647,0.025869,0.044885,0.059878,0.071291,0.083688
400.0,1.0345E-4,3.0997E-4,8.5017E-4,0.0021344,0.0049052,0.010319,0.019874,0.035038,0.047191,0.056545,0.066802
450.0,7.4643E-5,2.2684E-4,6.3104E-4,0.0016069,0.0037456,0.0079922,0.015612,0.027916,0.037919,0.045693,0.054287
500.0,5.5292E-5,1.7019E-4,4.795E-4,0.0012367,0.0029196,0.0063095,0.012483,0.022606,0.030942,0.037476,0.044752
600.0,3.2242E-5,1.0146E-4,2.9228E-4,7.7072E-4,0.0018603,0.0041105,0.0083143,0.015394,0.021353,0.026092,0.031435
700.0,1.9984E-5,6.4085E-5,1.8812E-4,5.0549E-4,0.0012434,0.0027996,0.0057704,0.010887,0.015273,0.018804,0.022826
800.0,1.2958E-5,4.2241E-5,1.2605E-4,3.443E-4,8.6089E-4,0.0019704,0.0041285,0.0079184,0.011218,0.013902,0.016987
1000.0,6.0035E-6,2.0117E-5,6.1704E-5,1.7344E-4,4.4745E-4,0.0010548,0.0022698,0.0044649,0.0064181,0.0080293,0.0099016
1200.0,3.0504E-6,1.0497E-5,3.3043E-5,9.512E-5,2.4942E-4,5.9754E-4,0.0013037,0.0026012,0.0037715,0.0047457,0.0058867
1500.0,1.2149E-6,4.2541E-6,1.3621E-5,3.9881E-5,1.0677E-4,2.6139E-4,5.8514E-4,0.0011885,0.0017413,0.0022066,0.0027564
SA0P03
r\m,4.0,4.5,5.0,5.5,6.0,6.5,7.0,7.5,7.8,8.0,8.2
0.0,0.21965,0.44786,0.81243,1.325,1.9385,2.5818,3.401,4.1406,4.4665,4.6156,4.703
1.0,0.19473,0.39959,0.73093,1.2035,1.7797,2.3957,3.1749,3.8867,4.2064,4.3565,4.4488
5.0,0.12711,0.26681,0.50223,0.85411,1.3097,1.8266,2.4751,3.091,3.3855,3.5344,3.6381
10.0,0.081772,0.17574,0.34034,0.59733,0.94015,1.3665,1.8984,2.4214,2.686,2.828,2.9357
15.0,0.05648,0.12226,0.241,0.43221,0.70673,1.0672,1.5114,1.963,2.2013,2.3345,2.441
20.0,0.040054,0.088698,0.17923,0.33022,0.55533,0.85949,1.2373,1.6326,1.8482,1.9725,2.0756
25.0,0.030036,0.067688,0.13933,0.26181,0.44938,0.70875,1.035,1.385,1.5812,1.697,1.7957
30.0,0.023346,0.053385,0.11158,0.21303,0.37175,0.59553,0.88091,1.1938,1.3732,1.4812,1.5753
40.0,0.015171,0.03554,0.076149,0.14917,0.26725,0.43909,0.66406,0.91989,1.0722,1.1667,1.2518
50.0,0.010549,0.025208,0.055112,0.11021,0.20162,0.3381,0.52103,0.73537,0.86678,0.95028,1.0272
60.0,0.0076931,0.018697,0.041584,0.084617,0.15756,0.26883,0.4211,0.60406,0.71899,0.79339,0.86323
70.0,0.0058159,0.014346,0.032386,0.066905,0.12649,0.21909,0.34817,0.50669,0.60832,0.67514,0.73881
80.0,0.0045217,0.011302,0.025855,0.054132,0.10373,0.18208,0.29313,0.43213,0.52283,0.58327,0.64158
90.0,0.0035957,0.0090949,0.021057,0.04462,0.086546,0.15376,0.25045,0.37355,0.45514,0.51014,0.56376
100.0,0.002913,0.0074485,0.017434,0.03735,0.073247,0.13156,0.2166,0.32654,0.40043,0.45074,0.50026
110.0,0.0023971,0.0061906,0.014635,0.031672,0.062741,0.11383,0.18927,0.28816,0.35545,0.40169,0.44759
120.0,0.0019989,0.0052101,0.012432,0.027154,0.054295,0.099424,0.16684,0.25634,0.31794,0.36062,0.40329
130.0,0.001686,0.0044325,0.010668,0.023503,0.047404,0.087559,0.14818,0.22962,0.28627,0.3258,0.36559
140.0,0.0014364,0.0038066,0.0092356,0.020513,0.041709,0.077662,0.13249,0.20695,0.25923,0.29597,0.33319
150.0,0.0012345,0.0032963,0.0080582,0.018034,0.036948,0.06932,0.11915,0.18751,0.23594,0.27019,0.30508
175.0,8.729E-4,0.002371,0.0058962,0.013424,0.027978,0.0534,0.093355,0.14944,0.18996,0.21902,0.24899
200.0,6.4064E-4,0.0017665,0.0044593,0.010306,0.021807,0.042253,0.074982,0.12183,0.15627,0.18126,0.20729
250.0,3.7452E-4,0.0010593,0.0027434,0.0065045,0.01412,0.028066,0.051088,0.085149,0.1109,0.12994,0.15013
300.0,2.3682E-4,6.842E-4,0.0018098,0.004383,0.0097183,0.019731,0.036683,0.062446,0.082366,0.097331,0.1134
350.0,1.5833E-4,4.6578E-4,0.0012546,0.0030939,0.0069856,0.014442,0.02734,0.04739,0.063188,0.075211,0.088267
400.0,1.1035E-4,3.298E-4,9.0248E-4,0.0022611,0.0051866,0.010894,0.020951,0.036894,0.049663,0.059486,0.070255
450.0,7.9428E-5,2.4074E-4,6.6809E-4,0.0016975,0.003949,0.0084115,0.016406,0.029298,0.039771,0.047906,0.056896
500.0,5.8662E-5,1.8006E-4,5.0604E-4,0.0013021,0.0030676,0.0066172,0.01307,0.023637,0.03233,0.03914,0.04672
600.0,3.396E-5,1.0655E-4,3.0611E-4,8.0516E-4,0.001939,0.0042756,0.0086326,0.015959,0.022117,0.027012,0.032528
700.0,2.087E-5,6.6716E-5,1.9528E-4,5.2332E-4,0.0012841,0.0028848,0.0059344,0.011177,0.015665,0.019276,0.023386
800.0,1.3404E-5,4.3553E-5,1.2957E-4,3.5292E-4,8.8015E-4,0.0020098,0.004202,0.0080441,0.011384,0.0141,0.017218
1000.0,6.0804E-6,2.0303E-5,6.2071E-5,1.7375E-4,4.4745E-4,0.0010548,0.0022698,0.0044649,0.0064181,0.0080293,0.0099016
1200.0,3.0504E-6,1.0497E-5,3.3043E-5,9.512E-5,2.4942E-4,5.9754E-4,0.0013037,0.0026012,0.0037715,0.0047457,0.0058867
1500.0,1.2149E-6,4.2541E-6,1.3621E-5,3.9881E-5,1.0677E-4,2.6139E-4,5.8514E-4,0.0011885,0.0017413,0.0022066,0.0027564
SA0P04
r\m,4.0,4.5,5.0,5.5,6.0,6.5,7.0,7.5,7.8,8.0,8.2
0.0,0.21309,0.43354,0.78388,1.2739,1.8573,2.4685,3.2537,3.9657,4.2814,4.4273,4.5142
1.0,0.18794,0.385,0.70247,1.1536,1.7017,2.2882,3.0353,3.7213,4.0316,4.1786,4.2706
5.0,0.12115,0.25421,0.47833,0.81337,1.2476,1.7425,2.3659,2.9618,3.2492,3.396,3.4998
10.0,0.077555,0.16678,0.32331,0.56827,0.8964,1.3067,1.8203,2.3291,2.5888,2.7295,2.8377
15.0,0.053608,0.1162,0.2295,0.41256,0.67656,1.025,1.4563,1.898,2.1332,2.2658,2.3731
20.0,0.038177,0.084686,0.17149,0.31679,0.53439,0.82993,1.1988,1.5877,1.8017,1.9259,2.0301
25.0,0.028782,0.064979,0.13405,0.25257,0.4349,0.68828,1.0086,1.3549,1.5505,1.6669,1.767
30.0,0.022501,0.051548,0.10798,0.20672,0.36186,0.58167,0.86342,1.1745,1.3544,1.4634,1.5592
40.0,0.014796,0.034723,0.074557,0.14643,0.2631,0.43368,0.65813,0.91508,1.0692,1.1654,1.2525
50.0,0.010407,0.024908,0.05456,0.10936,0.20061,0.33742,0.52167,0.73889,0.87293,0.95856,1.0379
60.0,0.0076714,0.018669,0.041592,0.084808,0.1583,0.27084,0.42552,0.61245,0.73055,0.80737,0.87982
70.0,0.0058573,0.014463,0.032698,0.06767,0.12821,0.22263,0.35478,0.5179,0.62304,0.69246,0.75888
80.0,0.0045955,0.011495,0.026329,0.055208,0.10599,0.18647,0.30095,0.44492,0.53931,0.60245,0.66359
90.0,0.0036851,0.0093261,0.021612,0.045854,0.089084,0.15858,0.25888,0.38713,0.4725,0.53024,0.58673
100.0,0.0030085,0.0076949,0.018022,0.03865,0.075899,0.13656,0.22528,0.34042,0.41811,0.47116,0.52354
110.0,0.0024932,0.0064392,0.015229,0.032982,0.065409,0.11884,0.19795,0.30201,0.37308,0.42204,0.47076
120.0,0.0020926,0.0054533,0.013014,0.028442,0.056919,0.10436,0.17538,0.26997,0.33527,0.38063,0.42609
130.0,0.0017757,0.0046663,0.01123,0.024749,0.049948,0.092346,0.15649,0.24289,0.30316,0.34531,0.38783
140.0,0.0015212,0.0040288,0.0097718,0.021705,0.044151,0.082272,0.1405,0.21978,0.27558,0.31488,0.35475
150.0,0.001314,0.0035058,0.008566,0.019167,0.039278,0.073731,0.12684,0.19985,0.2517,0.28843,0.3259
175.0,9.3963E-4,0.0025488,0.0063318,0.014406,0.030016,0.05729,0.10019,0.1605,0.20414,0.23547,0.26783
200.0,6.9601E-4,0.0019156,0.0048287,0.011147,0.023569,0.045645,0.080994,0.13163,0.16889,0.19595,0.22417
250.0,4.1261E-4,0.001164,0.0030074,0.0071166,0.015424,0.030618,0.055682,0.092752,0.12078,0.14151,0.16349
300.0,2.6338E-4,7.5835E-4,0.0019999,0.0048303,0.010685,0.021651,0.040187,0.068321,0.09006,0.10639,0.12392
350.0,1.7715E-4,5.1908E-4,0.001393,0.0034239,0.0077078,0.015893,0.030019,0.051933,0.069178,0.082291,0.096523
400.0,1.239E-4,3.6861E-4,0.0010044,0.0025067,0.0057299,0.011996,0.023007,0.040413,0.054326,0.065019,0.07673
450.0,8.9309E-5,2.6932E-4,7.4387E-4,0.0018818,0.00436,0.0092528,0.017987,0.032024,0.0434,0.052224,0.061965
500.0,6.5945E-5,2.013E-4,5.6279E-4,0.0014411,0.0033799,0.0072606,0.014286,0.025747,0.035149,0.042501,0.050674
600.0,3.8012E-5,1.1851E-4,3.3842E-4,8.8512E-4,0.0021203,0.0046521,0.0093494,0.01721,0.023793,0.029015,0.034888
700.0,2.3167E-5,7.354E-5,2.1381E-4,5.6935E-4,0.0013886,0.003102,0.0063472,0.011895,0.016624,0.020419,0.024729
800.0,1.4713E-5,4.7441E-5,1.401E-4,3.7896E-4,9.3883E-4,0.0021303,0.0044276,0.0084285,0.01189,0.014696,0.01791
1000.0,6.4838E-6,2.1462E-5,6.5066E-5,1.8067E-4,4.595E-4,0.0010704,0.0022838,0.0044649,0.0064181,0.0080293,0.0099016
1200.0,3.1042E-6,1.0498E-5,3.3043E-5,9.512E-5,2.4942E-4,5.9754E-4,0.0013037,0.0026012,0.0037715,0.0047457,0.0058867
1500.0,1.2149E-6,4.2541E-6,1.3621E-5,3.9881E-5,1.0677E-4,2.6139E-4,5.8514E-4,0.0011885,0.0017413,0.0022066,0.0027564
SA0P05
r\m,4.0,4.5,5.0,5.5,6.0,6.5,7.0,7.5,7.8,8.0,8.2
0.0,0.21425,0.4353,0.78479,1.2703,1.8443,2.444,3.2236,3.9337,4.2502,4.3975,4.4865
1.0,0.18767,0.38411,0.69944,1.1453,1.6846,2.2609,3.0024,3.6865,3.9979,4.1467,4.2411
5.0,0.11893,0.24969,0.46995,0.79913,1.2261,1.7143,2.3327,2.9275,3.2167,3.3656,3.4725
10.0,0.075491,0.16259,0.31572,0.55593,0.87892,1.2848,1.7951,2.304,2.5661,2.7092,2.8205
15.0,0.052091,0.11316,0.22404,0.40385,0.66434,1.0098,1.4395,1.8828,2.1207,2.2559,2.3664
20.0,0.03717,0.082656,0.16784,0.31098,0.52635,0.82031,1.189,1.5806,1.7977,1.9247,2.0321
25.0,0.02812,0.063648,0.13168,0.24887,0.42997,0.68291,1.0043,1.3541,1.5533,1.6725,1.7758
30.0,0.022075,0.050703,0.10651,0.20453,0.35922,0.57947,0.86319,1.1786,1.3623,1.4743,1.5733
40.0,0.014648,0.034458,0.074184,0.14611,0.26337,0.43557,0.66323,0.92549,1.0837,1.1831,1.2736
50.0,0.010396,0.024935,0.054751,0.11003,0.20243,0.34153,0.52969,0.75277,0.89122,0.98007,1.0628
60.0,0.0077287,0.018845,0.042073,0.085992,0.16093,0.2761,0.43506,0.62812,0.75071,0.83078,0.90658
70.0,0.0059482,0.014712,0.033322,0.069105,0.13124,0.22845,0.36501,0.53435,0.64399,0.71664,0.78638
80.0,0.0047013,0.011776,0.027014,0.056748,0.10917,0.19249,0.3114,0.46155,0.56039,0.6267,0.69111
90.0,0.0037956,0.0096163,0.022313,0.047416,0.092279,0.16458,0.26925,0.40357,0.49329,0.55414,0.61383
100.0,0.0031182,0.007982,0.018714,0.040185,0.079031,0.14243,0.2354,0.35644,0.43837,0.49445,0.54994
110.0,0.002599,0.0067164,0.015898,0.034464,0.068431,0.12451,0.20772,0.31749,0.39266,0.44456,0.49631
120.0,0.0021931,0.0057171,0.013651,0.029856,0.059808,0.10978,0.18474,0.28483,0.3541,0.40229,0.45068
130.0,0.0018701,0.004915,0.011832,0.026089,0.052692,0.097511,0.16542,0.2571,0.32118,0.36607,0.41142
140.0,0.0016094,0.0042619,0.010338,0.02297,0.046747,0.08717,0.149,0.23333,0.29279,0.33472,0.37733
150.0,0.0013961,0.0037235,0.0090967,0.020356,0.041726,0.078365,0.1349,0.21274,0.2681,0.30736,0.34747
175.0,0.0010076,0.0027308,0.0067796,0.015418,0.032118,0.061299,0.10722,0.17182,0.21861,0.25223,0.28697
200.0,7.521E-4,0.0020673,0.0052052,0.012006,0.025366,0.049101,0.087099,0.14154,0.18162,0.21072,0.2411
250.0,4.5111E-4,0.0012699,0.0032747,0.0077356,0.016739,0.033186,0.060286,0.10033,0.13058,0.15296,0.17668
300.0,2.9027E-4,8.3342E-4,0.002192,0.0052816,0.011657,0.023573,0.043674,0.074129,0.09763,0.11527,0.13419
350.0,1.9629E-4,5.7315E-4,0.0015331,0.0037567,0.0084329,0.017342,0.032676,0.056403,0.075037,0.08919,0.10454
400.0,1.3773E-4,4.081E-4,0.0011078,0.0027547,0.0062753,0.013096,0.025041,0.043863,0.058871,0.070387,0.082984
450.0,9.9434E-5,2.985E-4,8.2091E-4,0.0020682,0.0047731,0.010092,0.019549,0.034692,0.046928,0.0564,0.066841
500.0,7.344E-5,2.2306E-4,6.2067E-4,0.0015821,0.0036944,0.0079032,0.015489,0.027811,0.037884,0.045745,0.054468
600.0,4.2221E-5,1.3088E-4,3.7165E-4,9.6682E-4,0.0023041,0.0050304,0.010062,0.018437,0.025423,0.030949,0.037151
700.0,2.5582E-5,8.0683E-5,2.3311E-4,6.1701E-4,0.0014961,0.0033233,0.0067631,0.012609,0.017568,0.021534,0.026029
800.0,1.6114E-5,5.1591E-5,1.5132E-4,4.0657E-4,0.0010008,0.0022567,0.004662,0.0088232,0.012405,0.015297,0.018602
1000.0,6.9485E-6,2.2814E-5,6.8624E-5,1.891E-4,4.7734E-4,0.0011039,0.0023387,0.0045391,0.0064789,0.0080707,0.0099136
1200.0,3.2392E-6,1.0858E-5,3.3341E-5,9.512E-5,2.4942E-4,5.9754E-4,0.0013037,0.0026012,0.0037715,0.0047457,0.0058867
1500.0,1.2149E-6,4.2541E-6,1.3621E-5,3.9881E-5,1.0677E-4,2.6139E-4,5.8514E-4,0.0011885,0.0017413,0.0022066,0.0027564
SA0P075
r\m,4.0,4.5,5.0,5.5,6.0,6.5,7.0,7.5,7.8,8.0,8.2
0.0,0.19528,0.39631,0.71054,1.1417,1.6438,2.1656,2.8619,3.5018,3.7899,3.9258,4.01
1.0,0.16833,0.34454,0.62532,1.0192,1.4912,1.995,2.6568,3.2734,3.5574,3.6951,3.7848
5.0,0.10276,0.21644,0.40828,0.69562,1.0694,1.5003,2.0523,2.5897,2.855,2.994,3.096
10.0,0.064205,0.13901,0.27136,0.48045,0.76426,1.1249,1.5822,2.0446,2.2865,2.4208,2.5273
15.0,0.044242,0.096743,0.19284,0.35013,0.58039,0.88914,1.2767,1.6823,1.9034,2.0309,2.1368
20.0,0.03176,0.071123,0.14547,0.27159,0.46335,0.72793,1.0631,1.424,1.6272,1.7477,1.8509
25.0,0.024236,0.055246,0.11514,0.21927,0.38184,0.61131,0.90588,1.2308,1.4184,1.5321,1.6319
30.0,0.01921,0.044433,0.094012,0.18189,0.32195,0.5234,0.78554,1.0808,1.255,1.3624,1.4584
40.0,0.013004,0.030794,0.066746,0.13239,0.24037,0.40044,0.61409,0.86312,1.0152,1.1115,1.2001
50.0,0.0094099,0.022707,0.050171,0.10148,0.18793,0.3192,0.49835,0.71301,0.84761,0.93468,1.0164
60.0,0.0071239,0.017465,0.039214,0.080617,0.15178,0.26199,0.41533,0.60335,0.72383,0.80306,0.87858
70.0,0.0055754,0.013858,0.031547,0.065766,0.12557,0.21979,0.35311,0.51984,0.62865,0.70118,0.77122
80.0,0.0044755,0.011259,0.025945,0.054755,0.10584,0.18754,0.30489,0.4542,0.55318,0.61993,0.68508
90.0,0.0036653,0.0093214,0.021714,0.046332,0.090553,0.16221,0.26654,0.40131,0.49189,0.5536,0.61439
100.0,0.0030511,0.0078359,0.018435,0.039725,0.078416,0.14186,0.23537,0.35783,0.44116,0.49843,0.5553
110.0,0.0025744,0.0066712,0.015836,0.034436,0.068595,0.12522,0.20961,0.3215,0.39848,0.45181,0.50516
120.0,0.0021971,0.0057406,0.013741,0.030128,0.060517,0.1114,0.188,0.29073,0.36212,0.41193,0.46207
130.0,0.0018934,0.0049852,0.012024,0.026569,0.053782,0.099762,0.16966,0.26436,0.33077,0.37742,0.42465
140.0,0.0016455,0.0043635,0.010601,0.023592,0.048099,0.089864,0.15391,0.24153,0.3035,0.34728,0.39185
150.0,0.0014406,0.0038459,0.0094058,0.021074,0.043256,0.081359,0.14027,0.2216,0.27956,0.32074,0.36287
175.0,0.0010612,0.0028761,0.007141,0.016243,0.03385,0.064638,0.11313,0.18142,0.23094,0.26655,0.30338
200.0,8.0614E-4,0.0022138,0.0055696,0.012838,0.027109,0.052455,0.093021,0.15114,0.19393,0.22501,0.25744
250.0,4.9737E-4,0.0013966,0.003593,0.0084686,0.018287,0.036183,0.065608,0.109,0.14173,0.16591,0.19152
300.0,3.2698E-4,9.3522E-4,0.0024507,0.0058836,0.012942,0.026083,0.04817,0.08151,0.10716,0.12637,0.14695
350.0,2.2478E-4,6.5307E-4,0.0017384,0.0042395,0.0094728,0.019393,0.036381,0.062534,0.082988,0.09848,0.11524
400.0,1.5973E-4,4.7045E-4,0.0012695,0.0031386,0.0071094,0.014755,0.028061,0.048894,0.06542,0.078057,0.091841
450.0,1.1644E-4,3.4712E-4,9.4811E-4,0.0023726,0.0054398,0.011427,0.021996,0.038793,0.052283,0.062685,0.074112
500.0,8.6627E-5,2.6106E-4,7.2084E-4,0.0018236,0.0042267,0.008976,0.017466,0.03114,0.042242,0.050867,0.060401
600.0,5.0244E-5,1.543E-4,4.3416E-4,0.0011193,0.0026436,0.0057211,0.011345,0.020611,0.028277,0.034308,0.041047
700.0,3.0537E-5,9.5295E-5,2.7246E-4,7.1375E-4,0.0017131,0.0037671,0.0075904,0.014013,0.019411,0.023702,0.02854
800.0,1.9211E-5,6.0791E-5,1.7625E-4,4.6817E-4,0.0011394,0.0025407,0.005191,0.0097173,0.013573,0.016667,0.02018
1000.0,8.1871E-6,2.6518E-5,7.8695E-5,2.1397E-4,5.3304E-4,0.0012167,0.0025444,0.0048754,0.006906,0.0085592,0.010461
1200.0,3.7387E-6,1.2343E-5,3.7336E-5,1.0348E-4,2.6275E-4,6.113E-4,0.0013037,0.0026012,0.0037715,0.0047457,0.0058867
1500.0,1.257E-6,4.2541E-6,1.3621E-5,3.9881E-5,1.0677E-4,2.6139E-4,5.8514E-4,0.0011885,0.0017413,0.0022066,0.0027564
SA0P1
r\m,4.0,4.5,5.0,5.5,6.0,6.5,7.0,7.5,7.8,8.0,8.2
0.0,0.16731,0.34149,0.61417,0.98898,1.4258,1.8835,2.5016,3.0754,3.3373,3.4628,3.5428
1.0,0.14319,0.29495,0.53765,0.87952,1.2906,1.7336,2.3211,2.8743,3.1326,3.2597,3.3446
5.0,0.08631,0.1832,0.34799,0.5969,0.92362,1.3047,1.7959,2.2792,2.5209,2.6492,2.745
10.0,0.053923,0.11772,0.23166,0.41344,0.66302,0.98356,1.3925,1.8104,2.0316,2.1556,2.2553
15.0,0.037378,0.082454,0.16577,0.3035,0.50722,0.78299,1.1316,1.5001,1.7031,1.8212,1.9203
20.0,0.027071,0.061145,0.12611,0.23735,0.40811,0.64584,0.94924,1.279,1.4663,1.5783,1.675
25.0,0.020843,0.047911,0.10065,0.19318,0.33892,0.54638,0.81462,1.1131,1.2869,1.3929,1.4866
30.0,0.016666,0.038859,0.082855,0.1615,0.28789,0.47113,0.71124,0.98385,1.1459,1.2464,1.3368
40.0,0.011466,0.027355,0.059717,0.11925,0.21791,0.36519,0.56302,0.79523,0.93788,1.0287,1.1125
50.0,0.008419,0.020457,0.045496,0.092593,0.17248,0.29453,0.46203,0.66393,0.79118,0.87379,0.95155
60.0,0.0064581,0.015935,0.035992,0.074413,0.14083,0.24428,0.3889,0.56715,0.68184,0.75749,0.82977
70.0,0.0051147,0.012788,0.029272,0.061339,0.11767,0.20686,0.3336,0.49279,0.59703,0.66668,0.73406
80.0,0.0041502,0.010498,0.024313,0.051552,0.10008,0.17801,0.29038,0.43385,0.52923,0.59366,0.65665
90.0,0.0034327,0.0087737,0.020533,0.043998,0.086324,0.15516,0.25571,0.38598,0.47374,0.53359,0.59262
100.0,0.0028835,0.0074398,0.017577,0.038023,0.075315,0.13666,0.22733,0.34634,0.42746,0.48326,0.53872
110.0,0.0024535,0.006385,0.015216,0.033201,0.066337,0.12142,0.2037,0.31299,0.38827,0.44045,0.49266
120.0,0.0021102,0.0055353,0.013296,0.029244,0.0589,0.10867,0.18374,0.28454,0.35464,0.40357,0.45283
130.0,0.0018318,0.0048403,0.011712,0.025951,0.052656,0.097865,0.16668,0.26001,0.32549,0.37147,0.41803
140.0,0.0016028,0.0042642,0.010389,0.023178,0.047353,0.088615,0.15196,0.23865,0.29997,0.34327,0.38735
150.0,0.0014122,0.0037811,0.0092713,0.020818,0.042805,0.08062,0.13913,0.2199,0.27745,0.31831,0.36009
175.0,0.0010552,0.0028665,0.0071306,0.016244,0.033888,0.064753,0.11336,0.18175,0.2313,0.26689,0.30366
200.0,8.1165E-4,0.0022327,0.0056244,0.012975,0.027413,0.053046,0.094035,0.15267,0.19576,0.22702,0.25959
250.0,5.1125E-4,0.0014365,0.0036965,0.0087112,0.0188,0.037162,0.067287,0.11158,0.1449,0.16947,0.19543
300.0,3.4175E-4,9.7721E-4,0.0025591,0.0061374,0.01348,0.027117,0.049966,0.084322,0.11066,0.13032,0.15135
350.0,2.3817E-4,6.9126E-4,0.0018375,0.004473,0.0099724,0.020362,0.038083,0.065232,0.086373,0.10233,0.11955
400.0,1.7119E-4,5.0336E-4,0.0013555,0.0033429,0.0075503,0.015618,0.029592,0.05135,0.068522,0.081606,0.095832
450.0,1.2601E-4,3.7481E-4,0.001021,0.0025471,0.0058195,0.012177,0.023339,0.040967,0.055045,0.065858,0.077695
500.0,9.4532E-5,2.8409E-4,7.8189E-4,0.0019708,0.0045496,0.0096189,0.018626,0.033034,0.044661,0.053655,0.06356
600.0,5.5566E-5,1.7001E-4,4.7636E-4,0.0012224,0.002873,0.0061841,0.012191,0.022012,0.030082,0.036399,0.043429
700.0,3.4115E-5,1.0597E-4,3.0149E-4,7.8554E-4,0.0018745,0.0040966,0.0081998,0.015032,0.020731,0.025237,0.030294
800.0,2.1627E-5,6.8074E-5,1.9624E-4,5.1811E-4,0.0012528,0.0027743,0.0056268,0.010452,0.014529,0.017781,0.021458
1000.0,9.309E-6,2.9957E-5,8.8293E-5,2.3832E-4,5.8915E-4,0.0013339,0.0027659,0.0052527,0.0073992,0.0091359,0.011123
1200.0,4.2724E-6,1.4001E-5,4.2019E-5,1.1549E-4,2.9073E-4,6.7028E-4,0.0014153,0.0027369,0.0038975,0.0048474,0.0059445
1500.0,1.4383E-6,4.8194E-6,1.4789E-5,4.1564E-5,1.0698E-4,2.6139E-4,5.8514E-4,0.0011885,0.0017413,0.0022066,0.0027564
SA0P15
r\m,4.0,4.5,5.0,5.5,6.0,6.5,7.0,7.5,7.8,8.0,8.2
0.0,0.1485,0.30619,0.54747,0.86901,1.2286,1.5973,2.1281,2.6239,2.8491,2.9562,3.0233
1.0,0.12129,0.25307,0.46166,0.75053,1.0894,1.4504,1.9517,2.4272,2.6493,2.7583,2.8307
5.0,0.066201,0.14324,0.27586,0.47788,0.74447,1.058,1.4703,1.8806,2.0875,2.198,2.2812
10.0,0.039592,0.08839,0.17735,0.32184,0.52352,0.78673,1.1272,1.4798,1.6685,1.7752,1.8616
15.0,0.027085,0.061184,0.12568,0.23457,0.3988,0.62495,0.91481,1.2255,1.3986,1.5,1.5858
20.0,0.019608,0.045381,0.095693,0.18374,0.3216,0.51691,0.76966,1.0482,1.2081,1.3043,1.3881
25.0,0.015173,0.035737,0.076763,0.1503,0.26845,0.43953,0.66382,0.91672,1.0655,1.1568,1.2379
30.0,0.01222,0.029191,0.063625,0.12649,0.2295,0.38135,0.58304,0.81494,0.95408,1.0409,1.1193
40.0,0.0085527,0.02089,0.046584,0.094819,0.17621,0.29963,0.46752,0.66679,0.79015,0.869,0.94203
50.0,0.0063924,0.015889,0.036068,0.074757,0.1415,0.24497,0.38862,0.56347,0.67435,0.74655,0.81464
60.0,0.0049887,0.012581,0.028982,0.06097,0.11716,0.20584,0.33115,0.48689,0.58758,0.65413,0.71778
70.0,0.0040159,0.010255,0.02392,0.050962,0.099182,0.17647,0.28735,0.42762,0.51981,0.58148,0.64115
80.0,0.003309,0.0085419,0.020144,0.043394,0.085396,0.15362,0.25283,0.38027,0.46521,0.52263,0.57872
90.0,0.0027765,0.0072373,0.017234,0.037492,0.07451,0.13535,0.2249,0.3415,0.42018,0.47384,0.52669
100.0,0.0023641,0.0062163,0.014934,0.032774,0.065713,0.12043,0.20184,0.30913,0.38232,0.43263,0.48255
110.0,0.0020373,0.0053998,0.013076,0.028928,0.058471,0.10801,0.18247,0.28167,0.35,0.39731,0.44455
120.0,0.0017735,0.004735,0.01155,0.025741,0.052415,0.09754,0.16597,0.25806,0.32206,0.36666,0.41144
130.0,0.001557,0.0041853,0.010279,0.023064,0.047283,0.088591,0.15175,0.23755,0.29765,0.33977,0.3823
140.0,0.0013771,0.003725,0.0092062,0.020788,0.042888,0.080863,0.13938,0.21955,0.27613,0.31599,0.35643
150.0,0.0012258,0.0033353,0.0082916,0.018833,0.039085,0.074129,0.12852,0.20363,0.25701,0.29479,0.33329
175.0,9.3783E-4,0.0025856,0.0065132,0.014991,0.031527,0.06059,0.10644,0.17086,0.21736,0.25063,0.28485
200.0,7.367E-4,0.0020546,0.0052355,0.01219,0.025933,0.050418,0.08959,0.14547,0.18633,0.21584,0.24644
250.0,4.8129E-4,0.0013685,0.0035554,0.0084403,0.018308,0.03629,0.065743,0.10883,0.14102,0.16462,0.18942
300.0,3.3181E-4,9.5859E-4,0.0025305,0.0061038,0.013453,0.027094,0.04987,0.083878,0.10973,0.12891,0.14927
350.0,2.3751E-4,6.9552E-4,0.001861,0.0045502,0.010166,0.020753,0.038718,0.066007,0.087056,0.10283,0.11971
400.0,1.748E-4,5.1793E-4,0.0014023,0.0034691,0.0078421,0.016199,0.03058,0.052749,0.070062,0.083144,0.097254
450.0,1.3142E-4,3.9347E-4,0.0010764,0.0026909,0.0061467,0.01283,0.024473,0.042656,0.05701,0.067937,0.079798
500.0,1.0049E-4,3.0369E-4,8.3863E-4,0.0021161,0.004879,0.010279,0.019791,0.034819,0.046798,0.055975,0.065994
600.0,6.1089E-5,1.8763E-4,5.2658E-4,0.0013504,0.0031644,0.0067759,0.013259,0.023706,0.032173,0.038732,0.045961
700.0,3.8604E-5,1.2021E-4,3.4202E-4,8.8924E-4,0.0021126,0.0045861,0.0090978,0.016492,0.022566,0.027317,0.032593
800.0,2.5101E-5,7.9097E-5,2.2775E-4,5.9923E-4,0.0014407,0.003165,0.0063538,0.011656,0.016063,0.019537,0.023423
1000.0,1.128E-5,3.626E-5,1.0651E-4,2.8588E-4,7.0117E-4,0.0015714,0.0032182,0.0060225,0.0083999,0.010298,0.012445
1200.0,5.3656E-6,1.7532E-5,5.2347E-5,1.4282E-4,3.5605E-4,8.1111E-4,0.0016884,0.0032117,0.0045236,0.0055824,0.0067904
1500.0,1.8888E-6,6.2966E-6,1.918E-5,5.3388E-5,1.3579E-4,3.1559E-4,6.7023E-4,0.0013007,0.0018541,0.0023065,0.0028281
SA0P2
r\m,4.0,4.5,5.0,5.5,6.0,6.5,7.0,7.5,7.8,8.0,8.2
0.0,0.10821,0.23073,0.42605,0.69674,1.0122,1.347,1.8229,2.274,2.4827,2.5834,2.6483
1.0,0.089088,0.19213,0.36162,0.60506,0.90153,1.2274,1.6768,2.1091,2.314,2.4159,2.4847
5.0,0.049795,0.11117,0.22038,0.39184,0.62474,0.90545,1.2757,1.6482,1.8375,1.9391,2.0158
10.0,0.030389,0.069901,0.1441,0.26786,0.44508,0.68055,0.98718,1.3074,1.4795,1.5769,1.6556
15.0,0.021103,0.049086,0.10348,0.19758,0.34249,0.54515,0.80711,1.0897,1.2475,1.3398,1.4176
20.0,0.015474,0.036836,0.079625,0.15621,0.27842,0.45405,0.68324,0.9371,1.0829,1.1704,1.2462
25.0,0.012097,0.029281,0.064422,0.12877,0.23399,0.3884,0.59243,0.82342,0.95918,1.0422,1.1156
30.0,0.0098272,0.024109,0.053788,0.10909,0.20123,0.33876,0.52279,0.73504,0.86215,0.94111,1.012
40.0,0.006977,0.017484,0.039867,0.082692,0.15607,0.26858,0.42261,0.60572,0.71873,0.7906,0.85674
50.0,0.0052763,0.013445,0.031181,0.065804,0.12639,0.22126,0.3537,0.51499,0.61686,0.68283,0.74461
60.0,0.0041594,0.010747,0.025274,0.054102,0.10542,0.18717,0.30322,0.44739,0.54017,0.60112,0.65901
70.0,0.0033782,0.0088322,0.021022,0.045545,0.08983,0.16142,0.26453,0.39483,0.48002,0.53665,0.59104
80.0,0.0028058,0.0074122,0.017827,0.039032,0.077804,0.14128,0.2339,0.35267,0.43138,0.48423,0.53548
90.0,0.0023715,0.006323,0.015349,0.033923,0.068256,0.1251,0.20901,0.31802,0.39112,0.44064,0.48905
100.0,0.0020328,0.0054653,0.013379,0.029817,0.060504,0.11183,0.18838,0.28898,0.35717,0.40371,0.44954
110.0,0.0017627,0.0047753,0.011779,0.026453,0.054091,0.10074,0.17098,0.26427,0.32809,0.37196,0.41543
120.0,0.0015434,0.0042105,0.010458,0.023653,0.048706,0.09135,0.15611,0.24296,0.30289,0.34434,0.38564
130.0,0.0013626,0.0037411,0.0093526,0.021289,0.044125,0.083294,0.14326,0.22439,0.28081,0.32005,0.35935
140.0,0.0012114,0.0033461,0.0084156,0.019272,0.040185,0.076315,0.13204,0.20804,0.26128,0.29851,0.33596
150.0,0.0010837,0.0030101,0.0076131,0.017532,0.036764,0.070212,0.12216,0.19355,0.24389,0.27926,0.315
175.0,8.3872E-4,0.0023591,0.0060422,0.014091,0.029925,0.057876,0.10196,0.16358,0.20769,0.239,0.27094
200.0,6.6581E-4,0.0018934,0.0049029,0.011561,0.024822,0.048538,0.086451,0.14022,0.17919,0.20711,0.23582
250.0,4.4323E-4,0.0012839,0.0033867,0.0081346,0.017792,0.03544,0.064294,0.10622,0.13725,0.15981,0.1833
300.0,3.1072E-4,9.1383E-4,0.0024474,0.0059685,0.013255,0.026806,0.049373,0.082815,0.10799,0.1265,0.14597
350.0,2.2583E-4,6.7281E-4,0.0018253,0.0045093,0.010144,0.020782,0.038775,0.065881,0.086571,0.10193,0.11824
400.0,1.6858E-4,5.0789E-4,0.0013934,0.0034812,0.0079199,0.016408,0.03096,0.053195,0.070373,0.083234,0.096981
450.0,1.2845E-4,3.9084E-4,0.001083,0.0027327,0.0062789,0.013138,0.025037,0.043447,0.05782,0.068658,0.080316
500.0,9.9473E-5,3.0539E-4,8.5376E-4,0.0021735,0.0050388,0.010638,0.020453,0.035809,0.04791,0.057093,0.067026
600.0,6.1931E-5,1.9309E-4,5.4821E-4,0.0014174,0.003337,0.0071546,0.013969,0.024838,0.033541,0.040217,0.047506
700.0,4.0022E-5,1.2642E-4,3.6367E-4,9.5262E-4,0.0022724,0.0049362,0.0097649,0.017591,0.023942,0.028858,0.034267
800.0,2.6583E-5,8.4929E-5,2.471E-4,6.5466E-4,0.0015795,0.0034702,0.0069432,0.012651,0.017335,0.02099,0.025038
1000.0,1.2435E-5,4.0492E-5,1.2007E-4,3.2422E-4,7.9726E-4,0.0017853,0.0036406,0.0067605,0.0093703,0.011432,0.013741
1200.0,6.1441E-6,2.0321E-5,6.1202E-5,1.6786E-4,4.1924E-4,9.5351E-4,0.0019749,0.0037249,0.0052113,0.0063979,0.0077379
1500.0,2.2834E-6,7.6976E-6,2.363E-5,6.6058E-5,1.6816E-4,3.8984E-4,8.23E-4,0.0015822,0.002239,0.0027699,0.0033757
SA0P25
r\m,4.0,4.5,5.0,5.5,6.0,6.5,7.0,7.5,7.8,8.0,8.2
0.0,0.092751,0.20216,0.37784,0.62186,0.90505,1.2056,1.6414,2.0547,2.2439,2.3339,2.3901
1.0,0.074829,0.16513,0.31559,0.53347,0.79943,1.0927,1.503,1.8978,2.0834,2.1745,2.2346
5.0,0.040269,0.092193,0.18655,0.33725,0.5446,0.797,1.1321,1.4698,1.6408,1.7317,1.7994
10.0,0.024238,0.057222,0.12062,0.22846,0.3854,0.59636,0.87267,1.1619,1.3169,1.4039,1.4737
15.0,0.016779,0.040067,0.086416,0.16823,0.29627,0.47747,0.71321,0.96815,1.11,1.1926,1.2616
20.0,0.012314,0.030095,0.066559,0.13313,0.24111,0.39812,0.60438,0.83336,0.96451,1.0428,1.11
25.0,0.0096492,0.023977,0.053967,0.10997,0.20302,0.34117,0.52494,0.73341,0.85556,0.92986,0.99504
30.0,0.0078622,0.019798,0.045178,0.093398,0.175,0.2982,0.46414,0.65588,0.77035,0.84106,0.90411
40.0,0.005618,0.014445,0.033677,0.071176,0.1364,0.23752,0.37681,0.54262,0.64458,0.70909,0.76803
50.0,0.0042759,0.011175,0.026491,0.056944,0.11102,0.19658,0.31672,0.46316,0.55529,0.61463,0.66982
60.0,0.0033915,0.0089846,0.02159,0.047058,0.093039,0.16703,0.27263,0.40389,0.48801,0.54297,0.5948
70.0,0.0027705,0.0074247,0.018051,0.039808,0.079642,0.14466,0.23879,0.35773,0.43516,0.48634,0.53516
80.0,0.0023137,0.0062632,0.015382,0.034272,0.069277,0.12712,0.21192,0.32064,0.39235,0.44023,0.48634
90.0,0.0019656,0.005369,0.013306,0.029915,0.061024,0.11299,0.19005,0.29008,0.35685,0.40181,0.44546
100.0,0.0016931,0.0046622,0.011648,0.026403,0.054302,0.10137,0.17186,0.26443,0.32684,0.3692,0.41061
110.0,0.001475,0.0040916,0.010298,0.023517,0.048727,0.091637,0.15649,0.24254,0.3011,0.34111,0.38048
120.0,0.0012972,0.0036227,0.0091799,0.021106,0.044031,0.083369,0.14333,0.22362,0.27873,0.31661,0.3541
130.0,0.00115,0.0032317,0.0082405,0.019065,0.040024,0.076259,0.13192,0.2071,0.25909,0.29504,0.33079
140.0,0.0010266,0.0029017,0.0074419,0.017318,0.036569,0.070083,0.12194,0.19253,0.2417,0.27586,0.31
150.0,9.2191E-4,0.0026199,0.0067559,0.015808,0.033561,0.064669,0.11312,0.17958,0.22617,0.25869,0.29133
175.0,7.1999E-4,0.0020711,0.0054062,0.012805,0.02752,0.053679,0.095042,0.15271,0.19373,0.22267,0.25198
200.0,5.7634E-4,0.0016756,0.0044203,0.010581,0.022985,0.04531,0.081076,0.13165,0.16808,0.194,0.22046
250.0,3.895E-4,0.0011527,0.0030956,0.0075438,0.016682,0.033477,0.060977,0.10079,0.13005,0.15118,0.17303
300.0,2.7674E-4,8.311E-4,0.0022649,0.0056009,0.012569,0.025595,0.047307,0.079345,0.10328,0.12077,0.13903
350.0,2.0363E-4,6.1917E-4,0.0017085,0.0042778,0.0097199,0.020042,0.037506,0.063693,0.083531,0.098156,0.11356
400.0,1.5374E-4,4.7256E-4,0.0013181,0.0033363,0.0076632,0.015973,0.030216,0.05187,0.068468,0.080804,0.093892
450.0,1.184E-4,3.6743E-4,0.0010347,0.0026442,0.0061318,0.012904,0.024644,0.042712,0.056703,0.067175,0.078355
500.0,9.2629E-5,2.8993E-4,8.2349E-4,0.0021225,0.0049644,0.010537,0.020297,0.03548,0.047345,0.056282,0.065874
600.0,5.8775E-5,1.8672E-4,5.3829E-4,0.0014082,0.0033431,0.0072021,0.014081,0.024982,0.033634,0.040221,0.047357
700.0,3.866E-5,1.2437E-4,3.631E-4,9.6193E-4,0.0023126,0.0050453,0.0099889,0.017947,0.024346,0.029261,0.034626
800.0,2.611E-5,8.4921E-5,2.5064E-4,6.7132E-4,0.0016317,0.0035989,0.0072035,0.013085,0.017867,0.021568,0.025634
1000.0,1.2602E-5,4.1743E-5,1.2548E-4,3.423E-4,8.4733E-4,0.0019034,0.0038803,0.0071783,0.0099101,0.012051,0.014428
1200.0,6.4113E-6,2.1558E-5,6.5782E-5,1.8215E-4,4.5771E-4,0.0010437,0.0021598,0.0040558,0.0056498,0.0069115,0.0083247
1500.0,2.4834E-6,8.5052E-6,2.6434E-5,7.4552E-5,1.9081E-4,4.4316E-4,9.3403E-4,0.0017865,0.0025162,0.0031007,0.0037622
SA0P3
r\m,4.0,4.5,5.0,5.5,6.0,6.5,7.0,7.5,7.8,8.0,8.2
0.0,0.067115,0.15316,0.2985,0.50963,0.76546,1.0459,1.448,1.832,2.0081,2.0913,2.1426
1.0,0.054473,0.1258,0.25052,0.43891,0.6782,0.95018,1.3284,1.6948,1.8671,1.9511,2.0056
5.0,0.029826,0.071361,0.15016,0.28077,0.46643,0.69821,1.007,1.3196,1.4773,1.5604,1.6212
10.0,0.01821,0.044875,0.098226,0.19213,0.33296,0.52609,0.78083,1.0484,1.191,1.2702,1.3327
15.0,0.012738,0.031734,0.071008,0.14262,0.25768,0.42352,0.64117,0.87708,1.0075,1.0826,1.1443
20.0,0.0094313,0.024028,0.055085,0.11358,0.21083,0.35475,0.5455,0.75755,0.87812,0.94926,1.0094
25.0,0.0074425,0.019267,0.044925,0.094305,0.17834,0.30521,0.47543,0.66867,0.78101,0.84859,0.90697
30.0,0.0061005,0.015996,0.037797,0.080454,0.15434,0.26771,0.42168,0.59958,0.70493,0.76928,0.82581
40.0,0.0044028,0.011779,0.028414,0.061783,0.12112,0.21453,0.34418,0.49837,0.59237,0.65117,0.70412
50.0,0.0033789,0.0091833,0.022509,0.049748,0.099159,0.17848,0.29065,0.42714,0.51223,0.56642,0.61612
60.0,0.0026993,0.0074323,0.018459,0.041345,0.083529,0.15236,0.25123,0.37385,0.4517,0.50199,0.54877
70.0,0.0022191,0.0061784,0.015517,0.035153,0.071834,0.13251,0.22088,0.33226,0.40405,0.45098,0.49514
80.0,0.0018638,0.0052401,0.01329,0.030405,0.062753,0.1169,0.19673,0.29875,0.36538,0.40937,0.45117
90.0,0.0015919,0.0045143,0.011549,0.026655,0.055497,0.10429,0.177,0.27109,0.33325,0.37463,0.41429
100.0,0.001378,0.0039382,0.010154,0.02362,0.049569,0.093884,0.16057,0.24782,0.30604,0.34511,0.38281
110.0,0.001206,0.0034713,0.0090143,0.021118,0.044637,0.085147,0.14665,0.22792,0.28266,0.31964,0.35555
120.0,0.0010653,0.0030862,0.0080666,0.019022,0.040471,0.077706,0.1347,0.2107,0.26231,0.29739,0.33166
130.0,9.4832E-4,0.0027639,0.0072679,0.017243,0.036907,0.071293,0.12432,0.19563,0.24442,0.27777,0.31052
140.0,8.499E-4,0.0024909,0.0065868,0.015715,0.033826,0.065708,0.11522,0.18232,0.22855,0.2603,0.29164
150.0,7.6615E-4,0.0022572,0.0060001,0.01439,0.031138,0.060803,0.10717,0.17046,0.21435,0.24464,0.27466
175.0,6.0371E-4,0.0017996,0.00484,0.011745,0.025716,0.050808,0.090607,0.1458,0.18463,0.2117,0.23879
200.0,4.8727E-4,0.0014674,0.0039871,0.0097747,0.021622,0.043159,0.077752,0.12639,0.16103,0.1854,0.20997
250.0,3.3431E-4,0.0010242,0.002831,0.0070608,0.01589,0.032267,0.059133,0.097784,0.12587,0.14591,0.16638
300.0,2.4082E-4,7.4824E-4,0.0020977,0.0053062,0.012111,0.024944,0.04636,0.077751,0.10093,0.11766,0.13493
350.0,1.7948E-4,5.6436E-4,0.0016013,0.0040994,0.0094695,0.019738,0.037127,0.063015,0.082389,0.096507,0.1112
400.0,1.3716E-4,4.3581E-4,0.0012495,0.0032323,0.0075447,0.015891,0.030203,0.051799,0.068148,0.080159,0.092748
450.0,1.0686E-4,3.4268E-4,9.9156E-4,0.0025888,0.0060987,0.012964,0.024868,0.043044,0.056943,0.067226,0.078071
500.0,8.4538E-5,2.7334E-4,7.9748E-4,0.0020994,0.0049867,0.010688,0.020672,0.036077,0.047964,0.056813,0.066196
600.0,5.4799E-5,1.7974E-4,5.3195E-4,0.0014206,0.003423,0.0074425,0.014602,0.025851,0.034665,0.041295,0.048392
700.0,3.6786E-5,1.2213E-4,3.6587E-4,9.8897E-4,0.0024121,0.0053087,0.010543,0.018892,0.025518,0.030547,0.03597
800.0,2.5337E-5,8.5011E-5,2.5736E-4,7.0304E-4,0.0017329,0.0038542,0.0077351,0.014008,0.01904,0.022889,0.027066
1000.0,1.27E-5,4.3369E-5,1.3363E-4,3.7153E-4,9.3206E-4,0.0021099,0.0043097,0.0079432,0.010912,0.01321,0.015732
1200.0,6.7009E-6,2.3215E-5,7.2571E-5,2.047E-4,5.21E-4,0.0011965,0.0024795,0.0046364,0.0064246,0.0078228,0.0093699
1500.0,2.7364E-6,9.6493E-6,3.0702E-5,8.8146E-5,2.2835E-4,5.3378E-4,0.0011259,0.0021428,0.003001,0.00368,0.0044391
SA0P4
r\m,4.0,4.5,5.0,5.5,6.0,6.5,7.0,7.5,7.8,8.0,8.2
0.0,0.046949,0.11557,0.23863,0.42579,0.66031,0.92424,1.3101,1.6809,1.8488,1.9259,1.9701
1.0,0.03725,0.092857,0.19656,0.36144,0.5792,0.83396,1.1942,1.5455,1.7087,1.786,1.8333
5.0,0.019624,0.050718,0.11395,0.22497,0.39023,0.6036,0.89221,1.1861,1.3326,1.408,1.4609
10.0,0.011841,0.031513,0.073699,0.15239,0.27617,0.45157,0.68674,0.93502,1.0657,1.1368,1.1908
15.0,0.0082719,0.022244,0.053164,0.11286,0.21325,0.3627,0.56233,0.77957,0.89819,0.96503,1.0182
20.0,0.0061393,0.016872,0.041292,0.089939,0.17452,0.30374,0.47805,0.67241,0.78149,0.84453,0.89626
25.0,0.0048623,0.013571,0.033758,0.074818,0.14782,0.26153,0.41675,0.59334,0.69463,0.75431,0.80441
30.0,0.0040017,0.011306,0.028486,0.063983,0.12817,0.22971,0.36993,0.5322,0.62696,0.68367,0.73212
40.0,0.0029123,0.0083872,0.021552,0.0494,0.10103,0.18472,0.30272,0.44309,0.52742,0.57911,0.62445
50.0,0.0022533,0.0065867,0.017183,0.040002,0.083108,0.1543,0.25644,0.38064,0.45691,0.5045,0.54706
60.0,0.0018141,0.0053685,0.014181,0.033431,0.070348,0.13225,0.22242,0.33405,0.40382,0.448,0.48808
70.0,0.0015024,0.0044929,0.011994,0.028579,0.060788,0.1155,0.19624,0.29774,0.36213,0.40337,0.44125
80.0,0.0012708,0.0038352,0.010333,0.02485,0.053353,0.10232,0.1754,0.26851,0.32833,0.36703,0.40293
90.0,0.0010927,0.0033245,0.0090301,0.021896,0.047401,0.09165,0.15837,0.24438,0.30026,0.33673,0.37085
100.0,9.5195E-4,0.0029175,0.007983,0.019501,0.042528,0.082836,0.14418,0.22409,0.27651,0.31099,0.34349
110.0,8.3831E-4,0.0025863,0.0071241,0.017519,0.038465,0.075424,0.13214,0.20673,0.25611,0.2888,0.31981
120.0,7.449E-4,0.0023122,0.0064079,0.015855,0.035025,0.069101,0.1218,0.1917,0.23834,0.26942,0.29907
130.0,6.6695E-4,0.0020819,0.0058023,0.014438,0.032077,0.063642,0.1128,0.17853,0.22272,0.25232,0.28071
140.0,6.0107E-4,0.0018861,0.0052842,0.013218,0.029521,0.058879,0.1049,0.1669,0.20885,0.23709,0.26433
150.0,5.4479E-4,0.0017178,0.0048363,0.012157,0.027285,0.054687,0.097908,0.15652,0.19644,0.22344,0.24959
175.0,4.3488E-4,0.0013864,0.0039462,0.010029,0.022758,0.046118,0.08347,0.1349,0.17042,0.19468,0.21842
200.0,3.5534E-4,0.0011436,0.0032865,0.0084327,0.01932,0.039525,0.072221,0.11783,0.1497,0.17167,0.19333
250.0,2.4945E-4,8.1581E-4,0.0023823,0.0062116,0.014461,0.030064,0.055819,0.09254,0.1187,0.13699,0.15527
300.0,1.8359E-4,6.0835E-4,0.0018,0.0047556,0.011219,0.023633,0.044457,0.074679,0.096548,0.11201,0.12762
350.0,1.3963E-4,4.679E-4,0.0014,0.0037404,0.0089229,0.019008,0.036158,0.06142,0.079939,0.093159,0.10662
400.0,1.0881E-4,3.6817E-4,0.0011123,0.0030008,0.0072287,0.015549,0.029867,0.051227,0.067062,0.078456,0.090138
450.0,8.6384E-5,2.9481E-4,8.9839E-4,0.0024445,0.0059394,0.012886,0.024965,0.043188,0.056829,0.066713,0.07691
500.0,6.9601E-5,2.3937E-4,7.3507E-4,0.0020156,0.004935,0.010789,0.021065,0.036722,0.048544,0.057163,0.066102
600.0,4.6741E-5,1.6291E-4,5.0698E-4,0.0014088,0.0034958,0.0077455,0.015325,0.027074,0.036078,0.04271,0.049653
700.0,3.2467E-5,1.1444E-4,3.6021E-4,0.0010123,0.0025405,0.0056929,0.011392,0.020354,0.027307,0.032474,0.037924
800.0,2.3118E-5,8.2292E-5,2.6157E-4,7.4237E-4,0.0018814,0.0042574,0.0086029,0.015523,0.020948,0.025009,0.029322
1000.0,1.236E-5,4.4724E-5,1.4451E-4,4.1692E-4,0.0010741,0.0024708,0.0050753,0.0093091,0.012687,0.015247,0.017993
1200.0,6.9427E-6,2.5462E-5,8.3382E-5,2.4382E-4,6.3663E-4,0.0014843,0.0030901,0.0057445,0.0078925,0.0095356,0.011314
1500.0,3.1071E-6,1.1584E-5,3.8565E-5,1.1464E-4,3.043E-4,7.2125E-4,0.0015265,0.0028848,0.0040028,0.0048681,0.0058141
SA0P5
r\m,4.0,4.5,5.0,5.5,6.0,6.5,7.0,7.5,7.8,8.0,8.2
0.0,0.030777,0.081772,0.18087,0.34265,0.55926,0.81535,1.1867,1.5478,1.711,1.7849,1.8257
1.0,0.024633,0.066237,0.15004,0.29259,0.49284,0.73832,1.0853,1.427,1.5854,1.6592,1.7027
5.0,0.013293,0.036998,0.088725,0.18525,0.33671,0.5404,0.81882,1.1047,1.2463,1.3179,1.3664
10.0,0.008174,0.023396,0.058303,0.12725,0.24122,0.40838,0.63586,0.87769,1.0039,1.0713,1.1209
15.0,0.0057875,0.016728,0.042562,0.095267,0.18798,0.33052,0.52421,0.73617,0.85078,0.91417,0.96314
20.0,0.0043435,0.012819,0.033364,0.076544,0.15494,0.2785,0.44811,0.63808,0.74358,0.80343,0.85117
25.0,0.0034701,0.010393,0.027478,0.064099,0.13201,0.24105,0.39248,0.56539,0.66347,0.7202,0.76654
30.0,0.0028768,0.0087178,0.023331,0.055126,0.11503,0.21268,0.34981,0.50896,0.60083,0.65481,0.69974
40.0,0.0021186,0.006539,0.017832,0.042961,0.091452,0.17234,0.28822,0.42633,0.5083,0.55764,0.59984
50.0,0.001655,0.0051814,0.014337,0.035055,0.075753,0.14486,0.24555,0.36811,0.44243,0.48798,0.52773
60.0,0.0013433,0.0042553,0.011915,0.029487,0.064504,0.12484,0.21402,0.32447,0.39262,0.435,0.47256
70.0,0.0011204,0.0035849,0.01014,0.025351,0.056031,0.10955,0.18964,0.29032,0.35335,0.39302,0.42861
80.0,9.5367E-4,0.0030781,0.0087833,0.022156,0.049408,0.097456,0.17016,0.26274,0.32142,0.35872,0.39255
90.0,8.2465E-4,0.0026824,0.0077142,0.019612,0.044083,0.087637,0.15419,0.2399,0.29482,0.33004,0.36227
100.0,7.2216E-4,0.0023655,0.0068507,0.01754,0.039705,0.079492,0.14083,0.22062,0.27226,0.30562,0.33639
110.0,6.39E-4,0.0021064,0.0061394,0.01582,0.036042,0.072621,0.12946,0.2041,0.25282,0.28451,0.31394
120.0,5.7032E-4,0.001891,0.0055438,0.014369,0.03293,0.06674,0.11967,0.18975,0.23585,0.26604,0.29423
130.0,5.1277E-4,0.0017094,0.0050383,0.01313,0.030254,0.061648,0.11113,0.17715,0.2209,0.2497,0.27675
140.0,4.6393E-4,0.0015543,0.0046043,0.012059,0.027927,0.057193,0.10361,0.16598,0.2076,0.23513,0.26112
150.0,4.2205E-4,0.0014206,0.0042279,0.011126,0.025885,0.053261,0.096938,0.15601,0.19567,0.22203,0.24703
175.0,3.3978E-4,0.0011557,0.0034759,0.0092432,0.021733,0.04519,0.08311,0.13516,0.17058,0.19436,0.21715
200.0,2.7976E-4,9.6027E-4,0.0029145,0.0078216,0.01856,0.038946,0.072279,0.11862,0.15052,0.17213,0.19301
250.0,1.9904E-4,6.9376E-4,0.0021382,0.0058268,0.014041,0.029918,0.05638,0.093949,0.12031,0.13843,0.15618
300.0,1.482E-4,5.2309E-4,0.0016326,0.0045055,0.010994,0.023724,0.045273,0.076395,0.098572,0.11399,0.12925
350.0,1.1389E-4,4.0632E-4,0.0012818,0.0035754,0.0088187,0.019234,0.037098,0.063271,0.082164,0.095421,0.10866
400.0,8.9598E-5,3.2263E-4,0.0010273,0.0028922,0.0072002,0.01585,0.030857,0.053117,0.069362,0.080854,0.092412
450.0,7.1762E-5,2.6053E-4,8.3638E-4,0.0023742,0.0059594,0.013227,0.025962,0.045059,0.05913,0.069152,0.079297
500.0,5.8299E-5,2.1322E-4,6.8954E-4,0.0019718,0.0049859,0.011148,0.022043,0.03854,0.050798,0.059584,0.068526
600.0,3.9752E-5,1.4725E-4,4.8232E-4,0.001397,0.0035778,0.0081024,0.016226,0.028733,0.038164,0.044993,0.05201
700.0,2.8001E-5,1.0485E-4,3.4717E-4,0.0010164,0.0026315,0.0060242,0.012195,0.02183,0.029183,0.034554,0.040116
800.0,2.02E-5,7.6353E-5,2.5519E-4,7.542E-4,0.001971,0.0045546,0.009307,0.016817,0.022608,0.02687,0.031312
1000.0,1.1064E-5,4.248E-5,1.4422E-4,4.3299E-4,0.0011494,0.0026982,0.0056007,0.01028,0.013951,0.016685,0.019566
1200.0,6.3548E-6,2.4715E-5,8.4996E-5,2.5847E-4,6.9503E-4,0.0016526,0.0034747,0.0064602,0.0088349,0.010621,0.012519
1500.0,2.934E-6,1.1592E-5,4.0498E-5,1.2511E-4,3.4175E-4,8.255E-4,0.0017632,0.0033302,0.0045975,0.0055617,0.006597
SA0P75
r\m,4.0,4.5,5.0,5.5,6.0,6.5,7.0,7.5,7.8,8.0,8.2
0.0,0.013777,0.042969,0.10846,0.22865,0.40581,0.63133,0.96882,1.3049,1.4553,1.5206,1.5524
1.0,0.010768,0.034014,0.088251,0.19242,0.35416,0.5681,0.88066,1.1959,1.3404,1.4052,1.4393
5.0,0.0056154,0.018373,0.050664,0.11894,0.23775,0.41059,0.65612,0.91375,1.0399,1.1011,1.1393
10.0,0.003433,0.011544,0.033077,0.081216,0.16945,0.30891,0.50691,0.72162,0.8321,0.8889,0.92784
15.0,0.002438,0.0082732,0.024185,0.060859,0.1321,0.24998,0.41749,0.60413,0.70349,0.75645,0.79478
20.0,0.0018404,0.006371,0.019034,0.04905,0.10913,0.21095,0.35712,0.52356,0.61447,0.66419,0.70149
25.0,0.0014795,0.0051935,0.015748,0.04123,0.093253,0.18299,0.31325,0.46426,0.54843,0.59539,0.63157
30.0,0.0012341,0.00438,0.013434,0.035599,0.081529,0.16187,0.27972,0.41844,0.49707,0.54164,0.5767
40.0,9.1958E-4,0.0033198,0.010363,0.027966,0.065254,0.13189,0.23148,0.35164,0.42158,0.46221,0.49515
50.0,7.2616E-4,0.0026564,0.0084047,0.022996,0.054414,0.11149,0.19814,0.30474,0.36808,0.40556,0.43663
60.0,5.9532E-4,0.0022016,0.0070428,0.019486,0.046635,0.096622,0.17351,0.26966,0.32775,0.36263,0.39204
70.0,5.0119E-4,0.0018707,0.0060403,0.016871,0.040762,0.085252,0.15448,0.24224,0.29601,0.32868,0.35661
80.0,4.3035E-4,0.0016193,0.0052711,0.014843,0.036161,0.076248,0.13926,0.22009,0.27022,0.301,0.32761
90.0,3.7522E-4,0.001422,0.0046623,0.013224,0.032452,0.068923,0.12677,0.20177,0.24876,0.27788,0.30329
100.0,3.3119E-4,0.0012632,0.0041685,0.011901,0.029395,0.062837,0.11631,0.18629,0.23056,0.2582,0.28253
110.0,2.9527E-4,0.0011328,0.0037601,0.010798,0.02683,0.057691,0.1074,0.17302,0.21488,0.24119,0.26453
120.0,2.6545E-4,0.0010239,0.0034168,0.0098654,0.024645,0.053279,0.099716,0.16149,0.2012,0.22631,0.24873
130.0,2.4034E-4,9.3159E-4,0.0031243,0.0090658,0.02276,0.04945,0.093003,0.15136,0.18913,0.21315,0.23473
140.0,2.1893E-4,8.5249E-4,0.0028722,0.0083727,0.021117,0.046092,0.087085,0.14238,0.17839,0.20142,0.22221
150.0,2.0047E-4,7.8398E-4,0.0026527,0.0077662,0.019672,0.043123,0.081823,0.13434,0.16875,0.19086,0.21092
175.0,1.6394E-4,6.473E-4,0.0022114,0.006537,0.016719,0.037005,0.070887,0.1175,0.14845,0.16854,0.18697
200.0,1.3699E-4,5.4543E-4,0.001879,0.0056012,0.014447,0.032243,0.062282,0.1041,0.13218,0.15056,0.16759
250.0,1.002E-4,4.0458E-4,0.0014135,0.0042731,0.011177,0.0253,0.049559,0.084002,0.10756,0.12321,0.1379
300.0,7.6552E-5,3.1268E-4,0.0011051,0.0033795,0.0089427,0.020477,0.040574,0.069569,0.089693,0.10322,0.11606
350.0,6.0289E-5,2.4867E-4,8.8751E-4,0.0027408,0.0073239,0.016935,0.033885,0.05867,0.076085,0.0879,0.099226
400.0,4.8554E-5,2.0198E-4,7.2701E-4,0.0022643,0.0061022,0.01423,0.028717,0.050144,0.06536,0.075766,0.085819
450.0,3.9781E-5,1.6673E-4,6.0465E-4,0.0018974,0.005152,0.012105,0.024612,0.043299,0.056693,0.065916,0.074886
500.0,3.3038E-5,1.394E-4,5.0897E-4,0.0016079,0.0043955,0.010397,0.021282,0.037694,0.049553,0.05777,0.065808
600.0,2.351E-5,1.0036E-4,3.7073E-4,0.0011849,0.0032772,0.0078429,0.016242,0.029104,0.038529,0.045128,0.051647
700.0,1.7258E-5,7.4404E-5,2.7756E-4,8.9598E-4,0.0025026,0.0060486,0.01265,0.022893,0.030487,0.035849,0.041191
800.0,1.2961E-5,5.6357E-5,2.1205E-4,6.9039E-4,0.001945,0.0047413,0.010001,0.018255,0.024435,0.028832,0.033242
1000.0,7.6747E-6,3.3854E-5,1.2922E-4,4.2679E-4,0.0012197,0.0030163,0.0064544,0.011951,0.016135,0.019148,0.022203
1200.0,4.7559E-6,2.1226E-5,8.1976E-5,2.7394E-4,7.9214E-4,0.001982,0.0042913,0.0080397,0.010931,0.013033,0.015184
1500.0,2.454E-6,1.1111E-5,4.3533E-5,1.4758E-4,4.3293E-4,0.0010989,0.0024138,0.0045876,0.0062915,0.0075446,0.0088403
SA1P0
r\m,4.0,4.5,5.0,5.5,6.0,6.5,7.0,7.5,7.8,8.0,8.2
0.0,0.0051395,0.018573,0.05405,0.12957,0.25731,0.43779,0.70943,0.98936,1.1171,1.1725,1.199
1.0,0.00418,0.01527,0.045389,0.11171,0.22834,0.39836,0.65121,0.9147,1.0373,1.0918,1.1197
5.0,0.0023584,0.0088844,0.027782,0.07273,0.15936,0.29614,0.49735,0.71449,0.82123,0.87226,0.90263
10.0,0.0015026,0.0058022,0.018772,0.05114,0.11637,0.22706,0.39067,0.57258,0.66607,0.71314,0.74391
15.0,0.0010914,0.0042489,0.013998,0.038994,0.09203,0.18588,0.32505,0.48366,0.56776,0.61157,0.64182
20.0,8.3691E-4,0.003319,0.011158,0.03178,0.07675,0.15813,0.28004,0.42178,0.49874,0.53984,0.56931
25.0,6.8019E-4,0.0027329,0.0093158,0.02693,0.06605,0.13801,0.24697,0.37577,0.44706,0.48587,0.51448
30.0,5.7217E-4,0.0023228,0.0080034,0.0234,0.05807,0.12268,0.2215,0.33997,0.40658,0.44343,0.47118
40.0,4.3177E-4,0.0017812,0.0062401,0.01856,0.04688,0.10073,0.18453,0.28736,0.34667,0.38027,0.40642
50.0,3.4419E-4,0.0014378,0.0051016,0.015373,0.039349,0.085644,0.15877,0.25015,0.30391,0.33494,0.35965
60.0,2.8433E-4,0.0012001,0.0043028,0.013104,0.033904,0.074575,0.13962,0.22217,0.27152,0.30043,0.32387
70.0,2.4091E-4,0.0010258,0.0037106,0.011403,0.029769,0.066068,0.12476,0.20021,0.24594,0.27305,0.29535
80.0,2.0802E-4,8.9252E-4,0.0032536,0.010076,0.026514,0.059302,0.11283,0.18243,0.22509,0.25066,0.27195
90.0,1.8227E-4,7.874E-4,0.0028901,0.0090126,0.02388,0.053779,0.103,0.16766,0.20771,0.23191,0.25228
100.0,1.6161E-4,7.0241E-4,0.002594,0.0081396,0.021701,0.049175,0.094756,0.15517,0.19293,0.21593,0.23547
110.0,1.4467E-4,6.3231E-4,0.0023482,0.0074098,0.019867,0.045272,0.087718,0.14444,0.18018,0.2021,0.22087
120.0,1.3056E-4,5.7355E-4,0.0021409,0.0067905,0.018301,0.041918,0.081629,0.13509,0.16903,0.18998,0.20805
130.0,1.1863E-4,5.236E-4,0.0019638,0.0062581,0.016946,0.039,0.076303,0.12687,0.15919,0.17925,0.19666
140.0,1.0842E-4,4.8065E-4,0.0018106,0.0057955,0.015763,0.036436,0.071598,0.11956,0.15041,0.16967,0.18647
150.0,9.9599E-5,4.4335E-4,0.0016769,0.0053897,0.01472,0.034165,0.067408,0.11302,0.14253,0.16104,0.17728
175.0,8.205E-5,3.6859E-4,0.0014071,0.0045642,0.012581,0.02947,0.058679,0.099289,0.1259,0.14277,0.15774
200.0,6.902E-5,3.1255E-4,0.0012027,0.0039326,0.010927,0.025803,0.051786,0.088326,0.11253,0.12802,0.14189
250.0,5.1089E-5,2.3447E-4,9.1446E-4,0.0030306,0.008535,0.020427,0.04155,0.071822,0.092244,0.1055,0.11756
300.0,3.945E-5,1.8307E-4,7.2189E-4,0.002419,0.0068882,0.016669,0.034281,0.059912,0.077458,0.088981,0.09959
350.0,3.1376E-5,1.4696E-4,5.8498E-4,0.0019787,0.0056875,0.013893,0.02884,0.050877,0.066146,0.076271,0.085685
400.0,2.5502E-5,1.2043E-4,4.8327E-4,0.001648,0.0047758,0.011761,0.024614,0.043776,0.057192,0.066161,0.074569
450.0,2.1077E-5,1.0025E-4,4.0521E-4,0.0013918,0.0040624,0.010076,0.02124,0.038048,0.049924,0.057919,0.065468
500.0,1.7652E-5,8.4505E-5,3.4377E-4,0.0011884,0.0034911,0.0087154,0.01849,0.033336,0.043911,0.051074,0.057879
600.0,1.2764E-5,6.1788E-5,2.5418E-4,8.8857E-4,0.0026397,0.006664,0.014297,0.026065,0.034564,0.040383,0.045968
700.0,9.5124E-6,4.6487E-5,1.9306E-4,6.8131E-4,0.0020432,0.0052073,0.011278,0.020757,0.027681,0.032464,0.037095
800.0,7.2487E-6,3.5716E-5,1.4955E-4,5.3213E-4,0.001609,0.0041345,0.0090283,0.016753,0.022453,0.026419,0.030286
1000.0,4.4141E-6,2.2051E-5,9.3608E-5,3.3769E-4,0.0010352,0.0026969,0.0059706,0.011233,0.015179,0.017959,0.020701
1200.0,2.8097E-6,1.4195E-5,6.0942E-5,2.2233E-4,6.893E-4,0.0018161,0.004066,0.0077362,0.010525,0.012508,0.014483
1500.0,1.5073E-6,7.7209E-6,3.3607E-5,1.2431E-4,3.9076E-4,0.0010438,0.0023695,0.0045708,0.00627,0.0074929,0.0087241
SA1P5
r\m,4.0,4.5,5.0,5.5,6.0,6.5,7.0,7.5,7.8,8.0,8.2
0.0,0.0013718,0.0061167,0.021707,0.062237,0.14477,0.28071,0.4984,0.74279,0.86309,0.91909,0.95001
1.0,0.0011564,0.0052025,0.018761,0.054884,0.13058,0.25834,0.46204,0.69278,0.8079,0.86239,0.89357
5.0,7.0646E-4,0.003262,0.012253,0.037694,0.094944,0.19801,0.36239,0.55396,0.65353,0.70302,0.73408
10.0,4.72E-4,0.0022271,0.0086122,0.027417,0.071316,0.15522,0.2902,0.45145,0.53824,0.58307,0.61312
15.0,3.5265E-4,0.0016752,0.0065809,0.021364,0.057411,0.12891,0.24451,0.38551,0.46334,0.50463,0.53349
20.0,2.761E-4,0.0013335,0.0053345,0.017667,0.048476,0.11082,0.2126,0.33885,0.40993,0.44841,0.47611
25.0,2.2779E-4,0.0011132,0.0045093,0.015136,0.042117,0.09752,0.18884,0.30376,0.36949,0.40565,0.4323
30.0,1.939E-4,9.5645E-4,0.0039125,0.013268,0.037317,0.087275,0.17037,0.27621,0.33757,0.37178,0.39745
40.0,1.4903E-4,7.4592E-4,0.0030976,0.01067,0.030496,0.072428,0.14327,0.23534,0.2899,0.32096,0.34493
50.0,1.2049E-4,6.0997E-4,0.0025626,0.0089333,0.025842,0.062104,0.12418,0.20617,0.25559,0.28419,0.30671
60.0,1.0069E-4,5.1455E-4,0.0021825,0.0076822,0.022443,0.054457,0.10988,0.18407,0.22944,0.25603,0.27732
70.0,8.6152E-5,4.4382E-4,0.0018978,0.0067353,0.01984,0.048537,0.098698,0.16664,0.20868,0.23359,0.2538
80.0,7.503E-5,3.8925E-4,0.0016763,0.0059916,0.017777,0.0438,0.089679,0.15245,0.1917,0.21517,0.23443
90.0,6.6251E-5,3.4586E-4,0.0014988,0.0053911,0.016097,0.039913,0.082223,0.14064,0.17749,0.19971,0.21812
100.0,5.915E-5,3.1053E-4,0.0013533,0.0048955,0.014701,0.036658,0.075938,0.13061,0.16538,0.1865,0.20414
110.0,5.3292E-5,2.812E-4,0.0012318,0.0044791,0.01352,0.033888,0.070555,0.12196,0.1549,0.17503,0.19198
120.0,4.8379E-5,2.5648E-4,0.0011288,0.004124,0.012508,0.031498,0.065884,0.11442,0.14573,0.16497,0.18128
130.0,4.4204E-5,2.3536E-4,0.0010403,0.0038174,0.011629,0.029412,0.061786,0.10776,0.1376,0.15604,0.17176
140.0,4.0612E-5,2.1711E-4,9.6355E-4,0.00355,0.010858,0.027574,0.058157,0.10184,0.13035,0.14806,0.16323
150.0,3.7492E-5,2.0119E-4,8.9625E-4,0.0033146,0.010176,0.025941,0.054917,0.096526,0.12383,0.14086,0.15553
175.0,3.124E-5,1.6906E-4,7.5951E-4,0.0028328,0.0087713,0.02255,0.048141,0.085329,0.11002,0.12557,0.13911
200.0,2.655E-5,1.4474E-4,6.5507E-4,0.0024613,0.0076777,0.019884,0.042763,0.076353,0.098878,0.11318,0.12576
250.0,2.0014E-5,1.1047E-4,5.0618E-4,0.0019256,0.0060816,0.015947,0.034721,0.062764,0.081884,0.094195,0.10518
300.0,1.5706E-5,8.7574E-5,4.0539E-4,0.001558,0.0049709,0.013168,0.028963,0.052889,0.069421,0.080184,0.089898
350.0,1.2676E-5,7.1291E-5,3.3288E-4,0.0012904,0.0041529,0.011097,0.024619,0.045345,0.059829,0.069343,0.078012
400.0,1.0444E-5,5.9183E-5,2.7842E-4,0.0010874,0.0035262,0.009493,0.021219,0.039378,0.052189,0.06067,0.068461
450.0,8.7436E-6,4.9875E-5,2.362E-4,9.2868E-4,0.0030314,0.0082154,0.018486,0.034534,0.045951,0.053561,0.060599
500.0,7.4126E-6,4.2536E-5,2.0264E-4,8.015E-4,0.0026319,0.0071753,0.016241,0.030522,0.040759,0.047621,0.054007
600.0,5.4842E-6,3.1796E-5,1.5305E-4,6.1164E-4,0.0020293,0.0055898,0.012784,0.024273,0.032616,0.038264,0.043575
700.0,4.1763E-6,2.4426E-5,1.1861E-4,4.7815E-4,0.0016004,0.004447,0.01026,0.019651,0.026544,0.03125,0.035712
800.0,3.2485E-6,1.9144E-5,9.3668E-5,3.8049E-4,0.0012832,0.0035928,0.0083521,0.01612,0.021873,0.025829,0.029607
1000.0,2.0566E-6,1.2275E-5,6.0827E-5,2.5025E-4,8.5474E-4,0.0024238,0.0057066,0.011155,0.015252,0.018102,0.020855
1200.0,1.3583E-6,8.1919E-6,4.1018E-5,1.7051E-4,5.885E-4,0.0016863,0.0040116,0.0079234,0.010901,0.012993,0.015031
1500.0,7.6823E-7,4.6927E-6,2.3798E-5,1.002E-4,3.5026E-4,0.0010165,0.0024493,0.0048996,0.0067928,0.0081374,0.0094622
SA2P0
r\m,4.0,4.5,5.0,5.5,6.0,6.5,7.0,7.5,7.8,8.0,8.2
0.0,5.7823E-4,0.0029366,0.011627,0.036719,0.092824,0.19357,0.36718,0.57763,0.68911,0.74496,0.78015
1.0,4.8029E-4,0.0024612,0.00993,0.032096,0.08325,0.17755,0.33934,0.5371,0.64313,0.69696,0.73167
5.0,2.8725E-4,0.0015105,0.0063726,0.021747,0.059991,0.13535,0.26477,0.4272,0.51747,0.56511,0.59783
10.0,1.9163E-4,0.001029,0.0044721,0.015802,0.045056,0.10615,0.21203,0.34801,0.42589,0.46829,0.4988
15.0,1.4382E-4,7.773E-4,0.0034309,0.012359,0.03639,0.088396,0.17906,0.29771,0.36716,0.4058,0.43447
20.0,1.1333E-4,6.2239E-4,0.0027958,0.010268,0.030851,0.076258,0.15615,0.26232,0.32554,0.3613,0.38844
25.0,9.4099E-5,5.2259E-4,0.0023758,0.0088382,0.026916,0.067349,0.13914,0.23579,0.29413,0.32757,0.3534
30.0,8.0584E-5,4.5151E-4,0.0020718,0.007783,0.023945,0.060489,0.12592,0.21498,0.26938,0.3009,0.3256
40.0,6.2615E-5,3.557E-4,0.0016555,0.006312,0.019716,0.050537,0.10652,0.18413,0.23244,0.26092,0.28373
50.0,5.1112E-5,2.9348E-4,0.0013809,0.0053243,0.016822,0.043599,0.092832,0.16207,0.20583,0.23198,0.25328
60.0,4.3081E-5,2.4956E-4,0.0011848,0.0046098,0.014699,0.038444,0.082551,0.14534,0.18552,0.20979,0.22983
70.0,3.7149E-5,2.1681E-4,0.0010372,0.0040665,0.013068,0.034439,0.074493,0.13211,0.16937,0.19209,0.21104
80.0,3.2582E-5,1.9141E-4,9.2171E-4,0.0036379,0.011769,0.031224,0.067973,0.12132,0.15613,0.17753,0.19554
90.0,2.8957E-5,1.711E-4,8.2877E-4,0.0032904,0.010708,0.028577,0.062567,0.11231,0.14503,0.16528,0.18247
100.0,2.6009E-5,1.5449E-4,7.5224E-4,0.0030024,0.0098232,0.026353,0.057996,0.10464,0.13555,0.1548,0.17125
110.0,2.3565E-5,1.4064E-4,6.8806E-4,0.0027595,0.009072,0.024455,0.054072,0.098022,0.12733,0.14568,0.16147
120.0,2.1505E-5,1.2891E-4,6.3343E-4,0.0025515,0.0084255,0.022812,0.050658,0.092229,0.12011,0.13766,0.15284
130.0,1.9746E-5,1.1884E-4,5.8633E-4,0.0023714,0.0078625,0.021374,0.047655,0.087109,0.11372,0.13054,0.14517
140.0,1.8227E-5,1.1011E-4,5.4529E-4,0.0022137,0.0073674,0.020104,0.044989,0.082541,0.10799,0.12415,0.13827
150.0,1.6902E-5,1.0246E-4,5.0919E-4,0.0020744,0.0069282,0.018971,0.042602,0.078434,0.10283,0.11839,0.13203
175.0,1.4228E-5,8.6931E-5,4.3542E-4,0.0017879,0.0060185,0.01661,0.037592,0.069752,0.091879,0.10611,0.1187
200.0,1.2205E-5,7.5078E-5,3.7862E-4,0.0015654,0.0053056,0.014743,0.033595,0.062759,0.083005,0.096118,0.10782
250.0,9.3511E-6,5.8186E-5,2.9682E-4,0.0012413,0.004256,0.011963,0.027573,0.052102,0.069385,0.080714,0.090956
300.0,7.4425E-6,4.6748E-5,2.4073E-4,0.0010163,0.0035175,0.0099812,0.023222,0.044294,0.05932,0.069266,0.078349
350.0,6.0826E-6,3.8513E-5,1.9992E-4,8.5078E-4,0.0029683,0.0084903,0.019912,0.038284,0.051518,0.060347,0.068479
400.0,5.0694E-6,3.2322E-5,1.6895E-4,7.2399E-4,0.0025436,0.0073262,0.017301,0.033496,0.045263,0.053168,0.0605
450.0,4.2889E-6,2.7514E-5,1.447E-4,6.2392E-4,0.0022055,0.0063916,0.015187,0.029584,0.040123,0.047247,0.053894
500.0,3.672E-6,2.3686E-5,1.2526E-4,5.4307E-4,0.0019303,0.0056249,0.013439,0.026323,0.035819,0.042271,0.048325
600.0,2.7662E-6,1.8014E-5,9.6179E-5,4.2098E-4,0.0015107,0.0044445,0.01072,0.021199,0.029012,0.034369,0.039441
700.0,2.1413E-6,1.4058E-5,7.5665E-5,3.3388E-4,0.0012079,0.0035824,0.008711,0.017366,0.023881,0.028382,0.032676
800.0,1.6911E-6,1.118E-5,6.0599E-5,2.6928E-4,9.8103E-4,0.0029301,0.007175,0.014404,0.019892,0.023708,0.027371
1000.0,1.1007E-6,7.3632E-6,4.0381E-5,1.8156E-4,6.6926E-4,0.0020225,0.0050111,0.010179,0.014156,0.016951,0.019662
1200.0,7.4558E-7,5.0356E-6,2.7883E-5,1.2658E-4,4.7109E-4,0.0014374,0.0035957,0.0073743,0.010315,0.012399,0.014438
1500.0,4.3664E-7,2.984E-6,1.6719E-5,7.6794E-5,2.8919E-4,8.9284E-4,0.0022599,0.0046897,0.0066064,0.0079785,0.0093342
SA3P0
r\m,4.0,4.5,5.0,5.5,6.0,6.5,7.0,7.5,7.8,8.0,8.2
0.0,1.3899E-4,8.2397E-4,0.003782,0.013733,0.03958,0.093143,0.19665,0.34102,0.42944,0.48038,0.51979
1.0,1.1655E-4,6.9661E-4,0.003254,0.012076,0.035659,0.085712,0.18223,0.31779,0.40153,0.45017,0.4882
5.0,7.1561E-5,4.3793E-4,0.0021323,0.0083258,0.026049,0.066022,0.14342,0.25453,0.32501,0.36695,0.40075
10.0,4.8742E-5,3.0405E-4,0.0015217,0.0061372,0.019801,0.052271,0.11576,0.20868,0.26897,0.30558,0.33582
15.0,3.7129E-5,2.329E-4,0.0011823,0.0048537,0.016139,0.043848,0.098354,0.17941,0.23288,0.26583,0.29352
20.0,2.9624E-5,1.8858E-4,9.7298E-4,0.0040669,0.013781,0.038052,0.086204,0.15874,0.20723,0.23745,0.26318
25.0,2.4838E-5,1.5975E-4,8.3338E-4,0.0035251,0.012095,0.033778,0.077147,0.1432,0.18783,0.2159,0.24005
30.0,2.1446E-5,1.3906E-4,7.3165E-4,0.0031229,0.010816,0.030473,0.070084,0.13097,0.1725,0.19883,0.22167
40.0,1.689E-5,1.1091E-4,5.9123E-4,0.0025581,0.0089847,0.025655,0.059681,0.1128,0.14957,0.17318,0.19395
50.0,1.3941E-5,9.2442E-5,4.9773E-4,0.0021758,0.0077224,0.022276,0.052301,0.09976,0.13301,0.15457,0.17374
60.0,1.1862E-5,7.9292E-5,4.3044E-4,0.0018973,0.0067913,0.019754,0.046739,0.089839,0.12034,0.14027,0.15816
70.0,1.0313E-5,6.9417E-5,3.7945E-4,0.0016844,0.0060721,0.017786,0.042364,0.081973,0.11024,0.12884,0.14566
80.0,9.1131E-6,6.1707E-5,3.3935E-4,0.0015156,0.0054972,0.0162,0.038814,0.075543,0.10195,0.11943,0.13534
90.0,8.1542E-6,5.5508E-5,3.069E-4,0.0013781,0.0050256,0.014891,0.035862,0.070163,0.094985,0.11151,0.12662
100.0,7.37E-6,5.041E-5,2.8005E-4,0.0012636,0.0046307,0.013787,0.033361,0.065578,0.089029,0.10471,0.11913
110.0,6.7163E-6,4.6139E-5,2.5744E-4,0.0011667,0.0042945,0.012842,0.031209,0.06161,0.083858,0.098798,0.11259
120.0,6.1628E-6,4.2505E-5,2.3812E-4,0.0010835,0.0040042,0.012022,0.029332,0.058134,0.079314,0.093592,0.10683
130.0,5.6879E-6,3.9375E-5,2.214E-4,0.0010111,0.0037508,0.011303,0.027678,0.055056,0.075279,0.08896,0.10169
140.0,5.276E-6,3.6648E-5,2.0677E-4,9.476E-4,0.0035272,0.010666,0.026207,0.052307,0.071665,0.084805,0.09707
150.0,4.9152E-6,3.4251E-5,1.9387E-4,8.9131E-4,0.0033284,0.010097,0.024888,0.049832,0.068404,0.081048,0.092888
175.0,4.1827E-6,2.9356E-5,1.6736E-4,7.7497E-4,0.0029149,0.0089064,0.02211,0.044586,0.061465,0.073035,0.083942
200.0,3.6234E-6,2.559E-5,1.468E-4,6.8403E-4,0.002589,0.0079603,0.019884,0.040348,0.05583,0.066503,0.076626
250.0,2.8257E-6,2.0166E-5,1.1691E-4,5.505E-4,0.0021056,0.0065423,0.016514,0.03386,0.047148,0.056397,0.065253
300.0,2.2848E-6,1.6447E-5,9.6168E-5,4.5676E-4,0.0017622,0.0055228,0.014061,0.029079,0.040699,0.04885,0.056716
350.0,1.8945E-6,1.3738E-5,8.0916E-5,3.8714E-4,0.0015046,0.00475,0.012182,0.025377,0.035674,0.042944,0.050004
400.0,1.6004E-6,1.1679E-5,6.9227E-5,3.3333E-4,0.0013037,0.004142,0.01069,0.022411,0.031625,0.038166,0.044554
450.0,1.3714E-6,1.0064E-5,5.9989E-5,2.9047E-4,0.0011425,0.0036502,0.0094738,0.019973,0.02828,0.034206,0.04002
500.0,1.1884E-6,8.7653E-6,5.2513E-5,2.5556E-4,0.0010102,0.003244,0.0084618,0.01793,0.025462,0.03086,0.036178
600.0,9.1603E-7,6.8153E-6,4.1188E-5,2.022E-4,8.0631E-4,0.0026118,0.0068726,0.01469,0.020971,0.025505,0.030005
700.0,7.2455E-7,5.4307E-6,3.3064E-5,1.6352E-4,6.569E-4,0.0021436,0.0056824,0.012236,0.017545,0.021402,0.025252
800.0,5.8408E-7,4.406E-6,2.6998E-5,1.3438E-4,5.433E-4,0.0017843,0.0047604,0.010316,0.01485,0.01816,0.021483
1000.0,3.9529E-7,3.014E-6,1.8667E-5,9.3917E-5,3.8382E-4,0.0012742,0.0034359,0.0075264,0.010904,0.013392,0.01591
1200.0,2.7784E-7,2.1371E-6,1.3353E-5,6.7774E-5,2.7942E-4,9.3577E-4,0.0025457,0.0056255,0.0081929,0.010098,0.012039
1500.0,1.7157E-7,1.334E-6,8.4254E-6,4.3225E-5,1.8014E-4,6.098E-4,0.0016769,0.0037456,0.0054904,0.0067962,0.0081374
SA4P0
r\m,4.0,4.5,5.0,5.5,6.0,6.5,7.0,7.5,7.8,8.0,8.2
0.0,5.7311E-5,3.6418E-4,0.0017848,0.0069115,0.021265,0.053637,0.12235,0.22968,0.30353,0.35072,0.39209
1.0,4.7204E-5,3.0263E-4,0.0015141,0.0060158,0.019037,0.049177,0.113,0.21336,0.28292,0.32767,0.36716
5.0,2.8278E-5,1.858E-4,9.7244E-4,0.0040851,0.013769,0.037658,0.088448,0.16997,0.22779,0.26569,0.29982
10.0,1.9203E-5,1.2861E-4,6.922E-4,0.0030061,0.01046,0.029818,0.071385,0.13931,0.18842,0.22113,0.25107
15.0,1.4676E-5,9.8835E-5,5.3943E-4,0.0023844,0.0085486,0.025073,0.060779,0.11997,0.16339,0.19263,0.21972
20.0,1.177E-5,8.0408E-5,4.4587E-4,0.0020057,0.0073247,0.021826,0.053415,0.10641,0.14571,0.17241,0.19738
25.0,9.9196E-6,6.8441E-5,3.8357E-4,0.0017455,0.0064516,0.019436,0.047939,0.096226,0.13237,0.15711,0.18041
30.0,8.6069E-6,5.9848E-5,3.3816E-4,0.0015522,0.0057895,0.017589,0.043673,0.088235,0.12186,0.145,0.16694
40.0,6.8395E-6,4.8134E-5,2.7538E-4,0.0012806,0.0048406,0.014895,0.037389,0.076354,0.10613,0.12683,0.14665
50.0,5.6897E-6,4.0416E-5,2.3343E-4,0.0010961,0.0041849,0.013003,0.032925,0.067824,0.094765,0.11365,0.13186
60.0,4.8753E-6,3.4896E-5,2.0312E-4,9.6133E-4,0.0036998,0.011586,0.029553,0.061323,0.086057,0.1035,0.12044
70.0,4.2659E-6,3.0733E-5,1.8006E-4,8.5788E-4,0.0033238,0.010478,0.026896,0.056159,0.079107,0.095384,0.11127
80.0,3.7912E-6,2.7468E-5,1.6185E-4,7.7557E-4,0.0030224,0.0095828,0.024734,0.05193,0.073392,0.088688,0.10369
90.0,3.4104E-6,2.4833E-5,1.4706E-4,7.0829E-4,0.0027744,0.0088412,0.022932,0.048384,0.068582,0.083038,0.097274
100.0,3.0975E-6,2.2657E-5,1.3478E-4,6.5211E-4,0.0025661,0.0082146,0.021402,0.045356,0.064461,0.078186,0.091752
110.0,2.8358E-6,2.0827E-5,1.2441E-4,6.044E-4,0.0023882,0.0076768,0.020081,0.04273,0.060876,0.073958,0.08693
120.0,2.6133E-6,1.9265E-5,1.1551E-4,5.633E-4,0.0022342,0.0072091,0.018928,0.040425,0.05772,0.070228,0.082669
130.0,2.4217E-6,1.7914E-5,1.0779E-4,5.2746E-4,0.0020994,0.0067977,0.017909,0.03838,0.054914,0.066905,0.078864
140.0,2.2549E-6,1.6734E-5,1.0101E-4,4.9591E-4,0.0019802,0.0064325,0.017001,0.03655,0.052395,0.063918,0.07544
150.0,2.1084E-6,1.5694E-5,9.5015E-5,4.6788E-4,0.001874,0.0061056,0.016185,0.0349,0.050119,0.061214,0.072334
175.0,1.8093E-6,1.3558E-5,8.2639E-5,4.097E-4,0.0016521,0.0054191,0.014462,0.031393,0.045263,0.055431,0.065676
200.0,1.5793E-6,1.1904E-5,7.2982E-5,3.6395E-4,0.0014762,0.0048708,0.013074,0.028547,0.041304,0.0507,0.060211
250.0,1.2482E-6,9.5009E-6,5.8825E-5,2.9625E-4,0.0012135,0.0040436,0.010961,0.024167,0.035173,0.043344,0.051677
300.0,1.021E-6,7.8346E-6,4.89E-5,2.4826E-4,0.0010252,0.0034438,0.0094104,0.020917,0.030589,0.037817,0.045232
350.0,8.5542E-7,6.6091E-6,4.1535E-5,2.1232E-4,8.828E-4,0.0029858,0.0082147,0.018384,0.026996,0.033466,0.040137
400.0,7.2945E-7,5.6694E-6,3.5842E-5,1.8431E-4,7.7092E-4,0.0026229,0.0072594,0.016343,0.024084,0.029927,0.035978
450.0,6.3052E-7,4.9263E-6,3.1308E-5,1.6184E-4,6.8052E-4,0.0023276,0.0064757,0.014655,0.021665,0.026978,0.032501
500.0,5.5089E-7,4.3244E-6,2.7612E-5,1.4341E-4,6.0587E-4,0.002082,0.0058199,0.013233,0.019618,0.024474,0.029541
600.0,4.3101E-7,3.4111E-6,2.1959E-5,1.1498E-4,4.8974E-4,0.0016967,0.0047818,0.010962,0.01633,0.020439,0.024751
700.0,3.4558E-7,2.7539E-6,1.7851E-5,9.4124E-5,4.0368E-4,0.0014083,0.0039963,0.0092244,0.013799,0.017319,0.021031
800.0,2.8212E-7,2.2617E-6,1.4749E-5,7.8234E-5,3.3755E-4,0.0011846,0.0033819,0.0078531,0.01179,0.014833,0.018055
1000.0,1.9539E-7,1.5822E-6,1.0422E-5,5.5839E-5,2.4335E-4,8.6267E-4,0.0024876,0.0058346,0.0088126,0.011132,0.013604
1200.0,1.4027E-7,1.1452E-6,7.6055E-6,4.1085E-5,1.8053E-4,6.4524E-4,0.0018759,0.0044362,0.0067335,0.0085335,0.010463
1500.0,8.9184E-8,7.355E-7,4.9339E-6,2.6922E-5,1.1949E-4,4.3141E-4,0.0012669,0.0030263,0.0046213,0.0058802,0.0072389
SA5P0
r\m,4.0,4.5,5.0,5.5,6.0,6.5,7.0,7.5,7.8,8.0,8.2
0.0,3.0814E-5,2.0232E-4,0.0010203,0.0040779,0.013017,0.034387,0.083314,0.16717,0.23053,0.27436,0.31618
1.0,2.4779E-5,1.6422E-4,8.4929E-4,0.0035021,0.011558,0.031379,0.076623,0.15467,0.21406,0.25537,0.29502
5.0,1.4367E-5,9.7655E-5,5.3106E-4,0.0023304,0.0082483,0.023831,0.059526,0.12235,0.17118,0.20569,0.23935
10.0,9.6914E-6,6.7146E-5,3.7585E-4,0.0017072,0.0062474,0.018837,0.047967,0.10012,0.14137,0.17092,0.20011
15.0,7.4117E-6,5.163E-5,2.9311E-4,0.0013553,0.0051113,0.015857,0.040877,0.086288,0.12267,0.14899,0.17523
20.0,5.9613E-6,4.2117E-5,2.4288E-4,0.0011427,0.0043887,0.013829,0.035986,0.076647,0.10955,0.13353,0.15761
25.0,5.0405E-6,3.5959E-5,2.0954E-4,9.9699E-4,0.0038748,0.012342,0.032361,0.069438,0.099691,0.12187,0.14427
30.0,4.3879E-6,3.1541E-5,1.8526E-4,8.8898E-4,0.0034856,0.011194,0.029542,0.06379,0.091928,0.11267,0.13371
40.0,3.5085E-6,2.5516E-5,1.5169E-4,7.3712E-4,0.002928,0.0095205,0.025391,0.0554,0.080337,0.098871,0.11783
50.0,2.9351E-6,2.1538E-5,1.2923E-4,6.3389E-4,0.0025423,0.0083441,0.022442,0.049377,0.071963,0.088862,0.10626
60.0,2.5278E-6,1.8686E-5,1.1295E-4,5.5829E-4,0.0022564,0.0074622,0.020212,0.044783,0.065543,0.081161,0.097322
70.0,2.2221E-6,1.6529E-5,1.0054E-4,5.0014E-4,0.0020345,0.0067711,0.018451,0.041129,0.060414,0.074991,0.090139
80.0,1.9832E-6,1.4832E-5,9.0718E-5,4.5376E-4,0.0018561,0.0062118,0.017017,0.038133,0.056191,0.069896,0.084194
90.0,1.791E-6,1.3459E-5,8.2718E-5,4.1577E-4,0.0017091,0.0057475,0.01582,0.035618,0.052633,0.065593,0.07916
100.0,1.6326E-6,1.2322E-5,7.6059E-5,3.8397E-4,0.0015853,0.0053547,0.014801,0.033466,0.049579,0.061893,0.074821
110.0,1.4997E-6,1.1363E-5,7.0419E-5,3.569E-4,0.0014794,0.0050168,0.013921,0.031598,0.04692,0.058664,0.071027
120.0,1.3865E-6,1.0543E-5,6.5571E-5,3.3354E-4,0.0013876,0.0047224,0.013151,0.029956,0.044576,0.055813,0.067671
130.0,1.2888E-6,9.8323E-6,6.1353E-5,3.1313E-4,0.0013071,0.0044631,0.012469,0.028497,0.042489,0.053269,0.064671
140.0,1.2035E-6,9.2097E-6,5.7646E-5,2.9511E-4,0.0012357,0.0042325,0.011861,0.027189,0.040614,0.05098,0.061968
150.0,1.1283E-6,8.6596E-6,5.4358E-5,2.7908E-4,0.001172,0.0040257,0.011314,0.026009,0.038917,0.048906,0.059514
175.0,9.7439E-7,7.5263E-6,4.7549E-5,2.4571E-4,0.0010385,0.0035903,0.010155,0.023494,0.035289,0.04446,0.054242
200.0,8.5539E-7,6.6441E-6,4.2211E-5,2.1935E-4,9.323E-4,0.0032413,0.0092189,0.021447,0.032322,0.040813,0.049904
250.0,6.8292E-7,5.3544E-6,3.4338E-5,1.8012E-4,7.728E-4,0.0027121,0.0077863,0.018285,0.027711,0.035121,0.043105
300.0,5.6358E-7,4.4529E-6,2.8777E-5,1.5212E-4,6.5771E-4,0.0023261,0.0067294,0.015924,0.024245,0.030823,0.037946
350.0,4.7594E-7,3.785E-6,2.4621E-5,1.31E-4,5.7013E-4,0.0020295,0.0059099,0.014076,0.021516,0.027425,0.03385
400.0,4.0881E-7,3.2696E-6,2.139E-5,1.1445E-4,5.0094E-4,0.0017934,0.0052519,0.01258,0.019294,0.024648,0.030492
450.0,3.5575E-7,2.8595E-6,1.8801E-5,1.0111E-4,4.4474E-4,0.0016002,0.0047096,0.011338,0.017441,0.022325,0.027674
500.0,3.1278E-7,2.5254E-6,1.6679E-5,9.0098E-5,3.981E-4,0.0014388,0.0042537,0.010286,0.015866,0.020346,0.025265
600.0,2.4757E-7,2.0145E-6,1.3408E-5,7.2997E-5,3.2506E-4,0.001184,0.0035276,0.0085969,0.013322,0.017137,0.021347
700.0,2.0062E-7,1.6433E-6,1.101E-5,6.0334E-5,2.7044E-4,9.9158E-4,0.0029738,0.0072952,0.01135,0.014638,0.018282
800.0,1.6541E-7,1.3626E-6,9.1814E-6,5.0603E-5,2.2813E-4,8.4122E-4,0.0025373,0.00626,0.0097725,0.012633,0.015814
1000.0,1.1667E-7,9.703E-7,6.6008E-6,3.673E-5,1.6717E-4,6.2237E-4,0.0018952,0.0047207,0.0074119,0.009618,0.012086
1200.0,8.5167E-8,7.1388E-7,4.8945E-6,2.7449E-5,1.2591E-4,4.7244E-4,0.00145,0.0036399,0.0057418,0.0074742,0.0094215
1500.0,5.5426E-8,4.6906E-7,3.2469E-6,1.8384E-5,8.5143E-5,3.2254E-4,9.9943E-4,0.0025331,0.0040189,0.0052515,0.0066451
SA7P5
r\m,4.0,4.5,5.0,5.5,6.0,6.5,7.0,7.5,7.8,8.0,8.2
0.0,9.4417E-6,6.3224E-5,3.3195E-4,0.0014088,0.0048681,0.01418,0.038503,0.088232,0.13299,0.16857,0.20755
1.0,7.6388E-6,5.1605E-5,2.776E-4,0.0012142,0.0043332,0.012962,0.035461,0.081727,0.1236,0.15704,0.1938
5.0,4.4964E-6,3.1111E-5,1.7563E-4,8.1568E-4,0.0031152,0.0098967,0.027671,0.064881,0.099142,0.12683,0.1576
10.0,3.0664E-6,2.1606E-5,1.254E-4,6.0203E-4,0.0023742,0.0078612,0.022388,0.053267,0.082112,0.10566,0.13206
15.0,2.3631E-6,1.6733E-5,9.8428E-5,4.8068E-4,0.0019516,0.0066424,0.01914,0.046032,0.071419,0.092297,0.11586
20.0,1.9127E-6,1.3728E-5,8.1973E-5,4.0706E-4,0.001682,0.0058114,0.016896,0.040982,0.063909,0.082873,0.10438
25.0,1.6254E-6,1.1774E-5,7.1013E-5,3.5647E-4,0.0014898,0.0052006,0.015231,0.037203,0.058263,0.075765,0.095698
30.0,1.421E-6,1.0368E-5,6.3011E-5,3.1886E-4,0.0013439,0.0047287,0.013934,0.03424,0.053816,0.070151,0.088821
40.0,1.1444E-6,8.4434E-6,5.1907E-5,2.6585E-4,0.0011345,0.0040393,0.012022,0.029837,0.047175,0.061738,0.078478
50.0,9.6315E-7,7.1671E-6,4.4448E-5,2.297E-4,9.8927E-4,0.0035538,0.010662,0.026674,0.042376,0.055634,0.070946
60.0,8.3388E-7,6.2488E-6,3.9029E-5,2.0316E-4,8.8143E-4,0.0031893,0.0096333,0.024261,0.038696,0.050939,0.065132
70.0,7.3652E-7,5.552E-6,3.4885E-5,1.827E-4,7.9756E-4,0.0029034,0.0088203,0.022341,0.035757,0.047178,0.060462
80.0,6.6022E-7,5.0026E-6,3.1597E-5,1.6635E-4,7.3006E-4,0.0026717,0.0081574,0.020766,0.033337,0.044074,0.056597
90.0,5.9866E-7,4.5569E-6,2.8915E-5,1.5294E-4,6.7434E-4,0.0024792,0.0076039,0.019444,0.031299,0.041453,0.053327
100.0,5.4782E-7,4.1871E-6,2.6678E-5,1.417E-4,6.2739E-4,0.0023162,0.0071327,0.018313,0.029549,0.039199,0.050509
110.0,5.0507E-7,3.8747E-6,2.4781E-5,1.3212E-4,5.8717E-4,0.0021759,0.0067254,0.017331,0.028026,0.037234,0.048047
120.0,4.6856E-7,3.6069E-6,2.3147E-5,1.2383E-4,5.5226E-4,0.0020536,0.0063688,0.016467,0.026684,0.035498,0.04587
130.0,4.3698E-7,3.3745E-6,2.1724E-5,1.1659E-4,5.2161E-4,0.0019458,0.0060532,0.0157,0.025489,0.03395,0.043924
140.0,4.0938E-7,3.1705E-6,2.0471E-5,1.1019E-4,4.9443E-4,0.0018498,0.0057714,0.015013,0.024415,0.032558,0.042172
150.0,3.8502E-7,2.99E-6,1.9358E-5,1.0448E-4,4.7013E-4,0.0017637,0.0055178,0.014392,0.023443,0.031296,0.040581
175.0,3.3498E-7,2.6173E-6,1.7049E-5,9.2588E-5,4.1918E-4,0.0015823,0.0049802,0.013069,0.021366,0.028593,0.037166
200.0,2.9614E-7,2.3262E-6,1.5234E-5,8.3171E-5,3.7856E-4,0.0014366,0.0045457,0.011992,0.019668,0.026376,0.034357
250.0,2.3956E-7,1.8987E-6,1.2545E-5,6.9108E-5,3.1738E-4,0.0012152,0.0038796,0.010326,0.017026,0.022915,0.029955
300.0,2.0015E-7,1.598E-6,1.0636E-5,5.9022E-5,2.7306E-4,0.0010532,0.003387,0.0090812,0.015039,0.0203,0.026614
350.0,1.7103E-7,1.3739E-6,9.202E-6,5.1382E-5,2.3919E-4,9.2834E-4,0.003004,0.0081044,0.013472,0.018229,0.023958
400.0,1.4858E-7,1.2E-6,8.0807E-6,4.5365E-5,2.1232E-4,8.2852E-4,0.0026955,0.0073113,0.012193,0.016534,0.021777
450.0,1.3072E-7,1.0609E-6,7.1777E-6,4.0488E-5,1.904E-4,7.4653E-4,0.0024403,0.0066508,0.011123,0.015112,0.019942
500.0,1.1617E-7,9.4682E-7,6.4335E-6,3.6445E-5,1.7213E-4,6.7776E-4,0.002225,0.0060898,0.010211,0.013896,0.018369
600.0,9.3892E-8,7.7091E-7,5.2771E-6,3.0117E-5,1.4329E-4,5.6842E-4,0.0018799,0.0051834,0.0087297,0.011916,0.015798
700.0,7.7645E-8,6.4152E-7,4.419E-6,2.5378E-5,1.2151E-4,4.8502E-4,0.0016142,0.0044787,0.0075711,0.01036,0.01377
800.0,6.53E-8,5.4247E-7,3.757E-6,2.1694E-5,1.0443E-4,4.1914E-4,0.0014025,0.0039126,0.0066358,0.0091001,0.012122
1000.0,4.7878E-8,4.0137E-7,2.8052E-6,1.6346E-5,7.9407E-5,3.2161E-4,0.001086,0.0030573,0.0052135,0.0071756,0.009593
1200.0,3.6301E-8,3.0659E-7,2.1588E-6,1.2673E-5,6.2024E-5,2.5308E-4,8.6096E-4,0.0024419,0.0041827,0.0057741,0.0077423
1500.0,2.4979E-8,2.129E-7,1.5128E-6,8.9622E-6,4.4265E-5,1.8227E-4,6.2575E-4,0.001791,0.0030846,0.0042738,0.0057515
SA10P0
r\m,4.0,4.5,5.0,5.5,6.0,6.5,7.0,7.5,7.8,8.0,8.2
0.0,4.7504E-6,3.0787E-5,1.5779E-4,6.65E-4,0.002329,0.0070522,0.02052,0.05146,0.082664,0.10977,0.14206
1.0,3.7214E-6,2.4359E-5,1.2875E-4,5.6352E-4,0.0020526,0.0064106,0.018808,0.047456,0.076516,0.10186,0.13214
5.0,2.0997E-6,1.4103E-5,7.8778E-5,3.6923E-4,0.0014517,0.0048463,0.014551,0.037386,0.060937,0.081711,0.10677
10.0,1.4163E-6,9.6946E-6,5.576E-5,2.7068E-4,0.0011013,0.003839,0.011747,0.030638,0.050392,0.067979,0.089361
15.0,1.0892E-6,7.4945E-6,4.371E-5,2.1595E-4,9.0508E-4,0.0032446,0.010047,0.026494,0.043861,0.059428,0.078463
20.0,8.8215E-7,6.153E-6,3.6434E-5,1.8306E-4,7.8093E-4,0.0028422,0.0088808,0.02362,0.039306,0.053439,0.070798
25.0,7.5073E-7,5.2853E-6,3.1611E-5,1.6056E-4,6.9279E-4,0.0025476,0.0080184,0.021478,0.035893,0.048937,0.065018
30.0,6.5748E-7,4.6624E-6,2.8098E-5,1.4387E-4,6.2606E-4,0.0023204,0.0073483,0.019801,0.033211,0.04539,0.06045
40.0,5.3147E-7,3.8108E-6,2.3231E-5,1.2039E-4,5.3036E-4,0.0019891,0.0063622,0.017314,0.029212,0.040082,0.053592
50.0,4.4892E-7,3.2463E-6,1.9963E-5,1.0438E-4,4.6404E-4,0.0017558,0.0056611,0.015529,0.026324,0.036234,0.048601
60.0,3.9001E-7,2.8399E-6,1.7587E-5,9.2616E-5,4.1478E-4,0.0015807,0.0051304,0.014166,0.02411,0.033275,0.044749
70.0,3.4558E-7,2.5313E-6,1.5769E-5,8.3543E-5,3.7643E-4,0.0014432,0.0047109,0.013082,0.022341,0.030903,0.041654
80.0,3.1072E-7,2.2876E-6,1.4324E-5,7.6286E-5,3.4554E-4,0.0013316,0.0043686,0.012192,0.020883,0.028944,0.039092
90.0,2.8255E-7,2.0896E-6,1.3144E-5,7.0324E-5,3.2001E-4,0.0012389,0.0040825,0.011444,0.019654,0.027289,0.036922
100.0,2.5926E-7,1.9252E-6,1.2159E-5,6.5322E-5,2.9847E-4,0.0011603,0.0038387,0.010804,0.018599,0.025865,0.035051
110.0,2.3964E-7,1.7861E-6,1.1323E-5,6.1052E-5,2.8001E-4,0.0010926,0.0036278,0.010247,0.017679,0.024622,0.033415
120.0,2.2287E-7,1.6666E-6,1.0601E-5,5.7357E-5,2.6396E-4,0.0010334,0.0034429,0.0097575,0.016868,0.023524,0.031967
130.0,2.0834E-7,1.5628E-6,9.9721E-6,5.4122E-5,2.4985E-4,9.8127E-4,0.0032792,0.0093222,0.016145,0.022543,0.030672
140.0,1.9562E-7,1.4717E-6,9.4175E-6,5.1261E-5,2.3733E-4,9.348E-4,0.0031329,0.0089316,0.015495,0.021661,0.029505
150.0,1.8439E-7,1.3909E-6,8.9245E-6,4.8708E-5,2.2613E-4,8.9308E-4,0.003001,0.0085786,0.014907,0.02086,0.028445
175.0,1.6125E-7,1.2237E-6,7.8994E-6,4.3375E-5,2.0259E-4,8.0497E-4,0.0027212,0.0078255,0.013647,0.019143,0.026166
200.0,1.4325E-7,1.0928E-6,7.0911E-6,3.9142E-5,1.8378E-4,7.3408E-4,0.0024946,0.0072111,0.012615,0.017732,0.024289
250.0,1.169E-7,8.9966E-7,5.8896E-6,3.2797E-5,1.5536E-4,6.2602E-4,0.002146,0.0062582,0.011006,0.015524,0.021339
300.0,9.8457E-8,7.6319E-7,5.0323E-6,2.8226E-5,1.3467E-4,5.466E-4,0.0018873,0.0055433,0.0097906,0.01385,0.019092
350.0,8.4759E-8,6.6103E-7,4.3854E-6,2.4748E-5,1.188E-4,4.8515E-4,0.0016854,0.0049805,0.0088287,0.01252,0.017301
400.0,7.4151E-8,5.8137E-7,3.8774E-6,2.1998E-5,1.0616E-4,4.3584E-4,0.0015221,0.0045219,0.0080413,0.011427,0.015825
450.0,6.5678E-8,5.1736E-7,3.4667E-6,1.976E-5,9.581E-5,3.9518E-4,0.0013866,0.0041386,0.0073805,0.010508,0.014579
500.0,5.8745E-8,4.6469E-7,3.1268E-6,1.7898E-5,8.7146E-5,3.6096E-4,0.0012718,0.003812,0.0068152,0.0097194,0.013507
600.0,4.8062E-8,3.8296E-7,2.5957E-6,1.4966E-5,7.3403E-5,3.0625E-4,0.0010869,0.0032816,0.0058925,0.0084281,0.011747
700.0,4.0209E-8,3.2237E-7,2.1985E-6,1.2754E-5,6.2941E-5,2.6422E-4,9.4357E-4,0.0028663,0.0051659,0.0074069,0.010349
800.0,3.4195E-8,2.7562E-7,1.8897E-6,1.1022E-5,5.4682E-5,2.3078E-4,8.2855E-4,0.0025304,0.0045751,0.0065739,0.0092046
1000.0,2.5611E-8,2.0828E-7,1.4408E-6,8.479E-6,4.2445E-5,1.8074E-4,6.5472E-4,0.0020175,0.0036672,0.0052882,0.007431
1200.0,1.9817E-8,1.6234E-7,1.1313E-6,6.7061E-6,3.3816E-5,1.4506E-4,5.293E-4,0.001643,0.0029996,0.0043381,0.0061137
1500.0,1.4042E-8,1.1607E-7,8.1611E-7,4.8813E-6,2.4836E-5,1.0749E-4,3.9576E-4,0.0012395,0.0022751,0.0033022,0.0046705
