PGA
r\m,4.0,4.5,5.0,5.5,6.0,6.5,7.0,7.5,7.8,8.0,8.2
0.0,2.785,2.785,2.785,2.785,2.785,2.785,2.807,2.873,2.999,3.125,3.2592
1.0,2.3042,2.5436,2.6844,2.7594,2.7946,2.8009,2.8223,2.8813,3.0067,3.121,3.2312
5.0,0.44326,0.74984,1.1581,1.6233,2.046,2.3436,2.5547,2.732,2.8994,3.031,3.1568
10.0,0.13454,0.24975,0.44179,0.73929,1.1375,1.5653,1.9723,2.3468,2.6004,2.784,2.974
15.0,0.064441,0.12283,0.22655,0.40298,0.67654,1.037,1.4604,1.9231,2.2362,2.461,2.7047
20.0,0.03784,0.07306,0.1375,0.2517,0.4415,0.7207,1.094,1.558,1.89,2.13,2.3943
25.0,0.02365,0.0461,0.0879,0.1644,0.2982,0.5137,0.8293,1.264,1.587,1.827,2.0978
30.0,0.01642,0.03223,0.06192,0.1174,0.2168,0.3857,0.6476,1.034,1.342,1.578,1.8484
40.0,0.009618,0.01901,0.03698,0.07099,0.1339,0.2468,0.4373,0.7396,0.9935,1.195,1.4337
50.0,0.006454,0.01282,0.02517,0.04867,0.09291,0.1747,0.32,0.5613,0.774,0.9486,1.1598
60.0,0.004994,0.009965,0.01967,0.03822,0.07337,0.1389,0.2568,0.4561,0.6346,0.783,0.96393
70.0,0.00399,0.007997,0.01585,0.03092,0.05963,0.1135,0.2112,0.3785,0.5299,0.6569,0.81266
80.0,0.003264,0.006567,0.01307,0.02558,0.04957,0.09493,0.178,0.323,0.4563,0.5697,0.71005
90.0,0.002909,0.005863,0.01169,0.02291,0.04445,0.08533,0.1602,0.2919,0.4131,0.5164,0.64433
100.0,0.00261,0.00527,0.01053,0.02065,0.04012,0.07718,0.1451,0.2652,0.3758,0.4703,0.58745
110.0,0.002356,0.004765,0.009538,0.01872,0.03641,0.07018,0.132,0.242,0.3434,0.4301,0.53789
120.0,0.002137,0.004328,0.008679,0.01704,0.0332,0.06408,0.1207,0.2218,0.3149,0.3946,0.49364
130.0,0.001938,0.003931,0.007892,0.01552,0.03027,0.05849,0.1103,0.203,0.2886,0.3621,0.45339
140.0,0.001756,0.003568,0.007167,0.01414,0.0276,0.05336,0.1008,0.1859,0.2649,0.3328,0.4173
150.0,0.001597,0.003248,0.006529,0.01292,0.02524,0.04883,0.09237,0.1707,0.2437,0.3066,0.38502
175.0,0.001273,0.002599,0.005229,0.01041,0.0204,0.03952,0.07505,0.1392,0.1996,0.2519,0.31742
200.0,0.001027,0.002106,0.004241,0.008496,0.01669,0.03237,0.06167,0.1148,0.1652,0.209,0.26417
250.0,6.675E-4,0.001377,0.002791,0.005626,0.01112,0.02169,0.04181,0.07839,0.1133,0.1438,0.18235
300.0,4.484E-4,9.307E-4,0.001899,0.003851,0.007653,0.015,0.02919,0.05508,0.07987,0.1017,0.12937
350.0,3.082E-4,6.446E-4,0.001326,0.002701,0.005395,0.01063,0.0208,0.03958,0.0576,0.07353,0.093749
400.0,2.154E-4,4.543E-4,9.43E-4,0.001929,0.003872,0.007667,0.01507,0.02892,0.04224,0.05407,0.069127
450.0,1.518E-4,3.228E-4,6.763E-4,0.001389,0.002804,0.005581,0.01101,0.02133,0.03126,0.04012,0.051416
500.0,1.085E-4,2.328E-4,4.921E-4,0.001016,0.002061,0.004124,0.008174,0.01595,0.02346,0.03018,0.038792
600.0,5.743E-5,1.254E-4,2.694E-4,5.637E-4,0.00116,0.002342,0.004682,0.009223,0.01366,0.01767,0.022846
700.0,3.153E-5,7.017E-5,1.533E-4,3.255E-4,6.794E-4,0.001386,0.002796,0.005558,0.008285,0.01076,0.013959
800.0,1.782E-5,4.047E-5,9.004E-5,1.942E-4,4.115E-4,8.486E-4,0.001728,0.003466,0.005198,0.006778,0.0088283
1000.0,6.088E-6,1.445E-5,3.338E-5,7.484E-5,1.628E-4,3.443E-4,7.16E-4,0.001463,0.002221,0.002919,0.0038339
1200.0,3.2699E-6,5.557E-6,1.336E-5,3.118E-5,6.978E-5,1.516E-4,3.222E-4,6.715E-4,0.001032,0.001368,0.0018109
1500.0,4.7748E-7,1.2686E-6,3.2407E-6,7.9517E-6,1.8612E-5,4.185E-5,9.0722E-5,1.9357E-4,3.0144E-4,4.0328E-4,5.39E-4
PGV
r\m,4.0,4.5,5.0,5.5,6.0,6.5,7.0,7.5,7.8,8.0,8.2
0.0,17.445,24.8,33.42,38.61,44.45,53.88,72.03,96.83,119.7,139.5,162.63
1.0,13.227,21.417,31.168,37.81,44.571,54.362,72.355,97.149,120.02,139.3,161.2
5.0,2.1175,5.079,10.983,20.125,31.867,45.991,65.987,92.46,116.05,135.6,157.89
10.0,0.65366,1.6885,4.0715,8.9391,17.729,31.54,52.028,80.31,104.94,125.5,149.95
15.0,0.32052,0.84972,2.1261,4.9668,10.816,21.57,39.522,66.929,91.421,112.2,137.76
20.0,0.1919,0.5164,1.319,3.181,7.269,15.45,30.37,55.31,78.53,98.37,122.98
25.0,0.1224,0.3323,0.8645,2.137,5.032,11.24,23.64,45.73,67.07,85.74,109.35
30.0,0.08636,0.2359,0.6215,1.559,3.734,8.593,18.89,38.22,57.79,75.34,97.994
40.0,0.05153,0.1427,0.3815,0.9774,2.418,5.757,13.19,28.41,44.35,59.07,78.502
50.0,0.0351,0.09834,0.2656,0.6902,1.748,4.241,9.941,22.29,35.65,48.3,65.299
60.0,0.02752,0.07758,0.2108,0.5516,1.407,3.444,8.164,18.56,29.97,40.89,55.683
70.0,0.02227,0.06315,0.1725,0.4542,1.166,2.874,6.871,15.78,25.66,35.19,48.162
80.0,0.01845,0.0526,0.1444,0.3825,0.9879,2.454,5.927,13.81,22.67,31.3,43.143
90.0,0.01663,0.0476,0.131,0.3487,0.9028,2.251,5.455,12.82,21.05,29.08,40.113
100.0,0.0151,0.04337,0.1197,0.32,0.8304,2.078,5.051,11.95,19.64,27.14,37.431
110.0,0.01379,0.03975,0.11,0.2953,0.768,1.928,4.7,11.2,18.4,25.44,35.094
120.0,0.01265,0.0366,0.1015,0.2737,0.7133,1.797,4.391,10.53,17.31,23.93,33.025
130.0,0.01162,0.03373,0.09378,0.2538,0.6628,1.675,4.105,9.895,16.28,22.51,31.07
140.0,0.01067,0.0311,0.08671,0.2355,0.6158,1.562,3.841,9.307,15.33,21.22,29.328
150.0,0.009835,0.02877,0.08041,0.2191,0.5738,1.461,3.604,8.774,14.47,20.04,27.717
175.0,0.008105,0.02391,0.06729,0.1849,0.4859,1.247,3.102,7.637,12.63,17.53,24.297
200.0,0.006763,0.02012,0.05698,0.1578,0.4162,1.077,2.698,6.71,11.12,15.47,21.475
250.0,0.004679,0.01411,0.04064,0.1136,0.3064,0.8054,2.049,5.172,8.719,12.27,17.245
300.0,0.003342,0.01021,0.02988,0.08439,0.2321,0.6189,1.597,4.084,6.984,9.924,14.082
350.0,0.002444,0.007564,0.02249,0.06423,0.1794,0.4848,1.271,3.286,5.685,8.142,11.645
400.0,0.001816,0.005695,0.0172,0.04968,0.1406,0.385,1.025,2.678,4.68,6.748,9.7183
450.0,0.001359,0.004318,0.01324,0.03868,0.1109,0.3075,0.8315,2.194,3.871,5.619,8.1452
500.0,0.00103,0.003315,0.01032,0.03047,0.0885,0.2484,0.6812,1.815,3.231,4.719,6.8844
600.0,6.095E-4,0.002015,0.006408,0.0194,0.05777,0.1658,0.4658,1.272,2.298,3.388,4.9888
700.0,3.717E-4,0.001262,0.004099,0.01271,0.03879,0.1137,0.3268,0.9133,1.671,2.485,3.691
800.0,2.321E-4,8.083E-4,0.002683,0.008516,0.0266,0.07964,0.2337,0.6676,1.236,1.854,2.7765
1000.0,9.515E-5,3.483E-4,0.001212,0.004029,0.01315,0.04087,0.1246,0.3707,0.7028,1.071,1.6309
1200.0,4.115E-5,1.58E-4,5.754E-4,0.002,0.006813,0.02195,0.06944,0.2146,0.4157,0.6424,0.99144
1500.0,1.1557E-5,4.7794E-5,1.8557E-4,6.9159E-4,0.0025115,0.0085429,0.028623,0.09375,0.1873,0.29543,0.46537
SA0P02
r\m,4.0,4.5,5.0,5.5,6.0,6.5,7.0,7.5,7.8,8.0,8.2
0.0,3.816,3.816,3.816,3.816,3.816,3.816,3.86,3.972,4.161,4.345,4.5414
1.0,3.1327,3.4748,3.672,3.7783,3.8273,3.8373,3.8799,3.983,4.1716,4.34,4.504
5.0,0.59757,1.0174,1.5758,2.2155,2.7985,3.2123,3.5136,3.7779,4.0237,4.215,4.3985
10.0,0.18356,0.34167,0.60394,1.0113,1.5581,2.1499,2.7172,3.2491,3.6115,3.874,4.1461
15.0,0.08874,0.16929,0.3115,0.55371,0.92967,1.4283,2.0163,2.6667,3.1091,3.428,3.7746
20.0,0.05248,0.1013,0.19,0.3473,0.6088,0.9955,1.514,2.164,2.631,2.97,3.344
25.0,0.03307,0.06429,0.1222,0.2279,0.4129,0.7116,1.151,1.758,2.212,2.55,2.9322
30.0,0.02308,0.04513,0.0864,0.1632,0.3011,0.5357,0.9008,1.442,1.873,2.205,2.5888
40.0,0.01361,0.0268,0.05188,0.09925,0.1869,0.3441,0.6103,1.034,1.39,1.674,2.0118
50.0,0.009184,0.01816,0.03545,0.06832,0.1301,0.2445,0.4478,0.7859,1.085,1.332,1.633
60.0,0.007128,0.01415,0.02776,0.05374,0.1029,0.1947,0.3599,0.6395,0.8908,1.1,1.3547
70.0,0.005712,0.01139,0.02242,0.04356,0.0838,0.1593,0.2964,0.5314,0.7448,0.9245,1.1453
80.0,0.004686,0.009372,0.01852,0.03611,0.06977,0.1334,0.2502,0.4541,0.6422,0.8027,1.0016
90.0,0.004187,0.008385,0.0166,0.03239,0.06266,0.1201,0.2255,0.4109,0.5821,0.7285,0.91032
100.0,0.003767,0.007554,0.01498,0.02924,0.05665,0.1088,0.2044,0.3738,0.5302,0.6642,0.83075
110.0,0.003408,0.006843,0.01359,0.02655,0.05148,0.09904,0.1863,0.3415,0.4849,0.608,0.76115
120.0,0.003099,0.006228,0.01239,0.02421,0.047,0.09054,0.1704,0.3132,0.4451,0.5584,0.69925
130.0,0.002818,0.005669,0.01129,0.02208,0.04291,0.08275,0.1559,0.287,0.4084,0.5129,0.64323
140.0,0.002561,0.005157,0.01027,0.02014,0.03918,0.07559,0.1426,0.2631,0.3751,0.4718,0.59253
150.0,0.002334,0.004705,0.009372,0.01842,0.03587,0.06924,0.1309,0.2417,0.3453,0.435,0.54705
175.0,0.001872,0.003783,0.007537,0.0149,0.02907,0.05617,0.1065,0.1975,0.2834,0.358,0.45145
200.0,0.001521,0.003079,0.006137,0.01219,0.02383,0.04608,0.08767,0.163,0.2348,0.2973,0.37589
250.0,9.999E-4,0.002031,0.004063,0.008108,0.01592,0.03094,0.05949,0.1115,0.1612,0.2048,0.2599
300.0,6.783E-4,0.001382,0.002775,0.005559,0.01096,0.02139,0.04149,0.07823,0.1135,0.1445,0.18387
350.0,4.705E-4,9.621E-4,0.001942,0.0039,0.007717,0.01511,0.02947,0.056,0.08148,0.104,0.13255
400.0,3.314E-4,6.806E-4,0.001382,0.00278,0.005518,0.01085,0.02122,0.04065,0.05934,0.07597,0.097151
450.0,2.35E-4,4.847E-4,9.895E-4,0.001995,0.003973,0.00784,0.01539,0.02971,0.04352,0.05583,0.071541
500.0,1.687E-4,3.495E-4,7.174E-4,0.00145,0.002897,0.005739,0.01131,0.02197,0.03227,0.04148,0.053279
600.0,8.962E-5,1.872E-4,3.878E-4,7.901E-4,0.001595,0.00318,0.006302,0.01234,0.01824,0.02355,0.030393
700.0,4.901E-5,1.034E-4,2.163E-4,4.449E-4,9.079E-4,0.001824,0.003639,0.007181,0.01067,0.01383,0.01789
800.0,2.741E-5,5.845E-5,1.238E-4,2.576E-4,5.32E-4,0.001078,0.002168,0.004312,0.006443,0.008385,0.010901
1000.0,9.037E-6,1.984E-5,4.321E-5,9.296E-5,1.966E-4,4.077E-4,8.365E-4,0.001693,0.002559,0.003357,0.0044007
1200.0,3.2699E-6,7.199E-6,1.627E-5,3.643E-5,7.942E-5,1.696E-4,3.567E-4,7.375E-4,0.001129,0.001493,0.0019722
1500.0,6.3956E-7,1.5186E-6,3.5836E-6,8.3725E-6,1.895E-5,4.185E-5,9.0722E-5,1.9357E-4,3.0144E-4,4.0328E-4,5.39E-4
SA0P025
r\m,4.0,4.5,5.0,5.5,6.0,6.5,7.0,7.5,7.8,8.0,8.2
0.0,3.934,3.934,3.934,3.934,3.934,3.934,3.987,4.116,4.316,4.512,4.721
1.0,3.2085,3.5738,3.7807,3.8931,3.9445,3.9551,4.0083,4.1272,4.3269,4.506,4.6794
5.0,0.60432,1.0381,1.6144,2.277,2.8817,3.3113,3.6314,3.9148,4.1741,4.377,4.5709
10.0,0.18639,0.34948,0.61951,1.04,1.605,2.2182,2.811,3.3678,3.748,4.024,4.3091
15.0,0.090447,0.17369,0.3203,0.57046,0.95909,1.4757,2.0884,2.7657,3.2286,3.563,3.9263
20.0,0.05365,0.1042,0.1958,0.3585,0.6291,1.03,1.57,2.246,2.734,3.089,3.4807
25.0,0.03392,0.06631,0.1263,0.2358,0.4275,0.7377,1.194,1.826,2.301,2.654,3.0542
30.0,0.02373,0.04665,0.08951,0.1691,0.3123,0.5559,0.9356,1.499,1.949,2.296,2.6956
40.0,0.01404,0.02777,0.05386,0.1031,0.1942,0.3578,0.6351,1.077,1.448,1.745,2.0965
50.0,0.009492,0.01885,0.03687,0.0711,0.1355,0.2547,0.4667,0.8197,1.132,1.39,1.7024
60.0,0.007377,0.01472,0.02891,0.05599,0.1073,0.2031,0.3756,0.6679,0.9307,1.15,1.417
70.0,0.00592,0.01185,0.02338,0.04545,0.08747,0.1664,0.3097,0.5556,0.779,0.9672,1.1984
80.0,0.004863,0.00977,0.01933,0.03772,0.07292,0.1395,0.2618,0.4753,0.6725,0.8408,1.0494
90.0,0.00435,0.008752,0.01735,0.03387,0.06557,0.1257,0.2362,0.4306,0.6101,0.7639,0.95474
100.0,0.003919,0.007894,0.01568,0.03062,0.05935,0.114,0.2144,0.3921,0.5564,0.6972,0.87232
110.0,0.003551,0.007161,0.01424,0.02783,0.05401,0.1039,0.1956,0.3587,0.5095,0.639,0.80026
120.0,0.003232,0.006525,0.013,0.02541,0.04936,0.09513,0.1791,0.3293,0.4682,0.5876,0.73636
130.0,0.002942,0.005947,0.01186,0.02321,0.04511,0.08704,0.164,0.3021,0.4301,0.5403,0.67778
140.0,0.002678,0.005417,0.0108,0.0212,0.04124,0.07959,0.1502,0.2772,0.3955,0.4976,0.62527
150.0,0.002445,0.004949,0.00987,0.01942,0.03781,0.07299,0.138,0.255,0.3645,0.4592,0.57743
175.0,0.001968,0.003993,0.007964,0.01575,0.03073,0.05938,0.1127,0.2089,0.2999,0.379,0.47822
200.0,0.001604,0.00326,0.006507,0.01292,0.02526,0.04886,0.09298,0.1729,0.2491,0.3156,0.39924
250.0,0.001062,0.002165,0.004334,0.008647,0.01698,0.03299,0.06343,0.1189,0.1719,0.2185,0.27746
300.0,7.253E-4,0.001482,0.002977,0.005962,0.01175,0.02292,0.04445,0.08384,0.1216,0.1549,0.19716
350.0,5.063E-4,0.001038,0.002095,0.004204,0.008313,0.01627,0.03171,0.06027,0.08772,0.112,0.14283
400.0,3.589E-4,7.387E-4,0.001498,0.00301,0.00597,0.01173,0.02293,0.04392,0.06413,0.08208,0.10494
450.0,2.561E-4,5.289E-4,0.001078,0.00217,0.004315,0.008507,0.01669,0.03221,0.04717,0.0605,0.077541
500.0,1.849E-4,3.834E-4,7.852E-4,0.001583,0.003158,0.006247,0.01229,0.02387,0.03506,0.04507,0.057883
600.0,9.932E-5,2.072E-4,4.276E-4,8.678E-4,0.001746,0.003475,0.006876,0.01346,0.01989,0.02568,0.033127
700.0,5.489E-5,1.153E-4,2.4E-4,4.91E-4,9.974E-4,0.001997,0.003975,0.007834,0.01163,0.01508,0.019533
800.0,3.099E-5,6.568E-5,1.379E-4,2.847E-4,5.843E-4,0.001179,0.002362,0.004688,0.006998,0.009102,0.01183
1000.0,1.035E-5,2.241E-5,4.812E-5,1.022E-4,2.14E-4,4.408E-4,8.995E-4,0.001814,0.002737,0.003586,0.004695
1200.0,3.2699E-6,8.11E-6,1.795E-5,3.953E-5,8.509E-5,1.801E-4,3.763E-4,7.745E-4,0.001183,0.001563,0.0020614
1500.0,7.5109E-7,1.7267E-6,3.9554E-6,9.0278E-6,2.0066E-5,4.3703E-5,9.3182E-5,1.9592E-4,3.0364E-4,4.0511E-4,5.3951E-4
SA0P03
r\m,4.0,4.5,5.0,5.5,6.0,6.5,7.0,7.5,7.8,8.0,8.2
0.0,3.942,3.942,3.942,3.942,3.942,3.942,4.002,4.143,4.351,4.55,4.7632
1.0,3.1926,3.572,3.7841,3.8991,3.9512,3.9631,4.0229,4.1552,4.3621,4.545,4.7251
5.0,0.59303,1.0285,1.6076,2.2746,2.8841,3.319,3.6457,3.9426,4.2082,4.415,4.6157
10.0,0.18355,0.34699,0.6175,1.0392,1.6069,2.2256,2.8247,3.3932,3.7792,4.06,4.3527
15.0,0.089374,0.17295,0.31997,0.57103,0.96147,1.4825,2.1008,2.7884,3.2565,3.596,3.9666
20.0,0.05316,0.104,0.196,0.3595,0.6316,1.036,1.581,2.266,2.759,3.119,3.5175
25.0,0.03371,0.06636,0.1267,0.237,0.4301,0.7428,1.204,1.843,2.323,2.681,3.0857
30.0,0.02363,0.04676,0.09,0.1702,0.3146,0.5605,0.9442,1.514,1.97,2.322,2.7312
40.0,0.01402,0.02792,0.05427,0.104,0.196,0.3613,0.6417,1.089,1.466,1.767,2.1258
50.0,0.0095,0.01898,0.0372,0.07183,0.137,0.2575,0.4722,0.8299,1.147,1.408,1.7252
60.0,0.007391,0.01484,0.02921,0.05664,0.1086,0.2056,0.3804,0.6769,0.9436,1.166,1.4379
70.0,0.005938,0.01196,0.02364,0.04601,0.0886,0.1686,0.314,0.5637,0.7907,0.982,1.217
80.0,0.004884,0.009871,0.01957,0.03823,0.07393,0.1415,0.2657,0.4828,0.6832,0.8545,1.067
90.0,0.004374,0.008852,0.01758,0.03436,0.06656,0.1276,0.2399,0.4378,0.6206,0.7771,0.97154
100.0,0.003944,0.007993,0.0159,0.0311,0.06031,0.1159,0.218,0.3991,0.5665,0.71,0.88846
110.0,0.003577,0.007258,0.01446,0.0283,0.05493,0.1057,0.1991,0.3654,0.5192,0.6513,0.81564
120.0,0.00326,0.006621,0.01321,0.02586,0.05026,0.09686,0.1825,0.3358,0.4776,0.5995,0.75136
130.0,0.002971,0.00604,0.01207,0.02364,0.04599,0.08873,0.1673,0.3084,0.4392,0.5519,0.69278
140.0,0.002707,0.005509,0.01101,0.02162,0.04209,0.08124,0.1534,0.2833,0.4042,0.5087,0.63895
150.0,0.002474,0.005039,0.01007,0.01982,0.03862,0.07459,0.1411,0.2609,0.373,0.47,0.59138
175.0,0.001997,0.004075,0.008146,0.01612,0.03147,0.06084,0.1155,0.2143,0.3077,0.3889,0.49075
200.0,0.001632,0.003337,0.006673,0.01327,0.02594,0.05019,0.09555,0.1778,0.2562,0.3246,0.41063
250.0,0.001087,0.002228,0.00447,0.008924,0.01753,0.03406,0.06551,0.1228,0.1777,0.2258,0.28667
300.0,7.466E-4,0.001534,0.003088,0.006185,0.0122,0.02378,0.04613,0.08702,0.1263,0.1608,0.20447
350.0,5.243E-4,0.001081,0.002184,0.004383,0.008667,0.01696,0.03306,0.06284,0.09147,0.1168,0.14903
400.0,3.737E-4,7.729E-4,0.001569,0.003153,0.006251,0.01228,0.024,0.04598,0.06713,0.08594,0.10989
450.0,2.681E-4,5.562E-4,0.001134,0.002283,0.004538,0.008942,0.01753,0.03384,0.04956,0.06359,0.0815
500.0,1.946E-4,4.051E-4,8.3E-4,0.001672,0.003333,0.00659,0.01296,0.02517,0.03697,0.04753,0.061045
600.0,1.056E-4,2.21E-4,4.557E-4,9.236E-4,0.001856,0.003689,0.007293,0.01427,0.02107,0.02721,0.035092
700.0,5.892E-5,1.241E-4,2.576E-4,5.255E-4,0.001065,0.002128,0.004231,0.008332,0.01237,0.01604,0.020787
800.0,3.358E-5,7.116E-5,1.489E-4,3.061E-4,6.26E-4,0.001259,0.00252,0.004995,0.007451,0.00969,0.01259
1000.0,1.141E-5,2.459E-5,5.237E-5,1.104E-4,2.296E-4,4.704E-4,9.562E-4,0.001923,0.002897,0.003793,0.0049597
1200.0,3.2699E-6,8.948E-6,1.954E-5,4.25E-5,9.06E-5,1.903E-4,3.955E-4,8.109E-4,0.001237,0.001632,0.0021526
1500.0,8.5826E-7,1.9393E-6,4.355E-6,9.7618E-6,2.1394E-5,4.6092E-5,9.7526E-5,2.0392E-4,3.1532E-4,4.1985E-4,5.5898E-4
SA0P04
r\m,4.0,4.5,5.0,5.5,6.0,6.5,7.0,7.5,7.8,8.0,8.2
0.0,3.815,3.815,3.815,3.815,3.815,3.815,3.888,4.044,4.258,4.459,4.6745
1.0,3.0472,3.4405,3.6543,3.77,3.8223,3.8349,3.909,4.056,4.2693,4.453,4.6334
5.0,0.5505,0.97431,1.5378,2.189,2.7858,3.2129,3.5448,3.8494,4.1194,4.326,4.5264
10.0,0.17126,0.32976,0.59153,1.0005,1.553,2.1579,2.7506,3.3155,3.7011,3.98,4.2719
15.0,0.083844,0.16512,0.30765,0.55141,0.93135,1.4406,2.0494,2.7274,3.1913,3.527,3.8951
20.0,0.05009,0.09968,0.1891,0.3482,0.6134,1.009,1.545,2.219,2.706,3.061,3.4554
25.0,0.03193,0.06388,0.1229,0.2304,0.419,0.7252,1.178,1.807,2.28,2.633,3.0336
30.0,0.02246,0.04514,0.08749,0.1659,0.3072,0.5482,0.9254,1.486,1.935,2.282,2.6845
40.0,0.01339,0.02707,0.05296,0.1018,0.1921,0.3546,0.6305,1.071,1.442,1.739,2.0907
50.0,0.009097,0.01847,0.03641,0.07049,0.1346,0.2533,0.4648,0.8176,1.131,1.389,1.7015
60.0,0.007091,0.01446,0.02863,0.05568,0.1069,0.2025,0.375,0.6678,0.9317,1.152,1.4217
70.0,0.005708,0.01168,0.02321,0.04531,0.08737,0.1664,0.3101,0.557,0.7819,0.9717,1.2052
80.0,0.004703,0.009655,0.01925,0.03771,0.07303,0.1399,0.2628,0.4779,0.6768,0.8469,1.058
90.0,0.004218,0.008673,0.01733,0.03396,0.06585,0.1264,0.2378,0.434,0.6157,0.7715,0.96508
100.0,0.00381,0.007844,0.0157,0.03078,0.05977,0.1149,0.2164,0.3963,0.563,0.706,0.8838
110.0,0.003462,0.007135,0.0143,0.02806,0.05453,0.105,0.1979,0.3635,0.5169,0.6488,0.81325
120.0,0.00316,0.006519,0.01309,0.02569,0.04998,0.09642,0.1818,0.3346,0.4762,0.5982,0.75012
130.0,0.002885,0.005958,0.01197,0.02353,0.04582,0.08846,0.1669,0.3078,0.4387,0.5515,0.69268
140.0,0.002633,0.005443,0.01094,0.02155,0.042,0.08113,0.1533,0.2833,0.4045,0.5093,0.64036
150.0,0.002411,0.004988,0.01003,0.01979,0.03861,0.07461,0.1412,0.2613,0.3738,0.4713,0.59318
175.0,0.001955,0.004053,0.008149,0.01617,0.0316,0.06112,0.1161,0.2155,0.3097,0.3916,0.49445
200.0,0.001606,0.003333,0.006705,0.01336,0.02615,0.05063,0.09644,0.1796,0.2589,0.3283,0.41585
250.0,0.001079,0.002246,0.004531,0.009062,0.01782,0.03465,0.06668,0.1251,0.1811,0.2302,0.29227
300.0,7.48E-4,0.00156,0.003156,0.006335,0.0125,0.0244,0.04734,0.08938,0.1297,0.1653,0.21045
350.0,5.299E-4,0.001108,0.002252,0.004527,0.00896,0.01755,0.0342,0.06505,0.09471,0.121,0.15445
400.0,3.811E-4,7.996E-4,0.001631,0.003284,0.006514,0.01279,0.02502,0.04795,0.07003,0.08966,0.11465
450.0,2.759E-4,5.806E-4,0.001189,0.002396,0.004765,0.00939,0.01841,0.03554,0.05206,0.06681,0.085639
500.0,2.021E-4,4.264E-4,8.769E-4,0.001769,0.003526,0.006968,0.0137,0.02661,0.03909,0.05026,0.064548
600.0,1.115E-4,2.364E-4,4.887E-4,9.906E-4,0.001989,0.00395,0.007804,0.01526,0.02255,0.02911,0.037552
700.0,6.326E-5,1.347E-4,2.801E-4,5.707E-4,0.001154,0.002303,0.004573,0.008998,0.01336,0.01731,0.02242
800.0,3.662E-5,7.838E-5,1.64E-4,3.361E-4,6.85E-4,0.001374,0.002743,0.005429,0.008093,0.01052,0.01366
1000.0,1.282E-5,2.778E-5,5.885E-5,1.231E-4,2.54E-4,5.173E-4,0.001047,0.002097,0.003156,0.00413,0.0054025
1200.0,3.2699E-6,1.031E-5,2.224E-5,4.768E-5,1.003E-4,2.086E-4,4.3E-4,8.765E-4,0.001333,0.001757,0.002314
1500.0,1.0368E-6,2.3208E-6,5.1104E-6,1.1213E-5,2.4104E-5,5.1175E-5,1.0699E-4,2.2179E-4,3.4149E-4,4.5401E-4,6.0308E-4
SA0P05
r\m,4.0,4.5,5.0,5.5,6.0,6.5,7.0,7.5,7.8,8.0,8.2
0.0,3.502,3.628,3.628,3.628,3.628,3.628,3.709,3.873,4.086,4.283,4.4924
1.0,2.7819,3.257,3.4688,3.5829,3.6335,3.6472,3.7286,3.8847,4.0969,4.278,4.4545
5.0,0.49968,0.90745,1.447,2.0718,2.6445,3.057,3.3824,3.6877,3.9538,4.157,4.3532
10.0,0.15643,0.30779,0.55709,0.94716,1.4747,2.056,2.6274,3.1782,3.5539,3.826,4.1098
15.0,0.076951,0.15468,0.29058,0.52322,0.88596,1.375,1.9603,2.6166,3.0664,3.392,3.7477
20.0,0.04614,0.09367,0.1791,0.3312,0.5847,0.9648,1.48,2.131,2.602,2.946,3.3275
25.0,0.02953,0.06023,0.1168,0.2197,0.4004,0.6944,1.131,1.737,2.194,2.536,2.9234
30.0,0.02083,0.04266,0.08336,0.1586,0.2941,0.5257,0.8891,1.43,1.864,2.199,2.588
40.0,0.01246,0.02567,0.05061,0.09756,0.1845,0.3409,0.607,1.032,1.391,1.678,2.0183
50.0,0.00849,0.01756,0.03487,0.06773,0.1295,0.244,0.4483,0.7893,1.092,1.342,1.6453
60.0,0.006628,0.01377,0.02745,0.05357,0.103,0.1954,0.3622,0.6455,0.9008,1.114,1.3742
70.0,0.005342,0.01114,0.02229,0.04365,0.08431,0.1607,0.2998,0.5389,0.757,0.9409,1.1671
80.0,0.004407,0.009219,0.01851,0.03637,0.07057,0.1353,0.2545,0.463,0.656,0.8211,1.0259
90.0,0.003958,0.008292,0.01668,0.0328,0.06372,0.1224,0.2305,0.4211,0.5976,0.7488,0.93669
100.0,0.00358,0.007509,0.01513,0.02977,0.05791,0.1115,0.2101,0.385,0.5471,0.6863,0.8594
110.0,0.003256,0.006838,0.0138,0.02717,0.05291,0.102,0.1924,0.3536,0.5029,0.6314,0.79133
120.0,0.002976,0.006257,0.01265,0.02491,0.04856,0.09376,0.1769,0.326,0.464,0.5829,0.73104
130.0,0.002721,0.005726,0.01159,0.02285,0.04457,0.08614,0.1627,0.3002,0.428,0.5382,0.67578
140.0,0.002487,0.005238,0.0106,0.02095,0.04091,0.07911,0.1496,0.2766,0.3951,0.4976,0.62556
150.0,0.00228,0.004807,0.009731,0.01927,0.03766,0.07285,0.138,0.2555,0.3657,0.4611,0.58065
175.0,0.001856,0.003919,0.007939,0.0158,0.03093,0.05988,0.1138,0.2114,0.3039,0.3844,0.48562
200.0,0.001529,0.003234,0.006556,0.0131,0.02569,0.04977,0.09486,0.1767,0.2549,0.3232,0.4093
250.0,0.001035,0.002195,0.004462,0.008949,0.01762,0.03429,0.06602,0.124,0.1795,0.2282,0.2898
300.0,7.228E-4,0.001536,0.00313,0.006297,0.01245,0.0243,0.04717,0.08911,0.1294,0.1649,0.20978
350.0,5.157E-4,0.001099,0.002247,0.004529,0.008976,0.01759,0.03429,0.06527,0.09508,0.1215,0.15521
400.0,3.734E-4,7.978E-4,0.001638,0.003306,0.006567,0.01291,0.02525,0.04842,0.07073,0.09058,0.11589
450.0,2.721E-4,5.83E-4,0.001202,0.002428,0.004834,0.009533,0.01869,0.0361,0.0529,0.0679,0.087044
500.0,2.007E-4,4.311E-4,8.921E-4,0.001804,0.003599,0.007116,0.01399,0.02719,0.03994,0.05137,0.066001
600.0,1.122E-4,2.422E-4,5.036E-4,0.001023,0.002054,0.004079,0.008058,0.01576,0.02329,0.03007,0.038805
700.0,6.451E-5,1.397E-4,2.92E-4,5.957E-4,0.001205,0.002403,0.004769,0.009381,0.01392,0.01804,0.02334
800.0,3.783E-5,8.228E-5,1.728E-4,3.545E-4,7.217E-4,0.001446,0.002884,0.005704,0.008503,0.01105,0.014343
1000.0,1.357E-5,2.982E-5,6.329E-5,1.32E-4,2.716E-4,5.515E-4,0.001113,0.002226,0.003346,0.004376,0.0057186
1200.0,3.2699E-6,1.13E-5,2.43E-5,5.174E-5,1.081E-4,2.234E-4,4.581E-4,9.301E-4,0.001412,0.001859,0.002445
1500.0,1.1654E-6,2.6309E-6,5.752E-6,1.2485E-5,2.6564E-5,5.5876E-5,1.1597E-4,2.3894E-4,3.6689E-4,4.869E-4,6.4551E-4
SA0P075
r\m,4.0,4.5,5.0,5.5,6.0,6.5,7.0,7.5,7.8,8.0,8.2
0.0,2.5234,3.161,3.161,3.161,3.161,3.163,3.261,3.432,3.634,3.819,4.0163
1.0,2.0284,2.8061,3.0093,3.1166,3.1635,3.1795,3.2781,3.4422,3.6434,3.814,3.9811
5.0,0.38239,0.75162,1.2312,1.7875,2.2975,2.6682,2.976,3.2686,3.5168,3.707,3.8918
10.0,0.12197,0.25567,0.47454,0.81757,1.2827,1.8003,2.3167,2.8199,3.1634,3.413,3.6733
15.0,0.060606,0.12934,0.24887,0.45365,0.77355,1.2086,1.7331,2.3252,2.7326,3.029,3.3533
20.0,0.0366,0.07879,0.1542,0.2885,0.5126,0.851,1.312,1.897,2.322,2.634,2.9809
25.0,0.02362,0.05103,0.1013,0.1925,0.3528,0.6145,1.005,1.549,1.961,2.27,2.6199
30.0,0.01674,0.0363,0.07267,0.1395,0.2601,0.4666,0.7921,1.277,1.668,1.971,2.3218
40.0,0.01008,0.02199,0.04438,0.08635,0.1641,0.304,0.5428,0.9251,1.249,1.509,1.8201
50.0,0.006904,0.01512,0.03069,0.06021,0.1157,0.2184,0.4022,0.7097,0.9827,1.209,1.4847
60.0,0.005402,0.01188,0.02422,0.04773,0.09221,0.1753,0.3257,0.5817,0.8127,1.006,1.2422
70.0,0.004365,0.009634,0.01971,0.03898,0.07564,0.1445,0.2703,0.4869,0.6844,0.8515,1.0572
80.0,0.00361,0.007993,0.0164,0.03256,0.06345,0.122,0.2299,0.4192,0.5945,0.7448,0.93175
90.0,0.003249,0.007205,0.01482,0.02943,0.05744,0.1106,0.2087,0.382,0.5428,0.6808,0.85247
100.0,0.002945,0.006539,0.01347,0.02678,0.05233,0.101,0.1907,0.3502,0.4981,0.6254,0.78392
110.0,0.002684,0.005968,0.01232,0.0245,0.04792,0.09262,0.175,0.3223,0.459,0.5767,0.72344
120.0,0.002459,0.005473,0.01131,0.02251,0.04408,0.08531,0.1613,0.2978,0.4244,0.5336,0.66971
130.0,0.002253,0.00502,0.01039,0.02069,0.04056,0.07857,0.1487,0.275,0.3924,0.4938,0.62053
140.0,0.002065,0.004604,0.009533,0.01903,0.03733,0.07234,0.1371,0.254,0.3631,0.4577,0.576
150.0,0.001898,0.004236,0.008773,0.01754,0.03444,0.06678,0.1268,0.2351,0.3369,0.4251,0.53565
175.0,0.001554,0.003475,0.007204,0.01447,0.02846,0.05523,0.1052,0.1957,0.2816,0.3564,0.4505
200.0,0.001289,0.002885,0.005987,0.01207,0.02378,0.04619,0.08821,0.1646,0.2376,0.3015,0.38187
250.0,8.837E-4,0.001984,0.004127,0.008352,0.01652,0.03222,0.06214,0.1168,0.1693,0.2154,0.27366
300.0,6.248E-4,0.001405,0.002932,0.00595,0.01181,0.02312,0.04493,0.08499,0.1235,0.1575,0.20077
350.0,4.514E-4,0.001018,0.00213,0.004332,0.008623,0.01693,0.03304,0.06296,0.09176,0.1173,0.1498
400.0,3.309E-4,7.485E-4,0.001572,0.0032,0.006382,0.01257,0.0246,0.04723,0.06904,0.08845,0.11319
450.0,2.442E-4,5.538E-4,0.001167,0.002377,0.004752,0.009384,0.01842,0.03562,0.05222,0.06705,0.086011
500.0,1.823E-4,4.144E-4,8.76E-4,0.001786,0.003577,0.007084,0.01394,0.02712,0.03986,0.05129,0.065925
600.0,1.044E-4,2.381E-4,5.058E-4,0.001035,0.002086,0.004149,0.008204,0.01606,0.02373,0.03066,0.039565
700.0,6.138E-5,1.406E-4,2.999E-4,6.165E-4,0.00125,0.002495,0.004953,0.009745,0.01447,0.01875,0.024271
800.0,3.683E-5,8.467E-5,1.814E-4,3.745E-4,7.633E-4,0.00153,0.00305,0.006031,0.00899,0.01169,0.015205
1000.0,1.383E-5,3.206E-5,6.919E-5,1.448E-4,2.974E-4,6.023E-4,0.001212,0.002419,0.003633,0.004749,0.0062039
1200.0,3.2699E-6,1.265E-5,2.754E-5,5.853E-5,1.215E-4,2.493E-4,5.081E-4,0.001026,0.001554,0.002043,0.0026853
1500.0,1.3287E-6,3.1415E-6,6.924E-6,1.4935E-5,3.1429E-5,6.5392E-5,1.345E-4,2.7489E-4,4.2064E-4,5.5699E-4,7.3705E-4
SA0P1
r\m,4.0,4.5,5.0,5.5,6.0,6.5,7.0,7.5,7.8,8.0,8.2
0.0,1.8505,2.6777,2.782,2.782,2.782,2.789,2.897,3.069,3.26,3.431,3.614
1.0,1.5019,2.3637,2.6387,2.7395,2.7824,2.8034,2.9118,3.0785,3.2684,3.427,3.5838
5.0,0.29419,0.62401,1.0604,1.561,2.0184,2.3553,2.645,2.9244,3.1553,3.331,3.5027
10.0,0.095146,0.21346,0.40876,0.7142,1.1285,1.5937,2.0627,2.5251,2.8397,3.069,3.3097
15.0,0.047627,0.10862,0.21525,0.39766,0.68264,1.0731,1.5464,2.0846,2.4548,2.725,3.0211
20.0,0.02891,0.06648,0.1339,0.2538,0.4538,0.7577,1.173,1.703,2.088,2.371,2.6851
25.0,0.01877,0.0433,0.08848,0.1702,0.3136,0.5487,0.9005,1.392,1.765,2.046,2.365
30.0,0.01335,0.03091,0.06371,0.1237,0.2319,0.4174,0.7111,1.15,1.503,1.778,2.0975
40.0,0.008081,0.01882,0.03907,0.07689,0.1469,0.273,0.4886,0.8344,1.128,1.363,1.6442
50.0,0.00555,0.01299,0.0271,0.0538,0.1039,0.1967,0.3629,0.6413,0.889,1.094,1.3427
60.0,0.00435,0.01022,0.02142,0.04271,0.08293,0.1581,0.2943,0.5265,0.7363,0.9123,1.1281
70.0,0.003521,0.008302,0.01746,0.03494,0.06814,0.1305,0.2446,0.4413,0.6211,0.7732,0.96085
80.0,0.002916,0.006899,0.01455,0.02923,0.05725,0.1103,0.2084,0.3806,0.5403,0.6773,0.84773
90.0,0.002629,0.006227,0.01316,0.02646,0.05191,0.1002,0.1895,0.3475,0.4941,0.6201,0.7769
100.0,0.002386,0.00566,0.01199,0.02412,0.04737,0.09163,0.1734,0.3189,0.4541,0.5705,0.71556
110.0,0.002178,0.005174,0.01098,0.0221,0.04345,0.08419,0.1594,0.2941,0.4191,0.527,0.66173
120.0,0.001998,0.004751,0.0101,0.02034,0.04004,0.07767,0.1471,0.2721,0.3882,0.4884,0.61341
130.0,0.001834,0.004365,0.009289,0.01873,0.0369,0.07165,0.1359,0.2517,0.3595,0.4527,0.56926
140.0,0.001683,0.00401,0.00854,0.01725,0.03401,0.06608,0.1255,0.2328,0.3332,0.4202,0.52901
150.0,0.00155,0.003696,0.007874,0.01593,0.03144,0.06111,0.1162,0.2159,0.3096,0.391,0.49303
175.0,0.001275,0.003043,0.006495,0.01319,0.02608,0.05075,0.09683,0.1805,0.2599,0.329,0.41566
200.0,0.001061,0.002539,0.005422,0.01106,0.02189,0.04262,0.08155,0.1524,0.2202,0.2796,0.35453
250.0,7.342E-4,0.001761,0.003771,0.007716,0.01535,0.03,0.05794,0.1091,0.1582,0.2014,0.2561
300.0,5.235E-4,0.001259,0.002702,0.005545,0.01107,0.02171,0.04224,0.08003,0.1164,0.1485,0.18938
350.0,3.814E-4,9.195E-4,0.00198,0.004071,0.008146,0.01603,0.03132,0.05978,0.08718,0.1115,0.14241
400.0,2.82E-4,6.819E-4,0.001473,0.003032,0.006079,0.012,0.02351,0.04521,0.06612,0.08474,0.10847
450.0,2.099E-4,5.087E-4,0.001103,0.002272,0.004563,0.009033,0.01775,0.03436,0.0504,0.06473,0.083039
500.0,1.58E-4,3.839E-4,8.345E-4,0.001721,0.003463,0.006874,0.01354,0.02637,0.03877,0.04989,0.064141
600.0,9.193E-5,2.243E-4,4.897E-4,0.001014,0.002051,0.004088,0.008088,0.01584,0.02343,0.03027,0.039081
700.0,5.495E-5,1.345E-4,2.95E-4,6.127E-4,0.001247,0.002494,0.004955,0.009756,0.01449,0.01879,0.024338
800.0,3.35E-5,8.229E-5,1.812E-4,3.777E-4,7.727E-4,0.001552,0.003095,0.006122,0.009127,0.01187,0.015433
1000.0,1.298E-5,3.212E-5,7.117E-5,1.503E-4,3.094E-4,6.268E-4,0.001261,0.002515,0.003777,0.004935,0.0064431
1200.0,5.237E-6,1.306E-5,2.914E-5,6.235E-5,1.294E-4,2.65E-4,5.389E-4,0.001086,0.001643,0.002158,0.0028344
1500.0,1.3477E-6,3.3946E-6,7.6563E-6,1.6597E-5,3.4837E-5,7.2223E-5,1.4804E-4,3.0156E-4,4.606E-4,6.0912E-4,8.0567E-4
SA0P15
r\m,4.0,4.5,5.0,5.5,6.0,6.5,7.0,7.5,7.8,8.0,8.2
0.0,1.0372,1.782,2.242,2.242,2.242,2.261,2.381,2.55,2.722,2.873,3.0356
1.0,0.85693,1.5838,2.11,2.2024,2.2399,2.2723,2.3929,2.5573,2.7292,2.869,3.0083
5.0,0.17975,0.4372,0.8177,1.2404,1.6231,1.9133,2.1762,2.4299,2.6355,2.789,2.94
10.0,0.059391,0.15268,0.31465,0.56756,0.91031,1.301,1.7021,2.1007,2.3738,2.571,2.7784
15.0,0.030044,0.078553,0.16665,0.31769,0.55345,0.88036,1.2803,1.7373,2.0545,2.286,2.5412
20.0,0.01837,0.04845,0.1043,0.2039,0.3698,0.6243,0.9742,1.422,1.75,1.991,2.2594
25.0,0.01203,0.03183,0.06963,0.1378,0.2573,0.4539,0.7501,1.165,1.482,1.72,1.9902
30.0,0.008602,0.02284,0.05044,0.1006,0.1911,0.3465,0.594,0.9641,1.264,1.497,1.7693
40.0,0.005239,0.01401,0.03114,0.06302,0.1219,0.2278,0.4098,0.7022,0.9506,1.151,1.391
50.0,0.003615,0.009718,0.02169,0.04431,0.08658,0.1648,0.3053,0.5412,0.7514,0.926,1.1386
60.0,0.00284,0.007666,0.01718,0.03525,0.06926,0.1327,0.2481,0.4452,0.6236,0.7735,0.95755
70.0,0.002303,0.00624,0.01403,0.02889,0.05703,0.1099,0.2067,0.374,0.5271,0.6569,0.81708
80.0,0.001912,0.005197,0.01172,0.02422,0.04801,0.09304,0.1764,0.3232,0.4595,0.5767,0.7226
90.0,0.001727,0.0047,0.01062,0.02198,0.04363,0.08471,0.1608,0.2957,0.4212,0.5291,0.66345
100.0,0.00157,0.00428,0.009694,0.02007,0.03989,0.07761,0.1474,0.272,0.3879,0.4879,0.61294
110.0,0.001436,0.00392,0.008895,0.01843,0.03669,0.07147,0.1358,0.2513,0.3588,0.4516,0.56765
120.0,0.00132,0.003607,0.008199,0.017,0.03388,0.06608,0.1257,0.2331,0.333,0.4194,0.5274
130.0,0.001214,0.003321,0.007559,0.01569,0.03129,0.0611,0.1163,0.216,0.309,0.3896,0.49028
140.0,0.001117,0.003058,0.006967,0.01448,0.02891,0.05648,0.1076,0.2003,0.2871,0.3625,0.45687
150.0,0.001031,0.002824,0.00644,0.01341,0.02679,0.05235,0.09993,0.1862,0.2674,0.338,0.42649
175.0,8.523E-4,0.00234,0.005345,0.01117,0.02235,0.04373,0.08375,0.1565,0.2257,0.2862,0.36251
200.0,7.136E-4,0.001962,0.004489,0.009409,0.01886,0.03694,0.07093,0.1329,0.1923,0.2444,0.31002
250.0,4.995E-4,0.001378,0.003161,0.006649,0.01339,0.02632,0.05098,0.09626,0.1398,0.1781,0.22658
300.0,3.603E-4,9.963E-4,0.002292,0.004836,0.009771,0.01927,0.0376,0.07142,0.104,0.1328,0.16935
350.0,2.655E-4,7.365E-4,0.001698,0.003592,0.007274,0.01439,0.0282,0.05395,0.07878,0.1008,0.12878
400.0,1.986E-4,5.524E-4,0.001278,0.002706,0.005491,0.01089,0.02141,0.04126,0.06041,0.07749,0.09928
450.0,1.494E-4,4.169E-4,9.674E-4,0.002051,0.004169,0.008295,0.01634,0.0317,0.04656,0.05984,0.076832
500.0,1.137E-4,3.182E-4,7.404E-4,0.001571,0.003199,0.006382,0.0126,0.02459,0.0362,0.04662,0.059984
600.0,6.766E-5,1.901E-4,4.443E-4,9.459E-4,0.001936,0.003878,0.007693,0.0151,0.02234,0.02888,0.037277
700.0,4.133E-5,1.165E-4,2.735E-4,5.842E-4,0.001202,0.002416,0.004811,0.009487,0.0141,0.01829,0.023722
800.0,2.574E-5,7.283E-5,1.716E-4,3.678E-4,7.602E-4,0.001534,0.003064,0.006069,0.009053,0.01178,0.015319
1000.0,1.041E-5,2.966E-5,7.028E-5,1.523E-4,3.164E-4,6.433E-4,0.001295,0.002585,0.003882,0.005074,0.0066265
1200.0,4.381E-6,1.257E-5,2.995E-5,6.564E-5,1.372E-4,2.814E-4,5.718E-4,0.001151,0.001739,0.002284,0.0029967
1500.0,1.2016E-6,3.4809E-6,8.3718E-6,1.8554E-5,3.9145E-5,8.1151E-5,1.6599E-4,3.373E-4,5.1404E-4,6.7961E-4,8.9741E-4
SA0P2
r\m,4.0,4.5,5.0,5.5,6.0,6.5,7.0,7.5,7.8,8.0,8.2
0.0,0.618,1.2361,1.792,1.875,1.875,1.909,2.035,2.201,2.358,2.495,2.6411
1.0,0.51821,1.1052,1.6812,1.8381,1.8716,1.9183,2.0449,2.2078,2.3645,2.492,2.6195
5.0,0.11509,0.31677,0.64665,1.0247,1.3566,1.6183,1.8615,2.0989,2.2841,2.422,2.558
10.0,0.038642,0.11243,0.25022,0.46883,0.76368,1.1051,1.4596,1.8164,2.0588,2.235,2.4227
15.0,0.019692,0.058325,0.13335,0.26354,0.46643,0.75081,1.1009,1.5042,1.7837,1.988,2.2151
20.0,0.0121,0.03618,0.08389,0.1699,0.313,0.5343,0.8398,1.233,1.521,1.733,1.971
25.0,0.00797,0.02392,0.05644,0.1155,0.219,0.3898,0.6483,1.011,1.289,1.499,1.7408
30.0,0.005718,0.01723,0.04109,0.08474,0.1633,0.2983,0.5144,0.8381,1.101,1.306,1.5469
40.0,0.003498,0.01063,0.02549,0.05337,0.1047,0.197,0.356,0.6118,0.8296,1.006,1.2174
50.0,0.002421,0.007399,0.01781,0.03766,0.07464,0.143,0.2659,0.4726,0.657,0.8104,0.99737
60.0,0.001905,0.005846,0.01412,0.03,0.05979,0.1153,0.2164,0.3893,0.546,0.6779,0.83997
70.0,0.001547,0.004765,0.01155,0.02463,0.0493,0.09556,0.1805,0.3275,0.4621,0.5765,0.71766
80.0,0.001286,0.003974,0.009661,0.02067,0.04157,0.08105,0.1543,0.2834,0.4035,0.5068,0.63545
90.0,0.001163,0.003599,0.00877,0.01878,0.03783,0.07391,0.1408,0.2597,0.3703,0.4657,0.58447
100.0,0.001059,0.003282,0.008015,0.01718,0.03465,0.06781,0.1293,0.2392,0.3416,0.43,0.54032
110.0,9.697E-4,0.003009,0.007365,0.0158,0.03191,0.06253,0.1193,0.2214,0.3164,0.3986,0.50139
120.0,8.921E-4,0.002772,0.006798,0.01459,0.02951,0.05791,0.1105,0.2056,0.2941,0.3708,0.46674
130.0,8.218E-4,0.002556,0.006277,0.01349,0.0273,0.05361,0.1024,0.1908,0.2734,0.345,0.43484
140.0,7.573E-4,0.002357,0.005796,0.01247,0.02526,0.04965,0.09498,0.1772,0.2544,0.3214,0.40532
150.0,6.999E-4,0.002181,0.005366,0.01156,0.02344,0.04609,0.0883,0.165,0.2373,0.3002,0.37921
175.0,5.811E-4,0.001814,0.004474,0.00967,0.01963,0.03866,0.0743,0.1392,0.201,0.2551,0.3233
200.0,4.884E-4,0.001527,0.003773,0.008179,0.01663,0.03278,0.06318,0.1187,0.172,0.2187,0.27765
250.0,3.445E-4,0.001081,0.002679,0.005829,0.01191,0.02355,0.04577,0.08665,0.126,0.1606,0.20428
300.0,2.504E-4,7.878E-4,0.001958,0.004274,0.008762,0.01738,0.03402,0.0648,0.09446,0.1207,0.15387
350.0,1.86E-4,5.869E-4,0.001462,0.0032,0.006576,0.01308,0.02571,0.04933,0.07211,0.09236,0.11815
400.0,1.401E-4,4.437E-4,0.001109,0.00243,0.005003,0.009985,0.01967,0.03801,0.05571,0.07151,0.091697
450.0,1.063E-4,3.376E-4,8.458E-4,0.001856,0.003827,0.007662,0.01513,0.02943,0.04326,0.05564,0.071478
500.0,8.15E-5,2.596E-4,6.523E-4,0.001433,0.00296,0.00594,0.01176,0.023,0.03389,0.04367,0.056215
600.0,4.92E-5,1.574E-4,3.974E-4,8.759E-4,0.001818,0.003664,0.007288,0.01433,0.02123,0.02746,0.035503
700.0,3.049E-5,9.791E-5,2.483E-4,5.49E-4,0.001145,0.002316,0.004624,0.009135,0.01359,0.01763,0.022838
800.0,1.927E-5,6.209E-5,1.581E-4,3.507E-4,7.347E-4,0.001491,0.002987,0.005926,0.008847,0.01151,0.014948
1000.0,8.021E-6,2.603E-5,6.665E-5,1.494E-4,3.145E-4,6.429E-4,0.001297,0.002591,0.003892,0.005088,0.0066456
1200.0,3.473E-6,1.135E-5,2.921E-5,6.619E-5,1.4E-4,2.883E-4,5.863E-4,0.00118,0.001783,0.002342,0.0030747
1500.0,9.9449E-7,3.281E-6,8.5219E-6,1.9519E-5,4.1624E-5,8.6576E-5,1.7715E-4,3.595E-4,5.478E-4,7.2406E-4,9.5667E-4
SA0P25
r\m,4.0,4.5,5.0,5.5,6.0,6.5,7.0,7.5,7.8,8.0,8.2
0.0,0.39088,0.88203,1.406,1.567,1.605,1.656,1.785,1.948,2.095,2.22,2.3538
1.0,0.3316,0.79304,1.3206,1.5351,1.601,1.6638,1.7934,1.9539,2.1004,2.218,2.3363
5.0,0.077121,0.23522,0.51793,0.85922,1.1625,1.4059,1.634,1.8579,2.0291,2.157,2.2848
10.0,0.026225,0.084625,0.2029,0.39587,0.65745,0.96355,1.2841,1.6093,1.8298,1.99,2.1602
15.0,0.013439,0.044187,0.10887,0.22376,0.40334,0.65695,0.97087,1.3342,1.5865,1.771,1.9754
20.0,0.008288,0.02753,0.06882,0.1449,0.2717,0.4689,0.7422,1.095,1.354,1.545,1.7589
25.0,0.005481,0.01829,0.0466,0.0991,0.1911,0.3431,0.5742,0.8993,1.149,1.338,1.5553
30.0,0.003942,0.01321,0.03406,0.07295,0.1429,0.2632,0.4565,0.7462,0.9819,1.166,1.382
40.0,0.00242,0.008186,0.02122,0.04615,0.09203,0.1745,0.3167,0.5459,0.7413,0.8994,1.0884
50.0,0.001678,0.005714,0.01486,0.03267,0.06581,0.1269,0.237,0.4223,0.5878,0.7257,0.89409
60.0,0.001322,0.004519,0.0118,0.02605,0.05277,0.1025,0.1931,0.3483,0.489,0.6076,0.75326
70.0,0.001075,0.003688,0.009658,0.02141,0.04356,0.08501,0.1612,0.2933,0.4144,0.5173,0.64464
80.0,8.947E-4,0.003079,0.008087,0.01799,0.03676,0.07218,0.138,0.254,0.3621,0.4552,0.57108
90.0,8.096E-4,0.002791,0.007349,0.01636,0.0335,0.06589,0.126,0.233,0.3328,0.4188,0.52627
100.0,7.379E-4,0.002547,0.006723,0.01498,0.03072,0.06053,0.1159,0.2149,0.3073,0.3871,0.48677
110.0,6.763E-4,0.002338,0.006184,0.01379,0.02831,0.05588,0.107,0.1991,0.2849,0.3592,0.45203
120.0,6.229E-4,0.002156,0.005714,0.01275,0.02621,0.0518,0.09925,0.1851,0.2652,0.3345,0.42118
130.0,5.743E-4,0.00199,0.005282,0.0118,0.02428,0.04802,0.09208,0.172,0.2467,0.3116,0.39289
140.0,5.298E-4,0.001838,0.004883,0.01093,0.0225,0.04452,0.08549,0.1599,0.2299,0.2907,0.36706
150.0,4.903E-4,0.001702,0.004528,0.01014,0.0209,0.04138,0.07958,0.1491,0.2146,0.2718,0.34371
175.0,4.082E-4,0.00142,0.003787,0.008506,0.01756,0.03481,0.06716,0.1262,0.1824,0.2316,0.29359
200.0,3.441E-4,0.001198,0.003204,0.007216,0.01492,0.02961,0.05728,0.1078,0.1565,0.1992,0.25345
250.0,2.441E-4,8.535E-4,0.002289,0.005176,0.01075,0.02141,0.04175,0.07923,0.1153,0.1472,0.18757
300.0,1.785E-4,6.259E-4,0.001683,0.003819,0.007961,0.0159,0.03121,0.05961,0.087,0.1113,0.14225
350.0,1.333E-4,4.691E-4,0.001265,0.002876,0.00601,0.01204,0.02373,0.04564,0.06679,0.0856,0.10963
400.0,1.01E-4,3.567E-4,9.644E-4,0.002197,0.004599,0.009243,0.01827,0.03537,0.0519,0.06666,0.085527
450.0,7.705E-5,2.729E-4,7.399E-4,0.001688,0.00354,0.007134,0.01413,0.02755,0.04053,0.05216,0.067065
500.0,5.943E-5,2.111E-4,5.739E-4,0.001311,0.002754,0.005563,0.01105,0.02165,0.03193,0.04117,0.053045
600.0,3.627E-5,1.294E-4,3.536E-4,8.107E-4,0.00171,0.003471,0.006923,0.01364,0.02022,0.02617,0.033822
700.0,2.272E-5,8.14E-5,2.235E-4,5.139E-4,0.001089,0.002218,0.004442,0.008791,0.01309,0.01699,0.022031
800.0,1.451E-5,5.219E-5,1.439E-4,3.319E-4,7.064E-4,0.001444,0.002901,0.005764,0.008611,0.01121,0.014581
1000.0,6.174E-6,2.236E-5,6.197E-5,1.445E-4,3.089E-4,6.355E-4,0.001286,0.002572,0.003866,0.005055,0.0066058
1200.0,2.732E-6,9.956E-6,2.775E-5,6.534E-5,1.404E-4,2.908E-4,5.925E-4,0.001193,0.001804,0.002369,0.0031088
1500.0,8.0777E-7,2.9721E-6,8.3606E-6,1.9896E-5,4.3083E-5,9.0083E-5,1.8466E-4,3.7468E-4,5.7123E-4,7.5463E-4,9.9634E-4
SA0P3
r\m,4.0,4.5,5.0,5.5,6.0,6.5,7.0,7.5,7.8,8.0,8.2
0.0,0.26107,0.64548,1.124,1.323,1.395,1.463,1.595,1.754,1.893,2.011,2.1388
1.0,0.22337,0.58312,1.0569,1.296,1.3909,1.4696,1.6023,1.7591,1.8979,2.008,2.1197
5.0,0.053838,0.17823,0.42187,0.73128,1.0131,1.2439,1.461,1.6731,1.8337,1.953,2.0732
10.0,0.018492,0.064864,0.16705,0.33984,0.57606,0.85552,1.1504,1.4505,1.6544,1.803,1.9624
15.0,0.0095184,0.03405,0.090149,0.19317,0.35499,0.58519,0.87152,1.2039,1.4354,1.605,1.7936
20.0,0.005887,0.02129,0.05722,0.1256,0.24,0.4188,0.6675,0.9892,1.226,1.401,1.5975
25.0,0.003906,0.01421,0.03896,0.08631,0.1695,0.3073,0.5174,0.8134,1.041,1.214,1.4112
30.0,0.002815,0.01028,0.02857,0.06372,0.1272,0.2362,0.412,0.6758,0.8906,1.059,1.256
40.0,0.001732,0.006392,0.01786,0.04048,0.08221,0.1571,0.2865,0.4952,0.6734,0.8177,0.99065
50.0,0.001203,0.004472,0.01254,0.02873,0.05893,0.1145,0.2147,0.3836,0.5346,0.6604,0.8141
60.0,9.487E-4,0.003541,0.00996,0.02293,0.0473,0.09254,0.1751,0.3166,0.4451,0.5535,0.68705
70.0,7.722E-4,0.002892,0.00816,0.01886,0.03907,0.07684,0.1463,0.2668,0.3775,0.4716,0.58814
80.0,6.434E-4,0.002417,0.006838,0.01586,0.03301,0.0653,0.1253,0.2314,0.3302,0.4154,0.5219
90.0,5.826E-4,0.002192,0.006219,0.01444,0.0301,0.05966,0.1146,0.2124,0.3037,0.3825,0.48098
100.0,5.314E-4,0.002002,0.005694,0.01323,0.02763,0.05485,0.1054,0.1961,0.2806,0.3538,0.44519
110.0,4.874E-4,0.001839,0.005241,0.01219,0.02549,0.05068,0.09745,0.1818,0.2605,0.3287,0.41424
120.0,4.492E-4,0.001697,0.004847,0.01128,0.02362,0.04702,0.09045,0.1692,0.2426,0.3063,0.38615
130.0,4.145E-4,0.001568,0.004485,0.01045,0.0219,0.04364,0.084,0.1574,0.226,0.2856,0.36052
140.0,3.828E-4,0.001449,0.004151,0.009683,0.02031,0.04049,0.07807,0.1464,0.2107,0.2667,0.33716
150.0,3.545E-4,0.001343,0.003853,0.008997,0.01888,0.03768,0.07274,0.1366,0.1969,0.2496,0.31581
175.0,2.959E-4,0.001123,0.003231,0.007564,0.0159,0.03177,0.06154,0.1159,0.1677,0.2132,0.27072
200.0,2.499E-4,9.502E-4,0.002741,0.006432,0.01355,0.02709,0.05261,0.09929,0.1442,0.1837,0.23361
250.0,1.782E-4,6.801E-4,0.001968,0.004638,0.009812,0.01969,0.03853,0.0733,0.1068,0.1364,0.1739
300.0,1.309E-4,5.011E-4,0.001454,0.003439,0.007303,0.0147,0.02895,0.05542,0.08096,0.1036,0.13238
350.0,9.818E-5,3.773E-4,0.001098,0.002603,0.00554,0.01118,0.02211,0.04263,0.06245,0.08009,0.10257
400.0,7.475E-5,2.883E-4,8.409E-4,0.001998,0.00426,0.008625,0.0171,0.03319,0.04875,0.06265,0.08044
450.0,5.727E-5,2.216E-4,6.48E-4,0.001543,0.003294,0.006689,0.01329,0.02597,0.03824,0.04924,0.063354
500.0,4.437E-5,1.722E-4,5.049E-4,0.001204,0.002574,0.00524,0.01044,0.0205,0.03026,0.03904,0.050311
600.0,2.731E-5,1.065E-4,3.139E-4,7.509E-4,0.001613,0.003299,0.006602,0.01303,0.01934,0.02504,0.032379
700.0,1.726E-5,6.756E-5,2.002E-4,4.802E-4,0.001036,0.002127,0.004273,0.008474,0.01262,0.0164,0.021301
800.0,1.112E-5,4.369E-5,1.3E-4,3.128E-4,6.78E-4,0.001396,0.002815,0.005603,0.008378,0.01091,0.014194
1000.0,4.813E-6,1.904E-5,5.697E-5,1.387E-4,3.016E-4,6.252E-4,0.001269,0.002542,0.003822,0.005001,0.0065375
1200.0,2.166E-6,8.623E-6,2.595E-5,6.373E-5,1.394E-4,2.907E-4,5.94E-4,0.001198,0.001811,0.002379,0.0031241
1500.0,6.5698E-7,2.6401E-6,8.0202E-6,1.9907E-5,4.3861E-5,9.2337E-5,1.8981E-4,3.8563E-4,5.8757E-4,7.7647E-4,0.001026
SA0P4
r\m,4.0,4.5,5.0,5.5,6.0,6.5,7.0,7.5,7.8,8.0,8.2
0.0,0.13485,0.37052,0.7472,0.9787,1.095,1.186,1.32,1.474,1.602,1.706,1.8172
1.0,0.11626,0.33718,0.70413,0.95852,1.0911,1.1911,1.3256,1.4781,1.6062,1.704,1.8031
5.0,0.029086,0.10801,0.28995,0.54872,0.7992,1.0112,1.2105,1.4066,1.5523,1.657,1.7622
10.0,0.010124,0.040027,0.11693,0.25886,0.45891,0.69986,0.95677,1.2212,1.4016,1.532,1.6734
15.0,0.0052456,0.021187,0.063702,0.14854,0.28502,0.48146,0.72767,1.0155,1.2173,1.364,1.5276
20.0,0.003259,0.01332,0.0407,0.09726,0.1939,0.3462,0.5592,0.8361,1.041,1.192,1.3623
25.0,0.002175,0.008946,0.02796,0.06742,0.1379,0.2552,0.435,0.6888,0.8849,1.034,1.2051
30.0,0.001572,0.006497,0.02062,0.05003,0.104,0.1968,0.3474,0.5734,0.7581,0.9029,1.0723
40.0,9.712E-4,0.004059,0.01296,0.03201,0.0677,0.1316,0.2425,0.4215,0.5746,0.6988,0.84761
50.0,6.766E-4,0.002849,0.009125,0.02281,0.04874,0.09634,0.1822,0.3273,0.457,0.5653,0.69782
60.0,5.342E-4,0.002259,0.007258,0.01823,0.03917,0.07802,0.1487,0.2704,0.3809,0.4744,0.58971
70.0,4.354E-4,0.001848,0.005953,0.01501,0.03239,0.06481,0.1244,0.2282,0.3235,0.4047,0.50525
80.0,3.632E-4,0.001546,0.004994,0.01264,0.0274,0.05514,0.1067,0.1981,0.2833,0.357,0.44909
90.0,3.292E-4,0.001404,0.004548,0.01152,0.02502,0.05045,0.09774,0.1821,0.2609,0.3291,0.41434
100.0,3.006E-4,0.001284,0.004169,0.01057,0.023,0.04645,0.09003,0.1683,0.2415,0.3049,0.38425
110.0,2.761E-4,0.001181,0.003842,0.009754,0.02125,0.04297,0.08333,0.1563,0.2244,0.2836,0.35776
120.0,2.547E-4,0.001091,0.003557,0.009039,0.01971,0.03992,0.07745,0.1456,0.2093,0.2647,0.33413
130.0,2.353E-4,0.001009,0.003297,0.008383,0.0183,0.0371,0.07203,0.1356,0.1952,0.2471,0.31229
140.0,2.176E-4,9.337E-4,0.003056,0.007779,0.017,0.03448,0.06704,0.1264,0.1823,0.2311,0.29255
150.0,2.018E-4,8.667E-4,0.002841,0.007239,0.01583,0.03213,0.06257,0.1181,0.1706,0.2166,0.27451
175.0,1.69E-4,7.271E-4,0.002392,0.006108,0.01338,0.0272,0.05313,0.1005,0.1459,0.1856,0.23569
200.0,1.433E-4,6.174E-4,0.002038,0.005213,0.01144,0.02328,0.0456,0.08645,0.1259,0.1606,0.20456
250.0,1.029E-4,4.452E-4,0.001475,0.003789,0.008356,0.01706,0.03364,0.06432,0.09394,0.1201,0.15331
300.0,7.608E-5,3.305E-4,0.001098,0.002831,0.006269,0.01283,0.02546,0.049,0.07173,0.09192,0.11765
350.0,5.748E-5,2.506E-4,8.347E-4,0.002159,0.004792,0.009841,0.0196,0.03796,0.05573,0.07155,0.091763
400.0,4.407E-5,1.928E-4,6.437E-4,0.00167,0.003711,0.007645,0.01526,0.02977,0.0438,0.05635,0.072409
450.0,3.4E-5,1.493E-4,4.996E-4,0.001299,0.002891,0.005972,0.01195,0.02345,0.0346,0.04461,0.05745
500.0,2.652E-5,1.168E-4,3.919E-4,0.001021,0.002276,0.004713,0.009453,0.01865,0.02757,0.03561,0.045945
600.0,1.655E-5,7.321E-5,2.471E-4,6.458E-4,0.001446,0.003009,0.006063,0.01202,0.01786,0.02316,0.029998
700.0,1.06E-5,4.707E-5,1.597E-4,4.186E-4,9.413E-4,0.001967,0.003979,0.007921,0.01182,0.01537,0.019982
800.0,6.917E-6,3.084E-5,1.051E-4,2.764E-4,6.241E-4,0.001308,0.002656,0.005307,0.007948,0.01036,0.01349
1000.0,3.074E-6,1.38E-5,4.729E-5,1.257E-4,2.851E-4,6.013E-4,0.001229,0.00247,0.00372,0.00487,0.0063705
1200.0,1.42E-6,6.412E-6,2.21E-5,5.932E-5,1.351E-4,2.867E-4,5.896E-4,0.001192,0.001805,0.002372,0.0031146
1500.0,4.4788E-7,2.0409E-6,7.0999E-6,1.9267E-5,4.4178E-5,9.4639E-5,1.9586E-4,3.9855E-4,6.0815E-4,8.0383E-4,0.0010616
SA0P5
r\m,4.0,4.5,5.0,5.5,6.0,6.5,7.0,7.5,7.8,8.0,8.2
0.0,0.080611,0.23091,0.5169,0.7482,0.8886,0.9936,1.128,1.279,1.397,1.493,1.596
1.0,0.06949,0.21095,0.48808,0.73271,0.88458,0.99742,1.1325,1.2825,1.4003,1.491,1.5829
5.0,0.017515,0.069595,0.20631,0.42487,0.65104,0.84907,1.0356,1.2208,1.3535,1.451,1.5499
10.0,0.0061383,0.026118,0.084454,0.20302,0.37697,0.59096,0.8213,1.0611,1.2229,1.34,1.465
15.0,0.0031942,0.013909,0.046356,0.11742,0.2357,0.40858,0.62679,0.88363,1.0631,1.195,1.3416
20.0,0.001991,0.008781,0.02977,0.07732,0.1612,0.295,0.4831,0.7286,0.9102,1.045,1.1965
25.0,0.001335,0.005931,0.02059,0.05397,0.1155,0.2184,0.377,0.6012,0.7749,0.9075,1.0597
30.0,9.667E-4,0.004318,0.01524,0.04022,0.08748,0.169,0.3018,0.5013,0.6648,0.7932,0.94397
40.0,5.992E-4,0.002708,0.009624,0.02587,0.05725,0.1136,0.2113,0.3694,0.5048,0.6149,0.74697
50.0,4.183E-4,0.001906,0.006793,0.01851,0.04136,0.08336,0.1592,0.2873,0.4021,0.4981,0.61573
60.0,3.306E-4,0.001513,0.005408,0.0148,0.03327,0.06752,0.13,0.2376,0.3355,0.4183,0.52048
70.0,2.697E-4,0.001238,0.004439,0.0122,0.02754,0.05618,0.1089,0.2007,0.2852,0.3572,0.44647
80.0,2.252E-4,0.001037,0.003728,0.01028,0.02332,0.04785,0.09349,0.1744,0.25,0.3154,0.39707
90.0,2.043E-4,9.427E-4,0.003398,0.009381,0.02132,0.04382,0.08569,0.1605,0.2305,0.2911,0.36716
100.0,1.867E-4,8.628E-4,0.003117,0.008618,0.01961,0.04039,0.07901,0.1485,0.2135,0.27,0.34087
110.0,1.716E-4,7.941E-4,0.002876,0.007958,0.01814,0.0374,0.0732,0.138,0.1987,0.2514,0.3178
120.0,1.584E-4,7.343E-4,0.002665,0.007381,0.01685,0.03478,0.0681,0.1287,0.1855,0.2348,0.29663
130.0,1.465E-4,6.798E-4,0.002472,0.006853,0.01566,0.03236,0.0634,0.12,0.1732,0.2195,0.27784
140.0,1.356E-4,6.298E-4,0.002295,0.006366,0.01456,0.03011,0.05908,0.112,0.1619,0.2055,0.26056
150.0,1.259E-4,5.853E-4,0.002136,0.005931,0.01357,0.02809,0.0552,0.1047,0.1517,0.1928,0.24481
175.0,1.057E-4,4.923E-4,0.001804,0.005018,0.01151,0.02385,0.04702,0.08941,0.13,0.1657,0.21083
200.0,8.98E-5,4.191E-4,0.001541,0.004294,0.009862,0.02047,0.04046,0.0771,0.1125,0.1437,0.1834
250.0,6.482E-5,3.04E-4,0.001122,0.003141,0.007251,0.0151,0.03003,0.05771,0.08445,0.1081,0.13813
300.0,4.819E-5,2.268E-4,8.402E-4,0.002361,0.005473,0.01143,0.02286,0.04421,0.06486,0.08321,0.10662
350.0,3.66E-5,1.73E-4,6.421E-4,0.001811,0.004208,0.008812,0.01769,0.03444,0.05066,0.06513,0.083649
400.0,2.82E-5,1.338E-4,4.978E-4,0.001408,0.003277,0.006884,0.01385,0.02715,0.04003,0.05156,0.066325
450.0,2.187E-5,1.041E-4,3.883E-4,0.001101,0.002567,0.005408,0.01091,0.02151,0.03179,0.04103,0.052884
500.0,1.715E-5,8.192E-5,3.062E-4,8.703E-4,0.002032,0.004291,0.008676,0.0172,0.02547,0.03292,0.042509
600.0,1.081E-5,5.186E-5,1.95E-4,5.563E-4,0.001304,0.002769,0.005625,0.0112,0.01667,0.02163,0.028033
700.0,6.989E-6,3.367E-5,1.273E-4,3.644E-4,8.578E-4,0.001829,0.00373,0.007456,0.01114,0.0145,0.018842
800.0,4.608E-6,2.228E-5,8.464E-5,2.43E-4,5.744E-4,0.001229,0.002515,0.005046,0.007569,0.009875,0.012873
1000.0,2.089E-6,1.016E-5,3.884E-5,1.127E-4,2.676E-4,5.76E-4,0.001187,0.002394,0.003611,0.004731,0.0061931
1200.0,9.841E-7,4.816E-6,1.851E-5,5.423E-5,1.294E-4,2.8E-4,5.802E-4,0.001177,0.001784,0.002346,0.0030814
1500.0,3.1973E-7,1.5779E-6,6.1214E-6,1.8136E-5,4.3565E-5,9.5156E-5,1.9848E-4,4.0504E-4,6.1858E-4,8.1799E-4,0.0010805
SA0P75
r\m,4.0,4.5,5.0,5.5,6.0,6.5,7.0,7.5,7.8,8.0,8.2
0.0,0.033938,0.092987,0.2357,0.4161,0.5712,0.6922,0.8247,0.9659,1.069,1.151,1.2398
1.0,0.028607,0.084976,0.2233,0.40753,0.56796,0.69436,0.8275,0.96835,1.0714,1.149,1.2285
5.0,0.0067555,0.028585,0.098734,0.2426,0.42257,0.59449,0.75878,0.92275,1.0361,1.119,1.2046
10.0,0.0023662,0.010893,0.0415,0.11891,0.24904,0.4187,0.60602,0.80432,0.93764,1.034,1.1375
15.0,0.0012374,0.0058559,0.023085,0.069819,0.15784,0.29253,0.46578,0.67218,0.81697,0.9239,1.0439
20.0,7.749E-4,0.003723,0.01496,0.04647,0.1091,0.213,0.3612,0.5562,0.7011,0.8094,0.93222
25.0,5.232E-4,0.002542,0.01046,0.03286,0.07915,0.1591,0.2836,0.4604,0.5984,0.7041,0.82618
30.0,3.804E-4,0.00186,0.007804,0.02468,0.06047,0.1239,0.2283,0.3853,0.5146,0.6165,0.73662
40.0,2.37E-4,0.001174,0.004966,0.01604,0.04001,0.08407,0.1609,0.2853,0.3923,0.4796,0.58487
50.0,1.661E-4,8.303E-4,0.00352,0.01155,0.02911,0.0621,0.1217,0.2228,0.3133,0.3893,0.48246
60.0,1.314E-4,6.6E-4,0.002807,0.009252,0.02345,0.05037,0.09963,0.1845,0.2619,0.3276,0.40898
70.0,1.073E-4,5.412E-4,0.002308,0.007636,0.01944,0.04198,0.08356,0.1561,0.223,0.2802,0.35142
80.0,8.974E-5,4.541E-4,0.001941,0.006446,0.01649,0.03581,0.07185,0.1359,0.1958,0.2478,0.31296
90.0,8.15E-5,4.133E-4,0.001772,0.005891,0.0151,0.03286,0.06596,0.1253,0.1808,0.2292,0.29018
100.0,7.456E-5,3.788E-4,0.001628,0.00542,0.01392,0.03033,0.06092,0.1161,0.1678,0.2129,0.26958
110.0,6.86E-5,3.491E-4,0.001504,0.005014,0.01289,0.02814,0.05654,0.1081,0.1564,0.1986,0.25173
120.0,6.343E-5,3.233E-4,0.001396,0.004658,0.012,0.02622,0.05266,0.101,0.1463,0.1859,0.23598
130.0,5.873E-5,2.998E-4,0.001298,0.004333,0.01117,0.02444,0.04914,0.09435,0.1369,0.174,0.22069
140.0,5.444E-5,2.783E-4,0.001207,0.004033,0.01041,0.02279,0.04589,0.08819,0.1282,0.1632,0.20731
150.0,5.062E-5,2.59E-4,0.001126,0.003764,0.009723,0.0213,0.04297,0.08265,0.1204,0.1535,0.19555
175.0,4.265E-5,2.189E-4,9.563E-4,0.003201,0.008282,0.01818,0.03679,0.07089,0.1037,0.1325,0.16906
200.0,3.638E-5,1.872E-4,8.213E-4,0.002752,0.007134,0.01568,0.03182,0.06143,0.09012,0.1155,0.14781
250.0,2.649E-5,1.371E-4,6.041E-4,0.002035,0.005306,0.0117,0.02386,0.04648,0.06839,0.08784,0.11267
300.0,1.986E-5,1.033E-4,4.568E-4,0.001545,0.00405,0.008953,0.01835,0.03598,0.05306,0.06828,0.087752
350.0,1.521E-5,7.951E-5,3.524E-4,0.001197,0.003145,0.006977,0.01434,0.02831,0.04184,0.05395,0.069479
400.0,1.182E-5,6.209E-5,2.756E-4,9.4E-4,0.002474,0.005505,0.01135,0.02253,0.03338,0.04311,0.055601
450.0,9.249E-6,4.878E-5,2.17E-4,7.424E-4,0.001957,0.004369,0.009026,0.01802,0.02677,0.03462,0.044722
500.0,7.315E-6,3.872E-5,1.726E-4,5.924E-4,0.001564,0.0035,0.007247,0.01454,0.02164,0.02804,0.036312
600.0,4.687E-6,2.495E-5,1.119E-4,3.857E-4,0.001022,0.002301,0.004789,0.00965,0.01443,0.01876,0.024369
700.0,3.082E-6,1.648E-5,7.437E-5,2.571E-4,6.844E-4,0.001548,0.003234,0.00654,0.009819,0.01281,0.016698
800.0,2.066E-6,1.109E-5,5.03E-5,1.745E-4,4.664E-4,0.001059,0.002221,0.004505,0.006786,0.008875,0.011597
1000.0,9.693E-7,5.238E-6,2.388E-5,8.375E-5,2.25E-4,5.138E-4,0.001085,0.002212,0.003349,0.004397,0.0057681
1200.0,4.725E-7,2.567E-6,1.177E-5,4.167E-5,1.125E-4,2.583E-4,5.483E-4,0.001124,0.00171,0.002253,0.0029648
1500.0,1.6157E-7,8.8489E-7,4.0928E-6,1.4659E-5,3.9839E-5,9.2374E-5,1.9755E-4,4.0699E-4,6.2362E-4,8.2607E-4,0.0010929
SA1P0
r\m,4.0,4.5,5.0,5.5,6.0,6.5,7.0,7.5,7.8,8.0,8.2
0.0,0.01994,0.049082,0.1256,0.2514,0.3925,0.5156,0.6437,0.7772,0.8711,0.9431,1.021
1.0,0.016159,0.04448,0.11909,0.24624,0.3899,0.51694,0.64545,0.77904,0.87282,0.942,1.0137
5.0,0.0034207,0.014532,0.053743,0.14946,0.2927,0.44465,0.59315,0.74295,0.84429,0.9171,0.99244
10.0,0.001187,0.0055438,0.022929,0.074625,0.17494,0.31618,0.47648,0.64916,0.76496,0.8487,0.93943
15.0,6.2135E-4,0.0029942,0.012864,0.044289,0.11204,0.22276,0.36837,0.54409,0.66757,0.7589,0.86155
20.0,3.899E-4,0.001912,0.008388,0.0297,0.07806,0.1633,0.2871,0.4515,0.5739,0.6658,0.77028
25.0,2.643E-4,0.001317,0.005913,0.02119,0.05718,0.1229,0.2267,0.3748,0.4908,0.5801,0.68356
30.0,1.926E-4,9.667E-4,0.004431,0.01601,0.04396,0.09615,0.1833,0.3145,0.4229,0.5087,0.61012
40.0,1.203E-4,6.129E-4,0.002837,0.01048,0.02933,0.06574,0.1299,0.2339,0.3235,0.3967,0.4852
50.0,8.448E-5,4.348E-4,0.002017,0.007576,0.02145,0.04879,0.0986,0.1831,0.2589,0.3227,0.40151
60.0,6.687E-5,3.459E-4,0.00161,0.006075,0.0173,0.03962,0.08078,0.1518,0.2166,0.2718,0.34032
70.0,5.464E-5,2.84E-4,0.001325,0.00502,0.01436,0.03306,0.06783,0.1286,0.1846,0.2327,0.29265
80.0,4.57E-5,2.385E-4,0.001115,0.004242,0.01219,0.02823,0.05838,0.112,0.1623,0.2061,0.26113
90.0,4.153E-5,2.172E-4,0.001019,0.003882,0.01117,0.02593,0.05366,0.1034,0.1501,0.1908,0.24205
100.0,3.802E-5,1.993E-4,9.377E-4,0.003576,0.01031,0.02397,0.04961,0.09596,0.1395,0.1775,0.22544
110.0,3.5E-5,1.838E-4,8.673E-4,0.003311,0.009564,0.02226,0.04609,0.08944,0.1302,0.1658,0.21092
120.0,3.238E-5,1.704E-4,8.058E-4,0.00308,0.008909,0.02076,0.043,0.08367,0.1219,0.1553,0.19754
130.0,3.0E-5,1.582E-4,7.499E-4,0.002868,0.008307,0.01938,0.04016,0.07827,0.1142,0.1457,0.18558
140.0,2.783E-5,1.47E-4,6.987E-4,0.002673,0.00775,0.0181,0.03756,0.07326,0.1071,0.1368,0.17457
150.0,2.59E-5,1.37E-4,6.528E-4,0.002499,0.00725,0.01694,0.03522,0.06875,0.1007,0.1288,0.16441
175.0,2.186E-5,1.161E-4,5.563E-4,0.002131,0.006197,0.01451,0.03026,0.05917,0.08701,0.1116,0.14291
200.0,1.869E-5,9.954E-5,4.794E-4,0.001839,0.005356,0.01256,0.02627,0.05144,0.07589,0.09757,0.12524
250.0,1.367E-5,7.336E-5,3.551E-4,0.001369,0.004016,0.00945,0.01985,0.03922,0.05804,0.07477,0.096165
300.0,1.03E-5,5.562E-5,2.704E-4,0.001048,0.003089,0.007288,0.01537,0.03059,0.04536,0.05854,0.075433
350.0,7.931E-6,4.308E-5,2.099E-4,8.17E-4,0.002416,0.005719,0.0121,0.02423,0.03601,0.04656,0.060103
400.0,6.196E-6,3.385E-5,1.652E-4,6.458E-4,0.001913,0.004545,0.009639,0.01942,0.02891,0.03744,0.048427
450.0,4.873E-6,2.676E-5,1.308E-4,5.135E-4,0.001524,0.003632,0.007721,0.01564,0.02333,0.03026,0.03919
500.0,3.875E-6,2.137E-5,1.047E-4,4.123E-4,0.001226,0.00293,0.006242,0.0127,0.01899,0.02466,0.031994
600.0,2.509E-6,1.393E-5,6.874E-5,2.718E-4,8.113E-4,0.001951,0.004179,0.008537,0.01282,0.01672,0.021779
700.0,1.667E-6,9.313E-6,4.622E-5,1.834E-4,5.497E-4,0.001329,0.002859,0.005859,0.008836,0.01155,0.015075
800.0,1.13E-6,6.341E-6,3.163E-5,1.26E-4,3.789E-4,9.203E-4,0.001987,0.004085,0.006181,0.008101,0.010603
1000.0,5.418E-7,3.064E-6,1.537E-5,6.185E-5,1.872E-4,4.572E-4,9.941E-4,0.002053,0.003123,0.004109,0.005401
1200.0,2.701E-7,1.537E-6,7.748E-6,3.148E-5,9.577E-5,2.352E-4,5.144E-4,0.001068,0.001631,0.002153,0.0028388
1500.0,9.5489E-8,5.485E-7,2.7876E-6,1.1459E-5,3.5086E-5,8.7089E-5,1.9209E-4,4.0049E-4,6.1584E-4,8.1717E-4,0.0010831
SA1P5
r\m,4.0,4.5,5.0,5.5,6.0,6.5,7.0,7.5,7.8,8.0,8.2
0.0,0.0098882,0.020947,0.04949,0.1102,0.2077,0.3182,0.4355,0.5562,0.6379,0.6986,0.76453
1.0,0.0074285,0.01852,0.046821,0.10791,0.20608,0.31861,0.43627,0.55735,0.63896,0.6979,0.75981
5.0,0.0013258,0.0054893,0.021061,0.066887,0.15686,0.27591,0.4023,0.53229,0.61846,0.6797,0.7439
10.0,4.5318E-4,0.0020734,0.0090733,0.034139,0.095749,0.19905,0.32611,0.46701,0.56161,0.6299,0.70455
15.0,2.3697E-4,0.0011236,0.0051382,0.020539,0.062263,0.14204,0.25445,0.39336,0.49156,0.5644,0.64687
20.0,1.488E-4,7.208E-4,0.003376,0.01391,0.04388,0.1052,0.1999,0.328,0.4239,0.4963,0.57923
25.0,1.009E-4,5.014E-4,0.0024,0.01005,0.03258,0.08008,0.1592,0.2735,0.3638,0.4336,0.51516
30.0,7.368E-5,3.7E-4,0.001809,0.007643,0.02527,0.06317,0.1296,0.2306,0.3144,0.381,0.46012
40.0,4.608E-5,2.357E-4,0.001169,0.005051,0.01706,0.04369,0.09266,0.1726,0.2417,0.2984,0.36746
50.0,3.242E-5,1.678E-4,8.354E-4,0.003675,0.01257,0.03267,0.07074,0.1357,0.1941,0.2433,0.30416
60.0,2.565E-5,1.336E-4,6.675E-4,0.002951,0.01015,0.02656,0.05804,0.1127,0.1626,0.2053,0.25867
70.0,2.096E-5,1.097E-4,5.501E-4,0.002442,0.008433,0.02219,0.0488,0.09559,0.1388,0.1761,0.22297
80.0,1.753E-5,9.224E-5,4.638E-4,0.002066,0.007168,0.01898,0.04206,0.08341,0.1223,0.1561,0.19887
90.0,1.594E-5,8.409E-5,4.243E-4,0.001894,0.006583,0.01746,0.03871,0.07711,0.1132,0.1448,0.18473
100.0,1.46E-5,7.722E-5,3.908E-4,0.001747,0.006085,0.01616,0.03584,0.07167,0.1054,0.1349,0.1722
110.0,1.345E-5,7.13E-5,3.619E-4,0.001621,0.005653,0.01503,0.03335,0.0669,0.09851,0.1262,0.16138
120.0,1.245E-5,6.616E-5,3.367E-4,0.00151,0.005275,0.01404,0.03116,0.06269,0.0924,0.1185,0.1518
130.0,1.154E-5,6.148E-5,3.137E-4,0.001409,0.004927,0.01313,0.02915,0.05874,0.08671,0.1113,0.14257
140.0,1.071E-5,5.719E-5,2.928E-4,0.001315,0.004605,0.01229,0.02732,0.05509,0.08149,0.1048,0.13458
150.0,9.971E-6,5.337E-5,2.741E-4,0.001231,0.004316,0.01153,0.02567,0.05179,0.07675,0.09879,0.12691
175.0,8.43E-6,4.536E-5,2.346E-4,0.001055,0.003706,0.009921,0.02217,0.04479,0.06664,0.08602,0.11084
200.0,7.218E-6,3.903E-5,2.031E-4,9.142E-4,0.003218,0.008631,0.01934,0.03912,0.0584,0.07555,0.097542
250.0,5.307E-6,2.898E-5,1.519E-4,6.878E-4,0.00244,0.006569,0.01477,0.03016,0.04515,0.05853,0.075747
300.0,4.021E-6,2.214E-5,1.167E-4,5.312E-4,0.001896,0.005121,0.01155,0.02377,0.03565,0.04629,0.059997
350.0,3.113E-6,1.727E-5,9.136E-5,4.181E-4,0.001498,0.00406,0.009182,0.01901,0.02857,0.03716,0.048253
400.0,2.446E-6,1.367E-5,7.247E-5,3.335E-4,0.001197,0.003258,0.007386,0.01538,0.02315,0.03015,0.039205
450.0,1.936E-6,1.089E-5,5.787E-5,2.676E-4,9.626E-4,0.002629,0.005975,0.0125,0.01885,0.02459,0.032017
500.0,1.549E-6,8.77E-6,4.669E-5,2.168E-4,7.813E-4,0.00214,0.004876,0.01025,0.01548,0.02021,0.026348
600.0,1.016E-6,5.803E-6,3.117E-5,1.453E-4,5.257E-4,0.001451,0.003326,0.007011,0.01064,0.01394,0.01823
700.0,6.839E-7,3.936E-6,2.13E-5,9.967E-5,3.619E-4,0.001005,0.002315,0.004895,0.007459,0.009802,0.012865
800.0,4.695E-7,2.72E-6,1.481E-5,6.954E-5,2.534E-4,7.076E-4,0.001637,0.00347,0.005305,0.006989,0.0091957
1000.0,2.314E-7,1.355E-6,7.428E-6,3.523E-5,1.292E-4,3.631E-4,8.46E-4,0.001802,0.002767,0.003658,0.0048282
1200.0,1.187E-7,7.005E-7,3.862E-6,1.848E-5,6.819E-5,1.927E-4,4.519E-4,9.664E-4,0.001491,0.001977,0.002618
1500.0,4.3787E-8,2.6162E-7,1.4557E-6,7.0427E-6,2.6145E-5,7.4784E-5,1.7722E-4,3.8007E-4,5.9024E-4,7.8654E-4,0.0010468
SA2P0
r\m,4.0,4.5,5.0,5.5,6.0,6.5,7.0,7.5,7.8,8.0,8.2
0.0,0.0056908,0.011724,0.02564,0.05801,0.1218,0.2126,0.3184,0.4288,0.5026,0.5564,0.6153
1.0,0.0041254,0.01014,0.02416,0.056747,0.12077,0.21271,0.3187,0.42957,0.50334,0.5558,0.6118
5.0,6.8693E-4,0.0027677,0.010568,0.035315,0.092766,0.18515,0.29461,0.41073,0.48747,0.5415,0.59922
10.0,2.3302E-4,0.0010351,0.0045423,0.018176,0.057425,0.13501,0.24041,0.3616,0.44348,0.5024,0.56773
15.0,1.216E-4,5.6111E-4,0.0025827,0.011013,0.037724,0.097256,0.18889,0.30582,0.38911,0.4508,0.52132
20.0,7.627E-5,3.605E-4,0.001704,0.007502,0.02679,0.07258,0.1493,0.256,0.3364,0.3972,0.46755
25.0,5.153E-5,2.513E-4,0.001214,0.005459,0.02006,0.0557,0.1197,0.2142,0.2894,0.3479,0.41666
30.0,3.763E-5,1.859E-4,9.178E-4,0.004172,0.01566,0.0442,0.09801,0.1814,0.2508,0.3062,0.37254
40.0,2.35E-5,1.186E-4,5.976E-4,0.002775,0.01065,0.03083,0.07055,0.1365,0.1936,0.2406,0.29825
50.0,1.654E-5,8.459E-5,4.285E-4,0.002027,0.007884,0.02317,0.05409,0.1077,0.1558,0.1966,0.24756
60.0,1.308E-5,6.735E-5,3.426E-4,0.00163,0.006373,0.01886,0.04442,0.08949,0.1307,0.166,0.21025
70.0,1.068E-5,5.533E-5,2.826E-4,0.00135,0.005301,0.01577,0.03738,0.07596,0.1117,0.1425,0.1814
80.0,8.927E-6,4.651E-5,2.384E-4,0.001143,0.00451,0.0135,0.03225,0.06634,0.09845,0.1265,0.16224
90.0,8.118E-6,4.243E-5,2.182E-4,0.001049,0.004147,0.01243,0.02971,0.0614,0.0913,0.1175,0.15085
100.0,7.436E-6,3.898E-5,2.011E-4,9.689E-4,0.003838,0.01152,0.02753,0.05713,0.08507,0.1096,0.14085
110.0,6.851E-6,3.601E-5,1.863E-4,8.996E-4,0.003569,0.01073,0.02564,0.05339,0.07961,0.1027,0.13223
120.0,6.344E-6,3.343E-5,1.734E-4,8.39E-4,0.003334,0.01003,0.02398,0.05007,0.07475,0.09649,0.12428
130.0,5.881E-6,3.108E-5,1.617E-4,7.836E-4,0.003118,0.009389,0.02246,0.04698,0.07024,0.09076,0.11702
140.0,5.456E-6,2.893E-5,1.511E-4,7.325E-4,0.002918,0.008798,0.02109,0.04412,0.06609,0.08552,0.11043
150.0,5.078E-6,2.701E-5,1.416E-4,6.867E-4,0.002738,0.008266,0.01984,0.04154,0.06234,0.08076,0.1044
175.0,4.293E-6,2.299E-5,1.214E-4,5.901E-4,0.002359,0.007138,0.0172,0.03604,0.0543,0.07055,0.091468
200.0,3.677E-6,1.981E-5,1.054E-4,5.128E-4,0.002054,0.006231,0.01505,0.03158,0.04775,0.06217,0.080782
250.0,2.708E-6,1.477E-5,7.93E-5,3.884E-4,0.00157,0.004781,0.01158,0.02454,0.03721,0.04854,0.063198
300.0,2.057E-6,1.133E-5,6.129E-5,3.019E-4,0.001229,0.003756,0.009119,0.01949,0.0296,0.03868,0.050446
350.0,1.597E-6,8.877E-6,4.823E-5,2.392E-4,9.773E-4,0.002999,0.007301,0.0157,0.02388,0.03125,0.040798
400.0,1.259E-6,7.057E-6,3.846E-5,1.92E-4,7.861E-4,0.002422,0.005914,0.01278,0.01947,0.02551,0.033353
450.0,9.999E-7,5.648E-6,3.088E-5,1.55E-4,6.361E-4,0.001968,0.004817,0.01045,0.01596,0.02093,0.027408
500.0,8.032E-7,4.568E-6,2.504E-5,1.263E-4,5.195E-4,0.001613,0.003958,0.008625,0.01318,0.01732,0.022727
600.0,5.307E-7,3.05E-6,1.69E-5,8.565E-5,3.535E-4,0.001107,0.002734,0.005976,0.009178,0.01209,0.015907
700.0,3.6E-7,2.088E-6,1.167E-5,5.94E-5,2.46E-4,7.757E-4,0.001927,0.004223,0.00651,0.008603,0.01135
800.0,2.492E-7,1.456E-6,8.203E-6,4.19E-5,1.741E-4,5.522E-4,0.001378,0.003029,0.004684,0.006205,0.0082081
1000.0,1.25E-7,7.392E-7,4.201E-6,2.168E-5,9.073E-5,2.896E-4,7.285E-4,0.001608,0.002498,0.003319,0.0044018
1200.0,6.527E-8,3.898E-7,2.23E-6,1.161E-5,4.888E-5,1.57E-4,3.976E-4,8.811E-4,0.001374,0.001832,0.0024382
1500.0,2.4753E-8,1.4989E-7,8.6747E-7,4.5664E-6,1.9327E-5,6.2894E-5,1.6124E-4,3.5811E-4,5.6191E-4,7.5275E-4,0.0010065
SA3P0
r\m,4.0,4.5,5.0,5.5,6.0,6.5,7.0,7.5,7.8,8.0,8.2
0.0,0.0023858,0.005133,0.0105,0.02286,0.05181,0.1082,0.1913,0.2849,0.348,0.3932,0.44334
1.0,0.0017227,0.0043473,0.0098195,0.022309,0.051311,0.1081,0.19123,0.28531,0.34833,0.3928,0.44117
5.0,2.8107E-4,0.0010917,0.0040339,0.013665,0.039714,0.094706,0.1773,0.2733,0.33763,0.383,0.43248
10.0,9.4484E-5,4.0276E-4,0.0017114,0.0070119,0.024921,0.070055,0.14596,0.2419,0.30811,0.356,0.40989
15.0,4.9049E-5,2.1766E-4,9.7385E-4,0.0042666,0.016553,0.05111,0.11577,0.20589,0.27141,0.3203,0.37687
20.0,3.064E-5,1.396E-4,6.44E-4,0.002921,0.01186,0.03854,0.09229,0.1734,0.2356,0.2831,0.33876
25.0,2.046E-5,9.621E-5,4.572E-4,0.00214,0.008978,0.02994,0.07474,0.1459,0.2036,0.2488,0.3026
30.0,1.494E-5,7.135E-5,3.452E-4,0.001643,0.007058,0.02396,0.0617,0.1243,0.1772,0.2196,0.27122
40.0,9.281E-6,4.545E-5,2.266E-4,0.001101,0.004846,0.0169,0.04487,0.09427,0.1376,0.1734,0.21757
50.0,6.522E-6,3.241E-5,1.635E-4,8.083E-4,0.003611,0.01279,0.03463,0.07477,0.1111,0.1421,0.18102
60.0,5.15E-6,2.579E-5,1.308E-4,6.504E-4,0.002922,0.01043,0.02847,0.06222,0.09336,0.1202,0.15427
70.0,4.2E-6,2.118E-5,1.079E-4,5.393E-4,0.002434,0.00873,0.02399,0.05287,0.07988,0.1033,0.13314
80.0,3.507E-6,1.779E-5,9.107E-5,4.573E-4,0.002074,0.007481,0.02072,0.04624,0.07052,0.09187,0.11933
90.0,3.188E-6,1.624E-5,8.337E-5,4.202E-4,0.001909,0.006899,0.01912,0.04285,0.06549,0.08544,0.11115
100.0,2.92E-6,1.492E-5,7.685E-5,3.886E-4,0.001769,0.006401,0.01774,0.03993,0.06112,0.07983,0.10394
110.0,2.69E-6,1.379E-5,7.123E-5,3.613E-4,0.001648,0.005969,0.01654,0.03736,0.05727,0.07489,0.097633
120.0,2.49E-6,1.281E-5,6.633E-5,3.374E-4,0.001541,0.005588,0.01549,0.03509,0.05386,0.07048,0.091966
130.0,2.308E-6,1.191E-5,6.188E-5,3.156E-4,0.001444,0.00524,0.01453,0.03298,0.0507,0.06641,0.086736
140.0,2.139E-6,1.109E-5,5.784E-5,2.954E-4,0.001353,0.004919,0.01367,0.03103,0.0478,0.0627,0.082021
150.0,1.989E-6,1.035E-5,5.421E-5,2.773E-4,0.001272,0.004631,0.01288,0.02927,0.04517,0.05932,0.077704
175.0,1.678E-6,8.818E-6,4.659E-5,2.391E-4,0.001101,0.004018,0.01122,0.02551,0.03953,0.05206,0.068364
200.0,1.435E-6,7.605E-6,4.051E-5,2.086E-4,9.627E-4,0.003523,0.009869,0.02246,0.03491,0.04609,0.060676
250.0,1.056E-6,5.686E-6,3.069E-5,1.593E-4,7.435E-4,0.002734,0.007671,0.01766,0.02752,0.0364,0.048024
300.0,8.029E-7,4.378E-6,2.388E-5,1.249E-4,5.878E-4,0.00217,0.006102,0.01417,0.02213,0.02931,0.038692
350.0,6.243E-7,3.444E-6,1.891E-5,9.972E-5,4.717E-4,0.00175,0.004934,0.01152,0.01803,0.0239,0.031585
400.0,4.933E-7,2.75E-6,1.517E-5,8.068E-5,3.828E-4,0.001427,0.004035,0.009467,0.01483,0.01968,0.026067
450.0,3.931E-7,2.212E-6,1.225E-5,6.568E-5,3.125E-4,0.00117,0.003318,0.007819,0.01226,0.01631,0.02167
500.0,3.169E-7,1.798E-6,1.0E-5,5.396E-5,2.574E-4,9.673E-4,0.002751,0.00651,0.01022,0.01359,0.018026
600.0,2.112E-7,1.214E-6,6.839E-6,3.716E-5,1.779E-4,6.749E-4,0.001935,0.00459,0.00724,0.00966,0.012855
700.0,1.447E-7,8.401E-7,4.786E-6,2.616E-5,1.257E-4,4.806E-4,0.001387,0.003298,0.005222,0.006987,0.009325
800.0,1.011E-7,5.926E-7,3.408E-6,1.872E-5,9.024E-5,3.474E-4,0.001008,0.002403,0.003818,0.00512,0.0068484
1000.0,5.181E-8,3.08E-7,1.793E-6,9.971E-6,4.842E-5,1.877E-4,5.493E-4,0.001315,0.002098,0.002822,0.0037872
1200.0,2.768E-8,1.664E-7,9.779E-7,5.493E-6,2.684E-5,1.046E-4,3.086E-4,7.423E-4,0.001188,0.001603,0.0021567
1500.0,1.0889E-8,6.6436E-8,3.9622E-7,2.2563E-6,1.1067E-5,4.3738E-5,1.3099E-4,3.1555E-4,5.08E-4,6.884E-4,9.3E-4
SA4P0
r\m,4.0,4.5,5.0,5.5,6.0,6.5,7.0,7.5,7.8,8.0,8.2
0.0,0.0012725,0.0028411,0.00573,0.01193,0.02702,0.06188,0.1253,0.205,0.2607,0.3005,0.34513
1.0,9.3018E-4,0.0023992,0.0053358,0.011621,0.026737,0.061756,0.12512,0.2052,0.2609,0.3002,0.34361
5.0,1.5297E-4,5.8543E-4,0.0020943,0.0069467,0.020664,0.054279,0.11617,0.19682,0.2531,0.2928,0.33674
10.0,5.105E-5,2.1363E-4,8.7636E-4,0.0035231,0.012985,0.040472,0.096108,0.17493,0.23155,0.2726,0.3194
15.0,2.6363E-5,1.1479E-4,4.9685E-4,0.0021402,0.008655,0.029752,0.076674,0.14962,0.20463,0.2458,0.29405
20.0,1.64E-5,7.329E-5,3.279E-4,0.001466,0.006224,0.02258,0.06147,0.1266,0.1782,0.2178,0.26487
25.0,1.084E-5,4.966E-5,2.307E-4,0.001074,0.004735,0.01768,0.05012,0.1071,0.1545,0.1919,0.23722
30.0,7.905E-6,3.679E-5,1.734E-4,8.248E-4,0.003735,0.01423,0.04163,0.09158,0.1348,0.1697,0.21264
40.0,4.888E-6,2.335E-5,1.14E-4,5.544E-4,0.002578,0.01011,0.03049,0.06986,0.1051,0.1345,0.17124
50.0,3.428E-6,1.663E-5,8.257E-5,4.082E-4,0.001928,0.007691,0.02366,0.05562,0.08519,0.1105,0.14275
60.0,2.704E-6,1.322E-5,6.607E-5,3.286E-4,0.001562,0.006273,0.01947,0.04632,0.07162,0.0935,0.12153
70.0,2.203E-6,1.085E-5,5.452E-5,2.725E-4,0.001302,0.005257,0.01642,0.03939,0.06133,0.08046,0.10513
80.0,1.838E-6,9.11E-6,4.602E-5,2.312E-4,0.00111,0.004509,0.01419,0.03448,0.05419,0.07162,0.094288
90.0,1.67E-6,8.312E-6,4.211E-5,2.126E-4,0.001023,0.004162,0.0131,0.03198,0.05038,0.06668,0.087919
100.0,1.529E-6,7.638E-6,3.881E-5,1.968E-4,9.487E-4,0.003865,0.01217,0.02983,0.04706,0.06237,0.082347
110.0,1.408E-6,7.059E-6,3.596E-5,1.831E-4,8.843E-4,0.003607,0.01136,0.02794,0.04414,0.05856,0.07739
120.0,1.303E-6,6.556E-6,3.348E-5,1.711E-4,8.278E-4,0.00338,0.01064,0.02626,0.04155,0.05517,0.072974
130.0,1.207E-6,6.095E-6,3.123E-5,1.601E-4,7.761E-4,0.003173,0.009998,0.02471,0.03916,0.05205,0.06893
140.0,1.117E-6,5.671E-6,2.918E-5,1.5E-4,7.284E-4,0.002983,0.009416,0.02328,0.03697,0.04921,0.065267
150.0,1.038E-6,5.293E-6,2.734E-5,1.409E-4,6.855E-4,0.002811,0.008888,0.02199,0.03497,0.04661,0.061887
175.0,8.739E-7,4.505E-6,2.349E-5,1.217E-4,5.946E-4,0.002447,0.007765,0.01922,0.03071,0.04104,0.054633
200.0,7.46E-7,3.884E-6,2.042E-5,1.064E-4,5.215E-4,0.002152,0.006852,0.01698,0.02721,0.03645,0.048651
250.0,5.471E-7,2.903E-6,1.552E-5,8.16E-5,4.055E-4,0.001683,0.005366,0.01346,0.02163,0.02903,0.038832
300.0,4.152E-7,2.237E-6,1.212E-5,6.425E-5,3.227E-4,0.001346,0.004298,0.01088,0.01753,0.02356,0.031548
350.0,3.225E-7,1.761E-6,9.629E-6,5.156E-5,2.606E-4,0.001092,0.003499,0.00891,0.01437,0.01933,0.025898
400.0,2.548E-7,1.408E-6,7.751E-6,4.192E-5,2.127E-4,8.962E-4,0.00288,0.007367,0.0119,0.01602,0.021495
450.0,2.031E-7,1.135E-6,6.284E-6,3.43E-5,1.747E-4,7.396E-4,0.002385,0.006126,0.009902,0.01334,0.017888
500.0,1.64E-7,9.251E-7,5.147E-6,2.832E-5,1.448E-4,6.154E-4,0.00199,0.005132,0.008304,0.0112,0.015049
600.0,1.097E-7,6.281E-7,3.546E-6,1.969E-5,1.011E-4,4.344E-4,0.001417,0.003664,0.005957,0.00806,0.010868
700.0,7.554E-8,4.377E-7,2.501E-6,1.4E-5,7.217E-5,3.127E-4,0.001027,0.002664,0.004347,0.005898,0.0079723
800.0,5.311E-8,3.109E-7,1.795E-6,1.012E-5,5.235E-5,2.284E-4,7.55E-4,0.001963,0.003214,0.00437,0.0059187
1000.0,2.757E-8,1.64E-7,9.603E-7,5.489E-6,2.866E-5,1.259E-4,4.202E-4,0.001097,0.001804,0.002459,0.0033397
1200.0,1.495E-8,8.999E-8,5.328E-7,3.081E-6,1.62E-5,7.158E-5,2.408E-4,6.317E-4,0.001042,0.001425,0.0019409
1500.0,6.0229E-9,3.6838E-8,2.216E-7,1.3029E-6,6.8796E-6,3.0836E-5,1.0547E-4,2.7706E-4,4.5965E-4,6.3122E-4,8.634E-4
SA5P0
r\m,4.0,4.5,5.0,5.5,6.0,6.5,7.0,7.5,7.8,8.0,8.2
0.0,7.882E-4,0.0017957,0.003626,0.007306,0.01619,0.0386,0.08657,0.1544,0.2041,0.24,0.281
1.0,5.8231E-4,0.0015219,0.0033714,0.0071093,0.01601,0.0385,0.086365,0.15448,0.2042,0.2397,0.27967
5.0,9.6553E-5,3.6859E-4,0.0012868,0.0041561,0.012302,0.033882,0.080225,0.14831,0.19822,0.234,0.27452
10.0,3.2032E-5,1.3324E-4,5.3211E-4,0.0020817,0.0076961,0.025358,0.066559,0.13222,0.18173,0.2181,0.2603
15.0,1.647E-5,7.1147E-5,3.0008E-4,0.0012598,0.0051269,0.018718,0.053294,0.11351,0.16102,0.197,0.23976
20.0,1.021E-5,4.52E-5,1.973E-4,8.616E-4,0.00369,0.01426,0.04289,0.09639,0.1406,0.1749,0.21623
25.0,6.696E-6,3.018E-5,1.375E-4,6.29E-4,0.002812,0.01122,0.03516,0.08183,0.1222,0.1544,0.19384
30.0,4.876E-6,2.228E-5,1.029E-4,4.826E-4,0.002221,0.009062,0.02933,0.07023,0.1069,0.1368,0.17399
40.0,3.004E-6,1.409E-5,6.745E-5,3.244E-4,0.001537,0.006469,0.02162,0.05381,0.08368,0.1088,0.14068
50.0,2.103E-6,1.002E-5,4.896E-5,2.391E-4,0.001152,0.004938,0.01683,0.04297,0.06795,0.08945,0.11713
60.0,1.657E-6,7.963E-6,3.917E-5,1.925E-4,9.333E-4,0.00403,0.01386,0.03581,0.05715,0.07576,0.099914
70.0,1.349E-6,6.529E-6,3.232E-5,1.597E-4,7.785E-4,0.00338,0.01169,0.03047,0.04897,0.06524,0.086464
80.0,1.125E-6,5.48E-6,2.728E-5,1.355E-4,6.641E-4,0.002901,0.01011,0.02669,0.0433,0.05811,0.077587
90.0,1.022E-6,4.998E-6,2.495E-5,1.246E-4,6.123E-4,0.002679,0.009344,0.02477,0.04028,0.05414,0.072423
100.0,9.352E-7,4.591E-6,2.298E-5,1.154E-4,5.682E-4,0.002489,0.008684,0.02312,0.03765,0.05067,0.067843
110.0,8.609E-7,4.242E-6,2.128E-5,1.074E-4,5.299E-4,0.002325,0.00811,0.02166,0.03534,0.04762,0.063834
120.0,7.965E-7,3.939E-6,1.981E-5,1.004E-4,4.963E-4,0.00218,0.007605,0.02038,0.03329,0.0449,0.060283
130.0,7.371E-7,3.661E-6,1.847E-5,9.401E-5,4.656E-4,0.002048,0.00715,0.01919,0.0314,0.04239,0.056925
140.0,6.818E-7,3.404E-6,1.724E-5,8.809E-5,4.372E-4,0.001927,0.006739,0.0181,0.02967,0.04011,0.053933
150.0,6.33E-7,3.176E-6,1.615E-5,8.278E-5,4.118E-4,0.001818,0.006368,0.01711,0.0281,0.03804,0.051259
175.0,5.32E-7,2.7E-6,1.386E-5,7.158E-5,3.578E-4,0.001586,0.005576,0.015,0.02473,0.03357,0.045359
200.0,4.534E-7,2.325E-6,1.204E-5,6.26E-5,3.144E-4,0.001398,0.004932,0.01328,0.02197,0.02989,0.040462
250.0,3.312E-7,1.735E-6,9.163E-6,4.812E-5,2.455E-4,0.001099,0.003885,0.01059,0.01757,0.02396,0.032508
300.0,2.507E-7,1.336E-6,7.166E-6,3.799E-5,1.963E-4,8.837E-4,0.003128,0.008613,0.01433,0.01956,0.026578
350.0,1.943E-7,1.051E-6,5.702E-6,3.058E-5,1.592E-4,7.209E-4,0.00256,0.00709,0.01181,0.01614,0.02195
400.0,1.533E-7,8.402E-7,4.598E-6,2.494E-5,1.305E-4,5.945E-4,0.002118,0.005891,0.009823,0.01343,0.018284
450.0,1.221E-7,6.775E-7,3.735E-6,2.047E-5,1.077E-4,4.931E-4,0.001763,0.004924,0.008217,0.01124,0.015297
500.0,9.859E-8,5.528E-7,3.067E-6,1.696E-5,8.962E-5,4.122E-4,0.001478,0.004145,0.006925,0.009481,0.012919
600.0,6.608E-8,3.766E-7,2.122E-6,1.187E-5,6.311E-5,2.935E-4,0.001062,0.002988,0.005016,0.00689,0.0094186
700.0,4.562E-8,2.635E-7,1.505E-6,8.495E-6,4.538E-5,2.131E-4,7.771E-4,0.002192,0.003694,0.005088,0.0069769
800.0,3.22E-8,1.881E-7,1.086E-6,6.18E-6,3.317E-5,1.569E-4,5.76E-4,0.001629,0.002755,0.003803,0.0052266
1000.0,1.686E-8,1.002E-7,5.878E-7,3.398E-6,1.843E-5,8.782E-5,3.256E-4,9.252E-4,0.001571,0.002174,0.0029957
1200.0,9.236E-9,5.561E-8,3.301E-7,1.933E-6,1.058E-5,5.067E-5,1.894E-4,5.408E-4,9.215E-4,0.001279,0.0017675
1500.0,3.7822E-9,2.3179E-8,1.3994E-7,8.3484E-7,4.5954E-6,2.233E-5,8.494E-5,2.429E-4,4.1632E-4,5.801E-4,8.05E-4
SA7P5
r\m,4.0,4.5,5.0,5.5,6.0,6.5,7.0,7.5,7.8,8.0,8.2
0.0,3.3419E-4,7.8356E-4,0.001606,0.003098,0.00649,0.0155,0.04002,0.08482,0.1231,0.1519,0.18592
1.0,2.5181E-4,6.7149E-4,0.0014943,0.0030157,0.0064139,0.015448,0.039865,0.084798,0.12313,0.1518,0.18546
5.0,4.2575E-5,1.6337E-4,5.5385E-4,0.0017007,0.0048377,0.013565,0.037012,0.081558,0.11968,0.1482,0.18169
10.0,1.3981E-5,5.8064E-5,2.2405E-4,8.3107E-4,0.0029706,0.010138,0.030767,0.073125,0.11016,0.1385,0.17256
15.0,7.132E-6,3.0621E-5,1.2468E-4,4.9736E-4,0.0019633,0.0074934,0.024734,0.0632,0.098085,0.1255,0.15917
20.0,4.394E-6,1.926E-5,8.116E-5,3.377E-4,0.001408,0.005725,0.02001,0.05401,0.08605,0.1119,0.14424
25.0,2.85E-6,1.259E-5,5.553E-5,2.43E-4,0.00107,0.004523,0.01654,0.04618,0.07515,0.09912,0.12955
30.0,2.066E-6,9.213E-6,4.13E-5,1.855E-4,8.441E-4,0.003669,0.01389,0.03985,0.06596,0.08803,0.11644
40.0,1.266E-6,5.779E-6,2.668E-5,1.239E-4,5.832E-4,0.002635,0.01035,0.03076,0.05194,0.07034,0.094456
50.0,8.826E-7,4.098E-6,1.938E-5,9.128E-5,4.374E-4,0.00202,0.008106,0.02469,0.04233,0.05801,0.078872
60.0,6.952E-7,3.253E-6,1.55E-5,7.347E-5,3.547E-4,0.001651,0.006681,0.02059,0.03564,0.04918,0.067336
70.0,5.656E-7,2.665E-6,1.278E-5,6.093E-5,2.961E-4,0.001386,0.005643,0.01755,0.03057,0.0424,0.058361
80.0,4.715E-7,2.235E-6,1.078E-5,5.17E-5,2.528E-4,0.00119,0.004886,0.01538,0.02706,0.03781,0.052458
90.0,4.278E-7,2.037E-6,9.849E-6,4.755E-5,2.332E-4,0.0011,0.00452,0.01429,0.02519,0.03526,0.048969
100.0,3.911E-7,1.87E-6,9.06E-6,4.402E-5,2.164E-4,0.001023,0.004206,0.01335,0.02358,0.03304,0.045972
110.0,3.598E-7,1.726E-6,8.384E-6,4.097E-5,2.019E-4,9.562E-4,0.003933,0.01252,0.02215,0.03108,0.043272
120.0,3.326E-7,1.602E-6,7.795E-6,3.83E-5,1.892E-4,8.973E-4,0.003693,0.01179,0.02089,0.02934,0.040933
130.0,3.075E-7,1.487E-6,7.258E-6,3.586E-5,1.776E-4,8.44E-4,0.003476,0.01112,0.01973,0.02775,0.038761
140.0,2.841E-7,1.381E-6,6.765E-6,3.36E-5,1.669E-4,7.953E-4,0.003281,0.01051,0.01868,0.0263,0.036779
150.0,2.634E-7,1.287E-6,6.326E-6,3.158E-5,1.573E-4,7.514E-4,0.003105,0.00995,0.01772,0.02498,0.034978
175.0,2.207E-7,1.09E-6,5.41E-6,2.732E-5,1.37E-4,6.58E-4,0.002729,0.00876,0.01566,0.02214,0.031068
200.0,1.875E-7,9.365E-7,4.686E-6,2.39E-5,1.206E-4,5.823E-4,0.002422,0.007789,0.01397,0.0198,0.027867
250.0,1.358E-7,6.947E-7,3.56E-6,1.837E-5,9.463E-5,4.618E-4,0.001928,0.006278,0.0113,0.01604,0.02261
300.0,1.021E-7,5.327E-7,2.784E-6,1.453E-5,7.607E-5,3.744E-4,0.001568,0.00516,0.009313,0.01324,0.018669
350.0,7.87E-8,4.173E-7,2.216E-6,1.173E-5,6.209E-5,3.08E-4,0.001294,0.004286,0.007747,0.01103,0.015596
400.0,6.177E-8,3.325E-7,1.789E-6,9.602E-6,5.125E-5,2.561E-4,0.00108,0.003593,0.006499,0.009255,0.013083
450.0,4.902E-8,2.675E-7,1.455E-6,7.915E-6,4.257E-5,2.143E-4,9.072E-4,0.00303,0.005486,0.007817,0.011059
500.0,3.947E-8,2.181E-7,1.198E-6,6.587E-6,3.567E-5,1.806E-4,7.673E-4,0.002574,0.004664,0.006648,0.009406
600.0,2.642E-8,1.489E-7,8.331E-7,4.655E-6,2.545E-5,1.306E-4,5.609E-4,0.001888,0.003438,0.004917,0.0069796
700.0,1.828E-8,1.047E-7,5.949E-7,3.364E-6,1.854E-5,9.621E-5,4.168E-4,0.001407,0.002574,0.003692,0.0052571
800.0,1.295E-8,7.518E-8,4.33E-7,2.473E-6,1.372E-5,7.186E-5,3.136E-4,0.001062,0.00195,0.002803,0.0040014
1000.0,6.862E-9,4.068E-8,2.386E-7,1.388E-6,7.819E-6,4.135E-5,1.823E-4,6.205E-4,0.001144,0.001649,0.0023614
1200.0,3.819E-9,2.298E-8,1.366E-7,8.072E-7,4.598E-6,2.449E-5,1.089E-4,3.725E-4,6.892E-4,9.959E-4,0.0014286
1500.0,1.5984E-9,9.8443E-9,5.9741E-8,3.6109E-7,2.0775E-6,1.1248E-5,5.0958E-5,1.7462E-4,3.2506E-4,4.7151E-4,6.7917E-4
SA10P0
r\m,4.0,4.5,5.0,5.5,6.0,6.5,7.0,7.5,7.8,8.0,8.2
0.0,1.8402E-4,4.3611E-4,9.063E-4,0.001719,0.003475,0.008015,0.02161,0.05132,0.08071,0.1043,0.13339
1.0,1.403E-4,3.7648E-4,8.4495E-4,0.0016762,0.0034348,0.0079913,0.021515,0.051279,0.080717,0.1042,0.13293
5.0,2.4028E-5,9.2443E-5,3.1091E-4,9.2923E-4,0.0025516,0.0069824,0.019947,0.049369,0.078532,0.1019,0.13066
10.0,7.8382E-6,3.2532E-5,1.2408E-4,4.4687E-4,0.0015401,0.0051777,0.016557,0.044417,0.072493,0.09535,0.12397
15.0,3.978E-6,1.7021E-5,6.8377E-5,2.649E-4,0.0010084,0.0038102,0.013314,0.038547,0.064771,0.08664,0.11465
20.0,2.441E-6,1.064E-5,4.417E-5,1.786E-4,7.19E-4,0.002905,0.01079,0.03307,0.05701,0.07744,0.10407
25.0,1.574E-6,6.899E-6,2.987E-5,1.267E-4,5.429E-4,0.002289,0.008944,0.02841,0.04995,0.06873,0.093554
30.0,1.137E-6,5.013E-6,2.217E-5,9.637E-5,4.269E-4,0.001856,0.007537,0.02459,0.04393,0.06112,0.084115
40.0,6.941E-7,3.127E-6,1.415E-5,6.386E-5,2.933E-4,0.001334,0.005649,0.01907,0.0347,0.04898,0.068425
50.0,4.827E-7,2.213E-6,1.025E-5,4.693E-5,2.195E-4,0.001024,0.004443,0.01535,0.02834,0.04045,0.057152
60.0,3.802E-7,1.756E-6,8.191E-6,3.776E-5,1.781E-4,8.371E-4,0.003664,0.01281,0.02388,0.03432,0.048838
70.0,3.093E-7,1.438E-6,6.751E-6,3.13E-5,1.487E-4,7.031E-4,0.003097,0.01092,0.02049,0.0296,0.042337
80.0,2.578E-7,1.206E-6,5.694E-6,2.655E-5,1.27E-4,6.043E-4,0.002684,0.009583,0.01815,0.02641,0.038059
90.0,2.338E-7,1.098E-6,5.195E-6,2.439E-5,1.171E-4,5.586E-4,0.002485,0.008908,0.01691,0.02465,0.035606
100.0,2.136E-7,1.007E-6,4.775E-6,2.256E-5,1.086E-4,5.196E-4,0.002314,0.008325,0.01583,0.02311,0.033411
110.0,1.964E-7,9.297E-7,4.415E-6,2.099E-5,1.014E-4,4.857E-4,0.002166,0.007814,0.01488,0.02175,0.031476
120.0,1.815E-7,8.623E-7,4.102E-6,1.961E-5,9.497E-5,4.559E-4,0.002035,0.007361,0.01404,0.02054,0.029774
130.0,1.677E-7,8.0E-7,3.816E-6,1.835E-5,8.913E-5,4.29E-4,0.001918,0.00695,0.01328,0.01945,0.028246
140.0,1.549E-7,7.421E-7,3.553E-6,1.719E-5,8.377E-5,4.046E-4,0.001811,0.006574,0.01258,0.01845,0.026794
150.0,1.435E-7,6.907E-7,3.318E-6,1.614E-5,7.894E-5,3.826E-4,0.001715,0.006234,0.01195,0.01754,0.02549
175.0,1.2E-7,5.841E-7,2.83E-6,1.395E-5,6.874E-5,3.357E-4,0.00151,0.005505,0.01059,0.01559,0.022735
200.0,1.018E-7,5.006E-7,2.445E-6,1.22E-5,6.053E-5,2.976E-4,0.001343,0.00491,0.009476,0.01398,0.020446
250.0,7.333E-8,3.695E-7,1.849E-6,9.348E-6,4.751E-5,2.369E-4,0.001076,0.003984,0.007721,0.01142,0.016741
300.0,5.483E-8,2.821E-7,1.443E-6,7.38E-6,3.824E-5,1.929E-4,8.807E-4,0.003296,0.006408,0.009491,0.013927
350.0,4.204E-8,2.2E-7,1.146E-6,5.957E-6,3.128E-5,1.595E-4,7.315E-4,0.002756,0.005364,0.007952,0.011681
400.0,3.284E-8,1.745E-7,9.235E-7,4.88E-6,2.589E-5,1.333E-4,6.141E-4,0.002324,0.004527,0.006714,0.0098646
450.0,2.595E-8,1.398E-7,7.506E-7,4.027E-6,2.158E-5,1.121E-4,5.188E-4,0.001972,0.003845,0.005707,0.008393
500.0,2.082E-8,1.137E-7,6.175E-7,3.357E-6,1.814E-5,9.494E-5,4.414E-4,0.001685,0.003289,0.004883,0.0071831
600.0,1.387E-8,7.742E-8,4.297E-7,2.382E-6,1.305E-5,6.932E-5,3.264E-4,0.001251,0.002455,0.003657,0.0053981
700.0,9.581E-9,5.444E-8,3.075E-7,1.73E-6,9.576E-6,5.156E-5,2.452E-4,9.43E-4,0.001859,0.002778,0.0041132
800.0,6.791E-9,3.918E-8,2.247E-7,1.279E-6,7.139E-6,3.888E-5,1.864E-4,7.193E-4,0.001423,0.002132,0.0031644
1000.0,3.613E-9,2.135E-8,1.25E-7,7.269E-7,4.131E-6,2.279E-5,1.104E-4,4.288E-4,8.519E-4,0.001279,0.0019013
1200.0,2.027E-9,1.219E-8,7.243E-8,4.282E-7,2.468E-6,1.374E-5,6.718E-5,2.623E-4,5.229E-4,7.872E-4,0.001174
1500.0,8.5397E-10,5.2845E-9,3.2232E-8,1.9575E-7,1.1444E-6,6.4949E-6,3.238E-5,1.2673E-4,2.5418E-4,3.8422E-4,5.7523E-4
