PGA
r\m,4.0,4.5,5.0,5.5,6.0,6.5,7.0,7.5,7.8,8.0,8.2
0.0,0.87727,1.0483,1.218,1.4025,1.529,1.6785,1.8261,1.973,2.0425,2.0862,2.0878
1.0,0.6159,0.77363,0.92074,1.0668,1.1705,1.3015,1.4555,1.6203,1.6828,1.72,1.7287
5.0,0.17081,0.27932,0.41884,0.58073,0.72166,0.87732,1.0564,1.2459,1.3196,1.3624,1.3901
10.0,0.064118,0.11184,0.18362,0.28666,0.4159,0.58318,0.77652,0.99331,1.1083,1.1774,1.2407
15.0,0.032346,0.058295,0.10013,0.16709,0.26143,0.40035,0.57532,0.78481,0.91067,0.98908,1.0683
20.0,0.019384,0.035391,0.062733,0.10787,0.17598,0.28307,0.42718,0.61097,0.73689,0.82359,0.90501
25.0,0.012597,0.023495,0.042164,0.073529,0.12262,0.20296,0.32047,0.48422,0.60193,0.68954,0.78491
30.0,0.0090359,0.016935,0.030562,0.053869,0.090617,0.15291,0.25031,0.39132,0.50253,0.58505,0.67684
40.0,0.0053267,0.010121,0.01857,0.033241,0.05606,0.096096,0.16515,0.27409,0.3586,0.42296,0.49618
50.0,0.003448,0.0066629,0.012458,0.022665,0.038618,0.067558,0.11986,0.20807,0.27983,0.33689,0.40337
60.0,0.002788,0.0054215,0.010149,0.018405,0.031718,0.056399,0.10149,0.17872,0.24177,0.29216,0.35113
70.0,0.0023106,0.0044892,0.0084235,0.015367,0.026682,0.047657,0.08623,0.1551,0.21094,0.2559,0.30882
80.0,0.001924,0.0037808,0.0071623,0.01311,0.022865,0.040983,0.075387,0.13668,0.18672,0.22735,0.27538
90.0,0.0016565,0.0032826,0.0062482,0.011484,0.020111,0.03644,0.067393,0.1228,0.16822,0.20508,0.2487
100.0,0.0014396,0.0028783,0.0055101,0.010159,0.017992,0.032668,0.060625,0.1111,0.15244,0.1862,0.22626
110.0,0.0012643,0.0025483,0.0049022,0.0090739,0.016102,0.029422,0.054667,0.099614,0.13697,0.16784,0.20462
120.0,0.0011146,0.0022717,0.0044016,0.0081579,0.014582,0.026657,0.04924,0.089909,0.1241,0.15219,0.18571
130.0,9.8154E-4,0.0020151,0.0039247,0.0073038,0.013075,0.023895,0.044205,0.081224,0.11225,0.13777,0.16825
140.0,8.6574E-4,0.001793,0.0035207,0.0065623,0.011748,0.021498,0.04,0.073618,0.10192,0.12526,0.1532
150.0,7.6765E-4,0.0015998,0.0031593,0.0059006,0.010578,0.019505,0.036343,0.066794,0.092739,0.11451,0.14073
175.0,5.7349E-4,0.0012162,0.0024442,0.004607,0.0083554,0.015509,0.028922,0.053408,0.075023,0.093259,0.11538
200.0,4.3603E-4,9.4421E-4,0.0019331,0.0036699,0.0066466,0.012302,0.023276,0.043589,0.061478,0.076527,0.094835
250.0,2.6338E-4,5.8881E-4,0.00123,0.0023699,0.0043579,0.0082205,0.0159,0.030718,0.043995,0.055192,0.068919
300.0,1.6987E-4,3.8949E-4,8.2808E-4,0.0016207,0.00304,0.0058044,0.011547,0.02266,0.032569,0.041052,0.051668
350.0,1.1259E-4,2.6467E-4,5.7432E-4,0.0011517,0.0021945,0.0042389,0.0085238,0.017184,0.024864,0.031667,0.040153
400.0,7.6497E-5,1.8601E-4,4.1503E-4,8.4381E-4,0.0016289,0.003189,0.0065783,0.01337,0.019593,0.02501,0.031774
450.0,5.166E-5,1.2785E-4,2.9001E-4,6.075E-4,0.0012028,0.0024183,0.0050695,0.010588,0.015509,0.019609,0.024678
500.0,3.604E-5,9.0645E-5,2.0854E-4,4.4851E-4,9.1277E-4,0.0018702,0.0040342,0.0085189,0.012353,0.015651,0.019733
600.0,1.7851E-5,4.64E-5,1.1042E-4,2.4991E-4,5.3944E-4,0.0011667,0.0025652,0.005464,0.0081745,0.010551,0.013549
700.0,9.2987E-6,2.562E-5,6.408E-5,1.5449E-4,3.4339E-4,7.6206E-4,0.001734,0.0037997,0.0057076,0.0073903,0.0095106
800.0,5.3115E-6,1.5031E-5,3.8689E-5,9.673E-5,2.2736E-4,5.307E-4,0.0012363,0.0027379,0.0041187,0.0053166,0.0068806
1000.0,1.8684E-6,5.6642E-6,1.5614E-5,4.2285E-5,1.0561E-4,2.6243E-4,6.3152E-4,0.0014278,0.002168,0.0028206,0.0036357
1200.0,6.7361E-7,2.1203E-6,6.2112E-6,1.7769E-5,4.7462E-5,1.2483E-4,3.1863E-4,7.598E-4,0.0011798,0.0015532,0.0020215
1500.0,1.4047E-7,4.9874E-7,1.6163E-6,5.2531E-6,1.5394E-5,4.4033E-5,1.2054E-4,2.9944E-4,4.7677E-4,6.3887E-4,8.4418E-4
PGV
r\m,4.0,4.5,5.0,5.5,6.0,6.5,7.0,7.5,7.8,8.0,8.2
0.0,7.3193,12.203,18.451,24.114,29.281,33.952,41.712,52.204,59.793,65.486,71.491
1.0,5.5861,10.066,16.029,21.647,26.701,31.177,38.29,48.302,55.583,60.915,66.374
5.0,1.4544,3.3164,6.7517,11.789,17.708,23.538,30.851,40.529,47.427,52.455,57.644
10.0,0.5881,1.4179,3.1138,6.0872,10.564,16.189,23.315,32.619,39.481,44.604,50.153
15.0,0.32629,0.80713,1.8342,3.7679,7.0243,11.702,18.039,26.457,33.033,38.019,43.59
20.0,0.20943,0.52925,1.2359,2.6176,5.0794,8.8488,14.265,21.877,28.044,32.794,38.099
25.0,0.14474,0.37186,0.88418,1.915,3.8089,6.8554,11.506,18.38,24.075,28.574,33.739
30.0,0.10818,0.28099,0.67739,1.4874,3.0016,5.5174,9.5504,15.683,20.971,25.201,30.127
40.0,0.068981,0.18289,0.44997,1.0098,2.0858,3.9228,7.0158,12.033,16.435,20.04,24.358
50.0,0.048823,0.13163,0.32896,0.75041,1.5774,3.0119,5.5161,9.7913,13.606,16.798,20.641
60.0,0.03953,0.10787,0.2726,0.6284,1.3338,2.5705,4.7553,8.5326,11.964,14.87,18.395
70.0,0.032971,0.090918,0.23199,0.53969,1.1546,2.2454,4.1899,7.6132,10.763,13.447,16.726
80.0,0.028607,0.079658,0.20509,0.48087,1.0369,2.0292,3.8186,6.9861,9.9139,12.422,15.495
90.0,0.025274,0.071,0.1842,0.43519,0.94371,1.8603,3.5155,6.4777,9.2125,11.555,14.428
100.0,0.022565,0.06392,0.16701,0.39733,0.86747,1.7189,3.2622,6.0447,8.6085,10.813,13.52
110.0,0.020337,0.05805,0.15271,0.36607,0.80317,1.603,3.0535,5.6775,8.0991,10.187,12.758
120.0,0.018436,0.053075,0.14063,0.33928,0.74948,1.5023,2.8659,5.3562,7.6537,9.6351,12.075
130.0,0.01678,0.048659,0.12973,0.31511,0.69897,1.4045,2.6884,5.0471,7.2227,9.1049,11.426
140.0,0.015281,0.044676,0.11995,0.29295,0.65091,1.3134,2.5236,4.7573,6.8222,8.6106,10.818
150.0,0.013958,0.041081,0.11091,0.27259,0.6079,1.2347,2.3808,4.5043,6.4724,8.183,10.302
175.0,0.011138,0.033328,0.091311,0.22723,0.51238,1.0516,2.0428,3.9001,5.6255,7.1252,8.9857
200.0,0.0090875,0.0276,0.076538,0.19249,0.438,0.90756,1.7749,3.415,4.9406,6.2718,7.9288
250.0,0.0062817,0.019506,0.055281,0.14109,0.32777,0.69151,1.372,2.6823,3.949,5.0608,6.4537
300.0,0.0045748,0.014476,0.04177,0.10815,0.25614,0.54793,1.1069,2.1931,3.2457,4.1845,5.3715
350.0,0.0034466,0.011105,0.032623,0.086178,0.20658,0.44734,0.91501,1.8331,2.7356,3.5508,4.5893
400.0,0.002649,0.008739,0.026248,0.070214,0.17041,0.37244,0.77168,1.5588,2.3463,3.0591,3.9714
450.0,0.0020697,0.006913,0.021001,0.056791,0.13958,0.31006,0.65191,1.3323,2.0201,2.6514,3.4654
500.0,0.0016439,0.0055585,0.017073,0.046664,0.1164,0.2616,0.55727,1.1514,1.7612,2.321,3.0465
600.0,0.001078,0.0037422,0.011732,0.032801,0.083824,0.19289,0.42013,0.88737,1.3675,1.811,2.3895
700.0,7.3646E-4,0.0026187,0.0083723,0.0239,0.06213,0.14532,0.32303,0.69631,1.0858,1.4491,1.9275
800.0,5.1753E-4,0.0018827,0.0061365,0.017876,0.047419,0.11309,0.25535,0.55909,0.87853,1.1784,1.5754
1000.0,2.7581E-4,0.0010417,0.0035161,0.010599,0.029128,0.071734,0.16782,0.38092,0.61033,0.82873,1.1213
1200.0,1.5226E-4,5.984E-4,0.0021015,0.0065811,0.018637,0.047058,0.11286,0.26241,0.42637,0.58418,0.79843
1500.0,6.4871E-5,2.7048E-4,0.0010045,0.0033289,0.0098933,0.025993,0.064783,0.15616,0.25926,0.36012,0.49928
SA0P01
r\m,4.0,4.5,5.0,5.5,6.0,6.5,7.0,7.5,7.8,8.0,8.2
0.0,0.90135,1.0775,1.2511,1.4411,1.573,1.7288,1.8812,2.0332,2.1047,2.1496,2.1484
1.0,0.63216,0.79427,0.94505,1.0957,1.2042,1.3412,1.5006,1.6711,1.736,1.7745,1.7816
5.0,0.17656,0.28765,0.43032,0.59637,0.74153,0.90227,1.0872,1.2831,1.3597,1.4043,1.4323
10.0,0.066592,0.11561,0.18915,0.29486,0.42734,0.59865,0.79759,1.0212,1.1399,1.2113,1.2763
15.0,0.033684,0.060399,0.10334,0.17209,0.26879,0.41098,0.59065,0.80628,0.93606,1.017,1.0984
20.0,0.020234,0.036742,0.064826,0.11121,0.18108,0.29075,0.43873,0.62775,0.75741,0.8467,0.93034
25.0,0.013188,0.024442,0.043635,0.075884,0.12627,0.20864,0.32932,0.49785,0.61899,0.70901,0.80674
30.0,0.0094738,0.017642,0.031666,0.055646,0.093392,0.15733,0.25742,0.40262,0.51698,0.60178,0.69586
40.0,0.0055944,0.01056,0.019265,0.03438,0.057861,0.099024,0.17007,0.28225,0.36924,0.43543,0.51055
50.0,0.0036278,0.0069615,0.012937,0.023463,0.039897,0.069675,0.12356,0.21445,0.28837,0.34708,0.41531
60.0,0.0029351,0.005668,0.010547,0.019074,0.032804,0.058234,0.10472,0.18438,0.24943,0.30137,0.36199
70.0,0.002434,0.0046972,0.0087627,0.015939,0.027621,0.049266,0.089096,0.16017,0.21784,0.2642,0.31864
80.0,0.0020267,0.003955,0.0074481,0.013595,0.023671,0.042375,0.0779,0.14118,0.19287,0.23479,0.28422
90.0,0.001744,0.0034319,0.0064948,0.011903,0.020812,0.037663,0.069617,0.12682,0.17374,0.21179,0.25671
100.0,0.001515,0.0030074,0.0057245,0.010525,0.018609,0.03375,0.062604,0.1147,0.15742,0.19226,0.23353
110.0,0.0013294,0.0026604,0.0050894,0.0093948,0.016643,0.030371,0.056408,0.1028,0.14137,0.17322,0.21109
120.0,0.001171,0.0023697,0.0045669,0.0084412,0.015059,0.027495,0.050782,0.092739,0.12802,0.15699,0.19148
130.0,0.0010306,0.0021007,0.0040697,0.0075522,0.013494,0.024634,0.045566,0.08373,0.11573,0.14203,0.17337
140.0,9.0862E-4,0.001868,0.0036481,0.006781,0.012118,0.022152,0.041207,0.075848,0.10501,0.12905,0.15777
150.0,8.0528E-4,0.001666,0.0032719,0.0060944,0.010906,0.020084,0.037414,0.068779,0.095506,0.11792,0.14486
175.0,6.0075E-4,0.0012646,0.0025271,0.0047497,0.0085972,0.015936,0.029717,0.054895,0.077116,0.095847,0.11852
200.0,4.5615E-4,9.8013E-4,0.0019948,0.0037761,0.0068272,0.012622,0.023877,0.044724,0.063087,0.078524,0.097271
250.0,2.7427E-4,6.0844E-4,0.0012642,0.0024296,0.0044603,0.0084046,0.016253,0.0314,0.044952,0.056375,0.070356
300.0,1.7605E-4,4.0079E-4,8.4804E-4,0.001656,0.0031017,0.0059162,0.011767,0.023088,0.033169,0.04179,0.052566
350.0,1.1621E-4,2.7138E-4,5.8638E-4,0.0011733,0.0022326,0.0043084,0.0086616,0.017458,0.02525,0.032145,0.040735
400.0,7.8663E-5,1.9012E-4,4.2256E-4,8.5745E-4,0.0016532,0.0032336,0.0066682,0.01355,0.01985,0.025329,0.032162
450.0,5.2896E-5,1.3024E-4,2.945E-4,6.1591E-4,0.0012182,0.0024472,0.0051287,0.010709,0.015682,0.019826,0.024942
500.0,3.677E-5,9.2079E-5,2.1129E-4,4.5386E-4,9.2284E-4,0.0018894,0.0040742,0.0086014,0.012472,0.015801,0.019916
600.0,1.8081E-5,4.6885E-5,1.114E-4,2.5195E-4,5.4355E-4,0.0011749,0.0025828,0.0055012,0.008229,0.010619,0.013634
700.0,9.3885E-6,2.5814E-5,6.4503E-5,1.5543E-4,3.4537E-4,7.6605E-4,0.0017428,0.0038189,0.0057356,0.0074256,0.0095536
800.0,5.3471E-6,1.5114E-5,3.8876E-5,9.7167E-5,2.283E-4,5.3264E-4,0.0012407,0.0027476,0.0041328,0.0053347,0.0069027
1000.0,1.8748E-6,5.6799E-6,1.5652E-5,4.2381E-5,1.0583E-4,2.629E-4,6.3261E-4,0.0014303,0.0021715,0.0028252,0.0036416
1200.0,6.7472E-7,2.1232E-6,6.2186E-6,1.7788E-5,4.7507E-5,1.2492E-4,3.1882E-4,7.6023E-4,0.0011804,0.0015541,0.0020225
1500.0,1.4052E-7,4.9881E-7,1.6164E-6,5.2529E-6,1.5391E-5,4.4017E-5,1.2048E-4,2.993E-4,4.7654E-4,6.3858E-4,8.4369E-4
SA0P02
r\m,4.0,4.5,5.0,5.5,6.0,6.5,7.0,7.5,7.8,8.0,8.2
0.0,1.1358,1.3864,1.6169,1.8769,2.0804,2.3153,2.5321,2.7493,2.8483,2.9078,2.8756
1.0,0.7922,1.0162,1.2195,1.4292,1.6025,1.8151,2.0445,2.2878,2.3845,2.4407,2.4303
5.0,0.23382,0.37729,0.55997,0.77911,0.97944,1.2053,1.4637,1.7405,1.8564,1.9242,1.9567
10.0,0.091786,0.15695,0.25258,0.39197,0.56554,0.78717,1.0559,1.3649,1.5296,1.629,1.7169
15.0,0.047639,0.083955,0.14073,0.23199,0.3585,0.5413,0.77935,1.0709,1.2497,1.3619,1.4713
20.0,0.029255,0.052117,0.089606,0.15166,0.24388,0.38571,0.58188,0.83588,1.0122,1.1336,1.2452
25.0,0.019563,0.03537,0.061271,0.10481,0.1718,0.27962,0.44001,0.66816,0.83193,0.95157,1.0781
30.0,0.014253,0.025881,0.045048,0.077685,0.12829,0.21298,0.34708,0.54481,0.69817,0.81096,0.933
40.0,0.0085669,0.015751,0.027804,0.048696,0.080868,0.13653,0.23295,0.38588,0.50391,0.59289,0.69152
50.0,0.0056616,0.010549,0.018905,0.033602,0.056401,0.097049,0.1712,0.29606,0.39715,0.47649,0.56647
60.0,0.0046111,0.0086477,0.015542,0.027623,0.046908,0.082073,0.14664,0.25707,0.34733,0.41875,0.50021
70.0,0.0038514,0.0072331,0.013045,0.023311,0.039903,0.070328,0.12648,0.22577,0.30667,0.37086,0.44444
80.0,0.0032235,0.0061022,0.01109,0.019901,0.034298,0.060742,0.11091,0.19978,0.27252,0.33088,0.3981
90.0,0.0027751,0.0052874,0.0096597,0.017393,0.030106,0.053893,0.098966,0.17937,0.24561,0.29892,0.3605
100.0,0.0024112,0.0046243,0.0084943,0.01534,0.026822,0.048173,0.088837,0.16201,0.2225,0.27143,0.32816
110.0,0.002111,0.0040737,0.0075215,0.013643,0.023892,0.043088,0.079586,0.14484,0.19934,0.24382,0.29558
120.0,0.001854,0.0036124,0.0067255,0.01221,0.021474,0.038769,0.071402,0.13025,0.17983,0.22018,0.26722
130.0,0.0016301,0.003194,0.0059751,0.010873,0.019148,0.034615,0.06385,0.1171,0.16189,0.19832,0.24085
140.0,0.0014371,0.0028337,0.0053324,0.009719,0.017139,0.031014,0.057482,0.10564,0.14624,0.1794,0.2182
150.0,0.0012721,0.0025209,0.0047656,0.0087094,0.015377,0.027965,0.051911,0.0954,0.13245,0.16328,0.19959
175.0,9.4408E-4,0.0018974,0.003637,0.0066888,0.011911,0.021778,0.040531,0.074942,0.10519,0.13043,0.16035
200.0,7.1317E-4,0.001455,0.0028272,0.0052281,0.0093171,0.017018,0.032088,0.060084,0.084761,0.10534,0.12984
250.0,4.1615E-4,8.7164E-4,0.0017306,0.0032533,0.0058835,0.010955,0.0211,0.04064,0.057834,0.072226,0.089498
300.0,2.5776E-4,5.5384E-4,0.0011225,0.0021463,0.0039622,0.0074687,0.014785,0.02889,0.041221,0.051628,0.064461
350.0,1.6471E-4,3.6315E-4,7.5323E-4,0.0014741,0.0027645,0.005271,0.010548,0.021142,0.030381,0.038467,0.048343
400.0,1.0804E-4,2.467E-4,5.2687E-4,0.0010469,0.001991,0.0038474,0.0078863,0.015945,0.023222,0.02948,0.037145
450.0,6.9776E-5,1.6322E-4,3.5657E-4,7.3239E-4,0.0014317,0.0028406,0.0059185,0.012286,0.01791,0.022595,0.028294
500.0,4.6765E-5,1.1181E-4,2.491E-4,5.2726E-4,0.0010601,0.0021454,0.0045971,0.0096511,0.013975,0.017671,0.022178
600.0,2.1181E-5,5.336E-5,1.2429E-4,2.7846E-4,5.9605E-4,0.0012759,0.0027941,0.0059342,0.0088495,0.011386,0.014561
700.0,1.0576E-5,2.8273E-5,6.9702E-5,1.667E-4,3.6846E-4,8.0979E-4,0.0018354,0.0040126,0.006009,0.0077588,0.0099373
800.0,5.7807E-6,1.6062E-5,4.0892E-5,1.017E-4,2.3746E-4,5.486E-4,0.0012738,0.0028167,0.0042282,0.0054539,0.0070297
1000.0,1.9267E-6,5.7707E-6,1.5803E-5,4.2671E-5,1.0621E-4,2.6191E-4,6.289E-4,0.0014207,0.0021529,0.002802,0.003607
1200.0,6.7172E-7,2.1031E-6,6.1389E-6,1.7523E-5,4.6641E-5,1.2186E-4,3.1007E-4,7.3848E-4,0.0011457,0.0015081,0.0019612
1500.0,1.3651E-7,4.8173E-7,1.5577E-6,5.0482E-6,1.4755E-5,4.1934E-5,1.144E-4,2.8405E-4,4.5209E-4,6.0646E-4,7.9858E-4
SA0P025
r\m,4.0,4.5,5.0,5.5,6.0,6.5,7.0,7.5,7.8,8.0,8.2
0.0,1.1831,1.4684,1.7256,2.0134,2.2474,2.5148,2.7592,3.0039,3.1149,3.1808,3.1378
1.0,0.82537,1.077,1.3046,1.5391,1.7407,1.9853,2.244,2.5169,2.628,2.6922,2.6755
5.0,0.24698,0.40244,0.60054,0.84066,1.0642,1.3169,1.6048,1.9141,2.0471,2.1252,2.16
10.0,0.098157,0.16937,0.27345,0.42591,0.61563,0.85641,1.1522,1.4946,1.6776,1.7882,1.8855
15.0,0.051444,0.091441,0.1536,0.2536,0.39172,0.58979,0.85017,1.1708,1.3688,1.4935,1.614
20.0,0.031846,0.057219,0.098412,0.16665,0.26769,0.42176,0.6365,0.91553,1.1098,1.2437,1.3662
25.0,0.02148,0.039117,0.067734,0.11583,0.18952,0.30723,0.48308,0.73445,0.91463,1.0454,1.1825
30.0,0.015727,0.028771,0.050067,0.086253,0.14215,0.23506,0.38261,0.60102,0.76924,0.89256,1.0249
40.0,0.0095217,0.017636,0.031105,0.054427,0.090302,0.15193,0.25859,0.42768,0.55784,0.65562,0.76317
50.0,0.0063424,0.011892,0.021271,0.03775,0.063313,0.10851,0.19101,0.32952,0.44139,0.52881,0.62711
60.0,0.0051804,0.009778,0.017548,0.031173,0.052894,0.092168,0.16424,0.28715,0.38756,0.46672,0.55632
70.0,0.0043421,0.0082116,0.014793,0.02642,0.045191,0.07939,0.14245,0.2533,0.3437,0.41508,0.49627
80.0,0.0036491,0.0069474,0.012601,0.022599,0.038942,0.068764,0.12519,0.22468,0.30615,0.37122,0.44562
90.0,0.0031495,0.0060285,0.010989,0.019768,0.034206,0.061042,0.11176,0.20188,0.27621,0.33584,0.40424
100.0,0.002743,0.0052787,0.0096701,0.017442,0.03047,0.054573,0.10035,0.18242,0.25043,0.30525,0.36836
110.0,0.0024052,0.0046522,0.0085633,0.015514,0.027136,0.048763,0.08982,0.16312,0.2244,0.27419,0.33171
120.0,0.002115,0.0041262,0.0076579,0.013881,0.024358,0.043825,0.080566,0.14668,0.20237,0.24754,0.2998
130.0,0.0018629,0.0036514,0.0068061,0.012357,0.021708,0.039124,0.072032,0.13181,0.18209,0.22284,0.27005
140.0,0.0016457,0.0032423,0.0060724,0.01104,0.019427,0.035041,0.064803,0.11884,0.16438,0.20144,0.24449
150.0,0.0014586,0.0028858,0.0054263,0.0098926,0.017426,0.031559,0.058456,0.10724,0.14877,0.18321,0.22348
175.0,0.0010849,0.0021725,0.004134,0.0075736,0.013437,0.024449,0.045429,0.0839,0.11764,0.14565,0.17862
200.0,8.212E-4,0.0016645,0.003203,0.0058941,0.01047,0.019042,0.035823,0.066962,0.09439,0.11718,0.14411
250.0,4.776E-4,9.8968E-4,0.0019432,0.0036335,0.0065444,0.012128,0.023297,0.044743,0.063467,0.079089,0.097683
300.0,2.9377E-4,6.2301E-4,0.0012479,0.0023724,0.0043602,0.0081786,0.016139,0.031431,0.044682,0.055795,0.069417
350.0,1.8642E-4,4.0488E-4,8.2948E-4,0.0016118,0.0030079,0.0057047,0.01138,0.022715,0.032524,0.041061,0.051392
400.0,1.2134E-4,2.7245E-4,5.7414E-4,0.0011327,0.0021432,0.0041181,0.0084074,0.016933,0.024577,0.031113,0.039048
450.0,7.7402E-5,1.781E-4,3.8434E-4,7.8423E-4,0.001526,0.0030093,0.0062452,0.012908,0.018764,0.023641,0.02953
500.0,5.1247E-5,1.2058E-4,2.6569E-4,5.5922E-4,0.0011191,0.0022512,0.0048026,0.01004,0.014522,0.018339,0.022962
600.0,2.2489E-5,5.6028E-5,1.2942E-4,2.8881E-4,6.1584E-4,0.0013109,0.0028621,0.0060622,0.0090204,0.011584,0.014779
700.0,1.1056E-5,2.9185E-5,7.1514E-5,1.7041E-4,3.7562E-4,8.2095E-4,0.001855,0.0040458,0.0060459,0.0077926,0.0099531
800.0,5.9281E-6,1.634E-5,4.1393E-5,1.0268E-4,2.3887E-4,5.484E-4,0.0012699,0.0028028,0.0042007,0.005415,0.0069624
1000.0,1.9259E-6,5.7321E-6,1.5643E-5,4.2164E-5,1.0472E-4,2.5689E-4,6.1557E-4,0.0013888,0.0021016,0.0027354,0.0035182
1200.0,6.5975E-7,2.0598E-6,6.0E-6,1.71E-5,4.5399E-5,1.1803E-4,2.995E-4,7.1227E-4,0.0011041,0.001453,0.0018885
1500.0,1.3222E-7,4.646E-7,1.4999E-6,4.8493E-6,1.4142E-5,3.9982E-5,1.0874E-4,2.6976E-4,4.2913E-4,5.761E-4,7.5655E-4
SA0P03
r\m,4.0,4.5,5.0,5.5,6.0,6.5,7.0,7.5,7.8,8.0,8.2
0.0,1.1864,1.499,1.778,2.0855,2.3425,2.6336,2.8992,3.1645,3.285,3.3561,3.3068
1.0,0.82878,1.1018,1.3491,1.6021,1.8256,2.0941,2.3747,2.6693,2.7921,2.8626,2.8423
5.0,0.24992,0.41313,0.62196,0.87714,1.1182,1.3908,1.7002,2.0328,2.1793,2.2653,2.3025
10.0,0.1002,0.17539,0.28528,0.44696,0.64828,0.90242,1.2174,1.5832,1.7792,1.8981,2.0024
15.0,0.052935,0.095418,0.16135,0.26752,0.41392,0.62252,0.89844,1.2393,1.4508,1.5845,1.7131
20.0,0.03298,0.060102,0.10393,0.17659,0.28401,0.44662,0.67442,0.97094,1.1778,1.3203,1.4508
25.0,0.022393,0.041328,0.071932,0.12338,0.20201,0.32676,0.51358,0.78136,0.97299,1.1113,1.2555
30.0,0.016458,0.030525,0.05341,0.092241,0.15211,0.25099,0.40823,0.6414,0.81988,0.95037,1.0895
40.0,0.010026,0.018827,0.033376,0.058549,0.097294,0.1634,0.27759,0.4583,0.59706,0.701,0.81472
50.0,0.0067239,0.012772,0.022941,0.040798,0.068537,0.11719,0.20594,0.35441,0.47403,0.56717,0.67129
60.0,0.0055058,0.010529,0.018982,0.033816,0.057468,0.099891,0.17762,0.30969,0.41747,0.50221,0.5976
70.0,0.0046296,0.0088734,0.016063,0.028768,0.049283,0.086417,0.15476,0.27417,0.37158,0.44822,0.53492
80.0,0.0039075,0.0075321,0.013717,0.024668,0.042586,0.075073,0.13633,0.24379,0.33178,0.40183,0.48149
90.0,0.003383,0.0065499,0.011985,0.021609,0.037456,0.066714,0.12181,0.2193,0.29973,0.36411,0.43757
100.0,0.0029549,0.0057462,0.010561,0.019089,0.033385,0.05969,0.10948,0.19834,0.27206,0.33134,0.39925
110.0,0.002597,0.0050709,0.009361,0.016991,0.029748,0.053333,0.097986,0.1775,0.244,0.29782,0.35967
120.0,0.0022885,0.0045026,0.0083785,0.015212,0.026696,0.047924,0.087933,0.15971,0.22012,0.26898,0.32522
130.0,0.0020208,0.003991,0.0074551,0.013549,0.023798,0.042805,0.078659,0.14354,0.19812,0.24219,0.29299
140.0,0.0017897,0.0035493,0.0066554,0.012109,0.021308,0.038351,0.070768,0.12945,0.17885,0.21895,0.26526
150.0,0.0015891,0.0031625,0.0059504,0.010857,0.019121,0.034527,0.063814,0.11681,0.16186,0.19912,0.24244
175.0,0.0011865,0.0023856,0.0045343,0.0083027,0.01471,0.026671,0.049471,0.091193,0.12769,0.15788,0.1932
200.0,9.0133E-4,0.0018298,0.0035093,0.0064479,0.01144,0.020741,0.038929,0.072596,0.10222,0.12675,0.15558
250.0,5.249E-4,0.001085,0.0021194,0.0039542,0.0071077,0.013124,0.025138,0.048115,0.068037,0.084613,0.10421
300.0,3.2223E-4,6.7977E-4,0.0013531,0.0025648,0.0047015,0.0087836,0.017274,0.033517,0.047481,0.059128,0.073331
350.0,2.0397E-4,4.3961E-4,8.9405E-4,0.0017296,0.0032171,0.0060745,0.012077,0.023997,0.034239,0.043107,0.053754
400.0,1.3229E-4,2.9409E-4,6.1432E-4,0.0012061,0.002274,0.0043482,0.0088396,0.017728,0.025642,0.032374,0.040484
450.0,8.3734E-5,1.9066E-4,4.0799E-4,8.2868E-4,0.001607,0.0031519,0.0065134,0.013398,0.019421,0.024434,0.03045
500.0,5.4988E-5,1.2799E-4,2.798E-4,5.8658E-4,0.0011694,0.0023398,0.004968,0.010338,0.014931,0.018832,0.023525
600.0,2.3569E-5,5.8248E-5,1.3371E-4,2.9747E-4,6.3219E-4,0.0013384,0.0029119,0.0061475,0.0091254,0.011695,0.014887
700.0,1.1454E-5,2.9928E-5,7.2985E-5,1.7337E-4,3.8118E-4,8.2853E-4,0.0018654,0.0040563,0.0060474,0.0077801,0.0099097
800.0,6.0444E-6,1.6551E-5,4.1757E-5,1.0334E-4,2.3954E-4,5.4644E-4,0.0012611,0.0027766,0.004154,0.0053508,0.0068625
1000.0,1.9208E-6,5.6848E-6,1.5465E-5,4.1607E-5,1.031E-4,2.5148E-4,6.0104E-4,0.0013536,0.0020448,0.0026613,0.0034195
1200.0,6.4779E-7,2.0172E-6,5.8641E-6,1.6684E-5,4.4167E-5,1.1418E-4,2.8877E-4,6.8532E-4,0.0010612,0.001396,0.0018131
1500.0,1.2823E-7,4.4855E-7,1.4454E-6,4.6597E-6,1.3552E-5,3.8076E-5,1.0315E-4,2.5554E-4,4.0621E-4,5.4571E-4,7.1447E-4
SA0P04
r\m,4.0,4.5,5.0,5.5,6.0,6.5,7.0,7.5,7.8,8.0,8.2
0.0,1.1166,1.4619,1.7697,2.0972,2.3801,2.6961,2.987,3.276,3.4088,3.4868,3.4363
1.0,0.78355,1.0815,1.3548,1.629,1.8788,2.1738,2.4794,2.7975,2.9354,3.0142,2.9935
5.0,0.23728,0.4061,0.62535,0.8965,1.1584,1.4533,1.786,2.1431,2.306,2.4019,2.4434
10.0,0.096153,0.17433,0.2897,0.46077,0.67467,0.94247,1.2769,1.6659,1.8757,2.0035,2.1159
15.0,0.051406,0.095947,0.16558,0.27804,0.43332,0.65242,0.94383,1.3042,1.5295,1.6727,1.8102
20.0,0.03233,0.061041,0.10757,0.1849,0.29933,0.47069,0.71184,1.0258,1.2451,1.3962,1.5351
25.0,0.022151,0.042326,0.075099,0.13028,0.21461,0.34691,0.54524,0.82976,1.0326,1.178,1.3285
30.0,0.016372,0.031456,0.05615,0.09803,0.16264,0.26816,0.43592,0.68452,0.87285,1.01,1.1553
40.0,0.010072,0.019596,0.035429,0.062836,0.1052,0.17662,0.29932,0.4924,0.63998,0.7501,0.86992
50.0,0.0068272,0.013425,0.024561,0.044126,0.074688,0.12758,0.22363,0.38299,0.51084,0.60991,0.71989
60.0,0.0056133,0.011113,0.020417,0.03678,0.06296,0.10926,0.19366,0.33587,0.45164,0.54229,0.64372
70.0,0.0047457,0.0094203,0.017382,0.031479,0.054308,0.095141,0.16989,0.29896,0.40419,0.48661,0.57929
80.0,0.0040385,0.0080515,0.01493,0.027141,0.047197,0.083134,0.15036,0.26707,0.36255,0.43824,0.52378
90.0,0.0035195,0.0070381,0.013104,0.02387,0.04166,0.074102,0.1347,0.24093,0.32853,0.39841,0.47772
100.0,0.0030933,0.0062037,0.011592,0.021157,0.037224,0.066472,0.12137,0.21842,0.29903,0.36359,0.43712
110.0,0.0027338,0.0054967,0.010308,0.018888,0.033252,0.059497,0.10882,0.19602,0.26892,0.32758,0.39458
120.0,0.0024217,0.0048984,0.0092539,0.016952,0.029882,0.053538,0.097874,0.17679,0.24307,0.29646,0.35751
130.0,0.0021506,0.0043609,0.008263,0.015137,0.026696,0.047931,0.087752,0.15919,0.2192,0.26742,0.32265
140.0,0.0019156,0.0038943,0.0073961,0.013559,0.023955,0.043029,0.079068,0.14379,0.19817,0.24211,0.29252
150.0,0.0017082,0.0034811,0.0066279,0.012183,0.021538,0.03877,0.071358,0.1299,0.17956,0.22042,0.26761
175.0,0.0012879,0.0026439,0.0050709,0.0093353,0.016569,0.029919,0.055293,0.10143,0.1416,0.17462,0.21296
200.0,9.8742E-4,0.0020389,0.0039322,0.0072518,0.012891,0.023286,0.043505,0.080665,0.11328,0.14015,0.17148
250.0,5.8118E-4,0.0012136,0.0023752,0.00444,0.0079831,0.014669,0.027939,0.053082,0.074636,0.09249,0.1134
300.0,3.5858E-4,7.6013E-4,0.0015117,0.002866,0.0052476,0.0097489,0.019044,0.036659,0.051608,0.063964,0.078919
350.0,2.2778E-4,4.9092E-4,9.9477E-4,0.0019192,0.0035603,0.0066787,0.013187,0.025957,0.036801,0.046106,0.057141
400.0,1.4791E-4,3.272E-4,6.7865E-4,0.0013272,0.0024936,0.0047326,0.0095389,0.018958,0.027246,0.034233,0.042548
450.0,9.3123E-5,2.1047E-4,4.4696E-4,9.0394E-4,0.0017465,0.0033955,0.0069563,0.014165,0.020418,0.025619,0.031797
500.0,6.0713E-5,1.3999E-4,3.037E-4,6.3418E-4,0.0012583,0.0024949,0.0052463,0.010809,0.015563,0.019578,0.02436
600.0,2.5327E-5,6.2097E-5,1.4154E-4,3.1379E-4,6.6348E-4,0.001391,0.0030027,0.0062913,0.0092919,0.011862,0.015033
700.0,1.2157E-5,3.1344E-5,7.5984E-5,1.7966E-4,3.934E-4,8.4638E-4,0.0018902,0.0040806,0.0060537,0.0077589,0.0098318
800.0,6.2752E-6,1.7036E-5,4.2743E-5,1.0539E-4,2.427E-4,5.4689E-4,0.0012524,0.0027402,0.0040833,0.0052502,0.006701
1000.0,1.9315E-6,5.6668E-6,1.5337E-5,4.1117E-5,1.0139E-4,2.4447E-4,5.8051E-4,0.0013007,0.0019577,0.0025465,0.003265
1200.0,6.3634E-7,1.9737E-6,5.7166E-6,1.6202E-5,4.2619E-5,1.0887E-4,2.7307E-4,6.4437E-4,9.9498E-4,0.0013075,0.0016953
1500.0,1.2381E-7,4.2921E-7,1.3775E-6,4.41E-6,1.274E-5,3.53E-5,9.4709E-5,2.336E-4,3.7053E-4,4.9826E-4,6.4816E-4
SA0P05
r\m,4.0,4.5,5.0,5.5,6.0,6.5,7.0,7.5,7.8,8.0,8.2
0.0,1.0099,1.3659,1.6873,2.0181,2.3086,2.6299,2.9305,3.2273,3.3658,3.4473,3.4048
1.0,0.71243,1.0182,1.304,1.5853,1.8447,2.1473,2.4608,2.785,2.9301,3.0129,2.9975
5.0,0.21495,0.38133,0.60177,0.87693,1.1469,1.449,1.7879,2.1504,2.3201,2.42,2.4653
10.0,0.087564,0.16466,0.28039,0.45332,0.67094,0.94192,1.2804,1.6729,1.8858,2.016,2.1315
15.0,0.047205,0.091361,0.16146,0.27518,0.43296,0.65425,0.9485,1.3114,1.5393,1.6849,1.825
20.0,0.029878,0.058532,0.10555,0.18403,0.30065,0.47414,0.71822,1.0352,1.2564,1.4089,1.5502
25.0,0.020587,0.040808,0.07415,0.13051,0.21695,0.35147,0.55271,0.84065,1.0452,1.1911,1.342
30.0,0.015272,0.030456,0.055717,0.098675,0.16522,0.27298,0.44382,0.69603,0.88558,1.0233,1.1689
40.0,0.0094632,0.019115,0.035421,0.06373,0.10779,0.18138,0.30696,0.50322,0.65267,0.76391,0.88483
50.0,0.0064667,0.013195,0.024719,0.045026,0.07699,0.13173,0.23052,0.39307,0.52299,0.62339,0.73461
60.0,0.0053335,0.010956,0.020618,0.037677,0.065125,0.11312,0.20009,0.34537,0.4633,0.55543,0.65833
70.0,0.0045286,0.0093292,0.017633,0.032392,0.056413,0.098946,0.17632,0.30852,0.41615,0.50026,0.5947
80.0,0.0038816,0.0080258,0.015234,0.028082,0.04929,0.086919,0.15674,0.27676,0.37481,0.45236,0.53984
90.0,0.0034038,0.007053,0.013435,0.024806,0.043683,0.077749,0.14084,0.25043,0.34069,0.41255,0.49397
100.0,0.0030094,0.0062479,0.011937,0.022074,0.039158,0.069966,0.12729,0.22768,0.311,0.37758,0.45329
110.0,0.0026746,0.0055616,0.010657,0.019779,0.035099,0.062812,0.11447,0.20502,0.28063,0.34124,0.41031
120.0,0.0023821,0.0049776,0.0096023,0.017812,0.031628,0.056674,0.10326,0.18547,0.25436,0.30968,0.37281
130.0,0.0021275,0.0044527,0.00861,0.01596,0.028346,0.050897,0.092866,0.16748,0.23002,0.28013,0.33737
140.0,0.0019056,0.0039943,0.0077338,0.014342,0.025512,0.045822,0.083887,0.15166,0.20848,0.25424,0.3066
150.0,0.0017066,0.0035834,0.0069513,0.012924,0.022999,0.041369,0.075858,0.1373,0.18928,0.23191,0.28097
175.0,0.0013,0.0027445,0.0053526,0.009952,0.017757,0.032017,0.058961,0.10756,0.1497,0.1842,0.22409
200.0,0.0010066,0.002132,0.0041713,0.0077601,0.013865,0.025013,0.046533,0.08575,0.12007,0.14823,0.18094
250.0,6.0158E-4,0.0012824,0.002538,0.0047776,0.0086226,0.015805,0.029942,0.056465,0.079011,0.097626,0.11931
300.0,3.7534E-4,8.0869E-4,0.001622,0.0030912,0.0056733,0.010505,0.02039,0.038946,0.054539,0.067345,0.082768
350.0,2.4075E-4,5.2514E-4,0.0010702,0.0020701,0.0038439,0.0071809,0.014085,0.02747,0.038736,0.048335,0.059624
400.0,1.5753E-4,3.5107E-4,7.2985E-4,0.0014292,0.0026851,0.0050705,0.010137,0.019967,0.028534,0.035705,0.044166
450.0,9.9486E-5,2.2584E-4,4.8002E-4,9.7119E-4,0.001875,0.0036225,0.0073595,0.014837,0.021278,0.02663,0.032943
500.0,6.4914E-5,1.4996E-4,3.2526E-4,6.7926E-4,0.001345,0.0026487,0.0055178,0.011256,0.016154,0.02027,0.02514
600.0,2.6865E-5,6.587E-5,1.4992E-4,3.321E-4,6.999E-4,0.0014553,0.0031163,0.0064758,0.0095168,0.012106,0.015282
700.0,1.2873E-5,3.3001E-5,7.9842E-5,1.8829E-4,4.1104E-4,8.7656E-4,0.0019408,0.0041559,0.0061352,0.0078355,0.0098844
800.0,6.5706E-6,1.7775E-5,4.4488E-5,1.0942E-4,2.506E-4,5.5854E-4,0.0012683,0.0027544,0.0040876,0.0052453,0.0066656
1000.0,1.9878E-6,5.8003E-6,1.5645E-5,4.1803E-5,1.0259E-4,2.4463E-4,5.7654E-4,0.0012837,0.0019242,0.0025005,0.0031992
1200.0,6.4637E-7,2.0E-6,5.7754E-6,1.6304E-5,4.2604E-5,1.0752E-4,2.6717E-4,6.2592E-4,9.6324E-4,0.0012639,0.0016357
1500.0,1.2487E-7,4.2937E-7,1.372E-6,4.3588E-6,1.2496E-5,3.412E-5,9.0532E-5,2.2193E-4,3.5098E-4,4.7213E-4,6.103E-4
SA0P075
r\m,4.0,4.5,5.0,5.5,6.0,6.5,7.0,7.5,7.8,8.0,8.2
0.0,0.76519,1.1046,1.4246,1.7354,2.0117,2.3122,2.6057,2.8921,3.0311,3.114,3.1001
1.0,0.54668,0.83843,1.1251,1.3973,1.6487,1.9354,2.2373,2.5457,2.6918,2.7752,2.7787
5.0,0.16173,0.31018,0.51758,0.78147,1.0467,1.3386,1.6629,2.0059,2.173,2.2713,2.3235
10.0,0.066117,0.13453,0.24249,0.40708,0.61811,0.87944,1.2017,1.5705,1.773,1.8977,2.0113
15.0,0.036088,0.075535,0.1412,0.24938,0.40215,0.61522,0.89577,1.2374,1.4529,1.5919,1.7277
20.0,0.023051,0.048895,0.093198,0.1683,0.2817,0.44938,0.68331,0.98405,1.1928,1.3367,1.4732
25.0,0.015996,0.034334,0.066105,0.12064,0.20561,0.33638,0.53019,0.80416,0.99732,1.1343,1.277
30.0,0.011928,0.025778,0.050043,0.091912,0.15786,0.26322,0.4287,0.66954,0.84817,0.97754,1.115
40.0,0.0074774,0.016379,0.032217,0.060118,0.10442,0.17735,0.29987,0.48803,0.63031,0.73597,0.8515
50.0,0.0051767,0.011448,0.022739,0.042916,0.07534,0.12998,0.22701,0.38369,0.50806,0.60392,0.71051
60.0,0.0042917,0.0095545,0.019066,0.036107,0.064005,0.11191,0.1974,0.33752,0.45051,0.53856,0.63726
70.0,0.0036713,0.0081958,0.016425,0.031266,0.055797,0.098477,0.17498,0.30293,0.40664,0.48764,0.57896
80.0,0.0031897,0.0071443,0.01437,0.027431,0.049297,0.087432,0.15693,0.27397,0.36923,0.4444,0.52953
90.0,0.0028319,0.0063509,0.012809,0.024477,0.044105,0.078869,0.14205,0.24965,0.33789,0.40799,0.48769
100.0,0.0025337,0.0056877,0.011495,0.02199,0.039867,0.071541,0.12935,0.22849,0.31048,0.37582,0.45034
110.0,0.0022783,0.0051175,0.010364,0.019886,0.036054,0.064788,0.11731,0.20749,0.2825,0.34232,0.41064
120.0,0.0020528,0.004627,0.0094231,0.018066,0.03276,0.058936,0.10666,0.18921,0.25796,0.31299,0.37588
130.0,0.0018552,0.0041843,0.0085346,0.016338,0.029623,0.053369,0.096711,0.17218,0.2351,0.28532,0.34277
140.0,0.0016808,0.0037923,0.0077359,0.014809,0.026872,0.048421,0.087998,0.15704,0.21459,0.26077,0.31366
150.0,0.0015192,0.0034311,0.0070071,0.013444,0.0244,0.044,0.080089,0.14306,0.19602,0.23922,0.28895
175.0,0.0011835,0.0026818,0.0054934,0.010521,0.019112,0.034513,0.063082,0.11358,0.15699,0.19232,0.23313
200.0,9.3667E-4,0.0021231,0.0043509,0.0083246,0.015134,0.027344,0.050425,0.091591,0.12735,0.15654,0.19038
250.0,5.8249E-4,0.0013209,0.0027247,0.0052584,0.0096356,0.017647,0.033062,0.061316,0.085025,0.10451,0.12713
300.0,3.7606E-4,8.5633E-4,0.0017812,0.0034689,0.0064455,0.011907,0.0228,0.042801,0.059362,0.072833,0.088983
350.0,2.4896E-4,5.7001E-4,0.0011982,0.0023572,0.0044193,0.0082225,0.015901,0.030392,0.042421,0.05255,0.064353
400.0,1.6756E-4,3.8876E-4,8.281E-4,0.0016447,0.0031127,0.0058434,0.011482,0.022164,0.031325,0.038908,0.047764
450.0,1.0826E-4,2.5416E-4,5.5117E-4,0.0011277,0.0021882,0.0041909,0.0083619,0.016485,0.023396,0.029127,0.035831
500.0,7.1903E-5,1.7076E-4,3.7655E-4,7.9363E-4,0.0015747,0.0030694,0.0062646,0.012495,0.017794,0.022211,0.02739
600.0,3.0459E-5,7.6078E-5,1.7492E-4,3.893E-4,8.1803E-4,0.0016765,0.0035215,0.0071711,0.010421,0.013157,0.016487
700.0,1.4902E-5,3.8426E-5,9.3476E-5,2.202E-4,4.7881E-4,0.0010045,0.0021785,0.0045685,0.0066693,0.0084536,0.010575
800.0,7.6177E-6,2.0712E-5,5.197E-5,1.2749E-4,2.8922E-4,6.3106E-4,0.0014029,0.0029868,0.0043888,0.0056034,0.0070604
1000.0,2.3042E-6,6.7027E-6,1.8028E-5,4.7839E-5,1.1618E-4,2.705E-4,6.2488E-4,0.0013663,0.002028,0.002626,0.0033431
1200.0,7.4945E-7,2.3175E-6,6.6605E-6,1.8626E-5,4.7908E-5,1.1763E-4,2.8518E-4,6.5441E-4,9.977E-4,0.0013031,0.0016785
1500.0,1.471E-7,4.9805E-7,1.575E-6,4.9059E-6,1.3785E-5,3.6354E-5,9.3667E-5,2.252E-4,3.5296E-4,4.7407E-4,6.0459E-4
SA0P1
r\m,4.0,4.5,5.0,5.5,6.0,6.5,7.0,7.5,7.8,8.0,8.2
0.0,0.59861,0.90502,1.2055,1.4876,1.7381,2.0077,2.2806,2.5447,2.6768,2.7565,2.7657
1.0,0.43197,0.69695,0.96819,1.2205,1.4512,1.7103,1.9883,2.2701,2.4085,2.4877,2.5061
5.0,0.12525,0.25464,0.44379,0.68828,0.93746,1.2082,1.5068,1.8196,1.9754,2.0668,2.1222
10.0,0.051154,0.11035,0.20801,0.35967,0.55752,0.80253,1.0998,1.4353,1.6211,1.7361,1.8435
15.0,0.028106,0.062338,0.12182,0.22142,0.36458,0.56441,0.82433,1.1366,1.3337,1.4616,1.5888
20.0,0.018036,0.040569,0.080833,0.15022,0.25671,0.4143,0.6319,0.90877,1.0997,1.2313,1.359
25.0,0.012554,0.028578,0.05763,0.10837,0.18873,0.31195,0.49285,0.74529,0.92222,1.0476,1.1794
30.0,0.0093848,0.021519,0.043798,0.082911,0.14559,0.24512,0.40003,0.62236,0.78598,0.90436,1.0313
40.0,0.0059229,0.013771,0.028412,0.054643,0.097078,0.16644,0.28154,0.45574,0.58684,0.68418,0.79159
50.0,0.0041319,0.0096974,0.020192,0.039253,0.070462,0.12265,0.21405,0.35953,0.47447,0.56307,0.66234
60.0,0.0034362,0.008118,0.016979,0.03311,0.059952,0.10559,0.18606,0.31604,0.42028,0.50148,0.59315
70.0,0.0029531,0.0069945,0.014688,0.028789,0.052438,0.093169,0.16532,0.28419,0.38012,0.45518,0.54045
80.0,0.0025887,0.0061542,0.012971,0.025484,0.046707,0.08335,0.14922,0.25848,0.34711,0.41708,0.49687
90.0,0.0023181,0.0055173,0.011658,0.022923,0.042106,0.075701,0.13588,0.23683,0.3193,0.38479,0.45973
100.0,0.0020912,0.0049816,0.010544,0.020752,0.038329,0.069125,0.12449,0.21794,0.29491,0.35621,0.42654
110.0,0.0018963,0.0045196,0.0095831,0.018912,0.034927,0.063093,0.11376,0.19931,0.27018,0.32661,0.3914
120.0,0.0017231,0.0041193,0.0087771,0.017308,0.03198,0.057826,0.10415,0.18299,0.24831,0.30054,0.36057
130.0,0.0015704,0.0037564,0.0080143,0.015777,0.029144,0.052741,0.095103,0.16766,0.22786,0.27585,0.33106
140.0,0.0014344,0.0034315,0.0073198,0.014408,0.02662,0.048179,0.087106,0.15389,0.20931,0.25372,0.30484
150.0,0.0013052,0.0031252,0.0066732,0.013163,0.024322,0.044052,0.079765,0.14099,0.19226,0.23396,0.28218
175.0,0.0010339,0.0024831,0.0053153,0.01046,0.019336,0.035058,0.063714,0.11348,0.15601,0.19054,0.23057
200.0,8.3186E-4,0.0019973,0.0042747,0.0084007,0.015534,0.028175,0.051619,0.09267,0.12812,0.15697,0.19054
250.0,5.3464E-4,0.0012825,0.0027572,0.0054563,0.01016,0.018649,0.03465,0.063416,0.087404,0.10708,0.12997
300.0,3.5599E-4,8.553E-4,0.0018495,0.0036863,0.0069476,0.01285,0.024355,0.045103,0.062159,0.075978,0.09255
350.0,2.4279E-4,5.8468E-4,0.0012737,0.0025576,0.0048555,0.009036,0.017284,0.032517,0.045078,0.055586,0.067821
400.0,1.6808E-4,4.0833E-4,8.9765E-4,0.0018165,0.0034755,0.0065178,0.012638,0.024007,0.033667,0.041616,0.050886
450.0,1.1159E-4,2.7315E-4,6.0919E-4,0.0012666,0.0024794,0.0047337,0.0093132,0.018035,0.025399,0.031496,0.03862
500.0,7.5896E-5,1.8718E-4,4.2311E-4,9.0418E-4,0.0018053,0.0035033,0.007036,0.01378,0.019495,0.024236,0.029786
600.0,3.3662E-5,8.6496E-5,2.0254E-4,4.5475E-4,9.5658E-4,0.0019435,0.0040164,0.0080346,0.011572,0.014529,0.018116
700.0,1.7047E-5,4.4811E-5,1.1036E-4,2.6077E-4,5.6648E-4,0.0011761,0.0025055,0.0051556,0.007458,0.0093991,0.011694
800.0,8.9055E-6,2.4577E-5,6.2214E-5,1.5269E-4,3.4453E-4,7.4111E-4,0.0016166,0.0033778,0.0049213,0.0062545,0.0078354
1000.0,2.7812E-6,8.1387E-6,2.1936E-5,5.7925E-5,1.3953E-4,3.1904E-4,7.2319E-4,0.0015529,0.0022852,0.0029469,0.0037363
1200.0,9.2946E-7,2.8867E-6,8.2819E-6,2.2974E-5,5.8314E-5,1.4004E-4,3.318E-4,7.4563E-4,0.0011264,0.0014641,0.0018777
1500.0,1.906E-7,6.3966E-7,2.0056E-6,6.1359E-6,1.6921E-5,4.3346E-5,1.0865E-4,2.5578E-4,3.9709E-4,5.3151E-4,6.7123E-4
SA0P15
r\m,4.0,4.5,5.0,5.5,6.0,6.5,7.0,7.5,7.8,8.0,8.2
0.0,0.40799,0.65731,0.9154,1.1494,1.3552,1.5737,1.8056,2.0279,2.1433,2.2144,2.248
1.0,0.29839,0.51624,0.75213,0.96687,1.1591,1.3706,1.6041,1.8389,1.9589,2.028,2.062
5.0,0.083965,0.18506,0.3427,0.5513,0.76729,0.99775,1.2498,1.5099,1.6425,1.7201,1.7757
10.0,0.034164,0.079863,0.16024,0.28866,0.46057,0.67428,0.92682,1.2055,1.3617,1.459,1.5531
15.0,0.018897,0.045378,0.094356,0.17855,0.30294,0.47756,0.70027,0.96208,1.1271,1.235,1.3453
20.0,0.012181,0.029685,0.062946,0.12182,0.21452,0.35253,0.53999,0.77468,0.93478,1.0452,1.1558
25.0,0.0084981,0.020962,0.045107,0.088494,0.15904,0.26718,0.42368,0.63767,0.78647,0.892,1.0051
30.0,0.0063679,0.015827,0.034411,0.068002,0.12331,0.21081,0.34523,0.534,0.67175,0.77144,0.88006
40.0,0.0040484,0.010209,0.022514,0.045193,0.082921,0.14429,0.24444,0.39292,0.50401,0.58661,0.67923
50.0,0.0028479,0.0072484,0.016125,0.032695,0.060583,0.10696,0.18663,0.31098,0.40867,0.48413,0.56988
60.0,0.0023766,0.0060881,0.013599,0.027637,0.051577,0.091935,0.16191,0.27273,0.36093,0.42971,0.50837
70.0,0.0020533,0.0052715,0.011816,0.024134,0.045256,0.08127,0.14405,0.2455,0.32686,0.3908,0.46443
80.0,0.0018193,0.0046925,0.010563,0.021616,0.040736,0.073411,0.1311,0.2249,0.30062,0.36053,0.42974
90.0,0.0016462,0.004253,0.0095965,0.019655,0.037107,0.067308,0.12038,0.20761,0.27846,0.33476,0.39996
100.0,0.0015002,0.0038809,0.0087724,0.017983,0.034118,0.062036,0.11123,0.19251,0.25898,0.31196,0.37346
110.0,0.0013748,0.0035599,0.0080606,0.016565,0.031428,0.057281,0.10279,0.17779,0.23957,0.28873,0.3458
120.0,0.0012626,0.0032795,0.0074579,0.01532,0.029104,0.053089,0.095028,0.16482,0.22225,0.26815,0.32149
130.0,0.001163,0.0030239,0.006886,0.014124,0.026827,0.048924,0.087666,0.15252,0.20597,0.24859,0.29814
140.0,0.0010732,0.0027914,0.0063569,0.013038,0.024746,0.04514,0.081083,0.14132,0.19099,0.23078,0.27707
150.0,9.8491E-4,0.0025649,0.0058485,0.012019,0.022816,0.041666,0.074946,0.13058,0.1769,0.21446,0.25833
175.0,7.9713E-4,0.002084,0.0047664,0.0097749,0.018569,0.033942,0.061222,0.10739,0.14656,0.17831,0.21547
200.0,6.5524E-4,0.0017138,0.0039225,0.0080362,0.015262,0.027899,0.050682,0.089508,0.12276,0.14977,0.18147
250.0,4.4068E-4,0.0011534,0.0026502,0.0054613,0.010442,0.019282,0.035433,0.063672,0.087108,0.10631,0.12884
300.0,3.0685E-4,8.0402E-4,0.0018556,0.0038452,0.0074274,0.013805,0.025808,0.046902,0.064158,0.078109,0.094921
350.0,2.1879E-4,5.738E-4,0.0013306,0.0027716,0.0053847,0.010061,0.018961,0.034896,0.04798,0.058859,0.071605
400.0,1.5824E-4,4.1721E-4,9.7247E-4,0.002038,0.0039831,0.0074904,0.014263,0.026486,0.036782,0.045218,0.055108
450.0,1.0998E-4,2.9105E-4,6.8539E-4,0.0014705,0.0029312,0.0055972,0.0108,0.020391,0.028429,0.035067,0.042863
500.0,7.8052E-5,2.0727E-4,4.9263E-4,0.0010826,0.0021936,0.0042491,0.0083449,0.015922,0.022307,0.027579,0.033778
600.0,3.8007E-5,1.0379E-4,2.5312E-4,5.7968E-4,0.001227,0.0024719,0.0049858,0.0097063,0.0138,0.0172,0.021322
700.0,2.0642E-5,5.7062E-5,1.4483E-4,3.4589E-4,7.5296E-4,0.0015462,0.0032057,0.0064021,0.0091399,0.01143,0.014136
800.0,1.1414E-5,3.2805E-5,8.5076E-5,2.099E-4,4.7177E-4,9.9858E-4,0.0021148,0.0042848,0.0061633,0.0077765,0.0096772
1000.0,3.9018E-6,1.1718E-5,3.1963E-5,8.3989E-5,2.0014E-4,4.4694E-4,9.8214E-4,0.0020446,0.0029693,0.0038,0.0047896
1200.0,1.4127E-6,4.4713E-6,1.2872E-5,3.5322E-5,8.7956E-5,2.0477E-4,4.6739E-4,0.0010129,0.0015067,0.0019417,0.0024732
1500.0,3.2487E-7,1.0892E-6,3.3818E-6,1.0068E-5,2.6948E-5,6.6195E-5,1.5863E-4,3.5932E-4,5.4839E-4,7.2772E-4,9.085E-4
SA0P2
r\m,4.0,4.5,5.0,5.5,6.0,6.5,7.0,7.5,7.8,8.0,8.2
0.0,0.3013,0.51109,0.73718,0.93916,1.1151,1.2994,1.5001,1.6914,1.793,1.8561,1.899
1.0,0.22217,0.40629,0.61422,0.8022,0.96746,1.1464,1.3474,1.5483,1.6532,1.7138,1.7533
5.0,0.061318,0.14384,0.27873,0.46048,0.65044,0.85074,1.0684,1.2908,1.4055,1.4724,1.5254
10.0,0.024873,0.061842,0.12998,0.24117,0.39263,0.58166,0.80099,1.0393,1.1737,1.2578,1.341
15.0,0.013802,0.035232,0.07672,0.14951,0.25907,0.41374,0.60835,0.83372,0.97553,1.0686,1.1655
20.0,0.0089156,0.023104,0.051315,0.10229,0.184,0.30636,0.4707,0.67416,0.81191,0.90694,1.0042
25.0,0.0062253,0.016329,0.036862,0.074581,0.13704,0.23298,0.37052,0.55594,0.68424,0.7754,0.87434
30.0,0.00467,0.012343,0.028171,0.057434,0.10653,0.18419,0.30248,0.46615,0.58507,0.67118,0.76611
40.0,0.0029804,0.0079944,0.018515,0.038338,0.071947,0.12656,0.21477,0.34381,0.44004,0.51169,0.59295
50.0,0.0021058,0.0057013,0.013316,0.027841,0.052746,0.09411,0.16429,0.27251,0.35725,0.42283,0.49814
60.0,0.0017606,0.0047972,0.011247,0.023553,0.044894,0.080752,0.14228,0.23851,0.31474,0.37426,0.44297
70.0,0.0015255,0.0041647,0.0097946,0.020612,0.039449,0.071418,0.12659,0.21472,0.28509,0.34061,0.40514
80.0,0.0013597,0.0037325,0.0088201,0.018593,0.035733,0.064883,0.11578,0.19753,0.26332,0.31548,0.37629
90.0,0.0012377,0.0034048,0.0080657,0.01702,0.032762,0.059843,0.10687,0.1832,0.24495,0.29407,0.35145
100.0,0.0011346,0.0031266,0.007421,0.015675,0.030315,0.055484,0.09928,0.17068,0.2288,0.27516,0.32944
110.0,0.0010461,0.0028871,0.0068655,0.014538,0.028119,0.051619,0.092416,0.15863,0.21296,0.2562,0.30683
120.0,9.667E-4,0.0026771,0.0063925,0.013534,0.026234,0.048194,0.085984,0.14797,0.19875,0.23936,0.28695
130.0,8.9596E-4,0.002485,0.0059434,0.012569,0.024361,0.044711,0.079848,0.13782,0.18538,0.22334,0.26784
140.0,8.3175E-4,0.0023086,0.005524,0.011683,0.022615,0.041522,0.074329,0.12848,0.17296,0.20861,0.25043
150.0,7.6714E-4,0.0021328,0.0051116,0.010833,0.020974,0.03857,0.069132,0.11939,0.16108,0.19486,0.23461
175.0,6.2885E-4,0.001757,0.004228,0.0089467,0.017345,0.031932,0.057353,0.099639,0.13537,0.16433,0.19849
200.0,5.2358E-4,0.0014652,0.0035327,0.0074732,0.014481,0.026656,0.048195,0.084243,0.11496,0.13989,0.16937
250.0,3.6221E-4,0.0010169,0.0024636,0.0052417,0.01023,0.019004,0.034701,0.061646,0.083985,0.10229,0.12394
300.0,2.5957E-4,7.3046E-4,0.001778,0.0038027,0.0074923,0.014004,0.025967,0.046636,0.063532,0.077201,0.093755
350.0,1.9058E-4,5.3714E-4,0.001313,0.002821,0.0055877,0.010496,0.019603,0.035583,0.048699,0.059581,0.072429
400.0,1.4198E-4,4.0203E-4,9.8637E-4,0.0021314,0.0042435,0.0080182,0.015102,0.027637,0.038164,0.046781,0.056958
450.0,1.0196E-4,2.8945E-4,7.1603E-4,0.0015808,0.0032036,0.0061376,0.011702,0.021735,0.03012,0.037031,0.045205
500.0,7.4661E-5,2.1243E-4,5.2916E-4,0.0011938,0.0024545,0.0047647,0.0092273,0.017308,0.024091,0.029682,0.036301
600.0,3.9168E-5,1.1375E-4,2.8911E-4,6.7596E-4,0.0014431,0.0029006,0.0057567,0.010999,0.015507,0.019243,0.02378
700.0,2.2517E-5,6.5873E-5,1.7293E-4,4.1896E-4,9.1684E-4,0.0018754,0.0038172,0.0074634,0.010563,0.013147,0.016215
800.0,1.3116E-5,3.9581E-5,1.0573E-4,2.6346E-4,5.931E-4,0.0012467,0.0025864,0.005124,0.007306,0.009171,0.011374
1000.0,4.8933E-6,1.5274E-5,4.2519E-5,1.1193E-4,2.6551E-4,5.8521E-4,0.0012572,0.0025564,0.0036788,0.0046793,0.0058752
1200.0,1.921E-6,6.2737E-6,1.8293E-5,5.0045E-5,1.2329E-4,2.8171E-4,6.2582E-4,0.0013188,0.0019391,0.0024821,0.0031464
1500.0,4.9493E-7,1.6897E-6,5.2558E-6,1.5409E-5,4.0439E-5,9.6766E-5,2.2444E-4,4.9277E-4,7.4196E-4,9.7633E-4,0.0012126
SA0P25
r\m,4.0,4.5,5.0,5.5,6.0,6.5,7.0,7.5,7.8,8.0,8.2
0.0,0.22996,0.41012,0.61261,0.79389,0.95074,1.1128,1.2912,1.4602,1.551,1.6079,1.6539
1.0,0.17047,0.32865,0.51517,0.68496,0.83269,0.99004,1.168,1.3446,1.4381,1.4922,1.533
5.0,0.046444,0.11537,0.23312,0.39492,0.56567,0.74423,0.93717,1.1326,1.234,1.2931,1.3428
10.0,0.018797,0.049461,0.10847,0.20681,0.34273,0.51296,0.7079,0.91722,1.0358,1.1102,1.1848
15.0,0.010451,0.02822,0.06411,0.12837,0.22659,0.36591,0.53956,0.73847,0.86337,0.94558,1.0322
20.0,0.0067586,0.018532,0.042946,0.087974,0.16122,0.27145,0.41837,0.5988,0.72026,0.80406,0.89104
25.0,0.004721,0.013102,0.030893,0.064283,0.12041,0.20687,0.33,0.49431,0.60761,0.68823,0.77654
30.0,0.0035437,0.0099104,0.023632,0.049566,0.093755,0.16373,0.26968,0.41475,0.51987,0.59603,0.68068
40.0,0.0022669,0.0064349,0.015575,0.033175,0.063478,0.11275,0.19179,0.30633,0.39156,0.45508,0.52771
50.0,0.001606,0.0046016,0.011231,0.024148,0.046635,0.083998,0.14687,0.243,0.3181,0.37632,0.44366
60.0,0.0013443,0.0038762,0.0094938,0.020436,0.039679,0.07198,0.12701,0.21237,0.27975,0.33241,0.39361
70.0,0.0011669,0.0033706,0.0082794,0.017907,0.034894,0.063666,0.11299,0.19116,0.25338,0.3026,0.36022
80.0,0.0010441,0.003034,0.0074914,0.016229,0.031737,0.058058,0.10368,0.17633,0.23468,0.281,0.33537
90.0,9.54E-4,0.0027793,0.0068802,0.014922,0.029225,0.053762,0.096027,0.16405,0.21893,0.26261,0.31396
100.0,8.7775E-4,0.0025627,0.0063575,0.013804,0.027158,0.050045,0.089533,0.15333,0.20508,0.2464,0.29506
110.0,8.1251E-4,0.0023768,0.0059084,0.012861,0.025309,0.046799,0.083759,0.14311,0.19167,0.23034,0.27589
120.0,7.5385E-4,0.0022134,0.0055247,0.012027,0.023733,0.043914,0.078267,0.13406,0.17962,0.21607,0.25906
130.0,7.0147E-4,0.0020635,0.0051603,0.011223,0.02215,0.040927,0.073009,0.12541,0.16827,0.20251,0.24288
140.0,6.5369E-4,0.0019251,0.004818,0.010482,0.020651,0.038177,0.068262,0.11741,0.15766,0.18994,0.22803
150.0,6.0488E-4,0.0017849,0.0044756,0.0097572,0.019231,0.035618,0.063765,0.10952,0.14738,0.17804,0.21433
175.0,4.9998E-4,0.001484,0.0037394,0.0081445,0.016082,0.029826,0.053477,0.092349,0.1251,0.15166,0.18317
200.0,4.1978E-4,0.0012492,0.0031574,0.0068791,0.013575,0.025171,0.045415,0.07887,0.10727,0.13033,0.15774
250.0,2.959E-4,8.8534E-4,0.0022511,0.004934,0.0098114,0.01835,0.0334,0.058906,0.080052,0.097384,0.11801
300.0,2.1623E-4,6.4945E-4,0.00166,0.0036576,0.0073406,0.013811,0.025496,0.045447,0.061765,0.074977,0.091048
350.0,1.6199E-4,4.8777E-4,0.0012521,0.0027715,0.0055913,0.010572,0.019644,0.035342,0.048238,0.058927,0.07163
400.0,1.232E-4,3.7277E-4,9.6005E-4,0.002137,0.0043319,0.0082368,0.015415,0.027944,0.038452,0.047057,0.057286
450.0,9.0559E-5,2.7469E-4,7.1257E-4,0.0016185,0.0033353,0.0064246,0.012163,0.022349,0.030851,0.03785,0.04618
500.0,6.785E-5,2.062E-4,5.3794E-4,0.0012468,0.0026033,0.0050769,0.0097485,0.01808,0.025054,0.0308,0.037643
600.0,3.7665E-5,1.1632E-4,3.0857E-4,7.3833E-4,0.0015941,0.0032087,0.0063025,0.011887,0.016664,0.020621,0.025438
700.0,2.2625E-5,7.0223E-5,1.9137E-4,4.7232E-4,0.0010426,0.0021336,0.0042905,0.0082643,0.011628,0.014428,0.017771
800.0,1.3752E-5,4.377E-5,1.2101E-4,3.0616E-4,6.9355E-4,0.0014558,0.0029785,0.0058059,0.0082281,0.010291,0.01274
1000.0,5.5239E-6,1.806E-5,5.1683E-5,1.3726E-4,3.2599E-4,7.142E-4,0.0015102,0.0030177,0.0043148,0.0054623,0.0068407
1200.0,2.3274E-6,7.9112E-6,2.3568E-5,6.4802E-5,1.5911E-4,3.5984E-4,7.8421E-4,0.0016182,0.0023588,0.0030038,0.0037947
1500.0,6.6253E-7,2.3332E-6,7.3502E-6,2.1459E-5,5.5721E-5,1.313E-4,2.9752E-4,6.3754E-4,9.4997E-4,0.001241,0.0015381
SA0P3
r\m,4.0,4.5,5.0,5.5,6.0,6.5,7.0,7.5,7.8,8.0,8.2
0.0,0.17816,0.3337,0.51701,0.68408,0.82888,0.97632,1.139,1.2917,1.3744,1.4264,1.4729
1.0,0.13257,0.26892,0.43761,0.59439,0.73072,0.87369,1.0352,1.1944,1.2792,1.3283,1.3689
5.0,0.035787,0.09383,0.19762,0.34377,0.50007,0.66281,0.83766,1.0134,1.1049,1.158,1.2048
10.0,0.01446,0.040143,0.091801,0.17998,0.30377,0.45952,0.6362,0.82417,0.93095,0.99794,1.0659
15.0,0.0080495,0.022925,0.054301,0.1118,0.2011,0.32844,0.48614,0.66528,0.77753,0.85153,0.93024
20.0,0.0052099,0.015068,0.036411,0.076707,0.14325,0.24397,0.37751,0.5405,0.64972,0.72507,0.80407
25.0,0.0036399,0.010655,0.026215,0.056132,0.1072,0.18618,0.29817,0.44648,0.54847,0.62112,0.70121
30.0,0.0027334,0.0080628,0.020066,0.043316,0.083555,0.14746,0.24384,0.37478,0.46946,0.53808,0.6148
40.0,0.0017513,0.0052442,0.01325,0.029044,0.056666,0.10169,0.17358,0.27706,0.35392,0.41125,0.47717
50.0,0.001243,0.003757,0.0095714,0.021175,0.041688,0.075853,0.13301,0.21989,0.28764,0.34023,0.40136
60.0,0.0010413,0.0031671,0.0080953,0.017923,0.035459,0.064935,0.11491,0.19195,0.25262,0.30007,0.35547
70.0,9.0501E-4,0.0027571,0.0070663,0.015719,0.031199,0.057434,0.1022,0.17275,0.22879,0.2732,0.32543
80.0,8.1184E-4,0.0024893,0.0064152,0.014293,0.028458,0.052511,0.093989,0.15966,0.21231,0.25415,0.30349
90.0,7.4376E-4,0.002287,0.0059097,0.013183,0.026286,0.048763,0.087272,0.14887,0.19846,0.23794,0.28457
100.0,6.8608E-4,0.0021148,0.0054773,0.012233,0.024502,0.045522,0.081581,0.13946,0.18628,0.22369,0.26793
110.0,6.3682E-4,0.0019674,0.0051068,0.011434,0.02291,0.042727,0.076592,0.13056,0.17461,0.20972,0.25124
120.0,5.9249E-4,0.0018377,0.0047894,0.010727,0.021562,0.040238,0.071791,0.12266,0.16411,0.1973,0.23658
130.0,5.5285E-4,0.0017186,0.0044881,0.010046,0.020196,0.037624,0.067184,0.11512,0.15423,0.18549,0.22252
140.0,5.1657E-4,0.001608,0.004204,0.0094135,0.018889,0.035207,0.063016,0.1081,0.14495,0.17451,0.20954
150.0,4.7908E-4,0.0014946,0.0039161,0.0087873,0.01764,0.032953,0.059049,0.10111,0.13586,0.16399,0.19742
175.0,3.983E-4,0.0012508,0.0032956,0.0073914,0.014872,0.027824,0.049915,0.085904,0.11617,0.14071,0.16996
200.0,3.3639E-4,0.0010599,0.0028037,0.0062937,0.012655,0.023668,0.042718,0.07391,0.10032,0.12176,0.14735
250.0,2.403E-4,7.6267E-4,0.0020314,0.0045888,0.009302,0.017543,0.031915,0.056046,0.076056,0.092461,0.11207
300.0,1.7807E-4,5.6807E-4,0.001522,0.0034567,0.0070712,0.013414,0.02473,0.043883,0.05956,0.072266,0.087769
350.0,1.3536E-4,4.3333E-4,0.0011664,0.0026614,0.0054729,0.010434,0.019352,0.034626,0.047186,0.057591,0.070024
400.0,1.0451E-4,3.3632E-4,9.0815E-4,0.0020842,0.0043056,0.0082537,0.015404,0.027757,0.038114,0.046598,0.056739
450.0,7.8154E-5,2.5221E-4,6.8555E-4,0.0016041,0.0033658,0.0065327,0.012326,0.022493,0.030975,0.03795,0.046295
500.0,5.9569E-5,1.9261E-4,5.2613E-4,0.0012548,0.0026656,0.0052351,0.010008,0.018427,0.025458,0.03125,0.038185
600.0,3.4532E-5,1.1316E-4,3.1358E-4,7.7002E-4,0.0016861,0.0034104,0.0066588,0.012449,0.017386,0.021474,0.026464
700.0,2.1463E-5,7.0605E-5,2.0022E-4,5.0541E-4,0.0011292,0.0023205,0.0046322,0.0088304,0.012375,0.015324,0.018862
800.0,1.35E-5,4.5338E-5,1.3016E-4,3.359E-4,7.6897E-4,0.0016187,0.0032828,0.0063261,0.0089274,0.011136,0.013773
1000.0,5.7627E-6,1.9782E-5,5.8484E-5,1.5765E-4,3.7684E-4,8.2498E-4,0.0017262,0.0034058,0.004848,0.0061152,0.0076449
1200.0,2.5768E-6,9.1498E-6,2.8019E-5,7.7961E-5,1.9198E-4,4.3245E-4,9.3027E-4,0.0018898,0.0027371,0.0034719,0.0043752
1500.0,7.985E-7,2.9189E-6,9.3859E-6,2.7533E-5,7.1278E-5,1.6668E-4,3.7165E-4,7.817E-4,0.0011555,0.0015004,0.0018588
SA0P4
r\m,4.0,4.5,5.0,5.5,6.0,6.5,7.0,7.5,7.8,8.0,8.2
0.0,0.11038,0.22579,0.37643,0.52323,0.65441,0.78568,0.92888,1.0612,1.1329,1.1781,1.2233
1.0,0.082534,0.18329,0.32131,0.45879,0.58179,0.70832,0.84945,0.98633,1.0595,1.1019,1.1406
5.0,0.022016,0.063447,0.14472,0.26641,0.40199,0.54383,0.69497,0.84481,0.92295,0.96819,1.01
10.0,0.008876,0.027067,0.067068,0.13943,0.24502,0.37996,0.53169,0.69097,0.78162,0.83851,0.89695
15.0,0.0049487,0.015475,0.039708,0.086691,0.16247,0.27228,0.40764,0.55969,0.65459,0.71722,0.78455
20.0,0.003206,0.010182,0.026658,0.059559,0.11591,0.20258,0.31715,0.45585,0.54817,0.61179,0.67934
25.0,0.0022404,0.0072011,0.019213,0.043662,0.086952,0.15486,0.25093,0.37687,0.46312,0.52462,0.59296
30.0,0.0016833,0.005452,0.014718,0.033727,0.067858,0.12276,0.20537,0.3165,0.39661,0.45467,0.52006
40.0,0.0010807,0.0035538,0.0097419,0.022666,0.046114,0.084801,0.14636,0.23423,0.29933,0.34792,0.4042
50.0,7.6882E-4,0.0025519,0.0070529,0.016558,0.033985,0.063352,0.11224,0.18601,0.2434,0.28799,0.34017
60.0,6.4475E-4,0.0021534,0.0059696,0.014018,0.028894,0.054158,0.096831,0.16213,0.21337,0.25347,0.30058
70.0,5.6128E-4,0.0018774,0.005217,0.012308,0.025438,0.047897,0.086086,0.14587,0.19321,0.2308,0.27529
80.0,5.0517E-4,0.0017016,0.0047569,0.011239,0.02329,0.04394,0.079403,0.13515,0.17974,0.21521,0.25729
90.0,4.6438E-4,0.0015693,0.0043994,0.010409,0.021599,0.040956,0.073969,0.12638,0.16845,0.20196,0.24176
100.0,4.2979E-4,0.0014566,0.0040936,0.0096984,0.020214,0.038376,0.069381,0.11875,0.15854,0.19034,0.22817
110.0,4.0034E-4,0.0013605,0.0038329,0.0091036,0.018985,0.036197,0.065446,0.11161,0.14918,0.17913,0.21475
120.0,3.7382E-4,0.0012758,0.0036088,0.0085765,0.017954,0.034252,0.061595,0.10528,0.14075,0.16916,0.20299
130.0,3.5006E-4,0.0011979,0.0033964,0.0080689,0.016897,0.032166,0.057888,0.099218,0.13283,0.15971,0.19173
140.0,3.2822E-4,0.0011251,0.003195,0.007595,0.015869,0.030227,0.054526,0.093542,0.12534,0.15085,0.18127
150.0,3.0529E-4,0.0010493,0.0029871,0.0071161,0.014877,0.028412,0.051306,0.08782,0.11791,0.14224,0.17132
175.0,2.5575E-4,8.8569E-4,0.002538,0.0060474,0.01268,0.02426,0.043833,0.075363,0.1018,0.12325,0.14895
200.0,2.1766E-4,7.5715E-4,0.0021811,0.0052054,0.010906,0.020857,0.037905,0.065488,0.088753,0.10764,0.13032
250.0,1.5824E-4,5.5592E-4,0.0016149,0.0038804,0.0082022,0.015811,0.028933,0.050698,0.068757,0.083566,0.10138
300.0,1.1947E-4,4.2266E-4,0.0012364,0.002988,0.0063731,0.012356,0.022886,0.040511,0.054959,0.066685,0.081056
350.0,9.2593E-5,3.2928E-4,9.6824E-4,0.0023518,0.0050432,0.0098276,0.0183,0.03262,0.04442,0.054189,0.065952
400.0,7.2953E-5,2.6104E-4,7.7018E-4,0.001882,0.0040538,0.0079426,0.014863,0.026663,0.036556,0.044668,0.054441
450.0,5.5856E-5,2.0055E-4,5.9534E-4,0.0014818,0.0032379,0.0064189,0.012135,0.022017,0.03026,0.037028,0.045187
500.0,4.3592E-5,1.569E-4,4.6766E-4,0.0011848,0.0026183,0.0052487,0.010039,0.018366,0.025302,0.031014,0.037908
600.0,2.6856E-5,9.7664E-5,2.9456E-4,7.6556E-4,0.0017367,0.0035744,0.006966,0.012912,0.017961,0.022145,0.027269
700.0,1.7526E-5,6.3937E-5,1.9628E-4,5.2198E-4,0.0012048,0.0025171,0.0050053,0.0094371,0.01317,0.016274,0.02003
800.0,1.1592E-5,4.2912E-5,1.3299E-4,3.6023E-4,8.501E-4,0.0018167,0.0036617,0.0069667,0.0097864,0.012169,0.015044
1000.0,5.4223E-6,2.039E-5,6.4613E-5,1.8149E-4,4.4451E-4,9.828E-4,0.0020382,0.0039622,0.0056119,0.0070455,0.0087913
1200.0,2.6571E-6,1.0257E-5,3.342E-5,9.646E-5,2.4218E-4,5.4842E-4,0.0011652,0.0023218,0.0033359,0.0042099,0.0052895
1500.0,9.398E-7,3.7048E-6,1.2546E-5,3.7784E-5,9.8849E-5,2.3131E-4,5.0714E-4,0.0010411,0.0015229,0.0019599,0.0024313
SA0P5
r\m,4.0,4.5,5.0,5.5,6.0,6.5,7.0,7.5,7.8,8.0,8.2
0.0,0.07136,0.1566,0.27911,0.40881,0.53118,0.65419,0.78686,0.90777,0.97307,1.014,1.0573
1.0,0.053514,0.12769,0.23947,0.36046,0.47466,0.59242,0.72224,0.8464,0.91265,0.95089,0.98775
5.0,0.014171,0.043988,0.10768,0.20983,0.32992,0.45823,0.59493,0.72921,0.7992,0.83958,0.87798
10.0,0.0057054,0.018732,0.049829,0.10979,0.20151,0.32171,0.45723,0.59853,0.67898,0.72941,0.78151
15.0,0.0031839,0.010717,0.029517,0.068295,0.13376,0.2309,0.35129,0.48587,0.5696,0.62486,0.68456
20.0,0.0020639,0.0070556,0.01983,0.046959,0.095503,0.17197,0.27362,0.39634,0.47764,0.5336,0.59342
25.0,0.0014425,0.0049905,0.014301,0.034462,0.071752,0.13159,0.21671,0.32783,0.40373,0.45786,0.51825
30.0,0.0010841,0.0037795,0.01096,0.026636,0.056038,0.10436,0.17745,0.27539,0.34585,0.3969,0.45462
40.0,6.9691E-4,0.0024669,0.0072653,0.017925,0.038128,0.072165,0.12654,0.20394,0.2612,0.30394,0.35363
50.0,4.965E-4,0.001774,0.0052672,0.013111,0.028129,0.053963,0.097092,0.16201,0.21245,0.25166,0.29772
60.0,4.1667E-4,0.001498,0.0044604,0.011102,0.023909,0.046091,0.083684,0.14108,0.18603,0.22121,0.26268
70.0,3.631E-4,0.0013072,0.0039009,0.0097535,0.021056,0.040759,0.074378,0.12691,0.16842,0.20143,0.24064
80.0,3.2748E-4,0.0011877,0.0035665,0.0089299,0.019323,0.03747,0.068728,0.11776,0.15692,0.1881,0.22521
90.0,3.0167E-4,0.0010979,0.0033066,0.0082921,0.017966,0.035006,0.064156,0.11031,0.1473,0.17678,0.21188
100.0,2.7977E-4,0.0010214,0.0030844,0.0077458,0.016856,0.032878,0.060304,0.10384,0.13887,0.16687,0.20028
110.0,2.6117E-4,9.5637E-4,0.0028956,0.0072902,0.015874,0.031106,0.057053,0.097841,0.13099,0.15741,0.18893
120.0,2.4441E-4,8.9906E-4,0.0027331,0.0068862,0.015058,0.029524,0.053833,0.092521,0.12389,0.14901,0.17901
130.0,2.2939E-4,8.4628E-4,0.0025792,0.0064976,0.014215,0.027801,0.050728,0.087425,0.11721,0.14105,0.16953
140.0,2.1554E-4,7.9681E-4,0.0024327,0.0061331,0.013384,0.026195,0.047908,0.082631,0.11089,0.13356,0.16068
150.0,2.0085E-4,7.4465E-4,0.0022797,0.0057598,0.012578,0.024688,0.045198,0.077758,0.10455,0.12621,0.15217
175.0,1.6906E-4,6.3195E-4,0.0019487,0.0049268,0.010795,0.02123,0.038876,0.067154,0.090829,0.11003,0.13312
200.0,1.4458E-4,5.4326E-4,0.0016855,0.0042703,0.0093494,0.018377,0.033841,0.058725,0.079667,0.096665,0.11714
250.0,1.0628E-4,4.0402E-4,0.0012654,0.0032288,0.0071352,0.014133,0.026189,0.04607,0.062581,0.076121,0.092475
300.0,8.1188E-5,3.1124E-4,9.8239E-4,0.0025219,0.0056233,0.011203,0.020995,0.037302,0.050692,0.061569,0.074934
350.0,6.371E-5,2.4579E-4,7.8025E-4,0.0020137,0.0045151,0.0090415,0.017027,0.030438,0.041511,0.050676,0.061765
400.0,5.0853E-5,1.9756E-4,6.2942E-4,0.0016347,0.0036813,0.0074118,0.014016,0.025202,0.034589,0.042291,0.051618
450.0,3.9532E-5,1.542E-4,4.9421E-4,0.0013066,0.0029828,0.0060739,0.011597,0.021074,0.028985,0.035474,0.043335
500.0,3.1332E-5,1.2258E-4,3.943E-4,0.0010602,0.0024461,0.0050346,0.0097165,0.017795,0.024518,0.030055,0.036772
600.0,2.0096E-5,7.9317E-5,2.578E-4,7.0949E-4,0.0016759,0.0035346,0.0069387,0.012855,0.017872,0.02203,0.027138
700.0,1.3551E-5,5.3657E-5,1.7691E-4,4.9671E-4,0.0011915,0.0025494,0.0050995,0.0095938,0.013379,0.016526,0.020357
800.0,9.2784E-6,3.7138E-5,1.234E-4,3.5198E-4,8.6209E-4,0.0018851,0.0038161,0.0072352,0.010153,0.01261,0.015599
1000.0,4.6281E-6,1.875E-5,6.3412E-5,1.8664E-4,4.7239E-4,0.001065,0.0022136,0.0042811,0.0060552,0.0075843,0.0094591
1200.0,2.422E-6,1.002E-5,3.4671E-5,1.0452E-4,2.7027E-4,6.2217E-4,0.0013216,0.0026116,0.0037391,0.0047064,0.005906
1500.0,9.4318E-7,3.9667E-6,1.4163E-5,4.4243E-5,1.1846E-4,2.8098E-4,6.1406E-4,0.0012453,0.0018117,0.0023186,0.0028836
SA0P75
r\m,4.0,4.5,5.0,5.5,6.0,6.5,7.0,7.5,7.8,8.0,8.2
0.0,0.028879,0.070798,0.14295,0.23508,0.33662,0.44615,0.56539,0.67373,0.7317,0.76761,0.80728
1.0,0.021742,0.058074,0.1235,0.20882,0.30286,0.40644,0.52151,0.63079,0.68886,0.72228,0.75606
5.0,0.0057018,0.019876,0.055412,0.12197,0.2122,0.31753,0.43354,0.54775,0.6075,0.64188,0.67544
10.0,0.0022916,0.0084442,0.025591,0.063789,0.12998,0.2244,0.33527,0.45177,0.51839,0.56007,0.60318
15.0,0.0012804,0.0048352,0.01517,0.03971,0.086393,0.16142,0.25833,0.36782,0.4359,0.48079,0.52939
20.0,8.3068E-4,0.003186,0.010201,0.027334,0.061758,0.12037,0.20152,0.30068,0.36619,0.4112,0.4596
25.0,5.8071E-4,0.0022539,0.0073635,0.020089,0.046491,0.092237,0.15983,0.24886,0.30972,0.35313,0.40171
30.0,4.3665E-4,0.0017077,0.0056468,0.01554,0.036347,0.073196,0.13095,0.20912,0.26543,0.30622,0.35248
40.0,2.8119E-4,0.0011168,0.0037508,0.010478,0.024771,0.050682,0.093467,0.155,0.20064,0.23473,0.27448
50.0,2.0073E-4,8.0472E-4,0.0027246,0.0076771,0.018302,0.037947,0.071759,0.12319,0.16326,0.19444,0.2312
60.0,1.6864E-4,6.802E-4,0.002309,0.0065024,0.015551,0.032376,0.061777,0.10714,0.14274,0.17062,0.20359
70.0,1.4718E-4,5.9436E-4,0.0020217,0.0057185,0.013704,0.028628,0.054888,0.096356,0.12921,0.15538,0.18656
80.0,1.3312E-4,5.4184E-4,0.0018553,0.0052548,0.012616,0.026394,0.050845,0.089594,0.12064,0.14538,0.17492
90.0,1.2298E-4,5.0251E-4,0.001726,0.0048969,0.01177,0.024737,0.047596,0.084138,0.1135,0.1369,0.16487
100.0,1.1438E-4,4.6903E-4,0.0016156,0.0045906,0.011082,0.023309,0.04487,0.079408,0.10724,0.1295,0.15616
110.0,1.071E-4,4.407E-4,0.0015223,0.0043367,0.010477,0.022146,0.042623,0.075073,0.10149,0.12256,0.14779
120.0,1.0054E-4,4.1572E-4,0.0014418,0.0041115,0.0099805,0.021107,0.04036,0.071232,0.09631,0.1164,0.14048
130.0,9.4649E-5,3.9268E-4,0.0013657,0.0038951,0.0094606,0.01995,0.038171,0.067553,0.091447,0.11058,0.13352
140.0,8.9199E-5,3.7097E-4,0.001293,0.003691,0.00894,0.018867,0.036182,0.06407,0.086811,0.10507,0.12698
150.0,8.3337E-5,3.477E-4,0.0012156,0.0034779,0.0084298,0.017848,0.03426,0.060485,0.082105,0.099577,0.12059
175.0,7.0617E-5,2.9733E-4,0.0010481,0.0030022,0.0073057,0.015502,0.029745,0.052699,0.071945,0.087565,0.10642
200.0,6.0801E-5,2.5762E-4,9.1472E-4,0.0026276,0.0063888,0.013547,0.026133,0.046492,0.063637,0.077559,0.094394
250.0,4.539E-5,1.9508E-4,7.0034E-4,0.0020272,0.0049779,0.010633,0.020618,0.037159,0.050972,0.062304,0.076059
300.0,3.5253E-5,1.5311E-4,5.5463E-4,0.0016158,0.0040033,0.0085992,0.016846,0.030653,0.042072,0.051365,0.062816
350.0,2.8152E-5,1.2328E-4,4.495E-4,0.0013172,0.0032822,0.0070869,0.013942,0.025492,0.035102,0.043057,0.052744
400.0,2.2887E-5,1.0106E-4,3.7004E-4,0.0010916,0.0027317,0.0059299,0.0117,0.021502,0.029776,0.036578,0.044871
450.0,1.818E-5,8.0697E-5,2.9721E-4,8.9183E-4,0.0022601,0.0049592,0.0098706,0.018311,0.025399,0.03121,0.038296
500.0,1.473E-5,6.5645E-5,2.4257E-4,7.394E-4,0.001892,0.0041934,0.0084253,0.015741,0.021851,0.026888,0.033042
600.0,1.0012E-5,4.4952E-5,1.6757E-4,5.2117E-4,0.0013601,0.0030802,0.0062782,0.011836,0.016563,0.020488,0.025327
700.0,7.0832E-6,3.193E-5,1.202E-4,3.7977E-4,0.0010035,0.0023036,0.0047739,0.0091155,0.012791,0.015851,0.01961
800.0,5.1067E-6,2.3153E-5,8.7634E-5,2.8024E-4,7.5465E-4,0.0017682,0.0036991,0.0071031,0.010024,0.012475,0.015493
1000.0,2.8091E-6,1.2835E-5,4.9138E-5,1.6096E-4,4.4495E-4,0.0010692,0.0022884,0.0044695,0.0063543,0.0079594,0.009949
1200.0,1.6278E-6,7.5405E-6,2.9317E-5,9.7885E-5,2.7502E-4,6.7167E-4,0.0014635,0.0029061,0.0041679,0.0052441,0.0065875
1500.0,7.3747E-7,3.4546E-6,1.3716E-5,4.6967E-5,1.3531E-4,3.3913E-4,7.5673E-4,0.0015318,0.0022254,0.0028327,0.0035506
SA1P0
r\m,4.0,4.5,5.0,5.5,6.0,6.5,7.0,7.5,7.8,8.0,8.2
0.0,0.014487,0.037539,0.081939,0.14678,0.22824,0.32442,0.43388,0.53623,0.5913,0.62523,0.66277
1.0,0.010928,0.030882,0.071027,0.13086,0.20603,0.2964,0.40116,0.50306,0.5577,0.58926,0.62146
5.0,0.0028524,0.010537,0.031836,0.076564,0.14494,0.23271,0.335,0.43853,0.49354,0.52535,0.55657
10.0,0.0011455,0.0044713,0.014689,0.040036,0.088904,0.16501,0.25988,0.36258,0.42208,0.4594,0.49785
15.0,6.4044E-4,0.0025615,0.0087107,0.024933,0.059134,0.11882,0.20053,0.29565,0.35534,0.39479,0.43738
20.0,4.1567E-4,0.0016886,0.0058609,0.017172,0.042298,0.08867,0.15656,0.24193,0.29878,0.3379,0.38002
25.0,2.9063E-4,0.0011947,0.0042324,0.01263,0.031873,0.067992,0.12426,0.2003,0.2528,0.29032,0.33229
30.0,2.1859E-4,9.0547E-4,0.0032468,0.0097744,0.024932,0.053974,0.10184,0.16835,0.21669,0.25179,0.29161
40.0,1.4091E-4,5.9274E-4,0.0021591,0.0065973,0.017007,0.037399,0.07272,0.12484,0.16388,0.19311,0.22721
50.0,1.007E-4,4.276E-4,0.00157,0.0048386,0.012576,0.028022,0.055851,0.099246,0.13338,0.16,0.19144
60.0,8.465E-5,3.6166E-4,0.0013312,0.0040992,0.010685,0.023896,0.048058,0.086269,0.11653,0.14029,0.16842
70.0,7.3941E-5,3.1627E-4,0.0011664,0.0036072,0.009419,0.021131,0.042693,0.077579,0.10548,0.12777,0.15437
80.0,6.6975E-5,2.8882E-4,0.0010724,0.0033211,0.008686,0.019511,0.0396,0.072212,0.098588,0.11966,0.14487
90.0,6.1969E-5,2.6832E-4,9.9951E-4,0.0031007,0.0081186,0.018317,0.037124,0.067901,0.09286,0.1128,0.13667
100.0,5.7721E-5,2.5087E-4,9.3729E-4,0.0029122,0.0076578,0.017288,0.03505,0.064169,0.087847,0.10683,0.12959
110.0,5.4133E-5,2.3615E-4,8.8486E-4,0.0027565,0.0072542,0.016461,0.033365,0.060771,0.083277,0.10127,0.12284
120.0,5.0899E-5,2.2316E-4,8.3962E-4,0.0026184,0.0069257,0.015723,0.03165,0.057763,0.079159,0.096339,0.11696
130.0,4.7994E-5,2.1118E-4,7.9689E-4,0.0024859,0.0065792,0.01489,0.029991,0.05488,0.075299,0.091691,0.11137
140.0,4.5301E-5,1.9986E-4,7.5597E-4,0.0023605,0.006229,0.014109,0.028482,0.052143,0.071609,0.087275,0.1061
150.0,4.2382E-5,1.8762E-4,7.1196E-4,0.002228,0.005884,0.013373,0.027019,0.049307,0.067836,0.082836,0.1009
175.0,3.604E-5,1.6109E-4,6.1661E-4,0.0019327,0.0051255,0.011675,0.023573,0.043156,0.059704,0.073165,0.089443
200.0,3.1142E-5,1.4016E-4,5.4076E-4,0.0017003,0.0045051,0.010254,0.020811,0.038247,0.053039,0.065078,0.079665
250.0,2.3439E-5,1.0715E-4,4.1836E-4,0.0013259,0.0035488,0.0081343,0.016585,0.030866,0.042914,0.05282,0.064873
300.0,1.8364E-5,8.494E-5,3.3485E-4,0.0010683,0.0028849,0.0066491,0.013687,0.025711,0.035769,0.043981,0.054112
350.0,1.48E-5,6.9095E-5,2.7433E-4,8.8055E-4,0.0023918,0.0055411,0.011448,0.021596,0.030139,0.037223,0.04588
400.0,1.215E-5,5.7243E-5,2.2831E-4,7.3791E-4,0.0020127,0.0046875,0.0097068,0.018396,0.025808,0.03192,0.0394
450.0,9.7616E-6,4.6267E-5,1.8563E-4,6.1007E-4,0.0016842,0.0039633,0.0082751,0.01582,0.022225,0.027484,0.033922
500.0,8.0018E-6,3.8106E-5,1.5338E-4,5.1176E-4,0.0014258,0.0033878,0.0071347,0.013731,0.019293,0.023891,0.02953
600.0,5.6085E-6,2.69E-5,1.0917E-4,3.7106E-4,0.0010522,0.0025506,0.0054407,0.01055,0.014936,0.01859,0.023103
700.0,4.0717E-6,1.9624E-5,8.0244E-5,2.765E-4,7.9254E-4,0.0019463,0.0042158,0.0082671,0.011733,0.014628,0.018202
800.0,3.0194E-6,1.4601E-5,5.9972E-5,2.0873E-4,6.0913E-4,0.0015258,0.0033311,0.0065607,0.0093607,0.011711,0.014626
1000.0,1.7535E-6,8.5323E-6,3.5338E-5,1.2549E-4,3.7454E-4,9.5922E-4,0.0021376,0.0042741,0.0061416,0.0077247,0.0097
1200.0,1.0761E-6,5.2898E-6,2.2166E-5,8.0024E-5,2.4205E-4,6.2832E-4,0.0014222,0.0028827,0.0041702,0.0052672,0.0066424
1500.0,5.3143E-7,2.637E-6,1.1224E-5,4.1332E-5,1.2747E-4,3.3884E-4,7.8322E-4,0.0016115,0.0023571,0.0030026,0.003794
SA1P5
r\m,4.0,4.5,5.0,5.5,6.0,6.5,7.0,7.5,7.8,8.0,8.2
0.0,0.0054057,0.014623,0.034712,0.06936,0.12152,0.19333,0.28421,0.37662,0.42821,0.46021,0.49517
1.0,0.0040852,0.012064,0.030188,0.062057,0.11005,0.17712,0.26337,0.354,0.40459,0.43442,0.46483
5.0,0.0010615,0.0041039,0.013519,0.03637,0.077718,0.13974,0.22092,0.30978,0.35927,0.38852,0.41732
10.0,4.2599E-4,0.0017398,0.0062323,0.019016,0.047744,0.099412,0.17191,0.25674,0.30792,0.34048,0.3739
15.0,2.3834E-4,9.9721E-4,0.0036975,0.011848,0.031781,0.071671,0.13285,0.20967,0.25955,0.29291,0.32882
20.0,1.5476E-4,6.5774E-4,0.0024892,0.0081656,0.022747,0.053522,0.1038,0.17176,0.21844,0.2509,0.28592
25.0,1.0823E-4,4.6545E-4,0.0017985,0.0060109,0.017159,0.04107,0.082446,0.14225,0.18489,0.21568,0.25013
30.0,8.1435E-5,3.5289E-4,0.0013803,0.004654,0.01343,0.032616,0.067594,0.11959,0.15852,0.1871,0.21954
40.0,5.255E-5,2.3128E-4,9.1906E-4,0.003145,0.0091708,0.022618,0.048296,0.088731,0.11996,0.14357,0.17117
50.0,3.7598E-5,1.6705E-4,6.6913E-4,0.0023092,0.0067879,0.016961,0.03711,0.070564,0.097658,0.119,0.14427
60.0,3.1631E-5,1.414E-4,5.6774E-4,0.0019572,0.005768,0.01446,0.03192,0.06131,0.085275,0.10426,0.12682
70.0,2.7656E-5,1.2377E-4,4.9783E-4,0.0017236,0.0050872,0.012788,0.028357,0.055136,0.07719,0.094971,0.11627
80.0,2.509E-5,1.1324E-4,4.587E-4,0.0015901,0.0046997,0.011827,0.026338,0.05138,0.072228,0.089042,0.10923
90.0,2.3252E-5,1.0539E-4,4.2834E-4,0.0014876,0.0044012,0.011123,0.024729,0.048378,0.068114,0.084029,0.10314
100.0,2.1693E-5,9.8718E-5,4.0246E-4,0.0013999,0.0041595,0.010517,0.023386,0.045783,0.064517,0.079673,0.097905
110.0,2.0378E-5,9.3103E-5,3.8073E-4,0.0013278,0.0039487,0.010037,0.022309,0.043436,0.061266,0.075655,0.092961
120.0,1.9194E-5,8.8154E-5,3.6197E-4,0.001264,0.0037786,0.0096084,0.021203,0.04136,0.058338,0.072094,0.088663
130.0,1.8129E-5,8.3583E-5,3.4428E-4,0.0012027,0.0035978,0.009118,0.020131,0.039371,0.055597,0.068744,0.084583
140.0,1.714E-5,7.925E-5,3.2728E-4,0.0011445,0.0034132,0.008657,0.019155,0.037475,0.052968,0.065551,0.080728
150.0,1.6059E-5,7.4522E-5,3.0881E-4,0.0010823,0.0032303,0.0082221,0.018207,0.035498,0.050261,0.062313,0.076884
175.0,1.3708E-5,6.4266E-5,2.6876E-4,9.4373E-4,0.0028292,0.0072176,0.015966,0.031216,0.044437,0.055289,0.068463
200.0,1.189E-5,5.6165E-5,2.3692E-4,8.3485E-4,0.0025002,0.0063722,0.014166,0.027796,0.039654,0.049392,0.061237
250.0,9.0267E-6,4.3378E-5,1.8534E-4,6.5845E-4,0.0019925,0.0051122,0.011409,0.022658,0.032419,0.040514,0.050409
300.0,7.1376E-6,3.4749E-5,1.5003E-4,5.3668E-4,0.0016384,0.004226,0.0095146,0.019066,0.027296,0.034082,0.042479
350.0,5.8084E-6,2.8577E-5,1.2434E-4,4.4766E-4,0.0013746,0.0035635,0.0080481,0.016182,0.023235,0.029134,0.036381
400.0,4.8172E-6,2.3942E-5,1.047E-4,3.7967E-4,0.0011706,0.0030499,0.0068984,0.013927,0.020095,0.02523,0.031551
450.0,3.9164E-6,1.9601E-5,8.6247E-5,3.179E-4,9.9139E-4,0.0026089,0.0059462,0.0121,0.017477,0.021931,0.027413
500.0,3.2498E-6,1.6357E-5,7.2205E-5,2.7005E-4,8.4948E-4,0.0022561,0.0051819,0.01061,0.015317,0.019243,0.024087
600.0,2.3517E-6,1.1922E-5,5.3048E-5,2.0182E-4,6.4477E-4,0.001744,0.0040498,0.0083405,0.012124,0.015307,0.019255
700.0,1.7544E-6,8.9488E-6,4.0041E-5,1.541E-4,4.9682E-4,0.0013604,0.0032027,0.0066584,0.0097004,0.012264,0.015454
800.0,1.3403E-6,6.8458E-6,3.0743E-5,1.1928E-4,3.911E-4,0.0010914,0.0025852,0.0053894,0.0078893,0.010002,0.012646
1000.0,8.2491E-7,4.2357E-6,1.913E-5,7.5438E-5,2.5196E-4,7.1641E-4,0.0017272,0.0036469,0.0053733,0.0068395,0.0086848
1200.0,5.3854E-7,2.7851E-6,1.2682E-5,5.0708E-5,1.7111E-4,4.9164E-4,0.0012007,0.0025608,0.00379,0.0048423,0.0061702
1500.0,2.9211E-7,1.5238E-6,7.0137E-6,2.8449E-5,9.729E-5,2.8553E-4,7.096E-4,0.0015286,0.002282,0.0029304,0.0037582
SA2P0
r\m,4.0,4.5,5.0,5.5,6.0,6.5,7.0,7.5,7.8,8.0,8.2
0.0,0.0027099,0.0073958,0.018281,0.038974,0.073975,0.12792,0.20287,0.28556,0.33387,0.36434,0.39736
1.0,0.0020497,0.00611,0.015923,0.03493,0.067097,0.11735,0.1882,0.26866,0.31572,0.34418,0.37322
5.0,5.3151E-4,0.0020756,0.007128,0.02049,0.047477,0.092802,0.15821,0.23554,0.28082,0.30829,0.33546
10.0,2.1323E-4,8.7955E-4,0.0032849,0.010714,0.029189,0.066131,0.1233,0.19545,0.24095,0.27047,0.30081
15.0,1.1935E-4,5.043E-4,0.0019494,0.006677,0.019438,0.047707,0.095358,0.15974,0.20323,0.23281,0.26469
20.0,7.7519E-5,3.3272E-4,0.0013129,0.0046035,0.013918,0.03564,0.074542,0.13093,0.17112,0.1995,0.23025
25.0,5.4221E-5,2.3549E-4,9.4888E-4,0.0033902,0.010505,0.02736,0.05923,0.10846,0.14487,0.17154,0.20147
30.0,4.0805E-5,1.7858E-4,7.2845E-4,0.0026258,0.0082252,0.021733,0.04857,0.09119,0.12423,0.14883,0.17686
40.0,2.6348E-5,1.1712E-4,4.8538E-4,0.0017757,0.00562,0.015079,0.034716,0.067686,0.094038,0.11425,0.13794
50.0,1.8864E-5,8.4653E-5,3.5364E-4,0.0013046,0.0041622,0.011314,0.026685,0.053842,0.076575,0.094711,0.11629
60.0,1.5877E-5,7.169E-5,3.0019E-4,0.0011061,0.0035375,0.0096447,0.022951,0.046775,0.066852,0.082961,0.10219
70.0,1.389E-5,6.2787E-5,2.6337E-4,9.7462E-4,0.0031212,0.0085318,0.020391,0.042069,0.06052,0.075579,0.093708
80.0,1.2612E-5,5.7504E-5,2.4294E-4,9.0015E-4,0.0028863,0.0078971,0.018954,0.039228,0.056664,0.070902,0.08808
90.0,1.1698E-5,5.3573E-5,2.271E-4,8.4302E-4,0.0027059,0.0074342,0.017811,0.036963,0.053472,0.066951,0.083219
100.0,1.0923E-5,5.0231E-5,2.1361E-4,7.9425E-4,0.00256,0.0070363,0.016858,0.035007,0.050682,0.06352,0.079041
110.0,1.027E-5,4.7423E-5,2.023E-4,7.542E-4,0.0024331,0.0067233,0.016101,0.033244,0.048172,0.06037,0.075115
120.0,9.6821E-6,4.4949E-5,1.9254E-4,7.1874E-4,0.0023312,0.0064441,0.015318,0.031685,0.045912,0.05758,0.071705
130.0,9.1534E-6,4.2663E-5,1.8334E-4,6.8472E-4,0.0022224,0.006122,0.014558,0.030191,0.043797,0.054958,0.068472
140.0,8.6617E-6,4.0493E-5,1.7449E-4,6.5238E-4,0.0021107,0.0058189,0.013868,0.028766,0.041767,0.052454,0.065412
150.0,8.1221E-6,3.8113E-5,1.6481E-4,6.1758E-4,0.0019997,0.0055327,0.013195,0.027273,0.039667,0.049905,0.062346
175.0,6.9472E-6,3.2946E-5,1.4382E-4,5.4004E-4,0.0017566,0.004871,0.011602,0.024043,0.035154,0.044384,0.055649
200.0,6.0386E-6,2.8864E-5,1.2714E-4,4.7917E-4,0.001557,0.0043127,0.010322,0.021462,0.031444,0.03974,0.049886
250.0,4.6057E-6,2.2416E-5,1.0006E-4,3.8028E-4,0.0012486,0.003481,0.0083603,0.017588,0.025847,0.032777,0.041295
300.0,3.6599E-6,1.8059E-5,8.1501E-5,3.1191E-4,0.0010331,0.0028951,0.0070112,0.014879,0.021879,0.027721,0.034984
350.0,2.9937E-6,1.4939E-5,6.7971E-5,2.6186E-4,8.7241E-4,0.0024568,0.0059662,0.012699,0.018724,0.023821,0.03012
400.0,2.4963E-6,1.2591E-5,5.7602E-5,2.2354E-4,7.4772E-4,0.002116,0.0051438,0.010989,0.016278,0.020735,0.026255
450.0,2.0423E-6,1.0379E-5,4.7781E-5,1.8847E-4,6.3745E-4,0.0018215,0.0044601,0.0095997,0.014232,0.018114,0.022922
500.0,1.7055E-6,8.7219E-6,4.0286E-5,1.612E-4,5.4982E-4,0.0015851,0.0039094,0.0084631,0.012536,0.015973,0.02024
600.0,1.2548E-6,6.4654E-6,3.0102E-5,1.2245E-4,4.2371E-4,0.0012429,0.0030958,0.0067341,0.01004,0.012854,0.016364
700.0,9.4958E-7,4.9272E-6,2.3051E-5,9.4762E-5,3.3061E-4,9.8128E-4,0.0024757,0.0054306,0.0081128,0.0104,0.013264
800.0,7.3696E-7,3.826E-6,1.796E-5,7.4366E-5,2.6372E-4,7.9733E-4,0.0020218,0.004443,0.006667,0.0085657,0.010961
1000.0,4.6774E-7,2.4414E-6,1.1515E-5,4.8369E-5,1.7437E-4,5.3614E-4,0.0013813,0.0030695,0.0046339,0.005973,0.0076706
1200.0,3.1558E-7,1.6572E-6,7.8687E-6,3.3475E-5,1.2173E-4,3.7757E-4,9.837E-4,0.0022035,0.003337,0.0043163,0.0055597
1500.0,1.7998E-7,9.5364E-7,4.5677E-6,1.9664E-5,7.2244E-5,2.2854E-4,6.0461E-4,0.0013637,0.0020801,0.0026989,0.0035069
SA3P0
r\m,4.0,4.5,5.0,5.5,6.0,6.5,7.0,7.5,7.8,8.0,8.2
0.0,0.0010523,0.0028382,0.0072498,0.016608,0.034868,0.067628,0.12003,0.18602,0.22791,0.25534,0.28502
1.0,7.9666E-4,0.0023479,0.0063246,0.014909,0.031673,0.062122,0.11148,0.17517,0.21569,0.24139,0.26785
5.0,2.0618E-4,7.9662E-4,0.0028304,0.0087534,0.022455,0.049242,0.093909,0.15385,0.19217,0.21654,0.24104
10.0,8.2697E-5,3.3746E-4,0.0013041,0.0045775,0.013817,0.035148,0.073305,0.12782,0.16507,0.19018,0.21632
15.0,4.6306E-5,1.9356E-4,7.7417E-4,0.0028539,0.0092058,0.025373,0.056736,0.10455,0.13931,0.1638,0.19045
20.0,3.0087E-5,1.2775E-4,5.2159E-4,0.0019685,0.0065948,0.018965,0.044374,0.085746,0.11737,0.14043,0.16575
25.0,2.1049E-5,9.0441E-5,3.7714E-4,0.0014505,0.0049808,0.014566,0.035275,0.07105,0.09939,0.12078,0.14507
30.0,1.5845E-5,6.8605E-5,2.8963E-4,0.0011239,0.0039015,0.011574,0.028935,0.059751,0.085247,0.10481,0.12737
40.0,1.0239E-5,4.503E-5,1.9315E-4,7.6068E-4,0.0026678,0.0080356,0.020693,0.044371,0.064557,0.080492,0.099391
50.0,7.3359E-6,3.2575E-5,1.4085E-4,5.5936E-4,0.0019773,0.0060332,0.015913,0.03531,0.052587,0.066751,0.083817
60.0,6.1781E-6,2.7604E-5,1.1964E-4,4.7451E-4,0.0016812,0.005144,0.013687,0.030675,0.045906,0.058462,0.073638
70.0,5.4084E-6,2.4193E-5,1.0504E-4,4.1838E-4,0.0014842,0.0045522,0.012164,0.027595,0.041567,0.053274,0.067546
80.0,4.9154E-6,2.2182E-5,9.7013E-5,3.869E-4,0.0013741,0.0042178,0.011317,0.025751,0.038947,0.05001,0.063529
90.0,4.5637E-6,2.0689E-5,9.0796E-5,3.628E-4,0.0012897,0.003975,0.010645,0.024285,0.03678,0.047256,0.06006
100.0,4.2653E-6,1.942E-5,8.5505E-5,3.4224E-4,0.0012217,0.0037665,0.010085,0.023019,0.034888,0.044866,0.057084
110.0,4.0145E-6,1.8356E-5,8.1083E-5,3.254E-4,0.0011627,0.0036038,0.0096444,0.021883,0.033193,0.042682,0.054299
120.0,3.7884E-6,1.7418E-5,7.7264E-5,3.1049E-4,0.0011155,0.0034588,0.0091857,0.020878,0.031668,0.040749,0.051883
130.0,3.5851E-6,1.6552E-5,7.3665E-5,2.962E-4,0.0010649,0.00329,0.0087406,0.019916,0.030241,0.038934,0.049595
140.0,3.3959E-6,1.5728E-5,7.0199E-5,2.8259E-4,0.0010126,0.0031309,0.0083355,0.018996,0.028868,0.037198,0.047426
150.0,3.1872E-6,1.4819E-5,6.6382E-5,2.6784E-4,9.6056E-4,0.0029807,0.0079407,0.018028,0.027443,0.035422,0.045241
175.0,2.7324E-6,1.2845E-5,5.8105E-5,2.3496E-4,8.4659E-4,0.0026328,0.0070031,0.015936,0.024384,0.031584,0.040484
200.0,2.3806E-6,1.1284E-5,5.1528E-5,2.0919E-4,7.5288E-4,0.0023385,0.0062487,0.014265,0.021867,0.028349,0.036378
250.0,1.825E-6,8.8164E-6,4.0826E-5,1.6716E-4,6.0802E-4,0.0019002,0.0050928,0.011757,0.018079,0.023519,0.030291
300.0,1.458E-6,7.1472E-6,3.348E-5,1.3808E-4,5.0661E-4,0.0015911,0.0042975,0.010004,0.015391,0.020004,0.025807
350.0,1.1993E-6,5.9506E-6,2.8116E-5,1.1676E-4,4.3088E-4,0.0013597,0.003681,0.0085896,0.013248,0.017286,0.022343
400.0,1.0059E-6,5.0486E-6,2.3995E-5,1.004E-4,3.7196E-4,0.0011793,0.0031941,0.0074775,0.011582,0.01513,0.019583
450.0,8.2842E-7,4.1923E-6,2.0057E-5,8.529E-5,3.1943E-4,0.0010223,0.0027876,0.0065711,0.010184,0.013289,0.017185
500.0,6.9655E-7,3.5495E-6,1.7042E-5,7.3507E-5,2.7754E-4,8.9587E-4,0.0024591,0.0058275,0.00902,0.011782,0.015255
600.0,5.2138E-7,2.6785E-6,1.2967E-5,5.6828E-5,2.1747E-4,7.1351E-4,0.0019754,0.0046981,0.0073158,0.0095992,0.012483
700.0,4.0056E-7,2.0748E-6,1.0087E-5,4.4643E-5,1.721E-4,5.7098E-4,0.0015995,0.0038312,0.0059755,0.0078487,0.010226
800.0,3.1603E-7,1.6371E-6,7.9866E-6,3.5574E-5,1.3933E-4,4.7058E-4,0.0013233,0.0031717,0.0049665,0.0065346,0.0085402
1000.0,2.0721E-7,1.0799E-6,5.2903E-6,2.387E-5,9.4845E-5,3.2512E-4,9.2692E-4,0.0022421,0.0035297,0.004655,0.0061008
1200.0,1.4474E-7,7.5849E-7,3.7374E-6,1.7063E-5,6.8281E-5,2.3567E-4,6.7811E-4,0.0016493,0.0026005,0.0034399,0.004519
1500.0,8.7034E-8,4.6082E-7,2.2874E-6,1.0546E-5,4.251E-5,1.4939E-4,4.3528E-4,0.001062,0.0016836,0.0022291,0.0029602
SA4P0
r\m,4.0,4.5,5.0,5.5,6.0,6.5,7.0,7.5,7.8,8.0,8.2
0.0,5.5037E-4,0.001452,0.0037412,0.0089003,0.019879,0.041636,0.080117,0.13364,0.16999,0.19462,0.22146
1.0,4.1684E-4,0.0012019,0.0032661,0.0079961,0.01807,0.03827,0.074443,0.1259,0.16094,0.18405,0.20817
5.0,1.0779E-4,4.0758E-4,0.0014615,0.004697,0.012823,0.03037,0.062778,0.11067,0.1435,0.16522,0.18744
10.0,4.323E-5,1.7264E-4,6.7335E-4,0.0024566,0.007894,0.021697,0.049043,0.092008,0.12333,0.14519,0.1683
15.0,2.4212E-5,9.9045E-5,3.9984E-4,0.001532,0.0052612,0.015669,0.037975,0.075289,0.10413,0.12509,0.14821
20.0,1.5735E-5,6.5388E-5,2.6946E-4,0.001057,0.0037701,0.011715,0.029709,0.061768,0.087751,0.10727,0.12902
25.0,1.101E-5,4.6298E-5,1.9488E-4,7.791E-4,0.0028485,0.0090001,0.023624,0.051191,0.074322,0.092279,0.11295
30.0,8.2895E-6,3.5127E-5,1.497E-4,6.0382E-4,0.0022319,0.0071531,0.019382,0.043057,0.063756,0.080089,0.099181
40.0,5.3587E-6,2.3067E-5,9.9889E-5,4.0891E-4,0.001527,0.0049686,0.013866,0.031985,0.048297,0.061525,0.077415
50.0,3.8413E-6,1.6696E-5,7.2881E-5,3.0085E-4,0.0011323,0.0037321,0.010667,0.02546,0.039352,0.051035,0.065301
60.0,3.2362E-6,1.4154E-5,6.1931E-5,2.5532E-4,9.6304E-4,0.0031828,0.0091768,0.022121,0.034355,0.044699,0.05737
70.0,2.8342E-6,1.241E-5,5.4398E-5,2.2522E-4,8.5055E-4,0.0028175,0.0081575,0.019905,0.031114,0.04074,0.052636
80.0,2.5772E-6,1.1386E-5,5.0279E-5,2.0843E-4,7.8799E-4,0.0026122,0.0075936,0.018583,0.029165,0.03826,0.049524
90.0,2.3941E-6,1.0627E-5,4.709E-5,1.9559E-4,7.4016E-4,0.0024635,0.007147,0.017533,0.027555,0.036168,0.046837
100.0,2.2388E-6,9.9813E-6,4.4377E-5,1.8464E-4,7.0164E-4,0.0023358,0.0067753,0.016628,0.02615,0.034354,0.044535
110.0,2.1084E-6,9.4406E-6,4.2112E-5,1.7569E-4,6.6822E-4,0.0022367,0.0064836,0.015817,0.024893,0.032699,0.042384
120.0,1.9907E-6,8.9643E-6,4.0158E-5,1.6777E-4,6.4165E-4,0.0021483,0.0061794,0.0151,0.023763,0.031236,0.04052
130.0,1.885E-6,8.5241E-6,3.8315E-5,1.6017E-4,6.1302E-4,0.002045,0.0058839,0.014413,0.022705,0.029862,0.038755
140.0,1.7865E-6,8.105E-6,3.654E-5,1.5293E-4,5.8337E-4,0.0019475,0.005615,0.013755,0.021688,0.028546,0.037081
150.0,1.6776E-6,7.6413E-6,3.4576E-5,1.4505E-4,5.5376E-4,0.0018554,0.0053527,0.013063,0.020628,0.027197,0.035389
175.0,1.4401E-6,6.6336E-6,3.0319E-5,1.2749E-4,4.89E-4,0.001642,0.0047289,0.011565,0.018356,0.024285,0.031713
200.0,1.2563E-6,5.8369E-6,2.6936E-5,1.1372E-4,4.3571E-4,0.0014611,0.0042267,0.010368,0.016485,0.021828,0.028535
250.0,9.6589E-7,4.5762E-6,2.1423E-5,9.124E-5,3.5331E-4,0.0011919,0.0034571,0.0085732,0.013673,0.018167,0.023837
300.0,7.7398E-7,3.7229E-6,1.7637E-5,7.5669E-5,2.9557E-4,0.0010019,0.0029277,0.0073192,0.011678,0.015501,0.02037
350.0,6.3864E-7,3.1108E-6,1.487E-5,6.425E-5,2.5242E-4,8.5961E-4,0.0025171,0.0063053,0.010084,0.013436,0.01769
400.0,5.3738E-7,2.649E-6,1.2741E-5,5.5476E-5,2.1881E-4,7.4856E-4,0.0021922,0.0055075,0.008844,0.011797,0.015552
450.0,4.4415E-7,2.2086E-6,1.0695E-5,4.7333E-5,1.887E-4,6.5152E-4,0.0019203,0.0048562,0.0078012,0.010393,0.013687
500.0,3.7483E-7,1.8777E-6,9.1272E-6,4.0969E-5,1.6465E-4,5.7324E-4,0.0017002,0.0043211,0.0069309,0.0092415,0.012185
600.0,2.8312E-7,1.4306E-6,7.014E-6,3.1985E-5,1.3022E-4,4.606E-4,0.0013769,0.0035091,0.0056606,0.0075807,0.010037
700.0,2.1927E-7,1.118E-6,5.5044E-6,2.5342E-5,1.039E-4,3.7148E-4,0.0011229,0.00288,0.0046518,0.0062352,0.0082711
800.0,1.7452E-7,8.8996E-7,4.3974E-6,2.0371E-5,8.4829E-5,3.0867E-4,9.3591E-4,0.0024002,0.003891,0.0052227,0.006948
1000.0,1.1642E-7,5.9773E-7,2.9663E-6,1.3913E-5,5.8725E-5,2.1663E-4,6.6509E-4,0.0017192,0.0028003,0.0037653,0.0050207
1200.0,8.2834E-8,4.2771E-7,2.1346E-6,1.0128E-5,4.3027E-5,1.5966E-4,4.9409E-4,0.0012822,0.0020898,0.0028175,0.0037643
1500.0,5.1228E-8,2.6759E-7,1.3452E-6,6.4414E-6,2.7527E-5,1.0389E-4,3.2505E-4,8.4422E-4,0.0013818,0.0018624,0.0025175
SA5P0
r\m,4.0,4.5,5.0,5.5,6.0,6.5,7.0,7.5,7.8,8.0,8.2
0.0,3.3507E-4,8.632E-4,0.0022231,0.0054106,0.012616,0.027975,0.057324,0.10151,0.13325,0.15542,0.17982
1.0,2.5384E-4,7.1478E-4,0.0019417,0.0048632,0.011473,0.025723,0.05328,0.095655,0.12619,0.14701,0.16905
5.0,6.5606E-5,2.4232E-4,8.6884E-4,0.0028576,0.0081461,0.020427,0.04496,0.084136,0.11257,0.13203,0.15228
10.0,2.6313E-5,1.0264E-4,4.003E-4,0.0014947,0.0050163,0.014601,0.035141,0.069973,0.096786,0.11606,0.13676
15.0,1.474E-5,5.8896E-5,2.3774E-4,9.3231E-4,0.0033441,0.010547,0.027219,0.057275,0.081734,0.10002,0.12047
20.0,9.5806E-6,3.8889E-5,1.6025E-4,6.434E-4,0.0023969,0.0078874,0.021299,0.047,0.068894,0.085785,0.10488
25.0,6.7043E-6,2.7539E-5,1.1592E-4,4.7435E-4,0.0018114,0.006061,0.01694,0.038957,0.058358,0.073807,0.091834
30.0,5.0484E-6,2.0897E-5,8.9059E-5,3.6771E-4,0.0014196,0.004818,0.0139,0.032771,0.050068,0.064064,0.080647
40.0,3.2646E-6,1.3728E-5,5.9451E-5,2.4912E-4,9.716E-4,0.0033478,0.0099472,0.02435,0.037937,0.049227,0.062963
50.0,2.3409E-6,9.9396E-6,4.3394E-5,1.8336E-4,7.2077E-4,0.0025156,0.0076544,0.019388,0.030917,0.040841,0.053121
60.0,1.9727E-6,8.4291E-6,3.6887E-5,1.5566E-4,6.1319E-4,0.0021458,0.0065863,0.016848,0.026994,0.035774,0.046671
70.0,1.7281E-6,7.3933E-6,3.2411E-5,1.3736E-4,5.4175E-4,0.0019001,0.0058561,0.015162,0.024452,0.032612,0.042828
80.0,1.572E-6,6.7862E-6,2.9972E-5,1.2718E-4,5.0215E-4,0.0017624,0.0054535,0.014161,0.022928,0.030635,0.040307
90.0,1.4609E-6,6.3364E-6,2.8085E-5,1.1941E-4,4.7191E-4,0.0016629,0.0051349,0.013366,0.021669,0.028969,0.038131
100.0,1.3666E-6,5.954E-6,2.648E-5,1.1278E-4,4.4758E-4,0.0015774,0.0048699,0.01268,0.020571,0.027524,0.036267
110.0,1.2875E-6,5.634E-6,2.5141E-5,1.0737E-4,4.2649E-4,0.0015113,0.0046626,0.012067,0.01959,0.026209,0.034528
120.0,1.2161E-6,5.3522E-6,2.3986E-5,1.0258E-4,4.0976E-4,0.0014524,0.0044459,0.011525,0.018708,0.025045,0.033021
130.0,1.152E-6,5.0917E-6,2.2897E-5,9.7994E-5,3.917E-4,0.0013832,0.0042353,0.011005,0.017883,0.023953,0.031595
140.0,1.0922E-6,4.8436E-6,2.1847E-5,9.3613E-5,3.7294E-4,0.0013179,0.0040437,0.010507,0.017088,0.022906,0.030241
150.0,1.0259E-6,4.5684E-6,2.0683E-5,8.8832E-5,3.5419E-4,0.0012562,0.0038566,0.0099822,0.01626,0.021832,0.028872
175.0,8.8152E-7,3.9702E-6,1.8159E-5,7.818E-5,3.132E-4,0.0011132,0.0034112,0.0088472,0.014483,0.019513,0.025897
200.0,7.6974E-7,3.4972E-6,1.6153E-5,6.9833E-5,2.7944E-4,9.9188E-4,0.0030527,0.0079401,0.01302,0.017556,0.023323
250.0,5.9294E-7,2.7483E-6,1.2881E-5,5.6183E-5,2.2723E-4,8.1131E-4,0.002503,0.0065804,0.010823,0.014643,0.019525
300.0,4.7608E-7,2.2411E-6,1.0633E-5,4.6725E-5,1.9063E-4,6.8382E-4,0.002125,0.0056307,0.0092634,0.012521,0.01672
350.0,3.9365E-7,1.8773E-6,8.9884E-6,3.9786E-5,1.6327E-4,5.8835E-4,0.0018316,0.0048619,0.0080167,0.010875,0.01455
400.0,3.3195E-7,1.6026E-6,7.7225E-6,3.4451E-5,1.4193E-4,5.1376E-4,0.0015993,0.0042565,0.0070461,0.0095685,0.012817
450.0,2.75E-7,1.3397E-6,6.5015E-6,2.9481E-5,1.2275E-4,4.484E-4,0.0014046,0.0037618,0.0062288,0.0084469,0.011302
500.0,2.3264E-7,1.1421E-6,5.5644E-6,2.5593E-5,1.0742E-4,3.9562E-4,0.0012467,0.003355,0.0055455,0.0075265,0.010082
600.0,1.7675E-7,8.7566E-7,4.3042E-6,2.0112E-5,8.5499E-5,3.1979E-4,0.0010152,0.0027381,0.0045504,0.0062019,0.0083405
700.0,1.3761E-7,6.8832E-7,3.3978E-6,1.6029E-5,6.8601E-5,2.5933E-4,8.3204E-4,0.0022572,0.0037552,0.0051218,0.0069008
800.0,1.1014E-7,5.5108E-7,2.7308E-6,1.2961E-5,5.6339E-5,2.1669E-4,6.9706E-4,0.0018898,0.0031547,0.0043077,0.00582
1000.0,7.4299E-8,3.7455E-7,1.8647E-6,8.9593E-6,3.9456E-5,1.5374E-4,5.0033E-4,0.0013659,0.00229,0.0031312,0.0042385
1200.0,5.3489E-8,2.7129E-7,1.3585E-6,6.6031E-6,2.9259E-5,1.1461E-4,3.7563E-4,0.0010284,0.001724,0.0023629,0.0032038
1500.0,3.368E-8,1.7301E-7,8.7286E-7,4.2811E-6,1.9069E-5,7.5927E-5,2.5129E-4,6.8738E-4,0.0011563,0.0015829,0.0021723
SA7P5
r\m,4.0,4.5,5.0,5.5,6.0,6.5,7.0,7.5,7.8,8.0,8.2
0.0,1.3663E-4,3.3256E-4,8.4353E-4,0.0021112,0.0052672,0.012883,0.029596,0.058762,0.082118,0.09946,0.11909
1.0,1.0354E-4,2.7551E-4,7.3714E-4,0.0018987,0.0047927,0.011851,0.027519,0.055391,0.077787,0.094101,0.11198
5.0,2.6745E-5,9.3376E-5,3.2987E-4,0.0011162,0.0034059,0.0094204,0.023243,0.048757,0.06944,0.084568,0.10092
10.0,1.0727E-5,3.9553E-5,1.52E-4,5.8402E-4,0.0020984,0.006739,0.01818,0.040574,0.059736,0.07438,0.090674
15.0,6.011E-6,2.2703E-5,9.0303E-5,3.644E-4,0.0013994,0.0048702,0.014088,0.033226,0.050465,0.064119,0.079895
20.0,3.908E-6,1.4995E-5,6.0889E-5,2.5157E-4,0.0010034,0.0036434,0.011028,0.027276,0.042551,0.055011,0.069581
25.0,2.7353E-6,1.0621E-5,4.406E-5,1.8555E-4,7.5867E-4,0.0028008,0.0087743,0.022614,0.036053,0.047342,0.060938
30.0,2.0602E-6,8.0619E-6,3.3861E-5,1.4388E-4,5.9478E-4,0.0022271,0.0072021,0.019028,0.030939,0.041102,0.053525
40.0,1.3329E-6,5.2993E-6,2.262E-5,9.755E-5,4.0738E-4,0.0015486,0.0051569,0.014146,0.023454,0.031596,0.041806
50.0,9.5628E-7,3.8393E-6,1.6522E-5,7.1852E-5,3.0242E-4,0.0011644,0.0039705,0.011268,0.019122,0.026225,0.035285
60.0,8.0625E-7,3.2577E-6,1.4053E-5,6.1034E-5,2.5743E-4,9.937E-4,0.0034179,0.0097954,0.0167,0.022976,0.031007
70.0,7.0665E-7,2.859E-6,1.2356E-5,5.3894E-5,2.2759E-4,8.8041E-4,0.0030405,0.0088195,0.015133,0.020954,0.028464
80.0,6.432E-7,2.6262E-6,1.1435E-5,4.9946E-5,2.1113E-4,8.1727E-4,0.0028334,0.0082416,0.014198,0.019694,0.026802
90.0,5.9809E-7,2.4539E-6,1.0724E-5,4.6933E-5,1.9859E-4,7.7174E-4,0.0026698,0.0077839,0.013427,0.018632,0.025367
100.0,5.5983E-7,2.3074E-6,1.0119E-5,4.4367E-5,1.8851E-4,7.327E-4,0.002534,0.0073896,0.012753,0.017713,0.024139
110.0,5.2773E-7,2.185E-6,9.6156E-6,4.2275E-5,1.7979E-4,7.026E-4,0.0024281,0.0070369,0.012153,0.016877,0.022995
120.0,4.9879E-7,2.0773E-6,9.1811E-6,4.0425E-5,1.7289E-4,6.7581E-4,0.0023171,0.0067255,0.011613,0.016137,0.022005
130.0,4.7276E-7,1.9776E-6,8.7716E-6,3.8651E-5,1.6542E-4,6.4418E-4,0.0022091,0.0064269,0.011109,0.015444,0.021068
140.0,4.4849E-7,1.8826E-6,8.3764E-6,3.6956E-5,1.5764E-4,6.1432E-4,0.0021108,0.0061407,0.010622,0.014778,0.020178
150.0,4.2154E-7,1.7769E-6,7.9364E-6,3.5098E-5,1.4984E-4,5.8606E-4,0.0020148,0.0058379,0.010114,0.014094,0.019275
175.0,3.6273E-7,1.5469E-6,6.9818E-6,3.0957E-5,1.328E-4,5.2048E-4,0.0017857,0.0051834,0.0090238,0.012617,0.017315
200.0,3.172E-7,1.3651E-6,6.2234E-6,2.7714E-5,1.1876E-4,4.6476E-4,0.0016012,0.0046604,0.0081257,0.01137,0.015618
250.0,2.451E-7,1.0768E-6,4.984E-6,2.2398E-5,9.7015E-5,3.8186E-4,0.0013184,0.0038767,0.0067788,0.0095159,0.013119
300.0,1.9742E-7,8.8145E-7,4.1318E-6,1.8713E-5,8.1764E-5,3.233E-4,0.0011239,0.0033296,0.0058225,0.0081647,0.011271
350.0,1.6377E-7,7.4121E-7,3.5081E-6,1.6008E-5,7.0358E-5,2.7944E-4,9.7284E-4,0.002886,0.0050569,0.007116,0.0098408
400.0,1.3856E-7,6.3524E-7,3.0272E-6,1.3926E-5,6.145E-5,2.4513E-4,8.5301E-4,0.0025362,0.0044603,0.006282,0.0086971
450.0,1.1521E-7,5.333E-7,2.5603E-6,1.1973E-5,5.3401E-5,2.1493E-4,7.5233E-4,0.0022499,0.0039568,0.0055641,0.0076932
500.0,9.7823E-8,4.5658E-7,2.2014E-6,1.0444E-5,4.6951E-5,1.905E-4,6.7059E-4,0.0020142,0.0035351,0.0049743,0.0068846
600.0,7.4963E-8,3.534E-7,1.7203E-6,8.2931E-6,3.7754E-5,1.5549E-4,5.5096E-4,0.0016571,0.0029225,0.0041286,0.0057348
700.0,5.8825E-8,2.8029E-7,1.3708E-6,6.6719E-6,3.0575E-5,1.2723E-4,4.5531E-4,0.001376,0.0024285,0.0034321,0.0047755
800.0,4.748E-8,2.2641E-7,1.1121E-6,5.4469E-6,2.535E-5,1.073E-4,3.8468E-4,0.0011608,0.0020546,0.0029059,0.0040535
1000.0,3.2566E-8,1.5671E-7,7.7405E-7,3.8387E-6,1.8093E-5,7.7508E-5,2.8073E-4,8.5161E-4,0.0015125,0.0021405,0.0029894
1200.0,2.3858E-8,1.1563E-7,5.7492E-7,2.8855E-6,1.368E-5,5.8864E-5,2.1442E-4,6.5111E-4,0.001155,0.0016375,0.0022894
1500.0,1.5426E-8,7.5904E-8,3.8067E-7,1.9286E-6,9.1858E-6,4.0142E-5,1.4738E-4,4.4592E-4,7.9243E-4,0.0011206,0.0015861
SA10P0
r\m,4.0,4.5,5.0,5.5,6.0,6.5,7.0,7.5,7.8,8.0,8.2
0.0,7.3043E-5,1.6926E-4,4.2043E-4,0.0010626,0.0027579,0.0071898,0.017882,0.038599,0.056568,0.070555,0.086797
1.0,5.5361E-5,1.4026E-4,3.675E-4,9.5598E-4,0.0025101,0.0066158,0.01663,0.036391,0.053593,0.066763,0.081624
5.0,1.4297E-5,4.7532E-5,1.6447E-4,5.6217E-4,0.0017846,0.0052616,0.014053,0.032046,0.04786,0.06002,0.073581
10.0,5.7352E-6,2.0136E-5,7.5795E-5,2.9419E-4,0.0010999,0.0037656,0.010996,0.026677,0.041184,0.052806,0.066131
15.0,3.2142E-6,1.156E-5,4.504E-5,1.836E-4,7.3372E-4,0.0027222,0.0085239,0.021852,0.034801,0.045531,0.058281
20.0,2.09E-6,7.6368E-6,3.0377E-5,1.2679E-4,5.2623E-4,0.002037,0.0066742,0.017943,0.02935,0.039072,0.050768
25.0,1.4631E-6,5.4102E-6,2.1986E-5,9.3537E-5,3.9799E-4,0.0015663,0.0053115,0.014879,0.024873,0.033631,0.044469
30.0,1.1021E-6,4.1074E-6,1.69E-5,7.2552E-5,3.121E-4,0.0012458,0.0043607,0.012522,0.021348,0.029202,0.039065
40.0,7.1331E-7,2.701E-6,1.1295E-5,4.9214E-5,2.1387E-4,8.6666E-4,0.0031238,0.0093128,0.016189,0.022456,0.030522
50.0,5.1193E-7,1.9577E-6,8.254E-6,3.6267E-5,1.5885E-4,6.5197E-4,0.0024061,0.0074211,0.013203,0.018645,0.025768
60.0,4.3175E-7,1.6617E-6,7.0235E-6,3.0821E-5,1.3528E-4,5.5662E-4,0.002072,0.0064531,0.011534,0.016339,0.022649
70.0,3.7854E-7,1.459E-6,6.1781E-6,2.7229E-5,1.1965E-4,4.9338E-4,0.0018439,0.0058122,0.010456,0.014905,0.020797
80.0,3.4468E-7,1.3408E-6,5.7209E-6,2.5248E-5,1.1106E-4,4.5824E-4,0.0017192,0.0054337,0.0098132,0.014014,0.01959
90.0,3.2063E-7,1.2533E-6,5.3677E-6,2.3739E-5,1.0452E-4,4.3295E-4,0.0016208,0.0051342,0.0092836,0.013264,0.018547
100.0,3.0023E-7,1.1791E-6,5.0677E-6,2.2453E-5,9.9278E-5,4.1128E-4,0.0015391,0.0048763,0.0088216,0.012614,0.017656
110.0,2.8312E-7,1.1171E-6,4.8181E-6,2.1407E-5,9.474E-5,3.9462E-4,0.0014756,0.0046457,0.0084103,0.012023,0.016826
120.0,2.677E-7,1.0625E-6,4.6028E-6,2.0482E-5,9.1163E-5,3.798E-4,0.0014088,0.0044423,0.0080402,0.011501,0.016108
130.0,2.5382E-7,1.012E-6,4.3999E-6,1.9594E-5,8.7277E-5,3.6223E-4,0.0013439,0.0042471,0.0076942,0.011012,0.015428
140.0,2.4089E-7,9.6381E-7,4.2039E-6,1.8746E-5,8.3219E-5,3.4563E-4,0.0012848,0.0040599,0.0073605,0.010542,0.014782
150.0,2.265E-7,9.1009E-7,3.9851E-6,1.7813E-5,7.9149E-5,3.2993E-4,0.001227,0.0038615,0.0070113,0.010057,0.014126
175.0,1.9508E-7,7.9321E-7,3.5104E-6,1.5734E-5,7.0251E-5,2.9344E-4,0.001089,0.0034327,0.0062626,0.0090132,0.012703
200.0,1.7075E-7,7.0076E-7,3.1332E-6,1.4106E-5,6.2914E-5,2.624E-4,9.7781E-4,0.0030901,0.0056456,0.0081305,0.011469
250.0,1.3219E-7,5.5407E-7,2.5161E-6,1.1434E-5,5.1552E-5,2.1623E-4,8.0728E-4,0.0025768,0.0047208,0.0068201,0.0096541
300.0,1.0669E-7,4.5465E-7,2.0915E-6,9.5808E-6,4.3579E-5,1.8361E-4,6.9005E-4,0.0022186,0.0040641,0.0058647,0.008312
350.0,8.868E-8,3.8324E-7,1.7807E-6,8.2202E-6,3.7615E-5,1.5918E-4,5.99E-4,0.0019278,0.0035379,0.0051226,0.0072724
400.0,7.5183E-8,3.2925E-7,1.5409E-6,7.1724E-6,3.2953E-5,1.4005E-4,5.2667E-4,0.0016983,0.0031277,0.0045322,0.0064407
450.0,6.2647E-8,2.7713E-7,1.307E-6,6.1856E-6,2.8724E-5,1.2317E-4,4.658E-4,0.0015104,0.0027811,0.0040229,0.0057088
500.0,5.3309E-8,2.3787E-7,1.127E-6,5.4118E-6,2.5332E-5,1.0949E-4,4.1634E-4,0.0013555,0.0024903,0.0036043,0.0051193
600.0,4.1054E-8,1.8516E-7,8.8614E-7,4.3252E-6,2.0502E-5,8.993E-5,3.4405E-4,0.0011209,0.0020687,0.0030052,0.004283
700.0,3.2366E-8,1.4765E-7,7.1021E-7,3.5007E-6,1.6704E-5,7.4019E-5,2.8587E-4,9.3538E-4,0.0017267,0.002509,0.0035813
800.0,2.6251E-8,1.1991E-7,5.7959E-7,2.8753E-6,1.3935E-5,6.2798E-5,2.4287E-4,7.9301E-4,0.0014677,0.0021336,0.0030523
1000.0,1.818E-8,8.3898E-8,4.0817E-7,2.0512E-6,1.0068E-5,4.5901E-5,1.7918E-4,5.8748E-4,0.0010903,0.0015852,0.0022695
1200.0,1.3452E-8,6.2594E-8,3.0677E-7,1.5611E-6,7.7077E-6,3.5281E-5,1.3841E-4,4.5369E-4,8.403E-4,0.0012234,0.0017526
1500.0,8.8306E-9,4.1794E-8,2.0686E-7,1.0633E-6,5.274E-6,2.4509E-5,9.6791E-5,3.1558E-4,5.8493E-4,8.4863E-4,0.0012306
