PGA
r\m,4.0,4.5,5.0,5.5,6.0,6.5,7.0,7.5,7.8,8.0,8.2
0.0,2.38,2.38,2.38,2.38,2.38,2.38,2.38,2.38,2.38,2.38,2.38
1.0,2.2367,2.3234,2.376,2.376,2.376,2.376,2.376,2.376,2.376,2.376,2.376
5.0,0.69504,1.0147,1.3645,1.7023,1.9775,2.1565,2.2605,2.276,2.276,2.276,2.276
10.0,0.19273,0.33266,0.54296,0.83376,1.1765,1.4962,1.7477,1.9159,1.9916,2.01,2.01
15.0,0.080237,0.14606,0.25592,0.43069,0.67929,0.96956,1.2536,1.4904,1.6118,1.678,1.7403
20.0,0.04182,0.07794,0.1409,0.2472,0.4131,0.6343,0.8861,1.132,1.273,1.357,1.4407
25.0,0.0238,0.04471,0.08166,0.1458,0.2511,0.407,0.6085,0.8415,0.9878,1.081,1.1769
30.0,0.01518,0.0287,0.05275,0.09516,0.1665,0.2783,0.4337,0.6328,0.7723,0.8681,0.97198
40.0,0.007629,0.01456,0.02709,0.04935,0.08774,0.1514,0.2491,0.3874,0.4922,0.569,0.65533
50.0,0.004464,0.008604,0.01619,0.02969,0.0534,0.09435,0.1625,0.2691,0.3596,0.432,0.51777
60.0,0.003528,0.006882,0.01307,0.02413,0.04364,0.0775,0.1343,0.2242,0.3014,0.3639,0.43851
70.0,0.002844,0.005617,0.01077,0.02003,0.03641,0.06495,0.1131,0.1899,0.2564,0.3107,0.37583
80.0,0.002328,0.00466,0.00903,0.0169,0.03088,0.05532,0.09666,0.1632,0.221,0.2684,0.3253
90.0,0.001934,0.003921,0.007676,0.01445,0.02655,0.04776,0.08366,0.1419,0.1927,0.2344,0.28467
100.0,0.001624,0.003338,0.006602,0.01251,0.02309,0.04172,0.07324,0.1248,0.1697,0.2067,0.25147
110.0,0.001378,0.002871,0.005735,0.01094,0.02029,0.0368,0.06475,0.1107,0.1508,0.1839,0.22381
120.0,0.00118,0.002491,0.005026,0.009648,0.01798,0.03274,0.05772,0.09904,0.1351,0.1649,0.20089
130.0,0.001014,0.002169,0.004418,0.008544,0.016,0.02923,0.05166,0.08885,0.1214,0.1483,0.18083
140.0,8.744E-4,0.001895,0.003893,0.007593,0.01428,0.02617,0.04637,0.07998,0.1095,0.1341,0.16417
150.0,7.589E-4,0.001666,0.003452,0.006785,0.01282,0.02356,0.04189,0.07241,0.09936,0.1218,0.14906
175.0,5.457E-4,0.001235,0.00261,0.005234,0.01001,0.01852,0.03315,0.05761,0.07945,0.09775,0.12009
200.0,4.038E-4,9.404E-4,0.002026,0.004141,0.008008,0.01492,0.02689,0.04696,0.06502,0.08021,0.098803
250.0,2.286E-4,5.604E-4,0.001258,0.002652,0.00525,0.009949,0.01825,0.03224,0.04487,0.05554,0.068639
300.0,1.384E-4,3.558E-4,8.297E-4,0.001802,0.003649,0.007031,0.01312,0.02341,0.03273,0.04064,0.050382
350.0,8.79E-5,2.364E-4,5.726E-4,0.001278,0.002645,0.005181,0.009795,0.01771,0.02487,0.03098,0.038528
400.0,5.783E-5,1.623E-4,4.079E-4,9.343E-4,0.001975,0.003933,0.007525,0.01378,0.01946,0.02432,0.030351
450.0,3.893E-5,1.137E-4,2.96E-4,6.954E-4,0.001501,0.003039,0.005885,0.01092,0.0155,0.01943,0.02434
500.0,2.689E-5,8.155E-5,2.196E-4,5.288E-4,0.001165,0.002398,0.004698,0.008824,0.01258,0.01583,0.019896
600.0,1.367E-5,4.439E-5,1.27E-4,3.216E-4,7.394E-4,0.001569,0.003146,0.006024,0.008682,0.01099,0.013886
700.0,7.429E-6,2.564E-5,7.756E-5,2.059E-4,4.931E-4,0.001078,0.002212,0.004313,0.006279,0.007999,0.010173
800.0,4.256E-6,1.551E-5,4.939E-5,1.371E-4,3.414E-4,7.682E-4,0.001612,0.003204,0.0047065,0.006029,0.0077111
1000.0,1.58E-6,6.313E-6,2.199E-5,6.658E-5,1.772E-4,4.223E-4,9.268E-4,0.0019065,0.0028525,0.0036955,0.0047795
1200.0,6.672E-7,2.868E-6,1.078E-5,3.523E-5,9.976E-5,2.508E-4,5.745E-4,0.001222,0.0018615,0.002437,0.0031831
1500.0,1.5959E-7,7.8182E-7,3.4374E-6,1.2751E-5,4.0717E-5,1.1318E-4,2.7909E-4,6.2821E-4,9.8702E-4,0.0013157,0.0017501
PGV
r\m,4.0,4.5,5.0,5.5,6.0,6.5,7.0,7.5,7.8,8.0,8.2
0.0,32.222,44.887,58.96,64.57,73.29,88.21,107.2,124.8,139.9,151.7,164.45
1.0,23.365,37.908,54.808,63.471,73.749,89.366,108.58,126.98,142.8,151.5,156.95
5.0,2.8984,7.2449,16.9,32.434,51.713,73.622,97.089,119.43,136.98,145.6,149.92
10.0,0.77124,2.0632,5.335,12.639,26.149,46.319,71.374,98.009,117.64,129.8,140.63
15.0,0.34603,0.94395,2.4927,6.2209,14.191,28.381,49.34,75.492,95.356,109.6,125.21
20.0,0.1943,0.5353,1.423,3.609,8.564,18.23,34.3,57.18,75.61,89.5,105.49
25.0,0.1172,0.3246,0.8723,2.244,5.432,12.08,24.29,43.22,59.27,71.83,86.675
30.0,0.07879,0.2189,0.5904,1.524,3.706,8.414,17.63,32.83,46.56,57.72,71.226
40.0,0.04325,0.121,0.3247,0.8315,2.031,4.674,10.1,19.99,29.34,37.28,47.176
50.0,0.02742,0.07702,0.2048,0.5169,1.259,2.923,6.548,14.08,22.01,29.41,39.244
60.0,0.02349,0.06675,0.1792,0.4561,1.119,2.615,5.898,12.78,20.08,26.92,36.027
70.0,0.02043,0.05873,0.1591,0.4084,1.009,2.371,5.379,11.72,18.49,24.86,33.361
80.0,0.01798,0.05225,0.1429,0.3696,0.9188,2.171,4.951,10.85,17.16,23.11,31.073
90.0,0.01595,0.04688,0.1292,0.3374,0.8428,2.003,4.584,10.13,16.02,21.58,29.018
100.0,0.01425,0.04236,0.1177,0.31,0.7783,1.859,4.272,9.51,15.05,20.27,27.257
110.0,0.01282,0.0385,0.1079,0.2864,0.7227,1.735,4.001,8.969,14.19,19.12,25.705
120.0,0.01158,0.03516,0.0993,0.2658,0.6741,1.626,3.764,8.491,13.44,18.1,24.335
130.0,0.01048,0.03215,0.09152,0.2469,0.6291,1.525,3.542,8.036,12.72,17.15,23.091
140.0,0.009491,0.02943,0.08444,0.2295,0.5871,1.431,3.338,7.613,12.06,16.27,21.911
150.0,0.008625,0.02702,0.07815,0.214,0.5496,1.347,3.154,7.23,11.47,15.48,20.876
175.0,0.006879,0.02209,0.06515,0.1816,0.4712,1.169,2.766,6.416,10.2,13.79,18.612
200.0,0.00557,0.01832,0.05504,0.1561,0.4092,1.028,2.454,5.755,9.176,12.42,16.797
250.0,0.003662,0.01255,0.03926,0.1144,0.3105,0.7984,1.945,4.631,7.504,10.27,14.035
300.0,0.002512,0.008947,0.02904,0.08689,0.2433,0.6396,1.587,3.832,6.298,8.697,11.99
350.0,0.001781,0.006574,0.0221,0.06788,0.1951,0.5238,1.325,3.241,5.386,7.494,10.408
400.0,0.001294,0.004941,0.01717,0.05407,0.1592,0.4358,1.125,2.782,4.669,6.537,9.1345
450.0,9.555E-4,0.003761,0.01348,0.04348,0.1309,0.3654,0.961,2.405,4.074,5.739,8.069
500.0,7.197E-4,0.002914,0.01074,0.03548,0.1092,0.3103,0.8307,2.102,3.592,5.089,7.198
600.0,4.289E-4,0.001828,0.007056,0.02438,0.0782,0.2299,0.6345,1.65,2.859,4.087,5.8298
700.0,2.698E-4,0.001201,0.004826,0.01738,0.05791,0.1756,0.4987,1.33,2.334,3.364,4.8384
800.0,1.773E-4,8.183E-4,0.003409,0.01274,0.04399,0.1374,0.4007,1.094,1.943,2.821,4.0894
1000.0,8.466E-5,4.134E-4,0.001837,0.007338,0.02697,0.08861,0.2706,0.7715,1.402,2.064,3.0318
1200.0,4.496E-5,2.285E-4,0.001068,0.004509,0.0175,0.06018,0.1917,0.5685,1.055,1.573,2.3425
1500.0,1.6337E-5,8.9613E-5,4.5587E-4,0.0021198,0.0089992,0.033324,0.11379,0.3593,0.68721,1.0437,1.5833
SA0P02
r\m,4.0,4.5,5.0,5.5,6.0,6.5,7.0,7.5,7.8,8.0,8.2
0.0,3.405,3.405,3.405,3.405,3.405,3.405,3.405,3.405,3.405,3.405,3.405
1.0,3.1722,3.3124,3.3982,3.399,3.399,3.399,3.399,3.399,3.399,3.399,3.399
5.0,0.94465,1.4185,1.9282,2.4163,2.8112,3.0702,3.22,3.259,3.259,3.259,3.259
10.0,0.26841,0.47067,0.77096,1.1845,1.6709,2.1282,2.4896,2.7384,2.8532,2.885,2.8867
15.0,0.11532,0.21096,0.36805,0.61645,0.96858,1.3821,1.7891,2.136,2.3173,2.417,2.5131
20.0,0.06173,0.1147,0.2053,0.3571,0.5928,0.9082,1.269,1.628,1.837,1.962,2.0877
25.0,0.03594,0.06694,0.1208,0.2132,0.3643,0.5878,0.8783,1.217,1.432,1.571,1.7164
30.0,0.02334,0.04361,0.07898,0.1406,0.2437,0.4051,0.6305,0.9205,1.125,1.267,1.4219
40.0,0.0121,0.02266,0.0413,0.07405,0.1302,0.2231,0.366,0.5689,0.7233,0.8368,0.96484
50.0,0.007257,0.01362,0.02497,0.04497,0.07989,0.1401,0.2402,0.3967,0.5293,0.6355,0.76136
60.0,0.005838,0.011,0.02024,0.03656,0.06514,0.1146,0.1975,0.3285,0.4407,0.5314,0.63952
70.0,0.004768,0.009018,0.01667,0.0302,0.05397,0.09522,0.1646,0.2753,0.3708,0.4485,0.54169
80.0,0.003937,0.007483,0.01389,0.02525,0.04527,0.08009,0.1388,0.2331,0.3149,0.3817,0.46186
90.0,0.003283,0.00627,0.0117,0.02133,0.03834,0.06805,0.1182,0.1992,0.2697,0.3274,0.39678
100.0,0.002758,0.005296,0.009933,0.01817,0.03278,0.05835,0.1015,0.1718,0.2329,0.2831,0.34352
110.0,0.002331,0.004503,0.008497,0.0156,0.02824,0.05045,0.0879,0.1493,0.2027,0.2466,0.29834
120.0,0.001981,0.003852,0.007316,0.0135,0.02452,0.04395,0.07671,0.1307,0.1777,0.2164,0.26299
130.0,0.001685,0.003301,0.006311,0.01171,0.02137,0.0384,0.06718,0.1148,0.1562,0.1905,0.23179
140.0,0.001435,0.002833,0.00545,0.01019,0.01868,0.03366,0.05906,0.1011,0.138,0.1686,0.20554
150.0,0.001226,0.002443,0.004733,0.008921,0.01643,0.0297,0.05226,0.08973,0.1227,0.1502,0.18347
175.0,8.436E-4,0.001721,0.003404,0.006552,0.01223,0.02228,0.03953,0.06827,0.09388,0.1153,0.14144
200.0,5.937E-4,0.001246,0.002522,0.004964,0.009395,0.01728,0.03089,0.05367,0.07414,0.09133,0.11233
250.0,3.042E-4,6.809E-4,0.001453,0.002978,0.005806,0.0109,0.0199,0.03504,0.04869,0.06023,0.074377
300.0,1.694E-4,4.057E-4,9.116E-4,0.001941,0.003891,0.007453,0.01386,0.02469,0.03448,0.04278,0.053013
350.0,1.012E-4,2.584E-4,6.091E-4,0.001341,0.002757,0.00538,0.01015,0.01832,0.02572,0.03203,0.039838
400.0,6.388E-5,1.725E-4,4.251E-4,9.643E-4,0.002029,0.004029,0.007695,0.01408,0.01988,0.02484,0.030987
450.0,4.181E-5,1.187E-4,3.045E-4,7.103E-4,0.001528,0.003086,0.005968,0.01107,0.0157,0.01968,0.024634
500.0,2.834E-5,8.412E-5,2.24E-4,5.365E-4,0.001179,0.002422,0.00474,0.0089,0.01269,0.01596,0.020048
600.0,1.41E-5,4.52E-5,1.284E-4,3.24E-4,7.437E-4,0.001576,0.00316,0.006047,0.008715,0.01103,0.013933
700.0,7.578E-6,2.594E-5,7.811E-5,2.069E-4,4.948E-4,0.001081,0.002217,0.004322,0.006292,0.008016,0.010195
800.0,4.316E-6,1.564E-5,4.964E-5,1.376E-4,3.421E-4,7.696E-4,0.001615,0.003205,0.004711,0.006037,0.0077216
1000.0,1.592E-6,6.344E-6,2.205E-5,6.67E-5,1.774E-4,4.227E-4,9.275E-4,0.0019065,0.0028525,0.0036955,0.0047795
1200.0,6.704E-7,2.877E-6,1.079E-5,3.526E-5,9.982E-5,2.51E-4,5.748E-4,0.001222,0.0018615,0.002437,0.0031831
1500.0,1.5959E-7,7.8182E-7,3.4374E-6,1.2751E-5,4.0717E-5,1.1318E-4,2.7909E-4,6.2821E-4,9.8702E-4,0.0013157,0.0017501
SA0P025
r\m,4.0,4.5,5.0,5.5,6.0,6.5,7.0,7.5,7.8,8.0,8.2
0.0,3.613,3.613,3.613,3.613,3.613,3.613,3.613,3.613,3.613,3.613,3.613
1.0,3.3395,3.5037,3.5997,3.606,3.606,3.606,3.606,3.606,3.606,3.606,3.606
5.0,0.94925,1.4573,2.006,2.5352,2.9635,3.2451,3.4111,3.46,3.46,3.46,3.46
10.0,0.27108,0.48313,0.79839,1.2353,1.7521,2.2415,2.6332,2.9027,3.0295,3.069,3.0769
15.0,0.11807,0.21878,0.38374,0.64527,1.017,1.4562,1.8936,2.2672,2.4657,2.578,2.6872
20.0,0.06398,0.1202,0.2159,0.3763,0.6255,0.9603,1.347,1.733,1.961,2.1,2.2407
25.0,0.0376,0.07075,0.1281,0.2264,0.387,0.6254,0.9365,1.301,1.535,1.687,1.8453
30.0,0.02463,0.04644,0.08438,0.1503,0.2605,0.4334,0.6755,0.9891,1.212,1.366,1.5341
40.0,0.01294,0.02444,0.04465,0.08003,0.1407,0.2412,0.3962,0.6169,0.7856,0.9101,1.0508
50.0,0.007861,0.01487,0.0273,0.04914,0.08725,0.153,0.2625,0.434,0.5796,0.6965,0.83505
60.0,0.006398,0.01213,0.02234,0.04031,0.07175,0.1262,0.2174,0.3619,0.4859,0.5863,0.70598
70.0,0.005283,0.01005,0.01856,0.03356,0.05989,0.1056,0.1825,0.3052,0.4113,0.4977,0.60103
80.0,0.004411,0.008419,0.0156,0.02827,0.05056,0.08931,0.1547,0.2598,0.351,0.4257,0.51536
90.0,0.003716,0.007117,0.01323,0.02403,0.04306,0.07625,0.1323,0.223,0.3018,0.3665,0.44422
100.0,0.003152,0.006058,0.01131,0.02058,0.03696,0.06562,0.114,0.1928,0.2613,0.3177,0.3858
110.0,0.002689,0.005188,0.009723,0.01774,0.03195,0.05687,0.09888,0.1678,0.2277,0.2771,0.33665
120.0,0.002305,0.004466,0.008408,0.01539,0.02779,0.0496,0.08635,0.1469,0.1996,0.2431,0.29549
130.0,0.001976,0.003848,0.007276,0.01338,0.02423,0.04334,0.07558,0.1289,0.1753,0.2138,0.2602
140.0,0.001695,0.003317,0.006297,0.01164,0.02117,0.03794,0.06633,0.1134,0.1546,0.1888,0.23042
150.0,0.001458,0.00287,0.005475,0.01019,0.01859,0.03339,0.05853,0.1003,0.137,0.1676,0.20484
175.0,0.001016,0.002031,0.003929,0.007437,0.01372,0.02482,0.04381,0.07544,0.1036,0.1272,0.15589
200.0,7.198E-4,0.001467,0.002889,0.005575,0.01041,0.01899,0.03378,0.05849,0.08069,0.09932,0.12206
250.0,3.675E-4,7.864E-4,0.001622,0.003253,0.006258,0.01166,0.02118,0.03718,0.05161,0.06378,0.078719
300.0,2.003E-4,4.55E-4,9.894E-4,0.002067,0.004098,0.007802,0.01445,0.02569,0.03585,0.04446,0.055065
350.0,1.16E-4,2.816E-4,6.46E-4,0.001401,0.002858,0.005553,0.01045,0.01884,0.02643,0.0329,0.040893
400.0,7.096E-5,1.838E-4,4.433E-4,9.946E-4,0.002081,0.004122,0.00786,0.01437,0.02027,0.02532,0.031586
450.0,4.524E-5,1.243E-4,3.138E-4,7.261E-4,0.001556,0.003137,0.006058,0.01123,0.01592,0.01996,0.024986
500.0,3.006E-5,8.706E-5,2.289E-4,5.451E-4,0.001194,0.002449,0.004789,0.008987,0.01281,0.01611,0.020219
600.0,1.458E-5,4.608E-5,1.299E-4,3.267E-4,7.483E-4,0.001585,0.003174,0.006074,0.008752,0.01108,0.014006
700.0,7.734E-6,2.625E-5,7.866E-5,2.078E-4,4.964E-4,0.001084,0.002222,0.004332,0.006305,0.008032,0.010216
800.0,4.373E-6,1.576E-5,4.987E-5,1.38E-4,3.428E-4,7.708E-4,0.001617,0.003209,0.004717,0.006044,0.0077311
1000.0,1.603E-6,6.372E-6,2.211E-5,6.68E-5,1.776E-4,4.23E-4,9.28E-4,0.0019065,0.002853,0.003697,0.004781
1200.0,6.732E-7,2.885E-6,1.081E-5,3.53E-5,9.988E-5,2.511E-4,5.75E-4,0.001222,0.0018615,0.002437,0.0031831
1500.0,1.5959E-7,7.8182E-7,3.4374E-6,1.2751E-5,4.0717E-5,1.1318E-4,2.7909E-4,6.2821E-4,9.8702E-4,0.0013157,0.0017501
SA0P03
r\m,4.0,4.5,5.0,5.5,6.0,6.5,7.0,7.5,7.8,8.0,8.2
0.0,3.71,3.71,3.71,3.71,3.71,3.71,3.71,3.71,3.71,3.71,3.71
1.0,3.3999,3.5863,3.6915,3.704,3.704,3.704,3.704,3.704,3.704,3.704,3.704
5.0,0.92323,1.45,2.0225,2.5761,3.0249,3.321,3.4958,3.555,3.555,3.555,3.555
10.0,0.26452,0.48007,0.80138,1.2481,1.7795,2.2862,2.6942,2.9793,3.1135,3.157,3.1682
15.0,0.11649,0.21924,0.38737,0.65391,1.0339,1.4856,1.9381,2.3296,2.5383,2.658,2.7755
20.0,0.06375,0.1215,0.2195,0.3835,0.6385,0.9825,1.382,1.785,2.024,2.171,2.3203
25.0,0.03777,0.07204,0.1311,0.2321,0.3973,0.643,0.9652,1.345,1.589,1.75,1.9194
30.0,0.0249,0.04756,0.08685,0.1549,0.2689,0.4478,0.6991,1.026,1.259,1.421,1.598
40.0,0.01324,0.02531,0.04642,0.08333,0.1466,0.2514,0.4133,0.6448,0.8223,0.9538,1.1026
50.0,0.008123,0.01554,0.02863,0.0516,0.09165,0.1608,0.2761,0.4571,0.6111,0.735,0.88216
60.0,0.006673,0.0128,0.02363,0.04266,0.07595,0.1336,0.2303,0.3838,0.5158,0.6227,0.75026
70.0,0.005562,0.01069,0.01979,0.0358,0.06385,0.1125,0.1946,0.3258,0.4393,0.5319,0.64292
80.0,0.004685,0.009032,0.01676,0.03037,0.05427,0.09583,0.1661,0.279,0.3771,0.4574,0.55377
90.0,0.003981,0.007694,0.01432,0.02598,0.04651,0.08229,0.1427,0.2407,0.3259,0.3958,0.48003
100.0,0.003406,0.006598,0.01232,0.02238,0.04014,0.07118,0.1236,0.2091,0.2834,0.3446,0.41823
110.0,0.002929,0.005692,0.01066,0.0194,0.03487,0.06196,0.1077,0.1827,0.2479,0.3017,0.36659
120.0,0.00253,0.004933,0.009269,0.01691,0.03046,0.05424,0.09434,0.1605,0.218,0.2654,0.32266
130.0,0.002187,0.004277,0.008063,0.01476,0.02664,0.04753,0.08278,0.141,0.1918,0.2339,0.28472
140.0,0.001889,0.003709,0.007011,0.0129,0.02334,0.0417,0.07278,0.1242,0.1693,0.2067,0.25201
150.0,0.001637,0.003227,0.00612,0.01131,0.02053,0.03675,0.06428,0.1099,0.1501,0.1836,0.22433
175.0,0.001159,0.002309,0.004423,0.008288,0.01517,0.0273,0.04804,0.08256,0.1133,0.139,0.17024
200.0,8.323E-4,0.001681,0.003261,0.006205,0.01148,0.02079,0.03683,0.06361,0.08766,0.1078,0.13232
250.0,4.326E-4,9.036E-4,0.001817,0.003574,0.00679,0.01255,0.02267,0.03968,0.055,0.06792,0.083764
300.0,2.364E-4,5.168E-4,0.001088,0.002226,0.004359,0.008233,0.01518,0.02691,0.03751,0.04649,0.057535
350.0,1.354E-4,3.134E-4,6.96E-4,0.001481,0.002988,0.00577,0.01082,0.01946,0.02728,0.03394,0.042166
400.0,8.115E-5,2.001E-4,4.688E-4,0.001036,0.002149,0.004238,0.008059,0.01472,0.02075,0.0259,0.032279
450.0,5.051E-5,1.327E-4,3.271E-4,7.48E-4,0.001593,0.003202,0.006174,0.01143,0.0162,0.02031,0.025432
500.0,3.279E-5,9.151E-5,2.362E-4,5.572E-4,0.001215,0.002487,0.004857,0.009108,0.01298,0.01632,0.020476
600.0,1.537E-5,4.744E-5,1.323E-4,3.307E-4,7.554E-4,0.001597,0.003197,0.006115,0.00881,0.01115,0.014089
700.0,7.986E-6,2.671E-5,7.949E-5,2.093E-4,4.989E-4,0.001088,0.00223,0.004346,0.006325,0.008057,0.010245
800.0,4.463E-6,1.594E-5,5.02E-5,1.386E-4,3.438E-4,7.726E-4,0.00162,0.003215,0.004725,0.006054,0.0077463
1000.0,1.618E-6,6.408E-6,2.218E-5,6.694E-5,1.779E-4,4.234E-4,9.288E-4,0.001907,0.002855,0.003699,0.0047828
1200.0,6.769E-7,2.895E-6,1.083E-5,3.535E-5,9.996E-5,2.512E-4,5.752E-4,0.001222,0.0018615,0.002437,0.0031832
1500.0,1.5959E-7,7.8182E-7,3.4374E-6,1.2751E-5,4.0717E-5,1.1318E-4,2.7909E-4,6.2821E-4,9.8702E-4,0.0013157,0.0017501
SA0P04
r\m,4.0,4.5,5.0,5.5,6.0,6.5,7.0,7.5,7.8,8.0,8.2
0.0,3.734,3.734,3.734,3.734,3.734,3.734,3.734,3.734,3.734,3.734,3.734
1.0,3.3653,3.5875,3.7054,3.727,3.727,3.727,3.727,3.727,3.727,3.727,3.727
5.0,0.83947,1.3783,1.9684,2.5439,3.0122,3.3227,3.5062,3.58,3.58,3.58,3.58
10.0,0.24144,0.45487,0.77357,1.22,1.7561,2.2736,2.6937,2.9928,3.1355,3.186,3.2051
15.0,0.10807,0.21037,0.37717,0.64211,1.0217,1.4773,1.9382,2.3434,2.5621,2.691,2.8198
20.0,0.06001,0.1181,0.2161,0.3799,0.635,0.9814,1.387,1.802,2.051,2.206,2.364
25.0,0.03593,0.07075,0.1304,0.2321,0.3987,0.6473,0.9754,1.366,1.619,1.786,1.962
30.0,0.02391,0.04713,0.08718,0.1562,0.2719,0.454,0.7113,1.048,1.289,1.458,1.6441
40.0,0.01293,0.02549,0.04732,0.08532,0.1504,0.2584,0.4259,0.6661,0.8511,0.989,1.1457
50.0,0.008056,0.01589,0.0296,0.05358,0.09533,0.1674,0.2879,0.4777,0.6397,0.7705,0.92636
60.0,0.006708,0.01326,0.02474,0.04485,0.07995,0.1407,0.243,0.4056,0.5458,0.6598,0.79628
70.0,0.005667,0.01122,0.02098,0.03808,0.068,0.1199,0.2076,0.348,0.4698,0.5695,0.68917
80.0,0.004839,0.009603,0.01798,0.03268,0.05845,0.1032,0.179,0.3011,0.4074,0.4947,0.59973
90.0,0.004165,0.008283,0.01555,0.02827,0.05063,0.08958,0.1554,0.2623,0.3555,0.4322,0.52459
100.0,0.003609,0.007191,0.01353,0.02462,0.04415,0.07825,0.1359,0.23,0.312,0.3796,0.46116
110.0,0.003144,0.006277,0.01183,0.02157,0.03872,0.06874,0.1194,0.2026,0.2752,0.3351,0.40744
120.0,0.00275,0.005503,0.0104,0.01898,0.03413,0.06068,0.1055,0.1794,0.2438,0.297,0.36124
130.0,0.002407,0.004826,0.00914,0.01671,0.0301,0.05358,0.0932,0.1588,0.216,0.2634,0.32073
140.0,0.002105,0.00423,0.008024,0.01472,0.02656,0.04732,0.08246,0.1407,0.1918,0.2342,0.28555
150.0,0.001847,0.003719,0.007068,0.01302,0.02352,0.04195,0.07323,0.1251,0.1709,0.209,0.2553
175.0,0.001345,0.002727,0.00521,0.009686,0.0176,0.0315,0.05524,0.09475,0.1299,0.1594,0.19532
200.0,9.926E-4,0.002027,0.0039,0.007328,0.01341,0.0241,0.04247,0.07314,0.1007,0.1238,0.15207
250.0,5.402E-4,0.001123,0.002208,0.004241,0.007911,0.01444,0.02588,0.04506,0.06233,0.0769,0.094747
300.0,3.052E-4,6.503E-4,0.001317,0.002604,0.00498,0.009265,0.01692,0.02982,0.04146,0.05132,0.063435
350.0,1.779E-4,3.92E-4,8.255E-4,0.001689,0.003325,0.006324,0.01175,0.02102,0.0294,0.03654,0.045348
400.0,1.066E-4,2.451E-4,5.41E-4,0.00115,0.002333,0.004539,0.008567,0.01557,0.02192,0.02734,0.034046
450.0,6.535E-5,1.58E-4,3.67E-4,8.108E-4,0.001695,0.003372,0.006464,0.01193,0.01687,0.02115,0.026457
500.0,4.132E-5,1.057E-4,2.585E-4,5.927E-4,0.001274,0.002588,0.005032,0.009415,0.01341,0.01684,0.021112
600.0,1.813E-5,5.206E-5,1.397E-4,3.431E-4,7.771E-4,0.001636,0.003265,0.006238,0.008982,0.01137,0.014381
700.0,8.901E-6,2.833E-5,8.224E-5,2.14E-4,5.073E-4,0.001103,0.002257,0.004394,0.006393,0.008142,0.010354
800.0,4.787E-6,1.656E-5,5.13E-5,1.405E-4,3.472E-4,7.785E-4,0.001631,0.003234,0.004752,0.006088,0.0077871
1000.0,1.67E-6,6.523E-6,2.241E-5,6.736E-5,1.786E-4,4.247E-4,9.31E-4,0.001911,0.002861,0.003706,0.0047923
1200.0,6.88E-7,2.924E-6,1.09E-5,3.547E-5,1.002E-4,2.516E-4,5.76E-4,0.001223,0.001862,0.002438,0.0031851
1500.0,1.5959E-7,7.8182E-7,3.4374E-6,1.2751E-5,4.0717E-5,1.1318E-4,2.7909E-4,6.2821E-4,9.8702E-4,0.0013157,0.0017501
SA0P05
r\m,4.0,4.5,5.0,5.5,6.0,6.5,7.0,7.5,7.8,8.0,8.2
0.0,3.655,3.655,3.655,3.655,3.655,3.655,3.655,3.655,3.655,3.655,3.655
1.0,3.2353,3.4915,3.6175,3.649,3.649,3.649,3.649,3.649,3.649,3.649,3.649
5.0,0.74574,1.282,1.8717,2.4515,2.9232,3.2382,3.4241,3.507,3.507,3.507,3.507
10.0,0.21477,0.42162,0.73052,1.1662,1.6921,2.2053,2.6243,2.9256,3.0722,3.125,3.1491
15.0,0.097218,0.19677,0.3584,0.61584,0.98535,1.4328,1.8885,2.2931,2.5149,2.646,2.7798
20.0,0.05454,0.1115,0.207,0.3667,0.6153,0.955,1.355,1.768,2.019,2.176,2.3386
25.0,0.03293,0.06728,0.1259,0.2256,0.3888,0.6332,0.9573,1.345,1.599,1.768,1.9488
30.0,0.02206,0.0451,0.08474,0.1527,0.2667,0.4464,0.7015,1.036,1.278,1.448,1.6342
40.0,0.01207,0.02469,0.0465,0.08434,0.1491,0.2566,0.4238,0.6646,0.8506,0.9895,1.1476
50.0,0.007602,0.01555,0.02938,0.05349,0.09542,0.1678,0.2891,0.4805,0.6444,0.7767,0.93422
60.0,0.006391,0.0131,0.02479,0.04517,0.08074,0.1423,0.246,0.4114,0.5542,0.6705,0.80957
70.0,0.00545,0.01119,0.02121,0.0387,0.06927,0.1223,0.212,0.3559,0.4809,0.5833,0.70625
80.0,0.004697,0.009662,0.01834,0.03351,0.06005,0.1062,0.1843,0.3104,0.4203,0.5107,0.61947
90.0,0.004081,0.008409,0.01599,0.02923,0.05245,0.09288,0.1613,0.2726,0.3696,0.4495,0.54559
100.0,0.003568,0.007366,0.01404,0.02568,0.04611,0.08178,0.1421,0.2407,0.3268,0.3978,0.48357
110.0,0.003137,0.006486,0.01238,0.02267,0.04076,0.07239,0.1258,0.2136,0.2903,0.3536,0.43014
120.0,0.002769,0.005736,0.01097,0.02011,0.03619,0.06437,0.1119,0.1905,0.2589,0.3156,0.38404
130.0,0.002445,0.005073,0.009722,0.01784,0.03216,0.05724,0.09957,0.1697,0.2309,0.2817,0.34324
140.0,0.002158,0.004486,0.008605,0.01584,0.02858,0.05089,0.08866,0.1513,0.2063,0.2519,0.30721
150.0,0.00191,0.003977,0.007639,0.0141,0.02548,0.0454,0.07921,0.1353,0.1848,0.226,0.27602
175.0,0.001423,0.002976,0.005737,0.01067,0.01935,0.03456,0.06051,0.1037,0.1422,0.1744,0.21356
200.0,0.001073,0.002255,0.004367,0.008185,0.01492,0.02672,0.04698,0.08077,0.1111,0.1366,0.16766
250.0,6.081E-4,0.001293,0.002539,0.004831,0.00893,0.01618,0.02886,0.05009,0.0692,0.08533,0.10509
300.0,3.563E-4,7.689E-4,0.001538,0.002988,0.00563,0.01036,0.01877,0.03292,0.04569,0.05651,0.069818
350.0,2.141E-4,4.715E-4,9.685E-4,0.00193,0.003722,0.00698,0.01285,0.02286,0.0319,0.0396,0.049082
400.0,1.314E-4,2.969E-4,6.306E-4,0.001296,0.002569,0.004924,0.009208,0.01665,0.02337,0.02912,0.036221
450.0,8.173E-5,1.907E-4,4.217E-4,8.976E-4,0.001833,0.003596,0.006836,0.01255,0.01774,0.02219,0.02773
500.0,5.193E-5,1.259E-4,2.914E-4,6.442E-4,0.001356,0.002721,0.005255,0.009795,0.01392,0.01748,0.021919
600.0,2.236E-5,5.958E-5,1.517E-4,3.619E-4,8.078E-4,0.001688,0.003357,0.006398,0.009204,0.01164,0.014694
700.0,1.052E-5,3.114E-5,8.679E-5,2.215E-4,5.201E-4,0.001126,0.002297,0.004466,0.006495,0.00827,0.010513
800.0,5.396E-6,1.765E-5,5.317E-5,1.437E-4,3.528E-4,7.885E-4,0.001649,0.003266,0.004797,0.006145,0.0078583
1000.0,1.767E-6,6.723E-6,2.279E-5,6.806E-5,1.798E-4,4.268E-4,9.347E-4,0.001918,0.00287,0.003718,0.0048065
1200.0,7.072E-7,2.971E-6,1.1E-5,3.567E-5,1.005E-4,2.522E-4,5.77E-4,0.001224,0.001865,0.002442,0.0031918
1500.0,1.5959E-7,7.8182E-7,3.4374E-6,1.2751E-5,4.0717E-5,1.1318E-4,2.7909E-4,6.2821E-4,9.8702E-4,0.0013157,0.0017501
SA0P075
r\m,4.0,4.5,5.0,5.5,6.0,6.5,7.0,7.5,7.8,8.0,8.2
0.0,3.357,3.357,3.357,3.357,3.357,3.357,3.357,3.357,3.357,3.357,3.357
1.0,2.8232,3.1572,3.3027,3.352,3.352,3.352,3.352,3.352,3.352,3.352,3.352
5.0,0.54064,1.0454,1.6163,2.1803,2.6393,2.9484,3.1301,3.224,3.224,3.224,3.224
10.0,0.1555,0.34031,0.62165,1.0208,1.507,1.99,2.388,2.6806,2.8235,2.881,2.9136
15.0,0.07165,0.16108,0.30796,0.54176,0.87852,1.2922,1.7183,2.1041,2.3174,2.448,2.583
20.0,0.04086,0.09266,0.1802,0.326,0.5528,0.8658,1.238,1.629,1.869,2.022,2.1808
25.0,0.02502,0.05668,0.1112,0.203,0.3532,0.5793,0.8819,1.247,1.489,1.652,1.8267
30.0,0.01695,0.0384,0.07562,0.1388,0.2447,0.4119,0.6511,0.9673,1.197,1.361,1.5435
40.0,0.009446,0.02142,0.04224,0.07803,0.1391,0.2406,0.3991,0.6285,0.8068,0.9408,1.0939
50.0,0.006052,0.01373,0.02713,0.05029,0.09042,0.1596,0.276,0.4606,0.6192,0.7479,0.9018
60.0,0.005164,0.01174,0.02321,0.04309,0.0776,0.1373,0.2382,0.3997,0.5396,0.654,0.79146
70.0,0.004469,0.01017,0.02014,0.03744,0.06752,0.1197,0.2081,0.3504,0.4745,0.5764,0.69904
80.0,0.003908,0.008911,0.01767,0.03287,0.05935,0.1053,0.1834,0.3097,0.4202,0.5113,0.62112
90.0,0.003445,0.007866,0.01563,0.02908,0.05256,0.09339,0.1627,0.2756,0.3743,0.4559,0.55446
100.0,0.003055,0.006988,0.01391,0.0259,0.04684,0.08333,0.1452,0.2466,0.3352,0.4086,0.49723
110.0,0.002724,0.006241,0.01244,0.02318,0.04196,0.07473,0.1302,0.2216,0.3016,0.3678,0.44788
120.0,0.00244,0.005597,0.01118,0.02084,0.03775,0.06732,0.1173,0.2,0.2723,0.3323,0.405
130.0,0.002185,0.00502,0.01004,0.01874,0.03397,0.06062,0.1057,0.1804,0.2459,0.3002,0.36621
140.0,0.001957,0.004502,0.009011,0.01685,0.03058,0.05458,0.09523,0.1628,0.2222,0.2716,0.33161
150.0,0.001757,0.004048,0.00811,0.0152,0.0276,0.04928,0.08608,0.1473,0.2013,0.2464,0.30109
175.0,0.001356,0.003135,0.006296,0.01186,0.0216,0.03859,0.0676,0.1159,0.1591,0.1952,0.2393
200.0,0.001059,0.002457,0.004947,0.009371,0.01711,0.03061,0.05377,0.09242,0.1272,0.1564,0.19216
250.0,6.443E-4,0.001504,0.003051,0.005826,0.01072,0.01932,0.03429,0.05936,0.08192,0.101,0.12442
300.0,4.038E-4,9.498E-4,0.001943,0.003749,0.006973,0.01267,0.02274,0.03967,0.05492,0.06783,0.083678
350.0,2.587E-4,6.141E-4,0.001272,0.002483,0.004676,0.008597,0.0156,0.02751,0.03824,0.04737,0.058627
400.0,1.684E-4,4.041E-4,8.493E-4,0.001683,0.003222,0.006013,0.01104,0.01972,0.02756,0.03425,0.042518
450.0,1.105E-4,2.684E-4,5.744E-4,0.00116,0.002266,0.004307,0.008016,0.01453,0.02043,0.02548,0.031739
500.0,7.353E-5,1.811E-4,3.961E-4,8.194E-4,0.001639,0.003179,0.006009,0.01106,0.01564,0.01958,0.024483
600.0,3.372E-5,8.612E-5,1.99E-4,4.376E-4,9.27E-4,0.00188,0.003673,0.006932,0.009934,0.01254,0.015805
700.0,1.615E-5,4.337E-5,1.076E-4,2.541E-4,5.718E-4,0.001211,0.002442,0.004716,0.006842,0.0087,0.011046
800.0,8.07E-6,2.315E-5,6.236E-5,1.583E-4,3.767E-4,8.293E-4,0.00172,0.003393,0.004975,0.006367,0.0081344
1000.0,2.325E-6,7.847E-6,2.476E-5,7.145E-5,1.857E-4,4.37E-4,9.53E-4,0.001951,0.002917,0.003777,0.0048796
1200.0,8.241E-7,3.227E-6,1.15E-5,3.661E-5,1.022E-4,2.552E-4,5.821E-4,0.001234,0.001878,0.002458,0.0032097
1500.0,1.5959E-7,7.8182E-7,3.4374E-6,1.2751E-5,4.0717E-5,1.1318E-4,2.7909E-4,6.2821E-4,9.8702E-4,0.0013157,0.0017501
SA0P1
r\m,4.0,4.5,5.0,5.5,6.0,6.5,7.0,7.5,7.8,8.0,8.2
0.0,3.073,3.073,3.073,3.073,3.073,3.073,3.073,3.073,3.073,3.073,3.073
1.0,2.4296,2.8412,3.0048,3.068,3.068,3.068,3.068,3.068,3.068,3.068,3.068
5.0,0.39206,0.8521,1.3987,1.9424,2.383,2.6813,2.8561,2.9476,2.952,2.952,2.952
10.0,0.11245,0.27431,0.53062,0.8975,1.3462,1.7975,2.1716,2.4479,2.5861,2.642,2.6738
15.0,0.052366,0.1309,0.26428,0.47751,0.78479,1.1661,1.5619,1.9227,2.1258,2.25,2.378
20.0,0.03016,0.076,0.1559,0.2892,0.4961,0.7837,1.128,1.492,1.719,1.864,2.0145
25.0,0.01863,0.04691,0.09715,0.1816,0.3194,0.5274,0.8073,1.147,1.374,1.527,1.6912
30.0,0.01271,0.032,0.06657,0.125,0.2226,0.3769,0.5989,0.8933,1.108,1.262,1.4313
40.0,0.007163,0.01806,0.0376,0.07106,0.1279,0.2223,0.3702,0.5849,0.7523,0.8785,1.023
50.0,0.004636,0.0117,0.02438,0.04625,0.08393,0.1488,0.2582,0.432,0.5818,0.7037,0.84969
60.0,0.00399,0.01009,0.02104,0.03997,0.07264,0.1291,0.2246,0.3779,0.5111,0.6202,0.75129
70.0,0.003484,0.008821,0.01842,0.03502,0.06375,0.1135,0.1978,0.334,0.453,0.551,0.66914
80.0,0.003073,0.007793,0.01629,0.03101,0.05651,0.1007,0.1758,0.2977,0.4045,0.4927,0.59913
90.0,0.002732,0.006938,0.01453,0.02767,0.05047,0.09005,0.1573,0.267,0.3633,0.4429,0.53922
100.0,0.002444,0.006215,0.01305,0.02485,0.04535,0.08102,0.1415,0.2409,0.328,0.4002,0.48777
110.0,0.002198,0.005596,0.01177,0.02243,0.04097,0.07326,0.128,0.2183,0.2974,0.3631,0.44281
120.0,0.001985,0.005062,0.01066,0.02033,0.03717,0.06653,0.1162,0.1986,0.2707,0.3306,0.40309
130.0,0.001793,0.004579,0.00966,0.01844,0.03373,0.0604,0.1055,0.1805,0.2463,0.301,0.36725
140.0,0.00162,0.004142,0.008744,0.01672,0.03061,0.05482,0.09587,0.1642,0.2243,0.2745,0.33549
150.0,0.001467,0.003756,0.007937,0.0152,0.02785,0.04989,0.08734,0.1497,0.2049,0.251,0.30715
175.0,0.001157,0.002972,0.006294,0.01211,0.02222,0.03983,0.06991,0.1201,0.1649,0.2025,0.2485
200.0,9.233E-4,0.002379,0.005049,0.009758,0.01794,0.03219,0.05663,0.09742,0.1342,0.1651,0.20298
250.0,5.862E-4,0.001519,0.003242,0.006304,0.01166,0.02103,0.03731,0.0646,0.08917,0.1099,0.13527
300.0,3.834E-4,9.992E-4,0.002146,0.004201,0.007829,0.01419,0.02542,0.04427,0.06125,0.07564,0.09329
350.0,2.561E-4,6.721E-4,0.001454,0.002868,0.005387,0.009844,0.01776,0.03121,0.04333,0.05363,0.066312
400.0,1.738E-4,4.593E-4,0.001003,0.001994,0.003782,0.006981,0.0127,0.02255,0.03143,0.039,0.048341
450.0,1.187E-4,3.161E-4,6.975E-4,0.001401,0.00269,0.005027,0.009235,0.0166,0.02324,0.02894,0.035993
500.0,8.208E-5,2.203E-4,4.919E-4,0.001001,0.001951,0.003701,0.006881,0.01253,0.01763,0.02203,0.027493
600.0,4.046E-5,1.105E-4,2.537E-4,5.356E-4,0.001088,0.002141,0.0041,0.00764,0.01089,0.01371,0.017229
700.0,2.06E-5,5.754E-5,1.373E-4,3.045E-4,6.519E-4,0.001338,0.002648,0.005058,0.007306,0.009269,0.011743
800.0,1.078E-5,3.103E-5,7.786E-5,1.836E-4,4.161E-4,8.921E-4,0.001823,0.003567,0.005215,0.006663,0.0085007
1000.0,3.201E-6,1.006E-5,2.878E-5,7.792E-5,1.961E-4,4.548E-4,9.837E-4,0.002006,0.002994,0.003874,0.0050029
1200.0,1.073E-6,3.814E-6,1.258E-5,3.847E-5,1.054E-4,2.608E-4,5.92E-4,0.001251,0.001903,0.00249,0.0032515
1500.0,1.849E-7,7.8182E-7,3.4374E-6,1.2751E-5,4.0717E-5,1.1318E-4,2.5129E-4,6.2821E-4,9.8702E-4,0.0013157,0.0016007
SA0P15
r\m,4.0,4.5,5.0,5.5,6.0,6.5,7.0,7.5,7.8,8.0,8.2
0.0,1.6121,2.635,2.635,2.635,2.635,2.635,2.635,2.635,2.635,2.635,2.635
1.0,1.268,2.338,2.5445,2.631,2.631,2.631,2.631,2.631,2.631,2.631,2.631
5.0,0.2077,0.57704,1.0758,1.5867,1.9969,2.2753,2.4366,2.5246,2.533,2.533,2.533
10.0,0.061258,0.18182,0.39746,0.71624,1.1086,1.5095,1.8433,2.0937,2.2181,2.27,2.3014
15.0,0.029064,0.087538,0.19895,0.38163,0.64536,0.97719,1.3243,1.6453,1.8262,1.938,2.0539
20.0,0.01697,0.05139,0.1185,0.2329,0.4101,0.6588,0.9587,1.28,1.481,1.611,1.7471
25.0,0.0106,0.03209,0.07484,0.148,0.2669,0.4468,0.6906,0.9881,1.188,1.324,1.4712
30.0,0.007286,0.02208,0.05179,0.1027,0.1875,0.3214,0.5152,0.7729,0.9622,1.098,1.2478
40.0,0.004164,0.01265,0.02966,0.05921,0.1091,0.1917,0.3214,0.5102,0.6581,0.7699,0.89794
50.0,0.002727,0.008295,0.01945,0.03898,0.07234,0.1296,0.2261,0.3802,0.5133,0.622,0.7525
60.0,0.002372,0.007225,0.01695,0.03403,0.06327,0.1135,0.1987,0.3358,0.4552,0.5534,0.67146
70.0,0.002093,0.006382,0.01499,0.03012,0.05608,0.1008,0.1768,0.2998,0.4074,0.4964,0.60378
80.0,0.001865,0.005696,0.01339,0.02694,0.05022,0.09036,0.1587,0.2698,0.3674,0.4482,0.54595
90.0,0.001675,0.005121,0.01207,0.02428,0.0453,0.08161,0.1433,0.2444,0.3332,0.4067,0.49566
100.0,0.001513,0.004634,0.01094,0.02202,0.04112,0.07416,0.1303,0.2226,0.3038,0.3712,0.45305
110.0,0.001374,0.004214,0.009968,0.02008,0.03752,0.06773,0.1189,0.2038,0.2781,0.34,0.41513
120.0,0.001254,0.00385,0.009121,0.01838,0.03437,0.06212,0.1091,0.1872,0.2556,0.3126,0.38168
130.0,0.001144,0.003517,0.008346,0.01684,0.03151,0.05696,0.1,0.1718,0.2349,0.2874,0.35117
140.0,0.001044,0.003214,0.007634,0.01542,0.02888,0.05221,0.09177,0.1578,0.216,0.2646,0.32378
150.0,9.555E-4,0.002944,0.007001,0.01417,0.02654,0.04799,0.08444,0.1453,0.1992,0.2443,0.29934
175.0,7.733E-4,0.002389,0.005695,0.01157,0.02171,0.03926,0.06924,0.1193,0.1641,0.2017,0.24773
200.0,6.33E-4,0.001961,0.004686,0.009552,0.01795,0.03249,0.05741,0.09904,0.1366,0.1682,0.20678
250.0,4.229E-4,0.001318,0.003164,0.006481,0.01224,0.02223,0.03956,0.06864,0.09485,0.117,0.14417
300.0,2.91E-4,9.113E-4,0.002199,0.004527,0.008589,0.01566,0.02806,0.04894,0.06774,0.08369,0.1033
350.0,2.045E-4,6.441E-4,0.001563,0.003231,0.006161,0.01128,0.02032,0.03569,0.04952,0.06128,0.075742
400.0,1.459E-4,4.621E-4,0.001128,0.002342,0.004488,0.008265,0.01496,0.02648,0.03685,0.04569,0.056603
450.0,1.047E-4,3.336E-4,8.191E-4,0.00171,0.003295,0.006111,0.01112,0.01986,0.02773,0.03446,0.042775
500.0,7.608E-5,2.437E-4,6.021E-4,0.001264,0.002453,0.004585,0.008403,0.01514,0.02121,0.02643,0.032897
600.0,4.128E-5,1.335E-4,3.342E-4,7.123E-4,0.001411,0.002692,0.005025,0.0092,0.01302,0.01632,0.020448
700.0,2.306E-5,7.529E-5,1.913E-4,4.161E-4,8.476E-4,0.001661,0.003177,0.005936,0.008494,0.01072,0.01351
800.0,1.317E-5,4.345E-5,1.124E-4,2.513E-4,5.302E-4,0.001075,0.002118,0.004051,0.005868,0.007463,0.009479
1000.0,4.524E-6,1.532E-5,4.163E-5,1.011E-4,2.33E-4,5.128E-4,0.001078,0.002162,0.003208,0.004138,0.0053301
1200.0,1.65E-6,5.808E-6,1.702E-5,4.614E-5,1.176E-4,2.807E-4,6.256E-4,0.00131,0.001985,0.002593,0.0033804
1500.0,3.5364E-7,1.294E-6,4.0814E-6,1.2751E-5,4.0717E-5,1.1318E-4,2.3565E-4,6.2821E-4,9.8702E-4,0.0013157,0.0014804
SA0P2
r\m,4.0,4.5,5.0,5.5,6.0,6.5,7.0,7.5,7.8,8.0,8.2
0.0,0.86186,2.0085,2.342,2.342,2.342,2.342,2.342,2.342,2.342,2.342,2.342
1.0,0.69159,1.7444,2.2308,2.3317,2.339,2.339,2.339,2.339,2.339,2.339,2.339
5.0,0.12125,0.39808,0.8594,1.3499,1.7419,2.0063,2.158,2.2407,2.252,2.252,2.252
10.0,0.036509,0.12505,0.30915,0.59622,0.95307,1.3207,1.627,1.8563,1.9717,2.02,2.0498
15.0,0.017501,0.060551,0.15462,0.3169,0.55299,0.85243,1.167,1.4582,1.624,1.726,1.8318
20.0,0.01029,0.03575,0.09243,0.1939,0.3519,0.5749,0.845,1.135,1.318,1.436,1.5594
25.0,0.006467,0.02248,0.05889,0.1241,0.2305,0.3916,0.6107,0.8782,1.059,1.182,1.3141
30.0,0.004465,0.01553,0.04098,0.0866,0.1627,0.2826,0.4566,0.6881,0.8583,0.9806,1.1165
40.0,0.002568,0.008955,0.0236,0.05022,0.0952,0.1692,0.2856,0.4549,0.5876,0.6881,0.80343
50.0,0.001689,0.005901,0.01553,0.03318,0.06327,0.1147,0.2013,0.3398,0.4596,0.5578,0.67571
60.0,0.001479,0.00517,0.01362,0.02913,0.05567,0.1011,0.178,0.3019,0.41,0.499,0.60629
70.0,0.001313,0.004596,0.01211,0.02594,0.04964,0.09024,0.1592,0.271,0.369,0.4502,0.54841
80.0,0.001178,0.004126,0.01089,0.02334,0.04472,0.08138,0.1438,0.2453,0.3347,0.4088,0.49849
90.0,0.001064,0.003732,0.009865,0.02117,0.04058,0.07394,0.1306,0.2236,0.3053,0.3733,0.45561
100.0,9.667E-4,0.003396,0.008997,0.01931,0.03706,0.0676,0.1194,0.2049,0.28,0.3425,0.41835
110.0,8.833E-4,0.003107,0.008246,0.01771,0.03402,0.06211,0.1097,0.1886,0.2579,0.3156,0.38565
120.0,8.105E-4,0.002854,0.00759,0.01631,0.03136,0.05729,0.1012,0.1743,0.2384,0.2919,0.35686
130.0,7.441E-4,0.002623,0.006987,0.01502,0.02891,0.05285,0.09334,0.1609,0.2203,0.2699,0.32997
140.0,6.833E-4,0.002411,0.00643,0.01385,0.02666,0.04874,0.08616,0.1486,0.2038,0.25,0.30619
150.0,6.292E-4,0.002223,0.005934,0.01279,0.02465,0.04507,0.07977,0.1377,0.189,0.2321,0.28461
175.0,5.171E-4,0.001831,0.004902,0.01061,0.02046,0.03742,0.06636,0.1147,0.158,0.1945,0.23917
200.0,4.298E-4,0.001526,0.004095,0.008888,0.01717,0.03143,0.05582,0.09661,0.1335,0.1645,0.2024
250.0,2.961E-4,0.001057,0.00285,0.006215,0.01206,0.02213,0.03958,0.06887,0.09531,0.1177,0.14512
300.0,2.1E-4,7.531E-4,0.002041,0.004471,0.008714,0.01604,0.02885,0.05044,0.0699,0.08642,0.10671
350.0,1.521E-4,5.485E-4,0.001493,0.003285,0.006425,0.01187,0.02144,0.03771,0.05236,0.06484,0.080203
400.0,1.118E-4,4.053E-4,0.001109,0.002449,0.004805,0.008916,0.01616,0.02862,0.03983,0.0494,0.061208
450.0,8.271E-5,3.014E-4,8.291E-4,0.001837,0.003619,0.006746,0.01227,0.0219,0.03055,0.03797,0.047133
500.0,6.19E-5,2.267E-4,6.267E-4,0.001394,0.002758,0.005168,0.009445,0.01697,0.02375,0.02957,0.03679
600.0,3.563E-5,1.315E-4,3.673E-4,8.244E-4,0.001652,0.003136,0.005801,0.01054,0.01486,0.01859,0.02323
700.0,2.109E-5,7.843E-5,2.212E-4,5.021E-4,0.001022,0.001973,0.00371,0.006838,0.009725,0.01224,0.015406
800.0,1.275E-5,4.776E-5,1.361E-4,3.133E-4,6.509E-4,0.001284,0.002465,0.004627,0.006648,0.008418,0.010647
1000.0,4.892E-6,1.859E-5,5.417E-5,1.302E-4,2.851E-4,5.974E-4,0.001212,0.002379,0.0035,0.004495,0.0057654
1200.0,1.971E-6,7.612E-6,2.291E-5,5.86E-5,1.385E-4,3.133E-4,6.773E-4,0.001394,0.0021,0.002734,0.0035538
1500.0,4.9788E-7,1.964E-6,6.1229E-6,1.6619E-5,4.2483E-5,1.1318E-4,2.4441E-4,6.2821E-4,9.8702E-4,0.0013157,0.0014685
SA0P25
r\m,4.0,4.5,5.0,5.5,6.0,6.5,7.0,7.5,7.8,8.0,8.2
0.0,0.49263,1.2917,2.189,2.189,2.189,2.189,2.189,2.189,2.189,2.189,2.189
1.0,0.41207,1.1508,2.0601,2.1686,2.186,2.186,2.186,2.186,2.186,2.186,2.186
5.0,0.081584,0.29328,0.73888,1.2245,1.6101,1.8671,2.0144,2.0956,2.105,2.105,2.105
10.0,0.024701,0.093109,0.25757,0.52974,0.872,1.2244,1.5173,1.7355,1.8428,1.887,1.9122
15.0,0.011784,0.044924,0.12724,0.2786,0.50203,0.78637,1.0853,1.3609,1.515,1.61,1.7078
20.0,0.006896,0.02641,0.07555,0.1694,0.3177,0.5278,0.7829,1.056,1.226,1.336,1.4509
25.0,0.004341,0.01664,0.04832,0.1089,0.2087,0.3598,0.5653,0.8148,0.9823,1.096,1.2172
30.0,0.002993,0.01148,0.03361,0.07589,0.1471,0.2591,0.4215,0.636,0.7931,0.9055,1.0303
40.0,0.001707,0.006565,0.0192,0.04367,0.08541,0.1537,0.2608,0.4159,0.5368,0.628,0.73245
50.0,0.00111,0.004274,0.01247,0.0285,0.0561,0.1029,0.1819,0.3082,0.4176,0.5073,0.61512
60.0,9.755E-4,0.003761,0.01098,0.02513,0.04954,0.09108,0.1615,0.2749,0.3739,0.4557,0.55453
70.0,8.698E-4,0.003356,0.009806,0.02246,0.04435,0.08166,0.145,0.2478,0.3379,0.4126,0.50297
80.0,7.835E-4,0.003027,0.008848,0.02029,0.04011,0.07394,0.1315,0.2252,0.3077,0.3762,0.45922
90.0,7.105E-4,0.002748,0.008051,0.01847,0.03655,0.06746,0.1199,0.206,0.2818,0.3449,0.42147
100.0,6.485E-4,0.002511,0.007371,0.01692,0.03351,0.06192,0.1101,0.1895,0.2595,0.3177,0.38849
110.0,5.949E-4,0.002306,0.006783,0.01558,0.03089,0.05712,0.1015,0.1752,0.2399,0.294,0.35969
120.0,5.481E-4,0.002127,0.006268,0.0144,0.02858,0.05291,0.09401,0.1625,0.2227,0.2729,0.33394
130.0,5.053E-4,0.001963,0.005794,0.01333,0.02646,0.049,0.08708,0.1507,0.2066,0.2534,0.31028
140.0,4.66E-4,0.001812,0.005355,0.01233,0.0245,0.04538,0.08072,0.1397,0.1918,0.2357,0.28916
150.0,4.309E-4,0.001677,0.004963,0.01144,0.02275,0.04213,0.07501,0.1299,0.1787,0.2197,0.26968
175.0,3.579E-4,0.001396,0.004143,0.009581,0.01907,0.03535,0.06306,0.1094,0.1509,0.1859,0.22871
200.0,3.006E-4,0.001175,0.003497,0.008112,0.01617,0.02998,0.05358,0.09304,0.1287,0.1588,0.19556
250.0,2.115E-4,8.308E-4,0.002485,0.005791,0.0116,0.02156,0.03876,0.06766,0.09376,0.1159,0.14311
300.0,1.532E-4,6.045E-4,0.001816,0.004252,0.00855,0.01593,0.02881,0.05051,0.07009,0.08671,0.10716
350.0,1.133E-4,4.493E-4,0.001356,0.003187,0.006429,0.01202,0.02181,0.03846,0.05346,0.06624,0.081987
400.0,8.497E-5,3.388E-4,0.001027,0.002423,0.004901,0.0092,0.01673,0.0297,0.04136,0.05133,0.063637
450.0,6.418E-5,2.571E-4,7.833E-4,0.001854,0.003761,0.007084,0.01293,0.02309,0.03223,0.04006,0.049743
500.0,4.902E-5,1.973E-4,6.038E-4,0.001434,0.002918,0.00552,0.01011,0.01817,0.02541,0.03164,0.039354
600.0,2.937E-5,1.191E-4,3.678E-4,8.797E-4,0.001808,0.003451,0.006376,0.01156,0.01627,0.02034,0.025404
700.0,1.81E-5,7.385E-5,2.3E-4,5.547E-4,0.001152,0.002225,0.004158,0.007616,0.0108,0.01356,0.017002
800.0,1.139E-5,4.674E-5,1.468E-4,3.572E-4,7.519E-4,0.001473,0.002793,0.005186,0.007412,0.009359,0.011806
1000.0,4.723E-6,1.96E-5,6.245E-5,1.562E-4,3.393E-4,6.923E-4,0.001369,0.002636,0.003846,0.004916,0.0062756
1200.0,2.051E-6,8.602E-6,2.789E-5,7.233E-5,1.648E-4,3.568E-4,7.462E-4,0.001504,0.002247,0.002913,0.0037717
1500.0,5.8202E-7,2.4811E-6,8.235E-6,2.2144E-5,5.295E-5,1.2179E-4,2.697E-4,6.2821E-4,9.8702E-4,0.0013157,0.0015287
SA0P3
r\m,4.0,4.5,5.0,5.5,6.0,6.5,7.0,7.5,7.8,8.0,8.2
0.0,0.30703,0.86847,1.823,2.069,2.069,2.069,2.069,2.069,2.069,2.069,2.069
1.0,0.26451,0.78876,1.7146,2.0402,2.064,2.064,2.064,2.064,2.064,2.064,2.064
5.0,0.058103,0.22184,0.62057,1.1223,1.5049,1.7584,1.9012,1.9811,1.988,1.988,1.988
10.0,0.017671,0.071191,0.21514,0.47521,0.80648,1.1488,1.4306,1.64,1.7427,1.781,1.7967
15.0,0.0083817,0.034206,0.10555,0.24717,0.46059,0.73418,1.0205,1.2836,1.4301,1.518,1.6056
20.0,0.004878,0.02001,0.06233,0.1493,0.2898,0.4904,0.7334,0.993,1.154,1.257,1.3633
25.0,0.003073,0.01262,0.03998,0.09616,0.1908,0.3342,0.529,0.7643,0.9216,1.028,1.1426
30.0,0.002114,0.008687,0.02778,0.06697,0.1344,0.2401,0.3934,0.5946,0.7411,0.8454,0.96082
40.0,0.001195,0.004925,0.01573,0.03823,0.07735,0.1412,0.2409,0.3846,0.4961,0.5799,0.67575
50.0,7.672E-4,0.003167,0.01009,0.02466,0.05021,0.09346,0.1663,0.2828,0.3838,0.4667,0.5665
60.0,6.766E-4,0.002796,0.00891,0.0218,0.04447,0.08295,0.148,0.2531,0.3446,0.4204,0.51211
70.0,6.051E-4,0.002503,0.00798,0.01955,0.03993,0.07459,0.1334,0.2286,0.3123,0.3818,0.46597
80.0,5.468E-4,0.002264,0.007221,0.01771,0.03621,0.06773,0.1213,0.2084,0.2852,0.3491,0.4266
90.0,4.974E-4,0.002061,0.006589,0.01617,0.0331,0.06198,0.1109,0.1913,0.262,0.321,0.39275
100.0,4.553E-4,0.001889,0.006051,0.01485,0.03044,0.05706,0.1021,0.1765,0.2419,0.2966,0.36301
110.0,4.19E-4,0.00174,0.005584,0.01371,0.02814,0.05279,0.09445,0.1636,0.2244,0.2752,0.33697
120.0,3.872E-4,0.00161,0.005175,0.01272,0.02612,0.04904,0.08773,0.1522,0.2089,0.2563,0.31415
130.0,3.58E-4,0.00149,0.004799,0.0118,0.02425,0.04556,0.0815,0.1415,0.1944,0.2387,0.29286
140.0,3.312E-4,0.00138,0.004449,0.01095,0.02252,0.04232,0.07577,0.1317,0.1811,0.2226,0.27328
150.0,3.073E-4,0.001281,0.004136,0.01019,0.02097,0.03941,0.07063,0.1228,0.1692,0.2081,0.25579
175.0,2.572E-4,0.001074,0.00348,0.008599,0.01772,0.03331,0.05983,0.1041,0.1439,0.1774,0.21836
200.0,2.177E-4,9.11E-4,0.00296,0.007336,0.01514,0.02848,0.05122,0.08924,0.1236,0.1527,0.18833
250.0,1.556E-4,6.542E-4,0.002136,0.005319,0.01103,0.02079,0.03761,0.06588,0.09141,0.1131,0.13988
300.0,1.145E-4,4.833E-4,0.001585,0.003965,0.008252,0.0156,0.02836,0.0499,0.06933,0.08584,0.10616
350.0,8.595E-5,3.647E-4,0.001201,0.003016,0.006297,0.01194,0.02178,0.03853,0.05362,0.06648,0.082355
400.0,6.548E-5,2.792E-4,9.231E-4,0.002328,0.004871,0.009266,0.01694,0.03016,0.04203,0.0522,0.064747
450.0,5.021E-5,2.15E-4,7.143E-4,0.001807,0.003789,0.007236,0.01327,0.02375,0.03317,0.04126,0.051252
500.0,3.894E-5,1.675E-4,5.587E-4,0.001418,0.002983,0.005714,0.01051,0.01891,0.02647,0.03296,0.041006
600.0,2.404E-5,1.041E-4,3.503E-4,8.949E-4,0.001898,0.003663,0.006783,0.01229,0.0173,0.02162,0.02699
700.0,1.525E-5,6.645E-5,2.254E-4,5.798E-4,0.00124,0.002415,0.004511,0.008243,0.01167,0.01464,0.01834
800.0,9.882E-6,4.329E-5,1.479E-4,3.832E-4,8.278E-4,0.001629,0.003075,0.005678,0.008091,0.0102,0.012849
1000.0,4.344E-6,1.921E-5,6.641E-5,1.757E-4,3.874E-4,7.841E-4,0.001527,0.002902,0.004206,0.005357,0.0068165
1200.0,1.998E-6,8.905E-6,3.116E-5,8.446E-5,1.92E-4,4.055E-4,8.262E-4,0.001633,0.002419,0.003122,0.0040238
1500.0,6.1831E-7,2.7954E-6,9.9676E-6,2.7745E-5,6.5146E-5,1.4365E-4,3.0548E-4,6.2853E-4,9.8702E-4,0.0013157,0.0016346
SA0P4
r\m,4.0,4.5,5.0,5.5,6.0,6.5,7.0,7.5,7.8,8.0,8.2
0.0,0.14538,0.4431,1.111,1.611,1.864,1.875,1.875,1.875,1.875,1.875,1.875
1.0,0.12942,0.4118,1.0559,1.5851,1.8645,1.872,1.872,1.872,1.872,1.872,1.872
5.0,0.032845,0.13419,0.42432,0.88684,1.3258,1.5795,1.7175,1.7957,1.801,1.801,1.801
10.0,0.010077,0.044017,0.15076,0.37685,0.69573,1.0228,1.289,1.4851,1.5792,1.612,1.6215
15.0,0.0047356,0.021025,0.073707,0.19483,0.3916,0.64751,0.91493,1.1588,1.2922,1.371,1.448
20.0,0.002731,0.0122,0.04324,0.1169,0.244,0.4289,0.6534,0.8921,1.038,1.131,1.2267
25.0,0.001723,0.00771,0.02784,0.0756,0.1613,0.2925,0.4704,0.6839,0.8255,0.9203,1.0218
30.0,0.00118,0.005285,0.0193,0.05256,0.1134,0.2095,0.3485,0.5291,0.6596,0.7518,0.85372
40.0,6.572E-4,0.002952,0.01077,0.02962,0.06444,0.1214,0.21,0.3365,0.4338,0.5066,0.58958
50.0,4.136E-4,0.001859,0.006763,0.01874,0.04105,0.07894,0.1426,0.2443,0.3325,0.4051,0.49277
60.0,3.663E-4,0.001649,0.006,0.01663,0.03649,0.07034,0.1274,0.2194,0.2998,0.3663,0.44697
70.0,3.29E-4,0.001482,0.005395,0.01497,0.03286,0.06351,0.1152,0.1991,0.2728,0.334,0.40826
80.0,2.986E-4,0.001347,0.004902,0.01362,0.02996,0.0579,0.1052,0.1822,0.2501,0.3066,0.37536
90.0,2.727E-4,0.001231,0.004492,0.01249,0.0275,0.05321,0.09665,0.1679,0.2307,0.2831,0.34702
100.0,2.506E-4,0.001133,0.004142,0.01152,0.0254,0.04918,0.08933,0.1556,0.2139,0.2627,0.32222
110.0,2.315E-4,0.001048,0.003838,0.01068,0.02357,0.04569,0.08296,0.1448,0.1992,0.2447,0.3
120.0,2.148E-4,9.736E-4,0.003572,0.009943,0.02197,0.04262,0.07736,0.1353,0.1862,0.2289,0.28098
130.0,1.995E-4,9.051E-4,0.003326,0.009264,0.02049,0.03976,0.07218,0.1263,0.174,0.214,0.26283
140.0,1.854E-4,8.416E-4,0.003097,0.008635,0.01911,0.03709,0.0674,0.118,0.1628,0.2004,0.2462
150.0,1.727E-4,7.847E-4,0.002892,0.00807,0.01787,0.0347,0.0631,0.1105,0.1527,0.1882,0.23147
175.0,1.462E-4,6.653E-4,0.00246,0.00688,0.01525,0.02964,0.05402,0.09472,0.1313,0.1621,0.19982
200.0,1.251E-4,5.704E-4,0.002116,0.005931,0.01317,0.02561,0.04675,0.08202,0.114,0.141,0.17407
250.0,9.142E-5,4.186E-4,0.00156,0.004395,0.009807,0.01911,0.03506,0.06187,0.08608,0.1066,0.1318
300.0,6.873E-5,3.16E-4,0.001182,0.003347,0.007499,0.01465,0.027,0.04785,0.06665,0.08265,0.10235
350.0,5.275E-5,2.436E-4,9.147E-4,0.0026,0.005845,0.01145,0.02116,0.0377,0.05259,0.06529,0.080966
400.0,4.107E-5,1.905E-4,7.178E-4,0.002049,0.004616,0.00907,0.0168,0.03009,0.04204,0.05226,0.064888
450.0,3.218E-5,1.498E-4,5.669E-4,0.001624,0.003667,0.007227,0.01341,0.02415,0.03381,0.04208,0.052315
500.0,2.549E-5,1.192E-4,4.526E-4,0.001301,0.002944,0.00582,0.01082,0.01959,0.02746,0.03423,0.042638
600.0,1.641E-5,7.719E-5,2.956E-4,8.547E-4,0.001947,0.003874,0.007246,0.01318,0.01856,0.02321,0.028984
700.0,1.086E-5,5.133E-5,1.981E-4,5.761E-4,0.001321,0.002646,0.004979,0.009106,0.01288,0.01616,0.020239
800.0,7.331E-6,3.482E-5,1.353E-4,3.957E-4,9.142E-4,0.001843,0.003493,0.006431,0.009144,0.01151,0.014485
1000.0,3.498E-6,1.675E-5,6.566E-5,1.953E-4,4.566E-4,9.358E-4,0.001807,0.003387,0.004874,0.006181,0.0078292
1200.0,1.744E-6,8.4E-6,3.322E-5,1.004E-4,2.384E-4,5.0E-4,9.923E-4,0.001911,0.002795,0.003581,0.0045842
1500.0,6.0989E-7,2.9717E-6,1.194E-5,3.6821E-5,8.912E-5,1.9179E-4,3.906E-4,7.7137E-4,0.0011479,0.0014871,0.0019248
SA0P5
r\m,4.0,4.5,5.0,5.5,6.0,6.5,7.0,7.5,7.8,8.0,8.2
0.0,0.083121,0.25708,0.7171,1.182,1.516,1.696,1.722,1.722,1.722,1.722,1.722
1.0,0.075118,0.24183,0.68579,1.1642,1.515,1.7112,1.719,1.719,1.719,1.719,1.719
5.0,0.020706,0.086916,0.29781,0.68178,1.1,1.421,1.5716,1.6485,1.654,1.654,1.654
10.0,0.006384,0.029063,0.10828,0.29755,0.58921,0.916,1.1757,1.3619,1.4507,1.479,1.4841
15.0,0.0029779,0.013829,0.052853,0.15431,0.33333,0.57649,0.83052,1.0598,1.1845,1.256,1.3254
20.0,0.001705,0.007975,0.03085,0.09236,0.2075,0.3797,0.59,0.8127,0.9481,1.033,1.1204
25.0,0.001076,0.005047,0.01991,0.05995,0.1376,0.2593,0.4247,0.6214,0.7511,0.8375,0.92991
30.0,7.352E-4,0.003448,0.01378,0.04162,0.09664,0.1852,0.3136,0.4788,0.5973,0.6806,0.77258
40.0,4.046E-4,0.001903,0.007602,0.02322,0.05439,0.1063,0.1867,0.3005,0.3875,0.4523,0.52605
50.0,2.507E-4,0.001179,0.004695,0.01446,0.03414,0.06811,0.125,0.216,0.295,0.3598,0.43828
60.0,2.226E-4,0.001049,0.004174,0.01287,0.03044,0.06085,0.1121,0.1945,0.2665,0.3262,0.39858
70.0,2.005E-4,9.458E-4,0.003764,0.01162,0.02752,0.05509,0.1016,0.177,0.2432,0.2982,0.36509
80.0,1.824E-4,8.617E-4,0.00343,0.0106,0.02512,0.05037,0.09303,0.1624,0.2235,0.2746,0.33694
90.0,1.67E-4,7.901E-4,0.003152,0.009743,0.02313,0.04641,0.08571,0.1501,0.2068,0.2542,0.31186
100.0,1.538E-4,7.292E-4,0.002914,0.009013,0.02142,0.04302,0.07943,0.1394,0.1923,0.2365,0.29047
110.0,1.425E-4,6.763E-4,0.002708,0.00838,0.01993,0.04008,0.07397,0.1301,0.1796,0.221,0.27147
120.0,1.326E-4,6.3E-4,0.002527,0.007824,0.01863,0.03749,0.06917,0.1219,0.1683,0.2072,0.25465
130.0,1.234E-4,5.874E-4,0.00236,0.007311,0.01742,0.03507,0.06472,0.1142,0.1578,0.1944,0.23934
140.0,1.15E-4,5.478E-4,0.002205,0.006834,0.0163,0.03282,0.06061,0.107,0.148,0.1826,0.22499
150.0,1.075E-4,5.123E-4,0.002065,0.006405,0.01528,0.03079,0.05691,0.1005,0.1393,0.1719,0.21198
175.0,9.161E-5,4.376E-4,0.001771,0.0055,0.01314,0.0265,0.04909,0.08673,0.1206,0.1492,0.18442
200.0,7.897E-5,3.779E-4,0.001534,0.004775,0.01143,0.02306,0.04279,0.07565,0.1054,0.1307,0.16172
250.0,5.858E-5,2.817E-4,0.001148,0.003591,0.00864,0.01747,0.03257,0.05792,0.08083,0.1003,0.12432
300.0,4.47E-5,2.158E-4,8.829E-4,0.002775,0.006707,0.01359,0.02544,0.04545,0.06349,0.07885,0.0978
350.0,3.483E-5,1.688E-4,6.928E-4,0.002187,0.005303,0.01078,0.02023,0.03632,0.0508,0.06316,0.078427
400.0,2.752E-5,1.339E-4,5.513E-4,0.001748,0.004248,0.008661,0.01628,0.02939,0.04116,0.05124,0.063717
450.0,2.189E-5,1.069E-4,4.415E-4,0.001405,0.003423,0.006999,0.01319,0.02392,0.03355,0.04182,0.052066
500.0,1.76E-5,8.627E-5,3.574E-4,0.001142,0.002787,0.005715,0.01079,0.01965,0.02761,0.03445,0.042931
600.0,1.167E-5,5.748E-5,2.401E-4,7.714E-4,0.001894,0.003908,0.007414,0.01356,0.01913,0.02395,0.029942
700.0,7.94E-6,3.931E-5,1.654E-4,5.342E-4,0.00132,0.002739,0.005221,0.009594,0.01359,0.01706,0.021406
800.0,5.514E-6,2.745E-5,1.161E-4,3.77E-4,9.373E-4,0.001956,0.003749,0.006922,0.009843,0.01239,0.015577
1000.0,2.783E-6,1.393E-5,5.947E-5,1.961E-4,4.921E-4,0.001039,0.002018,0.003772,0.005413,0.006853,0.0086692
1200.0,1.466E-6,7.378E-6,3.173E-5,1.061E-4,2.69E-4,5.764E-4,0.00114,0.00217,0.003151,0.004021,0.0051241
1500.0,5.5766E-7,2.833E-6,1.2359E-5,4.2095E-5,1.083E-4,2.3655E-4,4.7619E-4,9.2207E-4,0.0013565,0.0017462,0.0022445
SA0P75
r\m,4.0,4.5,5.0,5.5,6.0,6.5,7.0,7.5,7.8,8.0,8.2
0.0,0.032916,0.095601,0.2952,0.5966,0.9536,1.234,1.371,1.417,1.432,1.44,1.446
1.0,0.030021,0.090906,0.28441,0.58837,0.95107,1.2427,1.3872,1.438,1.438,1.438,1.438
5.0,0.008843,0.036977,0.13934,0.37231,0.71515,1.0468,1.2532,1.359,1.383,1.383,1.383
10.0,0.0027091,0.012721,0.053004,0.17149,0.39829,0.68984,0.94363,1.1247,1.209,1.235,1.2376
15.0,0.0012434,0.0060084,0.025843,0.089746,0.22799,0.43799,0.66751,0.87422,0.98465,1.046,1.1036
20.0,7.022E-4,0.003427,0.01495,0.05353,0.1419,0.2884,0.4726,0.6674,0.7841,0.8568,0.93202
25.0,4.44E-4,0.002178,0.009684,0.03493,0.09471,0.1976,0.3402,0.5081,0.6177,0.6899,0.76702
30.0,3.016E-4,0.00148,0.006677,0.02418,0.06642,0.1407,0.2501,0.3889,0.4871,0.5554,0.63092
40.0,1.626E-4,7.991E-4,0.003602,0.01323,0.03675,0.07928,0.1458,0.2385,0.3086,0.3603,0.41902
50.0,9.812E-5,4.811E-4,0.002156,0.008005,0.02246,0.04956,0.09544,0.1685,0.2317,0.2839,0.34725
60.0,8.738E-5,4.297E-4,0.001925,0.007157,0.02011,0.04447,0.08588,0.1523,0.2103,0.2585,0.31736
70.0,7.893E-5,3.891E-4,0.001744,0.006488,0.01825,0.04043,0.07822,0.1392,0.1927,0.2373,0.29179
80.0,7.204E-5,3.56E-4,0.001596,0.005943,0.01674,0.03711,0.0719,0.1283,0.1779,0.2194,0.27021
90.0,6.616E-5,3.278E-4,0.001473,0.005488,0.01547,0.03435,0.06651,0.119,0.1653,0.204,0.2513
100.0,6.115E-5,3.037E-4,0.001368,0.005099,0.01439,0.03198,0.0619,0.1111,0.1544,0.1907,0.23524
110.0,5.683E-5,2.828E-4,0.001277,0.004761,0.01345,0.02991,0.05789,0.1041,0.1448,0.1789,0.22062
120.0,5.305E-5,2.646E-4,0.001197,0.004465,0.01263,0.0281,0.05435,0.09797,0.1363,0.1685,0.20789
130.0,4.957E-5,2.477E-4,0.001123,0.00419,0.01186,0.02641,0.05109,0.09216,0.1283,0.1588,0.19638
140.0,4.636E-5,2.321E-4,0.001054,0.003935,0.01114,0.02482,0.04807,0.08674,0.121,0.1498,0.18527
150.0,4.349E-5,2.18E-4,9.924E-4,0.003705,0.0105,0.02339,0.04535,0.08184,0.1143,0.1417,0.1753
175.0,3.743E-5,1.883E-4,8.612E-4,0.003217,0.00913,0.02037,0.03957,0.07145,0.1001,0.1244,0.1543
200.0,3.259E-5,1.645E-4,7.553E-4,0.002824,0.008028,0.01793,0.03488,0.06303,0.08852,0.1102,0.13701
250.0,2.47E-5,1.255E-4,5.787E-4,0.002174,0.006218,0.01392,0.02718,0.04941,0.06949,0.08657,0.1078
300.0,1.928E-5,9.843E-5,4.554E-4,0.001719,0.004941,0.01109,0.02172,0.03969,0.05586,0.06965,0.086719
350.0,1.536E-5,7.881E-5,3.654E-4,0.001386,0.003996,0.008993,0.01766,0.03243,0.04569,0.05703,0.07109
400.0,1.242E-5,6.399E-5,2.972E-4,0.001132,0.003273,0.007391,0.01454,0.02682,0.03784,0.04728,0.058984
450.0,1.011E-5,5.228E-5,2.433E-4,9.309E-4,0.002696,0.006108,0.01204,0.02231,0.03151,0.03941,0.049205
500.0,8.319E-6,4.315E-5,2.013E-4,7.729E-4,0.002244,0.005099,0.01007,0.01873,0.02649,0.03316,0.041448
600.0,5.77E-6,3.006E-5,1.413E-4,5.452E-4,0.001592,0.00364,0.007224,0.01348,0.01913,0.02401,0.030111
700.0,4.108E-6,2.148E-5,1.016E-4,3.94E-4,0.001155,0.00266,0.005302,0.00992,0.01413,0.01777,0.022308
800.0,2.983E-6,1.564E-5,7.439E-5,2.9E-4,8.561E-4,0.001979,0.00396,0.007432,0.01062,0.01339,0.016868
1000.0,1.644E-6,8.665E-6,4.148E-5,1.639E-4,4.878E-4,0.001137,0.002295,0.004335,0.006229,0.007886,0.0099772
1200.0,9.442E-7,4.996E-6,2.406E-5,9.616E-5,2.885E-4,6.783E-4,0.001382,0.002635,0.003812,0.004849,0.0061605
1500.0,4.106E-7,2.1821E-6,1.0623E-5,4.3168E-5,1.3109E-4,3.1273E-4,6.447E-4,0.0012393,0.0018082,0.0023137,0.0029574
SA1P0
r\m,4.0,4.5,5.0,5.5,6.0,6.5,7.0,7.5,7.8,8.0,8.2
0.0,0.018389,0.04926,0.1512,0.3356,0.6287,0.9266,1.103,1.189,1.22,1.234,1.2441
1.0,0.016711,0.046843,0.14595,0.33106,0.62626,0.93208,1.1153,1.2094,1.233,1.233,1.233
5.0,0.0048402,0.019664,0.075649,0.21906,0.48125,0.79218,1.0118,1.1428,1.186,1.186,1.186
10.0,0.0014547,0.0067912,0.029524,0.10472,0.27544,0.52996,0.76867,0.94844,1.0323,1.059,1.0639
15.0,6.589E-4,0.0031853,0.014392,0.055268,0.1593,0.33903,0.54674,0.73819,0.84008,0.8952,0.9459
20.0,3.686E-4,0.001804,0.008283,0.03293,0.09932,0.2236,0.3876,0.563,0.6674,0.732,0.79908
25.0,2.33E-4,0.001151,0.00538,0.02157,0.06661,0.1537,0.2796,0.4279,0.5242,0.5874,0.65491
30.0,1.577E-4,7.803E-4,0.003701,0.0149,0.0467,0.1093,0.2052,0.3265,0.4116,0.4705,0.53531
40.0,8.396E-5,4.16E-4,0.00197,0.008049,0.02558,0.06103,0.1183,0.1978,0.2573,0.3009,0.35049
50.0,4.991E-5,2.463E-4,0.001156,0.00478,0.01538,0.0376,0.07642,0.1383,0.1917,0.2358,0.28953
60.0,4.449E-5,2.204E-4,0.001035,0.004284,0.0138,0.03381,0.06893,0.1253,0.1744,0.2152,0.26508
70.0,4.023E-5,2.0E-4,9.397E-4,0.003894,0.01256,0.03081,0.06294,0.1148,0.1602,0.1981,0.24454
80.0,3.676E-5,1.833E-4,8.622E-4,0.003576,0.01154,0.02836,0.05799,0.106,0.1483,0.1836,0.22678
90.0,3.381E-5,1.691E-4,7.978E-4,0.003311,0.0107,0.02631,0.05378,0.09867,0.1381,0.1712,0.21185
100.0,3.129E-5,1.57E-4,7.428E-4,0.003085,0.009977,0.02455,0.05017,0.09231,0.1293,0.1604,0.19846
110.0,2.912E-5,1.465E-4,6.951E-4,0.002888,0.009351,0.02303,0.04703,0.08674,0.1216,0.1509,0.18687
120.0,2.723E-5,1.373E-4,6.531E-4,0.002716,0.0088,0.02169,0.04427,0.08183,0.1148,0.1425,0.17661
130.0,2.548E-5,1.288E-4,6.144E-4,0.002556,0.008288,0.02043,0.04172,0.07718,0.1084,0.1346,0.16683
140.0,2.387E-5,1.21E-4,5.786E-4,0.002407,0.007808,0.01926,0.03937,0.07284,0.1024,0.1274,0.15828
150.0,2.243E-5,1.139E-4,5.463E-4,0.002272,0.007376,0.01821,0.03725,0.06892,0.09706,0.1208,0.15002
175.0,1.939E-5,9.901E-5,4.775E-4,0.001987,0.006458,0.01596,0.03273,0.06058,0.08558,0.1068,0.13307
200.0,1.696E-5,8.702E-5,4.219E-4,0.001756,0.005717,0.01415,0.02906,0.0538,0.0762,0.09524,0.11881
250.0,1.3E-5,6.728E-5,3.279E-4,0.001372,0.004493,0.01115,0.02296,0.04281,0.06071,0.07595,0.094859
300.0,1.026E-5,5.347E-5,2.617E-4,0.0011,0.003621,0.009008,0.01861,0.03488,0.0495,0.06198,0.077493
350.0,8.278E-6,4.34E-5,2.129E-4,8.986E-4,0.002969,0.00741,0.01534,0.02889,0.04105,0.05144,0.064382
400.0,6.779E-6,3.572E-5,1.755E-4,7.442E-4,0.002464,0.006172,0.01281,0.02422,0.03444,0.0432,0.05411
450.0,5.591E-6,2.959E-5,1.456E-4,6.2E-4,0.002058,0.005171,0.01075,0.02042,0.02907,0.03649,0.045746
500.0,4.662E-6,2.476E-5,1.221E-4,5.216E-4,0.001735,0.004375,0.009111,0.01737,0.02475,0.0311,0.039034
600.0,3.322E-6,1.772E-5,8.794E-5,3.776E-4,0.001262,0.003206,0.00671,0.01282,0.01835,0.0231,0.029075
700.0,2.429E-6,1.3E-5,6.491E-5,2.799E-4,9.407E-4,0.002403,0.005053,0.009679,0.01388,0.01753,0.022108
800.0,1.812E-6,9.722E-6,4.877E-5,2.112E-4,7.136E-4,0.001833,0.003869,0.007429,0.01069,0.01352,0.017076
1000.0,1.053E-6,5.672E-6,2.861E-5,1.254E-4,4.272E-4,0.001106,0.002352,0.004539,0.006558,0.008321,0.010544
1200.0,6.37E-7,3.442E-6,1.744E-5,7.729E-5,2.652E-4,6.919E-4,0.001482,0.002877,0.004178,0.00532,0.0067642
1500.0,3.0084E-7,1.6265E-6,8.3019E-6,3.7348E-5,1.2958E-4,3.4303E-4,7.4274E-4,0.0014493,0.0021185,0.0027106,0.0034622
SA1P5
r\m,4.0,4.5,5.0,5.5,6.0,6.5,7.0,7.5,7.8,8.0,8.2
0.0,0.0089257,0.021255,0.05848,0.1334,0.2933,0.5257,0.7168,0.8364,0.886,0.9105,0.9327
1.0,0.007883,0.019951,0.056308,0.13149,0.29191,0.52828,0.72423,0.85068,0.90409,0.909,0.909
5.0,0.0019357,0.0076198,0.028817,0.088648,0.22793,0.45269,0.65993,0.80558,0.86978,0.8749,0.8749
10.0,5.5986E-4,0.0025423,0.011221,0.043353,0.13387,0.30817,0.50689,0.67239,0.75263,0.7826,0.79583
15.0,2.5211E-4,0.0011874,0.0054907,0.023168,0.078774,0.20008,0.36455,0.52674,0.61477,0.6637,0.70991
20.0,1.41E-4,6.738E-4,0.003175,0.01391,0.04966,0.1334,0.2608,0.4041,0.4902,0.5442,0.60087
25.0,8.924E-5,4.343E-4,0.002077,0.009205,0.0337,0.09272,0.1898,0.3088,0.3866,0.438,0.49359
30.0,6.053E-5,2.958E-4,0.001436,0.00639,0.02379,0.06644,0.1403,0.2368,0.3045,0.3515,0.40367
40.0,3.23E-5,1.584E-4,7.699E-4,0.003469,0.01312,0.03741,0.08148,0.1442,0.1911,0.2256,0.26514
50.0,1.927E-5,9.411E-5,4.527E-4,0.002062,0.00791,0.02315,0.05286,0.1013,0.1428,0.1773,0.21963
60.0,1.717E-5,8.432E-5,4.062E-4,0.001854,0.007121,0.02088,0.04781,0.09201,0.1303,0.1623,0.20167
70.0,1.553E-5,7.662E-5,3.697E-4,0.00169,0.006499,0.01908,0.04378,0.0845,0.1201,0.1498,0.18665
80.0,1.42E-5,7.035E-5,3.401E-4,0.001557,0.005991,0.01761,0.04044,0.07828,0.1114,0.1392,0.17345
90.0,1.307E-5,6.5E-5,3.154E-4,0.001446,0.005572,0.01639,0.03762,0.07305,0.1041,0.1302,0.16234
100.0,1.211E-5,6.045E-5,2.944E-4,0.001352,0.005213,0.01534,0.03519,0.06855,0.09781,0.1224,0.15294
110.0,1.128E-5,5.652E-5,2.762E-4,0.00127,0.004901,0.01443,0.03309,0.06461,0.09226,0.1155,0.14411
120.0,1.056E-5,5.307E-5,2.602E-4,0.001198,0.004627,0.01363,0.03123,0.06113,0.08735,0.1094,0.13667
130.0,9.895E-6,4.989E-5,2.454E-4,0.001131,0.004372,0.01289,0.02953,0.05784,0.08273,0.1037,0.12966
140.0,9.28E-6,4.695E-5,2.318E-4,0.001068,0.004133,0.01219,0.02796,0.05477,0.07847,0.09847,0.12327
150.0,8.729E-6,4.431E-5,2.196E-4,0.001012,0.003917,0.01155,0.02655,0.052,0.0746,0.09372,0.11747
175.0,7.571E-6,3.872E-5,1.934E-4,8.925E-4,0.003458,0.01022,0.02353,0.04609,0.06633,0.08351,0.1049
200.0,6.65E-6,3.423E-5,1.723E-4,7.954E-4,0.003086,0.009133,0.02107,0.04128,0.05956,0.0751,0.094469
250.0,5.147E-6,2.681E-5,1.361E-4,6.323E-4,0.00247,0.007333,0.01694,0.03346,0.04833,0.06102,0.07686
300.0,4.109E-6,2.162E-5,1.105E-4,5.156E-4,0.002026,0.00603,0.01397,0.02775,0.04012,0.05068,0.063883
350.0,3.354E-6,1.78E-5,9.13E-5,4.285E-4,0.001689,0.005045,0.01171,0.02337,0.03382,0.04276,0.053945
400.0,2.783E-6,1.487E-5,7.646E-5,3.607E-4,0.001425,0.004271,0.009939,0.01992,0.02884,0.03649,0.046085
450.0,2.327E-6,1.251E-5,6.445E-5,3.055E-4,0.001209,0.003638,0.008484,0.01707,0.02474,0.03131,0.039545
500.0,1.968E-6,1.063E-5,5.489E-5,2.612E-4,0.001036,0.003127,0.007308,0.01475,0.0214,0.02711,0.034276
600.0,1.445E-6,7.851E-6,4.083E-5,1.951E-4,7.765E-4,0.002364,0.005557,0.01124,0.01636,0.02077,0.026293
700.0,1.09E-6,5.944E-6,3.11E-5,1.491E-4,5.96E-4,0.001827,0.004317,0.008749,0.01277,0.01625,0.020608
800.0,8.383E-7,4.587E-6,2.411E-5,1.16E-4,4.656E-4,0.001436,0.003407,0.006919,0.01013,0.01291,0.016441
1000.0,5.191E-7,2.849E-6,1.504E-5,7.305E-5,2.956E-4,9.187E-4,0.002197,0.004478,0.006576,0.008405,0.010724
1200.0,3.343E-7,1.839E-6,9.736E-6,4.773E-5,1.945E-4,6.086E-4,0.001466,0.003,0.004421,0.005664,0.0072422
1500.0,1.7436E-7,9.5712E-7,5.0816E-6,2.5187E-5,1.0354E-4,3.2903E-4,8.0235E-4,0.0016463,0.0024391,0.0031369,0.0040268
SA2P0
r\m,4.0,4.5,5.0,5.5,6.0,6.5,7.0,7.5,7.8,8.0,8.2
0.0,0.0052181,0.012052,0.03059,0.06768,0.1575,0.3224,0.4983,0.628,0.6861,0.7157,0.7437
1.0,0.0045249,0.011187,0.029357,0.066617,0.15665,0.32376,0.50312,0.63864,0.70002,0.7145,0.7145
5.0,0.001008,0.0039092,0.014462,0.044779,0.12327,0.27897,0.45972,0.60579,0.67407,0.6882,0.6882
10.0,2.8641E-4,0.0012678,0.0055344,0.021914,0.073401,0.19223,0.35576,0.50791,0.58484,0.6166,0.63556
15.0,1.2876E-4,5.9024E-4,0.0027068,0.011753,0.043636,0.12615,0.25791,0.39999,0.47933,0.5242,0.5678
20.0,7.205E-5,3.354E-4,0.00157,0.007086,0.02771,0.08481,0.1858,0.3084,0.3835,0.4309,0.48134
25.0,4.543E-5,2.167E-4,0.00103,0.004721,0.01896,0.05945,0.1362,0.2367,0.3034,0.3478,0.39611
30.0,3.087E-5,1.481E-4,7.14E-4,0.003291,0.01345,0.04284,0.1013,0.1823,0.2398,0.2798,0.32454
40.0,1.65E-5,7.963E-5,3.861E-4,0.001797,0.007464,0.02431,0.05925,0.1117,0.1512,0.1803,0.21373
50.0,9.887E-6,4.751E-5,2.283E-4,0.001072,0.004516,0.01511,0.03862,0.07876,0.1134,0.142,0.17724
60.0,8.806E-6,4.258E-5,2.05E-4,9.655E-4,0.004072,0.01365,0.03498,0.07168,0.1036,0.1302,0.16318
70.0,7.958E-6,3.87E-5,1.868E-4,8.816E-4,0.003723,0.0125,0.03208,0.06594,0.09561,0.1204,0.15103
80.0,7.27E-6,3.554E-5,1.72E-4,8.134E-4,0.003439,0.01156,0.02969,0.06119,0.08891,0.1122,0.14125
90.0,6.692E-6,3.286E-5,1.597E-4,7.57E-4,0.003205,0.01077,0.02766,0.0572,0.08323,0.1051,0.13231
100.0,6.201E-6,3.058E-5,1.492E-4,7.088E-4,0.003004,0.0101,0.02592,0.05377,0.07832,0.09897,0.1247
110.0,5.779E-6,2.861E-5,1.401E-4,6.67E-4,0.00283,0.009521,0.02441,0.05077,0.07401,0.09358,0.11799
120.0,5.41E-6,2.688E-5,1.321E-4,6.303E-4,0.002677,0.009009,0.02308,0.04812,0.0702,0.08881,0.11204
130.0,5.07E-6,2.53E-5,1.248E-4,5.963E-4,0.002534,0.008533,0.02187,0.04562,0.06662,0.08434,0.10646
140.0,4.754E-6,2.382E-5,1.18E-4,5.644E-4,0.002401,0.00809,0.02075,0.04329,0.06332,0.08025,0.10141
150.0,4.472E-6,2.25E-5,1.119E-4,5.357E-4,0.00228,0.007688,0.01974,0.04119,0.06033,0.07654,0.09683
175.0,3.881E-6,1.971E-5,9.893E-5,4.746E-4,0.002024,0.006833,0.01759,0.03669,0.05392,0.06856,0.08692
200.0,3.411E-6,1.746E-5,8.843E-5,4.25E-4,0.001815,0.006138,0.01584,0.03303,0.04866,0.06198,0.07871
250.0,2.65E-6,1.377E-5,7.052E-5,3.414E-4,0.00147,0.004985,0.01287,0.02709,0.03996,0.05095,0.064766
300.0,2.125E-6,1.117E-5,5.773E-5,2.813E-4,0.001219,0.004145,0.01072,0.02272,0.03355,0.04279,0.054429
350.0,1.745E-6,9.262E-6,4.813E-5,2.361E-4,0.001026,0.003503,0.009086,0.01934,0.02858,0.03648,0.046447
400.0,1.456E-6,7.796E-6,4.066E-5,2.008E-4,8.745E-4,0.002997,0.007791,0.01665,0.02461,0.03143,0.04003
450.0,1.226E-6,6.611E-6,3.458E-5,1.718E-4,7.495E-4,0.002578,0.006719,0.01441,0.02132,0.02725,0.034752
500.0,1.045E-6,5.667E-6,2.972E-5,1.483E-4,6.484E-4,0.002238,0.005846,0.01258,0.01863,0.02382,0.030386
600.0,7.786E-7,4.255E-6,2.253E-5,1.129E-4,4.951E-4,0.001724,0.004533,0.009774,0.01452,0.01861,0.023789
700.0,5.97E-7,3.28E-6,1.748E-5,8.793E-5,3.869E-4,0.001357,0.003589,0.007751,0.01155,0.01483,0.019006
800.0,4.675E-7,2.577E-6,1.381E-5,6.967E-5,3.076E-4,0.001085,0.002885,0.006242,0.009325,0.012,0.015408
1000.0,3.003E-7,1.662E-6,8.938E-6,4.551E-5,2.023E-4,7.193E-4,0.001928,0.004186,0.006273,0.008088,0.010402
1200.0,2.008E-7,1.113E-6,6.002E-6,3.08E-5,1.378E-4,4.932E-4,0.001331,0.002902,0.004362,0.005636,0.0072652
1500.0,1.1101E-7,6.1372E-7,3.3156E-6,1.7158E-5,7.7231E-5,2.8074E-4,7.6828E-4,0.0016781,0.0025348,0.0032865,0.0042511
SA3P0
r\m,4.0,4.5,5.0,5.5,6.0,6.5,7.0,7.5,7.8,8.0,8.2
0.0,0.0023239,0.0054064,0.01284,0.02647,0.06159,0.1438,0.2704,0.3937,0.4572,0.4912,0.52461
1.0,0.0019865,0.0049666,0.012271,0.025985,0.061157,0.1442,0.27263,0.40023,0.46628,0.4905,0.5011
5.0,4.0925E-4,0.0015674,0.0056237,0.017032,0.048204,0.125,0.24988,0.38056,0.44957,0.4728,0.47896
10.0,1.1468E-4,4.928E-4,0.0020796,0.0081681,0.028881,0.087362,0.19522,0.32124,0.39166,0.4247,0.44925
15.0,5.146E-5,2.2826E-4,0.0010119,0.0043639,0.017288,0.058086,0.14301,0.25501,0.32266,0.3624,0.40225
20.0,2.878E-5,1.296E-4,5.875E-4,0.002636,0.01105,0.03946,0.104,0.1981,0.2595,0.2991,0.34203
25.0,1.796E-5,8.282E-5,3.836E-4,0.001766,0.007633,0.028,0.0771,0.1532,0.2065,0.2426,0.28279
30.0,1.222E-5,5.68E-5,2.658E-4,0.001237,0.00545,0.02034,0.05782,0.1188,0.1639,0.1958,0.2322
40.0,6.534E-6,3.059E-5,1.453E-4,6.806E-4,0.003048,0.01165,0.03417,0.07342,0.1041,0.1269,0.15372
50.0,3.938E-6,1.834E-5,8.661E-5,4.086E-4,0.001854,0.007286,0.02241,0.05205,0.07842,0.1004,0.12803
60.0,3.499E-6,1.642E-5,7.784E-5,3.684E-4,0.001675,0.006597,0.02034,0.04746,0.07181,0.0922,0.11785
70.0,3.155E-6,1.491E-5,7.097E-5,3.369E-4,0.001535,0.006053,0.01869,0.04374,0.06639,0.08543,0.10944
80.0,2.878E-6,1.369E-5,6.538E-5,3.113E-4,0.001421,0.005608,0.01733,0.04066,0.06187,0.07974,0.10233
90.0,2.647E-6,1.266E-5,6.071E-5,2.902E-4,0.001327,0.00524,0.01618,0.0381,0.05804,0.07488,0.096181
100.0,2.451E-6,1.178E-5,5.674E-5,2.722E-4,0.001246,0.004925,0.01519,0.03588,0.05473,0.07067,0.090847
110.0,2.283E-6,1.102E-5,5.33E-5,2.566E-4,0.001177,0.004651,0.01434,0.03395,0.05183,0.06697,0.086168
120.0,2.136E-6,1.036E-5,5.029E-5,2.429E-4,0.001115,0.004413,0.01358,0.03224,0.04926,0.06369,0.081973
130.0,2.0E-6,9.754E-6,4.752E-5,2.302E-4,0.001059,0.004187,0.0129,0.03064,0.04687,0.06064,0.07811
140.0,1.873E-6,9.187E-6,4.497E-5,2.183E-4,0.001005,0.00398,0.01227,0.02915,0.04466,0.05785,0.074609
150.0,1.76E-6,8.678E-6,4.268E-5,2.076E-4,9.572E-4,0.003793,0.01171,0.02781,0.04266,0.05532,0.071411
175.0,1.524E-6,7.607E-6,3.782E-5,1.848E-4,8.547E-4,0.003393,0.0105,0.02493,0.03838,0.04987,0.064503
200.0,1.338E-6,6.75E-6,3.39E-5,1.663E-4,7.714E-4,0.003068,0.009515,0.02259,0.03486,0.04538,0.058819
250.0,1.039E-6,5.343E-6,2.726E-5,1.35E-4,6.335E-4,0.002528,0.007844,0.01881,0.02907,0.03788,0.049134
300.0,8.356E-7,4.358E-6,2.252E-5,1.125E-4,5.325E-4,0.002132,0.006621,0.016,0.02476,0.03228,0.041909
350.0,6.884E-7,3.635E-6,1.893E-5,9.551E-5,4.543E-4,0.001826,0.005682,0.0138,0.02137,0.02787,0.036182
400.0,5.773E-7,3.081E-6,1.613E-5,8.215E-5,3.919E-4,0.001581,0.004934,0.01203,0.01863,0.02431,0.031577
450.0,4.89E-7,2.632E-6,1.385E-5,7.109E-5,3.401E-4,0.001377,0.00431,0.01054,0.01634,0.02134,0.027761
500.0,4.195E-7,2.275E-6,1.202E-5,6.209E-5,2.978E-4,0.00121,0.003797,0.009319,0.01445,0.01888,0.02457
600.0,3.175E-7,1.738E-6,9.291E-6,4.835E-5,2.326E-4,9.539E-4,0.003016,0.007415,0.01154,0.01511,0.019709
700.0,2.476E-7,1.365E-6,7.361E-6,3.85E-5,1.858E-4,7.678E-4,0.002442,0.006017,0.009394,0.01232,0.016091
800.0,1.975E-7,1.094E-6,5.939E-6,3.119E-5,1.509E-4,6.276E-4,0.002007,0.004955,0.007756,0.01019,0.013328
1000.0,1.32E-7,7.35E-7,4.015E-6,2.128E-5,1.036E-4,4.338E-4,0.0014,0.003468,0.005445,0.007169,0.0093961
1200.0,9.213E-8,5.141E-7,2.816E-6,1.503E-5,7.361E-5,3.099E-4,0.001008,0.002506,0.003945,0.005204,0.0068345
1500.0,5.4406E-8,3.0274E-7,1.6629E-6,8.9482E-6,4.3918E-5,1.8762E-4,6.2011E-4,0.0015437,0.0024418,0.0032311,0.0042559
SA4P0
r\m,4.0,4.5,5.0,5.5,6.0,6.5,7.0,7.5,7.8,8.0,8.2
0.0,0.0012921,0.0030454,0.007118,0.01399,0.03134,0.07588,0.1618,0.2667,0.3287,0.3638,0.39942
1.0,0.0010998,0.0027937,0.0067922,0.013714,0.031081,0.076001,0.16293,0.271,0.33517,0.3633,0.38167
5.0,2.2001E-4,8.4368E-4,0.0029633,0.0087394,0.02433,0.065978,0.14952,0.25808,0.32351,0.3504,0.36479
10.0,6.1265E-5,2.6107E-4,0.0010691,0.0040897,0.014466,0.046348,0.11738,0.2189,0.28275,0.3154,0.34244
15.0,2.7443E-5,1.2032E-4,5.1681E-4,0.0021678,0.0086402,0.030987,0.086493,0.17477,0.23385,0.2699,0.30718
20.0,1.533E-5,6.81E-5,2.993E-4,0.001307,0.005527,0.02116,0.06326,0.1365,0.1888,0.2235,0.26207
25.0,9.479E-6,4.277E-5,1.936E-4,8.749E-4,0.003832,0.01512,0.04725,0.1061,0.1508,0.1818,0.21727
30.0,6.453E-6,2.932E-5,1.336E-4,6.127E-4,0.002744,0.01104,0.03565,0.0827,0.1201,0.1471,0.1786
40.0,3.447E-6,1.578E-5,7.318E-5,3.385E-4,0.001542,0.006364,0.02123,0.05143,0.07669,0.09573,0.11851
50.0,2.084E-6,9.481E-6,4.389E-5,2.039E-4,9.411E-4,0.003996,0.01399,0.03661,0.05792,0.07589,0.098835
60.0,1.849E-6,8.477E-6,3.944E-5,1.839E-4,8.513E-4,0.003623,0.01271,0.03341,0.0531,0.0698,0.091182
70.0,1.664E-6,7.689E-6,3.596E-5,1.683E-4,7.808E-4,0.003328,0.01169,0.03083,0.04915,0.06476,0.084809
80.0,1.516E-6,7.05E-6,3.313E-5,1.555E-4,7.234E-4,0.003087,0.01086,0.0287,0.04585,0.06051,0.079352
90.0,1.392E-6,6.516E-6,3.074E-5,1.451E-4,6.762E-4,0.002888,0.01015,0.02692,0.04307,0.05691,0.07474
100.0,1.288E-6,6.063E-6,2.872E-5,1.362E-4,6.36E-4,0.002718,0.00954,0.02538,0.04067,0.05377,0.070676
110.0,1.198E-6,5.673E-6,2.697E-5,1.285E-4,6.01E-4,0.00257,0.009013,0.02404,0.03856,0.05102,0.067096
120.0,1.121E-6,5.331E-6,2.544E-5,1.217E-4,5.703E-4,0.00244,0.00855,0.02286,0.03669,0.04859,0.063964
130.0,1.048E-6,5.015E-6,2.403E-5,1.154E-4,5.419E-4,0.00232,0.00813,0.02176,0.03497,0.04633,0.06102
140.0,9.802E-7,4.72E-6,2.273E-5,1.096E-4,5.153E-4,0.002209,0.00775,0.02074,0.03338,0.04427,0.058382
150.0,9.198E-7,4.456E-6,2.157E-5,1.043E-4,4.913E-4,0.002109,0.007405,0.01981,0.03194,0.0424,0.055951
175.0,7.942E-7,3.902E-6,1.91E-5,9.298E-5,4.401E-4,0.001894,0.006669,0.01784,0.02884,0.03838,0.050769
200.0,6.957E-7,3.46E-6,1.712E-5,8.384E-5,3.985E-4,0.00172,0.006066,0.01622,0.02631,0.03507,0.046489
250.0,5.382E-7,2.737E-6,1.382E-5,6.842E-5,3.299E-4,0.00143,0.005047,0.01364,0.02216,0.02957,0.039238
300.0,4.32E-7,2.235E-6,1.146E-5,5.73E-5,2.795E-4,0.001217,0.004295,0.01171,0.01905,0.02544,0.033772
350.0,3.557E-7,1.866E-6,9.669E-6,4.892E-5,2.402E-4,0.001051,0.003717,0.01018,0.01658,0.02215,0.029418
400.0,2.985E-7,1.585E-6,8.273E-6,4.232E-5,2.088E-4,9.174E-4,0.003254,0.008946,0.01457,0.01947,0.025873
450.0,2.533E-7,1.358E-6,7.133E-6,3.685E-5,1.826E-4,8.056E-4,0.002865,0.007906,0.01288,0.01722,0.022877
500.0,2.179E-7,1.178E-6,6.217E-6,3.239E-5,1.61E-4,7.133E-4,0.002543,0.007044,0.01148,0.01535,0.020416
600.0,1.661E-7,9.075E-7,4.855E-6,2.553E-5,1.276E-4,5.705E-4,0.002051,0.005689,0.009309,0.01248,0.016634
700.0,1.306E-7,7.193E-7,3.888E-6,2.059E-5,1.033E-4,4.656E-4,0.001685,0.004682,0.007687,0.01033,0.013801
800.0,1.051E-7,5.822E-7,3.172E-6,1.689E-5,8.498E-5,3.857E-4,0.001403,0.003909,0.006435,0.00866,0.011583
1000.0,7.174E-8,4.001E-7,2.196E-6,1.182E-5,5.994E-5,2.736E-4,0.001004,0.002809,0.004637,0.006252,0.0083805
1200.0,5.123E-8,2.866E-7,1.58E-6,8.569E-6,4.368E-5,2.004E-4,7.412E-4,0.002081,0.003445,0.004653,0.0062461
1500.0,3.1391E-8,1.751E-7,9.689E-7,5.3084E-6,2.7104E-5,1.2602E-4,4.7393E-4,0.0013324,0.0022162,0.0030025,0.0040432
SA5P0
r\m,4.0,4.5,5.0,5.5,6.0,6.5,7.0,7.5,7.8,8.0,8.2
0.0,8.2052E-4,0.0019495,0.004546,0.008687,0.01876,0.04524,0.1039,0.1892,0.2467,0.2813,0.31769
1.0,6.9742E-4,0.0017906,0.0043377,0.0085118,0.018588,0.04527,0.10452,0.19222,0.2515,0.2808,0.30331
5.0,1.3746E-4,5.3027E-4,0.0018363,0.0052987,0.014408,0.039256,0.095925,0.1833,0.24295,0.2711,0.29036
10.0,3.8121E-5,1.6245E-4,6.5126E-4,0.0024276,0.0084596,0.027564,0.075466,0.15606,0.21286,0.2443,0.27235
15.0,1.7049E-5,7.4511E-5,3.1284E-4,0.0012764,0.0050229,0.018446,0.055774,0.12514,0.1766,0.2095,0.24457
20.0,9.512E-6,4.202E-5,1.805E-4,7.67E-4,0.003207,0.01262,0.04093,0.09814,0.143,0.1739,0.20907
25.0,5.84E-6,2.601E-5,1.156E-4,5.111E-4,0.002225,0.009054,0.03073,0.0766,0.1146,0.1418,0.17348
30.0,3.973E-6,1.779E-5,7.944E-5,3.574E-4,0.001595,0.006632,0.02329,0.0599,0.0915,0.1149,0.14271
40.0,2.121E-6,9.555E-6,4.342E-5,1.975E-4,8.977E-4,0.003838,0.01395,0.03742,0.05862,0.07505,0.095102
50.0,1.285E-6,5.75E-6,2.614E-5,1.192E-4,5.491E-4,0.002417,0.009218,0.02671,0.04438,0.0596,0.079421
60.0,1.138E-6,5.135E-6,2.349E-5,1.075E-4,4.97E-4,0.002193,0.008384,0.0244,0.04072,0.05486,0.073332
70.0,1.024E-6,4.653E-6,2.14E-5,9.833E-5,4.56E-4,0.002016,0.00772,0.02254,0.03772,0.05093,0.068236
80.0,9.311E-7,4.263E-6,1.971E-5,9.091E-5,4.227E-4,0.001872,0.007173,0.02099,0.03522,0.04764,0.063945
90.0,8.545E-7,3.937E-6,1.828E-5,8.483E-5,3.953E-4,0.001752,0.006711,0.01971,0.03311,0.04483,0.06025
100.0,7.897E-7,3.661E-6,1.707E-5,7.965E-5,3.72E-4,0.00165,0.006315,0.0186,0.03129,0.0424,0.057028
110.0,7.342E-7,3.423E-6,1.602E-5,7.517E-5,3.517E-4,0.001562,0.005972,0.01763,0.02969,0.04027,0.054205
120.0,6.859E-7,3.216E-6,1.51E-5,7.123E-5,3.339E-4,0.001484,0.005671,0.01678,0.02828,0.03838,0.051695
130.0,6.409E-7,3.023E-6,1.426E-5,6.757E-5,3.175E-4,0.001412,0.005398,0.01598,0.02697,0.03663,0.049376
140.0,5.986E-7,2.843E-6,1.347E-5,6.414E-5,3.021E-4,0.001346,0.00515,0.01525,0.02578,0.03505,0.047306
150.0,5.611E-7,2.681E-6,1.277E-5,6.105E-5,2.882E-4,0.001286,0.004927,0.01459,0.02469,0.03361,0.045427
175.0,4.832E-7,2.344E-6,1.13E-5,5.449E-5,2.587E-4,0.001159,0.004449,0.01317,0.02237,0.03051,0.041311
200.0,4.222E-7,2.075E-6,1.012E-5,4.918E-5,2.347E-4,0.001055,0.004059,0.01202,0.02046,0.02796,0.037948
250.0,3.251E-7,1.638E-6,8.171E-6,4.021E-5,1.951E-4,8.83E-4,0.003399,0.01017,0.01736,0.02375,0.032254
300.0,2.601E-7,1.336E-6,6.785E-6,3.376E-5,1.661E-4,7.556E-4,0.002911,0.008793,0.01503,0.02058,0.02798
350.0,2.138E-7,1.115E-6,5.736E-6,2.891E-5,1.435E-4,6.564E-4,0.002534,0.007693,0.01315,0.01802,0.024514
400.0,1.792E-7,9.464E-7,4.917E-6,2.509E-5,1.253E-4,5.764E-4,0.002231,0.006796,0.01162,0.01593,0.021664
450.0,1.52E-7,8.116E-7,4.248E-6,2.193E-5,1.101E-4,5.091E-4,0.001976,0.006042,0.01034,0.01417,0.019273
500.0,1.308E-7,7.05E-7,3.712E-6,1.934E-5,9.758E-5,4.532E-4,0.001764,0.005411,0.009263,0.0127,0.017273
600.0,1.0E-7,5.456E-7,2.915E-6,1.536E-5,7.801E-5,3.663E-4,0.001437,0.004419,0.007595,0.01044,0.014247
700.0,7.904E-8,4.347E-7,2.349E-6,1.249E-5,6.372E-5,3.018E-4,0.001193,0.003674,0.006337,0.008728,0.011931
800.0,6.396E-8,3.54E-7,1.93E-6,1.033E-5,5.291E-5,2.524E-4,0.001003,0.003097,0.005357,0.007393,0.010126
1000.0,4.42E-8,2.466E-7,1.356E-6,7.347E-6,3.8E-5,1.824E-4,7.313E-4,0.002266,0.003931,0.005435,0.007457
1200.0,3.201E-8,1.793E-7,9.91E-7,5.416E-6,2.819E-5,1.36E-4,5.491E-4,0.001708,0.002972,0.004116,0.0056567
1500.0,2.0079E-8,1.1218E-7,6.227E-7,3.4436E-6,1.7977E-5,8.7883E-5,3.608E-4,0.0011233,0.0019644,0.0027289,0.0037618
SA7P5
r\m,4.0,4.5,5.0,5.5,6.0,6.5,7.0,7.5,7.8,8.0,8.2
0.0,3.6082E-4,8.67E-4,0.002036,0.003767,0.007669,0.01754,0.04273,0.09123,0.1339,0.1637,0.19759
1.0,3.065E-4,7.9927E-4,0.0019458,0.0036968,0.0075918,0.017531,0.042898,0.092621,0.13651,0.1634,0.18864
5.0,5.9451E-5,2.3316E-4,7.9744E-4,0.0022208,0.0057482,0.015085,0.039296,0.088489,0.13211,0.1579,0.18057
10.0,1.639E-5,7.0435E-5,2.7595E-4,9.8248E-4,0.0032692,0.010463,0.030885,0.075776,0.1163,0.1428,0.16985
15.0,7.3094E-6,3.2021E-5,1.3084E-4,5.082E-4,0.0019081,0.0069516,0.022851,0.061191,0.097031,0.1229,0.15272
20.0,4.069E-6,1.793E-5,7.479E-5,3.025E-4,0.001208,0.004744,0.01682,0.04831,0.07899,0.1025,0.13122
25.0,2.473E-6,1.088E-5,4.702E-5,1.982E-4,8.336E-4,0.003407,0.01272,0.038,0.06361,0.08385,0.10904
30.0,1.678E-6,7.379E-6,3.212E-5,1.379E-4,5.96E-4,0.002502,0.009701,0.02988,0.05098,0.06813,0.08987
40.0,8.955E-7,3.947E-6,1.733E-5,7.572E-5,3.348E-4,0.001455,0.005864,0.0188,0.03285,0.04472,0.060149
50.0,5.441E-7,2.38E-6,1.047E-5,4.569E-5,2.049E-4,9.195E-4,0.003898,0.01349,0.02496,0.03561,0.050274
60.0,4.811E-7,2.122E-6,9.397E-6,4.12E-5,1.856E-4,8.351E-4,0.00355,0.01234,0.02293,0.03279,0.046382
70.0,4.319E-7,1.919E-6,8.554E-6,3.767E-5,1.704E-4,7.685E-4,0.003273,0.01141,0.02126,0.0305,0.043293
80.0,3.922E-7,1.755E-6,7.87E-6,3.481E-5,1.58E-4,7.142E-4,0.003045,0.01064,0.01987,0.02856,0.040613
90.0,3.592E-7,1.619E-6,7.284E-6,3.247E-5,1.478E-4,6.691E-4,0.002853,0.009998,0.0187,0.02691,0.038322
100.0,3.314E-7,1.503E-6,6.788E-6,3.047E-5,1.391E-4,6.306E-4,0.002689,0.009446,0.01769,0.02548,0.036325
110.0,3.075E-7,1.403E-6,6.361E-6,2.874E-5,1.316E-4,5.972E-4,0.002546,0.008965,0.01681,0.02423,0.034588
120.0,2.868E-7,1.316E-6,5.988E-6,2.723E-5,1.249E-4,5.679E-4,0.002421,0.008541,0.01603,0.02311,0.032998
130.0,2.675E-7,1.235E-6,5.643E-6,2.582E-5,1.188E-4,5.412E-4,0.002308,0.008152,0.01532,0.0221,0.031572
140.0,2.494E-7,1.159E-6,5.323E-6,2.451E-5,1.131E-4,5.166E-4,0.002206,0.007794,0.01466,0.02118,0.030293
150.0,2.332E-7,1.091E-6,5.037E-6,2.332E-5,1.08E-4,4.944E-4,0.002113,0.00747,0.01407,0.02035,0.029126
175.0,1.998E-7,9.496E-7,4.435E-6,2.081E-5,9.707E-5,4.47E-4,0.001916,0.006778,0.01281,0.01856,0.026612
200.0,1.738E-7,8.375E-7,3.956E-6,1.878E-5,8.82E-5,4.084E-4,0.001755,0.006213,0.01177,0.01709,0.024581
250.0,1.324E-7,6.558E-7,3.185E-6,1.534E-5,7.364E-5,3.447E-4,0.001487,0.005322,0.01011,0.01469,0.021125
300.0,1.05E-7,5.319E-7,2.641E-6,1.289E-5,6.3E-5,2.976E-4,0.001286,0.00465,0.008851,0.01288,0.018559
350.0,8.572E-8,4.415E-7,2.232E-6,1.107E-5,5.473E-5,2.608E-4,0.001131,0.004109,0.007825,0.01139,0.016404
400.0,7.147E-8,3.734E-7,1.914E-6,9.637E-6,4.809E-5,2.31E-4,0.001005,0.003664,0.006981,0.01016,0.014633
450.0,6.039E-8,3.194E-7,1.655E-6,8.452E-6,4.254E-5,2.058E-4,8.986E-4,0.003289,0.006268,0.009127,0.013153
500.0,5.187E-8,2.772E-7,1.449E-6,7.488E-6,3.795E-5,1.848E-4,8.095E-4,0.002973,0.005669,0.008257,0.011903
600.0,3.968E-8,2.151E-7,1.144E-6,6.003E-6,3.075E-5,1.518E-4,6.717E-4,0.002472,0.004735,0.006916,0.0099983
700.0,3.147E-8,1.723E-7,9.284E-7,4.928E-6,2.544E-5,1.27E-4,5.668E-4,0.002091,0.004019,0.005885,0.0085271
800.0,2.562E-8,1.414E-7,7.692E-7,4.119E-6,2.14E-5,1.079E-4,4.844E-4,0.001791,0.003453,0.005067,0.0073573
1000.0,1.798E-8,1.002E-7,5.513E-7,2.997E-6,1.579E-5,8.03E-5,3.637E-4,0.00135,0.00261,0.003836,0.0055784
1200.0,1.327E-8,7.435E-8,4.118E-7,2.263E-6,1.203E-5,6.158E-5,2.809E-4,0.001046,0.002029,0.002987,0.0043507
1500.0,8.5819E-9,4.8066E-8,2.6784E-7,1.4942E-6,8.0013E-6,4.1613E-5,1.9304E-4,7.1908E-4,0.0014021,0.0020708,0.0030263
SA10P0
r\m,4.0,4.5,5.0,5.5,6.0,6.5,7.0,7.5,7.8,8.0,8.2
0.0,2.0214E-4,4.8741E-4,0.001155,0.002115,0.004187,0.009115,0.02186,0.05019,0.07994,0.1036,0.13244
1.0,1.7175E-4,4.5014E-4,0.0011053,0.0020809,0.0041478,0.0091136,0.021931,0.050922,0.081505,0.1034,0.12637
5.0,3.3099E-5,1.3095E-4,4.4849E-4,0.0012303,0.0030902,0.0077751,0.020032,0.04868,0.078979,0.1,0.12098
10.0,9.0959E-6,3.929E-5,1.5331E-4,5.3417E-4,0.0017167,0.0053081,0.015668,0.041795,0.069753,0.09062,0.11385
15.0,4.0493E-6,1.777E-5,7.2076E-5,2.7328E-4,9.8773E-4,0.0034876,0.011553,0.033861,0.058418,0.07824,0.10267
20.0,2.251E-6,9.909E-6,4.093E-5,1.614E-4,6.199E-4,0.002365,0.008495,0.02682,0.04772,0.06545,0.088484
25.0,1.361E-6,5.968E-6,2.545E-5,1.041E-4,4.237E-4,0.001689,0.006429,0.02119,0.03856,0.05365,0.073553
30.0,9.211E-7,4.024E-6,1.735E-5,7.214E-5,3.017E-4,0.001238,0.004913,0.01671,0.03095,0.04364,0.060643
40.0,4.916E-7,2.146E-6,9.265E-6,3.928E-5,1.683E-4,7.194E-4,0.002984,0.01055,0.02,0.02871,0.040643
50.0,2.992E-7,1.296E-6,5.587E-6,2.367E-5,1.028E-4,4.549E-4,0.00199,0.007592,0.01523,0.0229,0.03405
60.0,2.643E-7,1.154E-6,5.011E-6,2.132E-5,9.309E-5,4.133E-4,0.001814,0.00695,0.014,0.02111,0.031468
70.0,2.371E-7,1.043E-6,4.557E-6,1.948E-5,8.547E-5,3.804E-4,0.001673,0.006431,0.01299,0.01964,0.029372
80.0,2.151E-7,9.533E-7,4.189E-6,1.799E-5,7.928E-5,3.537E-4,0.001558,0.006003,0.01215,0.0184,0.027576
90.0,1.968E-7,8.779E-7,3.871E-6,1.676E-5,7.412E-5,3.313E-4,0.001461,0.005644,0.01144,0.01734,0.026003
100.0,1.813E-7,8.141E-7,3.603E-6,1.571E-5,6.972E-5,3.122E-4,0.001378,0.005335,0.01083,0.01643,0.024664
110.0,1.681E-7,7.592E-7,3.372E-6,1.48E-5,6.592E-5,2.957E-4,0.001306,0.005066,0.01029,0.01563,0.023489
120.0,1.566E-7,7.115E-7,3.171E-6,1.401E-5,6.259E-5,2.812E-4,0.001243,0.004829,0.009818,0.01493,0.02247
130.0,1.459E-7,6.668E-7,2.985E-6,1.328E-5,5.95E-5,2.68E-4,0.001186,0.004614,0.009389,0.01428,0.021492
140.0,1.358E-7,6.249E-7,2.811E-6,1.259E-5,5.663E-5,2.56E-4,0.001134,0.004417,0.009001,0.0137,0.020609
150.0,1.269E-7,5.875E-7,2.656E-6,1.198E-5,5.405E-5,2.451E-4,0.001087,0.004239,0.008648,0.01318,0.019886
175.0,1.084E-7,5.094E-7,2.33E-6,1.067E-5,4.855E-5,2.22E-4,9.869E-4,0.003859,0.007894,0.01205,0.018192
200.0,9.398E-8,4.479E-7,2.071E-6,9.616E-6,4.411E-5,2.031E-4,9.056E-4,0.003548,0.007275,0.01112,0.016807
250.0,7.099E-8,3.483E-7,1.658E-6,7.819E-6,3.679E-5,1.719E-4,7.723E-4,0.00306,0.006294,0.009653,0.01466
300.0,5.593E-8,2.809E-7,1.369E-6,6.553E-6,3.149E-5,1.489E-4,6.724E-4,0.002692,0.005551,0.008512,0.012905
350.0,4.535E-8,2.318E-7,1.153E-6,5.619E-6,2.739E-5,1.31E-4,5.945E-4,0.002394,0.00494,0.00758,0.0115
400.0,3.76E-8,1.949E-7,9.866E-7,4.892E-6,2.412E-5,1.165E-4,5.313E-4,0.002148,0.004434,0.006803,0.010322
450.0,3.161E-8,1.66E-7,8.519E-7,4.292E-6,2.139E-5,1.043E-4,4.778E-4,0.00194,0.004006,0.006148,0.0093326
500.0,2.705E-8,1.436E-7,7.452E-7,3.806E-6,1.914E-5,9.41E-5,4.329E-4,0.001764,0.003645,0.005595,0.0084937
600.0,2.06E-8,1.11E-7,5.875E-7,3.06E-6,1.561E-5,7.795E-5,3.632E-4,0.001485,0.003082,0.004745,0.0072263
700.0,1.632E-8,8.898E-8,4.777E-7,2.523E-6,1.3E-5,6.582E-5,3.098E-4,0.00127,0.002646,0.004084,0.0062323
800.0,1.33E-8,7.314E-8,3.97E-7,2.119E-6,1.101E-5,5.638E-5,2.674E-4,0.001099,0.002298,0.003554,0.0054347
1000.0,9.382E-9,5.22E-8,2.87E-7,1.558E-6,8.23E-6,4.269E-5,2.045E-4,8.442E-4,0.00177,0.002742,0.0041982
1200.0,6.983E-9,3.912E-8,2.168E-7,1.191E-6,6.364E-6,3.331E-5,1.608E-4,6.662E-4,0.0014,0.002172,0.0033306
1500.0,4.5639E-9,2.5626E-8,1.4337E-7,8.0254E-7,4.336E-6,2.3132E-5,1.1376E-4,4.7146E-4,9.959E-4,0.0015499,0.0023833
