PGA
r\m,4.0,4.5,5.0,5.5,6.0,6.5,7.0,7.5,7.8,8.0,8.2
0.0,0.4458,0.76497,1.1989,1.7161,2.2435,2.6789,2.9215,2.9488,2.9488,2.9488,2.9488
1.0,0.43337,0.74493,1.1695,1.677,2.1962,2.627,2.8699,2.8987,2.8987,2.8987,2.8987
5.0,0.25421,0.45157,0.73261,1.0856,1.4691,1.816,2.0501,2.1163,2.1163,2.1163,2.1163
10.0,0.10266,0.19276,0.33058,0.5178,0.74076,0.96789,1.1551,1.259,1.2704,1.2704,1.2704
15.0,0.04762,0.093681,0.16832,0.27623,0.41402,0.56677,0.70863,0.80922,0.83898,0.844,0.844
20.0,0.025642,0.052354,0.097631,0.16629,0.25868,0.36752,0.47692,0.56524,0.59926,0.61187,0.61575
25.0,0.015391,0.032392,0.062267,0.10932,0.1753,0.25673,0.34341,0.41955,0.45297,0.46815,0.47687
30.0,0.0099851,0.021557,0.042507,0.076552,0.12592,0.18916,0.25955,0.32527,0.35658,0.3723,0.38312
40.0,0.0049236,0.011074,0.022749,0.042682,0.073142,0.11448,0.16364,0.21365,0.24004,0.25476,0.26649
50.0,0.0027909,0.0064828,0.013753,0.026649,0.047162,0.07623,0.11254,0.15174,0.17381,0.18686,0.198
60.0,0.0017564,0.0041873,0.0091173,0.018131,0.032933,0.054632,0.082776,0.11455,0.13327,0.14478,0.15501
70.0,0.001663,0.0040005,0.0087892,0.017637,0.032323,0.054106,0.082719,0.1155,0.13511,0.1473,0.15829
80.0,0.0015748,0.0038179,0.0084538,0.017097,0.031579,0.053274,0.082086,0.11552,0.13576,0.14848,0.16004
90.0,0.0014914,0.0036406,0.0081171,0.016529,0.030743,0.052222,0.081022,0.11481,0.13549,0.14859,0.16061
100.0,0.0014125,0.0034694,0.0077832,0.015948,0.029844,0.051011,0.079633,0.11354,0.13449,0.14786,0.16021
110.0,0.0013378,0.0033045,0.0074548,0.01536,0.028907,0.049685,0.077998,0.11183,0.13291,0.14645,0.15904
120.0,0.0012654,0.0031421,0.0071258,0.01476,0.027922,0.048245,0.076135,0.10974,0.13083,0.14446,0.15721
130.0,0.0011101,0.00279,0.0064042,0.013426,0.025709,0.044961,0.071816,0.10477,0.12582,0.1396,0.15266
140.0,9.7944E-4,0.0024893,0.0057783,0.012251,0.023722,0.041953,0.067766,0.099975,0.12087,0.13471,0.14797
150.0,8.6841E-4,0.0022302,0.0052312,0.011207,0.021929,0.039188,0.063964,0.095354,0.11601,0.12983,0.14321
175.0,6.5428E-4,0.0017199,0.0041294,0.0090553,0.018136,0.033175,0.055426,0.084575,0.10434,0.11787,0.13123
200.0,5.0285E-4,0.0013488,0.0033046,0.0073943,0.015111,0.028207,0.048087,0.074873,0.0935,0.10648,0.11951
250.0,3.0991E-4,8.5983E-4,0.0021789,0.0050429,0.01066,0.020581,0.036291,0.058448,0.074482,0.085974,0.09781
300.0,1.9868E-4,5.6667E-4,0.0014762,0.0035121,0.0076318,0.015147,0.027456,0.045457,0.058894,0.068736,0.079066
350.0,1.309E-4,3.8216E-4,0.001019,0.0024817,0.0055201,0.011214,0.020808,0.035263,0.046331,0.054581,0.063373
400.0,8.798E-5,2.621E-4,7.1316E-4,0.0017723,0.0040227,0.0083392,0.015789,0.027304,0.036312,0.043125,0.050478
450.0,6.0042E-5,1.8209E-4,5.0438E-4,0.001276,0.0029483,0.0062219,0.011992,0.021112,0.028379,0.033944,0.040017
500.0,4.1473E-5,1.278E-4,3.5968E-4,9.2456E-4,0.0021706,0.0046545,0.0091155,0.016305,0.022128,0.026638,0.031604
600.0,2.0338E-5,6.4021E-5,1.83E-4,4.7999E-4,0.0011431,0.0024496,0.0048026,0.0086152,0.011722,0.014224,0.017004
700.0,1.3171E-5,3.28E-5,9.3795E-5,2.4545E-4,5.8768E-4,0.0012874,0.0025804,0.0047319,0.006453,0.0078061,0.0093094
800.0,5.0673E-6,1.6093E-5,4.6917E-5,1.2514E-4,3.0541E-4,6.8194E-4,0.001385,0.0025165,0.0034758,0.0042346,0.0050862
1000.0,1.2444E-6,4.045E-6,1.2128E-5,3.2906E-5,8.1301E-5,1.8291E-4,3.7859E-4,7.1743E-4,0.0010087,0.0012437,0.0015117
1200.0,3.04E-7,1.0072E-6,3.0524E-6,8.463E-6,2.1465E-5,4.9802E-5,1.0571E-4,2.0525E-4,2.9283E-4,3.6457E-4,4.4745E-4
1500.0,3.7928E-8,1.2946E-7,4.0421E-7,1.1546E-6,3.0169E-6,7.2115E-6,1.5769E-5,3.1545E-5,4.5817E-5,5.7725E-5,7.0999E-5
SA0P02
r\m,4.0,4.5,5.0,5.5,6.0,6.5,7.0,7.5,7.8,8.0,8.2
0.0,1.1062,1.8225,2.7678,3.8748,5.0003,5.9481,6.5221,6.6286,6.6286,6.6286,6.6286
1.0,1.077,1.7771,2.7031,3.79,4.8983,5.8358,6.4089,6.5196,6.5196,6.5196,6.5196
5.0,0.64331,1.0935,1.7133,2.4746,3.2946,4.0433,4.5741,4.7698,4.7698,4.7698,4.7698
10.0,0.25959,0.46479,0.76714,1.1671,1.6368,2.116,2.5216,2.7699,2.8181,2.8181,2.8181
15.0,0.11828,0.22147,0.38226,0.60816,0.89191,1.2058,1.5026,1.726,1.8038,1.8276,1.8306
20.0,0.062437,0.1212,0.21686,0.35769,0.54383,0.76217,0.98464,1.1726,1.2522,1.2872,1.306
25.0,0.036804,0.073585,0.13562,0.2304,0.36081,0.52085,0.69308,0.85013,0.92413,0.96122,0.98686
30.0,0.023504,0.048177,0.091027,0.15854,0.25453,0.37668,0.51386,0.64617,0.71297,0.74901,0.77668
40.0,0.011299,0.024108,0.047415,0.085961,0.14366,0.2213,0.31425,0.41134,0.46492,0.49631,0.52297
50.0,0.006283,0.013836,0.028085,0.052551,0.090641,0.14411,0.21121,0.28534,0.32868,0.35534,0.37919
60.0,0.0038949,0.0087974,0.018317,0.035154,0.062192,0.10142,0.15246,0.21127,0.24709,0.26986,0.29091
70.0,0.0034971,0.007954,0.016676,0.032229,0.057415,0.094286,0.14272,0.19915,0.2339,0.25616,0.27691
80.0,0.0031652,0.0072428,0.015277,0.029704,0.053238,0.087956,0.13395,0.18804,0.22165,0.24333,0.26368
90.0,0.0028826,0.0066315,0.014063,0.027489,0.049532,0.08227,0.12596,0.17777,0.21022,0.23128,0.25115
100.0,0.0026382,0.0060982,0.012994,0.025521,0.046207,0.077116,0.11864,0.16824,0.19951,0.21992,0.23928
110.0,0.0024241,0.0056277,0.012043,0.023757,0.043199,0.072409,0.11188,0.15934,0.18946,0.2092,0.228
120.0,0.0022307,0.0052003,0.011175,0.022136,0.040419,0.068032,0.10555,0.15096,0.17994,0.19902,0.21727
130.0,0.0018857,0.0044561,0.0097065,0.01949,0.036073,0.061545,0.096793,0.14032,0.16863,0.18752,0.20583
140.0,0.0016085,0.0038489,0.0084899,0.017262,0.032354,0.055899,0.089024,0.13069,0.15824,0.17686,0.1951
150.0,0.0013826,0.0033474,0.0074706,0.015369,0.029144,0.050944,0.082088,0.12193,0.14867,0.16694,0.18503
175.0,9.7383E-4,0.0024202,0.0055443,0.011708,0.022791,0.040895,0.067641,0.10313,0.12774,0.14494,0.16234
200.0,7.077E-4,0.0017991,0.004216,0.0091071,0.018134,0.033285,0.056316,0.087831,0.11028,0.12627,0.14271
250.0,3.9954E-4,0.0010549,0.0025676,0.0057604,0.011913,0.02271,0.039909,0.064646,0.083033,0.096527,0.11076
300.0,2.4001E-4,6.5365E-4,0.0016409,0.0037973,0.0081001,0.015927,0.028869,0.048234,0.063114,0.074286,0.086304
350.0,1.505E-4,4.2074E-4,0.0010842,0.0025756,0.0056399,0.011384,0.021182,0.036329,0.04829,0.057436,0.06743
400.0,9.7377E-5,2.7848E-4,7.3412E-4,0.0017839,0.0039959,0.0082507,0.015704,0.027552,0.037125,0.044559,0.052789
450.0,6.4537E-5,1.8829E-4,5.0641E-4,0.0012554,0.002869,0.0060436,0.011735,0.021006,0.028646,0.034659,0.04139
500.0,4.3589E-5,1.2947E-4,3.545E-4,8.9473E-4,0.0020816,0.0044642,0.0088251,0.016082,0.022168,0.027014,0.032492
600.0,2.0764E-5,6.4021E-5,1.83E-4,4.7999E-4,0.0011431,0.0024496,0.0048026,0.0086152,0.011722,0.014224,0.017004
700.0,1.3171E-5,3.28E-5,9.3795E-5,2.4545E-4,5.8768E-4,0.0012874,0.0025804,0.0047319,0.006453,0.0078061,0.0093094
800.0,5.0673E-6,1.6093E-5,4.6917E-5,1.2514E-4,3.0541E-4,6.8194E-4,0.001385,0.0025165,0.0034758,0.0042346,0.0050862
1000.0,1.2444E-6,4.045E-6,1.2128E-5,3.2906E-5,8.1301E-5,1.8291E-4,3.7859E-4,7.1743E-4,0.0010087,0.0012437,0.0015117
1200.0,3.04E-7,1.0072E-6,3.0524E-6,8.463E-6,2.1465E-5,4.9802E-5,1.0571E-4,2.0525E-4,2.9283E-4,3.6457E-4,4.4745E-4
1500.0,3.7928E-8,1.2946E-7,4.0421E-7,1.1546E-6,3.0169E-6,7.2115E-6,1.5769E-5,3.1545E-5,4.5817E-5,5.7725E-5,7.0999E-5
SA0P025
r\m,4.0,4.5,5.0,5.5,6.0,6.5,7.0,7.5,7.8,8.0,8.2
0.0,1.0807,1.7974,2.7543,3.8886,5.0584,6.0627,6.6949,6.8328,6.8328,6.8328,6.8328
1.0,1.052,1.7524,2.6895,3.8031,4.9549,5.948,6.5786,6.7225,6.7225,6.7225,6.7225
5.0,0.62842,1.0786,1.7057,2.4852,3.3363,4.1266,4.7027,4.9378,4.9378,4.9378,4.9378
10.0,0.25609,0.46295,0.77109,1.1833,1.6732,2.1797,2.6163,2.8934,2.9551,2.9565,2.9565
15.0,0.11833,0.22359,0.38928,0.62444,0.9229,1.2567,1.5768,1.8227,1.9117,1.9414,1.9468
20.0,0.063284,0.12392,0.22355,0.3716,0.56911,0.80305,1.044,1.2506,1.34,1.3803,1.4033
25.0,0.037735,0.076073,0.1413,0.24182,0.3813,0.55396,0.74151,0.9145,0.99712,1.0392,1.0689
30.0,0.024341,0.050287,0.095723,0.16788,0.27128,0.40389,0.55403,0.70023,0.7748,0.81541,0.84697
40.0,0.011896,0.025566,0.050625,0.092363,0.15526,0.24047,0.34314,0.45115,0.51117,0.54652,0.57671
50.0,0.0067022,0.014859,0.030352,0.057124,0.099056,0.15826,0.23296,0.31597,0.36473,0.39484,0.42186
60.0,0.0042012,0.0095486,0.019996,0.038581,0.068586,0.11234,0.16953,0.23572,0.27619,0.30198,0.32588
70.0,0.003872,0.0088368,0.018581,0.035999,0.064259,0.10568,0.16014,0.22358,0.26262,0.28761,0.31087
80.0,0.003585,0.0082109,0.017327,0.033688,0.060349,0.099606,0.15147,0.21223,0.24982,0.27398,0.29657
90.0,0.0033309,0.0076529,0.0162,0.031597,0.056781,0.094014,0.14342,0.20158,0.23773,0.26105,0.28293
100.0,0.0031034,0.0071503,0.015179,0.029689,0.053503,0.088837,0.1359,0.19156,0.22629,0.24877,0.26993
110.0,0.002898,0.0066941,0.014247,0.027937,0.050475,0.084022,0.12887,0.18211,0.21545,0.2371,0.25752
120.0,0.0027054,0.0062653,0.013369,0.026282,0.047605,0.079449,0.12217,0.17308,0.20509,0.22592,0.24563
130.0,0.0022702,0.00533,0.01153,0.02298,0.0422,0.0714,0.11131,0.15987,0.191,0.21156,0.23129
140.0,0.0019231,0.0045728,0.010018,0.020223,0.037612,0.064451,0.10176,0.14802,0.1782,0.19839,0.218
150.0,0.0016425,0.003952,0.0087615,0.017896,0.033681,0.058402,0.093304,0.13734,0.16652,0.18627,0.20564
175.0,0.0011402,0.0028171,0.0064129,0.01345,0.025991,0.046277,0.075914,0.11474,0.14134,0.15979,0.17828
200.0,8.1821E-4,0.0020684,0.0048176,0.010339,0.020442,0.03724,0.062506,0.096665,0.12073,0.13774,0.15509
250.0,4.5212E-4,0.0011876,0.0028741,0.0064087,0.013166,0.024923,0.043467,0.069847,0.089262,0.10341,0.11824
300.0,2.6678E-4,7.2304E-4,0.0018055,0.0041541,0.008806,0.017199,0.030951,0.051317,0.066826,0.078394,0.090768
350.0,1.6472E-4,4.5842E-4,0.0011755,0.002777,0.0060448,0.012123,0.022402,0.038139,0.050461,0.059827,0.070007
400.0,1.0514E-4,2.994E-4,7.8551E-4,0.0018989,0.0042292,0.0086788,0.016409,0.028585,0.038345,0.045881,0.054183
450.0,6.8834E-5,2.0002E-4,5.3551E-4,0.001321,0.0030023,0.006287,0.01213,0.021563,0.029278,0.035317,0.042047
500.0,4.5977E-5,1.3604E-4,3.7088E-4,9.3158E-4,0.002156,0.0045972,0.0090318,0.016349,0.022441,0.027266,0.032698
600.0,2.1472E-5,6.5557E-5,1.8441E-4,4.7999E-4,0.0011431,0.0024496,0.0048026,0.0086152,0.011722,0.014224,0.017004
700.0,1.3171E-5,3.28E-5,9.3795E-5,2.4545E-4,5.8768E-4,0.0012874,0.0025804,0.0047319,0.006453,0.0078061,0.0093094
800.0,5.0673E-6,1.6093E-5,4.6917E-5,1.2514E-4,3.0541E-4,6.8194E-4,0.001385,0.0025165,0.0034758,0.0042346,0.0050862
1000.0,1.2444E-6,4.045E-6,1.2128E-5,3.2906E-5,8.1301E-5,1.8291E-4,3.7859E-4,7.1743E-4,0.0010087,0.0012437,0.0015117
1200.0,3.04E-7,1.0072E-6,3.0524E-6,8.463E-6,2.1465E-5,4.9802E-5,1.0571E-4,2.0525E-4,2.9283E-4,3.6457E-4,4.4745E-4
1500.0,3.7928E-8,1.2946E-7,4.0421E-7,1.1546E-6,3.0169E-6,7.2115E-6,1.5769E-5,3.1545E-5,4.5817E-5,5.7725E-5,7.0999E-5
SA0P03
r\m,4.0,4.5,5.0,5.5,6.0,6.5,7.0,7.5,7.8,8.0,8.2
0.0,1.0603,1.7771,2.7432,3.8999,5.1064,6.158,6.8395,7.0107,7.0107,7.0107,7.0107
1.0,1.032,1.7324,2.6784,3.8139,5.0017,6.0413,6.7205,6.8975,6.8975,6.8975,6.8975
5.0,0.6165,1.0666,1.6994,2.4939,3.3707,4.1959,4.8105,5.0795,5.0846,5.0846,5.0846
10.0,0.25327,0.46145,0.77433,1.1967,1.7034,2.2331,2.6963,2.9984,3.0719,3.0764,3.0764
15.0,0.11836,0.22533,0.39511,0.63806,0.94902,1.3,1.6401,1.9058,2.0047,2.0396,2.0479
20.0,0.063985,0.12618,0.22918,0.38337,0.59063,0.83807,1.0952,1.3183,1.4162,1.4613,1.4881
25.0,0.038513,0.078168,0.14612,0.25157,0.39891,0.58257,0.78358,0.9707,1.061,1.1075,1.1409
30.0,0.025046,0.05208,0.099738,0.17592,0.28578,0.42757,0.58918,0.74774,0.82928,0.87401,0.90911
40.0,0.012406,0.026823,0.053409,0.097947,0.16544,0.25735,0.36872,0.48654,0.55235,0.59129,0.6247
50.0,0.0070654,0.015751,0.03234,0.061155,0.10651,0.17084,0.25239,0.34342,0.39711,0.43035,0.46028
60.0,0.0044692,0.01021,0.021482,0.041628,0.074296,0.12212,0.18489,0.25779,0.3025,0.33105,0.35755
70.0,0.0042081,0.0096304,0.020299,0.039405,0.070452,0.11601,0.17594,0.24575,0.28868,0.31615,0.3417
80.0,0.003969,0.0090971,0.019204,0.037337,0.066858,0.11026,0.16748,0.2343,0.27548,0.30187,0.32647
90.0,0.0037484,0.0086032,0.018186,0.035406,0.063486,0.10484,0.15947,0.22339,0.26287,0.28821,0.31186
100.0,0.0035437,0.0081434,0.017235,0.033595,0.060313,0.099724,0.15186,0.213,0.25082,0.27514,0.29786
110.0,0.0033531,0.0077139,0.016344,0.031894,0.057321,0.094881,0.14465,0.2031,0.23932,0.26264,0.28446
120.0,0.0031673,0.0072955,0.015477,0.030239,0.054416,0.090186,0.13766,0.19353,0.22822,0.25058,0.27153
130.0,0.0026417,0.0061698,0.013271,0.026291,0.047971,0.080612,0.12476,0.17784,0.21147,0.23348,0.25441
140.0,0.0022253,0.0052643,0.01147,0.023016,0.042536,0.072402,0.1135,0.16388,0.19638,0.21793,0.23868
150.0,0.0018906,0.0045263,0.0099802,0.020267,0.037907,0.065298,0.1036,0.15137,0.18269,0.20371,0.22418
175.0,0.0012971,0.0031894,0.0072226,0.015064,0.028937,0.051196,0.08342,0.12519,0.15353,0.17303,0.19246
200.0,9.212E-4,0.0023181,0.0053723,0.011467,0.022544,0.040817,0.068066,0.10454,0.13,0.14787,0.16601
250.0,5.0017E-4,0.0013082,0.0031515,0.0069922,0.014288,0.02689,0.046609,0.074406,0.094698,0.1094,0.12473
300.0,2.9085E-4,7.8518E-4,0.0019522,0.0044704,0.0094282,0.018314,0.032763,0.053982,0.070019,0.081918,0.094586
350.0,1.7734E-4,4.917E-4,0.0012556,0.0029532,0.0063971,0.012763,0.023451,0.039685,0.052307,0.061854,0.072187
400.0,1.1194E-4,3.1765E-4,8.3017E-4,0.0019983,0.0044299,0.009045,0.017009,0.029458,0.039371,0.04699,0.05535
450.0,7.2557E-5,2.1014E-4,5.6054E-4,0.0013771,0.0031159,0.0064932,0.012462,0.022029,0.029805,0.035865,0.042592
500.0,4.8024E-5,1.4165E-4,3.8482E-4,9.6282E-4,0.0022187,0.0047088,0.0092043,0.01657,0.022666,0.027474,0.032867
600.0,2.2069E-5,6.7185E-5,1.8838E-4,4.8647E-4,0.0011431,0.0024496,0.0048026,0.0086152,0.011722,0.014224,0.017004
700.0,1.3171E-5,3.28E-5,9.3795E-5,2.4545E-4,5.8768E-4,0.0012874,0.0025804,0.0047319,0.006453,0.0078061,0.0093094
800.0,5.0673E-6,1.6093E-5,4.6917E-5,1.2514E-4,3.0541E-4,6.8194E-4,0.001385,0.0025165,0.0034758,0.0042346,0.0050862
1000.0,1.2444E-6,4.045E-6,1.2128E-5,3.2906E-5,8.1301E-5,1.8291E-4,3.7859E-4,7.1743E-4,0.0010087,0.0012437,0.0015117
1200.0,3.04E-7,1.0072E-6,3.0524E-6,8.463E-6,2.1465E-5,4.9802E-5,1.0571E-4,2.0525E-4,2.9283E-4,3.6457E-4,4.4745E-4
1500.0,3.7928E-8,1.2946E-7,4.0421E-7,1.1546E-6,3.0169E-6,7.2115E-6,1.5769E-5,3.1545E-5,4.5817E-5,5.7725E-5,7.0999E-5
SA0P04
r\m,4.0,4.5,5.0,5.5,6.0,6.5,7.0,7.5,7.8,8.0,8.2
0.0,0.89362,1.5288,2.4029,3.4701,4.6041,5.6126,6.2863,6.4756,6.4756,6.4756,6.4756
1.0,0.86942,1.4898,2.3456,3.3931,4.5095,5.5065,6.1777,6.3723,6.3723,6.3723,6.3723
5.0,0.51854,0.91694,1.4897,2.2238,3.0498,3.843,4.4491,4.7324,4.7428,4.7428,4.7428
10.0,0.21607,0.40284,0.69005,1.086,1.5704,2.0863,2.5466,2.856,2.9374,2.9451,2.9451
15.0,0.10307,0.20088,0.35969,0.59174,0.89441,1.2421,1.5848,1.8579,1.9623,2.001,2.013
20.0,0.056785,0.11465,0.21266,0.36243,0.5675,0.81643,1.0792,1.3105,1.4139,1.4623,1.492
25.0,0.034731,0.072169,0.13778,0.24168,0.38949,0.57671,0.78456,0.98063,1.0764,1.1261,1.1623
30.0,0.022892,0.048731,0.095309,0.17127,0.28276,0.42892,0.59777,0.76543,0.85244,0.90049,0.93845
40.0,0.011578,0.025624,0.052103,0.097338,0.16707,0.26348,0.38176,0.5082,0.57933,0.62158,0.65792
50.0,0.006695,0.015277,0.032026,0.061688,0.10917,0.1775,0.26517,0.36396,0.42257,0.45897,0.49178
60.0,0.0042858,0.01002,0.021523,0.042476,0.07702,0.12831,0.1964,0.27619,0.32539,0.35686,0.38611
70.0,0.0042225,0.0098597,0.021153,0.041695,0.075509,0.12564,0.19207,0.26978,0.3176,0.34814,0.37649
80.0,0.0041383,0.0096529,0.020687,0.040733,0.073689,0.12248,0.18704,0.26244,0.30875,0.33831,0.3657
90.0,0.0040396,0.0094138,0.020156,0.039649,0.071661,0.119,0.18155,0.25449,0.29923,0.32775,0.35416
100.0,0.0039307,0.0091523,0.019579,0.038483,0.069494,0.1153,0.17576,0.24617,0.2893,0.31677,0.34217
110.0,0.0038149,0.0088759,0.018973,0.037263,0.067241,0.11148,0.1698,0.23764,0.27915,0.30556,0.32997
120.0,0.0036852,0.0085702,0.018311,0.035947,0.064835,0.10744,0.16358,0.22882,0.26872,0.29409,0.31752
130.0,0.0030893,0.0072754,0.015742,0.031295,0.05716,0.095923,0.1479,0.20951,0.24791,0.27268,0.29589
140.0,0.0026131,0.0062262,0.01363,0.027415,0.050661,0.086015,0.13418,0.19231,0.22915,0.25323,0.27607
150.0,0.0022276,0.0053656,0.011874,0.024144,0.045105,0.077419,0.12209,0.17689,0.21216,0.23548,0.25784
175.0,0.0015367,0.0037926,0.0085998,0.017916,0.034293,0.060308,0.097444,0.14466,0.17605,0.19731,0.21815
200.0,0.0010939,0.0027572,0.006385,0.013585,0.026557,0.047697,0.078707,0.11933,0.14707,0.16622,0.18533
250.0,5.9266E-4,0.0015473,0.0037116,0.0081799,0.016563,0.030814,0.052669,0.082713,0.10412,0.11934,0.13495
300.0,3.4171E-4,9.1817E-4,0.0022667,0.0051413,0.010714,0.020514,0.036088,0.058327,0.0747,0.086615,0.099078
350.0,2.0567E-4,5.6624E-4,0.0014323,0.0033287,0.0071078,0.013944,0.025134,0.041623,0.054091,0.063332,0.073153
400.0,1.2775E-4,3.5919E-4,9.2794E-4,0.0022025,0.0048031,0.0096235,0.017716,0.029963,0.039433,0.046561,0.054237
450.0,8.1277E-5,2.3282E-4,6.1275E-4,0.0014817,0.0032918,0.0067193,0.012601,0.021713,0.028896,0.034374,0.04034
500.0,5.2702E-5,1.535E-4,4.1076E-4,0.0010099,0.0022813,0.0047347,0.0090284,0.015817,0.021261,0.025461,0.030079
600.0,2.3141E-5,6.9368E-5,1.9105E-4,4.8343E-4,0.0011431,0.0024496,0.0048026,0.0086152,0.011722,0.014224,0.017004
700.0,1.3171E-5,3.28E-5,9.3795E-5,2.4545E-4,5.8768E-4,0.0012874,0.0025804,0.0047319,0.006453,0.0078061,0.0093094
800.0,5.0673E-6,1.6093E-5,4.6917E-5,1.2514E-4,3.0541E-4,6.8194E-4,0.001385,0.0025165,0.0034758,0.0042346,0.0050862
1000.0,1.2444E-6,4.045E-6,1.2128E-5,3.2906E-5,8.1301E-5,1.8291E-4,3.7859E-4,7.1743E-4,0.0010087,0.0012437,0.0015117
1200.0,3.04E-7,1.0072E-6,3.0524E-6,8.463E-6,2.1465E-5,4.9802E-5,1.0571E-4,2.0525E-4,2.9283E-4,3.6457E-4,4.4745E-4
1500.0,3.7928E-8,1.2946E-7,4.0421E-7,1.1546E-6,3.0169E-6,7.2115E-6,1.5769E-5,3.1545E-5,4.5817E-5,5.7725E-5,7.0999E-5
SA0P05
r\m,4.0,4.5,5.0,5.5,6.0,6.5,7.0,7.5,7.8,8.0,8.2
0.0,0.76141,1.3208,2.1,3.0603,4.0876,5.004,5.6148,5.7823,5.7823,5.7823,5.7823
1.0,0.74041,1.2867,2.0494,2.9918,4.0031,4.9093,5.5183,5.691,5.691,5.691,5.691
5.0,0.43946,0.78931,1.2994,1.9605,2.7112,3.4365,3.9924,4.2511,4.26,4.26,4.26
10.0,0.18403,0.3491,0.60696,0.96723,1.4127,1.8912,2.3205,2.6097,2.6855,2.6925,2.6925
15.0,0.088692,0.17604,0.32026,0.53401,0.81611,1.1432,1.4677,1.727,1.8262,1.8627,1.8736
20.0,0.049331,0.1015,0.19141,0.33084,0.52412,0.76103,1.0128,1.2354,1.3348,1.3812,1.4094
25.0,0.03041,0.064427,0.1251,0.22266,0.36321,0.54305,0.74418,0.93471,1.0278,1.076,1.111
30.0,0.02017,0.043793,0.087147,0.15895,0.26573,0.40715,0.5718,0.73601,0.82131,0.86833,0.90533
40.0,0.010292,0.023245,0.048117,0.09129,0.15875,0.25302,0.36961,0.49488,0.56545,0.60732,0.64326
50.0,0.0059832,0.013938,0.029758,0.058235,0.10445,0.17172,0.25874,0.35733,0.41594,0.4523,0.48504
60.0,0.0038421,0.0091736,0.020076,0.040268,0.074029,0.12474,0.19265,0.2727,0.32216,0.3538,0.38317
70.0,0.0038806,0.009256,0.020235,0.040546,0.074464,0.12534,0.19338,0.27346,0.32286,0.35442,0.38369
80.0,0.0038817,0.0092503,0.020205,0.040449,0.074219,0.12482,0.1924,0.27183,0.32076,0.352,0.38093
90.0,0.003854,0.009177,0.020029,0.040065,0.073458,0.12344,0.19013,0.26841,0.31658,0.34729,0.37572
100.0,0.003804,0.0090517,0.019741,0.039462,0.072302,0.12141,0.18687,0.26362,0.3108,0.34086,0.36866
110.0,0.0037368,0.0088861,0.019368,0.038691,0.070843,0.11889,0.18287,0.25781,0.30383,0.33314,0.36021
120.0,0.0036478,0.0086712,0.018892,0.037726,0.069049,0.11583,0.1781,0.25099,0.29572,0.32419,0.35048
130.0,0.0031056,0.0074621,0.016434,0.033171,0.061369,0.10406,0.16173,0.23039,0.2732,0.3008,0.32659
140.0,0.0026631,0.0064629,0.014375,0.029307,0.054763,0.09379,0.14722,0.21182,0.25269,0.27932,0.30449
150.0,0.0022979,0.0056285,0.012636,0.026001,0.049038,0.084767,0.1343,0.19503,0.23396,0.25957,0.28401
175.0,0.001625,0.0040636,0.0093139,0.019566,0.037675,0.066489,0.10755,0.15945,0.19367,0.21666,0.23903
200.0,0.0011783,0.003,0.0070008,0.014974,0.029354,0.052743,0.08686,0.13111,0.16097,0.18139,0.20156
250.0,6.5362E-4,0.0017149,0.0041238,0.009089,0.018361,0.033996,0.057694,0.089739,0.11218,0.12794,0.14388
300.0,3.8109E-4,0.0010247,0.0025253,0.0057041,0.011809,0.022409,0.038973,0.062126,0.078816,0.09077,0.10309
350.0,2.2996E-4,6.3129E-4,0.0015884,0.0036631,0.0077428,0.015,0.026636,0.04335,0.055685,0.064664,0.074053
400.0,1.4231E-4,3.9775E-4,0.0010189,0.0023925,0.0051487,0.010156,0.01836,0.030423,0.039504,0.046205,0.053295
450.0,8.9775E-5,2.5493E-4,6.6351E-4,0.0015828,0.0034607,0.0069353,0.012739,0.021446,0.028113,0.033091,0.038411
500.0,5.75E-5,1.6561E-4,4.372E-4,0.0010579,0.002346,0.0047686,0.0088839,0.01517,0.020056,0.023742,0.027716
600.0,2.4422E-5,7.2089E-5,1.9504E-4,4.8364E-4,0.0011431,0.0024496,0.0048026,0.0086152,0.011722,0.014224,0.017004
700.0,1.3171E-5,3.28E-5,9.3795E-5,2.4545E-4,5.8768E-4,0.0012874,0.0025804,0.0047319,0.006453,0.0078061,0.0093094
800.0,5.0673E-6,1.6093E-5,4.6917E-5,1.2514E-4,3.0541E-4,6.8194E-4,0.001385,0.0025165,0.0034758,0.0042346,0.0050862
1000.0,1.2444E-6,4.045E-6,1.2128E-5,3.2906E-5,8.1301E-5,1.8291E-4,3.7859E-4,7.1743E-4,0.0010087,0.0012437,0.0015117
1200.0,3.04E-7,1.0072E-6,3.0524E-6,8.463E-6,2.1465E-5,4.9802E-5,1.0571E-4,2.0525E-4,2.9283E-4,3.6457E-4,4.4745E-4
1500.0,3.7928E-8,1.2946E-7,4.0421E-7,1.1546E-6,3.0169E-6,7.2115E-6,1.5769E-5,3.1545E-5,4.5817E-5,5.7725E-5,7.0999E-5
SA0P075
r\m,4.0,4.5,5.0,5.5,6.0,6.5,7.0,7.5,7.8,8.0,8.2
0.0,0.55406,1.0052,1.6556,2.4756,3.3606,4.1416,4.6338,4.7319,4.7319,4.7319,4.7319
1.0,0.53882,0.97931,1.6159,2.4206,3.2919,4.0643,4.5555,4.6571,4.6571,4.6571,4.6571
5.0,0.32117,0.60363,1.03,1.5954,2.2437,2.8645,3.3201,3.4936,3.4936,3.4936,3.4936
10.0,0.13647,0.27096,0.48843,0.7993,1.1875,1.6017,1.9612,2.1802,2.2178,2.2178,2.2178
15.0,0.066745,0.13866,0.2615,0.44774,0.69598,0.98214,1.2583,1.4635,1.5297,1.5453,1.5453
20.0,0.037556,0.080861,0.15806,0.28049,0.45188,0.66092,0.87759,1.0579,1.1298,1.1577,1.1682
25.0,0.023352,0.051763,0.10417,0.19031,0.31566,0.47531,0.64976,0.80639,0.87633,0.90855,0.92751
30.0,0.015587,0.035402,0.073001,0.13666,0.23225,0.35835,0.50195,0.6383,0.70387,0.7369,0.75964
40.0,0.0080152,0.018932,0.040596,0.07903,0.13967,0.2241,0.32644,0.43169,0.48735,0.51826,0.54269
50.0,0.0046745,0.011386,0.025177,0.050544,0.092118,0.15242,0.22895,0.31222,0.35903,0.38654,0.40976
60.0,0.0030017,0.0074941,0.016986,0.034952,0.065295,0.11074,0.1705,0.23833,0.27816,0.30244,0.32379
70.0,0.0030399,0.0076248,0.017362,0.035893,0.067363,0.11478,0.17754,0.24932,0.29179,0.31785,0.34093
80.0,0.0030423,0.0076615,0.017516,0.036357,0.068509,0.1172,0.18202,0.25664,0.30108,0.3285,0.35292
90.0,0.003017,0.0076249,0.017495,0.036442,0.068913,0.11831,0.1844,0.26091,0.30676,0.33517,0.36059
100.0,0.0029704,0.0075312,0.017335,0.036223,0.068718,0.11835,0.18505,0.26267,0.30941,0.3385,0.36464
110.0,0.0029075,0.0073929,0.017066,0.035764,0.068043,0.11753,0.18429,0.26235,0.30957,0.33906,0.36566
120.0,0.0028281,0.0072105,0.01669,0.035072,0.066907,0.11588,0.1822,0.26008,0.30739,0.33705,0.36388
130.0,0.0025125,0.0064554,0.015058,0.031887,0.061303,0.10699,0.16953,0.24387,0.28957,0.31849,0.34491
140.0,0.0022389,0.0057936,0.013611,0.02903,0.05621,0.098809,0.15769,0.22846,0.27243,0.30049,0.32635
150.0,0.0020003,0.0052107,0.012323,0.026459,0.051574,0.091264,0.14662,0.21384,0.25602,0.28314,0.30833
175.0,0.0015234,0.0040279,0.0096687,0.02107,0.041685,0.074871,0.12208,0.18073,0.21831,0.24288,0.26606
200.0,0.0011726,0.0031405,0.0076363,0.016857,0.033782,0.061463,0.10152,0.15223,0.18532,0.20724,0.2282
250.0,7.1052E-4,0.0019445,0.004831,0.010896,0.022312,0.041479,0.070004,0.10726,0.13227,0.1492,0.1657
300.0,4.3969E-4,0.0012246,0.0030966,0.0071086,0.014815,0.028029,0.048145,0.075077,0.093568,0.10629,0.11888
350.0,2.7606E-4,7.8043E-4,0.002003,0.004667,0.0098722,0.018958,0.033053,0.052315,0.065784,0.075172,0.084581
400.0,1.7518E-4,5.0167E-4,0.0013043,0.0030784,0.0065962,0.012832,0.022661,0.036333,0.046043,0.052886,0.059813
450.0,1.1207E-4,3.2461E-4,8.5359E-4,0.0020377,0.0044163,0.0086894,0.015522,0.025171,0.032116,0.037057,0.042102
500.0,7.2158E-5,2.1114E-4,5.6089E-4,0.0013527,0.0029616,0.0058867,0.010623,0.017403,0.02234,0.025883,0.029526
600.0,3.0354E-5,9.0398E-5,2.444E-4,5.9989E-4,0.0013368,0.0027043,0.0049666,0.0086152,0.011722,0.014224,0.017004
700.0,1.3171E-5,3.9163E-5,1.0747E-4,2.6775E-4,6.0558E-4,0.0012874,0.0025804,0.0047319,0.006453,0.0078061,0.0093094
800.0,5.5892E-6,1.7114E-5,4.7574E-5,1.2514E-4,3.0541E-4,6.8194E-4,0.001385,0.0025165,0.0034758,0.0042346,0.0050862
1000.0,1.2444E-6,4.045E-6,1.2128E-5,3.2906E-5,8.1301E-5,1.8291E-4,3.7859E-4,7.1743E-4,0.0010087,0.0012437,0.0015117
1200.0,3.04E-7,1.0072E-6,3.0524E-6,8.463E-6,2.1465E-5,4.9802E-5,1.0571E-4,2.0525E-4,2.9283E-4,3.6457E-4,4.4745E-4
1500.0,3.7928E-8,1.2946E-7,4.0421E-7,1.1546E-6,3.0169E-6,7.2115E-6,1.5769E-5,3.1545E-5,4.5817E-5,5.7725E-5,7.0999E-5
SA0P1
r\m,4.0,4.5,5.0,5.5,6.0,6.5,7.0,7.5,7.8,8.0,8.2
0.0,0.42334,0.81506,1.4077,2.181,3.0312,3.7792,4.2268,4.2907,4.2907,4.2907,4.2907
1.0,0.41204,0.79465,1.3748,2.1336,2.9704,3.7098,4.1562,4.2233,4.2233,4.2233,4.2233
5.0,0.2492,0.49602,0.88567,1.4186,2.0383,2.6273,3.0379,3.1553,3.1553,3.1553,3.1553
10.0,0.10819,0.2268,0.42652,0.71953,1.0889,1.4782,1.8002,1.9666,1.9764,1.9764,1.9764
15.0,0.053779,0.11767,0.23095,0.40664,0.64228,0.91002,1.1567,1.3188,1.3543,1.3545,1.3545
20.0,0.030627,0.06932,0.14075,0.25635,0.41884,0.61389,0.80714,0.95198,0.99768,1.0072,1.0072
25.0,0.019222,0.04472,0.093334,0.17474,0.29348,0.44216,0.59758,0.7245,0.77193,0.78796,0.79093
30.0,0.012925,0.030773,0.065723,0.12592,0.21641,0.33365,0.46146,0.57252,0.6185,0.63719,0.64513
40.0,0.0067205,0.016604,0.036801,0.073169,0.1305,0.2088,0.29967,0.38583,0.42619,0.44563,0.45792
50.0,0.0039501,0.010048,0.022927,0.046931,0.086177,0.14195,0.20976,0.27804,0.31254,0.33062,0.34372
60.0,0.0025492,0.0066387,0.015509,0.032503,0.061106,0.10305,0.1559,0.21158,0.24121,0.25758,0.27032
70.0,0.0025318,0.0066527,0.015681,0.033158,0.062895,0.10702,0.16336,0.22368,0.25638,0.27476,0.28938
80.0,0.00249,0.0065937,0.015663,0.033377,0.063803,0.10941,0.1683,0.23225,0.26744,0.2875,0.30373
90.0,0.0024305,0.0064803,0.0155,0.033256,0.064007,0.11051,0.17117,0.23782,0.27498,0.29642,0.31402
100.0,0.0023583,0.0063265,0.015225,0.032867,0.063648,0.11057,0.17231,0.24088,0.27954,0.30207,0.32079
110.0,0.0022773,0.006143,0.014865,0.032269,0.062839,0.10977,0.17201,0.24181,0.28155,0.30492,0.32454
120.0,0.0021885,0.0059338,0.014432,0.031489,0.061633,0.10821,0.17044,0.24081,0.28126,0.30522,0.32552
130.0,0.0020035,0.005465,0.013373,0.029354,0.0578,0.1021,0.16178,0.22996,0.26956,0.29323,0.31349
140.0,0.0018351,0.0050337,0.012386,0.027341,0.054138,0.096165,0.15323,0.21903,0.25761,0.28086,0.30094
150.0,0.0016816,0.0046368,0.011469,0.025448,0.050654,0.090445,0.14487,0.20816,0.24559,0.26831,0.28809
175.0,0.001354,0.0037771,0.0094519,0.021218,0.042727,0.077184,0.12508,0.18182,0.21601,0.2371,0.25576
200.0,0.0010922,0.0030778,0.0077799,0.017641,0.035885,0.06548,0.10718,0.15739,0.18812,0.20732,0.22454
250.0,7.136E-4,0.002045,0.005257,0.012123,0.025079,0.04654,0.077475,0.1157,0.13969,0.15499,0.169
300.0,4.6796E-4,0.0013596,0.0035436,0.0082851,0.017377,0.032694,0.05518,0.083545,0.10171,0.11347,0.12441
350.0,3.0766E-4,9.0435E-4,0.0023846,0.0056407,0.011969,0.022783,0.038903,0.059591,0.073055,0.081883,0.090196
400.0,2.0266E-4,6.0174E-4,0.0016028,0.0038297,0.0082086,0.015783,0.027224,0.042124,0.051955,0.058468,0.064665
450.0,1.3368E-4,4.0048E-4,0.0010763,0.0025946,0.005611,0.010885,0.018943,0.029572,0.036669,0.041414,0.045966
500.0,8.8285E-5,2.6659E-4,7.2217E-4,0.0017549,0.0038254,0.0074804,0.013122,0.020649,0.025727,0.029148,0.032455
600.0,3.8605E-5,1.1819E-4,3.2461E-4,7.9973E-4,0.0017675,0.0035042,0.0062322,0.0099429,0.012491,0.01423,0.017004
700.0,1.6925E-5,5.2424E-5,1.4566E-4,3.6308E-4,8.1183E-4,0.0016284,0.00293,0.0047319,0.006453,0.0078061,0.0093094
800.0,7.4341E-6,2.326E-5,6.5286E-5,1.6438E-4,3.7127E-4,7.5225E-4,0.001385,0.0025165,0.0034758,0.0042346,0.0050862
1000.0,1.4401E-6,4.5825E-6,1.3081E-5,3.3495E-5,8.1301E-5,1.8291E-4,3.7859E-4,7.1743E-4,0.0010087,0.0012437,0.0015117
1200.0,3.04E-7,1.0072E-6,3.0524E-6,8.463E-6,2.1465E-5,4.9802E-5,1.0571E-4,2.0525E-4,2.9283E-4,3.6457E-4,4.4745E-4
1500.0,3.7928E-8,1.2946E-7,4.0421E-7,1.1546E-6,3.0169E-6,7.2115E-6,1.5769E-5,3.1545E-5,4.5817E-5,5.7725E-5,7.0999E-5
SA0P15
r\m,4.0,4.5,5.0,5.5,6.0,6.5,7.0,7.5,7.8,8.0,8.2
0.0,0.24983,0.53911,1.0238,1.7109,2.5161,3.2565,3.7091,3.7717,3.7717,3.7717,3.7717
1.0,0.24354,0.52631,1.0009,1.6752,2.4674,3.1982,3.6482,3.713,3.713,3.713,3.713
5.0,0.15105,0.33566,0.6564,1.1296,1.7108,2.2802,2.6744,2.7712,2.7712,2.7712,2.7712
10.0,0.067704,0.15759,0.32279,0.58187,0.92306,1.2886,1.5832,1.7117,1.7121,1.7121,1.7121
15.0,0.034403,0.083224,0.17717,0.33193,0.54725,0.79401,1.0138,1.1392,1.1516,1.1516,1.1516
20.0,0.019917,0.04968,0.10905,0.21066,0.35812,0.53576,0.70537,0.81726,0.83962,0.83962,0.83962
25.0,0.012668,0.032397,0.07291,0.1444,0.25168,0.38604,0.52109,0.619,0.64553,0.64797,0.64797
30.0,0.0086165,0.022501,0.051709,0.10458,0.18612,0.29151,0.4018,0.48738,0.51469,0.52027,0.52027
40.0,0.0045678,0.012336,0.029319,0.061321,0.11287,0.18283,0.26061,0.32693,0.35228,0.36092,0.36253
50.0,0.0027294,0.0075687,0.01847,0.039665,0.074963,0.12468,0.18248,0.23505,0.25732,0.26644,0.27029
60.0,0.0017856,0.0050593,0.012615,0.027682,0.053456,0.090843,0.13586,0.17881,0.1983,0.2071,0.21191
70.0,0.0017216,0.0049432,0.01249,0.027773,0.054347,0.093589,0.14183,0.18916,0.21145,0.22201,0.22838
80.0,0.0016517,0.0047971,0.012261,0.02758,0.054594,0.095103,0.14579,0.19669,0.2214,0.23352,0.24133
90.0,0.0015785,0.0046314,0.011959,0.027174,0.054339,0.095627,0.1481,0.20184,0.22858,0.24208,0.25119
100.0,0.0015039,0.004453,0.011603,0.026607,0.053693,0.095354,0.14902,0.20496,0.23339,0.24808,0.25835
110.0,0.0014294,0.0042673,0.011211,0.025922,0.052742,0.094441,0.14882,0.20637,0.23616,0.25185,0.26315
120.0,0.0013557,0.0040775,0.010793,0.025141,0.051538,0.092976,0.14761,0.20623,0.23705,0.25356,0.26573
130.0,0.0012772,0.0038541,0.010235,0.02392,0.049196,0.089043,0.14183,0.1988,0.22897,0.24524,0.25734
140.0,0.0012019,0.0036381,0.0096909,0.022717,0.046864,0.08508,0.13593,0.19112,0.22052,0.23647,0.24845
150.0,0.0011301,0.0034302,0.0091632,0.021541,0.044564,0.081134,0.12999,0.18329,0.21184,0.22743,0.23921
175.0,9.6539E-4,0.002949,0.0079277,0.018755,0.039046,0.07154,0.11535,0.16367,0.18989,0.20438,0.21552
200.0,8.2161E-4,0.0025236,0.0068215,0.016227,0.033969,0.062579,0.10145,0.14475,0.16849,0.18174,0.19207
250.0,5.9037E-4,0.00183,0.0049922,0.011985,0.02532,0.047075,0.077023,0.1109,0.12981,0.14053,0.14906
300.0,4.2106E-4,0.001315,0.0036143,0.008742,0.018608,0.034856,0.05746,0.083358,0.098006,0.10642,0.11322
350.0,2.9877E-4,9.3902E-4,0.0025973,0.006322,0.013542,0.025529,0.042351,0.06183,0.072972,0.079438,0.084727
400.0,2.112E-4,6.6745E-4,0.0018563,0.0045433,0.0097857,0.018549,0.030941,0.04542,0.053782,0.058676,0.06272
450.0,1.4887E-4,4.7275E-4,0.0013212,0.0032493,0.0070326,0.013395,0.022452,0.033119,0.039331,0.042993,0.046045
500.0,1.047E-4,3.3392E-4,9.3724E-4,0.0023151,0.0050323,0.0096266,0.016206,0.024009,0.028586,0.031302,0.033583
600.0,5.1516E-5,1.6554E-4,4.6814E-4,0.001165,0.0025515,0.0049177,0.0083411,0.01245,0.014891,0.016354,0.017599
700.0,2.5219E-5,8.1554E-5,2.321E-4,5.8128E-4,0.0012811,0.0024849,0.0042415,0.0063714,0.0076493,0.0084225,0.0093094
800.0,1.2299E-5,3.9993E-5,1.1444E-4,2.882E-4,6.3869E-4,0.0012456,0.0021379,0.0032291,0.0038895,0.0042922,0.0050862
1000.0,2.9022E-6,9.5239E-6,2.7504E-5,6.9902E-5,1.5634E-4,3.0772E-4,5.3302E-4,8.1249E-4,0.0010087,0.0012437,0.0015117
1200.0,6.797E-7,2.2473E-6,6.5391E-6,1.6744E-5,3.7732E-5,7.4826E-5,1.3059E-4,2.0525E-4,2.9283E-4,3.6457E-4,4.4745E-4
1500.0,7.6336E-8,2.5473E-7,7.4802E-7,1.9331E-6,4.3963E-6,8.7987E-6,1.5769E-5,3.1545E-5,4.5817E-5,5.7725E-5,7.0999E-5
SA0P2
r\m,4.0,4.5,5.0,5.5,6.0,6.5,7.0,7.5,7.8,8.0,8.2
0.0,0.15497,0.36838,0.75782,1.3491,2.0786,2.7714,3.1978,3.2519,3.2519,3.2519,3.2519
1.0,0.15125,0.36002,0.74164,1.3221,2.0397,2.7233,3.1466,3.2016,3.2016,3.2016,3.2016
5.0,0.095555,0.23337,0.49322,0.90212,1.4279,1.956,2.3188,2.3959,2.3959,2.3959,2.3959
10.0,0.043652,0.11134,0.24577,0.46949,0.77615,1.1104,1.3748,1.4731,1.4731,1.4731,1.4731
15.0,0.022422,0.059318,0.13581,0.26908,0.46138,0.68464,0.8792,0.97709,0.98077,0.98077,0.98077
20.0,0.013084,0.035637,0.084004,0.17137,0.30253,0.4622,0.6111,0.69923,0.70867,0.70867,0.70867
25.0,0.0083795,0.023374,0.056424,0.11787,0.21311,0.33343,0.45146,0.52901,0.5428,0.5428,0.5428
30.0,0.0057372,0.016326,0.040206,0.085689,0.15804,0.25226,0.34845,0.41654,0.43254,0.43298,0.43298
40.0,0.0030813,0.0090546,0.023027,0.050678,0.096523,0.1591,0.22694,0.28014,0.29657,0.29928,0.29928
50.0,0.0018654,0.0056221,0.014664,0.033098,0.064653,0.10929,0.15989,0.20243,0.21758,0.22179,0.222
60.0,0.0012365,0.0038045,0.01013,0.023343,0.046549,0.080333,0.11998,0.15507,0.16875,0.17345,0.17432
70.0,0.0011852,0.0036984,0.0099873,0.02334,0.047205,0.08262,0.12514,0.16404,0.18003,0.18609,0.18795
80.0,0.0011334,0.0035803,0.0097874,0.023155,0.047406,0.083994,0.12879,0.1709,0.18894,0.19626,0.19919
90.0,0.001082,0.0034549,0.0095474,0.022832,0.047254,0.084635,0.13118,0.17597,0.19581,0.20427,0.20823
100.0,0.0010314,0.0033255,0.0092792,0.022407,0.046825,0.084683,0.13254,0.17951,0.20091,0.21041,0.21532
110.0,9.8211E-4,0.0031944,0.008992,0.021905,0.046178,0.084248,0.13302,0.18175,0.20449,0.21491,0.2207
120.0,9.3422E-4,0.0030629,0.0086903,0.021338,0.045342,0.083382,0.1327,0.18275,0.20661,0.21782,0.2244
130.0,8.846E-4,0.0029092,0.0082796,0.020393,0.043468,0.080181,0.128,0.17683,0.20028,0.21141,0.21806
140.0,8.3729E-4,0.0027615,0.0078818,0.019469,0.041617,0.076987,0.12325,0.17076,0.19374,0.20474,0.21142
150.0,7.9225E-4,0.0026199,0.0074977,0.018569,0.0398,0.073823,0.1185,0.16462,0.18707,0.1979,0.20458
175.0,6.8916E-4,0.0022926,0.0066003,0.016444,0.035456,0.066159,0.10683,0.1493,0.17026,0.18055,0.18709
200.0,5.987E-4,0.002002,0.0057934,0.014509,0.031445,0.058977,0.09573,0.13447,0.15383,0.16347,0.16974
250.0,4.5058E-4,0.0015197,0.004436,0.011206,0.024496,0.046343,0.075874,0.1075,0.12362,0.13182,0.13735
300.0,3.3823E-4,0.0011489,0.0033772,0.0085914,0.018914,0.036036,0.059417,0.084782,0.097905,0.10469,0.10939
350.0,2.5344E-4,8.6601E-4,0.0025609,0.0065538,0.014515,0.02782,0.046144,0.066237,0.076763,0.082281,0.08618
400.0,1.8966E-4,6.5142E-4,0.0019363,0.0049811,0.011089,0.021363,0.035618,0.051393,0.059745,0.064173,0.067352
450.0,1.4178E-4,4.8922E-4,0.0014608,0.0037751,0.0084424,0.016339,0.027366,0.039666,0.046239,0.049756,0.052317
500.0,1.0591E-4,3.6694E-4,0.0011002,0.0028547,0.0064102,0.012457,0.020949,0.030489,0.035628,0.0384,0.040443
600.0,5.8995E-5,2.0584E-4,6.2153E-4,0.0016241,0.0036728,0.0071878,0.012173,0.017842,0.020939,0.022632,0.023903
700.0,3.2803E-5,1.1514E-4,3.4974E-4,9.1936E-4,0.0020915,0.0041176,0.0070155,0.010344,0.012182,0.013199,0.013974
800.0,1.8216E-5,6.4268E-5,1.9623E-4,5.185E-4,0.0011857,0.0023464,0.0040184,0.0059557,0.007036,0.0076389,0.0081039
1000.0,5.6016E-6,1.9935E-5,6.1394E-5,1.6363E-4,3.7743E-4,7.5339E-4,0.0013014,0.0019456,0.0023104,0.0025171,0.0026796
1200.0,1.718E-6,6.1574E-6,1.9098E-5,5.1262E-5,1.1908E-4,2.3938E-4,4.1645E-4,6.2698E-4,7.4772E-4,8.1691E-4,8.7209E-4
1500.0,2.9089E-7,1.0516E-6,3.2901E-6,8.9079E-6,2.0872E-5,4.2323E-5,7.4269E-5,1.1279E-4,1.3521E-4,1.4823E-4,1.5879E-4
SA0P25
r\m,4.0,4.5,5.0,5.5,6.0,6.5,7.0,7.5,7.8,8.0,8.2
0.0,0.10425,0.2655,0.57853,1.0785,1.7202,2.3474,2.7405,2.791,2.791,2.791,2.791
1.0,0.10173,0.25946,0.56612,1.0568,1.6879,2.3064,2.6963,2.7475,2.7475,2.7475,2.7475
5.0,0.064203,0.16798,0.376,0.72007,1.1798,1.6538,1.9835,2.0524,2.0524,2.0524,2.0524
10.0,0.029334,0.080138,0.18731,0.37455,0.64079,0.93792,1.1745,1.2584,1.2584,1.2584,1.2584
15.0,0.015101,0.042779,0.10368,0.215,0.38142,0.57893,0.75178,0.83523,0.83718,0.83718,0.83718
20.0,0.0088412,0.025783,0.064326,0.13731,0.25075,0.39179,0.52372,0.59896,0.60498,0.60498,0.60498
25.0,0.0056853,0.016976,0.043368,0.094787,0.17724,0.28356,0.38812,0.45449,0.4636,0.4636,0.4636
30.0,0.0039101,0.011909,0.031034,0.069187,0.13197,0.21535,0.30067,0.35914,0.37073,0.37073,0.37073
40.0,0.0021206,0.0066683,0.01794,0.041294,0.081319,0.13701,0.19749,0.24355,0.25627,0.25743,0.25743
50.0,0.0012973,0.0041832,0.011541,0.027239,0.055005,0.09503,0.14046,0.17763,0.18975,0.19219,0.19219
60.0,8.6907E-4,0.0028605,0.008055,0.019406,0.04,0.07054,0.10643,0.13738,0.14856,0.15172,0.15189
70.0,8.3655E-4,0.0027917,0.0079708,0.019471,0.040692,0.072758,0.1113,0.14567,0.15884,0.16311,0.16375
80.0,8.0428E-4,0.0027165,0.0078496,0.019406,0.041046,0.074278,0.115,0.15233,0.1673,0.17262,0.17372
90.0,7.7255E-4,0.0026371,0.0077015,0.019243,0.041136,0.075233,0.11772,0.15759,0.17419,0.1805,0.18242
100.0,7.4154E-4,0.0025554,0.0075342,0.019005,0.041013,0.075725,0.11962,0.16166,0.17971,0.18693,0.18964
110.0,7.1137E-4,0.0024726,0.007353,0.018708,0.040721,0.075835,0.12083,0.16471,0.18404,0.19209,0.19555
120.0,6.8195E-4,0.0023889,0.0071595,0.018358,0.040272,0.075584,0.12137,0.16674,0.18718,0.19598,0.20013
130.0,6.4634E-4,0.0022714,0.0068293,0.017567,0.038662,0.072796,0.11727,0.16162,0.18179,0.19058,0.19486
140.0,6.1288E-4,0.0021602,0.0065144,0.016807,0.037099,0.070062,0.1132,0.15648,0.17632,0.18506,0.18945
150.0,5.814E-4,0.002055,0.0062141,0.016077,0.035586,0.06739,0.10919,0.15135,0.17082,0.17949,0.18395
175.0,5.1036E-4,0.0018151,0.0055228,0.014377,0.032021,0.061016,0.099472,0.13874,0.15718,0.16556,0.17009
200.0,4.4876E-4,0.0016046,0.0049087,0.012847,0.028767,0.055111,0.090328,0.12666,0.14396,0.15196,0.15646
250.0,3.4824E-4,0.0012564,0.0038781,0.010241,0.023139,0.044728,0.073971,0.10466,0.11959,0.1267,0.13091
300.0,2.7116E-4,9.8548E-4,0.0030642,0.0081517,0.018553,0.036127,0.060187,0.085785,0.098455,0.10461,0.10841
350.0,2.1163E-4,7.7392E-4,0.0024214,0.0064816,0.014844,0.029084,0.048754,0.069922,0.080549,0.085796,0.089133
400.0,1.6545E-4,6.0832E-4,0.0019135,0.0051497,0.011857,0.023357,0.039365,0.056761,0.065598,0.070022,0.072901
450.0,1.2953E-4,4.7848E-4,0.0015123,0.0040891,0.0094598,0.018723,0.031705,0.045933,0.053235,0.056933,0.059387
500.0,1.015E-4,3.7656E-4,0.0011952,0.0032455,0.00754,0.014987,0.025486,0.03708,0.043084,0.046155,0.048226
600.0,6.2484E-5,2.3351E-4,7.466E-4,0.0020423,0.0047797,0.0095702,0.016394,0.024028,0.028042,0.030129,0.031573
700.0,3.8555E-5,1.4498E-4,4.6643E-4,0.0012838,0.0030233,0.0060911,0.010499,0.015484,0.018138,0.019536,0.020524
800.0,2.3831E-5,9.0095E-5,2.9141E-4,8.0643E-4,0.0019093,0.0038674,0.0067023,0.0099373,0.011678,0.012606,0.013271
1000.0,9.1382E-6,3.4859E-5,1.1377E-4,3.1768E-4,7.589E-4,0.0015511,0.0027123,0.0040577,0.0047943,0.0051937,0.0054876
1200.0,3.5159E-6,1.3511E-5,4.442E-5,1.2495E-4,3.0069E-4,6.191E-4,0.0010906,0.0016435,0.0019505,0.0021192,0.0022457
1500.0,8.426E-7,3.2672E-6,1.0839E-5,3.0763E-5,7.4701E-5,1.5519E-4,2.7584E-4,4.1947E-4,5.005E-4,5.4575E-4,5.8041E-4
SA0P3
r\m,4.0,4.5,5.0,5.5,6.0,6.5,7.0,7.5,7.8,8.0,8.2
0.0,0.075999,0.20237,0.45781,0.8799,1.4368,1.9932,2.3491,2.3974,2.3974,2.3974,2.3974
1.0,0.074159,0.19774,0.44796,0.86216,1.4097,1.9584,2.3113,2.3608,2.3608,2.3608,2.3608
5.0,0.046692,0.12779,0.29713,0.58696,0.98509,1.4046,1.7015,1.7653,1.7653,1.7653,1.7653
10.0,0.021261,0.060811,0.14777,0.30507,0.53508,0.79733,1.0094,1.0857,1.0857,1.0857,1.0857
15.0,0.010924,0.032426,0.081769,0.17518,0.31886,0.49308,0.6478,0.72306,0.72481,0.72481,0.72481
20.0,0.0063932,0.019546,0.050769,0.11203,0.21004,0.33455,0.45273,0.52049,0.52579,0.52579,0.52579
25.0,0.0041135,0.012883,0.034282,0.077499,0.14885,0.24288,0.33669,0.39655,0.40453,0.40453,0.40453
30.0,0.0028327,0.0090535,0.024583,0.056712,0.11115,0.18508,0.26182,0.31467,0.32493,0.32493,0.32493
40.0,0.0015424,0.0050931,0.014288,0.034053,0.068952,0.11862,0.17336,0.21526,0.22667,0.22762,0.22762
50.0,9.4859E-4,0.0032136,0.0092493,0.022617,0.046985,0.082927,0.12435,0.15841,0.16939,0.17145,0.17145
60.0,6.3933E-4,0.0022117,0.0065002,0.016231,0.034432,0.062056,0.095019,0.12361,0.13385,0.13661,0.13667
70.0,6.1859E-4,0.0021689,0.0064606,0.01635,0.035153,0.064213,0.099651,0.13139,0.14342,0.14717,0.14763
80.0,5.9819E-4,0.0021219,0.0063949,0.016374,0.035617,0.065823,0.10335,0.13786,0.15154,0.15623,0.15709
90.0,5.7821E-4,0.0020723,0.00631,0.016323,0.035875,0.066987,0.10626,0.14322,0.15841,0.16398,0.16539
100.0,5.587E-4,0.0020209,0.0062106,0.016215,0.035968,0.067783,0.10852,0.14762,0.16418,0.17059,0.17269
110.0,5.397E-4,0.0019686,0.0061005,0.016061,0.035926,0.06827,0.11022,0.15118,0.16899,0.17618,0.17894
120.0,5.2105E-4,0.001915,0.0059795,0.015862,0.03575,0.068452,0.11135,0.1539,0.17281,0.1807,0.18409
130.0,4.9376E-4,0.0018208,0.0057048,0.015185,0.034339,0.065973,0.10768,0.14933,0.16802,0.17593,0.17948
140.0,4.6847E-4,0.001733,0.0054466,0.014543,0.032991,0.063582,0.10411,0.14482,0.16326,0.17116,0.17482
150.0,4.4495E-4,0.0016508,0.0052034,0.013934,0.031702,0.061277,0.10063,0.14039,0.15854,0.1664,0.17016
175.0,3.9267E-4,0.0014664,0.0046523,0.01254,0.028716,0.055869,0.092346,0.12968,0.14702,0.15471,0.15862
200.0,3.4801E-4,0.001307,0.0041701,0.011304,0.026033,0.050934,0.084667,0.11957,0.13601,0.14346,0.14742
250.0,2.7586E-4,0.0010458,0.0033686,0.0092179,0.02143,0.042327,0.071027,0.10126,0.11584,0.12264,0.12651
300.0,2.2054E-4,8.4257E-4,0.0027349,0.0075418,0.017669,0.03517,0.059474,0.085445,0.098202,0.10429,0.10791
350.0,1.7734E-4,6.8198E-4,0.0022281,0.0061846,0.014584,0.02922,0.049735,0.071922,0.082985,0.088362,0.091665
400.0,1.4322E-4,5.5389E-4,0.0018199,0.0050801,0.012048,0.024274,0.041552,0.060429,0.069962,0.074663,0.07763
450.0,1.1604E-4,4.5103E-4,0.0014894,0.0041782,0.0099585,0.020165,0.034691,0.050703,0.058877,0.062959,0.065592
500.0,9.4269E-5,3.6804E-4,0.0012207,0.00344,0.0082355,0.016751,0.028946,0.042496,0.049479,0.053004,0.055319
600.0,6.2579E-5,2.4621E-4,8.2298E-4,0.0023371,0.0056386,0.011558,0.020127,0.029777,0.034832,0.037429,0.039184
700.0,4.1787E-5,1.6548E-4,5.5677E-4,0.0015915,0.0038648,0.0079737,0.013977,0.020814,0.024442,0.026333,0.02764
800.0,2.8024E-5,1.1161E-4,3.7763E-4,0.0010855,0.0026512,0.0055008,0.0096967,0.014522,0.017112,0.018477,0.019438
1000.0,1.2719E-5,5.1138E-5,1.7467E-4,5.0688E-4,0.0012497,0.0026176,0.004658,0.0070423,0.0083452,0.0090454,0.0095519
1200.0,5.822E-6,2.3589E-5,8.1198E-5,2.3746E-4,5.8998E-4,0.0012454,0.0022334,0.0034027,0.004051,0.0044045,0.0046656
1500.0,1.8219E-6,7.4521E-6,2.5896E-5,7.6452E-5,1.9176E-4,4.0862E-4,7.3977E-4,0.0011378,0.0013623,0.0014868,0.0015809
SA0P4
r\m,4.0,4.5,5.0,5.5,6.0,6.5,7.0,7.5,7.8,8.0,8.2
0.0,0.039623,0.11596,0.28534,0.59037,1.027,1.5023,1.8477,1.9249,1.9249,1.9249,1.9249
1.0,0.03872,0.11346,0.27953,0.57907,1.0086,1.4772,1.819,1.8965,1.8965,1.8965,1.8965
5.0,0.024947,0.074848,0.18882,0.40051,0.71431,1.0712,1.3507,1.4351,1.4351,1.4351,1.4351
10.0,0.011652,0.036417,0.095698,0.21145,0.39285,0.61367,0.80604,0.89017,0.89017,0.89017,0.89017
15.0,0.0060782,0.019669,0.053516,0.12243,0.23551,0.38091,0.51801,0.59232,0.59589,0.59589,0.59589
20.0,0.0035963,0.011967,0.033482,0.078767,0.1558,0.25913,0.36237,0.42608,0.43306,0.43306,0.43306
25.0,0.0023357,0.0079517,0.022762,0.054785,0.11087,0.18866,0.26992,0.32472,0.33382,0.33382,0.33382
30.0,0.0016224,0.0056305,0.01643,0.040311,0.083159,0.14425,0.21038,0.25799,0.2683,0.2683,0.2683
40.0,8.9809E-4,0.0032147,0.009675,0.024483,0.052095,0.093201,0.1402,0.17733,0.18787,0.18888,0.18888
50.0,5.6125E-4,0.0020585,0.006348,0.01646,0.035886,0.065784,0.1014,0.13141,0.14127,0.1432,0.1432
60.0,3.8455E-4,0.0014386,0.0045253,0.011969,0.026616,0.049767,0.078244,0.10343,0.11252,0.11497,0.115
70.0,3.7682E-4,0.0014258,0.0045364,0.012135,0.027295,0.051621,0.082087,0.10975,0.12022,0.12339,0.12371
80.0,3.692E-4,0.0014109,0.0045333,0.012247,0.027821,0.053138,0.085338,0.11523,0.12697,0.13084,0.13144
90.0,3.6169E-4,0.0013943,0.0045193,0.012317,0.028224,0.05438,0.088099,0.12001,0.13292,0.13745,0.13832
100.0,3.5431E-4,0.0013766,0.0044968,0.012352,0.028526,0.055394,0.090446,0.12417,0.13818,0.14333,0.14461
110.0,3.4705E-4,0.0013579,0.0044676,0.012358,0.028745,0.056215,0.092438,0.12781,0.14283,0.14858,0.15033
120.0,3.397E-4,0.0013377,0.0044294,0.012332,0.028868,0.056821,0.094037,0.13086,0.14681,0.1531,0.1553
130.0,3.21E-4,0.0012691,0.004219,0.011793,0.027715,0.054768,0.090999,0.12713,0.14297,0.14934,0.15172
140.0,3.0413E-4,0.0012068,0.0040267,0.011296,0.026646,0.052849,0.088134,0.12358,0.13928,0.1457,0.14824
150.0,2.8879E-4,0.0011499,0.0038498,0.010837,0.025651,0.051048,0.085422,0.12019,0.13573,0.14218,0.14486
175.0,2.5581E-4,0.0010264,0.0034625,0.0098217,0.023425,0.046977,0.079211,0.1123,0.12741,0.13387,0.13682
200.0,2.2866E-4,9.2351E-4,0.0031362,0.0089552,0.0215,0.043403,0.07367,0.10514,0.11976,0.12617,0.12928
250.0,1.8627E-4,7.6068E-4,0.002612,0.0075412,0.018307,0.037367,0.06413,0.092543,0.10611,0.11229,0.11557
300.0,1.545E-4,6.3668E-4,0.002206,0.006427,0.015744,0.032427,0.056157,0.081773,0.094274,0.10012,0.10342
350.0,1.2976E-4,5.3881E-4,0.0018813,0.0055228,0.013633,0.028294,0.049377,0.072451,0.083911,0.089387,0.092615
400.0,1.0997E-4,4.597E-4,0.0016157,0.0047748,0.011864,0.024788,0.043545,0.064319,0.074789,0.079881,0.082985
450.0,9.3859E-5,3.9464E-4,0.0013952,0.0041471,0.010365,0.021783,0.03849,0.057185,0.066727,0.071437,0.074387
500.0,8.0548E-5,3.4044E-4,0.0012099,0.0036152,0.0090831,0.019188,0.034083,0.050903,0.059584,0.063923,0.066701
600.0,6.0072E-5,2.562E-4,9.1877E-4,0.0027703,0.0070235,0.014972,0.026836,0.040443,0.047598,0.051249,0.053671
700.0,4.5363E-5,1.9496E-4,7.045E-4,0.0021405,0.0054685,0.011747,0.021216,0.03222,0.038094,0.041142,0.043218
800.0,3.457E-5,1.4956E-4,5.4404E-4,0.001664,0.0042793,0.0092533,0.016824,0.025719,0.030529,0.033059,0.034819
1000.0,2.0471E-5,8.955E-5,3.2938E-4,0.0010186,0.0026488,0.0057913,0.010647,0.016457,0.019665,0.021389,0.022628
1200.0,1.2342E-5,5.4481E-5,2.0221E-4,6.3105E-4,0.0016559,0.0036533,0.0067773,0.010571,0.012701,0.013864,0.014721
1500.0,5.9079E-6,2.6369E-5,9.8963E-5,3.1228E-4,8.2856E-4,0.0018484,0.0034673,0.0054685,0.0066139,0.007252,0.0077341
SA0P5
r\m,4.0,4.5,5.0,5.5,6.0,6.5,7.0,7.5,7.8,8.0,8.2
0.0,0.025217,0.077819,0.20101,0.4346,0.7865,1.1914,1.5105,1.6068,1.6068,1.6068,1.6068
1.0,0.024652,0.076169,0.19699,0.42642,0.77263,1.1718,1.4875,1.5839,1.5839,1.5839,1.5839
5.0,0.015981,0.050536,0.13376,0.29634,0.54954,0.85298,1.1082,1.2052,1.2052,1.2052,1.2052
10.0,0.0075125,0.024733,0.068158,0.15721,0.30353,0.49052,0.66351,0.75123,0.75385,0.75385,0.75385
15.0,0.0039336,0.013405,0.038236,0.091288,0.18243,0.30516,0.42725,0.5007,0.50758,0.50758,0.50758
20.0,0.0023345,0.0081791,0.023986,0.058876,0.12097,0.20803,0.29945,0.3608,0.37047,0.37047,0.37047
25.0,0.0015207,0.0054502,0.01635,0.041056,0.086291,0.15181,0.22354,0.27553,0.28679,0.28679,0.28679
30.0,0.0010595,0.0038706,0.011835,0.030292,0.064895,0.11637,0.17466,0.21943,0.23103,0.23171,0.23171
40.0,5.9031E-4,0.0022239,0.0070128,0.01851,0.040894,0.075622,0.11705,0.15165,0.16264,0.16445,0.16445
50.0,3.7147E-4,0.0014338,0.0046322,0.012526,0.028353,0.053718,0.085187,0.11307,0.12305,0.12563,0.12563
60.0,2.5645E-4,0.0010095,0.0033261,0.0091731,0.021175,0.040915,0.066173,0.08958,0.098638,0.1015,0.10187
70.0,2.5322E-4,0.0010067,0.00335,0.0093308,0.021754,0.042451,0.06934,0.094801,0.10501,0.10849,0.1091
80.0,2.5005E-4,0.0010027,0.0033654,0.0094547,0.022233,0.043761,0.072097,0.099421,0.1107,0.11476,0.11563
90.0,2.4693E-4,9.9772E-4,0.0033743,0.009552,0.022633,0.044888,0.074518,0.10354,0.11581,0.12043,0.12171
100.0,2.4385E-4,9.9202E-4,0.0033779,0.0096276,0.022968,0.045864,0.076657,0.10724,0.12044,0.12558,0.12727
110.0,2.4082E-4,9.8575E-4,0.0033773,0.0096854,0.023249,0.046711,0.078556,0.11058,0.12465,0.13029,0.13236
120.0,2.3761E-4,9.7808E-4,0.0033699,0.0097187,0.02346,0.047402,0.080166,0.11348,0.12835,0.13446,0.13691
130.0,2.2361E-4,9.2482E-4,0.0032017,0.0092775,0.022502,0.045683,0.077629,0.11042,0.12524,0.13146,0.13411
140.0,2.1118E-4,8.7729E-4,0.0030506,0.0088787,0.02163,0.044107,0.075283,0.10755,0.12232,0.12861,0.13144
150.0,2.0006E-4,8.3453E-4,0.0029138,0.0085156,0.020831,0.042653,0.0731,0.10486,0.11956,0.12591,0.12889
175.0,1.7671E-4,7.4391E-4,0.0026214,0.0077317,0.019088,0.039445,0.068226,0.098776,0.11324,0.1197,0.12298
200.0,1.5804E-4,6.7064E-4,0.0023821,0.0070821,0.017624,0.03671,0.064004,0.093405,0.10759,0.11409,0.1176
250.0,1.2982E-4,5.5829E-4,0.0020096,0.0060547,0.015269,0.032231,0.056948,0.084221,0.097791,0.10426,0.10803
300.0,1.0932E-4,4.7526E-4,0.0017294,0.0052676,0.01343,0.028658,0.051189,0.076532,0.089444,0.095773,0.099672
350.0,9.3641E-5,4.1086E-4,0.0015089,0.0046385,0.011935,0.025704,0.046337,0.069917,0.082166,0.088304,0.092238
400.0,8.1224E-5,3.5923E-4,0.0013299,0.0041207,0.010688,0.023202,0.042161,0.064125,0.075721,0.081638,0.085546
450.0,7.1131E-5,3.1681E-4,0.0011811,0.0036856,0.0096265,0.021046,0.038513,0.05899,0.069952,0.07563,0.079474
500.0,6.2764E-5,2.8131E-4,0.0010554,0.003314,0.0087106,0.019164,0.035289,0.054394,0.064746,0.070177,0.07393
600.0,4.9718E-5,2.2528E-4,8.544E-4,0.0027123,0.0072071,0.016029,0.029841,0.046499,0.055711,0.060648,0.06417
700.0,4.0065E-5,1.8322E-4,7.013E-4,0.0022469,0.0060255,0.013525,0.025412,0.039964,0.048146,0.052607,0.055867
800.0,3.2693E-5,1.507E-4,5.8146E-4,0.0018778,0.0050762,0.011486,0.021752,0.034483,0.041742,0.045754,0.048745
1000.0,2.2358E-5,1.0445E-4,4.0839E-4,0.0013366,0.0036616,0.0083959,0.016114,0.025887,0.031589,0.03481,0.037284
1200.0,1.5673E-5,7.4017E-5,2.9258E-4,9.6808E-4,0.0026811,0.006215,0.012059,0.019585,0.024055,0.026624,0.028641
1500.0,9.4839E-6,4.539E-5,1.8184E-4,6.0973E-4,0.0017113,0.0040203,0.0079056,0.013012,0.01611,0.017926,0.019387
SA0P75
r\m,4.0,4.5,5.0,5.5,6.0,6.5,7.0,7.5,7.8,8.0,8.2
0.0,0.011792,0.038779,0.10644,0.24388,0.46637,0.74442,0.99178,1.1029,1.1029,1.1029,1.1029
1.0,0.01151,0.037902,0.10418,0.239,0.45766,0.73148,0.97585,1.0866,1.0866,1.0866,1.0866
5.0,0.0072967,0.02464,0.069448,0.16338,0.32082,0.52583,0.71935,0.8214,0.82539,0.82539,0.82539
10.0,0.0033744,0.011889,0.034966,0.085832,0.17586,0.30075,0.42931,0.5115,0.52155,0.52155,0.52155
15.0,0.0017645,0.0064432,0.019638,0.049957,0.10608,0.188,0.27811,0.3434,0.35733,0.35733,0.35733
20.0,0.0010512,0.0039494,0.012385,0.032417,0.070821,0.12914,0.19656,0.24972,0.26433,0.26552,0.26552
25.0,6.8847E-4,0.0026474,0.0084972,0.022764,0.050902,0.095004,0.148,0.19244,0.20657,0.20887,0.20887
30.0,4.825E-4,0.0018919,0.0061919,0.016915,0.038568,0.073401,0.1166,0.1546,0.1679,0.17109,0.17109
40.0,2.7199E-4,0.0011005,0.0037166,0.010476,0.024649,0.048407,0.079347,0.10856,0.12014,0.12397,0.12458
50.0,1.7309E-4,7.1784E-4,0.0024848,0.0071794,0.017314,0.034852,0.058555,0.082116,0.09223,0.096118,0.097316
60.0,1.2063E-4,5.1038E-4,0.0018024,0.0053126,0.013071,0.026841,0.046006,0.06582,0.074818,0.078598,0.080215
70.0,1.1979E-4,5.1116E-4,0.0018206,0.0054125,0.013431,0.027817,0.048089,0.069389,0.079281,0.083572,0.085584
80.0,1.1897E-4,5.1147E-4,0.0018353,0.0054968,0.013741,0.028673,0.049938,0.072595,0.083314,0.088084,0.090473
90.0,1.1819E-4,5.1143E-4,0.0018472,0.005569,0.014013,0.029433,0.051599,0.075502,0.086993,0.092215,0.094965
100.0,1.1742E-4,5.1111E-4,0.001857,0.0056312,0.014254,0.030114,0.053103,0.078162,0.090375,0.096025,0.099121
110.0,1.1667E-4,5.1056E-4,0.0018648,0.0056853,0.014467,0.030728,0.054476,0.080609,0.093503,0.09956,0.10299
120.0,1.1582E-4,5.0929E-4,0.0018693,0.0057267,0.014644,0.031255,0.05568,0.082793,0.096317,0.10276,0.1065
130.0,1.0861E-4,4.8005E-4,0.001771,0.0054535,0.014017,0.03007,0.053844,0.080476,0.093909,0.10039,0.10427
140.0,1.0229E-4,4.5428E-4,0.0016839,0.00521,0.013455,0.029001,0.052178,0.078356,0.091696,0.098214,0.1022
150.0,9.6706E-5,4.3137E-4,0.0016061,0.0049912,0.012947,0.02803,0.050654,0.076404,0.089649,0.096192,0.10027
175.0,8.5176E-5,3.8371E-4,0.0014428,0.0045284,0.011863,0.025938,0.047339,0.072113,0.085118,0.091691,0.095957
200.0,7.6167E-5,3.4608E-4,0.0013125,0.0041547,0.010978,0.024209,0.044563,0.068469,0.081232,0.087806,0.092206
250.0,6.2908E-5,2.8995E-4,0.0011155,0.003582,0.0096007,0.021478,0.040106,0.062508,0.0748,0.081317,0.085882
300.0,5.3543E-5,2.4969E-4,9.719E-4,0.0031576,0.0085628,0.019382,0.036617,0.057742,0.069583,0.076,0.080644
350.0,4.6528E-5,2.1914E-4,8.6145E-4,0.0028266,0.0077413,0.017696,0.033765,0.053774,0.065188,0.071482,0.07615
400.0,4.1052E-5,1.9501E-4,7.732E-4,0.0025589,0.0070684,0.016297,0.031363,0.050378,0.061386,0.067544,0.072202
450.0,3.6644E-5,1.7539E-4,7.0068E-4,0.0023365,0.006503,0.015107,0.029294,0.047412,0.058034,0.064049,0.068673
500.0,3.301E-5,1.5907E-4,6.3979E-4,0.0021479,0.0060187,0.014077,0.027482,0.04478,0.055035,0.060904,0.065479
600.0,2.7355E-5,1.3337E-4,5.4274E-4,0.0018435,0.0052266,0.012368,0.02443,0.040276,0.049849,0.055424,0.059866
700.0,2.3145E-5,1.1396E-4,4.6839E-4,0.0016068,0.0046008,0.010996,0.021934,0.036521,0.045471,0.050756,0.055042
800.0,1.9883E-5,9.8747E-5,4.0934E-4,0.0014163,0.0040902,0.0098596,0.019837,0.033314,0.041692,0.046698,0.050814
1000.0,1.5157E-5,7.6362E-5,3.2111E-4,0.0011271,0.0033019,0.0080742,0.01648,0.028075,0.035437,0.039921,0.043689
1200.0,1.1906E-5,6.0691E-5,2.5822E-4,9.1701E-4,0.0027182,0.006725,0.013888,0.023938,0.030429,0.03444,0.037868
1500.0,8.6025E-6,4.4484E-5,1.92E-4,6.917E-4,0.0020799,0.0052204,0.010936,0.019123,0.024518,0.02791,0.030865
SA1P0
r\m,4.0,4.5,5.0,5.5,6.0,6.5,7.0,7.5,7.8,8.0,8.2
0.0,0.0066863,0.022707,0.06446,0.15295,0.30336,0.50292,0.69692,0.80725,0.81421,0.81421,0.81421
1.0,0.0065224,0.022181,0.063054,0.14982,0.29756,0.49399,0.6855,0.79512,0.80241,0.80241,0.80241
5.0,0.0041002,0.014309,0.041741,0.10178,0.20743,0.35338,0.50321,0.59897,0.61075,0.61075,0.61075
10.0,0.0018871,0.0068765,0.020944,0.053323,0.11347,0.20184,0.30011,0.37298,0.3899,0.39007,0.39007
15.0,9.8792E-4,0.0037318,0.011783,0.031097,0.068602,0.1265,0.19498,0.2512,0.26833,0.27052,0.27052
20.0,5.9018E-4,0.0022941,0.0074538,0.020243,0.045955,0.0872,0.13831,0.18336,0.19926,0.2032,0.2032
25.0,3.8771E-4,0.0015426,0.0051305,0.014263,0.033142,0.064372,0.10451,0.14183,0.1563,0.16088,0.16147
30.0,2.7254E-4,0.0011058,0.0037503,0.010632,0.025193,0.049898,0.082611,0.11432,0.12747,0.13224,0.13331
40.0,1.5449E-4,6.4687E-4,0.002264,0.0066231,0.016195,0.033103,0.056555,0.080766,0.091771,0.096409,0.098418
50.0,9.8807E-5,4.2407E-4,0.0015213,0.004562,0.011435,0.023957,0.041955,0.061415,0.070826,0.075145,0.077474
60.0,6.9136E-5,3.0271E-4,0.0011079,0.0033892,0.0086663,0.018523,0.033093,0.04942,0.057681,0.061689,0.064111
70.0,6.8662E-5,3.0284E-4,0.0011164,0.0034404,0.0088617,0.01908,0.034337,0.051652,0.06055,0.064947,0.067694
80.0,6.8222E-5,3.0281E-4,0.0011234,0.0034839,0.0090308,0.019567,0.035438,0.053647,0.063128,0.067884,0.070934
90.0,6.7808E-5,3.0266E-4,0.0011292,0.0035213,0.0091791,0.02,0.036425,0.055451,0.06547,0.07056,0.073896
100.0,6.7415E-5,3.0241E-4,0.0011339,0.0035539,0.0093105,0.020388,0.037319,0.057097,0.067616,0.07302,0.076625
110.0,6.7038E-5,3.0209E-4,0.0011379,0.0035825,0.009428,0.020739,0.038134,0.05861,0.069597,0.075295,0.079156
120.0,6.6604E-5,3.0139E-4,0.00114,0.003604,0.0095243,0.021039,0.038846,0.059953,0.07137,0.077342,0.081443
130.0,6.2298E-5,2.8332E-4,0.001077,0.0034223,0.0090896,0.02018,0.037447,0.058086,0.069357,0.075311,0.079465
140.0,5.8544E-5,2.6749E-4,0.0010216,0.0032613,0.0087025,0.01941,0.036188,0.056394,0.067525,0.07346,0.077655
150.0,5.5238E-5,2.5348E-4,9.7231E-4,0.0031175,0.0083548,0.018716,0.035045,0.05485,0.065848,0.071759,0.075989
175.0,4.8463E-5,2.2456E-4,8.6977E-4,0.0028158,0.0076199,0.017236,0.032588,0.051502,0.062189,0.068035,0.072326
200.0,4.3218E-5,2.0195E-4,7.8877E-4,0.0025752,0.0070275,0.01603,0.030564,0.04871,0.059115,0.064889,0.069214
250.0,3.5584E-5,1.6863E-4,6.6795E-4,0.0022115,0.0061205,0.014159,0.027377,0.044249,0.054155,0.059781,0.064124
300.0,3.0261E-5,1.4506E-4,5.8122E-4,0.0019466,0.0054495,0.012752,0.024942,0.040778,0.050252,0.055727,0.060051
350.0,2.6315E-5,1.2737E-4,5.1534E-4,0.0017428,0.0049265,0.011641,0.02299,0.037954,0.047045,0.052374,0.056657
400.0,2.3261E-5,1.1354E-4,4.6325E-4,0.0015799,0.0045037,0.010731,0.021374,0.035583,0.044329,0.049516,0.053746
450.0,2.082E-5,1.0238E-4,4.2083E-4,0.0014459,0.0041524,0.0099678,0.020001,0.033545,0.041977,0.047028,0.051198
500.0,1.8819E-5,9.3158E-5,3.8547E-4,0.0013332,0.0038543,0.0093138,0.018813,0.031763,0.039905,0.044826,0.04893
600.0,1.5726E-5,7.8746E-5,3.296E-4,0.0011531,0.0033722,0.008243,0.016842,0.028764,0.036388,0.041063,0.045028
700.0,1.3438E-5,6.7947E-5,2.8717E-4,0.0010145,0.0029957,0.0073942,0.015255,0.026308,0.033475,0.037923,0.041747
800.0,1.1673E-5,5.9518E-5,2.5367E-4,9.0372E-4,0.0026912,0.0066986,0.013937,0.024238,0.030996,0.035233,0.038917
1000.0,9.1191E-6,4.7156E-5,2.0383E-4,7.3643E-4,0.002224,0.0056142,0.011846,0.020893,0.026946,0.030801,0.034213
1200.0,7.3576E-6,3.8487E-5,1.6828E-4,6.1502E-4,0.0018788,0.0047977,0.01024,0.01827,0.023725,0.027245,0.030403
1500.0,5.5491E-6,2.9439E-5,1.3054E-4,4.8387E-4,0.0014991,0.0038823,0.008404,0.015206,0.019915,0.022998,0.025809
SA1P5
r\m,4.0,4.5,5.0,5.5,6.0,6.5,7.0,7.5,7.8,8.0,8.2
0.0,0.0030536,0.010438,0.030077,0.073054,0.14958,0.25816,0.37559,0.46062,0.47963,0.47963,0.47963
1.0,0.0029713,0.010173,0.029362,0.071435,0.1465,0.25327,0.36908,0.45338,0.47256,0.47263,0.47263
5.0,0.0018054,0.0063693,0.018941,0.047484,0.10034,0.17874,0.26838,0.33971,0.36049,0.36271,0.36271
10.0,8.1302E-4,0.0030091,0.0093881,0.02469,0.054736,0.10229,0.16113,0.21397,0.23369,0.23951,0.24
15.0,4.2524E-4,0.0016363,0.0053079,0.014514,0.033453,0.064998,0.10646,0.14697,0.16431,0.17105,0.17326
20.0,2.5533E-4,0.0010131,0.0033885,0.0095537,0.022706,0.045488,0.07682,0.10936,0.12453,0.13123,0.13456
25.0,1.6883E-4,6.8675E-4,0.0023547,0.0068058,0.016582,0.034055,0.058958,0.086042,0.099447,0.10585,0.10962
30.0,1.1947E-4,4.9615E-4,0.0017369,0.0051254,0.01275,0.026734,0.047254,0.070408,0.082398,0.088432,0.092348
40.0,6.8562E-5,2.9438E-4,0.0010655,0.0032507,0.0083601,0.018124,0.033121,0.051022,0.060917,0.066255,0.070117
50.0,4.4329E-5,1.9538E-4,7.2588E-4,0.0022733,0.0060015,0.013356,0.025054,0.039617,0.048048,0.052808,0.056475
60.0,3.1273E-5,1.4077E-4,5.3415E-4,0.0017085,0.0046065,0.01047,0.020059,0.032395,0.039789,0.044101,0.047562
70.0,3.1158E-5,1.4103E-4,5.3807E-4,0.0017305,0.0046916,0.010722,0.020655,0.033541,0.041333,0.045913,0.049625
80.0,3.1055E-5,1.4123E-4,5.4142E-4,0.0017496,0.0047661,0.010944,0.021184,0.034564,0.042716,0.04754,0.051482
90.0,3.0961E-5,1.414E-4,5.4435E-4,0.0017665,0.0048323,0.011143,0.02166,0.03549,0.043972,0.04902,0.053174
100.0,3.0874E-5,1.4153E-4,5.4692E-4,0.0017816,0.004892,0.011323,0.022093,0.036337,0.045122,0.050379,0.054731
110.0,3.0792E-5,1.4164E-4,5.4922E-4,0.0017952,0.0049461,0.011488,0.022491,0.037118,0.046186,0.051637,0.056174
120.0,3.0684E-5,1.4159E-4,5.5075E-4,0.0018058,0.0049913,0.011629,0.02284,0.037813,0.047141,0.052771,0.05748
130.0,2.864E-5,1.3287E-4,5.1959E-4,0.0017128,0.0047594,0.011148,0.022013,0.036639,0.045823,0.051405,0.056113
140.0,2.6868E-5,1.2526E-4,4.9227E-4,0.0016308,0.004554,0.01072,0.021272,0.035581,0.044632,0.050169,0.054871
150.0,2.5314E-5,1.1856E-4,4.6809E-4,0.0015578,0.0043704,0.010335,0.020603,0.034621,0.043548,0.04904,0.053736
175.0,2.2153E-5,1.0483E-4,4.1816E-4,0.0014061,0.0039853,0.0095222,0.019178,0.03256,0.04121,0.046598,0.051271
200.0,1.9729E-5,9.4194E-5,3.791E-4,0.0012861,0.0036781,0.0088666,0.018018,0.030864,0.039273,0.044566,0.04921
250.0,1.6241E-5,7.8708E-5,3.2153E-4,0.0011072,0.0032139,0.0078639,0.01622,0.028202,0.036207,0.041334,0.045913
300.0,1.3842E-5,6.7903E-5,2.8079E-4,9.7874E-4,0.0028758,0.0071231,0.014872,0.026175,0.033851,0.038833,0.043346
350.0,1.2083E-5,5.9889E-5,2.5021E-4,8.8119E-4,0.002616,0.0065465,0.01381,0.024557,0.031956,0.036809,0.041257
400.0,1.0735E-5,5.368E-5,2.2628E-4,8.0406E-4,0.0024084,0.0060811,0.012943,0.023221,0.03038,0.03512,0.039504
450.0,9.6649E-6,4.8713E-5,2.0696E-4,7.4123E-4,0.0022378,0.0056948,0.012217,0.022091,0.029039,0.033675,0.037998
500.0,8.7942E-6,4.4638E-5,1.9099E-4,6.8885E-4,0.0020943,0.0053674,0.011596,0.021117,0.027875,0.032416,0.036681
600.0,7.4592E-6,3.8325E-5,1.6599E-4,6.0603E-4,0.0018651,0.0048385,0.010581,0.019505,0.025937,0.03031,0.034465
700.0,6.4803E-6,3.364E-5,1.4721E-4,5.4302E-4,0.0016885,0.0044257,0.0097786,0.018213,0.024368,0.028594,0.032648
800.0,5.7295E-6,3.0009E-5,1.325E-4,4.9313E-4,0.0015471,0.0040915,0.0091211,0.01714,0.023056,0.027152,0.031112
1000.0,4.6493E-6,2.4718E-5,1.1077E-4,4.1847E-4,0.0013326,0.0035771,0.0080942,0.015439,0.020955,0.024824,0.028615
1200.0,3.9055E-6,2.1018E-5,9.5349E-5,3.6462E-4,0.0011754,0.0031938,0.0073155,0.014125,0.019312,0.02299,0.026631
1500.0,3.1383E-6,1.7143E-5,7.8942E-5,3.0642E-4,0.0010026,0.0027654,0.0064295,0.012601,0.017383,0.020818,0.024259
SA2P0
r\m,4.0,4.5,5.0,5.5,6.0,6.5,7.0,7.5,7.8,8.0,8.2
0.0,0.0017891,0.0060832,0.017543,0.042911,0.08902,0.15663,0.23375,0.29587,0.31489,0.31762,0.31762
1.0,0.001738,0.0059205,0.017106,0.041918,0.087122,0.15358,0.22962,0.29117,0.31024,0.31316,0.31316
5.0,0.0010327,0.0036368,0.010863,0.027522,0.059137,0.10777,0.16659,0.2184,0.23739,0.24284,0.24319
10.0,4.5697E-4,0.0016955,0.0053355,0.014241,0.032236,0.061893,0.10079,0.1392,0.15612,0.16306,0.16589
15.0,2.3766E-4,9.1942E-4,0.0030168,0.0083956,0.019816,0.039671,0.067359,0.097003,0.11155,0.11848,0.12257
20.0,1.4246E-4,5.6945E-4,0.0019306,0.0055515,0.013539,0.028006,0.049135,0.073112,0.085747,0.092271,0.096709
25.0,9.4168E-5,3.8651E-4,0.0013456,0.0039729,0.0099492,0.021132,0.038069,0.058165,0.069309,0.075376,0.079842
30.0,6.6651E-5,2.7968E-4,9.954E-4,0.0030047,0.0076927,0.016704,0.030764,0.048055,0.058025,0.063665,0.068036
40.0,3.8292E-5,1.6648E-4,6.1387E-4,0.0019199,0.0050925,0.011457,0.021861,0.035379,0.043638,0.048562,0.052637
50.0,2.4791E-5,1.1082E-4,4.2015E-4,0.001351,0.0036846,0.0085231,0.016721,0.027824,0.034896,0.039268,0.043039
60.0,1.7502E-5,8.0007E-5,3.1019E-4,0.00102,0.0028449,0.0067295,0.013501,0.022974,0.029203,0.033157,0.036668
70.0,1.7419E-5,7.9968E-5,3.1137E-4,0.0010283,0.0028802,0.0068425,0.013787,0.023561,0.030026,0.03415,0.037831
80.0,1.7347E-5,7.9932E-5,3.124E-4,0.0010355,0.0029113,0.0069419,0.014039,0.024082,0.030758,0.035035,0.038869
90.0,1.7283E-5,7.99E-5,3.133E-4,0.0010419,0.0029389,0.0070309,0.014266,0.024551,0.03142,0.035836,0.039809
100.0,1.7225E-5,7.987E-5,3.141E-4,0.0010477,0.0029638,0.0071114,0.014472,0.024979,0.032024,0.036568,0.04067
110.0,1.7173E-5,7.9841E-5,3.1483E-4,0.0010529,0.0029866,0.007185,0.014661,0.025372,0.03258,0.037242,0.041465
120.0,1.7108E-5,7.9736E-5,3.1519E-4,0.0010567,0.0030049,0.0072473,0.014825,0.02572,0.033075,0.037846,0.042179
130.0,1.5892E-5,7.4512E-5,2.963E-4,9.9937E-4,0.0028588,0.0069361,0.014273,0.024911,0.03215,0.036875,0.041195
140.0,1.4843E-5,6.9979E-5,2.7982E-4,9.49E-4,0.0027298,0.0066597,0.01378,0.024184,0.031316,0.035998,0.040304
150.0,1.3928E-5,6.6005E-5,2.6529E-4,9.0437E-4,0.0026148,0.0064122,0.013337,0.023526,0.030558,0.0352,0.039491
175.0,1.2082E-5,5.7919E-5,2.3549E-4,8.1205E-4,0.002375,0.0058916,0.012396,0.022119,0.02893,0.033477,0.037732
200.0,1.0681E-5,5.1715E-5,2.1237E-4,7.3967E-4,0.002185,0.0054746,0.011634,0.020967,0.027588,0.032052,0.03627
250.0,8.6915E-6,4.2789E-5,1.7867E-4,6.3274E-4,0.0019006,0.0048418,0.010462,0.019172,0.025479,0.0298,0.033947
300.0,7.3431E-6,3.6647E-5,1.5512E-4,5.5687E-4,0.0016956,0.0043789,0.0095912,0.017818,0.023873,0.028075,0.032157
350.0,6.3669E-6,3.2143E-5,1.3763E-4,4.9981E-4,0.0015395,0.0040217,0.008911,0.016746,0.022593,0.026691,0.030713
400.0,5.6263E-6,2.8689E-5,1.2407E-4,4.5509E-4,0.0014158,0.0037357,0.0083601,0.015868,0.021537,0.025546,0.029513
450.0,5.0445E-6,2.5949E-5,1.1321E-4,4.1894E-4,0.0013148,0.0035,0.007902,0.015131,0.020645,0.024574,0.02849
500.0,4.5749E-6,2.3719E-5,1.043E-4,3.8902E-4,0.0012306,0.0033016,0.0075129,0.0145,0.019878,0.023735,0.027604
600.0,3.8625E-6,2.0301E-5,9.0494E-5,3.4214E-4,0.0010971,0.0029839,0.0068832,0.013467,0.018613,0.022346,0.026131
700.0,3.3468E-6,1.7794E-5,8.0238E-5,3.0688E-4,9.9546E-4,0.0027388,0.0063908,0.012648,0.017603,0.021231,0.024942
800.0,2.9555E-6,1.5871E-5,7.2286E-5,2.7924E-4,9.1488E-4,0.0025423,0.0059919,0.011978,0.016769,0.020307,0.023951
1000.0,2.4001E-6,1.3105E-5,6.0691E-5,2.3839E-4,7.9418E-4,0.002244,0.0053777,0.010931,0.015457,0.018844,0.022374
1200.0,2.0234E-6,1.12E-5,5.2581E-5,2.0937E-4,7.0707E-4,0.0020253,0.0049202,0.010138,0.014455,0.017717,0.021152
1500.0,1.6406E-6,9.2339E-6,4.408E-5,1.7847E-4,6.1289E-4,0.0017851,0.0044097,0.009239,0.013305,0.016418,0.019732
SA3P0
r\m,4.0,4.5,5.0,5.5,6.0,6.5,7.0,7.5,7.8,8.0,8.2
0.0,8.5899E-4,0.0028728,0.008272,0.020507,0.043769,0.080431,0.12725,0.17333,0.19418,0.20328,0.20776
1.0,8.3205E-4,0.0027887,0.0080468,0.019991,0.04276,0.078744,0.12485,0.17042,0.19117,0.20029,0.20488
5.0,4.7545E-4,0.0016543,0.0049558,0.012782,0.028383,0.054262,0.089316,0.12657,0.14521,0.15443,0.16036
10.0,2.0416E-4,7.5171E-4,0.002383,0.0065038,0.015283,0.030919,0.053855,0.080763,0.095851,0.10428,0.11076
15.0,1.0505E-4,4.0437E-4,0.0013402,0.0038241,0.0093945,0.019871,0.036185,0.056732,0.069152,0.07658,0.082799
20.0,6.2697E-5,2.4983E-4,8.571E-4,0.0025316,0.006438,0.014096,0.026571,0.043123,0.053665,0.060256,0.066056
25.0,4.1364E-5,1.6948E-4,5.9784E-4,0.0018157,0.0047478,0.010688,0.020717,0.034572,0.043747,0.04967,0.055061
30.0,2.925E-5,1.2266E-4,4.4283E-4,0.0013765,0.0036837,0.0084877,0.016837,0.028757,0.036899,0.042286,0.047312
40.0,1.6794E-5,7.309E-5,2.7387E-4,8.8349E-4,0.0024539,0.0058679,0.012081,0.021414,0.028096,0.03268,0.037111
50.0,1.0873E-5,4.8719E-5,1.8794E-4,6.242E-4,0.0017849,0.0043942,0.009314,0.016997,0.022694,0.026705,0.030682
60.0,7.6721E-6,3.519E-5,1.3896E-4,4.7247E-4,0.001383,0.0034855,0.0075629,0.014128,0.019131,0.022724,0.026353
70.0,7.6462E-6,3.5157E-5,1.3917E-4,4.7433E-4,0.0013918,0.0035163,0.0076484,0.014323,0.019422,0.023093,0.026807
80.0,7.624E-6,3.5129E-5,1.3936E-4,4.7596E-4,0.0013996,0.0035434,0.0077235,0.014494,0.01968,0.023419,0.027208
90.0,7.6046E-6,3.5105E-5,1.3952E-4,4.7741E-4,0.0014065,0.0035675,0.0077906,0.014648,0.01991,0.023711,0.027568
100.0,7.5873E-6,3.5084E-5,1.3967E-4,4.7873E-4,0.0014127,0.0035893,0.0078513,0.014786,0.020119,0.023975,0.027895
110.0,7.5719E-6,3.5065E-5,1.3981E-4,4.7993E-4,0.0014184,0.0036092,0.0079068,0.014914,0.02031,0.024218,0.028194
120.0,7.5501E-6,3.5015E-5,1.3981E-4,4.8064E-4,0.0014226,0.003625,0.0079531,0.015022,0.020477,0.024431,0.028458
130.0,6.967E-6,3.2524E-5,1.3072E-4,4.5236E-4,0.0013477,0.003457,0.0076345,0.014516,0.019865,0.023763,0.027753
140.0,6.4673E-6,3.0376E-5,1.2284E-4,4.2767E-4,0.0012819,0.0033084,0.007351,0.014062,0.019314,0.023161,0.027116
150.0,6.0343E-6,2.8504E-5,1.1592E-4,4.0589E-4,0.0012236,0.0031758,0.0070965,0.013653,0.018816,0.022614,0.026537
175.0,5.1688E-6,2.4727E-5,1.0185E-4,3.6116E-4,0.0011027,0.0028984,0.0065595,0.012781,0.017749,0.02144,0.025287
200.0,4.5202E-6,2.1863E-5,9.1046E-5,3.2643E-4,0.0010076,0.0026779,0.0061275,0.012071,0.016874,0.020474,0.024253
250.0,3.6131E-6,1.78E-5,7.55E-5,2.7571E-4,8.6686E-4,0.0023465,0.0054687,0.010973,0.015509,0.018957,0.022622
300.0,3.0092E-6,1.5049E-5,6.4798E-5,2.4021E-4,7.6667E-4,0.0021067,0.0049842,0.010152,0.014479,0.017804,0.021374
350.0,2.5784E-6,1.3059E-5,5.6949E-5,2.1381E-4,6.9114E-4,0.0019234,0.0046087,0.0095074,0.013663,0.016886,0.020376
400.0,2.2556E-6,1.1551E-5,5.0928E-5,1.9332E-4,6.3182E-4,0.0017778,0.0043069,0.008983,0.012995,0.016131,0.019551
450.0,2.0048E-6,1.0367E-5,4.6153E-5,1.769E-4,5.838E-4,0.0016587,0.0040575,0.0085455,0.012434,0.015495,0.018853
500.0,1.8044E-6,9.4116E-6,4.2266E-5,1.6342E-4,5.4399E-4,0.0015591,0.0038471,0.0081729,0.011954,0.014949,0.018251
600.0,1.504E-6,7.9637E-6,3.6305E-5,1.425E-4,4.8152E-4,0.0014009,0.0035092,0.0075679,0.011169,0.014052,0.017259
700.0,1.2898E-6,6.9167E-6,3.1935E-5,1.2694E-4,4.3446E-4,0.0012802,0.0032476,0.0070933,0.010549,0.013339,0.016467
800.0,1.1293E-6,6.123E-6,2.8583E-5,1.1488E-4,3.9751E-4,0.0011843,0.0030376,0.006708,0.010042,0.012754,0.015814
1000.0,9.0494E-7,4.9976E-6,2.3763E-5,9.7277E-5,3.4285E-4,0.0010404,0.002718,0.0061137,0.0092539,0.01184,0.014789
1200.0,7.5551E-7,4.2356E-6,2.0445E-5,8.4961E-5,3.0398E-4,9.364E-4,0.0024835,0.0056707,0.0086612,0.011148,0.014009
1500.0,6.0631E-7,3.4623E-6,1.7022E-5,7.2055E-5,2.626E-4,8.2394E-4,0.0022258,0.0051768,0.0079946,0.010366,0.013123
SA4P0
r\m,4.0,4.5,5.0,5.5,6.0,6.5,7.0,7.5,7.8,8.0,8.2
0.0,4.7598E-4,0.0015862,0.004609,0.011677,0.025792,0.049672,0.083408,0.12211,0.14372,0.15588,0.1654
1.0,4.6147E-4,0.0015411,0.0044871,0.011391,0.025214,0.04866,0.081878,0.12012,0.14155,0.15366,0.16317
5.0,2.6708E-4,9.2517E-4,0.0027943,0.0073583,0.016895,0.033821,0.059032,0.089836,0.10822,0.1192,0.12845
10.0,1.1603E-4,4.2501E-4,0.0013573,0.0037796,0.0091761,0.019424,0.035849,0.057688,0.071857,0.080938,0.089188
15.0,6.0049E-5,2.2987E-4,7.6722E-4,0.0022327,0.0056648,0.012532,0.024172,0.04065,0.051992,0.059605,0.066849
20.0,3.5962E-5,1.4247E-4,4.9212E-4,0.0014821,0.0038917,0.0089098,0.017785,0.030954,0.040414,0.046972,0.053409
25.0,2.378E-5,9.6851E-5,3.4393E-4,0.0010648,0.0028746,0.0067659,0.013885,0.024844,0.032979,0.038757,0.04456
30.0,1.6843E-5,7.0199E-5,2.551E-4,8.0827E-4,0.0022329,0.0053782,0.011295,0.020681,0.027836,0.033016,0.038311
40.0,9.6917E-6,4.1915E-5,1.5805E-4,5.1963E-4,0.0014895,0.0037228,0.0081125,0.015413,0.021211,0.025533,0.030069
50.0,6.2833E-6,2.7973E-5,1.0858E-4,3.6747E-4,0.0010843,0.0027897,0.0062578,0.012239,0.017138,0.020871,0.024864
60.0,4.438E-6,2.0223E-5,8.0348E-5,2.7833E-4,8.4065E-4,0.0022138,0.0050829,0.010175,0.014449,0.017761,0.021357
70.0,4.4202E-6,2.0193E-5,8.043E-5,2.7932E-4,8.4575E-4,0.0022328,0.0051395,0.010315,0.014669,0.018049,0.021726
80.0,4.4043E-6,2.0164E-5,8.049E-5,2.8014E-4,8.5009E-4,0.0022491,0.0051884,0.010436,0.01486,0.018301,0.022048
90.0,4.3897E-6,2.0136E-5,8.0534E-5,2.8083E-4,8.5384E-4,0.0022634,0.0052315,0.010542,0.01503,0.018524,0.022334
100.0,4.3763E-6,2.0109E-5,8.0565E-5,2.8143E-4,8.5712E-4,0.0022761,0.0052698,0.010638,0.015182,0.018724,0.022591
110.0,4.3637E-6,2.0083E-5,8.0586E-5,2.8194E-4,8.6003E-4,0.0022874,0.0053042,0.010724,0.015319,0.018905,0.022824
120.0,4.3473E-6,2.0037E-5,8.0521E-5,2.8213E-4,8.619E-4,0.0022957,0.0053316,0.010796,0.015435,0.019059,0.023024
130.0,4.005E-6,1.8568E-5,7.506E-5,2.6455E-4,8.1295E-4,0.0021781,0.0050883,0.010364,0.01487,0.018405,0.022286
140.0,3.7119E-6,1.7303E-5,7.0328E-5,2.4922E-4,7.7004E-4,0.0020744,0.0048725,0.0099786,0.014364,0.017817,0.021622
150.0,3.458E-6,1.6202E-5,6.6186E-5,2.3574E-4,7.3208E-4,0.0019822,0.0046795,0.0096321,0.013908,0.017286,0.02102
175.0,2.9508E-6,1.3983E-5,5.7774E-5,2.0812E-4,6.5369E-4,0.0017901,0.0042743,0.0088983,0.012936,0.016151,0.019729
200.0,2.5711E-6,1.2304E-5,5.1338E-5,1.8676E-4,5.9239E-4,0.0016383,0.0039504,0.0083051,0.012145,0.015224,0.018669
250.0,2.0406E-6,9.9271E-6,4.2106E-5,1.5572E-4,5.021E-4,0.0014116,0.00346,0.0073947,0.010921,0.013779,0.017009
300.0,1.688E-6,8.3225E-6,3.5777E-5,1.341E-4,4.3823E-4,0.0012487,0.0031021,0.0067192,0.010003,0.01269,0.015748
350.0,1.4367E-6,7.1644E-6,3.115E-5,1.1809E-4,3.9032E-4,0.0011248,0.0028263,0.0061918,0.0092811,0.011827,0.014745
400.0,1.2486E-6,6.2882E-6,2.7611E-5,1.057E-4,3.5283E-4,0.0010269,0.0026056,0.0057647,0.0086921,0.01112,0.013918
450.0,1.1027E-6,5.6015E-6,2.481E-5,9.5808E-5,3.2258E-4,9.47E-4,0.0024239,0.0054094,0.0081989,0.010526,0.01322
500.0,9.8611E-7,5.0484E-6,2.2534E-5,8.7697E-5,2.9758E-4,8.8039E-4,0.002271,0.0051076,0.0077775,0.010016,0.012618
600.0,8.1169E-7,4.2116E-6,1.9053E-5,7.5152E-5,2.5845E-4,7.7497E-4,0.0020261,0.0046184,0.0070894,0.0091787,0.011626
700.0,6.8748E-7,3.6078E-6,1.6508E-5,6.5856E-5,2.2907E-4,6.9471E-4,0.001837,0.0042351,0.0065455,0.0085131,0.010832
800.0,5.9458E-7,3.1511E-6,1.4561E-5,5.8662E-5,2.0606E-4,6.3111E-4,0.0016853,0.0039238,0.0061002,0.0079653,0.010175
1000.0,4.65E-7,2.5052E-6,1.1768E-5,4.8196E-5,1.721E-4,5.3584E-4,0.0014546,0.0034427,0.0054054,0.0071045,0.0091352
1200.0,3.7898E-7,2.0694E-6,9.852E-6,4.0896E-5,1.4801E-4,4.6705E-4,0.001285,0.0030826,0.004879,0.0064473,0.0083348
1500.0,2.9343E-7,1.6288E-6,7.8832E-6,3.3266E-5,1.2239E-4,3.9263E-4,0.0010982,0.002678,0.0042808,0.0056941,0.0074097
SA5P0
r\m,4.0,4.5,5.0,5.5,6.0,6.5,7.0,7.5,7.8,8.0,8.2
0.0,2.8569E-4,9.747E-4,0.002918,0.0076658,0.017671,0.035744,0.063445,0.098816,0.12107,0.13505,0.14753
1.0,2.772E-4,9.4761E-4,0.0028425,0.0074819,0.017281,0.035024,0.062287,0.097202,0.11923,0.1331,0.14552
5.0,1.6225E-4,5.7422E-4,0.0017833,0.0048598,0.011621,0.024385,0.044898,0.07254,0.090855,0.10284,0.114
10.0,7.1181E-5,2.6573E-4,8.7052E-4,0.0025023,0.0063119,0.01397,0.027133,0.046242,0.059802,0.069154,0.078313
15.0,3.7001E-5,1.4411E-4,4.9252E-4,0.0014771,0.003887,0.0089756,0.018187,0.032337,0.042896,0.050452,0.05811
20.0,2.2211E-5,8.9413E-5,3.1585E-4,9.7903E-4,0.0026629,0.0063556,0.013311,0.024461,0.033098,0.039446,0.046038
25.0,1.4707E-5,6.0807E-5,2.206E-4,7.0228E-4,0.0019618,0.0048088,0.010343,0.019522,0.026841,0.032332,0.03814
30.0,1.0427E-5,4.4078E-5,1.6351E-4,5.3223E-4,0.0015202,0.0038101,0.0083796,0.016171,0.022533,0.027385,0.032593
40.0,6.0062E-6,2.6312E-5,1.0115E-4,3.4118E-4,0.0010099,0.0026229,0.0059778,0.011955,0.017018,0.020979,0.025327
50.0,3.8958E-6,1.755E-5,6.9376E-5,2.4065E-4,7.3247E-4,0.0019563,0.004585,0.0094293,0.013649,0.017016,0.020774
60.0,2.7526E-6,1.2682E-5,5.127E-5,1.8188E-4,5.6619E-4,0.0015466,0.003707,0.0077968,0.01144,0.01439,0.017726
70.0,2.7386E-6,1.2651E-5,5.1284E-5,1.8242E-4,5.6939E-4,0.0015595,0.003748,0.0079042,0.011616,0.014627,0.018038
80.0,2.7257E-6,1.2621E-5,5.1282E-5,1.8284E-4,5.7202E-4,0.0015703,0.0037829,0.0079963,0.011768,0.014832,0.018308
90.0,2.7138E-6,1.2592E-5,5.1267E-5,1.8316E-4,5.7421E-4,0.0015796,0.003813,0.0080767,0.0119,0.015012,0.018545
100.0,2.7026E-6,1.2563E-5,5.1243E-5,1.8341E-4,5.7606E-4,0.0015876,0.0038394,0.0081475,0.012018,0.015171,0.018756
110.0,2.6919E-6,1.2534E-5,5.1211E-5,1.8361E-4,5.7762E-4,0.0015946,0.0038627,0.0082105,0.012123,0.015314,0.018945
120.0,2.6787E-6,1.2492E-5,5.1121E-5,1.8357E-4,5.7843E-4,0.0015993,0.0038803,0.008261,0.012209,0.015433,0.019104
130.0,2.4614E-6,1.1542E-5,4.7492E-5,1.7148E-4,5.433E-4,0.0015105,0.0036848,0.0078881,0.011697,0.014817,0.018382
140.0,2.2755E-6,1.0725E-5,4.4355E-5,1.6097E-4,5.1259E-4,0.0014323,0.0035121,0.0075565,0.011239,0.014267,0.017735
150.0,2.1148E-6,1.0015E-5,4.1614E-5,1.5174E-4,4.8549E-4,0.001363,0.003358,0.0072593,0.010828,0.013771,0.017151
175.0,1.7944E-6,8.5879E-6,3.6065E-5,1.329E-4,4.2975E-4,0.0012194,0.003036,0.006633,0.0099566,0.012716,0.015905
200.0,1.5553E-6,7.5119E-6,3.1837E-5,1.184E-4,3.8638E-4,0.0011064,0.0027802,0.0061299,0.0092522,0.01186,0.014888
250.0,1.2225E-6,5.9955E-6,2.5802E-5,9.744E-5,3.2289E-4,9.3889E-4,0.0023956,0.0053636,0.0081703,0.010537,0.013309
300.0,1.0022E-6,4.9771E-6,2.1689E-5,8.2939E-5,2.783E-4,8.1943E-4,0.0021171,0.0047999,0.0073667,0.0095488,0.012121
350.0,8.4583E-7,4.2453E-6,1.8697E-5,7.2259E-5,2.4504E-4,7.2919E-4,0.001904,0.0043626,0.0067383,0.0087714,0.011182
400.0,7.2924E-7,3.6939E-6,1.6418E-5,6.4036E-5,2.1916E-4,6.5817E-4,0.0017344,0.0040106,0.0062288,0.008138,0.010412
450.0,6.3902E-7,3.2632E-6,1.4622E-5,5.7492E-5,1.9836E-4,6.0055E-4,0.0015954,0.0037192,0.0058043,0.007608,0.0097657
500.0,5.6719E-7,2.9174E-6,1.3168E-5,5.215E-5,1.8124E-4,5.5269E-4,0.001479,0.0034727,0.0054432,0.0071553,0.0092113
600.0,4.6015E-7,2.3967E-6,1.0954E-5,4.3928E-5,1.5459E-4,4.7736E-4,0.0012935,0.0030755,0.0048569,0.0064167,0.0083019
700.0,3.8433E-7,2.0231E-6,9.3446E-6,3.7874E-5,1.347E-4,4.2038E-4,0.0011512,0.0027664,0.0043966,0.0058332,0.007579
800.0,3.2792E-7,1.742E-6,8.1205E-6,3.3217E-5,1.1923E-4,3.7551E-4,0.0010378,0.0025168,0.0040221,0.0053559,0.0069845
1000.0,2.4979E-7,1.3475E-6,6.3785E-6,2.6494E-5,9.6564E-5,3.0884E-4,8.6672E-4,0.0021344,0.0034425,0.0046122,0.0060517
1200.0,1.9845E-7,1.084E-6,5.196E-6,2.1854E-5,8.0659E-5,2.6122E-4,7.4235E-4,0.0018512,0.0030082,0.0040507,0.0053416
1500.0,1.4801E-7,8.2103E-7,3.9963E-6,1.7068E-5,6.397E-5,2.1038E-4,6.071E-4,0.0015373,0.0025213,0.0034159,0.0045323
SA7P5
r\m,4.0,4.5,5.0,5.5,6.0,6.5,7.0,7.5,7.8,8.0,8.2
0.0,9.6344E-5,3.5048E-4,0.0011269,0.0032029,0.0080462,0.017867,0.035067,0.060837,0.0798,0.093291,0.10693
1.0,9.3602E-5,3.4111E-4,0.0010988,0.0031286,0.0078738,0.017516,0.034441,0.059858,0.0786,0.091955,0.10548
5.0,5.5883E-5,2.1033E-4,6.9976E-4,0.0020578,0.0053487,0.012289,0.024955,0.044795,0.059972,0.071073,0.082582
10.0,2.5123E-5,9.9407E-5,3.4768E-4,0.0010748,0.002937,0.0070937,0.015144,0.028578,0.039426,0.047668,0.056506
15.0,1.3278E-5,5.4674E-5,1.99E-4,6.4021E-4,0.0018205,0.0045759,0.010166,0.019965,0.028209,0.034654,0.04174
20.0,8.0667E-6,3.4267E-5,1.2866E-4,4.2702E-4,0.0012527,0.0032482,0.0074446,0.015082,0.021712,0.027006,0.032936
25.0,5.3913E-6,2.3485E-5,9.0427E-5,3.0776E-4,9.2581E-4,0.0024618,0.0057859,0.01202,0.017567,0.022072,0.02719
30.0,3.851E-6,1.7131E-5,6.736E-5,2.3411E-4,7.192E-4,0.0019529,0.0046873,0.0099441,0.014717,0.018647,0.023165
40.0,2.2444E-6,1.0326E-5,4.1989E-5,1.5093E-4,4.7951E-4,0.0013466,0.0033426,0.0073338,0.011075,0.014223,0.017908
50.0,1.4687E-6,6.9377E-6,2.8966E-5,1.069E-4,3.487E-4,0.0010054,0.0025624,0.0057722,0.008856,0.011493,0.014625
60.0,1.0453E-6,5.0436E-6,2.151E-5,8.1085E-5,2.7018E-4,7.9572E-4,0.0020715,0.0047665,0.0074068,0.0096946,0.012441
70.0,1.0473E-6,5.0723E-6,2.1716E-5,8.2175E-5,2.7486E-4,8.1262E-4,0.0021236,0.0049053,0.00764,0.010015,0.012872
80.0,1.0485E-6,5.0953E-6,2.1887E-5,8.3099E-5,2.7888E-4,8.2725E-4,0.002169,0.005027,0.0078452,0.010298,0.013253
90.0,1.0492E-6,5.1139E-6,2.2031E-5,8.3894E-5,2.8237E-4,8.4009E-4,0.0022092,0.0051351,0.0080281,0.01055,0.013594
100.0,1.0496E-6,5.1289E-6,2.2154E-5,8.4584E-5,2.8545E-4,8.5148E-4,0.0022451,0.0052322,0.0081928,0.010778,0.013902
110.0,1.0495E-6,5.1411E-6,2.226E-5,8.519E-5,2.8818E-4,8.6168E-4,0.0022774,0.0053201,0.0083424,0.010986,0.014183
120.0,1.0479E-6,5.1447E-6,2.2325E-5,8.5632E-5,2.9032E-4,8.7002E-4,0.0023045,0.0053957,0.0084722,0.011166,0.01443
130.0,9.5981E-7,4.7395E-6,2.0687E-5,7.9809E-5,2.7216E-4,8.2034E-4,0.0021856,0.005147,0.00811,0.010714,0.013877
140.0,8.8461E-7,4.3918E-6,1.9272E-5,7.4754E-5,2.5629E-4,7.7669E-4,0.0020805,0.0049259,0.0077867,0.010309,0.013381
150.0,8.1972E-7,4.0901E-6,1.8039E-5,7.032E-5,2.423E-4,7.3798E-4,0.0019867,0.0047275,0.0074956,0.0099434,0.012933
175.0,6.9083E-7,3.4858E-6,1.5546E-5,6.1287E-5,2.1356E-4,6.5775E-4,0.0017907,0.004309,0.0068781,0.0091653,0.011974
200.0,5.9504E-7,3.0317E-6,1.3653E-5,5.4349E-5,1.9123E-4,5.9472E-4,0.0016349,0.0039724,0.0063779,0.0085317,0.01119
250.0,4.6249E-7,2.3949E-6,1.0962E-5,4.4348E-5,1.5859E-4,5.0129E-4,0.0014006,0.0034588,0.0056075,0.00755,0.0099666
300.0,3.7535E-7,1.9696E-6,9.1355E-6,3.7453E-5,1.3572E-4,4.3472E-4,0.0012308,0.0030801,0.0050334,0.006813,0.0090416
350.0,3.1387E-7,1.6656E-6,7.8123E-6,3.2389E-5,1.1869E-4,3.8447E-4,0.0011008,0.0027858,0.0045832,0.0062316,0.0083071
400.0,2.6826E-7,1.4374E-6,6.808E-6,2.8501E-5,1.0546E-4,3.4495E-4,9.9727E-4,0.0025484,0.0042172,0.0057563,0.0077034
450.0,2.3314E-7,1.26E-6,6.019E-6,2.5415E-5,9.4853E-5,3.1291E-4,9.1243E-4,0.0023517,0.0039117,0.0053576,0.0071944
500.0,2.0531E-7,1.1181E-6,5.3823E-6,2.2901E-5,8.6129E-5,2.8632E-4,8.413E-4,0.0021851,0.0036513,0.0050162,0.0067567
600.0,1.6409E-7,9.0554E-7,4.4172E-6,1.9046E-5,7.2585E-5,2.4451E-4,7.2806E-4,0.0019162,0.0032275,0.0044577,0.0060363
700.0,1.3512E-7,7.5409E-7,3.7199E-6,1.622E-5,6.2513E-5,2.1296E-4,6.4125E-4,0.0017067,0.0028942,0.0040152,0.0054616
800.0,1.1373E-7,6.409E-7,3.1924E-6,1.4056E-5,5.47E-5,1.8816E-4,5.7212E-4,0.0015376,0.0026226,0.0036526,0.0049877
1000.0,8.4412E-8,4.8348E-7,2.4477E-6,1.0953E-5,4.3324E-5,1.5147E-4,4.6808E-4,0.0012786,0.0022021,0.003087,0.0042428
1200.0,6.5416E-8,3.7968E-7,1.9479E-6,8.833E-6,3.5405E-5,1.2544E-4,3.9281E-4,0.0010873,0.0018877,0.0026603,0.0036758
1500.0,4.7075E-8,2.777E-7,1.448E-6,6.674E-6,2.7189E-5,9.7907E-5,3.1163E-4,8.7672E-4,0.001537,0.0021802,0.0030321
SA10P0
r\m,4.0,4.5,5.0,5.5,6.0,6.5,7.0,7.5,7.8,8.0,8.2
0.0,5.1395E-5,1.9178E-4,6.3492E-4,0.001865,0.0048603,0.011238,0.023054,0.04196,0.056748,0.067759,0.079372
1.0,4.9862E-5,1.864E-4,6.1826E-4,0.0018194,0.0047503,0.011004,0.022616,0.041239,0.055834,0.066717,0.07821
5.0,2.9177E-5,1.127E-4,3.8625E-4,0.0011745,0.0031685,0.0075839,0.016105,0.030345,0.041899,0.050726,0.060247
10.0,1.2872E-5,5.227E-5,1.8831E-4,6.0192E-4,0.001707,0.0042951,0.0095882,0.018991,0.02702,0.033372,0.040436
15.0,6.737E-6,2.8458E-5,1.0665E-4,3.5463E-4,0.0010462,0.0027384,0.0063594,0.013103,0.019089,0.023952,0.029485
20.0,4.0677E-6,1.7719E-5,6.8478E-5,2.348E-4,7.1431E-4,0.001928,0.0046171,0.00981,0.014558,0.018493,0.023045
25.0,2.7063E-6,1.2084E-5,4.7875E-5,1.6828E-4,5.2478E-4,0.001452,0.0035645,0.0077635,0.011694,0.015002,0.018882
30.0,1.9261E-6,8.7799E-6,3.551E-5,1.2742E-4,4.0567E-4,0.0011459,0.0028717,0.0063851,0.0097375,0.012596,0.015985
40.0,1.116E-6,5.2583E-6,2.1983E-5,8.1536E-5,2.6832E-4,7.8342E-4,0.0020294,0.0046643,0.0072559,0.0095111,0.012231
50.0,7.268E-7,3.5147E-6,1.508E-5,5.7402E-5,1.9387E-4,5.8091E-4,0.0015444,0.0036428,0.0057557,0.0076234,0.0099058
60.0,5.1521E-7,2.5441E-6,1.1146E-5,4.3326E-5,1.4942E-4,4.572E-4,0.0012412,0.0029895,0.0047831,0.0063885,0.0083708
70.0,5.2353E-7,2.5961E-6,1.1422E-5,4.4585E-5,1.5441E-4,4.7445E-4,0.0012934,0.0031285,0.0050183,0.0067138,0.0088119
80.0,5.3052E-7,2.6404E-6,1.1659E-5,4.5678E-5,1.5877E-4,4.8965E-4,0.0013398,0.0032524,0.0052284,0.0070052,0.0092078
90.0,5.3648E-7,2.6787E-6,1.1866E-5,4.664E-5,1.6264E-4,5.032E-4,0.0013813,0.003364,0.0054183,0.007269,0.0095669
100.0,5.416E-7,2.7121E-6,1.2049E-5,4.7495E-5,1.661E-4,5.1539E-4,0.0014188,0.0034655,0.0055914,0.0075099,0.0098953
110.0,5.4604E-7,2.7414E-6,1.2211E-5,4.8261E-5,1.6922E-4,5.2644E-4,0.0014531,0.0035584,0.0057503,0.0077313,0.010198
120.0,5.492E-7,2.7641E-6,1.2342E-5,4.8897E-5,1.7187E-4,5.3598E-4,0.001483,0.0036406,0.0058917,0.0079292,0.010469
130.0,5.0391E-7,2.5508E-6,1.1456E-5,4.565E-5,1.6139E-4,5.0623E-4,0.0014088,0.0034785,0.005649,0.0076202,0.010084
140.0,4.6513E-7,2.3672E-6,1.0689E-5,4.2821E-5,1.522E-4,4.7997E-4,0.0013429,0.0033337,0.0054313,0.0073423,0.0097374
150.0,4.3157E-7,2.2074E-6,1.0017E-5,4.0331E-5,1.4407E-4,4.5661E-4,0.0012839,0.0032032,0.0052344,0.0070903,0.009422
175.0,3.6461E-7,1.8858E-6,8.6539E-6,3.5233E-5,1.2727E-4,4.079E-4,0.0011599,0.0029261,0.0048138,0.0065496,0.0087425
200.0,3.1455E-7,1.6427E-6,7.6116E-6,3.1291E-5,1.1413E-4,3.6934E-4,0.0010604,0.0027012,0.0044697,0.006105,0.0081807
250.0,2.4479E-7,1.2993E-6,6.1183E-6,2.5562E-5,9.4755E-5,3.1163E-4,9.0932E-4,0.0023541,0.0039333,0.0054072,0.0072926
300.0,1.9858E-7,1.068E-6,5.0962E-6,2.1575E-5,8.104E-5,2.7007E-4,7.9853E-4,0.0020948,0.0035278,0.0048756,0.0066104
350.0,1.6578E-7,9.0161E-7,4.3506E-6,1.8625E-5,7.0746E-5,2.3841E-4,7.1285E-4,0.001891,0.0032061,0.0044508,0.0060615
400.0,1.4133E-7,7.7612E-7,3.7814E-6,1.6346E-5,6.2693E-5,2.1333E-4,6.4406E-4,0.0017252,0.0029419,0.0040999,0.0056053
450.0,1.2243E-7,6.7812E-7,3.3323E-6,1.4528E-5,5.6198E-5,1.9287E-4,5.8727E-4,0.0015865,0.0027194,0.0038028,0.0052169
500.0,1.0741E-7,5.9949E-7,2.9685E-6,1.3041E-5,5.0833E-5,1.758E-4,5.3939E-4,0.0014684,0.0025284,0.0035465,0.0048802
600.0,8.5103E-8,4.8128E-7,2.4149E-6,1.075E-5,4.2461E-5,1.4879E-4,4.6262E-4,0.0012761,0.0022149,0.0031232,0.0043205
700.0,6.9387E-8,3.9682E-7,2.0134E-6,9.064E-6,3.6203E-5,1.2829E-4,4.0335E-4,0.0011251,0.001966,0.0027846,0.0038694
800.0,5.7775E-8,3.3362E-7,1.7093E-6,7.7695E-6,3.1334E-5,1.1212E-4,3.5593E-4,0.0010025,0.0017619,0.0025053,0.0034948
1000.0,4.1887E-8,2.4582E-7,1.28E-6,5.9131E-6,2.4236E-5,8.8135E-5,2.8436E-4,8.14E-4,0.0014446,0.0020673,0.0029025
1200.0,3.1653E-8,1.8823E-7,9.9317E-7,4.6492E-6,1.931E-5,7.1155E-5,2.3263E-4,6.748E-4,0.0012071,0.0017366,0.0024512
1500.0,2.1885E-8,1.3227E-7,7.093E-7,3.3746E-6,1.4245E-5,5.3348E-5,1.7726E-4,5.2258E-4,9.4392E-4,0.0013669,0.0019418
