PGA
r\m,4.0,4.5,5.0,5.5,6.0,6.5,7.0,7.5,7.8,8.0,8.2
0.0,1.3978,1.3978,1.3978,1.3978,1.3978,1.3978,1.3978,1.3978,1.3978,1.3978,1.3978
1.0,1.1175,1.384,1.384,1.384,1.384,1.384,1.384,1.384,1.384,1.384,1.384
5.0,0.15923,0.33164,0.69107,1.1027,1.1027,1.1027,1.1096,1.1405,1.1523,1.1579,1.162
10.0,0.052716,0.1212,0.28209,0.66212,0.69559,0.72565,0.75807,0.82934,0.86879,0.89338,0.91703
15.0,0.027232,0.065827,0.16171,0.40274,0.45151,0.50428,0.56861,0.65046,0.69957,0.73173,0.76384
20.0,0.017002,0.042529,0.10833,0.28052,0.32797,0.38247,0.45411,0.53685,0.58906,0.62424,0.65995
25.0,0.011576,0.02984,0.078534,0.21065,0.2557,0.3093,0.37779,0.45797,0.5102,0.54662,0.58366
30.0,0.0085686,0.022569,0.060776,0.16713,0.20824,0.25855,0.32265,0.39964,0.45097,0.4872,0.52498
40.0,0.005374,0.014611,0.040685,0.11576,0.1496,0.1927,0.24849,0.31815,0.36633,0.40126,0.43811
50.0,0.0037386,0.010408,0.02967,0.086555,0.11477,0.15174,0.20055,0.26319,0.30793,0.34075,0.37634
60.0,0.0030798,0.0087379,0.025403,0.075656,0.10257,0.13872,0.18711,0.25052,0.29687,0.33147,0.36911
70.0,0.0026249,0.0075623,0.022324,0.067552,0.093002,0.12778,0.17517,0.23857,0.2857,0.32129,0.36051
80.0,0.0022738,0.0066358,0.019852,0.060863,0.084931,0.11833,0.16447,0.22725,0.2746,0.31074,0.35088
90.0,0.0019935,0.0058846,0.017812,0.05528,0.078031,0.11002,0.15477,0.21653,0.26373,0.30009,0.34071
100.0,0.0017648,0.0052635,0.016098,0.050456,0.071971,0.1026,0.14584,0.20636,0.25316,0.28946,0.33021
110.0,0.0015742,0.0047395,0.014626,0.046281,0.066655,0.095885,0.1377,0.19681,0.24289,0.27894,0.31964
120.0,0.001413,0.0042909,0.013355,0.042616,0.061921,0.08985,0.13015,0.18767,0.23297,0.2686,0.30906
130.0,0.0012755,0.0039022,0.012241,0.039371,0.057654,0.084334,0.12311,0.17904,0.22346,0.25852,0.29853
140.0,0.0011559,0.0035631,0.011258,0.03647,0.053795,0.079273,0.11664,0.17088,0.21428,0.2487,0.28819
150.0,0.0010522,0.0032645,0.010384,0.033868,0.050291,0.074613,0.11053,0.16311,0.20544,0.23922,0.27805
175.0,7.6592E-4,0.0024113,0.0077854,0.025766,0.038841,0.058486,0.087962,0.13192,0.1678,0.19666,0.23016
200.0,5.7302E-4,0.0018277,0.0059764,0.020041,0.030601,0.04669,0.071161,0.10818,0.13872,0.16355,0.19252
250.0,3.4078E-4,0.0011107,0.0037108,0.012711,0.019842,0.030949,0.048216,0.074963,0.097503,0.116,0.13795
300.0,2.1457E-4,7.1142E-4,0.0024196,0.0084367,0.013407,0.021279,0.033753,0.053437,0.070275,0.08429,0.10099
350.0,1.404E-4,4.7254E-4,0.0016311,0.0057722,0.0093077,0.014999,0.02415,0.038836,0.051557,0.062243,0.075046
400.0,9.4541E-5,3.2237E-4,0.0011269,0.00404,0.0065974,0.010772,0.017573,0.028628,0.038319,0.046513,0.056412
450.0,6.0987E-5,2.1183E-4,7.543E-4,0.0027549,0.0045828,0.0076282,0.012676,0.021051,0.028532,0.034885,0.04267
500.0,3.9587E-5,1.4007E-4,5.0805E-4,0.0018902,0.0032033,0.0054355,0.0092,0.015576,0.021377,0.026327,0.032477
600.0,2.6351E-5,9.4153E-5,3.5052E-4,0.0013424,0.0023474,0.0041121,0.0071812,0.012575,0.017594,0.021992,0.027508
700.0,1.1924E-5,4.4814E-5,1.7306E-4,6.8761E-4,0.0012473,0.0022688,0.0041093,0.0074774,0.01071,0.013597,0.017298
800.0,5.5273E-6,2.1551E-5,8.6326E-5,3.5585E-4,6.6959E-4,0.0012648,0.0023799,0.0045073,0.0066324,0.0085522,0.011076
1000.0,1.2141E-6,5.0945E-6,2.1963E-5,9.7945E-5,1.9904E-4,4.0662E-4,8.2537E-4,0.001688,0.0026065,0.0034665,0.0046421
1200.0,2.7218E-7,1.2365E-6,5.7756E-6,2.7728E-5,6.0669E-5,1.3368E-4,2.9215E-4,6.452E-4,0.0010455,0.0014341,0.0019857
1500.0,2.996E-8,1.5317E-7,7.9873E-7,4.2832E-6,1.047E-5,2.5844E-5,6.3094E-5,1.5635E-4,2.7234E-4,3.9132E-4,5.6968E-4
PGV
r\m,4.0,4.5,5.0,5.5,6.0,6.5,7.0,7.5,7.8,8.0,8.2
0.0,11.568,17.534,25.49,35.487,47.712,48.32,50.625,64.178,73.99,81.341,89.443
1.0,7.6903,13.68,22.056,32.709,45.627,47.803,49.94,63.371,73.104,80.403,88.43
5.0,1.293,3.1723,7.0583,14.141,25.55,33.383,38.456,49.89,58.333,64.734,71.844
10.0,0.4784,1.269,3.0855,6.8474,13.883,20.464,26.07,34.949,41.673,46.858,52.697
15.0,0.26438,0.72931,1.8502,4.3044,9.1954,14.322,19.245,26.454,32.039,36.389,41.337
20.0,0.17323,0.49076,1.2808,3.0729,6.7869,10.937,15.185,21.298,26.092,29.864,34.19
25.0,0.12245,0.35521,0.95089,2.3472,5.3403,8.8556,12.531,17.852,22.079,25.436,29.302
30.0,0.093326,0.27538,0.75065,1.8893,4.3878,7.4251,10.666,15.399,19.186,22.22,25.731
40.0,0.061432,0.18576,0.5196,1.3431,3.211,5.5876,8.2122,12.105,15.271,17.836,20.834
50.0,0.044565,0.13726,0.39099,1.0304,2.512,4.4574,6.6678,9.9894,12.731,14.966,17.588
60.0,0.038771,0.12117,0.3507,0.93967,2.3318,4.2142,6.3968,9.7136,12.481,14.751,17.436
70.0,0.034777,0.11001,0.32213,0.87347,2.1926,4.0106,6.1592,9.4595,12.238,14.528,17.257
80.0,0.03159,0.10094,0.29853,0.81797,2.0744,3.8328,5.9443,9.2217,12.0,14.303,17.049
90.0,0.028963,0.093363,0.27873,0.77042,1.9717,3.6746,5.7489,8.9959,11.769,14.077,16.839
100.0,0.026758,0.086937,0.26164,0.72869,1.8802,3.5327,5.5702,8.7833,11.546,13.854,16.621
110.0,0.024861,0.081362,0.24655,0.69182,1.7982,3.4024,5.4022,8.5816,11.326,13.631,16.401
120.0,0.023215,0.076473,0.23329,0.65904,1.7236,3.2834,5.2461,8.3877,11.113,13.409,16.177
130.0,0.021769,0.072148,0.22136,0.62897,1.6556,3.1733,5.1019,8.2032,10.907,13.192,15.952
140.0,0.020485,0.068261,0.21064,0.60207,1.5928,3.0693,4.9618,8.0225,10.704,12.975,15.724
150.0,0.019333,0.064761,0.20087,0.57703,1.5349,2.9728,4.831,7.8513,10.507,12.761,15.496
175.0,0.015132,0.051267,0.16087,0.46736,1.2573,2.4625,4.0467,6.6548,8.9687,10.942,13.345
200.0,0.012155,0.041609,0.13181,0.38696,1.0513,2.0795,3.4527,5.7346,7.7722,9.5177,11.66
250.0,0.0083117,0.028921,0.093186,0.2781,0.76837,1.546,2.61,4.4057,6.0309,7.4395,9.1708
300.0,0.0059968,0.021156,0.069131,0.20909,0.5855,1.1943,2.044,3.4977,4.8295,5.9868,7.42
350.0,0.004493,0.016032,0.052967,0.16209,0.45938,0.94769,1.6405,2.84,3.9473,4.9153,6.1235
400.0,0.0034582,0.012463,0.041599,0.12858,0.36796,0.76701,1.3404,2.3438,3.2769,4.0978,5.1234
450.0,0.0025595,0.0093568,0.031681,0.099318,0.28838,0.60952,1.0812,1.9176,2.7041,3.3994,4.2765
500.0,0.0019061,0.0070685,0.024279,0.077193,0.22742,0.48738,0.8775,1.5787,2.2454,2.8376,3.5918
600.0,0.0010723,0.0040916,0.014462,0.047298,0.14346,0.31608,0.58631,1.0852,1.5703,2.0055,2.57
700.0,6.1175E-4,0.002402,0.0087368,0.029392,0.091777,0.2079,0.3973,0.7566,1.1137,1.4375,1.8649
800.0,3.5264E-4,0.0014248,0.0053328,0.018454,0.059323,0.13816,0.27202,0.53296,0.79813,1.041,1.3673
1000.0,1.1978E-4,5.124E-4,0.0020309,0.0074363,0.025336,0.062369,0.13034,0.27032,0.41897,0.55812,0.75133
1200.0,4.1522E-5,1.8808E-4,7.8939E-4,0.0030584,0.011044,0.028736,0.063742,0.13994,0.22447,0.30539,0.42136
1500.0,8.691E-6,4.289E-5,1.9617E-4,8.272E-4,0.0032592,0.0092159,0.022355,0.053449,0.090268,0.12676,0.18148
SA0P01
r\m,4.0,4.5,5.0,5.5,6.0,6.5,7.0,7.5,7.8,8.0,8.2
0.0,1.3978,1.3978,1.3978,1.3978,1.3978,1.3978,1.3978,1.3978,1.3978,1.3978,1.3978
1.0,1.1175,1.384,1.384,1.384,1.384,1.384,1.384,1.384,1.384,1.384,1.384
5.0,0.15923,0.33164,0.69107,1.1027,1.1027,1.1027,1.1096,1.1405,1.1523,1.1579,1.162
10.0,0.052716,0.1212,0.28209,0.66212,0.69559,0.72565,0.75807,0.82934,0.86879,0.89338,0.91703
15.0,0.027232,0.065827,0.16171,0.40274,0.45151,0.50428,0.56861,0.65046,0.69957,0.73173,0.76384
20.0,0.017002,0.042529,0.10833,0.28052,0.32797,0.38247,0.45411,0.53685,0.58906,0.62424,0.65995
25.0,0.011576,0.02984,0.078534,0.21065,0.2557,0.3093,0.37779,0.45797,0.5102,0.54662,0.58366
30.0,0.0085686,0.022569,0.060776,0.16713,0.20824,0.25855,0.32265,0.39964,0.45097,0.4872,0.52498
40.0,0.005374,0.014611,0.040685,0.11576,0.1496,0.1927,0.24849,0.31815,0.36633,0.40126,0.43811
50.0,0.0037386,0.010408,0.02967,0.086555,0.11477,0.15174,0.20055,0.26319,0.30793,0.34075,0.37634
60.0,0.0030798,0.0087379,0.025403,0.075656,0.10257,0.13872,0.18711,0.25052,0.29687,0.33147,0.36911
70.0,0.0026249,0.0075623,0.022324,0.067552,0.093002,0.12778,0.17517,0.23857,0.2857,0.32129,0.36051
80.0,0.0022738,0.0066358,0.019852,0.060863,0.084931,0.11833,0.16447,0.22725,0.2746,0.31074,0.35088
90.0,0.0019935,0.0058846,0.017812,0.05528,0.078031,0.11002,0.15477,0.21653,0.26373,0.30009,0.34071
100.0,0.0017648,0.0052635,0.016098,0.050456,0.071971,0.1026,0.14584,0.20636,0.25316,0.28946,0.33021
110.0,0.0015742,0.0047395,0.014626,0.046281,0.066655,0.095885,0.1377,0.19681,0.24289,0.27894,0.31964
120.0,0.001413,0.0042909,0.013355,0.042616,0.061921,0.08985,0.13015,0.18767,0.23297,0.2686,0.30906
130.0,0.0012755,0.0039022,0.012241,0.039371,0.057654,0.084334,0.12311,0.17904,0.22346,0.25852,0.29853
140.0,0.0011559,0.0035631,0.011258,0.03647,0.053795,0.079273,0.11664,0.17088,0.21428,0.2487,0.28819
150.0,0.0010522,0.0032645,0.010384,0.033868,0.050291,0.074613,0.11053,0.16311,0.20544,0.23922,0.27805
175.0,7.6592E-4,0.0024113,0.0077854,0.025766,0.038841,0.058486,0.087962,0.13192,0.1678,0.19666,0.23016
200.0,5.7302E-4,0.0018277,0.0059764,0.020041,0.030601,0.04669,0.071161,0.10818,0.13872,0.16355,0.19252
250.0,3.4078E-4,0.0011107,0.0037108,0.012711,0.019842,0.030949,0.048216,0.074963,0.097503,0.116,0.13795
300.0,2.1457E-4,7.1142E-4,0.0024196,0.0084367,0.013407,0.021279,0.033753,0.053437,0.070275,0.08429,0.10099
350.0,1.404E-4,4.7254E-4,0.0016311,0.0057722,0.0093077,0.014999,0.02415,0.038836,0.051557,0.062243,0.075046
400.0,9.4541E-5,3.2237E-4,0.0011269,0.00404,0.0065974,0.010772,0.017573,0.028628,0.038319,0.046513,0.056412
450.0,6.0987E-5,2.1183E-4,7.543E-4,0.0027549,0.0045828,0.0076282,0.012676,0.021051,0.028532,0.034885,0.04267
500.0,3.9587E-5,1.4007E-4,5.0805E-4,0.0018902,0.0032033,0.0054355,0.0092,0.015576,0.021377,0.026327,0.032477
600.0,2.6351E-5,9.4153E-5,3.5052E-4,0.0013424,0.0023474,0.0041121,0.0071812,0.012575,0.017594,0.021992,0.027508
700.0,1.1924E-5,4.4814E-5,1.7306E-4,6.8761E-4,0.0012473,0.0022688,0.0041093,0.0074774,0.01071,0.013597,0.017298
800.0,5.5273E-6,2.1551E-5,8.6326E-5,3.5585E-4,6.6959E-4,0.0012648,0.0023799,0.0045073,0.0066324,0.0085522,0.011076
1000.0,1.2141E-6,5.0945E-6,2.1963E-5,9.7945E-5,1.9904E-4,4.0662E-4,8.2537E-4,0.001688,0.0026065,0.0034665,0.0046421
1200.0,2.7218E-7,1.2365E-6,5.7756E-6,2.7728E-5,6.0669E-5,1.3368E-4,2.9215E-4,6.452E-4,0.0010455,0.0014341,0.0019857
1500.0,2.996E-8,1.5317E-7,7.9873E-7,4.2832E-6,1.047E-5,2.5844E-5,6.3094E-5,1.5635E-4,2.7234E-4,3.9132E-4,5.6968E-4
SA0P02
r\m,4.0,4.5,5.0,5.5,6.0,6.5,7.0,7.5,7.8,8.0,8.2
0.0,1.748,1.748,1.748,1.748,1.748,1.748,1.748,1.748,1.748,1.748,1.748
1.0,1.3379,1.7312,1.7312,1.7312,1.7312,1.7312,1.7312,1.7312,1.7312,1.7312,1.7312
5.0,0.19513,0.40586,0.84553,1.3855,1.3855,1.3855,1.3941,1.4301,1.4434,1.4495,1.4538
10.0,0.066216,0.15163,0.35192,0.82534,0.86682,0.90405,0.95323,1.0408,1.0888,1.1186,1.1472
15.0,0.034738,0.083557,0.20452,0.50839,0.569,0.6344,0.71701,0.81798,0.87824,0.91784,0.95703
20.0,0.021931,0.054556,0.1384,0.35752,0.41702,0.48515,0.5749,0.6774,0.7417,0.78542,0.82912
25.0,0.015021,0.038488,0.10085,0.26981,0.32667,0.39413,0.47967,0.58008,0.64524,0.69012,0.73618
30.0,0.011181,0.029279,0.078506,0.21519,0.26737,0.33101,0.41179,0.50842,0.57249,0.6178,0.66475
40.0,0.007096,0.019178,0.053127,0.15069,0.19409,0.24922,0.32026,0.40835,0.46959,0.51343,0.56016
50.0,0.0049997,0.013822,0.0392,0.11396,0.15054,0.19837,0.26119,0.34144,0.39861,0.44059,0.48585
60.0,0.0040374,0.011372,0.032882,0.09754,0.13161,0.1772,0.23804,0.31751,0.37529,0.41839,0.4651
70.0,0.0033822,0.0096737,0.028398,0.085538,0.11725,0.16039,0.21895,0.29695,0.35471,0.39827,0.44607
80.0,0.0028911,0.0083782,0.024915,0.076061,0.10566,0.14656,0.20276,0.27895,0.33623,0.37984,0.42814
90.0,0.0025095,0.0073567,0.022128,0.068337,0.096073,0.13477,0.18876,0.26294,0.31945,0.36287,0.41124
100.0,0.0022046,0.0065267,0.019837,0.061904,0.087943,0.12473,0.17648,0.24858,0.30413,0.34709,0.39527
110.0,0.0019554,0.0058432,0.017926,0.056448,0.080904,0.11589,0.16563,0.23556,0.28995,0.33234,0.38019
120.0,0.0017488,0.0052681,0.016297,0.051759,0.074844,0.10806,0.15579,0.2237,0.27688,0.31857,0.36589
130.0,0.0015741,0.0047791,0.0149,0.047682,0.069488,0.10111,0.14698,0.21269,0.26472,0.30566,0.35227
140.0,0.0014252,0.0043563,0.013681,0.044097,0.064723,0.094937,0.13889,0.20262,0.25333,0.29343,0.3393
150.0,0.0012964,0.0039892,0.012605,0.040917,0.060464,0.089253,0.13158,0.19316,0.24265,0.28186,0.32699
175.0,9.7316E-4,0.0030392,0.0097479,0.032096,0.04814,0.072124,0.10794,0.16104,0.20419,0.23885,0.27898
200.0,7.5128E-4,0.0023765,0.00772,0.02575,0.03912,0.059379,0.090032,0.13616,0.17409,0.20471,0.24054
250.0,4.7596E-4,0.0015379,0.0051038,0.017391,0.026998,0.041865,0.064889,0.10032,0.13005,0.1545,0.18326
300.0,3.1914E-4,0.0010495,0.0035439,0.012287,0.019407,0.030637,0.048322,0.076064,0.099715,0.11933,0.14264
350.0,2.2254E-4,7.4239E-4,0.0025447,0.0089522,0.014349,0.022993,0.036821,0.058848,0.077863,0.093757,0.11279
400.0,1.5968E-4,5.3965E-4,0.0018724,0.006673,0.010834,0.017583,0.028515,0.046178,0.061603,0.074564,0.090216
450.0,1.0968E-4,3.7769E-4,0.0013346,0.0048441,0.0080109,0.013245,0.021881,0.036121,0.048748,0.05949,0.072572
500.0,7.5807E-5,2.6598E-4,9.5714E-4,0.0035384,0.0059603,0.01004,0.016896,0.02843,0.038815,0.04776,0.058742
600.0,2.6351E-5,9.4153E-5,3.5052E-4,0.0013424,0.0023474,0.0041121,0.0071812,0.012575,0.017594,0.021992,0.027508
700.0,1.1924E-5,4.4814E-5,1.7306E-4,6.8761E-4,0.0012473,0.0022688,0.0041093,0.0074774,0.01071,0.013597,0.017298
800.0,5.5273E-6,2.1551E-5,8.6326E-5,3.5585E-4,6.6959E-4,0.0012648,0.0023799,0.0045073,0.0066324,0.0085522,0.011076
1000.0,1.2141E-6,5.0945E-6,2.1963E-5,9.7945E-5,1.9904E-4,4.0662E-4,8.2537E-4,0.001688,0.0026065,0.0034665,0.0046421
1200.0,2.7218E-7,1.2365E-6,5.7756E-6,2.7728E-5,6.0669E-5,1.3368E-4,2.9215E-4,6.452E-4,0.0010455,0.0014341,0.0019857
1500.0,2.996E-8,1.5317E-7,7.9873E-7,4.2832E-6,1.047E-5,2.5844E-5,6.3094E-5,1.5635E-4,2.7234E-4,3.9132E-4,5.6968E-4
SA0P025
r\m,4.0,4.5,5.0,5.5,6.0,6.5,7.0,7.5,7.8,8.0,8.2
0.0,1.8691,1.8691,1.8691,1.8691,1.8691,1.8691,1.8691,1.8691,1.8691,1.8691,1.8691
1.0,1.5027,1.8504,1.8504,1.8504,1.8504,1.8504,1.8504,1.8504,1.8504,1.8504,1.8504
5.0,0.21837,0.44736,0.92215,1.4825,1.4825,1.4825,1.4914,1.527,1.5396,1.5448,1.5483
10.0,0.073598,0.16602,0.38136,0.88777,0.92939,0.96713,1.0153,1.1066,1.1559,1.1868,1.2159
15.0,0.038442,0.091081,0.22061,0.54436,0.60743,0.67591,0.76128,0.86662,0.92913,0.97018,1.0106
20.0,0.024193,0.059273,0.14877,0.38149,0.44365,0.51512,0.60849,0.71572,0.78246,0.82733,0.87268
25.0,0.016537,0.041743,0.10816,0.28726,0.34683,0.41734,0.50667,0.61109,0.6787,0.72501,0.77266
30.0,0.012287,0.031692,0.084009,0.22862,0.28327,0.3497,0.43381,0.53437,0.60077,0.64769,0.6961
40.0,0.0077743,0.020683,0.056652,0.1595,0.20481,0.26224,0.33602,0.42748,0.49023,0.53558,0.58371
50.0,0.0054588,0.014861,0.04166,0.12017,0.1583,0.20792,0.27298,0.35589,0.41472,0.45804,0.50414
60.0,0.0043951,0.012189,0.034833,0.10251,0.1379,0.18513,0.24794,0.32966,0.38901,0.43315,0.48094
70.0,0.0036704,0.010332,0.029987,0.089611,0.12248,0.167,0.22726,0.30721,0.3663,0.41082,0.45954
80.0,0.0031286,0.0089222,0.026226,0.07944,0.10997,0.15207,0.20972,0.28761,0.34602,0.39043,0.43948
90.0,0.0027079,0.0078129,0.023224,0.071158,0.09968,0.13944,0.19461,0.27026,0.32769,0.37166,0.42068
100.0,0.0023723,0.006913,0.020763,0.064256,0.090997,0.12855,0.1814,0.25467,0.31092,0.35433,0.40305
110.0,0.0020985,0.0061704,0.018705,0.058421,0.083488,0.1191,0.16968,0.24055,0.29551,0.3382,0.3864
120.0,0.0018712,0.0055471,0.016959,0.053416,0.076969,0.11076,0.15916,0.22765,0.28125,0.3232,0.37062
130.0,0.0016791,0.0050175,0.015454,0.049056,0.071242,0.10335,0.14963,0.21589,0.26805,0.30905,0.3557
140.0,0.0015164,0.0045613,0.01415,0.045241,0.06617,0.096639,0.14103,0.20492,0.25569,0.29578,0.34162
150.0,0.0013748,0.0041655,0.013001,0.041856,0.061631,0.090657,0.13311,0.19487,0.24416,0.28327,0.32819
175.0,0.0010254,0.0031511,0.0099848,0.032601,0.04872,0.072724,0.10844,0.16115,0.20398,0.23822,0.27784
200.0,7.8629E-4,0.0024472,0.007852,0.025966,0.039312,0.059439,0.089795,0.13533,0.17256,0.20273,0.23776
250.0,4.914E-4,0.0015615,0.0051205,0.017302,0.026745,0.041329,0.06379,0.098263,0.12709,0.15069,0.17845
300.0,3.2517E-4,0.0010515,0.0035064,0.012052,0.018962,0.029812,0.046844,0.073456,0.096059,0.11476,0.13697
350.0,2.2369E-4,7.341E-4,0.0024831,0.0086629,0.01383,0.022072,0.035189,0.056021,0.073942,0.088911,0.1068
400.0,1.5836E-4,5.2644E-4,0.0018033,0.0063694,0.010299,0.016646,0.026887,0.043369,0.0577,0.069751,0.084238
450.0,1.0735E-4,3.6345E-4,0.0012678,0.0045604,0.0075101,0.012365,0.020355,0.033445,0.045019,0.054835,0.066799
500.0,7.322E-5,2.5249E-4,8.9687E-4,0.0032855,0.0055105,0.0092416,0.015505,0.025952,0.035344,0.043378,0.0533
600.0,2.6351E-5,9.4153E-5,3.5052E-4,0.0013424,0.0023474,0.0041121,0.0071812,0.012575,0.017594,0.021992,0.027508
700.0,1.1924E-5,4.4814E-5,1.7306E-4,6.8761E-4,0.0012473,0.0022688,0.0041093,0.0074774,0.01071,0.013597,0.017298
800.0,5.5273E-6,2.1551E-5,8.6326E-5,3.5585E-4,6.6959E-4,0.0012648,0.0023799,0.0045073,0.0066057,0.0085522,0.011076
1000.0,1.2141E-6,5.0945E-6,2.1963E-5,9.7945E-5,1.9904E-4,4.0662E-4,8.2537E-4,0.001688,0.0026065,0.0034665,0.0046421
1200.0,2.7218E-7,1.2365E-6,5.7756E-6,2.7728E-5,6.0669E-5,1.3368E-4,2.9215E-4,6.452E-4,0.0010455,0.0014341,0.0019857
1500.0,2.996E-8,1.5317E-7,7.9873E-7,4.2832E-6,1.047E-5,2.5844E-5,6.3094E-5,1.5635E-4,2.7234E-4,3.9132E-4,5.6968E-4
SA0P03
r\m,4.0,4.5,5.0,5.5,6.0,6.5,7.0,7.5,7.8,8.0,8.2
0.0,1.9278,1.9278,1.9278,1.9278,1.9278,1.9278,1.9278,1.9278,1.9278,1.9278,1.9278
1.0,1.4476,1.9094,1.9094,1.9094,1.9094,1.9094,1.9094,1.9094,1.9094,1.9094,1.9094
5.0,0.20589,0.42393,0.8808,1.4539,1.4539,1.4539,1.4676,1.5315,1.5643,1.584,1.6028
10.0,0.0711,0.16062,0.37,0.86539,0.91264,0.95947,1.0113,1.1186,1.1812,1.2226,1.2633
15.0,0.03776,0.089524,0.21717,0.53738,0.60241,0.67486,0.76527,0.88176,0.95431,1.0036,1.0535
20.0,0.024056,0.058958,0.14813,0.38058,0.44407,0.5182,0.61626,0.73232,0.80726,0.85903,0.91256
25.0,0.01662,0.041959,0.10878,0.2893,0.35013,0.42295,0.51636,0.62833,0.70302,0.75536,0.81029
30.0,0.01245,0.032112,0.085155,0.23195,0.28795,0.3566,0.4445,0.55184,0.62456,0.67694,0.73195
40.0,0.0079738,0.021212,0.05811,0.16369,0.21049,0.27012,0.3474,0.44477,0.51289,0.56291,0.61675
50.0,0.0056503,0.01538,0.043117,0.12443,0.16406,0.21588,0.28429,0.3726,0.43628,0.48379,0.53498
60.0,0.0045828,0.012707,0.036314,0.1069,0.14391,0.19349,0.25979,0.347,0.4112,0.45948,0.51234
70.0,0.0038508,0.010837,0.031451,0.094008,0.12857,0.17553,0.23939,0.32491,0.38884,0.4375,0.49127
80.0,0.0032997,0.009408,0.027652,0.083772,0.11603,0.16062,0.22194,0.30546,0.36872,0.41726,0.47133
90.0,0.0028693,0.0082765,0.024599,0.075381,0.10564,0.14794,0.20681,0.28812,0.35041,0.39849,0.4525
100.0,0.0025241,0.0073535,0.022084,0.068347,0.096831,0.1369,0.19349,0.27244,0.33355,0.38104,0.43474
110.0,0.0022411,0.0065879,0.019968,0.06237,0.089163,0.1273,0.18161,0.25815,0.31795,0.3647,0.41784
120.0,0.0020051,0.0059427,0.018164,0.057217,0.082474,0.11876,0.17088,0.24502,0.30343,0.34943,0.40175
130.0,0.0018049,0.005392,0.016604,0.05271,0.076571,0.11115,0.16111,0.23299,0.28993,0.33494,0.38645
140.0,0.0016347,0.0049158,0.015247,0.048749,0.071321,0.10422,0.15226,0.22171,0.27722,0.32128,0.37194
150.0,0.0014861,0.0045014,0.014048,0.045221,0.066603,0.098021,0.14407,0.21134,0.26531,0.30835,0.35804
175.0,0.001115,0.0034255,0.010852,0.035431,0.05296,0.079084,0.11803,0.1757,0.22278,0.26058,0.3045
200.0,8.594E-4,0.0026739,0.0085777,0.028365,0.042949,0.064961,0.098213,0.14824,0.18931,0.22271,0.26164
250.0,5.4169E-4,0.0017208,0.0056415,0.019061,0.029467,0.045547,0.070342,0.10849,0.14049,0.16676,0.19776
300.0,3.6095E-4,0.0011668,0.0038899,0.013369,0.021036,0.033078,0.052001,0.081625,0.10685,0.12777,0.15268
350.0,2.4975E-4,8.1932E-4,0.0027706,0.009665,0.015431,0.02463,0.039284,0.062592,0.082688,0.09951,0.11965
400.0,1.7769E-4,5.9049E-4,0.0020223,0.0071417,0.011548,0.018667,0.030162,0.048687,0.064825,0.078421,0.094795
450.0,1.2134E-4,4.1065E-4,0.0014321,0.0051505,0.0084808,0.013964,0.022974,0.037801,0.050885,0.062067,0.075612
500.0,8.3371E-5,2.8736E-4,0.0010205,0.0037377,0.0062671,0.010511,0.017607,0.029532,0.040192,0.04943,0.060686
600.0,2.6351E-5,9.4153E-5,3.5052E-4,0.0013424,0.0023474,0.0041121,0.0071812,0.012575,0.017594,0.021992,0.027508
700.0,1.1924E-5,4.4814E-5,1.7306E-4,6.8761E-4,0.0012473,0.0022688,0.0041093,0.0074774,0.01071,0.013597,0.017298
800.0,5.5273E-6,2.1551E-5,8.6326E-5,3.5585E-4,6.6959E-4,0.0012648,0.0023799,0.0045073,0.0064838,0.0085522,0.011076
1000.0,1.2141E-6,5.0945E-6,2.1963E-5,9.7945E-5,1.9904E-4,4.0662E-4,8.2537E-4,0.001688,0.0026065,0.0034665,0.0046421
1200.0,2.7218E-7,1.2365E-6,5.7756E-6,2.7728E-5,6.0669E-5,1.3368E-4,2.9215E-4,6.452E-4,0.0010455,0.0014341,0.0019857
1500.0,2.996E-8,1.5317E-7,7.9873E-7,4.2832E-6,1.047E-5,2.5844E-5,6.3094E-5,1.5635E-4,2.7234E-4,3.9132E-4,5.6968E-4
SA0P04
r\m,4.0,4.5,5.0,5.5,6.0,6.5,7.0,7.5,7.8,8.0,8.2
0.0,2.1384,2.1384,2.1384,2.1384,2.1384,2.1384,2.1443,2.1872,2.2128,2.2299,2.2469
1.0,1.4944,2.1106,2.1106,2.1106,2.1106,2.1106,2.1106,2.1596,2.1881,2.2071,2.2258
5.0,0.22078,0.44941,0.92752,1.5746,1.5746,1.5746,1.5957,1.707,1.774,1.819,1.8642
10.0,0.0789,0.1759,0.40122,0.93441,0.99022,1.0496,1.1144,1.256,1.3464,1.4086,1.4729
15.0,0.0428,0.10009,0.24019,0.59082,0.664,0.74754,0.85368,0.99872,1.0944,1.1619,1.2327
20.0,0.027685,0.066913,0.16622,0.42414,0.49551,0.57997,0.69427,0.83511,0.93036,0.9989,1.0714
25.0,0.019409,0.048297,0.12377,0.32641,0.39499,0.47802,0.58647,0.72086,0.81398,0.88154,0.95421
30.0,0.014694,0.037349,0.097886,0.26427,0.3277,0.40622,0.5083,0.63595,0.72616,0.79217,0.86322
40.0,0.0095469,0.025033,0.067737,0.18902,0.24262,0.31116,0.40101,0.51648,0.59974,0.66197,0.72985
50.0,0.0068302,0.018317,0.050717,0.145,0.19068,0.25063,0.33028,0.43481,0.51168,0.56996,0.63445
60.0,0.005574,0.015227,0.042977,0.12532,0.16823,0.22574,0.30309,0.40623,0.48344,0.54262,0.60791
70.0,0.0047043,0.013043,0.037371,0.11065,0.15081,0.20547,0.28006,0.38108,0.45768,0.5167,0.58285
80.0,0.0040417,0.011349,0.032947,0.09881,0.13644,0.18841,0.26014,0.35862,0.43412,0.49274,0.55883
90.0,0.0035198,0.0099952,0.029346,0.088996,0.12434,0.17368,0.24255,0.33827,0.41238,0.47021,0.53587
100.0,0.0030978,0.0088904,0.026357,0.08078,0.114,0.16079,0.22691,0.31967,0.3921,0.44905,0.51388
110.0,0.0027504,0.007963,0.023827,0.073683,0.10492,0.14948,0.21278,0.30257,0.37326,0.42907,0.49286
120.0,0.0024586,0.0071782,0.021661,0.067533,0.096984,0.13929,0.19996,0.28678,0.35555,0.41019,0.47281
130.0,0.002211,0.0065045,0.019778,0.062134,0.089936,0.13009,0.18831,0.27209,0.33899,0.39222,0.45361
140.0,0.001998,0.0059203,0.018128,0.057353,0.083612,0.1218,0.17757,0.25835,0.32334,0.37523,0.43527
150.0,0.0018139,0.005409,0.016666,0.053088,0.077906,0.11429,0.16761,0.24555,0.30853,0.35905,0.41763
175.0,0.0013516,0.0040901,0.012789,0.04133,0.061541,0.091591,0.13632,0.20274,0.25698,0.30087,0.35214
200.0,0.0010334,0.0031659,0.010028,0.032825,0.049491,0.074609,0.11247,0.16945,0.21646,0.25475,0.29967
250.0,6.3907E-4,0.0020006,0.0064683,0.021627,0.033316,0.051298,0.078967,0.12152,0.15729,0.18673,0.22169
300.0,4.1641E-4,0.0013259,0.0043636,0.014837,0.023252,0.03642,0.057081,0.089371,0.11689,0.13977,0.16706
350.0,2.8131E-4,9.0882E-4,0.003034,0.01047,0.016649,0.02647,0.042088,0.066853,0.088231,0.10612,0.1276
400.0,1.9509E-4,6.3828E-4,0.0021575,0.0075403,0.012142,0.01955,0.031475,0.050634,0.067341,0.081451,0.098408
450.0,1.3041E-4,4.344E-4,0.0014953,0.0053217,0.0087272,0.01431,0.023461,0.038452,0.051674,0.062999,0.076685
500.0,8.7714E-5,2.9749E-4,0.0010429,0.0037793,0.0063118,0.010539,0.017596,0.029383,0.0399,0.049031,0.060129
600.0,2.6351E-5,9.4153E-5,3.5052E-4,0.0013424,0.0023474,0.0041121,0.0071812,0.012575,0.017594,0.021992,0.027508
700.0,1.1924E-5,4.4814E-5,1.7306E-4,6.8761E-4,0.0012473,0.0022688,0.0041093,0.0074774,0.01071,0.013597,0.017298
800.0,5.5273E-6,2.1551E-5,8.6326E-5,3.5585E-4,6.6959E-4,0.0012648,0.0023799,0.0045073,0.006296,0.0082306,0.010802
1000.0,1.2141E-6,5.0945E-6,2.1963E-5,9.7945E-5,1.9904E-4,4.0662E-4,8.2537E-4,0.001688,0.0026065,0.0034665,0.0046421
1200.0,2.7218E-7,1.2365E-6,5.7756E-6,2.7728E-5,6.0669E-5,1.3368E-4,2.9215E-4,6.452E-4,0.0010455,0.0014341,0.0019857
1500.0,2.996E-8,1.5317E-7,7.9873E-7,4.2832E-6,1.047E-5,2.5485E-5,6.3094E-5,1.5149E-4,2.5764E-4,3.9132E-4,5.1986E-4
SA0P05
r\m,4.0,4.5,5.0,5.5,6.0,6.5,7.0,7.5,7.8,8.0,8.2
0.0,2.2884,2.2884,2.2884,2.2884,2.2884,2.2884,2.3076,2.4127,2.4781,2.5228,2.5682
1.0,1.5153,2.1899,2.2645,2.2645,2.2645,2.2645,2.2761,2.3843,2.4519,2.4978,2.5448
5.0,0.23792,0.48166,0.9899,1.7105,1.7105,1.7105,1.7388,1.8932,1.9926,2.0616,2.1329
10.0,0.087633,0.19407,0.44016,1.021,1.0843,1.1543,1.2305,1.4053,1.5216,1.6044,1.692
15.0,0.04839,0.11234,0.2679,0.65564,0.73719,0.8319,0.95335,1.126,1.2442,1.3299,1.4214
20.0,0.0317,0.07603,0.1876,0.47593,0.55566,0.65107,0.78209,0.94748,1.0632,1.1478,1.2396
25.0,0.022505,0.055531,0.14132,0.3705,0.44731,0.54085,0.66474,0.8219,0.9333,1.0162,1.106
30.0,0.01719,0.043318,0.11269,0.30231,0.37371,0.46251,0.57884,0.72768,0.83489,0.91464,1.0024
40.0,0.011302,0.029372,0.078844,0.21853,0.27938,0.35733,0.46011,0.594,0.6924,0.76655,0.8491
50.0,0.0081439,0.021645,0.059447,0.16866,0.22087,0.2893,0.38056,0.50162,0.59195,0.66069,0.73778
60.0,0.006676,0.018067,0.05057,0.14632,0.19555,0.26138,0.35008,0.46921,0.55934,0.62891,0.70677
70.0,0.0056463,0.015512,0.044073,0.12946,0.1756,0.23824,0.32375,0.44025,0.52937,0.59855,0.67713
80.0,0.0048558,0.013512,0.038881,0.1157,0.15899,0.2185,0.3007,0.41395,0.50148,0.56984,0.64758
90.0,0.0042288,0.011901,0.03463,0.10423,0.14485,0.20132,0.28009,0.38988,0.47545,0.54266,0.61941
100.0,0.003719,0.010568,0.031073,0.094426,0.13261,0.18616,0.26159,0.36767,0.4511,0.51686,0.59227
110.0,0.0032962,0.0094554,0.028043,0.086018,0.1219,0.17269,0.24483,0.34721,0.42811,0.49237,0.56627
120.0,0.0029408,0.0085057,0.025435,0.078672,0.1124,0.16054,0.22943,0.32808,0.40664,0.46907,0.54122
130.0,0.0026382,0.0076877,0.02317,0.072189,0.10391,0.14956,0.21545,0.31028,0.38625,0.44699,0.51733
140.0,0.0023773,0.006977,0.021173,0.066444,0.096302,0.1396,0.20244,0.29367,0.3671,0.42592,0.49432
150.0,0.0021517,0.0063534,0.019408,0.061305,0.089439,0.13047,0.19052,0.27807,0.34897,0.40601,0.47225
175.0,0.0015886,0.0047603,0.014752,0.047262,0.069959,0.10355,0.15332,0.22712,0.28743,0.33638,0.39366
200.0,0.0012019,0.0036465,0.011445,0.037134,0.055663,0.083442,0.12511,0.18762,0.23931,0.28136,0.33099
250.0,7.2573E-4,0.002248,0.0072068,0.023877,0.036549,0.05596,0.085695,0.13121,0.16945,0.20095,0.23839
300.0,4.6065E-4,0.0014517,0.004733,0.015954,0.024845,0.038685,0.060258,0.093878,0.12246,0.14623,0.17458
350.0,3.0244E-4,9.6703E-4,0.0031987,0.01094,0.017285,0.027308,0.043167,0.0682,0.089733,0.10776,0.12941
400.0,2.036E-4,6.5956E-4,0.002208,0.0076454,0.012235,0.019572,0.031318,0.050138,0.066468,0.080198,0.096817
450.0,1.326E-4,4.374E-4,0.001491,0.0052536,0.0085652,0.013944,0.022729,0.037041,0.049644,0.060299,0.073352
500.0,8.6896E-5,2.9188E-4,0.0010131,0.0036325,0.0060335,0.0099959,0.016598,0.027536,0.037309,0.04562,0.05592
600.0,2.6351E-5,9.4153E-5,3.5052E-4,0.0013424,0.0023474,0.0041121,0.0071812,0.012575,0.017594,0.021992,0.027508
700.0,1.1924E-5,4.4814E-5,1.7306E-4,6.8761E-4,0.0012473,0.0022688,0.0041093,0.0074774,0.01071,0.013597,0.017298
800.0,5.5273E-6,2.1551E-5,8.6326E-5,3.5585E-4,6.6959E-4,0.0012648,0.0023799,0.0045073,0.0061541,0.0079514,0.010303
1000.0,1.2141E-6,5.0945E-6,2.1963E-5,9.7945E-5,1.9904E-4,4.0662E-4,8.2537E-4,0.001688,0.0025678,0.0034665,0.0046421
1200.0,2.7218E-7,1.2365E-6,5.7756E-6,2.7728E-5,6.0313E-5,1.3368E-4,2.9215E-4,6.452E-4,0.0010455,0.0014341,0.0019857
1500.0,2.996E-8,1.4815E-7,7.3811E-7,4.2832E-6,1.047E-5,2.1266E-5,6.3094E-5,1.2114E-4,2.0407E-4,3.9132E-4,4.0712E-4
SA0P075
r\m,4.0,4.5,5.0,5.5,6.0,6.5,7.0,7.5,7.8,8.0,8.2
0.0,2.0083,2.0083,2.0083,2.0083,2.0083,2.0083,2.019,2.0802,2.1176,2.1431,2.1688
1.0,1.3261,1.9353,1.9864,1.9864,1.9864,1.9864,1.9903,2.0546,2.0941,2.121,2.1482
5.0,0.2118,0.42942,0.88644,1.4909,1.4909,1.4909,1.5113,1.6229,1.6938,1.743,1.7933
10.0,0.07921,0.17521,0.39798,0.92734,0.97199,1.0221,1.0713,1.2059,1.2947,1.3575,1.4231
15.0,0.044153,0.10225,0.24385,0.59866,0.66337,0.73826,0.83253,0.96872,1.061,1.1272,1.1977
20.0,0.02912,0.069607,0.1716,0.43632,0.50156,0.57899,0.68474,0.8167,0.90789,0.9741,1.0453
25.0,0.020807,0.051124,0.1299,0.34093,0.40506,0.48231,0.58327,0.70953,0.79803,0.86306,0.93352
30.0,0.015968,0.040044,0.10394,0.27897,0.33935,0.41316,0.50874,0.62884,0.7143,0.77741,0.84641
40.0,0.010566,0.027308,0.073074,0.20247,0.25445,0.31999,0.4048,0.51358,0.59247,0.65155,0.71665
50.0,0.0076451,0.020195,0.055257,0.15666,0.20152,0.25928,0.33512,0.43375,0.50639,0.56152,0.62253
60.0,0.0064411,0.017323,0.048305,0.13957,0.18323,0.24061,0.31647,0.41636,0.49093,0.54824,0.61164
70.0,0.0055864,0.015241,0.043109,0.12641,0.16835,0.2243,0.29919,0.39924,0.4746,0.53253,0.59799
80.0,0.0049056,0.013552,0.038811,0.11523,0.15541,0.20961,0.28301,0.38225,0.45784,0.51634,0.58213
90.0,0.0043496,0.012147,0.035171,0.10556,0.14394,0.19627,0.26787,0.3657,0.44079,0.49926,0.56549
100.0,0.0038855,0.01096,0.032036,0.097113,0.13371,0.18405,0.25362,0.3496,0.42383,0.48187,0.54786
110.0,0.0034923,0.0099371,0.029299,0.089577,0.12445,0.17284,0.24028,0.33408,0.4071,0.46442,0.52985
120.0,0.0031544,0.0090442,0.026889,0.082904,0.11606,0.16251,0.22765,0.31906,0.39062,0.44713,0.51172
130.0,0.0028607,0.0082644,0.024753,0.076854,0.1084,0.15289,0.21579,0.30458,0.37458,0.42996,0.49357
140.0,0.0026041,0.0075739,0.022839,0.071393,0.10137,0.14395,0.20457,0.29071,0.35901,0.41316,0.47553
150.0,0.0023774,0.0069578,0.021117,0.066431,0.094931,0.13568,0.194,0.27743,0.34381,0.39666,0.45779
175.0,0.0017496,0.0051931,0.015987,0.050994,0.073897,0.10708,0.15528,0.22517,0.2814,0.32651,0.37883
200.0,0.0013183,0.0039609,0.012338,0.039845,0.058467,0.085766,0.12587,0.18473,0.23264,0.27121,0.31621
250.0,7.8817E-4,0.0024175,0.0076842,0.025327,0.037923,0.056777,0.085053,0.12741,0.16236,0.19084,0.22433
300.0,4.9447E-4,0.0015415,0.0049829,0.016702,0.025425,0.038723,0.058963,0.089801,0.11559,0.13676,0.16183
350.0,3.2068E-4,0.0010139,0.0033233,0.011298,0.017445,0.026938,0.04161,0.064265,0.083391,0.09925,0.11809
400.0,2.1308E-4,6.8197E-4,0.0022631,0.0077881,0.012171,0.019023,0.029737,0.046501,0.060799,0.072696,0.086903
450.0,1.3727E-4,4.4709E-4,0.0015097,0.0052878,0.0084093,0.013369,0.021267,0.033841,0.044724,0.053853,0.064842
500.0,8.8985E-5,2.9493E-4,0.0010134,0.0036126,0.0058465,0.0094538,0.015304,0.024782,0.033105,0.040143,0.048683
600.0,3.7927E-5,1.3018E-4,4.6313E-4,0.0013424,0.0023474,0.0041121,0.0071812,0.012575,0.017594,0.021992,0.027508
700.0,1.6395E-5,5.8275E-5,1.7306E-4,6.8761E-4,0.0014252,0.0024666,0.0041093,0.0074355,0.010369,0.012932,0.01614
800.0,5.5273E-6,2.6357E-5,1.0053E-4,3.9837E-4,6.6959E-4,0.0012648,0.0023048,0.0045073,0.0059043,0.0074681,0.0094561
1000.0,1.3962E-6,5.0945E-6,2.2536E-5,9.5833E-5,1.8471E-4,3.54E-4,8.2537E-4,0.001688,0.0019571,0.0034665,0.0046421
1200.0,2.7218E-7,1.2365E-6,5.1561E-6,2.3529E-5,4.8633E-5,1.3368E-4,2.9215E-4,6.452E-4,0.0010455,0.0014341,0.0019857
1500.0,2.5295E-8,1.1892E-7,5.7868E-7,4.2832E-6,1.047E-5,1.5306E-5,6.3094E-5,8.0684E-5,1.336E-4,3.9132E-4,2.6109E-4
SA0P1
r\m,4.0,4.5,5.0,5.5,6.0,6.5,7.0,7.5,7.8,8.0,8.2
0.0,1.4379,1.553,1.553,1.553,1.553,1.553,1.5593,1.5964,1.6188,1.6342,1.6494
1.0,0.91224,1.3691,1.5366,1.5366,1.5366,1.5366,1.5378,1.577,1.6011,1.6174,1.6338
5.0,0.15336,0.31659,0.65996,1.1605,1.1605,1.1605,1.174,1.2488,1.2958,1.3282,1.3612
10.0,0.058732,0.13178,0.30116,0.70004,0.77422,0.80396,0.8338,0.92663,0.98716,1.0298,1.0743
15.0,0.033195,0.077809,0.18628,0.45519,0.53109,0.58256,0.64799,0.74297,0.80648,0.85198,0.89995
20.0,0.02211,0.053409,0.13197,0.33344,0.40296,0.45784,0.53284,0.62554,0.68864,0.73421,0.7829
25.0,0.015919,0.039494,0.10041,0.26144,0.32609,0.38168,0.45394,0.54276,0.60438,0.6492,0.69721
30.0,0.012293,0.031096,0.08068,0.2146,0.27379,0.32748,0.39603,0.4807,0.54009,0.58387,0.63093
40.0,0.0082161,0.021375,0.057108,0.15657,0.20599,0.25414,0.31533,0.39232,0.44741,0.48818,0.53286
50.0,0.0059909,0.015912,0.043416,0.12166,0.16365,0.20631,0.26113,0.33139,0.38197,0.42019,0.46207
60.0,0.0051916,0.014029,0.038959,0.11126,0.15263,0.1963,0.25279,0.32572,0.37909,0.41953,0.46409
70.0,0.0046191,0.012656,0.035621,0.10312,0.14344,0.18699,0.24398,0.31846,0.37368,0.41582,0.46249
80.0,0.0041515,0.011501,0.032771,0.095962,0.13502,0.17808,0.23507,0.31036,0.36668,0.40972,0.45788
90.0,0.0037541,0.010512,0.030265,0.089555,0.12729,0.16964,0.22617,0.30167,0.35854,0.40234,0.45131
100.0,0.0034151,0.0096504,0.028043,0.083744,0.12016,0.16154,0.21738,0.29256,0.34966,0.39373,0.44341
110.0,0.0031208,0.008892,0.026052,0.078452,0.1135,0.15389,0.20876,0.28325,0.34019,0.38438,0.43428
120.0,0.0028626,0.008219,0.024256,0.073602,0.1073,0.14657,0.20033,0.27388,0.33041,0.37441,0.42428
130.0,0.0026332,0.007617,0.022631,0.069135,0.10148,0.13959,0.19215,0.26451,0.32036,0.3641,0.41369
140.0,0.0024294,0.0070688,0.021146,0.065012,0.096075,0.13299,0.18419,0.25517,0.31026,0.3535,0.40271
150.0,0.0022456,0.0065746,0.019782,0.061192,0.090944,0.12673,0.17653,0.24594,0.30014,0.34275,0.39137
175.0,0.0016686,0.0049489,0.015088,0.047296,0.071223,0.10055,0.1419,0.20037,0.24646,0.28292,0.32488
200.0,0.0012677,0.0038044,0.011735,0.037203,0.05669,0.080919,0.11556,0.16514,0.20448,0.23585,0.27193
250.0,7.701E-4,0.0023559,0.0074093,0.023944,0.037196,0.054144,0.078837,0.11478,0.14382,0.16712,0.19419
300.0,4.904E-4,0.0015244,0.0048698,0.015991,0.02523,0.037313,0.055175,0.081607,0.10323,0.12071,0.14117
350.0,3.2281E-4,0.0010163,0.0032904,0.010948,0.017508,0.026228,0.039327,0.058927,0.075126,0.088328,0.10385
400.0,2.1742E-4,6.9257E-4,0.0022684,0.0076363,0.012354,0.018724,0.028386,0.043024,0.055256,0.065245,0.077081
450.0,1.4214E-4,4.6053E-4,0.0015338,0.0052481,0.0086347,0.013298,0.020507,0.031598,0.040985,0.04872,0.05794
500.0,9.3505E-5,3.0815E-4,0.0010436,0.0036293,0.0060727,0.0095027,0.014908,0.023351,0.030589,0.036606,0.043823
600.0,4.1043E-5,1.3993E-4,4.9E-4,0.0017605,0.0030466,0.0049222,0.0071812,0.012575,0.017282,0.020962,0.027508
700.0,1.8271E-5,6.4445E-5,2.3334E-4,8.6607E-4,0.0015502,0.0025857,0.0043438,0.0072665,0.0099029,0.012174,0.014964
800.0,8.2177E-6,2.9987E-5,1.1227E-4,4.3048E-4,7.9691E-4,0.0013724,0.0023858,0.0045073,0.0057333,0.0071432,0.0088975
1000.0,1.6993E-6,6.6371E-6,2.6566E-5,1.0872E-4,2.1528E-4,3.9522E-4,8.2537E-4,0.001688,0.0019643,0.0034665,0.0046421
1200.0,3.5865E-7,1.4993E-6,6.4158E-6,2.8022E-5,5.9358E-5,1.3368E-4,2.9215E-4,6.452E-4,0.0010455,0.0014341,0.0019857
1500.0,3.566E-8,1.6507E-7,7.8087E-7,4.2832E-6,1.047E-5,1.898E-5,6.3094E-5,9.124E-5,1.4566E-4,3.9132E-4,2.7241E-4
SA0P15
r\m,4.0,4.5,5.0,5.5,6.0,6.5,7.0,7.5,7.8,8.0,8.2
0.0,0.67285,0.91814,1.0852,1.0852,1.0852,1.0852,1.0897,1.1163,1.1316,1.143,1.154
1.0,0.4411,0.70958,1.074,1.074,1.074,1.074,1.0751,1.1027,1.1193,1.1306,1.1427
5.0,0.080618,0.1753,0.36602,0.731,0.82057,0.82057,0.82903,0.87603,0.90544,0.9256,0.94626
10.0,0.032046,0.075208,0.17099,0.37581,0.55571,0.56983,0.58723,0.64458,0.6816,0.70742,0.73426
15.0,0.01851,0.045191,0.10718,0.24665,0.38337,0.4139,0.45404,0.51216,0.55061,0.5778,0.60635
20.0,0.01252,0.031406,0.076649,0.18185,0.29197,0.32568,0.37189,0.42836,0.46619,0.49337,0.52199
25.0,0.0091194,0.02343,0.058682,0.14319,0.23667,0.27133,0.31593,0.36992,0.40668,0.43314,0.4614
30.0,0.0071084,0.018585,0.047405,0.11791,0.19894,0.23264,0.27505,0.32646,0.36192,0.38761,0.41512
40.0,0.0048243,0.012932,0.033878,0.0866,0.15029,0.18076,0.2188,0.26541,0.29799,0.32198,0.34781
50.0,0.0035648,0.0097388,0.025993,0.067756,0.11999,0.14722,0.18137,0.22373,0.25377,0.27601,0.3003
60.0,0.0032078,0.0088986,0.024142,0.064021,0.11549,0.14439,0.18063,0.22594,0.25851,0.28273,0.30929
70.0,0.0029564,0.0083008,0.022794,0.061185,0.11171,0.14133,0.1789,0.22646,0.26094,0.28679,0.3151
80.0,0.0027392,0.0077737,0.021568,0.058505,0.10794,0.13796,0.17642,0.22566,0.26153,0.28856,0.3185
90.0,0.0025496,0.0073019,0.020446,0.055978,0.1042,0.13442,0.17345,0.22385,0.26086,0.2889,0.31999
100.0,0.0023811,0.0068746,0.019408,0.053569,0.10056,0.13075,0.1701,0.22129,0.25915,0.28792,0.3198
110.0,0.0022294,0.0064848,0.018445,0.051297,0.096986,0.12704,0.16648,0.21818,0.25662,0.28594,0.3186
120.0,0.0020923,0.0061255,0.017542,0.049106,0.0935,0.1233,0.16264,0.21462,0.25342,0.28313,0.31634
130.0,0.0019675,0.0057958,0.016702,0.047044,0.090119,0.11958,0.15871,0.21068,0.24971,0.27966,0.31324
140.0,0.0018527,0.0054899,0.01591,0.045073,0.086839,0.11587,0.15469,0.20649,0.24561,0.27569,0.30947
150.0,0.0017473,0.0052056,0.015164,0.043189,0.08364,0.11224,0.15062,0.20212,0.24115,0.27127,0.30516
175.0,0.0013292,0.0040071,0.011809,0.034031,0.066664,0.090479,0.12288,0.16689,0.2005,0.22662,0.25616
200.0,0.0010335,0.0031472,0.0093713,0.02729,0.054034,0.074096,0.10166,0.13946,0.1686,0.19134,0.21717
250.0,6.566E-4,0.0020348,0.0061652,0.018259,0.036784,0.051325,0.071626,0.099958,0.12211,0.13954,0.15949
300.0,4.3702E-4,0.0013734,0.0042202,0.012678,0.025902,0.036647,0.051867,0.073419,0.090433,0.10391,0.11943
350.0,3.0038E-4,9.5497E-4,0.0029694,0.0090274,0.018662,0.026728,0.038275,0.054822,0.068006,0.078521,0.090646
400.0,2.1131E-4,6.7873E-4,0.0021323,0.0065486,0.013679,0.019784,0.028639,0.04143,0.051716,0.059957,0.069509
450.0,1.4449E-4,4.7096E-4,0.0015018,0.0046809,0.0099235,0.014565,0.021399,0.031401,0.039539,0.046137,0.053804
500.0,9.9417E-5,3.2882E-4,0.0010643,0.0033667,0.0072439,0.01079,0.016089,0.023948,0.030417,0.035723,0.041906
600.0,4.7738E-5,1.6259E-4,5.4216E-4,0.0017665,0.0039153,0.0060061,0.0092247,0.014128,0.018259,0.021723,0.027508
700.0,2.3248E-5,8.1534E-5,2.801E-4,9.4005E-4,0.0021462,0.0033907,0.0053641,0.0084534,0.011116,0.013397,0.016092
800.0,1.1439E-5,4.1311E-5,1.4621E-4,5.0543E-4,0.0011886,0.001934,0.0031515,0.0051103,0.0068373,0.0083481,0.010146
1000.0,2.8309E-6,1.084E-5,4.0724E-5,1.4936E-4,3.7268E-4,6.4317E-4,0.001112,0.0019091,0.0026443,0.0034665,0.0046421
1200.0,7.1503E-7,2.9033E-6,1.1577E-5,4.5045E-5,1.1926E-4,2.183E-4,4.0046E-4,7.2787E-4,0.0010455,0.0014341,0.0019857
1500.0,9.308E-8,4.1267E-7,1.7993E-6,7.651E-6,2.214E-5,4.4269E-5,8.8749E-5,1.7572E-4,2.6546E-4,3.9132E-4,4.6846E-4
SA0P2
r\m,4.0,4.5,5.0,5.5,6.0,6.5,7.0,7.5,7.8,8.0,8.2
0.0,0.38377,0.5535,0.78116,0.8265,0.8265,0.8265,0.83101,0.8584,0.87452,0.88581,0.89788
1.0,0.25545,0.43167,0.67558,0.81791,0.81791,0.81791,0.82037,0.84855,0.86546,0.87674,0.88882
5.0,0.048694,0.11025,0.23186,0.45121,0.62971,0.62971,0.6368,0.67599,0.7007,0.71764,0.73499
10.0,0.019736,0.048068,0.1097,0.2342,0.42193,0.43342,0.45031,0.49504,0.52398,0.54421,0.56521
15.0,0.011531,0.029155,0.069279,0.15455,0.29216,0.31549,0.34689,0.39126,0.42051,0.44128,0.463
20.0,0.0078624,0.020397,0.049804,0.11438,0.22307,0.24858,0.28342,0.32592,0.35443,0.3748,0.39632
25.0,0.0057562,0.015278,0.038229,0.090132,0.18089,0.20702,0.24039,0.28072,0.30818,0.32786,0.34888
30.0,0.0045072,0.01216,0.030963,0.074371,0.1522,0.17748,0.20913,0.24737,0.27363,0.29266,0.31306
40.0,0.0030842,0.0085236,0.022251,0.054853,0.11534,0.13812,0.16639,0.20095,0.22497,0.24258,0.26163
50.0,0.0022983,0.0064625,0.017181,0.04313,0.092426,0.11281,0.13817,0.16961,0.19174,0.20807,0.2258
60.0,0.0020947,0.0059775,0.016138,0.041186,0.089859,0.1117,0.1388,0.17258,0.19662,0.2145,0.23411
70.0,0.0019543,0.0056433,0.01541,0.039774,0.087759,0.11033,0.13866,0.17435,0.19996,0.21906,0.24008
80.0,0.0018337,0.0053452,0.014738,0.038431,0.085615,0.10868,0.13791,0.17499,0.20186,0.2221,0.24443
90.0,0.0017262,0.0050756,0.014117,0.037123,0.083432,0.10681,0.13671,0.175,0.20299,0.22408,0.2472
100.0,0.00163,0.0048316,0.01354,0.035888,0.081267,0.10483,0.1352,0.17436,0.20313,0.2249,0.24896
110.0,0.0015432,0.0046052,0.012995,0.034696,0.079096,0.10275,0.13342,0.17328,0.20268,0.22502,0.24983
120.0,0.0014638,0.0043957,0.012486,0.033532,0.076954,0.10061,0.13145,0.17181,0.20173,0.22453,0.24991
130.0,0.0013909,0.0042001,0.012002,0.032426,0.074843,0.098425,0.12934,0.17001,0.20032,0.22348,0.24933
140.0,0.0013234,0.0040192,0.011542,0.031358,0.072766,0.096185,0.12712,0.16799,0.19859,0.22202,0.24821
150.0,0.0012609,0.0038484,0.011109,0.030329,0.070734,0.093979,0.1248,0.16578,0.19652,0.22016,0.24662
175.0,9.7888E-4,0.0030216,0.0088218,0.024345,0.057394,0.077104,0.10352,0.13904,0.16594,0.18673,0.21011
200.0,7.7705E-4,0.0024216,0.0071374,0.019893,0.047368,0.064234,0.087091,0.11812,0.14178,0.16017,0.18093
250.0,5.1446E-4,0.0016292,0.0048812,0.013831,0.033467,0.046136,0.063577,0.087594,0.10624,0.12078,0.13731
300.0,3.5683E-4,0.0011455,0.0034768,0.0099819,0.024482,0.034196,0.047747,0.066685,0.081475,0.093153,0.10643
350.0,2.5551E-4,8.2947E-4,0.0025462,0.0073925,0.018335,0.025899,0.036576,0.051648,0.063534,0.072932,0.083726
400.0,1.8731E-4,6.1403E-4,0.0019035,0.0055794,0.01397,0.019932,0.02842,0.040527,0.050139,0.057779,0.066595
450.0,1.3346E-4,4.4369E-4,0.0013947,0.0041454,0.010526,0.015228,0.022018,0.031817,0.039716,0.045995,0.053339
500.0,9.568E-5,3.226E-4,0.0010282,0.0030992,0.0079804,0.011707,0.017164,0.025135,0.031656,0.036843,0.042987
600.0,4.9882E-5,1.7298E-4,5.6689E-4,0.001757,0.0046528,0.0070175,0.01058,0.015911,0.020398,0.023977,0.028321
700.0,2.6374E-5,9.4069E-5,3.1697E-4,0.0010102,0.0027512,0.0042663,0.0066138,0.010214,0.013331,0.015826,0.018923
800.0,1.409E-5,5.1687E-5,1.7907E-4,5.8684E-4,0.0016436,0.0026205,0.0041774,0.0066253,0.008802,0.010554,0.012774
1000.0,4.1103E-6,1.595E-5,5.8418E-5,2.0243E-4,5.9967E-4,0.0010107,0.0017035,0.0028493,0.0039227,0.0047978,0.0059511
1200.0,1.2238E-6,5.0238E-6,1.9451E-5,7.1272E-5,2.233E-4,3.9783E-4,7.0901E-4,0.0012506,0.0017843,0.002226,0.0028295
1500.0,2.0389E-7,9.1066E-7,3.8324E-6,1.5268E-5,5.2032E-5,1.0075E-4,1.9523E-4,3.7296E-4,5.613E-4,7.2142E-4,9.5131E-4
SA0P25
r\m,4.0,4.5,5.0,5.5,6.0,6.5,7.0,7.5,7.8,8.0,8.2
0.0,0.26252,0.39813,0.57559,0.70644,0.70644,0.70644,0.71244,0.7454,0.76588,0.77979,0.7937
1.0,0.17588,0.31164,0.49874,0.69945,0.69945,0.69945,0.70341,0.73686,0.75735,0.77125,0.78588
5.0,0.034183,0.080741,0.17284,0.33363,0.54016,0.54016,0.54746,0.58745,0.61281,0.63034,0.64838
10.0,0.013985,0.035457,0.0822,0.17376,0.33411,0.36586,0.38567,0.4277,0.45507,0.47422,0.49427
15.0,0.0082155,0.021597,0.052065,0.11488,0.23154,0.2663,0.29575,0.33603,0.36283,0.38184,0.40193
20.0,0.0056239,0.015155,0.037508,0.08514,0.17689,0.2098,0.24076,0.27879,0.30433,0.32271,0.34219
25.0,0.0041248,0.011364,0.0288,0.067069,0.14327,0.17444,0.20383,0.23949,0.26378,0.28141,0.30017
30.0,0.0032355,0.0090577,0.023341,0.055351,0.12053,0.14945,0.17712,0.21063,0.23377,0.2506,0.26868
40.0,0.0022236,0.0063707,0.016813,0.040892,0.091422,0.11636,0.14081,0.17089,0.19189,0.20728,0.22396
50.0,0.0016649,0.0048505,0.01303,0.032254,0.073428,0.095154,0.11708,0.14428,0.16347,0.1777,0.1932
60.0,0.0015186,0.004488,0.012236,0.030781,0.071283,0.094048,0.11733,0.14636,0.16713,0.18263,0.19955
70.0,0.0014193,0.0042418,0.01169,0.029724,0.06961,0.092837,0.11707,0.14769,0.16968,0.18617,0.20423
80.0,0.0013347,0.0040253,0.011201,0.028748,0.067971,0.09149,0.11644,0.14821,0.17136,0.18866,0.2078
90.0,0.0012602,0.0038328,0.010754,0.027842,0.066347,0.090061,0.11555,0.14828,0.17224,0.19029,0.21025
100.0,0.0011943,0.0036584,0.010344,0.026979,0.064775,0.088556,0.11446,0.14798,0.17262,0.19129,0.21196
110.0,0.0011348,0.0035013,0.0099621,0.026151,0.063212,0.087013,0.11323,0.14734,0.17258,0.19175,0.21303
120.0,0.001081,0.0033538,0.0096056,0.025373,0.061714,0.085445,0.11187,0.14646,0.17217,0.19175,0.21357
130.0,0.0010318,0.0032185,0.0092717,0.024628,0.060224,0.083874,0.11041,0.14536,0.17144,0.19137,0.21364
140.0,9.863E-4,0.0030939,0.0089561,0.023912,0.058781,0.082299,0.10889,0.1441,0.17049,0.19069,0.2133
150.0,9.441E-4,0.0029765,0.0086559,0.023228,0.057367,0.080717,0.10731,0.1427,0.1693,0.18974,0.21264
175.0,7.4583E-4,0.0023764,0.006986,0.018942,0.047269,0.067191,0.090299,0.12137,0.14496,0.16313,0.18363
200.0,6.0207E-4,0.0019369,0.0057486,0.015729,0.039639,0.056867,0.077122,0.10464,0.12568,0.14197,0.16038
250.0,4.1304E-4,0.0013493,0.0040669,0.011309,0.028945,0.042182,0.058095,0.08006,0.097039,0.11036,0.12542
300.0,2.9698E-4,9.8265E-4,0.0029989,0.0084478,0.021896,0.032321,0.045102,0.06294,0.076876,0.087822,0.10033
350.0,2.2049E-4,7.3743E-4,0.0022751,0.0064773,0.016974,0.025327,0.035726,0.05039,0.061943,0.071079,0.081599
400.0,1.6761E-4,5.6592E-4,0.0017623,0.0050651,0.013396,0.020176,0.028731,0.040902,0.050559,0.058232,0.067064
450.0,1.2373E-4,4.2336E-4,0.0013365,0.0038938,0.010437,0.015932,0.022982,0.033174,0.041337,0.047865,0.055422
500.0,9.1901E-5,3.1868E-4,0.0010199,0.003012,0.008183,0.01266,0.018499,0.027074,0.034008,0.039589,0.046087
600.0,5.1429E-5,1.8315E-4,6.0245E-4,0.0018281,0.0051018,0.0081075,0.012156,0.01829,0.023347,0.027469,0.032324
700.0,2.9188E-5,1.0676E-4,3.609E-4,0.0011252,0.0032258,0.0052658,0.0081014,0.012532,0.016255,0.01933,0.022993
800.0,1.6738E-5,6.2872E-5,2.1844E-4,6.9981E-4,0.0020608,0.0034555,0.0054551,0.008675,0.011435,0.013744,0.016525
1000.0,5.6259E-6,2.229E-5,8.1802E-5,2.7668E-4,8.5975E-4,0.0015211,0.0025283,0.0042495,0.0057842,0.0071018,0.008725
1200.0,1.93E-6,8.0655E-6,3.1265E-5,1.1164E-4,3.6608E-4,6.8338E-4,0.001196,0.0021245,0.0029862,0.0037455,0.0047017
1500.0,3.9768E-7,1.8003E-6,7.5758E-6,2.9347E-5,1.043E-4,2.1104E-4,3.9903E-4,7.7018E-4,0.001136,0.0014711,0.0019073
SA0P3
r\m,4.0,4.5,5.0,5.5,6.0,6.5,7.0,7.5,7.8,8.0,8.2
0.0,0.17983,0.28851,0.43252,0.60659,0.60961,0.60961,0.61686,0.65623,0.68107,0.69817,0.71571
1.0,0.12107,0.22641,0.37523,0.55979,0.60358,0.60358,0.60906,0.64862,0.67354,0.69063,0.70813
5.0,0.023927,0.059323,0.13093,0.25606,0.44378,0.467,0.4747,0.51686,0.54395,0.56276,0.58228
10.0,0.0098727,0.026211,0.062514,0.13363,0.25598,0.30982,0.33267,0.37359,0.40053,0.41955,0.43944
15.0,0.0058289,0.016024,0.03969,0.088452,0.1774,0.2253,0.2537,0.29157,0.31693,0.33506,0.35427
20.0,0.0040044,0.011273,0.028641,0.065604,0.13552,0.17737,0.20571,0.24067,0.26439,0.28153,0.29978
25.0,0.0029407,0.008455,0.021981,0.051637,0.10961,0.14715,0.17363,0.20605,0.2283,0.24446,0.26182
30.0,0.0023108,0.0067453,0.017822,0.042605,0.092142,0.12595,0.15065,0.18083,0.20183,0.21716,0.23365
40.0,0.0015942,0.0047587,0.012866,0.031518,0.069905,0.098028,0.11961,0.14637,0.16521,0.17905,0.1941
50.0,0.0011995,0.0036382,0.010004,0.024924,0.056267,0.08029,0.099537,0.12361,0.14073,0.15349,0.16736
60.0,0.0010898,0.0033517,0.0093472,0.023652,0.054273,0.078763,0.098967,0.12436,0.14262,0.15627,0.17123
70.0,0.0010159,0.0031567,0.0088974,0.022747,0.052753,0.077363,0.098214,0.12475,0.14394,0.15831,0.17421
80.0,9.538E-4,0.002991,0.0085058,0.02194,0.051359,0.075999,0.097339,0.12468,0.14462,0.15969,0.17629
90.0,9.0048E-4,0.0028459,0.0081599,0.021219,0.050059,0.074656,0.096374,0.12442,0.14503,0.16057,0.17791
100.0,8.5385E-4,0.0027181,0.0078491,0.020558,0.048833,0.073356,0.095353,0.12398,0.14512,0.16118,0.17902
110.0,8.125E-4,0.0026029,0.0075652,0.019941,0.047682,0.072081,0.094298,0.12338,0.14498,0.16143,0.17974
120.0,7.7544E-4,0.0024997,0.0073048,0.01937,0.046583,0.070833,0.093214,0.12266,0.14462,0.16143,0.18017
130.0,7.4201E-4,0.0024036,0.0070655,0.018834,0.045536,0.069616,0.092104,0.12185,0.14414,0.16121,0.1803
140.0,7.1128E-4,0.0023162,0.006841,0.018329,0.04455,0.068425,0.090964,0.12096,0.14349,0.16081,0.18021
150.0,6.8331E-4,0.0022351,0.0066307,0.01785,0.043576,0.067251,0.089825,0.11999,0.14275,0.16028,0.17993
175.0,5.494E-4,0.0018155,0.0054417,0.014799,0.036477,0.056883,0.07674,0.10358,0.12397,0.13977,0.15757
200.0,4.5159E-4,0.0015062,0.0045552,0.012501,0.031103,0.04891,0.066589,0.090669,0.10915,0.12349,0.13969
250.0,3.2152E-4,0.0010881,0.0033416,0.0093063,0.023508,0.037531,0.051844,0.071677,0.08703,0.099071,0.11273
300.0,2.4001E-4,8.2234E-4,0.0025557,0.007205,0.018425,0.029781,0.041661,0.058269,0.071273,0.081539,0.093248
350.0,1.8516E-4,6.4108E-4,0.0020129,0.0057331,0.01481,0.024187,0.034187,0.048321,0.059466,0.068302,0.078439
400.0,1.463E-4,5.1097E-4,0.0016188,0.0046533,0.01213,0.019988,0.028502,0.040643,0.050287,0.057956,0.066795
450.0,1.1211E-4,3.9673E-4,0.0012726,0.0037077,0.0097893,0.016342,0.023602,0.034084,0.042501,0.049227,0.057038
500.0,8.6449E-5,3.0995E-4,0.0010067,0.0029727,0.0079496,0.013444,0.019666,0.028762,0.036144,0.042074,0.04901
600.0,5.2137E-5,1.919E-4,6.3898E-4,0.0019382,0.0053173,0.0092285,0.013849,0.020774,0.026515,0.031174,0.036701
700.0,3.1889E-5,1.2049E-4,4.1132E-4,0.0012817,0.0036071,0.0064249,0.0098908,0.015218,0.019727,0.023425,0.027874
800.0,1.9707E-5,7.6438E-5,2.6752E-4,8.5629E-4,0.0024723,0.0045193,0.0071372,0.011263,0.014829,0.017785,0.021389
1000.0,7.6932E-6,3.1446E-5,1.1567E-4,3.9071E-4,0.0011872,0.0022857,0.0037989,0.0063064,0.0085649,0.01048,0.012874
1200.0,3.0652E-6,1.3204E-5,5.1048E-5,1.8195E-4,5.8184E-4,0.0011799,0.0020637,0.0036039,0.0050491,0.0063022,0.007909
1500.0,7.9053E-7,3.6839E-6,1.5347E-5,5.9296E-5,2.0472E-4,4.4875E-4,8.4736E-4,0.0015966,0.0023436,0.003014,0.0039052
SA0P4
r\m,4.0,4.5,5.0,5.5,6.0,6.5,7.0,7.5,7.8,8.0,8.2
0.0,0.10338,0.17949,0.28591,0.41792,0.48325,0.48325,0.49191,0.53924,0.56979,0.59113,0.61327
1.0,0.070208,0.14154,0.24866,0.38612,0.47848,0.47848,0.48577,0.53298,0.56342,0.58474,0.60684
5.0,0.014155,0.037603,0.087508,0.17744,0.31372,0.37084,0.37923,0.42423,0.4538,0.47465,0.49644
10.0,0.0058884,0.016699,0.041878,0.092598,0.1806,0.23803,0.26369,0.3034,0.33007,0.34909,0.36927
15.0,0.0034929,0.010238,0.026615,0.061259,0.1249,0.17257,0.19931,0.23425,0.25813,0.27541,0.29379
20.0,0.0024076,0.0072167,0.019219,0.045412,0.095256,0.13552,0.16047,0.19181,0.21344,0.22926,0.2462
25.0,0.0017698,0.0054112,0.014727,0.035659,0.076775,0.11197,0.13485,0.16325,0.18311,0.19771,0.21344
30.0,0.0013921,0.0043186,0.011941,0.029384,0.06441,0.095587,0.11654,0.14274,0.16114,0.17475,0.18946
40.0,9.6421E-4,0.0030544,0.0086271,0.02174,0.048816,0.074213,0.09229,0.11499,0.13118,0.14325,0.15644
50.0,7.2918E-4,0.0023448,0.0067291,0.017228,0.039341,0.060826,0.076732,0.096964,0.11155,0.12249,0.13451
60.0,6.5493E-4,0.0021331,0.0062034,0.016111,0.037352,0.058666,0.074944,0.095752,0.11091,0.12233,0.13494
70.0,6.0442E-4,0.0019881,0.0058389,0.015311,0.035871,0.056889,0.073366,0.094652,0.11023,0.12214,0.13522
80.0,5.6344E-4,0.0018693,0.0055364,0.014645,0.034599,0.055333,0.071971,0.09362,0.10962,0.12182,0.13526
90.0,5.2925E-4,0.0017692,0.0052792,0.014073,0.03348,0.053957,0.070696,0.092637,0.10896,0.1214,0.13532
100.0,5.0008E-4,0.0016828,0.0050556,0.013563,0.032499,0.052726,0.069531,0.091714,0.10829,0.12097,0.13515
110.0,4.7485E-4,0.0016075,0.0048589,0.013116,0.031613,0.051602,0.068463,0.090829,0.10764,0.12053,0.13496
120.0,4.5278E-4,0.001541,0.0046842,0.012714,0.030809,0.050566,0.067442,0.089992,0.10697,0.12005,0.13472
130.0,4.3325E-4,0.0014819,0.0045255,0.012348,0.030081,0.049599,0.066501,0.089175,0.10633,0.11955,0.13444
140.0,4.1558E-4,0.0014282,0.0043834,0.012014,0.029401,0.048704,0.06561,0.088374,0.10569,0.11905,0.13411
150.0,3.9968E-4,0.0013796,0.0042533,0.011705,0.028773,0.047875,0.064776,0.087614,0.10503,0.11853,0.13376
175.0,3.2849E-4,0.0011445,0.0035608,0.0098969,0.024559,0.041247,0.056351,0.076947,0.092792,0.10511,0.11909
200.0,2.7622E-4,9.7081E-4,0.0030455,0.008537,0.02136,0.036185,0.04983,0.068637,0.08317,0.094532,0.10745
250.0,2.0586E-4,7.3362E-4,0.0023346,0.0066338,0.016838,0.028928,0.040392,0.056428,0.068963,0.078804,0.090062
300.0,1.6103E-4,5.8074E-4,0.0018689,0.0053737,0.013789,0.023967,0.033855,0.047821,0.058844,0.067543,0.077565
350.0,1.3031E-4,4.7427E-4,0.0015413,0.0044744,0.011599,0.02035,0.029023,0.041398,0.051225,0.059045,0.068059
400.0,1.0804E-4,3.9654E-4,0.0012998,0.0038042,0.0099405,0.017591,0.025306,0.036393,0.045264,0.052349,0.060552
450.0,8.6795E-5,3.2224E-4,0.001069,0.0031679,0.0083774,0.015004,0.02185,0.031802,0.039841,0.046299,0.053855
500.0,7.0162E-5,2.6349E-4,8.8462E-4,0.0026544,0.0071041,0.012876,0.018984,0.027963,0.035287,0.041204,0.048197
600.0,4.6503E-5,1.787E-4,6.1447E-4,0.0018903,0.0051817,0.0096199,0.014535,0.021929,0.028076,0.033101,0.039155
700.0,3.1259E-5,1.2291E-4,4.3288E-4,0.0013653,0.0038331,0.0072888,0.011287,0.01744,0.022656,0.026968,0.03226
800.0,2.123E-5,8.5414E-5,3.0811E-4,9.9631E-4,0.0028649,0.0055799,0.008855,0.014015,0.018471,0.022199,0.026854
1000.0,1.001E-5,4.2165E-5,1.5956E-4,5.4233E-4,0.0016359,0.0033427,0.0055715,0.0092504,0.012551,0.015377,0.019022
1200.0,4.8172E-6,2.1244E-5,8.4334E-5,3.013E-4,9.5339E-4,0.0020437,0.0035778,0.0062317,0.0087037,0.01087,0.013752
1500.0,1.6491E-6,7.7911E-6,3.3232E-5,1.2794E-4,4.3499E-4,0.001002,0.0018881,0.0035335,0.0051546,0.006626,0.0086688
SA0P5
r\m,4.0,4.5,5.0,5.5,6.0,6.5,7.0,7.5,7.8,8.0,8.2
0.0,0.067186,0.12306,0.20546,0.3132,0.39272,0.39272,0.40167,0.45068,0.48293,0.50571,0.52958
1.0,0.046041,0.097582,0.17926,0.28985,0.38889,0.38889,0.39668,0.4455,0.47758,0.50027,0.52404
5.0,0.0094005,0.026199,0.063625,0.13404,0.24486,0.29735,0.31056,0.35509,0.38477,0.40597,0.42826
10.0,0.0039201,0.011647,0.030446,0.069875,0.14078,0.1897,0.21514,0.25252,0.27806,0.29641,0.31607
15.0,0.0023281,0.0071416,0.019337,0.046155,0.097159,0.13718,0.16168,0.19369,0.21588,0.23208,0.24941
20.0,0.001606,0.0050346,0.013955,0.034171,0.073968,0.10748,0.12965,0.15774,0.17745,0.19197,0.2077
25.0,0.0011805,0.0037716,0.01068,0.026777,0.059439,0.088562,0.10848,0.13374,0.15158,0.16483,0.17924
30.0,9.2861E-4,0.0030085,0.008646,0.022034,0.049771,0.075466,0.093571,0.11659,0.13299,0.14519,0.15851
40.0,6.4394E-4,0.0021285,0.0062483,0.016282,0.037656,0.058426,0.073864,0.093541,0.10781,0.11847,0.13029
50.0,4.8783E-4,0.0016366,0.0048772,0.012909,0.030348,0.047852,0.061338,0.078746,0.091476,0.10108,0.11172
60.0,4.336E-4,0.0014722,0.0044437,0.011923,0.028443,0.045523,0.059059,0.076644,0.089648,0.099477,0.11043
70.0,3.9649E-4,0.0013594,0.0041417,0.011221,0.027022,0.043672,0.057179,0.074894,0.088054,0.098083,0.10927
80.0,3.6691E-4,0.0012682,0.0038966,0.010644,0.025848,0.042113,0.055591,0.073397,0.086703,0.096899,0.10828
90.0,3.4273E-4,0.0011933,0.0036926,0.010161,0.024851,0.040787,0.054223,0.07209,0.085529,0.095852,0.10741
100.0,3.225E-4,0.00113,0.0035196,0.0097461,0.023992,0.039634,0.053029,0.070948,0.08448,0.094926,0.10664
110.0,3.0534E-4,0.0010758,0.0033703,0.0093871,0.023246,0.038621,0.051962,0.069921,0.083544,0.09408,0.10595
120.0,2.9038E-4,0.0010285,0.0032391,0.0090695,0.022585,0.037708,0.051001,0.06899,0.082703,0.093323,0.10532
130.0,2.772E-4,9.8681E-4,0.0031226,0.0087873,0.021977,0.036892,0.050135,0.068145,0.081932,0.09264,0.10474
140.0,2.657E-4,9.4987E-4,0.0030198,0.0085338,0.021437,0.03615,0.049358,0.067382,0.081218,0.091988,0.1042
150.0,2.5524E-4,9.1675E-4,0.0029258,0.0083056,0.020964,0.035481,0.04864,0.066666,0.080563,0.091401,0.1037
175.0,2.1226E-4,7.693E-4,0.0024779,0.0070986,0.018075,0.030879,0.04272,0.059105,0.071815,0.081787,0.093138
200.0,1.8074E-4,6.6025E-4,0.0021447,0.0061936,0.015896,0.02737,0.038184,0.053247,0.065026,0.074271,0.084866
250.0,1.3818E-4,5.116E-4,0.0016842,0.0049291,0.012826,0.022392,0.031662,0.044748,0.055079,0.063252,0.072645
300.0,1.1099E-4,4.1541E-4,0.001383,0.0040936,0.010766,0.019001,0.027158,0.038825,0.048102,0.055476,0.063985
350.0,9.2241E-5,3.4847E-4,0.0011708,0.0034969,0.0092839,0.016541,0.023859,0.034419,0.042898,0.049646,0.057493
400.0,7.8565E-5,2.9929E-4,0.0010137,0.0030516,0.0081677,0.014669,0.021332,0.031021,0.038836,0.04511,0.052416
450.0,6.4783E-5,2.4966E-4,8.5547E-4,0.002605,0.0070529,0.012814,0.018849,0.027736,0.034974,0.040797,0.047631
500.0,5.3751E-5,2.0955E-4,7.2644E-4,0.0022376,0.0061282,0.011263,0.016758,0.024953,0.031693,0.037127,0.043552
600.0,3.7533E-5,1.4975E-4,5.3132E-4,0.0016746,0.0046928,0.0088259,0.013436,0.020486,0.026396,0.031187,0.036934
700.0,2.658E-5,1.0853E-4,3.9412E-4,0.001271,0.0036446,0.0070143,0.010926,0.017058,0.022297,0.026569,0.031765
800.0,1.9018E-5,7.947E-5,2.9538E-4,9.7471E-4,0.0028598,0.0056324,0.0089765,0.01435,0.01903,0.022869,0.027603
1000.0,9.9526E-6,4.3557E-5,1.696E-4,5.8594E-4,0.0017999,0.0037123,0.0061937,0.010381,0.014169,0.017319,0.021306
1200.0,5.3158E-6,2.4366E-5,9.9385E-5,3.595E-4,0.0011562,0.0024972,0.0043617,0.007665,0.010767,0.013387,0.016785
1500.0,2.1279E-6,1.0454E-5,4.572E-5,1.7717E-4,6.1045E-4,0.0014129,0.0026433,0.004987,0.0073145,0.0093293,0.012036
SA0P75
r\m,4.0,4.5,5.0,5.5,6.0,6.5,7.0,7.5,7.8,8.0,8.2
0.0,0.0297,0.059345,0.1089,0.18345,0.27927,0.27927,0.2876,0.33401,0.36539,0.38793,0.41182
1.0,0.020648,0.047471,0.095474,0.17021,0.27403,0.27652,0.28405,0.33011,0.36121,0.38362,0.40736
5.0,0.0042708,0.012875,0.034142,0.079128,0.16022,0.20646,0.22267,0.26278,0.29027,0.31015,0.3314
10.0,0.0017778,0.0056979,0.016228,0.040926,0.091366,0.13071,0.15285,0.18467,0.20685,0.22313,0.24062
15.0,0.0010541,0.0034814,0.010251,0.026849,0.062564,0.093724,0.11354,0.13976,0.15827,0.17196,0.1869
20.0,7.2627E-4,0.0024477,0.0073674,0.019772,0.04733,0.072908,0.090171,0.11255,0.12862,0.14053,0.15358
25.0,5.3275E-4,0.0018285,0.0056144,0.015413,0.037813,0.059642,0.074851,0.094564,0.1088,0.11944,0.13116
30.0,4.1862E-4,0.0014551,0.0045317,0.012635,0.031514,0.05053,0.064168,0.081822,0.0947,0.10433,0.11505
40.0,2.8994E-4,0.0010268,0.0032612,0.0092841,0.023683,0.038829,0.050166,0.064986,0.075898,0.084147,0.093344
50.0,2.1971E-4,7.8887E-4,0.0025405,0.0073378,0.019007,0.031646,0.041424,0.05431,0.063894,0.07121,0.079364
60.0,1.9372E-4,7.0325E-4,0.0022915,0.006702,0.017596,0.029707,0.039322,0.052079,0.061637,0.068967,0.077166
70.0,1.759E-4,6.4423E-4,0.0021181,0.0062509,0.016561,0.028202,0.037657,0.050292,0.059825,0.06716,0.0754
80.0,1.6197E-4,5.9778E-4,0.0019802,0.0058882,0.015719,0.026978,0.036291,0.048818,0.058328,0.065682,0.073953
90.0,1.5077E-4,5.6001E-4,0.0018676,0.0055904,0.015023,0.02596,0.035147,0.047587,0.057081,0.06444,0.072744
100.0,1.4149E-4,5.2854E-4,0.0017731,0.0053399,0.014433,0.025093,0.034165,0.046539,0.056013,0.063387,0.071724
110.0,1.3363E-4,5.0195E-4,0.0016927,0.0051262,0.013934,0.024351,0.03333,0.045633,0.055106,0.06248,0.070843
120.0,1.2693E-4,4.792E-4,0.0016236,0.00494,0.013496,0.023698,0.032604,0.044847,0.054307,0.061699,0.0701
130.0,1.2114E-4,4.5931E-4,0.0015635,0.0047779,0.013111,0.023127,0.031955,0.044154,0.053615,0.061012,0.069434
140.0,1.1606E-4,4.4181E-4,0.0015103,0.0046358,0.01277,0.022621,0.031378,0.043545,0.052995,0.060409,0.068872
150.0,1.1157E-4,4.2644E-4,0.0014631,0.004507,0.012467,0.022161,0.030875,0.043,0.052454,0.059876,0.068376
175.0,9.3758E-5,3.6148E-4,0.0012508,0.0038864,0.010838,0.019428,0.027283,0.038336,0.046999,0.053851,0.061697
200.0,8.0747E-5,3.1352E-4,0.0010933,0.0034216,0.009616,0.017369,0.024569,0.034768,0.042828,0.049205,0.05655
250.0,6.3228E-5,2.4859E-4,8.7761E-4,0.0027807,0.0079138,0.014472,0.020732,0.029709,0.036853,0.042548,0.049147
300.0,5.2083E-5,2.0683E-4,7.3751E-4,0.002361,0.0067873,0.012538,0.018144,0.026255,0.032788,0.038002,0.044052
350.0,4.4402E-5,1.7788E-4,6.3983E-4,0.0020657,0.0059879,0.011158,0.016287,0.023771,0.029825,0.034698,0.040366
400.0,3.8848E-5,1.5677E-4,5.6788E-4,0.0018475,0.0053965,0.010128,0.014892,0.021897,0.027596,0.032199,0.037559
450.0,3.283E-5,1.3393E-4,4.9035E-4,0.0016118,0.0047601,0.0090234,0.013416,0.019928,0.025275,0.02962,0.034693
500.0,2.7918E-5,1.1513E-4,4.2603E-4,0.001415,0.0042248,0.0080893,0.012161,0.018249,0.023293,0.027418,0.032246
600.0,2.0476E-5,8.6289E-5,3.2621E-4,0.001106,0.0033758,0.0065942,0.010136,0.015522,0.020067,0.023828,0.028256
700.0,1.5231E-5,6.5592E-5,2.5332E-4,8.7681E-4,0.0027356,0.0054517,0.0085681,0.01339,0.017532,0.021002,0.02511
800.0,1.1447E-5,5.0376E-5,1.9875E-4,7.023E-4,0.0022398,0.0045538,0.0073177,0.01167,0.015477,0.018703,0.022546
1000.0,6.6097E-6,3.0374E-5,1.2507E-4,4.6057E-4,0.0015349,0.0032479,0.0054561,0.0090618,0.012328,0.015162,0.01858
1200.0,3.8951E-6,1.8692E-5,8.0324E-5,3.0827E-4,0.0010735,0.0023643,0.004152,0.0071817,0.010023,0.012545,0.015628
1500.0,1.807E-6,9.2536E-6,4.2395E-5,1.7311E-4,6.4386E-4,0.0015058,0.0028265,0.005196,0.0075342,0.0096819,0.012362
SA1P0
r\m,4.0,4.5,5.0,5.5,6.0,6.5,7.0,7.5,7.8,8.0,8.2
0.0,0.016712,0.035327,0.069249,0.12593,0.21383,0.22472,0.23277,0.27848,0.31008,0.33312,0.35789
1.0,0.011726,0.028413,0.060893,0.117,0.20525,0.22242,0.22983,0.2751,0.30642,0.32927,0.35384
5.0,0.0024424,0.0077408,0.021834,0.054464,0.12002,0.16271,0.17995,0.21833,0.24527,0.26497,0.28633
10.0,0.0010141,0.0034086,0.010309,0.027951,0.067895,0.10222,0.12257,0.15197,0.17289,0.1884,0.20529
15.0,6.0013E-4,0.0020752,0.0064792,0.018222,0.046157,0.07273,0.090258,0.11382,0.13081,0.14351,0.1574
20.0,4.1289E-4,0.0014551,0.0046389,0.013354,0.034719,0.056213,0.071118,0.090856,0.10525,0.11607,0.12808
25.0,3.0251E-4,0.0010846,0.003524,0.010367,0.027601,0.04574,0.058693,0.075787,0.088368,0.09786,0.10841
30.0,2.3747E-4,8.6175E-4,0.0028369,0.0084656,0.022911,0.038571,0.05004,0.065195,0.076387,0.084985,0.094419
40.0,1.6426E-4,6.0638E-4,0.0020335,0.0061922,0.017111,0.029424,0.038801,0.051287,0.06063,0.067792,0.075793
50.0,1.2436E-4,4.6492E-4,0.0015797,0.004876,0.013673,0.023854,0.031834,0.042551,0.050648,0.056885,0.06389
60.0,1.0891E-4,4.115E-4,0.0014134,0.0044143,0.012538,0.022155,0.029881,0.040316,0.04825,0.054393,0.06132
70.0,9.8339E-5,3.746E-4,0.001297,0.004086,0.0117,0.020853,0.028344,0.038545,0.046349,0.052416,0.059273
80.0,9.0128E-5,3.4571E-4,0.0012061,0.003824,0.01103,0.0198,0.027103,0.037103,0.044801,0.050801,0.057601
90.0,8.3531E-5,3.2241E-4,0.0011316,0.0036117,0.01048,0.018929,0.026067,0.035899,0.043511,0.049455,0.05621
100.0,7.8116E-5,3.0315E-4,0.0010698,0.0034334,0.01002,0.018198,0.025194,0.034894,0.042413,0.048308,0.055029
110.0,7.3571E-5,2.8698E-4,0.0010177,0.0032817,0.0096256,0.017575,0.024447,0.034016,0.041476,0.047342,0.054026
120.0,6.9706E-5,2.7309E-4,9.7298E-4,0.0031527,0.0092865,0.017023,0.023801,0.033271,0.040662,0.046496,0.053159
130.0,6.6378E-5,2.6107E-4,9.3406E-4,0.0030386,0.0089899,0.01656,0.023236,0.032607,0.03995,0.045759,0.052404
140.0,6.347E-5,2.507E-4,9.0005E-4,0.0029401,0.0087303,0.016135,0.022738,0.032028,0.039328,0.045115,0.051741
150.0,6.0914E-5,2.4144E-4,8.6982E-4,0.0028505,0.0084986,0.015764,0.022293,0.031499,0.038773,0.044534,0.051164
175.0,5.1282E-5,2.0491E-4,7.4419E-4,0.0024578,0.0073834,0.013803,0.019674,0.028029,0.034648,0.039932,0.046003
200.0,4.4258E-5,1.7803E-4,6.5107E-4,0.0021665,0.0065514,0.012332,0.01769,0.025376,0.031524,0.036422,0.04207
250.0,3.4824E-5,1.4171E-4,5.2428E-4,0.0017642,0.0053979,0.010279,0.014915,0.02165,0.027057,0.031404,0.036451
300.0,2.8852E-5,1.1845E-4,4.4232E-4,0.0015024,0.00464,0.0089206,0.013066,0.01914,0.024062,0.028041,0.032653
350.0,2.4735E-5,1.024E-4,3.8535E-4,0.0013196,0.0041087,0.0079607,0.011751,0.01735,0.021921,0.025618,0.029946
400.0,2.1767E-5,9.0717E-5,3.4374E-4,0.0011852,0.0037165,0.0072472,0.010775,0.016017,0.020321,0.023812,0.027905
450.0,1.8486E-5,7.7845E-5,2.9789E-4,0.001037,0.0032848,0.0064678,0.0097134,0.014576,0.018609,0.02189,0.025759
500.0,1.5798E-5,6.7216E-5,2.5977E-4,9.1306E-4,0.0029213,0.0058081,0.0088109,0.013347,0.017148,0.020248,0.023927
600.0,1.1702E-5,5.0831E-5,2.0036E-4,7.1791E-4,0.0023436,0.0047508,0.0073534,0.011351,0.014768,0.017573,0.020939
700.0,8.7908E-6,3.8985E-5,1.5673E-4,5.7248E-4,0.0019068,0.003941,0.006224,0.0097908,0.0129,0.015467,0.018584
800.0,6.6724E-6,3.0209E-5,1.2387E-4,4.6124E-4,0.0015675,0.0033032,0.0053227,0.0085325,0.011384,0.013755,0.016664
1000.0,3.9294E-6,1.8542E-5,7.9091E-5,3.0605E-4,0.0010828,0.002372,0.0039792,0.0066241,0.009063,0.01112,0.013697
1200.0,2.3617E-6,1.1616E-5,5.1542E-5,2.0727E-4,7.6341E-4,0.0017385,0.0030361,0.0052485,0.007364,0.009175,0.011491
1500.0,1.1285E-6,5.9065E-6,2.7806E-5,1.1846E-4,4.6344E-4,0.0011186,0.0020751,0.0037961,0.0055311,0.0070516,0.0090546
SA1P5
r\m,4.0,4.5,5.0,5.5,6.0,6.5,7.0,7.5,7.8,8.0,8.2
0.0,0.0070634,0.015692,0.032991,0.065628,0.12431,0.1506,0.16066,0.2076,0.24203,0.26818,0.29708
1.0,0.0051382,0.012921,0.029429,0.061485,0.11987,0.14815,0.15882,0.20532,0.23942,0.26534,0.29399
5.0,0.0011215,0.0036959,0.011059,0.029837,0.072514,0.10699,0.1266,0.16558,0.19444,0.21647,0.24102
10.0,4.667E-4,0.001631,0.0052367,0.015383,0.041308,0.067846,0.087182,0.11615,0.13804,0.15484,0.17369
15.0,2.7615E-4,9.9193E-4,0.0032854,0.010006,0.028025,0.048209,0.064175,0.086859,0.10419,0.11757,0.13269
20.0,1.8992E-4,6.947E-4,0.0023476,0.0073137,0.021015,0.037142,0.05039,0.069054,0.083425,0.09463,0.1073
25.0,1.3932E-4,5.1789E-4,0.0017822,0.005669,0.016671,0.030132,0.041433,0.057354,0.069699,0.079374,0.090403
30.0,1.0935E-4,4.1115E-4,0.0014329,0.0046216,0.013804,0.025332,0.035199,0.049125,0.060009,0.068568,0.078355
40.0,7.5544E-5,2.8876E-4,0.0010238,0.0033668,0.010261,0.019219,0.027124,0.038373,0.047244,0.054281,0.062362
50.0,5.7129E-5,2.21E-4,7.9347E-4,0.0026427,0.0081658,0.015508,0.022142,0.03165,0.039227,0.045259,0.052211
60.0,4.9538E-5,1.9349E-4,7.0193E-4,0.0023644,0.0073943,0.014219,0.020496,0.029564,0.036828,0.042636,0.049357
70.0,4.4319E-5,1.7444E-4,6.3781E-4,0.0021654,0.0068257,0.013232,0.019218,0.027922,0.034933,0.040567,0.047105
80.0,4.0297E-5,1.5969E-4,5.8766E-4,0.0020085,0.0063742,0.012441,0.018191,0.026595,0.033404,0.038888,0.045272
90.0,3.7093E-5,1.4783E-4,5.4726E-4,0.0018819,0.0060065,0.011794,0.017338,0.025494,0.032138,0.037495,0.043749
100.0,3.4474E-5,1.381E-4,5.139E-4,0.0017756,0.0056999,0.01125,0.016626,0.024572,0.031067,0.036326,0.042462
110.0,3.2283E-5,1.2996E-4,4.8587E-4,0.0016876,0.0054402,0.010789,0.016018,0.023786,0.030152,0.035313,0.041367
120.0,3.0437E-5,1.2305E-4,4.6196E-4,0.0016109,0.0052171,0.01039,0.015489,0.023094,0.029355,0.034437,0.040411
130.0,2.8845E-5,1.1708E-4,4.4133E-4,0.0015448,0.0050234,0.010043,0.015033,0.022501,0.028657,0.033685,0.039573
140.0,2.7468E-5,1.1187E-4,4.2318E-4,0.0014871,0.0048525,0.0097371,0.014625,0.021969,0.028052,0.033012,0.038841
150.0,2.6256E-5,1.0731E-4,4.0735E-4,0.0014358,0.0047013,0.0094659,0.014266,0.021508,0.02751,0.032418,0.038199
175.0,2.2094E-5,9.0979E-5,3.4796E-4,0.0012357,0.0040759,0.0082661,0.012551,0.019062,0.024481,0.028941,0.034201
200.0,1.9067E-5,7.9021E-5,3.0407E-4,0.0010873,0.0036096,0.0073702,0.011262,0.017215,0.022204,0.02631,0.031173
250.0,1.5006E-5,6.2857E-5,2.4452E-4,8.8392E-4,0.0029668,0.0061234,0.0094588,0.014615,0.018972,0.02258,0.026871
300.0,1.2428E-5,5.2531E-5,2.062E-4,7.5188E-4,0.0025463,0.0053012,0.0082626,0.012879,0.016809,0.020074,0.023967
350.0,1.0667E-5,4.5422E-5,1.7962E-4,6.5995E-4,0.0022515,0.0047233,0.0074174,0.011647,0.015268,0.018289,0.021906
400.0,9.3945E-6,4.0258E-5,1.6025E-4,5.9257E-4,0.0020348,0.0042965,0.0067908,0.010733,0.014125,0.016963,0.020371
450.0,7.9854E-6,3.4517E-5,1.3876E-4,5.179E-4,0.0017948,0.0038257,0.0061008,0.0097367,0.01288,0.015526,0.018717
500.0,6.8299E-6,2.978E-5,1.2089E-4,4.5546E-4,0.0015929,0.0034277,0.0055151,0.0088879,0.011818,0.014299,0.017304
600.0,5.0678E-6,2.2483E-5,9.3082E-5,3.5729E-4,0.0012727,0.0027909,0.0045715,0.0075117,0.010091,0.012301,0.015002
700.0,3.8137E-6,1.7215E-5,7.2685E-5,2.8426E-4,0.0010313,0.0023047,0.003843,0.0064387,0.008739,0.010733,0.01319
800.0,2.8997E-6,1.3318E-5,5.7346E-5,2.285E-4,8.4432E-4,0.0019229,0.0032641,0.0055761,0.0076465,0.0094619,0.011718
1000.0,1.7135E-6,8.1474E-6,3.6489E-5,1.5093E-4,5.785E-4,0.0013683,0.0024071,0.004275,0.0059842,0.0075165,0.0094532
1200.0,1.0335E-6,5.0871E-6,2.3696E-5,1.0174E-4,4.0454E-4,9.9376E-4,0.0018117,0.0033451,0.0047798,0.0060943,0.0077833
1500.0,4.964E-7,2.5739E-6,1.2717E-5,5.775E-5,2.426E-4,6.3074E-4,0.0012131,0.0023744,0.003499,0.0045625,0.0059632
SA2P0
r\m,4.0,4.5,5.0,5.5,6.0,6.5,7.0,7.5,7.8,8.0,8.2
0.0,0.003684,0.0083127,0.018086,0.037888,0.077032,0.10104,0.1136,0.15563,0.18802,0.21321,0.24186
1.0,0.0027534,0.0069674,0.01631,0.035724,0.074547,0.099224,0.11236,0.15404,0.18617,0.21122,0.23963
5.0,6.2562E-4,0.0020808,0.0063933,0.018008,0.04652,0.072954,0.091125,0.12623,0.15354,0.17493,0.19924
10.0,2.6105E-4,9.2214E-4,0.003046,0.0093686,0.026812,0.046897,0.063659,0.08979,0.11033,0.12667,0.14531
15.0,1.545E-4,5.6103E-4,0.0019122,0.0061019,0.018229,0.033433,0.047054,0.067384,0.083585,0.09648,0.11142
20.0,1.0625E-4,3.9288E-4,0.0013661,0.00446,0.013672,0.025772,0.036988,0.053613,0.066987,0.077707,0.090143
25.0,7.8032E-5,2.9319E-4,0.0010379,0.0034587,0.010845,0.020906,0.030404,0.04451,0.055943,0.065157,0.075889
30.0,6.125E-5,2.3275E-4,8.344E-4,0.0028192,0.0089759,0.017563,0.025813,0.038103,0.04813,0.056236,0.065716
40.0,4.2286E-5,1.6338E-4,5.9582E-4,0.0020518,0.0066645,0.01331,0.019863,0.02971,0.037837,0.044449,0.052222
50.0,3.195E-5,1.2492E-4,4.6121E-4,0.0016087,0.0052984,0.010728,0.016196,0.024477,0.031374,0.037008,0.043661
60.0,2.7488E-5,1.085E-4,4.0478E-4,0.0014273,0.0047581,0.0097532,0.014863,0.022663,0.029198,0.034571,0.040923
70.0,2.442E-5,9.7133E-5,3.6524E-4,0.0012981,0.0043617,0.009011,0.013837,0.021252,0.027504,0.032656,0.038775
80.0,2.2072E-5,8.8356E-5,3.3444E-4,0.0011967,0.0040484,0.0084208,0.013011,0.02012,0.026138,0.031112,0.037037
90.0,2.0201E-5,8.1366E-5,3.0974E-4,0.0011151,0.0037941,0.0079392,0.012341,0.019192,0.025001,0.029829,0.035589
100.0,1.869E-5,7.5654E-5,2.8959E-4,0.0010476,0.0035838,0.0075391,0.011777,0.0184,0.024055,0.028766,0.034383
110.0,1.7429E-5,7.0903E-5,2.7257E-4,9.9105E-4,0.0034064,0.0071977,0.011299,0.017732,0.023242,0.027845,0.033344
120.0,1.6376E-5,6.6876E-5,2.5819E-4,9.4267E-4,0.0032531,0.006906,0.010885,0.017164,0.022554,0.027052,0.03246
130.0,1.5466E-5,6.3416E-5,2.4587E-4,9.0096E-4,0.0031218,0.0066529,0.010526,0.01665,0.021942,0.026363,0.031673
140.0,1.468E-5,6.0411E-5,2.3506E-4,8.6447E-4,0.0030065,0.0064302,0.01021,0.016223,0.021399,0.025748,0.030991
150.0,1.3995E-5,5.7772E-5,2.2544E-4,8.3238E-4,0.0029047,0.0062334,0.0099308,0.015824,0.020926,0.025213,0.03038
175.0,1.1778E-5,4.8992E-5,1.9261E-4,7.1618E-4,0.0025183,0.0054416,0.0087361,0.014023,0.01863,0.022512,0.027205
200.0,1.0166E-5,4.2562E-5,1.6844E-4,6.3032E-4,0.0022304,0.0048524,0.0078393,0.012666,0.01689,0.020454,0.024792
250.0,8.0063E-6,3.3883E-5,1.3556E-4,5.128E-4,0.0018345,0.0040358,0.0065895,0.010761,0.014442,0.017573,0.021389
300.0,6.6408E-6,2.8347E-5,1.1444E-4,4.3681E-4,0.0015763,0.0034978,0.0057618,0.0094942,0.012809,0.015641,0.019097
350.0,5.7099E-6,2.4559E-5,9.9864E-5,3.8392E-4,0.001396,0.0031205,0.0051803,0.0085971,0.011651,0.01427,0.017475
400.0,5.037E-6,2.1803E-5,8.9246E-5,3.4535E-4,0.0012639,0.0028449,0.0047512,0.0079364,0.010797,0.013256,0.016276
450.0,4.286E-6,1.8726E-5,7.7359E-5,3.0221E-4,0.0011163,0.0025363,0.0042748,0.0072074,0.0098554,0.012147,0.014963
500.0,3.6697E-6,1.6184E-5,6.7472E-5,2.6611E-4,9.9214E-4,0.0022753,0.0038702,0.0065862,0.009052,0.011199,0.013842
600.0,2.7286E-6,1.2261E-5,5.2063E-5,2.0928E-4,7.9487E-4,0.0018573,0.0032176,0.0055784,0.0077455,0.009657,0.012015
700.0,2.0577E-6,9.4206E-6,4.0743E-5,1.6692E-4,6.4586E-4,0.0015376,0.0027129,0.0047918,0.0067216,0.0084451,0.010577
800.0,1.5678E-6,7.3132E-6,3.2214E-5,1.3451E-4,5.3022E-4,0.0012861,0.0023111,0.0041588,0.0058935,0.0074619,0.009407
1000.0,9.3036E-7,4.5051E-6,2.0586E-5,8.9293E-5,3.6529E-4,9.198E-4,0.0017145,0.0032022,0.0046313,0.0059548,0.0076068
1200.0,5.6348E-7,2.8325E-6,1.3427E-5,6.0497E-5,2.5684E-4,6.7138E-4,0.0012981,0.0025165,0.0037146,0.0048501,0.006278
1500.0,2.7236E-7,1.4481E-6,7.2526E-6,3.4597E-5,1.553E-4,4.2935E-4,8.7702E-4,0.0017978,0.0027361,0.003656,0.004827
SA3P0
r\m,4.0,4.5,5.0,5.5,6.0,6.5,7.0,7.5,7.8,8.0,8.2
0.0,0.0016855,0.0037379,0.0082733,0.018281,0.040562,0.059222,0.073678,0.11107,0.14215,0.16754,0.19751
1.0,0.0012954,0.0031903,0.0075444,0.017349,0.039399,0.058279,0.073002,0.11014,0.14096,0.16613,0.19585
5.0,3.1109E-4,0.0010079,0.0031192,0.0091587,0.025509,0.044023,0.060419,0.092035,0.11854,0.14024,0.16595
10.0,1.3126E-4,4.5254E-4,0.0015096,0.0048522,0.015007,0.028912,0.043095,0.066791,0.086875,0.10351,0.12339
15.0,7.8088E-5,2.7687E-4,9.5369E-4,0.0031826,0.010286,0.020803,0.03217,0.050619,0.066437,0.079636,0.095469
20.0,5.3883E-5,1.9458E-4,6.84E-4,0.0023358,0.0077493,0.016117,0.025421,0.040482,0.053521,0.064463,0.077658
25.0,3.9737E-5,1.4579E-4,5.2163E-4,0.0018183,0.00617,0.013114,0.020967,0.03372,0.044848,0.054237,0.065603
30.0,3.1263E-5,1.16E-4,4.2032E-4,0.0014855,0.0051183,0.01105,0.017839,0.028933,0.03868,0.046935,0.056956
40.0,2.1643E-5,8.165E-5,3.01E-4,0.0010841,0.0038128,0.0084002,0.013776,0.022654,0.030527,0.037236,0.045435
50.0,1.6383E-5,6.2547E-5,2.335E-4,8.5214E-4,0.0030382,0.0067875,0.011263,0.018713,0.025379,0.031096,0.038105
60.0,1.3739E-5,5.298E-5,1.9977E-4,7.3695E-4,0.0026583,0.0060083,0.010065,0.016875,0.023003,0.02829,0.034782
70.0,1.192E-5,4.6318E-5,1.7605E-4,6.547E-4,0.002381,0.0054266,0.0091599,0.015475,0.021186,0.026131,0.032229
80.0,1.0557E-5,4.1296E-5,1.5806E-4,5.9178E-4,0.0021675,0.004973,0.0084514,0.014364,0.019757,0.024426,0.0302
90.0,9.496E-6,3.7371E-5,1.4393E-4,5.4188E-4,0.001997,0.0046107,0.0078796,0.013471,0.018585,0.023037,0.028552
100.0,8.6487E-6,3.4211E-5,1.3242E-4,5.0148E-4,0.0018573,0.0043114,0.0074083,0.012733,0.017624,0.021882,0.027182
110.0,7.9547E-6,3.1619E-5,1.2296E-4,4.6791E-4,0.0017412,0.0040624,0.0070129,0.012109,0.016805,0.020907,0.026017
120.0,7.3775E-6,2.9447E-5,1.1504E-4,4.3962E-4,0.0016438,0.0038502,0.0066758,0.011575,0.016102,0.02007,0.025019
130.0,6.8903E-6,2.7612E-5,1.0829E-4,4.1552E-4,0.0015595,0.0036685,0.0063854,0.011115,0.015507,0.019345,0.024146
140.0,6.4712E-6,2.6032E-5,1.0247E-4,3.9453E-4,0.0014869,0.0035102,0.0061317,0.010712,0.01497,0.018717,0.023396
150.0,6.1094E-6,2.4668E-5,9.7401E-5,3.7635E-4,0.0014228,0.0033705,0.0059086,0.010358,0.014507,0.018164,0.022731
175.0,5.1603E-6,2.0979E-5,8.3502E-5,3.2516E-4,0.0012385,0.0029564,0.0052214,0.0092215,0.012973,0.016287,0.020448
200.0,4.4698E-6,1.8302E-5,7.3304E-5,2.8722E-4,0.0011016,0.0026471,0.0047057,0.0083661,0.011817,0.014875,0.018725
250.0,3.5476E-6,1.4686E-5,5.9478E-5,2.357E-4,9.1378E-4,0.0022205,0.0039893,0.0071714,0.010196,0.01289,0.016298
300.0,2.9656E-6,1.2384E-5,5.0608E-5,2.0233E-4,7.9169E-4,0.0019407,0.0035199,0.006382,0.0091231,0.011575,0.014687
350.0,2.5692E-6,1.081E-5,4.4516E-5,1.7931E-4,7.0685E-4,0.0017461,0.0031899,0.0058311,0.0083701,0.010653,0.013559
400.0,2.2846E-6,9.6749E-6,4.0103E-5,1.6261E-4,6.4523E-4,0.0016045,0.0029518,0.0054285,0.0078234,0.009983,0.012738
450.0,1.9592E-6,8.3754E-6,3.504E-5,1.4337E-4,5.7431E-4,0.0014419,0.0026781,0.0049713,0.0072034,0.0092313,0.01182
500.0,1.6906E-6,7.2956E-6,3.0807E-5,1.272E-4,5.1438E-4,0.0013039,0.0024449,0.004581,0.0066739,0.0085895,0.011036
600.0,1.2768E-6,5.6149E-6,2.4154E-5,1.0155E-4,4.1851E-4,0.0010814,0.0020667,0.0039456,0.0058108,0.0075428,0.0097581
700.0,9.7797E-7,4.3826E-6,1.9207E-5,8.2219E-5,3.4535E-4,9.0967E-4,0.0017719,0.0034465,0.005131,0.0067177,0.0087508
800.0,7.5685E-7,3.4563E-6,1.5431E-5,6.726E-5,2.8793E-4,7.7311E-4,0.0015348,0.0030417,0.0045777,0.0060448,0.0079288
1000.0,4.6335E-7,2.1973E-6,1.0181E-5,4.6011E-5,2.0458E-4,5.7082E-4,0.0011772,0.0024218,0.0037246,0.0050032,0.0066537
1200.0,2.8952E-7,1.4257E-6,6.8561E-6,3.2124E-5,1.4836E-4,4.3015E-4,9.2151E-4,0.001968,0.0030929,0.0042265,0.0056988
1500.0,1.4664E-7,7.6418E-7,3.8853E-6,1.9219E-5,9.3957E-5,2.8855E-4,6.545E-4,0.0014783,0.0024002,0.0033651,0.0046322
SA4P0
r\m,4.0,4.5,5.0,5.5,6.0,6.5,7.0,7.5,7.8,8.0,8.2
0.0,9.4416E-4,0.0020748,0.0046275,0.010467,0.02416,0.037826,0.050958,0.082634,0.11043,0.13395,0.16261
1.0,7.431E-4,0.0017984,0.00426,0.0099894,0.023543,0.037291,0.050559,0.082008,0.1096,0.133,0.16142
5.0,1.8852E-4,6.0064E-4,0.0018549,0.0055133,0.015785,0.028892,0.042656,0.069835,0.09387,0.1143,0.13922
10.0,8.0623E-5,2.7406E-4,9.1492E-4,0.002985,0.0095068,0.019426,0.031114,0.051811,0.070369,0.086302,0.10581
15.0,4.8281E-5,1.6896E-4,5.8303E-4,0.0019773,0.006588,0.014148,0.023515,0.039768,0.054505,0.067247,0.082972
20.0,3.3464E-5,1.1934E-4,4.2051E-4,0.0014602,0.0049972,0.011042,0.018721,0.03206,0.044274,0.054891,0.068066
25.0,2.4797E-5,8.9886E-5,3.2232E-4,0.0011424,0.0039996,0.0090315,0.01553,0.026859,0.037316,0.04646,0.057852
30.0,1.9563E-5,7.1756E-5,2.6064E-4,9.3674E-4,0.0033302,0.0076374,0.013272,0.023155,0.032332,0.040402,0.050479
40.0,1.3596E-5,5.072E-5,1.8761E-4,6.874E-4,0.0024953,0.0058421,0.010313,0.018249,0.025705,0.032297,0.040579
50.0,1.032E-5,3.8988E-5,1.4605E-4,5.4249E-4,0.0019972,0.0047437,0.0084744,0.015164,0.021502,0.027132,0.034253
60.0,8.5723E-6,3.2711E-5,1.2378E-4,4.6494E-4,0.0017317,0.0041613,0.007508,0.013556,0.019336,0.02449,0.031016
70.0,7.369E-6,2.8343E-5,1.082E-4,4.0969E-4,0.0015388,0.0037311,0.006786,0.012345,0.01769,0.022472,0.028562
80.0,6.476E-6,2.5087E-5,9.6439E-5,3.6783E-4,0.0013915,0.0033989,0.006224,0.011404,0.016404,0.020894,0.026626
90.0,5.788E-6,2.2555E-5,8.7262E-5,3.3489E-4,0.0012753,0.0031341,0.0057746,0.010644,0.015366,0.019616,0.025057
100.0,5.2419E-6,2.0542E-5,7.9909E-5,3.0839E-4,0.0011811,0.0029178,0.0054066,0.010018,0.014509,0.018562,0.023757
110.0,4.7982E-6,1.8899E-5,7.3875E-5,2.8653E-4,0.0011029,0.0027389,0.0050995,0.0094949,0.013782,0.017677,0.022672
120.0,4.4313E-6,1.7537E-5,6.8842E-5,2.6822E-4,0.0010372,0.002587,0.0048383,0.0090497,0.013177,0.016931,0.021739
130.0,4.1233E-6,1.6379E-5,6.4578E-5,2.5264E-4,9.8107E-4,0.0024573,0.0046152,0.0086673,0.012651,0.016279,0.020949
140.0,3.8601E-6,1.5392E-5,6.093E-5,2.3926E-4,9.3272E-4,0.0023451,0.0044212,0.0083351,0.012193,0.015714,0.020242
150.0,3.6345E-6,1.4543E-5,5.7755E-5,2.2764E-4,8.9073E-4,0.0022474,0.0042524,0.0080442,0.011791,0.015222,0.019634
175.0,3.0844E-6,1.2442E-5,4.9805E-5,1.9787E-4,7.8017E-4,0.0019842,0.0037841,0.0072149,0.010627,0.013757,0.017812
200.0,2.6869E-6,1.091E-5,4.3976E-5,1.7593E-4,6.9848E-4,0.0017891,0.0034338,0.0065928,0.0097499,0.012657,0.016426
250.0,2.1542E-6,8.8509E-6,3.6094E-5,1.4603E-4,5.8643E-4,0.0015197,0.0029506,0.0057291,0.0085308,0.011124,0.014506
300.0,1.8205E-6,7.5461E-6,3.1058E-5,1.2686E-4,5.1426E-4,0.001345,0.0026366,0.0051668,0.0077359,0.010126,0.013252
350.0,1.5931E-6,6.6578E-6,2.7612E-5,1.1372E-4,4.6473E-4,0.0012248,0.0024189,0.0047796,0.0071913,0.0094407,0.012396
400.0,1.4315E-6,6.0244E-6,2.516E-5,1.0429E-4,4.2905E-4,0.0011389,0.0022658,0.0045041,0.0068049,0.0089593,0.011796
450.0,1.2402E-6,5.2697E-6,2.2234E-5,9.3074E-5,3.8671E-4,0.0010365,0.0020821,0.0041787,0.0063534,0.0083959,0.011095
500.0,1.0812E-6,4.6383E-6,1.9771E-5,8.3581E-5,3.5071E-4,9.4917E-4,0.0019252,0.0039009,0.0059689,0.007917,0.010501
600.0,8.3341E-7,3.6448E-6,1.5857E-5,6.8366E-5,2.9259E-4,8.0736E-4,0.0016694,0.0034482,0.0053436,0.0071403,0.0095405
700.0,6.5154E-7,2.9047E-6,1.2898E-5,5.6714E-5,2.4756E-4,6.9648E-4,0.0014682,0.0030912,0.0048516,0.0065311,0.008791
800.0,5.1464E-7,2.3389E-6,1.0599E-5,4.7535E-5,2.1163E-4,6.0706E-4,0.0013047,0.0027999,0.0044506,0.0060358,0.0081843
1000.0,3.2821E-7,1.5501E-6,7.3176E-6,3.4135E-5,1.581E-4,4.7141E-4,0.001053,0.0023481,0.0038284,0.0052694,0.0072512
1200.0,2.1364E-7,1.0485E-6,5.1561E-6,2.5018E-5,1.2054E-4,3.7363E-4,8.6745E-4,0.0020098,0.0033611,0.0046953,0.0065569
1500.0,1.1505E-7,5.9816E-7,3.1274E-6,1.6098E-5,8.2293E-5,2.7035E-4,6.651E-4,0.0016321,0.0028353,0.0040498,0.0057819
SA5P0
r\m,4.0,4.5,5.0,5.5,6.0,6.5,7.0,7.5,7.8,8.0,8.2
0.0,5.4147E-4,0.0012187,0.0027826,0.0064548,0.01529,0.025206,0.036249,0.062379,0.086383,0.10737,0.13339
1.0,4.3675E-4,0.0010728,0.0025856,0.0061936,0.014944,0.024891,0.036004,0.061966,0.085833,0.10669,0.1325
5.0,1.176E-4,3.7983E-4,0.0011871,0.0035733,0.010367,0.019753,0.030915,0.053667,0.074721,0.093171,0.11617
10.0,5.0968E-5,1.76E-4,5.9614E-4,0.0019746,0.0063831,0.013575,0.023021,0.040614,0.057101,0.071665,0.089946
15.0,3.0712E-5,1.0923E-4,3.8267E-4,0.0013186,0.004464,0.0099861,0.017589,0.031499,0.044681,0.056407,0.071216
20.0,2.1374E-5,7.748E-5,2.7723E-4,9.7839E-4,0.0034034,0.0078369,0.014077,0.025529,0.036492,0.046299,0.058746
25.0,1.5915E-5,5.8613E-5,2.1357E-4,7.688E-4,0.0027348,0.0064349,0.011716,0.021465,0.030868,0.039332,0.050104
30.0,1.2593E-5,4.6917E-5,1.7311E-4,6.321E-4,0.0022828,0.0054549,0.010039,0.018551,0.026813,0.034288,0.043832
40.0,8.7805E-6,3.3272E-5,1.2499E-4,4.6547E-4,0.0017169,0.0041874,0.00783,0.014679,0.021396,0.027514,0.035374
50.0,6.6802E-6,2.5636E-5,9.758E-5,3.6824E-4,0.0013778,0.0034089,0.0064525,0.012229,0.017952,0.023188,0.02995
60.0,5.5654E-6,2.1579E-5,8.3E-5,3.1668E-4,0.0011991,0.0030017,0.0057381,0.010976,0.016206,0.021008,0.027229
70.0,4.7978E-6,1.8756E-5,7.2743E-5,2.7995E-4,0.0010689,0.0026994,0.0052037,0.010034,0.014874,0.019353,0.025163
80.0,4.2276E-6,1.6649E-5,6.5019E-5,2.5201E-4,9.6947E-4,0.0024671,0.0047872,0.0092957,0.013838,0.018049,0.023532
90.0,3.7884E-6,1.5011E-5,5.8996E-5,2.3015E-4,8.9089E-4,0.0022809,0.0044549,0.008702,0.013003,0.016996,0.022218
100.0,3.4393E-6,1.3698E-5,5.4162E-5,2.1247E-4,8.2719E-4,0.0021306,0.0041827,0.0082148,0.012316,0.016139,0.021129
110.0,3.1551E-6,1.2633E-5,5.0197E-5,1.9789E-4,7.7447E-4,0.0020046,0.0039561,0.0078064,0.011739,0.015407,0.020223
120.0,2.9212E-6,1.1748E-5,4.6885E-5,1.8577E-4,7.301E-4,0.0018988,0.0037636,0.0074616,0.01125,0.014792,0.019447
130.0,2.7234E-6,1.1001E-5,4.4089E-5,1.7532E-4,6.9234E-4,0.0018076,0.0035984,0.0071645,0.010829,0.014264,0.018791
140.0,2.5561E-6,1.0362E-5,4.1695E-5,1.6655E-4,6.5983E-4,0.0017293,0.0034561,0.0069079,0.010465,0.013804,0.018206
150.0,2.411E-6,9.8105E-6,3.9624E-5,1.5884E-4,6.3154E-4,0.001662,0.0033319,0.0066835,0.010146,0.013403,0.017711
175.0,2.0552E-6,8.4314E-6,3.4321E-5,1.3866E-4,5.5589E-4,0.0014746,0.0029809,0.0060259,0.0091911,0.01218,0.016145
200.0,1.7981E-6,7.427E-6,3.0444E-5,1.2386E-4,5.0004E-4,0.0013358,0.0027179,0.0055347,0.0084762,0.011264,0.014969
250.0,1.4553E-6,6.0802E-6,2.5223E-5,1.0378E-4,4.24E-4,0.0011457,0.0023594,0.0048566,0.0074915,0.010002,0.013352
300.0,1.2404E-6,5.2329E-6,2.1906E-5,9.1003E-5,3.7526E-4,0.0010239,0.0021278,0.0044244,0.0068619,0.0091954,0.012324
350.0,1.096E-6,4.6594E-6,1.9662E-5,8.2361E-5,3.4231E-4,9.4146E-4,0.0019727,0.0041345,0.0064431,0.008662,0.011644
400.0,9.9393E-7,4.2555E-6,1.8082E-5,7.6257E-5,3.1921E-4,8.8402E-4,0.0018652,0.0039342,0.0061599,0.008302,0.011192
450.0,8.691E-7,3.7576E-6,1.6128E-5,6.8702E-5,2.9035E-4,8.1228E-4,0.0017315,0.0036878,0.0058071,0.0078272,0.010552
500.0,7.6468E-7,3.3386E-6,1.4475E-5,6.2282E-5,2.6575E-4,7.5101E-4,0.0016174,0.0034785,0.0055087,0.0074255,0.01001
600.0,6.0043E-7,2.6733E-6,1.1826E-5,5.1917E-5,2.258E-4,6.5116E-4,0.0014315,0.0031389,0.0050279,0.0067786,0.0091382
700.0,4.7815E-7,2.171E-6,9.7996E-6,4.3891E-5,1.9458E-4,5.726E-4,0.0012849,0.0028727,0.0046541,0.0062757,0.0084604
800.0,3.8472E-7,1.7813E-6,8.2043E-6,3.749E-5,1.6941E-4,5.0874E-4,0.0011652,0.0026563,0.0043528,0.0058704,0.0079139
1000.0,2.5459E-7,1.2258E-6,5.8781E-6,2.796E-5,1.3127E-4,4.105E-4,9.7961E-4,0.0023216,0.0038919,0.0052506,0.0070784
1200.0,1.7195E-7,8.6096E-7,4.2984E-6,2.1282E-5,1.0382E-4,3.3806E-4,8.4054E-4,0.002071,0.0035517,0.0047932,0.0064617
1500.0,9.7878E-8,5.1969E-7,2.7563E-6,1.4493E-5,7.4877E-5,2.5909E-4,6.851E-4,0.0017892,0.0031751,0.0042871,0.0057795
SA7P5
r\m,4.0,4.5,5.0,5.5,6.0,6.5,7.0,7.5,7.8,8.0,8.2
0.0,1.7242E-4,4.3234E-4,0.0010674,0.0026002,0.0062779,0.011188,0.018213,0.03492,0.051599,0.066942,0.086861
1.0,1.4775E-4,3.9542E-4,0.0010149,0.0025284,0.0061825,0.011095,0.018134,0.034775,0.051404,0.066692,0.08653
5.0,4.6063E-5,1.6332E-4,5.3852E-4,0.0016486,0.0047089,0.0093996,0.016312,0.031529,0.046804,0.060913,0.079274
10.0,2.0153E-5,7.7608E-5,2.82E-4,9.6423E-4,0.0030975,0.0069097,0.01295,0.025429,0.038125,0.049935,0.065408
15.0,1.2116E-5,4.8346E-5,1.8293E-4,6.5542E-4,0.0022211,0.0052465,0.010275,0.020496,0.031026,0.040906,0.053933
20.0,8.4055E-6,3.4308E-5,1.3307E-4,4.902E-4,0.0017138,0.0041847,0.0083976,0.016998,0.025953,0.0344,0.045611
25.0,6.2912E-6,2.6137E-5,1.0335E-4,3.889E-4,0.001392,0.0034747,0.0070767,0.0145,0.022295,0.0297,0.039574
30.0,4.9733E-6,2.0939E-5,8.4033E-5,3.211E-4,0.0011683,0.0029657,0.0061137,0.012654,0.019586,0.026201,0.035052
40.0,3.4438E-6,1.4798E-5,6.0642E-5,2.3692E-4,8.8286E-4,0.0022943,0.00482,0.010149,0.015864,0.021373,0.028788
50.0,2.5982E-6,1.1335E-5,4.7172E-5,1.8732E-4,7.0981E-4,0.0018751,0.0039972,0.0085338,0.013454,0.018218,0.024674
60.0,2.1645E-6,9.5604E-6,4.0305E-5,1.6225E-4,6.2315E-4,0.0016702,0.0036022,0.0077784,0.012344,0.016793,0.022847
70.0,1.8664E-6,8.3266E-6,3.546E-5,1.4417E-4,5.5979E-4,0.0015161,0.0033023,0.0072003,0.011491,0.015696,0.021437
80.0,1.6451E-6,7.3998E-6,3.179E-5,1.3041E-4,5.1091E-4,0.0013962,0.0030674,0.006742,0.010817,0.014819,0.02031
90.0,1.473E-6,6.6788E-6,2.8916E-5,1.1954E-4,4.7194E-4,0.0012992,0.0028772,0.0063708,0.010266,0.014113,0.019392
100.0,1.3368E-6,6.1022E-6,2.6603E-5,1.1072E-4,4.4015E-4,0.0012202,0.0027202,0.0060641,0.0098116,0.013521,0.018631
110.0,1.2258E-6,5.6309E-6,2.4702E-5,1.0344E-4,4.1371E-4,0.0011541,0.0025886,0.0058062,0.0094277,0.013025,0.017999
120.0,1.1341E-6,5.2376E-6,2.311E-5,9.7317E-5,3.915E-4,0.0010983,0.0024773,0.0055868,0.0091012,0.012602,0.017449
130.0,1.0569E-6,4.907E-6,2.1758E-5,9.2113E-5,3.7248E-4,0.0010504,0.0023802,0.0053974,0.0088206,0.012238,0.01698
140.0,9.9117E-7,4.6232E-6,2.0602E-5,8.7631E-5,3.5601E-4,0.0010088,0.0022975,0.0052334,0.0085768,0.011921,0.016566
150.0,9.3452E-7,4.3784E-6,1.9595E-5,8.3727E-5,3.4175E-4,9.7252E-4,0.0022256,0.0050898,0.0083634,0.011646,0.01621
175.0,7.8965E-7,3.7362E-6,1.6886E-5,7.2872E-5,3.0036E-4,8.6331E-4,0.0019949,0.0046071,0.0076162,0.010646,0.014883
200.0,6.8541E-7,3.2712E-6,1.4907E-5,6.4901E-5,2.6982E-4,7.8222E-4,0.0018229,0.0042471,0.0070554,0.0098953,0.01388
250.0,5.4719E-7,2.6486E-6,1.2248E-5,5.4082E-5,2.2814E-4,6.709E-4,0.0015857,0.0037482,0.0062797,0.0088584,0.012497
300.0,4.6108E-7,2.2596E-6,1.0567E-5,4.7211E-5,2.0143E-4,5.9942E-4,0.0014334,0.003428,0.0057836,0.0081971,0.011617
350.0,4.0343E-7,1.9958E-6,9.4278E-6,4.2543E-5,1.8332E-4,5.5101E-4,0.0013306,0.0032132,0.0054543,0.0077591,0.011041
400.0,3.6262E-7,1.8096E-6,8.6229E-6,3.9232E-5,1.7054E-4,5.1701E-4,0.0012592,0.0030674,0.0052325,0.0074711,0.010666
450.0,3.1335E-7,1.5826E-6,7.6357E-6,3.5163E-5,1.5472E-4,4.7487E-4,0.0011711,0.002888,0.0049332,0.0070438,0.010056
500.0,2.7246E-7,1.3927E-6,6.8037E-6,3.1712E-5,1.4125E-4,4.3889E-4,0.001096,0.0027359,0.0046801,0.0066824,0.00954
600.0,2.0894E-7,1.094E-6,5.4789E-6,2.6161E-5,1.194E-4,3.8025E-4,9.7354E-4,0.0024906,0.0042723,0.0061001,0.0087088
700.0,1.6251E-7,8.7152E-7,4.4747E-6,2.1889E-5,1.0237E-4,3.3412E-4,8.7707E-4,0.0022995,0.0039554,0.0056476,0.0080627
800.0,1.277E-7,7.0148E-7,3.6924E-6,1.8504E-5,8.8669E-5,2.9663E-4,7.9835E-4,0.002145,0.0036999,0.0052829,0.007542
1000.0,8.0603E-8,4.6456E-7,2.5701E-6,1.3517E-5,6.8006E-5,2.3899E-4,6.7615E-4,0.0019079,0.0033093,0.0047251,0.0067458
1200.0,5.1926E-8,3.14E-7,1.8258E-6,1.0077E-5,5.3234E-5,1.9652E-4,5.8447E-4,0.001732,0.003021,0.0043134,0.006158
1500.0,2.7534E-8,1.7893E-7,1.121E-6,6.6526E-6,3.7807E-5,1.5027E-4,4.8169E-4,0.0015363,0.0027021,0.0038581,0.0055079
SA10P0
r\m,4.0,4.5,5.0,5.5,6.0,6.5,7.0,7.5,7.8,8.0,8.2
0.0,1.2895E-4,3.2573E-4,7.9194E-4,0.0018562,0.0042193,0.0075114,0.012896,0.026102,0.039835,0.052814,0.07001
1.0,1.1032E-4,2.9786E-4,7.5323E-4,0.0018057,0.0041566,0.0074509,0.012841,0.026002,0.039701,0.052634,0.069783
5.0,3.3002E-5,1.2038E-4,3.9646E-4,0.0011772,0.0031767,0.006339,0.011607,0.023702,0.036369,0.048381,0.064373
10.0,1.3857E-5,5.5481E-5,2.0353E-4,6.8177E-4,0.0020856,0.0046749,0.0092698,0.019281,0.029926,0.04011,0.05376
15.0,8.1118E-6,3.3836E-5,1.2997E-4,4.5876E-4,0.0014884,0.0035491,0.0073765,0.015637,0.024546,0.03315,0.044769
20.0,5.5201E-6,2.3636E-5,9.3414E-5,3.4026E-4,0.001143,0.002827,0.0060403,0.013022,0.020637,0.028061,0.038151
25.0,4.0732E-6,1.78E-5,7.1902E-5,2.6826E-4,9.2429E-4,0.0023439,0.0050938,0.011138,0.017803,0.024351,0.033295
30.0,3.1807E-6,1.4117E-5,5.7989E-5,2.2025E-4,7.7323E-4,0.0019969,0.0044026,0.0097427,0.015692,0.021565,0.029627
40.0,2.1589E-6,9.8126E-6,4.1304E-5,1.609E-4,5.807E-4,0.0015403,0.003471,0.0078399,0.012784,0.017705,0.024529
50.0,1.6038E-6,7.4181E-6,3.1799E-5,1.2624E-4,4.6442E-4,0.0012559,0.0028796,0.0066092,0.01088,0.015169,0.02115
60.0,1.309E-6,6.145E-6,2.6738E-5,1.078E-4,4.0285E-4,0.0011073,0.002574,0.0059889,0.0099385,0.013931,0.019525
70.0,1.1088E-6,5.2672E-6,2.3194E-5,9.4671E-5,3.5815E-4,9.9665E-4,0.0023436,0.005516,0.0092179,0.01298,0.018276
80.0,9.6199E-7,4.6172E-6,2.0541E-5,8.4728E-5,3.2395E-4,9.1097E-4,0.0021641,0.0051443,0.0086473,0.012226,0.017289
90.0,8.5002E-7,4.1167E-6,1.8477E-5,7.6927E-5,2.9686E-4,8.426E-4,0.0020196,0.0048425,0.0081844,0.011612,0.016482
100.0,7.6202E-7,3.7209E-6,1.6843E-5,7.0675E-5,2.7494E-4,7.8677E-4,0.0019016,0.0045945,0.0078014,0.011104,0.015812
110.0,6.9128E-7,3.4002E-6,1.5507E-5,6.5525E-5,2.5686E-4,7.4033E-4,0.001802,0.0043867,0.007481,0.010678,0.015248
120.0,6.3319E-7,3.1353E-6,1.4388E-5,6.1243E-5,2.4162E-4,7.012E-4,0.0017179,0.0042097,0.0072079,0.010315,0.014762
130.0,5.8487E-7,2.9125E-6,1.3452E-5,5.7605E-5,2.2871E-4,6.6781E-4,0.0016465,0.0040569,0.0069718,0.010002,0.014351
140.0,5.4391E-7,2.7243E-6,1.2652E-5,5.4489E-5,2.1758E-4,6.389E-4,0.0015836,0.0039256,0.0067687,0.0097328,0.013994
150.0,5.0884E-7,2.5617E-6,1.1962E-5,5.1787E-5,2.0794E-4,6.1372E-4,0.0015291,0.0038105,0.0065908,0.0094958,0.013682
175.0,4.2538E-7,2.1673E-6,1.0239E-5,4.4853E-5,1.8213E-4,5.4413E-4,0.0013716,0.0034587,0.0060226,0.0087191,0.01262
200.0,3.659E-7,1.8831E-6,8.9899E-6,3.9782E-5,1.6323E-4,4.9252E-4,0.0012542,0.0031938,0.0055971,0.0081345,0.011824
250.0,2.8798E-7,1.5076E-6,7.3176E-6,3.2946E-5,1.3749E-4,4.2198E-4,0.001093,0.0028301,0.0050111,0.0073326,0.01073
300.0,2.4004E-7,1.2737E-6,6.2687E-6,2.8614E-5,1.211E-4,3.7674E-4,9.897E-4,0.0025993,0.0046392,0.006826,0.010044
350.0,2.0799E-7,1.117E-6,5.5628E-6,2.5681E-5,1.1001E-4,3.464E-4,9.2033E-4,0.0024447,0.0043952,0.0064973,0.0096075
400.0,1.8557E-7,1.0068E-6,5.0643E-6,2.3627E-5,1.022E-4,3.2513E-4,8.7259E-4,0.0023425,0.0042365,0.0062875,0.0093332
450.0,1.5835E-7,8.7222E-7,4.4509E-6,2.1073E-5,9.2467E-5,2.9848E-4,8.1304E-4,0.0022085,0.0039942,0.0059279,0.0087994
500.0,1.3596E-7,7.6034E-7,3.9362E-6,1.8912E-5,8.4182E-5,2.7571E-4,7.6227E-4,0.0020952,0.0037892,0.0056237,0.0083479
600.0,1.0167E-7,5.8606E-7,3.1224E-6,1.5451E-5,7.077E-5,2.3863E-4,6.7962E-4,0.0019126,0.0034591,0.0051337,0.0076205
700.0,7.7102E-8,4.5813E-7,2.5121E-6,1.2801E-5,6.0339E-5,2.0946E-4,6.1454E-4,0.0017708,0.0032025,0.0047529,0.0070552
800.0,5.9079E-8,3.6184E-7,2.042E-6,1.0717E-5,5.1978E-5,1.8577E-4,5.6144E-4,0.0016564,0.0029957,0.0044459,0.0065996
1000.0,3.5456E-8,2.3073E-7,1.3792E-6,7.6768E-6,3.9428E-5,1.4936E-4,4.7902E-4,0.0014815,0.0026794,0.0039766,0.0059028
1200.0,2.1718E-8,1.5016E-7,9.507E-7,5.6126E-6,3.0525E-5,1.2256E-4,4.1712E-4,0.0013524,0.0024459,0.0036301,0.0053885
1500.0,1.0677E-8,8.0848E-8,5.5799E-7,3.5982E-6,2.1324E-5,9.3426E-5,3.4759E-4,0.0012097,0.0021877,0.0032469,0.0048196
