PGA
r\m,4.0,4.5,5.0,5.5,6.0,6.5,7.0,7.5,7.8,8.0,8.2
0.0,0.14677,0.27691,0.45726,0.67173,0.87612,1.0405,1.2679,1.434,1.4799,1.4849,1.4692
1.0,0.12285,0.2336,0.39072,0.58309,0.77466,0.9366,1.1496,1.3083,1.3552,1.3633,1.3521
5.0,0.068935,0.13447,0.23379,0.36557,0.51283,0.65359,0.8227,0.95628,1.0033,1.0178,1.0181
10.0,0.040343,0.080621,0.14482,0.23524,0.34134,0.4579,0.59149,0.70199,0.74575,0.76288,0.76947
15.0,0.02661,0.053469,0.097778,0.16251,0.24603,0.34414,0.45274,0.5464,0.58633,0.60383,0.61315
20.0,0.018464,0.037914,0.071025,0.12126,0.18887,0.27076,0.36148,0.44243,0.47879,0.49586,0.50635
25.0,0.013746,0.028674,0.054631,0.094996,0.15085,0.2201,0.29753,0.36859,0.40178,0.41812,0.42904
30.0,0.010689,0.022581,0.0436,0.076898,0.12394,0.18337,0.25058,0.31374,0.34417,0.35969,0.37065
40.0,0.0070353,0.015164,0.029897,0.053893,0.088845,0.13431,0.18691,0.23826,0.26421,0.27812,0.28866
50.0,0.0049916,0.010932,0.021908,0.040161,0.067356,0.10354,0.14627,0.18925,0.21174,0.22422,0.23411
60.0,0.0037253,0.0082684,0.016795,0.031217,0.053097,0.082753,0.1184,0.15516,0.17493,0.18618,0.19538
70.0,0.0028848,0.0064766,0.013309,0.02503,0.043083,0.067939,0.098296,0.13024,0.14782,0.15802,0.16657
80.0,0.0022974,0.0052101,0.010816,0.020551,0.035743,0.056946,0.083207,0.11134,0.12711,0.13642,0.14437
90.0,0.0018705,0.0042804,0.0089668,0.017194,0.030182,0.048527,0.071536,0.096571,0.11083,0.11937,0.12677
100.0,0.0015505,0.0035771,0.0075551,0.014607,0.025854,0.041914,0.062284,0.084757,0.097745,0.10561,0.11252
110.0,0.0013044,0.0030319,0.0064515,0.012568,0.022413,0.036609,0.054802,0.075124,0.087018,0.094299,0.10076
120.0,0.0011112,0.0026005,0.0055717,0.010929,0.019626,0.032278,0.048648,0.06714,0.078086,0.084849,0.090908
130.0,9.5673E-4,0.0022532,0.0048584,0.0095908,0.017334,0.028691,0.043513,0.060432,0.070549,0.076853,0.082547
140.0,8.3135E-4,0.0019695,0.0042719,0.0084832,0.015423,0.025681,0.039177,0.054729,0.064116,0.070008,0.075372
150.0,7.2821E-4,0.0017347,0.0037835,0.0075552,0.013813,0.023127,0.035476,0.049831,0.05857,0.064093,0.069155
175.0,5.3841E-4,0.0012986,0.0028679,0.0057987,0.010735,0.0182,0.028265,0.040196,0.047597,0.052343,0.056757
200.0,4.116E-4,0.0010036,0.0022406,0.00458,0.0085721,0.014692,0.023065,0.033158,0.039519,0.043648,0.047533
250.0,2.5864E-4,6.423E-4,0.0014605,0.0030409,0.0057971,0.01012,0.016181,0.02369,0.028545,0.031759,0.03484
300.0,1.7409E-4,4.3891E-4,0.0010133,0.0021418,0.0041455,0.0073474,0.011926,0.017726,0.021554,0.024125,0.026626
350.0,1.2297E-4,3.1405E-4,7.3439E-4,0.0015725,0.0030831,0.0055352,0.0091008,0.013702,0.016789,0.018889,0.020954
400.0,9.0022E-5,2.3249E-4,5.498E-4,0.0011905,0.0023605,0.0042858,0.0071258,0.010849,0.013383,0.015125,0.016854
450.0,6.7743E-5,1.767E-4,4.2203E-4,9.2297E-4,0.0018483,0.0033892,0.0056913,0.0087512,0.01086,0.012322,0.013785
500.0,5.2106E-5,1.3713E-4,3.3044E-4,7.2914E-4,0.0014732,0.0027256,0.0046178,0.007164,0.0089377,0.010177,0.011426
600.0,3.2581E-5,8.705E-5,2.1296E-4,4.7701E-4,9.7833E-4,0.0018372,0.0031593,0.0049743,0.0062611,0.0071714,0.008099
700.0,2.136E-5,5.7813E-5,1.4328E-4,3.2511E-4,6.7545E-4,0.001285,0.0022383,0.0035701,0.0045285,0.0052138,0.0059188
800.0,1.4521E-5,3.9746E-5,9.9611E-5,2.2858E-4,4.8027E-4,9.2399E-4,0.0016277,0.0026254,0.0033527,0.0038775,0.0044215
1000.0,7.2531E-6,2.0229E-5,5.1661E-5,1.208E-4,2.5823E-4,5.0488E-4,9.0363E-4,0.0014798,0.0019074,0.0022207,0.0025494
1200.0,3.8016E-6,1.0719E-5,2.768E-5,6.5458E-5,1.4176E-4,2.8008E-4,5.0532E-4,8.3384E-4,0.0010796,0.0012601,0.0014503
1500.0,1.5244E-6,4.3347E-6,1.1288E-5,2.6951E-5,5.8963E-5,1.1814E-4,2.1679E-4,3.6436E-4,4.7697E-4,5.6083E-4,6.5024E-4
PGV
r\m,4.0,4.5,5.0,5.5,6.0,6.5,7.0,7.5,7.8,8.0,8.2
0.0,2.0989,4.5951,8.6346,14.33,21.072,28.522,40.552,53.586,60.701,64.802,68.206
1.0,1.6471,3.6508,7.0228,11.993,18.209,25.363,36.443,48.582,55.323,59.269,62.602
5.0,0.81836,1.8817,3.8424,7.0495,11.609,17.429,25.893,35.501,41.113,44.543,47.58
10.0,0.46213,1.0959,2.3347,4.4992,7.7583,12.382,18.969,26.68,31.374,34.34,37.057
15.0,0.30609,0.73313,1.5981,3.1677,5.7231,9.5493,14.94,21.427,25.494,28.123,30.585
20.0,0.21676,0.53176,1.19,2.4275,4.5188,7.7372,12.306,17.93,21.536,23.908,26.166
25.0,0.16543,0.41281,0.94069,1.9564,3.7162,6.4811,10.449,15.429,18.681,20.848,22.939
30.0,0.13203,0.33396,0.77184,1.6293,3.1429,5.5611,9.0711,13.548,16.517,18.518,20.469
40.0,0.091503,0.2364,0.55844,1.2058,2.3806,4.3069,7.162,10.903,13.445,15.189,16.918
50.0,0.068179,0.17908,0.43023,0.94514,1.899,3.4948,5.9031,9.1269,11.36,12.914,14.474
60.0,0.053266,0.14184,0.3455,0.76976,1.5688,2.9278,5.0108,7.8494,9.8472,11.253,12.678
70.0,0.043047,0.11597,0.28584,0.64447,1.3293,2.5105,4.3457,6.885,8.6961,9.9825,11.298
80.0,0.035681,0.097112,0.24182,0.55091,1.1483,2.1911,3.8309,6.1301,7.7891,8.977,10.2
90.0,0.030165,0.082848,0.20819,0.47867,1.007,1.9391,3.4207,5.5226,7.0548,8.1598,9.3049
100.0,0.025909,0.071743,0.18177,0.42139,0.89382,1.7355,3.0862,5.0229,6.4475,7.4814,8.5588
110.0,0.022546,0.062895,0.16055,0.37498,0.80138,1.5677,2.8084,4.6044,5.9364,6.9085,7.9266
120.0,0.019833,0.055706,0.14317,0.3367,0.72454,1.4271,2.5739,4.2485,5.4998,6.4177,7.3834
130.0,0.017609,0.049771,0.12873,0.30465,0.65976,1.3078,2.3734,3.9422,5.1223,5.9922,6.9111
140.0,0.015758,0.044802,0.11656,0.27748,0.60447,1.2052,2.2001,3.6755,4.7925,5.6195,6.4963
150.0,0.0142,0.040592,0.10619,0.25418,0.55677,1.1162,2.0487,3.4413,4.5018,5.29,6.1287
175.0,0.011221,0.032474,0.086,0.20841,0.46218,0.93807,1.7429,2.9636,3.9054,4.6117,5.369
200.0,0.0091227,0.026685,0.071428,0.17497,0.3922,0.80461,1.511,2.5967,3.4438,4.084,4.775
250.0,0.0064102,0.01909,0.052029,0.12976,0.29617,0.61864,1.1828,2.0695,2.7743,3.3137,3.9022
300.0,0.0047714,0.014421,0.03989,0.10097,0.2339,0.49585,0.96211,1.7084,2.3106,2.7762,3.2887
350.0,0.0036973,0.011316,0.031697,0.081247,0.19059,0.40915,0.80389,1.4455,1.9698,2.3786,2.8318
400.0,0.0029513,0.0091321,0.02586,0.067013,0.15892,0.34492,0.68513,1.2454,1.7083,2.0719,2.4775
450.0,0.0024101,0.00753,0.02153,0.056334,0.1349,0.29561,0.59288,1.0882,1.5013,1.8278,2.1941
500.0,0.0020041,0.0063159,0.018215,0.048076,0.11612,0.25668,0.51927,0.96137,1.3332,1.6288,1.962
600.0,0.0014445,0.0046211,0.013529,0.036248,0.088877,0.19943,0.40955,0.76968,1.077,1.3238,1.6041
700.0,0.0010851,0.0035159,0.010425,0.028289,0.070251,0.15965,0.33206,0.63204,0.8912,1.1009,1.3409
800.0,8.4035E-4,0.002753,0.0082536,0.022645,0.056859,0.13065,0.27476,0.52877,0.75055,0.93129,1.1393
1000.0,5.3784E-4,0.0017948,0.0054813,0.015319,0.039182,0.091714,0.19646,0.38515,0.55278,0.69098,0.85158
1200.0,3.6575E-4,0.0012391,0.0038419,0.010901,0.028307,0.067268,0.14629,0.29116,0.4217,0.53033,0.65755
1500.0,2.2109E-4,7.6306E-4,0.0024101,0.0069665,0.018428,0.044612,0.098837,0.20039,0.29348,0.37182,0.46445
SA0P01
r\m,4.0,4.5,5.0,5.5,6.0,6.5,7.0,7.5,7.8,8.0,8.2
0.0,0.14677,0.27691,0.45726,0.67173,0.87612,1.0405,1.2679,1.434,1.4799,1.4849,1.4692
1.0,0.12285,0.2336,0.39072,0.58309,0.77466,0.9366,1.1496,1.3083,1.3552,1.3633,1.3521
5.0,0.068935,0.13447,0.23379,0.36557,0.51283,0.65359,0.8227,0.95628,1.0033,1.0178,1.0181
10.0,0.040343,0.080621,0.14482,0.23524,0.34134,0.4579,0.59149,0.70199,0.74575,0.76288,0.76947
15.0,0.02661,0.053469,0.097778,0.16251,0.24603,0.34414,0.45274,0.5464,0.58633,0.60383,0.61315
20.0,0.018464,0.037914,0.071025,0.12126,0.18887,0.27076,0.36148,0.44243,0.47879,0.49586,0.50635
25.0,0.013746,0.028674,0.054631,0.094996,0.15085,0.2201,0.29753,0.36859,0.40178,0.41812,0.42904
30.0,0.010689,0.022581,0.0436,0.076898,0.12394,0.18337,0.25058,0.31374,0.34417,0.35969,0.37065
40.0,0.0070353,0.015164,0.029897,0.053893,0.088845,0.13431,0.18691,0.23826,0.26421,0.27812,0.28866
50.0,0.0049916,0.010932,0.021908,0.040161,0.067356,0.10354,0.14627,0.18925,0.21174,0.22422,0.23411
60.0,0.0037253,0.0082684,0.016795,0.031217,0.053097,0.082753,0.1184,0.15516,0.17493,0.18618,0.19538
70.0,0.0028848,0.0064766,0.013309,0.02503,0.043083,0.067939,0.098296,0.13024,0.14782,0.15802,0.16657
80.0,0.0022974,0.0052101,0.010816,0.020551,0.035743,0.056946,0.083207,0.11134,0.12711,0.13642,0.14437
90.0,0.0018705,0.0042804,0.0089668,0.017194,0.030182,0.048527,0.071536,0.096571,0.11083,0.11937,0.12677
100.0,0.0015505,0.0035771,0.0075551,0.014607,0.025854,0.041914,0.062284,0.084757,0.097745,0.10561,0.11252
110.0,0.0013044,0.0030319,0.0064515,0.012568,0.022413,0.036609,0.054802,0.075124,0.087018,0.094299,0.10076
120.0,0.0011112,0.0026005,0.0055717,0.010929,0.019626,0.032278,0.048648,0.06714,0.078086,0.084849,0.090908
130.0,9.5673E-4,0.0022532,0.0048584,0.0095908,0.017334,0.028691,0.043513,0.060432,0.070549,0.076853,0.082547
140.0,8.3135E-4,0.0019695,0.0042719,0.0084832,0.015423,0.025681,0.039177,0.054729,0.064116,0.070008,0.075372
150.0,7.2821E-4,0.0017347,0.0037835,0.0075552,0.013813,0.023127,0.035476,0.049831,0.05857,0.064093,0.069155
175.0,5.3841E-4,0.0012986,0.0028679,0.0057987,0.010735,0.0182,0.028265,0.040196,0.047597,0.052343,0.056757
200.0,4.116E-4,0.0010036,0.0022406,0.00458,0.0085721,0.014692,0.023065,0.033158,0.039519,0.043648,0.047533
250.0,2.5864E-4,6.423E-4,0.0014605,0.0030409,0.0057971,0.01012,0.016181,0.02369,0.028545,0.031759,0.03484
300.0,1.7409E-4,4.3891E-4,0.0010133,0.0021418,0.0041455,0.0073474,0.011926,0.017726,0.021554,0.024125,0.026626
350.0,1.2297E-4,3.1405E-4,7.3439E-4,0.0015725,0.0030831,0.0055352,0.0091008,0.013702,0.016789,0.018889,0.020954
400.0,9.0022E-5,2.3249E-4,5.498E-4,0.0011905,0.0023605,0.0042858,0.0071258,0.010849,0.013383,0.015125,0.016854
450.0,6.7743E-5,1.767E-4,4.2203E-4,9.2297E-4,0.0018483,0.0033892,0.0056913,0.0087512,0.01086,0.012322,0.013785
500.0,5.2106E-5,1.3713E-4,3.3044E-4,7.2914E-4,0.0014732,0.0027256,0.0046178,0.007164,0.0089377,0.010177,0.011426
600.0,3.2581E-5,8.705E-5,2.1296E-4,4.7701E-4,9.7833E-4,0.0018372,0.0031593,0.0049743,0.0062611,0.0071714,0.008099
700.0,2.136E-5,5.7813E-5,1.4328E-4,3.2511E-4,6.7545E-4,0.001285,0.0022383,0.0035701,0.0045285,0.0052138,0.0059188
800.0,1.4521E-5,3.9746E-5,9.9611E-5,2.2858E-4,4.8027E-4,9.2399E-4,0.0016277,0.0026254,0.0033527,0.0038775,0.0044215
1000.0,7.2531E-6,2.0229E-5,5.1661E-5,1.208E-4,2.5823E-4,5.0488E-4,9.0363E-4,0.0014798,0.0019074,0.0022207,0.0025494
1200.0,3.8016E-6,1.0719E-5,2.768E-5,6.5458E-5,1.4176E-4,2.8008E-4,5.0532E-4,8.3384E-4,0.0010796,0.0012601,0.0014503
1500.0,1.5244E-6,4.3347E-6,1.1288E-5,2.6951E-5,5.8963E-5,1.1814E-4,2.1679E-4,3.6436E-4,4.7697E-4,5.6083E-4,6.5024E-4
SA0P02
r\m,4.0,4.5,5.0,5.5,6.0,6.5,7.0,7.5,7.8,8.0,8.2
0.0,0.27575,0.52199,0.87231,1.3027,1.732,2.0888,2.5472,2.8793,2.971,2.9809,2.9491
1.0,0.23794,0.45306,0.76387,1.1531,1.5529,1.8969,2.3265,2.6431,2.7354,2.75,2.726
5.0,0.14323,0.27833,0.48315,0.7552,1.0594,1.3476,1.6875,1.9512,2.0408,2.0662,2.0627
10.0,0.08645,0.17147,0.30583,0.49334,0.7104,0.94474,1.2105,1.4254,1.5072,1.5371,1.5457
15.0,0.057296,0.11398,0.20632,0.33935,0.50817,0.70308,0.91602,1.0951,1.1686,1.199,1.2131
20.0,0.039434,0.080053,0.14824,0.25013,0.38493,0.54529,0.72026,0.87241,0.93827,0.96776,0.98422
25.0,0.028978,0.059714,0.11238,0.19301,0.30265,0.43614,0.58294,0.71421,0.77343,0.80139,0.81877
30.0,0.022197,0.0463,0.08827,0.15371,0.24457,0.35729,0.48255,0.59727,0.65076,0.67705,0.69456
40.0,0.014149,0.030101,0.058577,0.10422,0.16958,0.25308,0.34795,0.4383,0.48261,0.50564,0.52237
50.0,0.0097272,0.021025,0.041585,0.075242,0.12455,0.18902,0.26378,0.33721,0.3746,0.3948,0.41028
60.0,0.0070453,0.015434,0.030945,0.056775,0.09533,0.1467,0.20736,0.26848,0.30054,0.31837,0.33254
70.0,0.0053051,0.011757,0.023852,0.044287,0.075267,0.11722,0.16756,0.21939,0.24725,0.26309,0.27603
80.0,0.0041161,0.0092161,0.018891,0.035447,0.060886,0.095822,0.13835,0.18298,0.20745,0.22162,0.23346
90.0,0.0032707,0.0073911,0.015292,0.028964,0.050223,0.079785,0.11625,0.15513,0.17683,0.1896,0.20045
100.0,0.0026503,0.0060394,0.012601,0.02407,0.042097,0.067445,0.099081,0.13332,0.15272,0.16428,0.17426
110.0,0.0021828,0.0050125,0.010539,0.020289,0.035761,0.057741,0.08547,0.11587,0.13334,0.14387,0.15307
120.0,0.0018228,0.0042155,0.0089266,0.017308,0.030726,0.049968,0.074483,0.10169,0.11751,0.12714,0.13565
130.0,0.0015403,0.0035856,0.0076431,0.014918,0.02666,0.043643,0.06548,0.08998,0.10439,0.11324,0.12113
140.0,0.001315,0.00308,0.0066059,0.012973,0.023329,0.038427,0.058006,0.080195,0.093373,0.10154,0.10888
150.0,0.0011329,0.0026687,0.0057566,0.011371,0.020567,0.034073,0.051729,0.071926,0.084033,0.091592,0.098436
175.0,8.0642E-4,0.0019245,0.0042057,0.0084164,0.015424,0.025888,0.039813,0.056076,0.066024,0.072335,0.078142
200.0,5.9621E-4,0.0014391,0.003181,0.0064389,0.011935,0.020264,0.031518,0.044899,0.053224,0.058576,0.063566
250.0,3.5405E-4,8.712E-4,0.0019632,0.0040514,0.0076567,0.013253,0.021013,0.030515,0.036592,0.040582,0.044379
300.0,2.2754E-4,5.689E-4,0.0013026,0.0027315,0.0052453,0.0092253,0.014862,0.021928,0.026547,0.02963,0.032609
350.0,1.5463E-4,3.9191E-4,9.0965E-4,0.0019336,0.0037641,0.006711,0.010959,0.016391,0.020006,0.022451,0.024843
400.0,1.0954E-4,2.8093E-4,6.5986E-4,0.0014194,0.0027961,0.0050448,0.0083365,0.012617,0.01551,0.017488,0.019442
450.0,8.0127E-5,2.0768E-4,4.9295E-4,0.0010716,0.0021333,0.0038897,0.0064957,0.0099346,0.01229,0.013915,0.015536
500.0,6.0132E-5,1.5733E-4,3.77E-4,8.2731E-4,0.0016627,0.0030603,0.0051592,0.0079654,0.0099096,0.011263,0.012622
600.0,3.5924E-5,9.555E-5,2.3275E-4,5.1923E-4,0.0010608,0.0019849,0.0034016,0.0053388,0.0067076,0.0076739,0.0086568
700.0,2.2768E-5,6.141E-5,1.5169E-4,3.4316E-4,7.1096E-4,0.001349,0.0023443,0.003731,0.0047271,0.0054383,0.0061692
800.0,1.5074E-5,4.1153E-5,1.029E-4,2.3562E-4,4.9411E-4,9.4899E-4,0.0016693,0.0026892,0.0034319,0.0039675,0.0045226
1000.0,7.2559E-6,2.0229E-5,5.1661E-5,1.208E-4,2.5823E-4,5.0488E-4,9.0363E-4,0.0014798,0.0019074,0.0022207,0.0025494
1200.0,3.8016E-6,1.0719E-5,2.768E-5,6.5458E-5,1.4176E-4,2.8008E-4,5.0532E-4,8.3384E-4,0.0010796,0.0012601,0.0014503
1500.0,1.5244E-6,4.3347E-6,1.1288E-5,2.6951E-5,5.8963E-5,1.1814E-4,2.1679E-4,3.6436E-4,4.7697E-4,5.6083E-4,6.5024E-4
SA0P025
r\m,4.0,4.5,5.0,5.5,6.0,6.5,7.0,7.5,7.8,8.0,8.2
0.0,0.29696,0.56294,0.94279,1.4118,1.8833,2.2796,2.7859,3.1558,3.2607,3.2745,3.2424
1.0,0.25688,0.48977,0.82745,1.2523,1.6917,2.0736,2.5485,2.9012,3.0064,3.0251,3.0014
5.0,0.15594,0.30334,0.5274,0.82602,1.1616,1.4817,1.8587,2.153,2.2544,2.2842,2.2822
10.0,0.094892,0.18835,0.33633,0.54337,0.78406,1.0449,1.3407,1.581,1.6733,1.7076,1.7183
15.0,0.063298,0.12601,0.22832,0.37598,0.56383,0.78122,1.019,1.2197,1.3026,1.3373,1.3538
20.0,0.043815,0.088982,0.16487,0.27842,0.42888,0.6082,0.8041,0.97497,1.0493,1.0828,1.1018
25.0,0.032344,0.06666,0.1255,0.21564,0.33838,0.48801,0.65275,0.80043,0.8673,0.89903,0.91893
30.0,0.024868,0.05187,0.098902,0.17227,0.27424,0.40086,0.54171,0.67097,0.73142,0.76123,0.78121
40.0,0.015946,0.033914,0.065984,0.1174,0.19104,0.28518,0.39219,0.49424,0.54438,0.5705,0.58953
50.0,0.011013,0.02379,0.047033,0.085074,0.14081,0.21369,0.29821,0.38131,0.42367,0.44659,0.46418
60.0,0.0080046,0.017521,0.035108,0.064381,0.10806,0.16625,0.23496,0.30423,0.34058,0.3608,0.3769
70.0,0.0060444,0.013383,0.027127,0.050333,0.085496,0.13309,0.19019,0.24899,0.28059,0.29856,0.31326
80.0,0.0047001,0.010512,0.021526,0.040357,0.069271,0.10895,0.15724,0.20789,0.23566,0.25175,0.26518
90.0,0.0037415,0.0084442,0.017451,0.03302,0.057208,0.090815,0.13224,0.17639,0.20102,0.21551,0.22782
100.0,0.003036,0.0069087,0.014396,0.027469,0.047993,0.076827,0.11278,0.15166,0.17368,0.1868,0.19811
110.0,0.0025032,0.0057395,0.012051,0.023171,0.040795,0.065805,0.097324,0.13185,0.15167,0.16362,0.17404
120.0,0.0020921,0.0048304,0.010213,0.019776,0.035065,0.056962,0.084827,0.11572,0.13366,0.14459,0.15422
130.0,0.0017689,0.0041107,0.0087483,0.01705,0.03043,0.049756,0.074573,0.10238,0.11871,0.12875,0.13768
140.0,0.0015108,0.0035321,0.0075627,0.014829,0.026629,0.043806,0.06605,0.091223,0.10616,0.1154,0.1237
150.0,0.0013018,0.0030608,0.0065908,0.012997,0.023473,0.038835,0.058885,0.081785,0.095495,0.10405,0.11178
175.0,9.2663E-4,0.0022067,0.0048129,0.0096138,0.017588,0.029474,0.045263,0.063669,0.074911,0.082034,0.088582
200.0,6.8454E-4,0.0016485,0.0036361,0.0073453,0.01359,0.023032,0.035767,0.050875,0.060259,0.066285,0.071895
250.0,4.0523E-4,9.9455E-4,0.0022357,0.0046031,0.0086802,0.014994,0.023728,0.034395,0.041204,0.045668,0.04991
300.0,2.5922E-4,6.4626E-4,0.0014758,0.0030866,0.0059129,0.010376,0.016679,0.024559,0.029698,0.033123,0.036426
350.0,1.7515E-4,4.4255E-4,0.0010242,0.0021711,0.0042153,0.0074966,0.012213,0.018225,0.022217,0.024911,0.027543
400.0,1.2326E-4,3.1511E-4,7.3785E-4,0.0015825,0.0031086,0.0055934,0.0092195,0.013919,0.017087,0.019249,0.021382
450.0,8.9523E-5,2.3124E-4,5.471E-4,0.0011856,0.0023533,0.0042784,0.0071254,0.01087,0.013426,0.015188,0.016941
500.0,6.667E-5,1.7382E-4,4.151E-4,9.0794E-4,0.001819,0.0033381,0.0056113,0.0086398,0.010732,0.012185,0.013642
600.0,3.9181E-5,1.0382E-4,2.5196E-4,5.6012E-4,0.0011405,0.002127,0.0036338,0.0056862,0.0071318,0.0081501,0.0091838
700.0,2.44E-5,6.5547E-5,1.6128E-4,3.635E-4,7.5037E-4,0.0014189,0.0024575,0.0038987,0.0049303,0.0056652,0.006419
800.0,1.5859E-5,4.3116E-5,1.0737E-4,2.4488E-4,5.116E-4,9.7899E-4,0.001716,0.0027551,0.0035091,0.0040516,0.0046126
1000.0,7.3446E-6,2.0372E-5,5.1755E-5,1.208E-4,2.5823E-4,5.0488E-4,9.0363E-4,0.0014798,0.0019074,0.0022207,0.0025494
1200.0,3.8016E-6,1.0719E-5,2.768E-5,6.5458E-5,1.4176E-4,2.8008E-4,5.0532E-4,8.3384E-4,0.0010796,0.0012601,0.0014503
1500.0,1.5244E-6,4.3347E-6,1.1288E-5,2.6951E-5,5.8963E-5,1.1814E-4,2.1679E-4,3.6436E-4,4.7697E-4,5.6083E-4,6.5024E-4
SA0P03
r\m,4.0,4.5,5.0,5.5,6.0,6.5,7.0,7.5,7.8,8.0,8.2
0.0,0.28749,0.54611,0.91724,1.3784,1.8463,2.2452,2.7507,3.1232,3.2314,3.2482,3.2196
1.0,0.24944,0.47655,0.80733,1.226,1.6625,2.0469,2.5217,2.8771,2.9855,3.0068,2.9861
5.0,0.15302,0.29817,0.51962,0.81607,1.1513,1.474,1.8529,2.1505,2.2546,2.2864,2.2862
10.0,0.094076,0.18701,0.33457,0.54171,0.78392,1.0476,1.3466,1.5908,1.6855,1.7213,1.7334
15.0,0.063272,0.12615,0.22897,0.37779,0.56778,0.78831,1.0298,1.2346,1.3198,1.3558,1.3734
20.0,0.044121,0.089713,0.16646,0.28152,0.43439,0.61704,0.81688,0.99184,1.0684,1.1031,1.1231
25.0,0.032763,0.067593,0.12739,0.21918,0.34441,0.49739,0.66608,0.81779,0.88679,0.91972,0.94057
30.0,0.025317,0.052852,0.10087,0.17588,0.28031,0.41021,0.55493,0.6881,0.7506,0.78156,0.80246
40.0,0.016368,0.034831,0.067812,0.12074,0.19664,0.29379,0.40436,0.51002,0.56207,0.58925,0.60915
50.0,0.011378,0.024588,0.048631,0.08801,0.14575,0.22133,0.30906,0.39545,0.43957,0.46348,0.48188
60.0,0.0083149,0.018203,0.036483,0.066923,0.11237,0.17296,0.24455,0.31679,0.35476,0.37591,0.39278
70.0,0.006307,0.013964,0.028307,0.052532,0.089249,0.13897,0.19865,0.26015,0.29324,0.31208,0.3275
80.0,0.0049231,0.011009,0.022543,0.042264,0.072548,0.11412,0.16473,0.21783,0.24697,0.26386,0.27797
90.0,0.0039319,0.0088717,0.018331,0.034681,0.060082,0.095376,0.13888,0.18527,0.21116,0.2264,0.23935
100.0,0.0031996,0.0072784,0.015162,0.028923,0.050525,0.08087,0.11871,0.15963,0.18281,0.19662,0.20854
110.0,0.0026447,0.0060611,0.012721,0.02445,0.043036,0.069405,0.10263,0.13902,0.15992,0.17251,0.1835
120.0,0.0022152,0.0051116,0.010803,0.020908,0.037058,0.06018,0.089596,0.12219,0.14113,0.15266,0.16282
130.0,0.0018766,0.004358,0.0092692,0.018055,0.03221,0.052644,0.078874,0.10825,0.1255,0.1361,0.14553
140.0,0.0016055,0.0037506,0.0080252,0.015726,0.028224,0.046408,0.069942,0.096562,0.11235,0.12212,0.13089
150.0,0.0013854,0.0032547,0.0070031,0.013801,0.024908,0.041186,0.062418,0.086654,0.10115,0.1102,0.11837
175.0,9.8906E-4,0.002353,0.0051273,0.010233,0.018706,0.031325,0.048071,0.067577,0.079481,0.08702,0.093945
200.0,7.322E-4,0.0017613,0.0038806,0.0078313,0.014475,0.024511,0.038031,0.054054,0.063997,0.070376,0.076312
250.0,4.3446E-4,0.0010648,0.0023905,0.0049154,0.009258,0.015973,0.025251,0.036565,0.043777,0.048501,0.052986
300.0,2.7808E-4,6.9217E-4,0.0015782,0.0032959,0.0063047,0.011048,0.017737,0.026084,0.03152,0.035138,0.038625
350.0,1.8776E-4,4.7358E-4,0.0010941,0.0023154,0.0044883,0.0079698,0.012965,0.01932,0.023531,0.026371,0.029141
400.0,1.3193E-4,3.3661E-4,7.867E-4,0.0016841,0.0033025,0.0059322,0.0097619,0.014715,0.018047,0.020318,0.022556
450.0,9.5592E-5,2.464E-4,5.818E-4,0.0012583,0.0024928,0.0045238,0.0075207,0.011453,0.014133,0.015976,0.017808
500.0,7.0983E-5,1.8466E-4,4.4002E-4,9.6046E-4,0.0019203,0.003517,0.0059008,0.0090688,0.011252,0.012767,0.014284
600.0,4.1418E-5,1.0948E-4,2.6508E-4,5.879E-4,0.0011944,0.0022227,0.0037891,0.005917,0.0074122,0.0084638,0.0095298
700.0,2.5575E-5,6.8525E-5,1.6818E-4,3.7809E-4,7.7861E-4,0.0014688,0.002538,0.0040174,0.0050737,0.0058249,0.0065942
800.0,1.6467E-5,4.4643E-5,1.1087E-4,2.522E-4,5.2551E-4,0.0010031,0.0017538,0.002809,0.0035728,0.0041212,0.0046875
1000.0,7.4671E-6,2.0648E-5,5.2302E-5,1.2135E-4,2.5823E-4,5.0488E-4,9.0363E-4,0.0014798,0.0019074,0.0022207,0.0025494
1200.0,3.8016E-6,1.0719E-5,2.768E-5,6.5458E-5,1.4176E-4,2.8008E-4,5.0532E-4,8.3384E-4,0.0010796,0.0012601,0.0014503
1500.0,1.5244E-6,4.3347E-6,1.1288E-5,2.6951E-5,5.8963E-5,1.1814E-4,2.1679E-4,3.6436E-4,4.7697E-4,5.6083E-4,6.5024E-4
SA0P04
r\m,4.0,4.5,5.0,5.5,6.0,6.5,7.0,7.5,7.8,8.0,8.2
0.0,0.27551,0.52429,0.88041,1.3214,1.7669,2.147,2.6372,3.0031,3.1128,3.1326,3.1087
1.0,0.23751,0.45471,0.77083,1.1704,1.5865,1.954,2.4143,2.7632,2.8728,2.897,2.8807
5.0,0.14371,0.28088,0.49077,0.77268,1.093,1.4037,1.7711,2.0632,2.1678,2.2016,2.2048
10.0,0.088066,0.17568,0.31544,0.51268,0.74508,1.0002,1.2908,1.5309,1.6259,1.6632,1.6775
15.0,0.059416,0.11894,0.21677,0.35924,0.54238,0.75647,0.99221,1.1943,1.2798,1.3169,1.3362
20.0,0.041708,0.085141,0.15862,0.26941,0.41756,0.59574,0.79182,0.96524,1.0422,1.0778,1.0992
25.0,0.031199,0.064611,0.12225,0.21119,0.33326,0.48331,0.64973,0.80078,0.87037,0.9041,0.92605
30.0,0.024289,0.05089,0.097486,0.17064,0.27304,0.40116,0.54469,0.6779,0.74114,0.77286,0.79472
40.0,0.015932,0.034012,0.066436,0.11869,0.19399,0.29085,0.40164,0.50828,0.56129,0.58924,0.60996
50.0,0.011223,0.024321,0.048243,0.087567,0.14546,0.22157,0.31031,0.39822,0.44345,0.46814,0.48731
60.0,0.0083009,0.018217,0.036602,0.067315,0.11333,0.17489,0.24792,0.322,0.36116,0.3831,0.40071
70.0,0.0063655,0.014123,0.02869,0.05336,0.09086,0.1418,0.20314,0.26663,0.30095,0.32058,0.33673
80.0,0.0050181,0.011241,0.023059,0.04331,0.074485,0.11739,0.16977,0.22492,0.2553,0.27298,0.28781
90.0,0.0040439,0.0091373,0.018907,0.035824,0.062159,0.098829,0.14414,0.19258,0.21971,0.23571,0.24936
100.0,0.0033178,0.0075554,0.015757,0.030094,0.052634,0.084352,0.12397,0.16692,0.19131,0.20588,0.21846
110.0,0.0027629,0.0063369,0.013311,0.025607,0.045114,0.072825,0.10779,0.14616,0.16823,0.18155,0.19319
120.0,0.00233,0.0053793,0.011375,0.022028,0.039069,0.063488,0.094586,0.12909,0.14916,0.16139,0.1722
130.0,0.0019862,0.0046137,0.0098159,0.019127,0.034134,0.055812,0.083655,0.11487,0.13321,0.14448,0.15453
140.0,0.001709,0.0039925,0.0085431,0.016743,0.030052,0.049421,0.074496,0.10287,0.1197,0.13013,0.13949
150.0,0.0014826,0.0034821,0.0074909,0.01476,0.026636,0.04404,0.066738,0.092647,0.10815,0.11782,0.12656
175.0,0.0010706,0.002545,0.0055416,0.011052,0.020189,0.033787,0.051818,0.072802,0.085598,0.093697,0.10113
200.0,8.0005E-4,0.001922,0.0042296,0.0085252,0.01574,0.026621,0.04126,0.05858,0.069311,0.076189,0.082582
250.0,4.8145E-4,0.0011775,0.0026378,0.0054128,0.010174,0.017519,0.02764,0.039947,0.047772,0.052887,0.057734
300.0,3.1107E-4,7.7209E-4,0.0017554,0.0036557,0.0069738,0.012187,0.019513,0.02862,0.034529,0.038452,0.042224
350.0,2.1131E-4,5.3112E-4,0.0012228,0.0025789,0.004982,0.0088167,0.014295,0.021231,0.025809,0.028886,0.031879
400.0,1.4899E-4,3.786E-4,8.8127E-4,0.0018791,0.0036702,0.0065668,0.010764,0.016163,0.019778,0.022233,0.024644
450.0,1.0811E-4,2.774E-4,6.5201E-4,0.0014038,0.0027687,0.0050023,0.0082797,0.012554,0.015451,0.017436,0.019403
500.0,8.0259E-5,2.0774E-4,4.9257E-4,0.0010698,0.0021285,0.0038794,0.0064772,0.0099068,0.012257,0.01388,0.0155
600.0,4.6631E-5,1.2254E-4,2.95E-4,6.5051E-4,0.001314,0.0024315,0.0041217,0.0064004,0.007991,0.0091044,0.010228
700.0,2.8561E-5,7.6028E-5,1.8539E-4,4.1411E-4,8.4735E-4,0.0015883,0.0027272,0.0042898,0.0053974,0.0061811,0.00698
800.0,1.8187E-5,4.8958E-5,1.2072E-4,2.727E-4,5.6427E-4,0.0010696,0.0018572,0.0029542,0.0037419,0.0043045,0.0048826
1000.0,8.0165E-6,2.1988E-5,5.5248E-5,1.2716E-4,2.6811E-4,5.1782E-4,9.1617E-4,0.0014849,0.0019074,0.0022207,0.0025494
1200.0,3.8205E-6,1.0719E-5,2.768E-5,6.5458E-5,1.4176E-4,2.8008E-4,5.0532E-4,8.3384E-4,0.0010796,0.0012601,0.0014503
1500.0,1.5244E-6,4.3347E-6,1.1288E-5,2.6951E-5,5.8963E-5,1.1814E-4,2.1679E-4,3.6436E-4,4.7697E-4,5.6083E-4,6.5024E-4
SA0P05
r\m,4.0,4.5,5.0,5.5,6.0,6.5,7.0,7.5,7.8,8.0,8.2
0.0,0.29585,0.56208,0.93583,1.3871,1.8264,2.1894,2.688,3.0636,3.177,3.1983,3.175
1.0,0.24907,0.47656,0.80306,1.2083,1.6191,1.9744,2.4405,2.7973,2.9108,2.937,2.9222
5.0,0.14233,0.27877,0.48707,0.76586,1.0809,1.386,1.7536,2.0493,2.1573,2.1937,2.1996
10.0,0.084652,0.1695,0.30528,0.49752,0.72475,0.97586,1.2647,1.5063,1.6039,1.6434,1.6604
15.0,0.056494,0.1136,0.20798,0.3462,0.52506,0.73574,0.96961,1.1727,1.2602,1.2992,1.3207
20.0,0.039583,0.081211,0.15207,0.2596,0.40443,0.57998,0.77473,0.94909,1.0278,1.0651,1.0883
25.0,0.029681,0.061784,0.11751,0.20407,0.32374,0.47198,0.63769,0.78989,0.86111,0.89626,0.91985
30.0,0.023207,0.048873,0.094108,0.16559,0.26636,0.39339,0.5368,0.6714,0.73621,0.76924,0.79255
40.0,0.015391,0.033019,0.064813,0.11637,0.19113,0.28797,0.39956,0.50802,0.56258,0.59169,0.61365
50.0,0.010972,0.023885,0.047593,0.08678,0.14482,0.22158,0.31168,0.40172,0.4485,0.47429,0.49457
60.0,0.008211,0.018094,0.036504,0.067411,0.11396,0.17659,0.25132,0.3277,0.36842,0.39141,0.41005
70.0,0.0063665,0.014177,0.028907,0.053962,0.092227,0.14446,0.2077,0.27357,0.30944,0.33009,0.34721
80.0,0.0050709,0.011397,0.023455,0.044199,0.076265,0.12059,0.17494,0.23251,0.26442,0.28308,0.29883
90.0,0.0041257,0.0093492,0.019402,0.036868,0.064155,0.1023,0.14961,0.20045,0.22906,0.24602,0.26055
100.0,0.003415,0.0077964,0.016301,0.031211,0.054726,0.087922,0.12953,0.17483,0.20066,0.21615,0.22958
110.0,0.0028672,0.0065905,0.013874,0.026748,0.047225,0.076396,0.11331,0.15396,0.17742,0.19163,0.20408
120.0,0.0024363,0.0056352,0.011938,0.02316,0.041152,0.066993,0.09998,0.13669,0.15811,0.17119,0.18277
130.0,0.0020915,0.0048656,0.010368,0.020232,0.03616,0.059211,0.088875,0.12221,0.14184,0.15393,0.16472
140.0,0.0018114,0.0042367,0.0090764,0.017809,0.032004,0.05269,0.079512,0.10992,0.12799,0.13919,0.14927
150.0,0.0015809,0.0037164,0.008002,0.015781,0.028504,0.047167,0.071535,0.099386,0.11607,0.12649,0.13591
175.0,0.0011569,0.0027507,0.0059905,0.01195,0.021833,0.036544,0.056053,0.078761,0.092609,0.10137,0.10942
200.0,8.7417E-4,0.0020992,0.0046175,0.0093031,0.017168,0.029023,0.04496,0.063802,0.075466,0.082936,0.089876
250.0,5.3513E-4,0.0013068,0.002923,0.0059889,0.011239,0.019323,0.030438,0.04392,0.052472,0.058053,0.063332
300.0,3.4993E-4,8.664E-4,0.001965,0.0040821,0.0077678,0.013541,0.021625,0.031638,0.038112,0.042399,0.04651
350.0,2.3966E-4,6.0041E-4,0.0013778,0.0028963,0.0055767,0.0098364,0.015895,0.023529,0.028544,0.031904,0.035162
400.0,1.6987E-4,4.2995E-4,9.9682E-4,0.0021169,0.0041181,0.0073386,0.011981,0.017917,0.021869,0.024544,0.027161
450.0,1.2363E-4,3.1577E-4,7.3876E-4,0.0015832,0.0031079,0.0055888,0.009207,0.013894,0.017052,0.019207,0.021332
500.0,9.189E-5,2.3661E-4,5.5809E-4,0.0012058,0.0023864,0.0043264,0.0071855,0.010932,0.013482,0.015235,0.016976
600.0,5.3277E-5,1.3914E-4,3.3285E-4,7.2938E-4,0.0014641,0.0026921,0.0045347,0.0069972,0.0087028,0.0098902,0.011083
700.0,3.2419E-5,8.5684E-5,2.0745E-4,4.6007E-4,9.3465E-4,0.0017393,0.0029651,0.0046304,0.0058007,0.0066237,0.0074581
800.0,2.0441E-5,5.4592E-5,1.3356E-4,2.993E-4,6.1439E-4,0.0011553,0.0019901,0.0031403,0.0039587,0.0045392,0.0051323
1000.0,8.7707E-6,2.3836E-5,5.934E-5,1.3532E-4,2.8267E-4,5.409E-4,9.4814E-4,0.0015224,0.0019394,0.0022393,0.0025497
1200.0,4.0411E-6,1.1141E-5,2.8133E-5,6.5458E-5,1.4176E-4,2.8008E-4,5.0532E-4,8.3384E-4,0.0010796,0.0012601,0.0014503
1500.0,1.5244E-6,4.3347E-6,1.1288E-5,2.6951E-5,5.8963E-5,1.1814E-4,2.1679E-4,3.6436E-4,4.7697E-4,5.6083E-4,6.5024E-4
SA0P075
r\m,4.0,4.5,5.0,5.5,6.0,6.5,7.0,7.5,7.8,8.0,8.2
0.0,0.26647,0.50955,0.84711,1.2485,1.6303,1.9437,2.4018,2.7572,2.8712,2.8985,2.885
1.0,0.21884,0.42186,0.71217,1.0701,1.4292,1.7405,2.167,2.503,2.6163,2.6477,2.6419
5.0,0.11915,0.23564,0.41508,0.65727,0.93357,1.2057,1.5393,1.8148,1.9203,1.9593,1.9711
10.0,0.069912,0.14147,0.25748,0.42388,0.62389,0.84881,1.1105,1.3349,1.4291,1.4694,1.4898
15.0,0.04682,0.095213,0.17626,0.29667,0.45491,0.6442,0.85702,1.046,1.13,1.169,1.1924
20.0,0.033161,0.068786,0.1302,0.22466,0.35373,0.51244,0.69077,0.85369,0.92925,0.96614,0.99046
25.0,0.025174,0.052957,0.10177,0.17855,0.28611,0.42114,0.57398,0.71694,0.7854,0.82008,0.8443
30.0,0.019932,0.042399,0.082449,0.14649,0.23788,0.35452,0.48778,0.61495,0.67742,0.70995,0.73364
40.0,0.013542,0.029316,0.058056,0.10514,0.17415,0.26451,0.36972,0.47341,0.5264,0.55512,0.57722
50.0,0.0098688,0.02166,0.043503,0.079935,0.13439,0.20709,0.29322,0.38028,0.42609,0.45164,0.47202
60.0,0.0075341,0.016725,0.033982,0.063186,0.10752,0.16766,0.23998,0.31462,0.35482,0.37772,0.39648
70.0,0.0059479,0.013333,0.027358,0.051381,0.088328,0.13911,0.20101,0.26601,0.3017,0.32238,0.33967
80.0,0.0048157,0.010887,0.022533,0.04269,0.074036,0.11762,0.17138,0.22869,0.26067,0.27946,0.29543
90.0,0.003977,0.0090597,0.018895,0.036074,0.063052,0.10095,0.14819,0.19922,0.22808,0.24526,0.26004
100.0,0.0033372,0.0076544,0.016074,0.030903,0.054393,0.087693,0.1296,0.1754,0.20163,0.2174,0.23112
110.0,0.0028373,0.0065487,0.013839,0.026774,0.047425,0.076943,0.11441,0.15581,0.17977,0.1943,0.20708
120.0,0.0024391,0.0056619,0.012034,0.023417,0.041721,0.068082,0.10181,0.13943,0.16142,0.17487,0.18679
130.0,0.0021165,0.0049391,0.010554,0.020647,0.036983,0.060674,0.091212,0.12557,0.14584,0.15832,0.16946
140.0,0.0018515,0.004342,0.0093237,0.018331,0.033,0.054408,0.082194,0.11371,0.13245,0.14406,0.15451
150.0,0.001631,0.0038427,0.0082898,0.016374,0.029614,0.049053,0.074444,0.10346,0.12084,0.13168,0.14148
175.0,0.0012187,0.0029011,0.0063238,0.012622,0.023067,0.038609,0.059201,0.083128,0.097691,0.10689,0.11533
200.0,9.3747E-4,0.0022519,0.0049533,0.0099765,0.018399,0.031077,0.048081,0.068124,0.080491,0.08839,0.095707
250.0,5.9077E-4,0.0014408,0.0032179,0.0065808,0.012324,0.021135,0.033199,0.047757,0.056943,0.062911,0.068533
300.0,3.9507E-4,9.7569E-4,0.0022065,0.0045695,0.0086654,0.015049,0.023936,0.034865,0.041884,0.046506,0.050916
350.0,2.7541E-4,6.8746E-4,0.0015714,0.003289,0.006304,0.011065,0.017788,0.026187,0.03166,0.035303,0.038816
400.0,1.9799E-4,4.988E-4,0.0011507,0.002431,0.004703,0.0083318,0.013519,0.020086,0.024419,0.02733,0.030161
450.0,1.4574E-4,3.7018E-4,8.6103E-4,0.001834,0.0035772,0.0063896,0.010452,0.015658,0.01913,0.02148,0.023783
500.0,1.0931E-4,2.7969E-4,6.5535E-4,0.0014062,0.002763,0.0049718,0.008193,0.012364,0.015172,0.017086,0.018973
600.0,6.4198E-5,1.6638E-4,3.9485E-4,8.5812E-4,0.0017078,0.0031124,0.0051947,0.0079398,0.0098177,0.011113,0.012403
700.0,3.9364E-5,1.0312E-4,2.474E-4,5.4351E-4,0.0010934,0.0020144,0.0033987,0.0052511,0.0065354,0.0074297,0.0083283
800.0,2.4913E-5,6.5881E-5,1.5954E-4,3.538E-4,7.1849E-4,0.0013362,0.0022756,0.003549,0.0044419,0.0050688,0.0057032
1000.0,1.0678E-5,2.8685E-5,7.0567E-5,1.5897E-4,3.2795E-4,6.1955E-4,0.0010719,0.0016981,0.0021455,0.0024637,0.0027896
1200.0,4.8756E-6,1.3267E-5,3.3061E-5,7.5445E-5,1.5766E-4,3.017E-4,5.2872E-4,8.485E-4,0.0010803,0.0012601,0.0014503
1500.0,1.6269E-6,4.4974E-6,1.1385E-5,2.6951E-5,5.8963E-5,1.1814E-4,2.1679E-4,3.6436E-4,4.7697E-4,5.6083E-4,6.5024E-4
SA0P1
r\m,4.0,4.5,5.0,5.5,6.0,6.5,7.0,7.5,7.8,8.0,8.2
0.0,0.22467,0.43434,0.72652,1.0748,1.4069,1.6843,2.0988,2.4294,2.5417,2.5736,2.5691
1.0,0.18229,0.35541,0.60484,0.91452,1.2279,1.5046,1.8898,2.2013,2.3119,2.3467,2.3486
5.0,0.097532,0.19521,0.34767,0.55623,0.79789,1.0408,1.3409,1.5944,1.6953,1.735,1.7507
10.0,0.057353,0.11744,0.21622,0.35995,0.53574,0.73661,0.97235,1.1784,1.2674,1.3071,1.329
15.0,0.038748,0.07974,0.14932,0.25414,0.39388,0.56329,0.75574,0.92956,1.0087,1.0464,1.0703
20.0,0.027755,0.058226,0.11141,0.19426,0.30892,0.45165,0.61371,0.76404,0.83509,0.87053,0.89469
25.0,0.021295,0.045283,0.087924,0.15577,0.25195,0.37406,0.51367,0.64606,0.71048,0.74366,0.76744
30.0,0.01703,0.036601,0.071873,0.12889,0.21114,0.31721,0.43956,0.55776,0.61664,0.64773,0.67081
40.0,0.011779,0.025742,0.051434,0.093929,0.15681,0.23987,0.33741,0.43452,0.48467,0.51212,0.53351
50.0,0.0087192,0.019304,0.039089,0.072374,0.12254,0.19004,0.27059,0.3527,0.39627,0.42074,0.44044
60.0,0.0067488,0.015103,0.030919,0.05789,0.09914,0.15548,0.22367,0.29453,0.33294,0.35495,0.37308
70.0,0.0053938,0.012182,0.025171,0.047575,0.082259,0.13022,0.18901,0.2511,0.28536,0.3053,0.32204
80.0,0.0044158,0.010053,0.020941,0.039907,0.069574,0.11105,0.16244,0.2175,0.24833,0.26652,0.282
90.0,0.0036836,0.0084465,0.017721,0.034016,0.05974,0.096046,0.14148,0.19076,0.21872,0.23539,0.24976
100.0,0.0031197,0.0071995,0.015203,0.029372,0.051924,0.084027,0.12456,0.16901,0.19452,0.20987,0.22325
110.0,0.0026751,0.0062097,0.01319,0.025635,0.045587,0.07421,0.11065,0.151,0.17438,0.18858,0.20107
120.0,0.0023178,0.0054093,0.011552,0.022573,0.040363,0.066062,0.099023,0.13585,0.15739,0.17057,0.18225
130.0,0.0020261,0.004752,0.010199,0.020029,0.035994,0.059207,0.089185,0.12296,0.14287,0.15514,0.16609
140.0,0.0017846,0.004205,0.0090666,0.017889,0.032297,0.053373,0.080766,0.11186,0.13034,0.14178,0.15207
150.0,0.0015824,0.0037445,0.0081086,0.016068,0.029137,0.048359,0.073493,0.10222,0.11941,0.13012,0.1398
175.0,0.0011997,0.0028666,0.006268,0.012542,0.022966,0.038491,0.059061,0.082941,0.09745,0.1066,0.11497
200.0,9.3476E-4,0.0022524,0.0049669,0.010023,0.01851,0.031286,0.04841,0.068557,0.080956,0.088856,0.096153
250.0,6.0192E-4,0.0014711,0.0032904,0.0067352,0.012617,0.021631,0.033947,0.048759,0.058068,0.064096,0.069753
300.0,4.0973E-4,0.0010132,0.0022927,0.0047483,0.0089994,0.015611,0.024786,0.036018,0.043195,0.047902,0.052373
350.0,2.8994E-4,7.241E-4,0.001655,0.0034616,0.0066264,0.011609,0.018616,0.027321,0.03296,0.036697,0.040281
400.0,2.1115E-4,5.3187E-4,0.0012262,0.0025869,0.0049949,0.0088268,0.014277,0.021134,0.025628,0.028632,0.031537
450.0,1.5719E-4,3.9899E-4,9.2684E-4,0.0019704,0.0038338,0.0068267,0.011126,0.016596,0.020218,0.022656,0.025031
500.0,1.1908E-4,3.0434E-4,7.1183E-4,0.0015237,0.002985,0.0053518,0.0087822,0.013189,0.016134,0.018129,0.020084
600.0,7.1146E-5,1.84E-4,4.3549E-4,9.4333E-4,0.0018701,0.0033929,0.0056341,0.0085624,0.010548,0.011909,0.013256
700.0,4.4243E-5,1.1558E-4,2.7632E-4,6.0459E-4,0.0012107,0.0022187,0.0037215,0.0057129,0.0070806,0.0080262,0.0089701
800.0,2.8335E-5,7.4669E-5,1.8008E-4,3.9748E-4,8.0291E-4,0.0014844,0.0025116,0.0038893,0.0048457,0.0055121,0.0061818
1000.0,1.2378E-5,3.3099E-5,8.1E-5,1.8142E-4,3.7186E-4,6.9759E-4,0.0011977,0.001882,0.0023654,0.0027065,0.0030532
1200.0,5.7346E-6,1.5519E-5,3.8435E-5,8.7119E-5,1.8072E-4,3.4311E-4,5.9618E-4,9.4807E-4,0.0012002,0.0013798,0.001564
1500.0,1.9448E-6,5.3406E-6,1.3423E-5,3.0874E-5,6.4992E-5,1.2521E-4,2.2078E-4,3.6436E-4,4.7697E-4,5.6083E-4,6.5024E-4
SA0P15
r\m,4.0,4.5,5.0,5.5,6.0,6.5,7.0,7.5,7.8,8.0,8.2
0.0,0.18173,0.35949,0.60545,0.89428,1.1627,1.3874,1.754,2.0599,2.1721,2.2099,2.2161
1.0,0.14115,0.28194,0.48615,0.74003,0.99563,1.2243,1.5616,1.8464,1.9549,1.9943,2.0053
5.0,0.070115,0.14406,0.26234,0.42783,0.62381,0.82614,1.0827,1.3076,1.4022,1.4426,1.463
10.0,0.04038,0.084902,0.16016,0.27264,0.41414,0.58019,0.77915,0.95893,1.04,1.0781,1.1016
15.0,0.027279,0.057635,0.11061,0.19257,0.30477,0.44418,0.60598,0.75651,0.8275,0.86275,0.88657
20.0,0.019684,0.042369,0.083032,0.14802,0.24023,0.35773,0.49398,0.62379,0.68704,0.71959,0.74286
25.0,0.015243,0.033234,0.066043,0.11955,0.1972,0.298,0.41559,0.52986,0.58694,0.61711,0.63951
30.0,0.012308,0.027105,0.054438,0.099671,0.16641,0.2543,0.35766,0.45976,0.51182,0.5399,0.56134
40.0,0.0086766,0.019405,0.039607,0.073756,0.12533,0.19477,0.27775,0.36195,0.40624,0.43088,0.45044
50.0,0.0065375,0.014796,0.030573,0.057659,0.09926,0.15622,0.22527,0.29683,0.33537,0.35728,0.37516
60.0,0.0051433,0.011756,0.024533,0.046744,0.081314,0.12929,0.18819,0.25029,0.28437,0.30408,0.32048
70.0,0.0041728,0.0096171,0.020241,0.038897,0.068257,0.10946,0.16062,0.21534,0.24584,0.26373,0.27885
80.0,0.0034639,0.0080414,0.017049,0.033008,0.058359,0.094287,0.13934,0.18813,0.21569,0.23204,0.24604
90.0,0.0029271,0.0068392,0.014595,0.028442,0.050621,0.082323,0.12243,0.16634,0.19143,0.20646,0.21947
100.0,0.0025091,0.0058965,0.012656,0.02481,0.044419,0.072664,0.10868,0.14851,0.17149,0.18538,0.1975
110.0,0.002176,0.0051408,0.011093,0.021862,0.039351,0.064716,0.097299,0.13364,0.15481,0.16769,0.17903
120.0,0.0019057,0.004524,0.0098093,0.019426,0.035139,0.058072,0.087727,0.12107,0.14065,0.15264,0.16327
130.0,0.0016828,0.0040127,0.0087397,0.017386,0.031591,0.052443,0.079574,0.1103,0.12848,0.13968,0.14967
140.0,0.0014966,0.0035835,0.0078373,0.015656,0.028566,0.04762,0.072554,0.10099,0.11791,0.1284,0.13782
150.0,0.0013392,0.003219,0.0070676,0.014173,0.025962,0.043448,0.066451,0.092846,0.10866,0.11851,0.12739
175.0,0.0010373,0.0025149,0.0055698,0.011267,0.020821,0.035148,0.054222,0.076414,0.089891,0.098376,0.10611
200.0,8.2402E-4,0.002013,0.0044919,0.0091561,0.017048,0.028998,0.045071,0.063997,0.075623,0.08301,0.089809
250.0,5.4919E-4,0.0013587,0.0030706,0.0063389,0.011954,0.020593,0.032414,0.046609,0.055496,0.061225,0.066574
300.0,3.8528E-4,9.6316E-4,0.0021995,0.0045882,0.008743,0.01522,0.024207,0.03517,0.042137,0.046681,0.050971
350.0,2.8013E-4,7.0651E-4,0.0016277,0.0034256,0.0065858,0.011566,0.018559,0.027203,0.032765,0.036426,0.039914
400.0,2.0912E-4,5.3148E-4,0.0012339,0.0026169,0.0050697,0.0089724,0.014507,0.021428,0.025928,0.028914,0.03178
450.0,1.5931E-4,4.0763E-4,9.528E-4,0.0020345,0.0039683,0.0070709,0.011511,0.017118,0.020797,0.023254,0.025629
500.0,1.2332E-4,3.1746E-4,7.4658E-4,0.0016039,0.0031475,0.0056426,0.0092415,0.013827,0.01686,0.018898,0.020878
600.0,7.6666E-5,1.9946E-4,4.7404E-4,0.0010292,0.0020411,0.0036979,0.0061206,0.0092544,0.011356,0.012782,0.014182
700.0,4.9444E-5,1.2979E-4,3.1123E-4,6.8176E-4,0.0013642,0.0024938,0.0041647,0.0063534,0.0078381,0.0088543,0.0098585
800.0,3.2759E-5,8.6661E-5,2.0942E-4,4.6232E-4,9.3232E-4,0.0017176,0.0028906,0.004444,0.005508,0.0062414,0.0069709
1000.0,1.5233E-5,4.0822E-5,9.9939E-5,2.235E-4,4.5661E-4,8.5216E-4,0.0014529,0.0022628,0.0028265,0.0032195,0.0036144
1200.0,7.4739E-6,2.0243E-5,5.0087E-5,1.1321E-4,2.3375E-4,4.409E-4,7.5972E-4,0.0011959,0.0015033,0.0017196,0.0019388
1500.0,2.7451E-6,7.5323E-6,1.8881E-5,4.3234E-5,9.0438E-5,1.7282E-4,3.0168E-4,4.8108E-4,6.095E-4,7.0083E-4,7.9427E-4
SA0P2
r\m,4.0,4.5,5.0,5.5,6.0,6.5,7.0,7.5,7.8,8.0,8.2
0.0,0.12783,0.26147,0.45531,0.69467,0.93142,1.1427,1.4747,1.763,1.8769,1.9209,1.937
1.0,0.10023,0.20687,0.36837,0.57842,0.8014,1.012,1.317,1.5844,1.6932,1.7373,1.7563
5.0,0.051107,0.10828,0.20305,0.34046,0.50943,0.69063,0.92203,1.1315,1.2236,1.2654,1.2894
10.0,0.030048,0.065046,0.12611,0.22022,0.34256,0.49008,0.6695,0.83617,0.91386,0.9518,0.97671
15.0,0.020602,0.044783,0.088231,0.15737,0.25456,0.37821,0.52435,0.66366,0.73113,0.76555,0.78977
20.0,0.015051,0.033295,0.066909,0.12204,0.2022,0.30662,0.42993,0.55,0.60982,0.64126,0.66438
25.0,0.011771,0.026353,0.053657,0.09929,0.16706,0.25687,0.36353,0.46922,0.52305,0.55199,0.57395
30.0,0.0095834,0.021658,0.044539,0.083309,0.14177,0.2203,0.31424,0.40873,0.45773,0.48454,0.50536
40.0,0.0068491,0.015704,0.032787,0.06231,0.10781,0.17019,0.24592,0.32397,0.36559,0.38897,0.40776
50.0,0.0052192,0.012101,0.025556,0.049148,0.08608,0.1375,0.20077,0.26724,0.30344,0.32419,0.34125
60.0,0.0041463,0.009702,0.020681,0.040156,0.071021,0.11454,0.16871,0.22652,0.25855,0.27718,0.29279
70.0,0.0033931,0.0080015,0.017191,0.033648,0.059999,0.097543,0.14476,0.19582,0.22452,0.24143,0.25578
80.0,0.0028386,0.0067396,0.01458,0.028735,0.0516,0.084473,0.1262,0.17184,0.1978,0.21325,0.22653
90.0,0.002416,0.0057706,0.012559,0.024906,0.045001,0.074123,0.11139,0.15257,0.17624,0.19046,0.20279
100.0,0.0020847,0.0050064,0.010956,0.021845,0.039689,0.065734,0.099308,0.13675,0.15846,0.17161,0.18312
110.0,0.0018193,0.0043904,0.0096552,0.019348,0.035329,0.058805,0.089272,0.12352,0.14356,0.15577,0.16653
120.0,0.0016026,0.003885,0.0085825,0.017277,0.031692,0.052992,0.080806,0.11231,0.13087,0.14226,0.15235
130.0,0.0014231,0.0034641,0.0076847,0.015535,0.028617,0.04805,0.073573,0.10267,0.11994,0.13059,0.14009
140.0,0.0012723,0.0031092,0.006924,0.014051,0.025985,0.043803,0.067326,0.094317,0.11043,0.12042,0.12938
150.0,0.0011443,0.0028064,0.0062725,0.012775,0.023712,0.040116,0.06188,0.086998,0.10208,0.11147,0.11994
175.0,8.9689E-4,0.0022175,0.0049964,0.01026,0.019199,0.032746,0.050919,0.072164,0.085084,0.093212,0.10061
200.0,7.2034E-4,0.0017936,0.0040698,0.0084162,0.015861,0.027245,0.042663,0.060888,0.072091,0.079199,0.085727
250.0,4.8975E-4,0.0012339,0.0028333,0.0059289,0.011307,0.019654,0.031141,0.044971,0.053623,0.059188,0.064369
300.0,3.4985E-4,8.9004E-4,0.0020636,0.0043606,0.0083975,0.014739,0.023581,0.034385,0.04124,0.045697,0.049889
350.0,2.5868E-4,6.6353E-4,0.0015512,0.0033049,0.0064174,0.011357,0.01832,0.026935,0.032464,0.036091,0.039532
400.0,1.9619E-4,5.0685E-4,0.0011934,0.002561,0.0050086,0.0089278,0.014505,0.021478,0.025998,0.028986,0.03184
450.0,1.5172E-4,3.9447E-4,9.3471E-4,0.0020186,0.0039729,0.0071266,0.011652,0.017363,0.021097,0.023581,0.025969
500.0,1.1917E-4,3.1158E-4,7.4251E-4,0.0016126,0.003192,0.0057584,0.0094685,0.01419,0.0173,0.01938,0.021391
600.0,7.6166E-5,2.0112E-4,4.8401E-4,0.0010616,0.0021221,0.0038662,0.0064199,0.0097159,0.011916,0.013401,0.01485
700.0,5.0434E-5,1.3429E-4,3.2588E-4,7.2074E-4,0.0014528,0.002669,0.004469,0.0068199,0.0084059,0.0094855,0.010546
800.0,3.4274E-5,9.1922E-5,2.2469E-4,5.0055E-4,0.0010163,0.0018806,0.0031717,0.0048753,0.0060351,0.00683,0.0076156
1000.0,1.6733E-5,4.5423E-5,1.1238E-4,2.534E-4,5.2076E-4,9.7537E-4,0.001665,0.0025905,0.0032302,0.0036733,0.0041157
1200.0,8.6028E-6,2.3586E-5,5.8934E-5,1.3421E-4,2.7856E-4,5.2693E-4,9.0846E-4,0.0014275,0.0017906,0.0020443,0.0022996
1500.0,3.3811E-6,9.383E-6,2.3732E-5,5.4704E-5,1.1493E-4,2.2005E-4,3.8402E-4,6.1078E-4,7.7173E-4,8.8537E-4,0.0010008
SA0P25
r\m,4.0,4.5,5.0,5.5,6.0,6.5,7.0,7.5,7.8,8.0,8.2
0.0,0.098148,0.20576,0.36691,0.5722,0.7829,0.97763,1.2801,1.5494,1.6602,1.7059,1.7265
1.0,0.077205,0.16327,0.29756,0.47732,0.67447,0.86655,1.1439,1.393,1.4981,1.5431,1.5655
5.0,0.039719,0.086146,0.16512,0.28247,0.43045,0.59306,0.80251,0.99617,1.0837,1.1248,1.15
10.0,0.023521,0.052084,0.10312,0.18356,0.29053,0.42201,0.58396,0.73732,0.81037,0.84685,0.87167
15.0,0.016212,0.036034,0.072459,0.13165,0.21654,0.32643,0.4582,0.58602,0.64906,0.68178,0.70538
20.0,0.011898,0.026899,0.055142,0.10241,0.17243,0.26518,0.37632,0.4863,0.54196,0.57163,0.59387
25.0,0.009339,0.021362,0.044352,0.083532,0.14277,0.22256,0.31869,0.41539,0.46535,0.49252,0.51345
30.0,0.0076281,0.017607,0.036912,0.07025,0.12141,0.19121,0.27589,0.36228,0.40766,0.43275,0.45248
40.0,0.005482,0.012832,0.027298,0.05276,0.092659,0.14819,0.2165,0.28782,0.32627,0.34806,0.36572
50.0,0.0041975,0.0099319,0.021364,0.041769,0.074229,0.12008,0.17722,0.23795,0.27136,0.29064,0.30661
60.0,0.0033491,0.0079948,0.017353,0.034243,0.061433,0.1003,0.14928,0.20214,0.23167,0.24897,0.26353
70.0,0.0027515,0.0066179,0.014474,0.028785,0.05205,0.085648,0.1284,0.17512,0.20159,0.21726,0.23064
80.0,0.0023105,0.0055937,0.012316,0.024656,0.044889,0.074362,0.1122,0.154,0.17795,0.19227,0.20463
90.0,0.0019733,0.0048053,0.010642,0.021433,0.039254,0.065414,0.099259,0.13702,0.15887,0.17205,0.18352
100.0,0.0017085,0.0041821,0.0093107,0.018851,0.034712,0.058152,0.088694,0.12306,0.14313,0.15532,0.16602
110.0,0.0014957,0.0036788,0.0082293,0.016742,0.030978,0.052147,0.079908,0.11139,0.12992,0.14125,0.15126
120.0,0.0013217,0.003265,0.0073356,0.01499,0.027858,0.047102,0.072489,0.10148,0.11867,0.12924,0.13864
130.0,0.0011772,0.0029197,0.0065862,0.013513,0.025216,0.042809,0.066144,0.092969,0.10897,0.11887,0.12771
140.0,0.0010556,0.0026278,0.0059502,0.012254,0.022953,0.039114,0.060659,0.085575,0.10053,0.10982,0.11816
150.0,9.5212E-4,0.0023785,0.0054045,0.011169,0.020995,0.035903,0.055872,0.079095,0.093106,0.10185,0.10975
175.0,7.5144E-4,0.0018919,0.0043326,0.0090247,0.017098,0.02947,0.046219,0.065938,0.077981,0.085572,0.09249
200.0,6.0755E-4,0.0015401,0.0035509,0.0074472,0.014207,0.024654,0.038927,0.055913,0.066393,0.073054,0.079173
250.0,4.1834E-4,0.0010726,0.0025016,0.0053069,0.010241,0.017976,0.028709,0.041707,0.049864,0.055116,0.060006
300.0,3.0249E-4,7.8287E-4,0.0018431,0.0039469,0.0076881,0.013623,0.021961,0.032204,0.03872,0.042959,0.046945
350.0,2.2629E-4,5.9036E-4,0.001401,0.0030241,0.0059379,0.010606,0.017234,0.025474,0.030774,0.034252,0.03755
400.0,1.736E-4,4.5603E-4,0.0010897,0.0023686,0.0046831,0.0084229,0.013782,0.020512,0.024883,0.027771,0.030529
450.0,1.3577E-4,3.5884E-4,8.6274E-4,0.0018868,0.0037534,0.0067921,0.011181,0.016744,0.020386,0.022809,0.025135
500.0,1.0782E-4,2.8653E-4,6.9267E-4,0.0015232,0.0030467,0.0055437,0.0091763,0.013817,0.016878,0.018925,0.020901
600.0,7.0422E-5,1.8894E-4,4.611E-4,0.0010236,0.0020671,0.0037972,0.0063453,0.0096454,0.011849,0.013337,0.014786
700.0,4.7632E-5,1.2883E-4,3.1694E-4,7.093E-4,0.0014439,0.0026739,0.0045043,0.0069022,0.0085205,0.0096211,0.0107
800.0,3.3055E-5,9.0029E-5,2.2305E-4,5.0266E-4,0.0010305,0.0019216,0.0032597,0.00503,0.0062354,0.0070605,0.0078746
1000.0,1.6817E-5,4.6342E-5,1.1616E-4,2.6487E-4,5.4937E-4,0.0010365,0.001779,0.0027774,0.0034672,0.0039444,0.0044198
1200.0,9.0054E-6,2.5054E-5,6.3405E-5,1.4596E-4,3.0565E-4,5.8223E-4,0.0010089,0.0015902,0.0019966,0.0022801,0.0025647
1500.0,3.7593E-6,1.0582E-5,2.7096E-5,6.3112E-5,1.3372E-4,2.5773E-4,4.5185E-4,7.2062E-4,9.1116E-4,0.0010454,0.0011815
SA0P3
r\m,4.0,4.5,5.0,5.5,6.0,6.5,7.0,7.5,7.8,8.0,8.2
0.0,0.076785,0.16648,0.30339,0.48042,0.6647,0.83997,1.1215,1.3816,1.4941,1.5437,1.5704
1.0,0.058858,0.12879,0.2409,0.39453,0.5669,0.73999,0.99649,1.2353,1.3409,1.389,1.4165
5.0,0.029169,0.065506,0.12951,0.22777,0.3557,0.50095,0.69195,0.87443,0.96025,1.0023,1.0301
10.0,0.017154,0.039325,0.080374,0.14726,0.23927,0.35578,0.50246,0.64568,0.71621,0.75262,0.77865
15.0,0.011852,0.027268,0.056598,0.10585,0.17872,0.27573,0.39489,0.51381,0.57421,0.60643,0.63054
20.0,0.0087449,0.020455,0.043265,0.082673,0.14283,0.22471,0.32524,0.42742,0.48052,0.5095,0.53187
25.0,0.0069036,0.016331,0.034969,0.067736,0.11874,0.18928,0.27632,0.36615,0.41369,0.4401,0.46094
30.0,0.0056706,0.013531,0.029245,0.05722,0.10138,0.16322,0.24001,0.32029,0.36342,0.38772,0.40723
40.0,0.0041181,0.0099588,0.021826,0.04334,0.077979,0.1274,0.18958,0.25597,0.29248,0.3135,0.33082
50.0,0.003183,0.0077768,0.017225,0.034578,0.06292,0.10392,0.15613,0.21281,0.24454,0.26311,0.2787
60.0,0.0025614,0.0063106,0.014097,0.028549,0.052417,0.087337,0.13226,0.18171,0.20981,0.22645,0.24063
70.0,0.0021207,0.0052621,0.01184,0.024155,0.044681,0.074996,0.11436,0.15819,0.1834,0.19849,0.21149
80.0,0.0017935,0.0044778,0.010138,0.020814,0.03875,0.065455,0.10041,0.13973,0.16258,0.17638,0.18839
90.0,0.0015419,0.0038708,0.0088124,0.018194,0.034063,0.05786,0.089237,0.12485,0.14573,0.15844,0.16959
100.0,0.0013431,0.0033884,0.0077526,0.016086,0.030268,0.051673,0.08008,0.11258,0.13179,0.14356,0.15396
110.0,0.0011827,0.0029969,0.0068877,0.014356,0.027137,0.046537,0.072439,0.10229,0.12006,0.13101,0.14075
120.0,0.0010507,0.0026735,0.0061698,0.012913,0.024511,0.042208,0.065966,0.093522,0.11004,0.12027,0.12942
130.0,9.4065E-4,0.0024024,0.0055652,0.011692,0.022278,0.03851,0.060413,0.085969,0.10138,0.11097,0.11959
140.0,8.4759E-4,0.0021724,0.0050499,0.010647,0.020359,0.035317,0.055596,0.07939,0.093814,0.10283,0.11097
150.0,7.6806E-4,0.001975,0.0046061,0.0097434,0.018693,0.032534,0.051381,0.073609,0.087152,0.095654,0.10336
175.0,6.1273E-4,0.0015872,0.0037289,0.0079462,0.015358,0.026928,0.042839,0.061819,0.073513,0.08092,0.087694
200.0,5.0028E-4,0.0013041,0.0030836,0.0066133,0.012864,0.0227,0.036343,0.052778,0.063001,0.069525,0.075536
250.0,3.5053E-4,9.2361E-4,0.0022074,0.0047851,0.0094089,0.016782,0.027156,0.039859,0.047885,0.053069,0.057904
300.0,2.5737E-4,6.8413E-4,0.0016495,0.0036073,0.0071558,0.012876,0.021019,0.031123,0.037587,0.041802,0.045771
350.0,1.9523E-4,5.2283E-4,0.00127,0.0027983,0.0055925,0.010138,0.016674,0.024873,0.030173,0.033657,0.036963
400.0,1.5169E-4,4.0887E-4,9.9963E-4,0.0022169,0.0044593,0.0081368,0.013468,0.020222,0.024626,0.027541,0.030324
450.0,1.2005E-4,3.2545E-4,8.0025E-4,0.0017849,0.003611,0.0066267,0.011032,0.016658,0.020356,0.022818,0.025181
500.0,9.641E-5,2.627E-4,6.4927E-4,0.0014556,0.00296,0.0054599,0.0091359,0.013866,0.016997,0.019091,0.021111
600.0,6.4293E-5,1.7675E-4,4.4074E-4,9.9691E-4,0.0020454,0.0038065,0.0064262,0.0098406,0.012127,0.013669,0.015169
700.0,4.4329E-5,1.2278E-4,3.0849E-4,7.0305E-4,0.0014533,0.0027252,0.0046354,0.007152,0.0088532,0.010009,0.011141
800.0,3.1321E-5,8.7324E-5,2.2084E-4,5.0658E-4,0.0010541,0.0019895,0.0034061,0.0052897,0.0065736,0.0074516,0.008316
1000.0,1.6477E-5,4.6442E-5,1.1874E-4,2.7537E-4,5.7928E-4,0.0011053,0.0019132,0.0030039,0.0037575,0.004278,0.0047952
1200.0,9.101E-6,2.5883E-5,6.6768E-5,1.5623E-4,3.3161E-4,6.3845E-4,0.001115,0.0017663,0.0022214,0.0025381,0.0028551
1500.0,3.9682E-6,1.141E-5,2.9757E-5,7.0397E-5,1.5107E-4,2.9405E-4,5.1919E-4,8.3153E-4,0.0010526,0.001208,0.0013649
SA0P4
r\m,4.0,4.5,5.0,5.5,6.0,6.5,7.0,7.5,7.8,8.0,8.2
0.0,0.053957,0.12371,0.23443,0.38236,0.54141,0.70016,0.96685,1.2286,1.351,1.4102,1.4484
1.0,0.039916,0.09238,0.18069,0.30705,0.45488,0.61077,0.85099,1.0881,1.201,1.2569,1.2941
5.0,0.018798,0.044639,0.092805,0.17073,0.27749,0.40495,0.57891,0.75426,0.84191,0.8877,0.92088
10.0,0.010908,0.026421,0.056802,0.10899,0.18458,0.28488,0.4162,0.55098,0.62092,0.65888,0.68788
15.0,0.0075252,0.018278,0.039885,0.078092,0.13743,0.22007,0.3258,0.43639,0.49527,0.52802,0.55385
20.0,0.0055645,0.013732,0.030514,0.061004,0.1098,0.17921,0.26795,0.36226,0.41343,0.44241,0.46579
25.0,0.0044078,0.010993,0.024716,0.050058,0.091368,0.15102,0.22761,0.3101,0.35554,0.38164,0.40304
30.0,0.0036343,0.0091382,0.020725,0.042377,0.078134,0.13036,0.19781,0.27127,0.31225,0.33605,0.35583
40.0,0.00266,0.0067719,0.01556,0.032257,0.060343,0.10207,0.1566,0.21708,0.2515,0.27184,0.28908
50.0,0.0020718,0.0053245,0.012354,0.025872,0.048909,0.083573,0.12935,0.18087,0.21065,0.22847,0.24381
60.0,0.0016794,0.0043495,0.010171,0.021474,0.040934,0.070515,0.10994,0.15486,0.18114,0.19704,0.21088
70.0,0.0014002,0.0036501,0.0085926,0.018264,0.035055,0.060797,0.095387,0.1352,0.15874,0.17311,0.18574
80.0,0.0011921,0.0031252,0.0073992,0.015819,0.030542,0.05328,0.084055,0.1198,0.14112,0.15423,0.16584
90.0,0.0010314,0.0027176,0.0064669,0.013897,0.02697,0.04729,0.074972,0.10737,0.12685,0.13891,0.14966
100.0,9.0404E-4,0.0023927,0.0057194,0.012347,0.024073,0.042404,0.067524,0.097135,0.11506,0.12622,0.13623
110.0,8.0078E-4,0.002128,0.0051077,0.011072,0.021678,0.038343,0.061304,0.088541,0.10513,0.11552,0.12488
120.0,7.1556E-4,0.0019087,0.0045985,0.010006,0.019665,0.034915,0.056028,0.081221,0.096655,0.10636,0.11514
130.0,6.4418E-4,0.0017242,0.0041684,0.0091019,0.01795,0.031982,0.051498,0.074907,0.089324,0.098424,0.1067
140.0,5.8362E-4,0.0015671,0.0038008,0.008326,0.016474,0.029445,0.047563,0.069404,0.082919,0.091481,0.0993
150.0,5.3168E-4,0.0014319,0.0034833,0.0076534,0.015188,0.02723,0.044115,0.064563,0.077272,0.085352,0.092756
175.0,4.2963E-4,0.0011648,0.0028526,0.0063099,0.012607,0.022755,0.03711,0.054672,0.065695,0.072758,0.079279
200.0,3.551E-4,9.6836E-4,0.0023853,0.0053071,0.010666,0.019363,0.031762,0.047064,0.056749,0.062996,0.068801
250.0,2.5465E-4,7.0122E-4,0.0017442,0.0039188,0.0079532,0.014581,0.02415,0.036134,0.043824,0.048837,0.053545
300.0,1.9112E-4,5.305E-4,0.0013301,0.0030126,0.0061632,0.01139,0.019017,0.028681,0.034951,0.039073,0.042977
350.0,1.4805E-4,4.1376E-4,0.0010445,0.0023817,0.0049058,0.0091281,0.015344,0.023298,0.028507,0.031956,0.035243
400.0,1.174E-4,3.3003E-4,8.3804E-4,0.0019223,0.0039828,0.0074545,0.012604,0.019251,0.023639,0.026561,0.029362
450.0,9.4773E-5,2.6781E-4,6.8359E-4,0.0015762,0.0032828,0.0061764,0.010498,0.016117,0.019852,0.022352,0.024761
500.0,7.7599E-5,2.203E-4,5.6495E-4,0.0013087,0.0027385,0.0051764,0.0088389,0.013634,0.01684,0.018996,0.021083
600.0,5.374E-5,1.538E-4,3.9762E-4,9.2857E-4,0.0019588,0.0037326,0.0064252,0.009991,0.012401,0.014034,0.015625
700.0,3.8441E-5,1.1077E-4,2.8834E-4,6.7798E-4,0.00144,0.0027628,0.0047885,0.007497,0.0093433,0.010603,0.011838
800.0,2.8158E-5,8.1622E-5,2.1373E-4,5.0553E-4,0.0010801,0.0020847,0.0036346,0.0057242,0.0071594,0.0081436,0.0091137
1000.0,1.5894E-5,4.6532E-5,1.2306E-4,2.9397E-4,6.3437E-4,0.0012366,0.0021774,0.0034635,0.0043577,0.0049765,0.0055914
1200.0,9.4056E-6,2.7761E-5,7.4014E-5,1.7825E-4,3.8779E-4,7.6209E-4,0.0013529,0.0021694,0.0027429,0.0031425,0.0035423
1500.0,4.5394E-6,1.3532E-5,3.6439E-5,8.8635E-5,1.9475E-4,3.8655E-4,6.9307E-4,0.0011225,0.0014277,0.0016423,0.0018586
SA0P5
r\m,4.0,4.5,5.0,5.5,6.0,6.5,7.0,7.5,7.8,8.0,8.2
0.0,0.031542,0.076318,0.15459,0.27035,0.4101,0.56296,0.80656,1.0581,1.1842,1.25,1.2977
1.0,0.024488,0.05971,0.12386,0.22352,0.35136,0.49738,0.71808,0.94714,1.0635,1.125,1.1704
5.0,0.012548,0.031279,0.068237,0.13151,0.22349,0.33983,0.50186,0.67305,0.7633,0.81287,0.85128
10.0,0.0075691,0.019205,0.043163,0.08636,0.15218,0.24346,0.36674,0.499,0.57083,0.61144,0.64404
15.0,0.0053253,0.013539,0.030836,0.062836,0.11475,0.19002,0.28975,0.39851,0.45884,0.4936,0.52217
20.0,0.0039892,0.010293,0.023844,0.049546,0.09241,0.1558,0.23976,0.33261,0.38494,0.41552,0.44109
25.0,0.0031878,0.0083069,0.019455,0.040922,0.07734,0.13194,0.20457,0.28583,0.33222,0.35964,0.38286
30.0,0.0026458,0.0069473,0.016404,0.034816,0.06643,0.11434,0.17839,0.25078,0.29256,0.31749,0.33881
40.0,0.0019555,0.0051948,0.012417,0.026699,0.051644,0.090045,0.14195,0.20158,0.23659,0.25778,0.27621
50.0,0.0015341,0.0041118,0.0099191,0.021532,0.042064,0.074048,0.1177,0.16851,0.19875,0.21726,0.23356
60.0,0.0012508,0.0033768,0.0082068,0.017952,0.035346,0.0627,0.10035,0.14466,0.17132,0.1878,0.20243
70.0,0.0010479,0.0028467,0.0069617,0.015326,0.030373,0.054223,0.087301,0.12659,0.15045,0.16531,0.17862
80.0,8.9598E-4,0.0024469,0.0060167,0.013319,0.026542,0.047647,0.077113,0.1124,0.134,0.14754,0.15975
90.0,7.7821E-4,0.0021354,0.0052758,0.011735,0.023502,0.042394,0.06893,0.10094,0.12067,0.13311,0.14439
100.0,6.8448E-4,0.0018862,0.0046801,0.010455,0.02103,0.038101,0.062209,0.091477,0.10964,0.12114,0.13162
110.0,6.0826E-4,0.0016826,0.0041913,0.0094002,0.018983,0.034526,0.056588,0.083527,0.10034,0.11103,0.12082
120.0,5.4518E-4,0.0015135,0.0037834,0.0085158,0.017259,0.031503,0.051814,0.076748,0.092386,0.10238,0.11156
130.0,4.9221E-4,0.0013709,0.0034382,0.0077643,0.015788,0.028914,0.04771,0.070896,0.085506,0.094875,0.10352
140.0,4.4717E-4,0.0012492,0.0031425,0.0071184,0.014519,0.026672,0.044141,0.065791,0.079492,0.088307,0.096469
150.0,4.0844E-4,0.0011443,0.0028867,0.0065575,0.013413,0.024711,0.041011,0.061296,0.074185,0.082505,0.090232
175.0,3.3209E-4,9.3626E-4,0.002377,0.0054342,0.011187,0.020741,0.034641,0.052101,0.063296,0.070571,0.077374
200.0,2.7606E-4,7.826E-4,0.0019979,0.0045928,0.0095076,0.017725,0.029766,0.045016,0.054867,0.061308,0.067366
250.0,2.0008E-4,5.7247E-4,0.001475,0.0034225,0.0071511,0.013456,0.022807,0.03481,0.042663,0.047847,0.052769
300.0,1.5165E-4,4.3721E-4,0.0011351,0.0026539,0.0055876,0.010595,0.018093,0.027825,0.034258,0.038537,0.04263
350.0,1.1858E-4,3.4409E-4,8.9912E-4,0.0021158,0.0044834,0.0085561,0.014706,0.022762,0.028132,0.031728,0.035188
400.0,9.4882E-5,2.7686E-4,7.275E-4,0.0017215,0.0036685,0.0070403,0.012168,0.01894,0.023487,0.026548,0.029509
450.0,7.7268E-5,2.2658E-4,5.9833E-4,0.0014229,0.0030472,0.0058769,0.010208,0.015967,0.019859,0.022491,0.02505
500.0,6.3808E-5,1.8794E-4,4.985E-4,0.0011908,0.0025614,0.0049619,0.0086566,0.013601,0.016961,0.019243,0.02147
600.0,4.4931E-5,1.3336E-4,3.5646E-4,8.5802E-4,0.0018599,0.0036308,0.0063831,0.010106,0.012661,0.014409,0.016125
700.0,3.2664E-5,9.7583E-5,2.6253E-4,6.3606E-4,0.0013878,0.0027268,0.0048251,0.007689,0.0096706,0.011034,0.012381
800.0,2.4309E-5,7.3034E-5,1.976E-4,4.8145E-4,0.0010564,0.0020874,0.0037146,0.0059528,0.0075123,0.008591,0.0096613
1000.0,1.4155E-5,4.2931E-5,1.1725E-4,2.884E-4,6.388E-4,0.0012742,0.002289,0.0037031,0.0046998,0.005395,0.00609
1200.0,8.6363E-6,2.6396E-5,7.2652E-5,1.8008E-4,4.0197E-4,8.0805E-4,0.0014628,0.0023848,0.0030408,0.0035013,0.0039647
1500.0,4.3602E-6,1.3453E-5,3.738E-5,9.3535E-5,2.1077E-4,4.2773E-4,7.8168E-4,0.0012865,0.0016497,0.0019067,0.0021672
SA0P75
r\m,4.0,4.5,5.0,5.5,6.0,6.5,7.0,7.5,7.8,8.0,8.2
0.0,0.015065,0.039876,0.086976,0.16226,0.26083,0.37893,0.57945,0.80885,0.93764,1.0124,1.0741
1.0,0.011352,0.030267,0.06792,0.13157,0.22056,0.3319,0.51148,0.71766,0.83449,0.90284,0.95989
5.0,0.0055946,0.015226,0.036065,0.075075,0.13707,0.22287,0.35115,0.50037,0.58724,0.63928,0.68388
10.0,0.003355,0.0092789,0.02263,0.048906,0.092649,0.15861,0.25462,0.36762,0.43485,0.47587,0.51175
15.0,0.0023681,0.0065552,0.016184,0.03559,0.069821,0.12364,0.2007,0.29258,0.3481,0.38242,0.41284
20.0,0.0017845,0.0050074,0.01256,0.028137,0.056326,0.10146,0.16606,0.24393,0.29156,0.32128,0.3479
25.0,0.0014348,0.0040626,0.010293,0.02332,0.047262,0.086074,0.14182,0.20965,0.25154,0.27788,0.30167
30.0,0.0011982,0.0034158,0.0087185,0.019915,0.040716,0.074755,0.12386,0.18409,0.22159,0.24533,0.2669
40.0,8.9584E-4,0.0025804,0.0066586,0.015389,0.031854,0.059173,0.098936,0.14836,0.17953,0.19947,0.21779
50.0,7.1028E-4,0.002062,0.0053644,0.012503,0.026112,0.048921,0.08239,0.12443,0.15123,0.1685,0.18451
60.0,5.8481E-4,0.0017086,0.0044741,0.010499,0.022079,0.041646,0.070564,0.10721,0.13077,0.14605,0.16031
70.0,4.9447E-4,0.0014525,0.0038243,0.0090246,0.019087,0.036207,0.061666,0.094178,0.11522,0.12896,0.14184
80.0,4.2642E-4,0.0012584,0.0033291,0.0078941,0.016778,0.031982,0.054717,0.083944,0.10298,0.11547,0.12723
90.0,3.7339E-4,0.0011065,0.0029395,0.0069997,0.014941,0.028601,0.049132,0.075679,0.093066,0.10452,0.11535
100.0,3.3097E-4,9.8443E-4,0.002625,0.0062744,0.013445,0.025834,0.04454,0.068854,0.084858,0.095438,0.10548
110.0,2.963E-4,8.8429E-4,0.0023659,0.0056746,0.012201,0.023525,0.040694,0.063118,0.077942,0.087776,0.097139
120.0,2.6748E-4,8.0071E-4,0.002149,0.0051703,0.011152,0.02157,0.037424,0.058222,0.072028,0.081214,0.089986
130.0,2.4315E-4,7.2997E-4,0.0019647,0.0047406,0.010255,0.019891,0.034609,0.053993,0.066908,0.075526,0.083778
140.0,2.2238E-4,6.6936E-4,0.0018063,0.00437,0.0094784,0.018434,0.032158,0.0503,0.062429,0.070544,0.078332
150.0,2.0444E-4,6.1687E-4,0.0016688,0.0040473,0.0088003,0.017158,0.030004,0.047046,0.058476,0.06614,0.073514
175.0,1.6881E-4,5.1218E-4,0.0013932,0.0033978,0.0074293,0.014565,0.02561,0.040376,0.050349,0.057073,0.063575
200.0,1.424E-4,4.3411E-4,0.0011865,0.0029077,0.0063883,0.012585,0.022234,0.035219,0.044044,0.050021,0.055825
250.0,1.0608E-4,3.26E-4,8.9822E-4,0.0022189,0.0049145,0.0097599,0.017381,0.027753,0.034874,0.039733,0.044485
300.0,8.2498E-5,2.552E-4,7.0779E-4,0.00176,0.0039241,0.0078445,0.014062,0.022601,0.028512,0.03257,0.036561
350.0,6.6106E-5,2.0563E-4,5.7352E-4,0.0014342,0.0032154,0.0064639,0.011652,0.018832,0.023836,0.02729,0.030702
400.0,5.4152E-5,1.6927E-4,4.7438E-4,0.001192,0.0026855,0.0054249,0.0098262,0.015958,0.020258,0.023238,0.026194
450.0,4.5115E-5,1.4162E-4,3.9861E-4,0.0010059,0.002276,0.0046174,0.0083994,0.0137,0.017435,0.020034,0.022622
500.0,3.8093E-5,1.2004E-4,3.3916E-4,8.5917E-4,0.0019515,0.0039742,0.0072571,0.011882,0.015157,0.017442,0.019725
600.0,2.8004E-5,8.8834E-5,2.5266E-4,6.4433E-4,0.0014733,0.0030203,0.005552,0.0091507,0.011719,0.013523,0.015333
700.0,2.1225E-5,6.7711E-5,1.9367E-4,4.9668E-4,0.0011421,0.0023546,0.0043526,0.0072143,0.0092707,0.010721,0.012184
800.0,1.6452E-5,5.2742E-5,1.516E-4,3.9068E-4,9.0272E-4,0.0018702,0.0034742,0.0057864,0.0074576,0.0086413,0.0098395
1000.0,1.037E-5,3.3517E-5,9.7128E-5,2.5236E-4,5.879E-4,0.001228,0.0022998,0.0038619,0.0050017,0.0058145,0.0066424
1200.0,6.8352E-6,2.2239E-5,6.4879E-5,1.697E-4,3.9798E-4,8.3687E-4,0.0015778,0.0026672,0.0034683,0.0040427,0.0046307
1500.0,3.8651E-6,1.2679E-5,3.7292E-5,9.8344E-5,2.3253E-4,4.9298E-4,9.371E-4,0.0015971,0.002087,0.0024407,0.0028048
SA1P0
r\m,4.0,4.5,5.0,5.5,6.0,6.5,7.0,7.5,7.8,8.0,8.2
0.0,0.0066998,0.019044,0.044655,0.089382,0.15376,0.23795,0.38385,0.56288,0.67094,0.73748,0.79613
1.0,0.0051146,0.014635,0.035244,0.073098,0.13087,0.20942,0.34026,0.50129,0.59919,0.65984,0.71365
5.0,0.002604,0.0075924,0.019229,0.042678,0.082845,0.14269,0.23661,0.35348,0.42607,0.47182,0.51316
10.0,0.001599,0.0047309,0.01231,0.028294,0.056854,0.10282,0.17347,0.26224,0.31835,0.35421,0.38707
15.0,0.001147,0.0033947,0.0089311,0.020861,0.043321,0.08089,0.13786,0.21023,0.25655,0.28645,0.31412
20.0,8.7578E-4,0.0026247,0.0070076,0.016653,0.035243,0.066864,0.11481,0.1763,0.21604,0.24188,0.26598
25.0,7.1139E-4,0.0021496,0.0057922,0.01391,0.029777,0.057073,0.098589,0.15226,0.18722,0.2101,0.23156
30.0,5.9908E-4,0.0018215,0.0049416,0.011956,0.025804,0.049829,0.086512,0.13426,0.16557,0.18617,0.20559
40.0,4.5406E-4,0.0013936,0.0038186,0.0093386,0.020385,0.03979,0.069651,0.10897,0.13503,0.15231,0.16874
50.0,3.6397E-4,0.0011251,0.0031056,0.0076539,0.016843,0.033134,0.058381,0.091926,0.11436,0.12933,0.14365
60.0,3.0243E-4,9.4026E-4,0.0026109,0.0064744,0.014338,0.02838,0.050279,0.079598,0.099342,0.11259,0.12533
70.0,2.5776E-4,8.0528E-4,0.0022472,0.005601,0.012468,0.024806,0.044154,0.070227,0.087892,0.099799,0.1113
80.0,2.2385E-4,7.0232E-4,0.0019683,0.0049274,0.011018,0.022017,0.03935,0.062842,0.078842,0.089669,0.10016
90.0,1.9726E-4,6.212E-4,0.0017476,0.0043916,0.0098581,0.019775,0.035473,0.056857,0.071489,0.081425,0.091086
100.0,1.7586E-4,5.5567E-4,0.0015685,0.0039552,0.0089092,0.017933,0.032275,0.051901,0.065386,0.074571,0.083528
110.0,1.5828E-4,5.0164E-4,0.0014204,0.0035926,0.0081179,0.016391,0.029588,0.047722,0.060229,0.068772,0.077125
120.0,1.4359E-4,4.5634E-4,0.0012957,0.0032866,0.0074476,0.015081,0.027297,0.044147,0.055809,0.063795,0.071621
130.0,1.3113E-4,4.1783E-4,0.0011894,0.0030249,0.0068724,0.013952,0.025318,0.041051,0.051974,0.059471,0.066835
140.0,1.2045E-4,3.847E-4,0.0010977,0.0027984,0.0063733,0.01297,0.023591,0.038341,0.048612,0.055676,0.062629
150.0,1.1118E-4,3.559E-4,0.0010178,0.0026005,0.0059359,0.012107,0.02207,0.035948,0.045637,0.052316,0.0589
175.0,9.267E-5,2.9812E-4,8.5683E-4,0.0022002,0.0050475,0.010347,0.018955,0.031026,0.039505,0.045376,0.051188
200.0,7.8827E-5,2.5468E-4,7.3517E-4,0.001896,0.0043687,0.0089942,0.016548,0.027203,0.034727,0.039956,0.045151
250.0,5.9586E-5,1.9391E-4,5.6384E-4,0.0014648,0.0033997,0.0070505,0.013066,0.021634,0.027738,0.032007,0.036273
300.0,4.6927E-5,1.5363E-4,4.4937E-4,0.0011744,0.0027421,0.0057206,0.010664,0.017763,0.022855,0.026435,0.03003
350.0,3.8028E-5,1.2512E-4,3.6784E-4,9.6617E-4,0.0022674,0.0047543,0.0089077,0.014912,0.019245,0.022304,0.025388
400.0,3.1471E-5,1.04E-4,3.0709E-4,8.1015E-4,0.0019096,0.0040217,0.007568,0.012725,0.016465,0.019116,0.021797
450.0,2.6468E-5,8.7809E-5,2.6028E-4,6.8931E-4,0.0016311,0.0034484,0.0065144,0.010995,0.014261,0.016582,0.018937
500.0,2.2546E-5,7.5057E-5,2.2325E-4,5.9331E-4,0.0014088,0.0029888,0.0056657,0.0095961,0.012472,0.014522,0.016607
600.0,1.6845E-5,5.6417E-5,1.6882E-4,4.5135E-4,0.0010782,0.0023012,0.0043885,0.0074776,0.0097533,0.011384,0.01305
700.0,1.2958E-5,4.362E-5,1.3119E-4,3.5254E-4,8.4644E-4,0.0018158,0.0034805,0.0059606,0.0077984,0.0091208,0.010477
800.0,1.0184E-5,3.4432E-5,1.0402E-4,2.8075E-4,6.7705E-4,0.0014588,0.0028086,0.0048312,0.0063375,0.0074253,0.0085443
1000.0,6.5839E-6,2.2425E-5,6.8246E-5,1.8557E-4,4.5083E-4,9.786E-4,0.001898,0.003289,0.0043335,0.0050923,0.0058771
1200.0,4.4417E-6,1.522E-5,4.66E-5,1.2748E-4,3.1157E-4,6.8042E-4,0.0013276,0.0023146,0.0030608,0.0036054,0.0041711
1500.0,2.5942E-6,8.9556E-6,2.7623E-5,7.6124E-5,1.8744E-4,4.1238E-4,8.1061E-4,0.0014237,0.001891,0.0022341,0.0025923
SA1P5
r\m,4.0,4.5,5.0,5.5,6.0,6.5,7.0,7.5,7.8,8.0,8.2
0.0,0.002006,0.0064144,0.017087,0.03886,0.075663,0.13083,0.22916,0.36166,0.44908,0.50659,0.56063
1.0,0.0016123,0.0051802,0.01406,0.032808,0.065824,0.11684,0.2058,0.32594,0.40559,0.45817,0.50776
5.0,9.0507E-4,0.0029493,0.0083191,0.020464,0.043796,0.082559,0.1478,0.23664,0.29638,0.33625,0.37427
10.0,5.8514E-4,0.0019287,0.0055609,0.014081,0.031001,0.06095,0.11069,0.17889,0.22532,0.2566,0.28669
15.0,4.3219E-4,0.0014231,0.0041389,0.010619,0.024063,0.048671,0.089126,0.14506,0.18348,0.20953,0.23476
20.0,3.3706E-4,0.0011216,0.0033035,0.0086037,0.019824,0.04066,0.074916,0.12261,0.15561,0.1781,0.2
25.0,2.7799E-4,9.3145E-4,0.0027649,0.0072661,0.016909,0.034991,0.06479,0.10654,0.13558,0.15547,0.17491
30.0,2.3693E-4,7.9801E-4,0.0023823,0.006301,0.014766,0.030754,0.05718,0.094397,0.12042,0.13831,0.15584
40.0,1.8294E-4,6.21E-4,0.0018694,0.0049893,0.011807,0.024815,0.046451,0.077191,0.098862,0.11384,0.12862
50.0,1.4875E-4,5.0792E-4,0.0015384,0.0041328,0.0098469,0.020832,0.039207,0.0655,0.084157,0.097116,0.10995
60.0,1.2506E-4,4.2906E-4,0.001306,0.0035265,0.0084471,0.017964,0.033961,0.056989,0.073419,0.084875,0.096265
70.0,1.0765E-4,3.7084E-4,0.0011335,0.0030736,0.0073945,0.015793,0.029972,0.05049,0.065195,0.075485,0.085745
80.0,9.4312E-5,3.2603E-4,0.0010001,0.0027218,0.0065725,0.014089,0.026829,0.045347,0.058674,0.068025,0.077376
90.0,8.3762E-5,2.9046E-4,8.9375E-4,0.0024402,0.0059118,0.012713,0.024283,0.041167,0.053361,0.061941,0.07054
100.0,7.5207E-5,2.6152E-4,8.0698E-4,0.0022096,0.0053685,0.011578,0.022175,0.037695,0.048941,0.056871,0.064837
110.0,6.8132E-5,2.3751E-4,7.3477E-4,0.0020171,0.0049135,0.010624,0.020398,0.034762,0.045199,0.052575,0.059998
120.0,6.2184E-5,2.1728E-4,6.7373E-4,0.0018538,0.0045266,0.0098106,0.01888,0.032246,0.041985,0.048881,0.055834
130.0,5.7113E-5,1.9999E-4,6.2144E-4,0.0017137,0.0041935,0.0091082,0.017565,0.030064,0.039193,0.045668,0.052207
140.0,5.274E-5,1.8504E-4,5.7614E-4,0.0015919,0.0039034,0.0084952,0.016415,0.02815,0.036741,0.042845,0.049018
150.0,4.8931E-5,1.7199E-4,5.365E-4,0.0014852,0.0036485,0.0079552,0.015399,0.026457,0.034569,0.040341,0.046187
175.0,4.1261E-5,1.4563E-4,4.5616E-4,0.001268,0.0031282,0.0068492,0.013313,0.022966,0.030081,0.035162,0.040323
200.0,3.5468E-5,1.2564E-4,3.9495E-4,0.0011018,0.0027281,0.0059949,0.011694,0.020245,0.026574,0.031107,0.035724
250.0,2.7316E-5,9.7341E-5,3.0785E-4,8.6408E-4,0.0021524,0.0047586,0.0093382,0.016264,0.021425,0.02514,0.028941
300.0,2.187E-5,7.8321E-5,2.4893E-4,7.0217E-4,0.0017578,0.0039055,0.007702,0.013481,0.017811,0.02094,0.024154
350.0,1.799E-5,6.4697E-5,2.0649E-4,5.8492E-4,0.0014704,0.0032808,0.0064972,0.011419,0.015126,0.017813,0.020581
400.0,1.5096E-5,5.4488E-5,1.7454E-4,4.9623E-4,0.001252,0.0028038,0.0055726,0.0098301,0.013049,0.01539,0.017807
450.0,1.2863E-5,4.6578E-5,1.4969E-4,4.2693E-4,0.0010807,0.0024278,0.004841,0.0085669,0.011394,0.013455,0.015589
500.0,1.1094E-5,4.0288E-5,1.2985E-4,3.7141E-4,9.4287E-4,0.0021243,0.0042481,0.0075393,0.010045,0.011876,0.013774
600.0,8.485E-6,3.0967E-5,1.0031E-4,2.8835E-4,7.3569E-4,0.0016659,0.0033479,0.0059715,0.0079799,0.0094531,0.010986
700.0,6.6716E-6,2.4452E-5,7.9539E-5,2.2962E-4,5.8834E-4,0.0013379,0.0027001,0.0048365,0.0064796,0.0076888,0.0089511
800.0,5.3535E-6,1.9693E-5,6.4295E-5,1.863E-4,4.7909E-4,0.0010934,0.0022149,0.003982,0.0053465,0.0063536,0.0074076
1000.0,3.6001E-6,1.3325E-5,4.3771E-5,1.2761E-4,3.3019E-4,7.5826E-4,0.0015454,0.0027955,0.0037673,0.0044879,0.0052452
1200.0,2.521E-6,9.3779E-6,3.0961E-5,9.072E-5,2.3592E-4,5.445E-4,0.0011153,0.0020277,0.0027408,0.0032717,0.0038315
1500.0,1.5531E-6,5.8132E-6,1.9311E-5,5.6932E-5,1.4897E-4,3.4594E-4,7.1301E-4,0.0013042,0.0017695,0.0021174,0.0024858
SA2P0
r\m,4.0,4.5,5.0,5.5,6.0,6.5,7.0,7.5,7.8,8.0,8.2
0.0,9.3137E-4,0.0032652,0.0093927,0.022785,0.04687,0.085191,0.15703,0.25899,0.32895,0.37612,0.42137
1.0,7.3223E-4,0.0025787,0.0075833,0.018968,0.040411,0.075668,0.14026,0.23207,0.29533,0.33811,0.37928
5.0,4.0122E-4,0.0014314,0.0043847,0.011614,0.02654,0.052999,0.099791,0.16672,0.21341,0.24527,0.2762
10.0,2.5982E-4,9.3643E-4,0.0029296,0.0079857,0.018778,0.039111,0.074622,0.1257,0.1617,0.18645,0.21066
15.0,1.9327E-4,6.9534E-4,0.0021923,0.0060498,0.014629,0.031315,0.06019,0.10201,0.1317,0.15222,0.17241
20.0,1.52E-4,5.5211E-4,0.001761,0.0049281,0.012105,0.026253,0.050731,0.08639,0.11186,0.12954,0.14699
25.0,1.2633E-4,4.6166E-4,0.0014829,0.0041838,0.010371,0.022677,0.044006,0.075236,0.097646,0.11326,0.12873
30.0,1.0843E-4,3.9803E-4,0.0012849,0.0036462,0.0090955,0.020003,0.038955,0.066827,0.086908,0.10094,0.11488
40.0,8.4757E-5,3.1323E-4,0.0010185,0.0029133,0.0073301,0.016251,0.03183,0.05491,0.071649,0.083406,0.095136
50.0,6.9646E-5,2.5869E-4,8.4563E-4,0.0024324,0.0061566,0.013727,0.02701,0.046805,0.061238,0.071414,0.081604
60.0,5.9096E-5,2.204E-4,7.2349E-4,0.0020902,0.0053149,0.011903,0.023511,0.040894,0.053625,0.062631,0.071675
70.0,5.1292E-5,1.9194E-4,6.3231E-4,0.0018334,0.0046793,0.010518,0.020843,0.036371,0.047786,0.055884,0.064036
80.0,4.5272E-5,1.6992E-4,5.6144E-4,0.001633,0.0041809,0.0094273,0.018735,0.032785,0.043148,0.050516,0.057952
90.0,4.0482E-5,1.5234E-4,5.0468E-4,0.0014719,0.0037788,0.0085438,0.017022,0.029863,0.039362,0.046131,0.052974
100.0,3.6576E-5,1.3796E-4,4.5813E-4,0.0013393,0.003447,0.0078124,0.0156,0.027431,0.036207,0.042471,0.048816
110.0,3.3328E-5,1.2598E-4,4.1923E-4,0.0012283,0.0031681,0.0071961,0.0144,0.025372,0.03353,0.039365,0.045283
120.0,3.0584E-5,1.1583E-4,3.8621E-4,0.0011338,0.0029302,0.0066689,0.01337,0.023603,0.031228,0.03669,0.042238
130.0,2.8234E-5,1.0712E-4,3.5781E-4,0.0010523,0.0027247,0.0062124,0.012477,0.022065,0.029224,0.034359,0.039582
140.0,2.6198E-5,9.9558E-5,3.3312E-4,9.8132E-4,0.0025452,0.005813,0.011694,0.020714,0.027461,0.032308,0.037243
150.0,2.4417E-5,9.2934E-5,3.1143E-4,9.1888E-4,0.002387,0.0054602,0.011001,0.019516,0.025897,0.030486,0.035165
175.0,2.0807E-5,7.9466E-5,2.6723E-4,7.9122E-4,0.0020626,0.0047347,0.009572,0.01704,0.022657,0.026709,0.03085
200.0,1.8055E-5,6.9165E-5,2.3329E-4,6.9282E-4,0.0018116,0.0041711,0.0084578,0.015101,0.020116,0.023741,0.027455
250.0,1.4136E-5,5.4427E-5,1.8451E-4,5.5073E-4,0.0014474,0.0033495,0.006826,0.012249,0.016365,0.019353,0.022426
300.0,1.1481E-5,4.4386E-5,1.5109E-4,4.5287E-4,0.0011951,0.0027773,0.0056832,0.01024,0.013715,0.016246,0.018856
350.0,9.565E-6,3.7108E-5,1.2676E-4,3.8128E-4,0.0010098,0.0023547,0.0048354,0.008743,0.011735,0.01392,0.016179
400.0,8.1196E-6,3.1597E-5,1.0826E-4,3.2663E-4,8.6767E-4,0.0020296,0.0041803,0.0075815,0.010194,0.012107,0.014089
450.0,6.9925E-6,2.7284E-5,9.3737E-5,2.8356E-4,7.5531E-4,0.0017715,0.0036585,0.006653,0.0089602,0.010653,0.01241
500.0,6.0908E-6,2.3823E-5,8.2043E-5,2.4879E-4,6.6428E-4,0.0015617,0.0032331,0.0058936,0.0079488,0.0094595,0.01103
600.0,4.7436E-6,1.8631E-5,6.4432E-5,1.962E-4,5.2605E-4,0.0012419,0.0025818,0.0047259,0.00639,0.0076171,0.0088968
700.0,3.7917E-6,1.4945E-5,5.1867E-5,1.585E-4,4.2647E-4,0.0010104,0.0021079,0.0038721,0.0052466,0.006263,0.0073256
800.0,3.0892E-6,1.2214E-5,4.2518E-5,1.3033E-4,3.5175E-4,8.3593E-4,0.0017493,0.0032231,0.0043753,0.0052292,0.0061239
1000.0,2.136E-6,8.4882E-6,2.9701E-5,9.1508E-5,2.4825E-4,5.9299E-4,0.0012473,0.00231,0.0031453,0.0037669,0.0044205
1200.0,1.5341E-6,6.122E-6,2.1511E-5,6.6554E-5,1.8131E-4,4.3492E-4,9.1861E-4,0.0017084,0.0023321,0.0027977,0.0032886
1500.0,9.7868E-7,3.9256E-6,1.3865E-5,4.3117E-5,1.1807E-4,2.8467E-4,6.0436E-4,0.0011298,0.001547,0.0018596,0.0021904
SA3P0
r\m,4.0,4.5,5.0,5.5,6.0,6.5,7.0,7.5,7.8,8.0,8.2
0.0,2.6155E-4,0.0010692,0.0034874,0.009411,0.021164,0.041518,0.081989,0.14267,0.18569,0.21509,0.24351
1.0,2.0075E-4,8.2332E-4,0.0027583,0.0077214,0.01809,0.036692,0.072851,0.12711,0.1657,0.19215,0.21776
5.0,1.08E-4,4.4744E-4,0.0015652,0.0046584,0.011765,0.025541,0.051445,0.090473,0.1185,0.13785,0.15672
10.0,7.0508E-5,2.9446E-4,0.0010506,0.0032142,0.0083477,0.018888,0.038489,0.068135,0.089596,0.1045,0.11912
15.0,5.3047E-5,2.209E-4,7.9326E-4,0.0024535,0.0065424,0.015191,0.031145,0.055397,0.073055,0.085369,0.097496
20.0,4.2209E-5,1.7721E-4,6.4289E-4,0.0020136,0.0054468,0.012798,0.026352,0.047048,0.062183,0.072774,0.083236
25.0,3.5435E-5,1.4952E-4,5.4566E-4,0.0017213,0.0046939,0.011108,0.022948,0.041098,0.05442,0.063767,0.073025
30.0,3.0686E-5,1.2995E-4,4.7624E-4,0.0015096,0.004139,0.0098432,0.020392,0.036615,0.048561,0.056961,0.065299
40.0,2.4356E-5,1.037E-4,3.8226E-4,0.0012196,0.0033681,0.0080638,0.01678,0.030261,0.040237,0.047279,0.054293
50.0,2.0273E-5,8.6657E-5,3.2078E-4,0.0010281,0.002853,0.0068622,0.01433,0.025932,0.034553,0.040656,0.046752
60.0,1.7395E-5,7.4593E-5,2.7703E-4,8.91E-4,0.0024816,0.0059902,0.012546,0.022769,0.03039,0.0358,0.041215
70.0,1.5248E-5,6.5559E-5,2.4415E-4,7.8747E-4,0.0021998,0.0053252,0.011181,0.020342,0.027192,0.032064,0.036951
80.0,1.3579E-5,5.8517E-5,2.1843E-4,7.0623E-4,0.0019777,0.0047994,0.010099,0.018414,0.024646,0.029087,0.03355
90.0,1.2242E-5,5.2859E-5,1.9771E-4,6.4059E-4,0.0017978,0.0043719,0.0092177,0.016839,0.022565,0.026651,0.030764
100.0,1.1144E-5,4.8204E-5,1.8063E-4,5.8634E-4,0.0016487,0.0040168,0.0084839,0.015525,0.020826,0.024615,0.028433
110.0,1.0225E-5,4.4302E-5,1.6629E-4,5.4067E-4,0.0015229,0.0037165,0.0078622,0.01441,0.019349,0.022883,0.02645
120.0,9.4444E-6,4.0981E-5,1.5405E-4,5.0165E-4,0.0014151,0.0034589,0.0073279,0.013451,0.018076,0.02139,0.024738
130.0,8.7722E-6,3.8116E-5,1.4348E-4,4.6788E-4,0.0013217,0.0032352,0.0068631,0.012614,0.016966,0.020087,0.023244
140.0,8.1868E-6,3.5618E-5,1.3425E-4,4.3834E-4,0.0012399,0.0030388,0.0064545,0.011878,0.015988,0.018939,0.021926
150.0,7.6723E-6,3.3419E-5,1.2611E-4,4.1225E-4,0.0011675,0.0028649,0.0060923,0.011225,0.015119,0.017918,0.020753
175.0,6.6211E-6,2.8916E-5,1.0941E-4,3.5862E-4,0.0010184,0.0025056,0.0053423,0.0098686,0.013313,0.015794,0.018313
200.0,5.8115E-6,2.5439E-5,9.6471E-5,3.1695E-4,9.0216E-4,0.0022248,0.0047544,0.0088026,0.011891,0.01412,0.016387
250.0,4.6429E-6,2.0402E-5,7.7668E-5,2.5616E-4,7.3197E-4,0.0018121,0.0038873,0.0072248,0.0097821,0.011634,0.013522
300.0,3.8378E-6,1.6917E-5,6.4606E-5,2.1376E-4,6.1274E-4,0.0015218,0.0032747,0.0061053,0.008282,0.0098619,0.011477
350.0,3.2484E-6,1.4357E-5,5.4976E-5,1.8238E-4,5.2421E-4,0.0013054,0.0028166,0.0052652,0.0071537,0.0085274,0.0099343
400.0,2.7978E-6,1.2394E-5,4.757E-5,1.5818E-4,4.557E-4,0.0011374,0.0024599,0.004609,0.0062708,0.0074819,0.0087244
450.0,2.4421E-6,1.0841E-5,4.1692E-5,1.3892E-4,4.0104E-4,0.0010031,0.0021737,0.0040811,0.0055594,0.0066385,0.0077473
500.0,2.1543E-6,9.5805E-6,3.6914E-5,1.2323E-4,3.5638E-4,8.93E-4,0.0019387,0.0036466,0.004973,0.0059426,0.0069402
600.0,1.7176E-6,7.6627E-6,2.9618E-5,9.9186E-5,2.8777E-4,7.2338E-4,0.0015754,0.0029727,0.0040617,0.0048598,0.0056829
700.0,1.4028E-6,6.2753E-6,2.4321E-5,8.1666E-5,2.3758E-4,5.9882E-4,0.0013077,0.0024741,0.0033859,0.0040556,0.0047475
800.0,1.1662E-6,5.2291E-6,2.0314E-5,6.8369E-5,1.9936E-4,5.0366E-4,0.0011024,0.0020907,0.0028651,0.003435,0.0040248
1000.0,8.3708E-7,3.7679E-6,1.4695E-5,4.965E-5,1.4534E-4,3.6863E-4,8.1002E-4,0.0015421,0.0021183,0.0025436,0.002985
1200.0,6.2237E-7,2.8104E-6,1.0995E-5,3.727E-5,1.0945E-4,2.7848E-4,6.1389E-4,0.0011725,0.0016136,0.0019401,0.0022796
1500.0,4.1675E-7,1.8893E-6,7.4205E-6,2.5251E-5,7.4445E-5,1.9016E-4,4.2082E-4,8.0687E-4,0.0011131,0.0013404,0.0015774
SA4P0
r\m,4.0,4.5,5.0,5.5,6.0,6.5,7.0,7.5,7.8,8.0,8.2
0.0,9.7227E-5,4.4675E-4,0.001621,0.0048082,0.01173,0.02461,0.051127,0.092357,0.12217,0.14268,0.16252
1.0,7.5303E-5,3.4688E-4,0.0012908,0.0039645,0.01006,0.021797,0.045504,0.082383,0.10912,0.12756,0.14542
5.0,4.1378E-5,1.9215E-4,7.4431E-4,0.0024222,0.0066038,0.015272,0.032296,0.058853,0.078259,0.09172,0.10484
10.0,2.741E-5,1.2813E-4,5.0531E-4,0.0016871,0.0047213,0.011358,0.024269,0.044466,0.05932,0.069674,0.079813
15.0,2.0827E-5,9.7005E-5,3.8465E-4,0.0012968,0.0037207,0.0091737,0.019704,0.036244,0.048467,0.057016,0.065415
20.0,1.6706E-5,7.8377E-5,3.1367E-4,0.0010699,0.0031109,0.0077552,0.016718,0.030846,0.041325,0.048674,0.055914
25.0,1.4113E-5,6.6502E-5,2.6755E-4,9.1844E-4,0.0026905,0.0067507,0.014593,0.026995,0.03622,0.042706,0.049108
30.0,1.2285E-5,5.8072E-5,2.3449E-4,8.084E-4,0.0023797,0.0059974,0.012995,0.02409,0.032365,0.038193,0.043957
40.0,9.8348E-6,4.6701E-5,1.8952E-4,6.5713E-4,0.0019467,0.0049351,0.010733,0.019968,0.026884,0.03177,0.036616
50.0,8.2437E-6,3.9275E-5,1.5995E-4,5.5676E-4,0.0016563,0.0042158,0.0091955,0.017156,0.023138,0.027374,0.031586
60.0,7.1162E-6,3.3993E-5,1.3883E-4,4.8465E-4,0.0014464,0.0036925,0.0080736,0.015099,0.020393,0.024149,0.027891
70.0,6.2711E-6,3.0022E-5,1.2289E-4,4.3004E-4,0.0012866,0.0032926,0.0072143,0.013519,0.018282,0.021667,0.025045
80.0,5.6114E-6,2.6915E-5,1.1038E-4,3.8707E-4,0.0011605,0.0029759,0.0065322,0.012263,0.016601,0.019689,0.022775
90.0,5.0809E-6,2.4411E-5,1.0028E-4,3.5227E-4,0.001058,0.0027181,0.0059759,0.011237,0.015226,0.01807,0.020915
100.0,4.644E-6,2.2345E-5,9.1937E-5,3.2345E-4,9.7303E-4,0.0025036,0.0055123,0.01038,0.014077,0.016716,0.019359
110.0,4.2773E-6,2.0609E-5,8.4909E-5,2.9914E-4,9.0118E-4,0.002322,0.0051191,0.0096522,0.0131,0.015564,0.018035
120.0,3.9649E-6,1.9127E-5,7.8902E-5,2.7833E-4,8.3957E-4,0.002166,0.004781,0.0090254,0.012258,0.014571,0.016892
130.0,3.6953E-6,1.7846E-5,7.3703E-5,2.6029E-4,7.8608E-4,0.0020304,0.0044866,0.008479,0.011524,0.013704,0.015894
140.0,3.4599E-6,1.6727E-5,6.9153E-5,2.4449E-4,7.3915E-4,0.0019112,0.0042276,0.0079978,0.010877,0.01294,0.015014
150.0,3.2525E-6,1.574E-5,6.5136E-5,2.3051E-4,6.976E-4,0.0018056,0.0039978,0.0075704,0.010301,0.01226,0.01423
175.0,2.8274E-6,1.3712E-5,5.687E-5,2.0171E-4,6.118E-4,0.001587,0.0035215,0.0066828,0.0091053,0.010846,0.0126
200.0,2.4983E-6,1.2139E-5,5.0444E-5,1.7926E-4,5.4475E-4,0.0014158,0.0031475,0.0059843,0.0081628,0.0097305,0.011313
250.0,2.0205E-6,9.8489E-6,4.1056E-5,1.4636E-4,4.4623E-4,0.0011635,0.0025947,0.0049488,0.0067631,0.0080722,0.0093966
300.0,1.6888E-6,8.2535E-6,3.4495E-5,1.233E-4,3.7689E-4,9.8527E-4,0.002203,0.0042125,0.0057658,0.006889,0.0080275
350.0,1.4443E-6,7.074E-6,2.9631E-5,1.0614E-4,3.2517E-4,8.5196E-4,0.0019091,0.0036586,0.0050142,0.0059963,0.0069934
400.0,1.2562E-6,6.1643E-6,2.587E-5,9.2848E-5,2.8499E-4,7.4811E-4,0.0016796,0.0032249,0.0044249,0.0052955,0.0061809
450.0,1.1067E-6,5.4402E-6,2.287E-5,8.222E-5,2.5279E-4,6.6472E-4,0.0014949,0.0028751,0.0039489,0.0047291,0.0055234
500.0,9.8512E-7,4.8497E-6,2.0418E-5,7.3517E-5,2.2638E-4,5.9617E-4,0.0013427,0.0025864,0.0035556,0.0042606,0.0049793
600.0,7.9901E-7,3.9438E-6,1.6648E-5,6.0099E-5,1.8555E-4,4.8992E-4,0.0011063,0.0021366,0.0029419,0.0035289,0.0041284
700.0,6.6337E-7,3.2816E-6,1.3883E-5,5.023E-5,1.5542E-4,4.1129E-4,9.3082E-4,0.0018016,0.0024839,0.0029822,0.003492
800.0,5.6027E-7,2.7769E-6,1.177E-5,4.2668E-5,1.3228E-4,3.5072E-4,7.9528E-4,0.0015422,0.0021288,0.0025578,0.0029973
1000.0,4.1453E-7,2.0612E-6,8.7649E-6,3.1876E-5,9.9139E-5,2.637E-4,5.9988E-4,0.0011671,0.001614,0.0019418,0.0022784
1200.0,3.1734E-7,1.582E-6,6.7452E-6,2.4595E-5,7.6697E-5,2.0454E-4,4.6653E-4,9.1001E-4,0.0012605,0.0015181,0.0017831
1500.0,2.2169E-7,1.1088E-6,4.7426E-6,1.7349E-5,5.4275E-5,1.4522E-4,3.3228E-4,6.5024E-4,9.0243E-4,0.0010882,0.0012799
SA5P0
r\m,4.0,4.5,5.0,5.5,6.0,6.5,7.0,7.5,7.8,8.0,8.2
0.0,5.0526E-5,2.5388E-4,9.8213E-4,0.0030596,0.0077669,0.016898,0.036542,0.068165,0.091517,0.10775,0.12354
1.0,3.7665E-5,1.8953E-4,7.5775E-4,0.0024688,0.006577,0.014858,0.032296,0.060366,0.081147,0.095618,0.10973
5.0,1.9919E-5,1.0089E-4,4.2202E-4,0.0014684,0.0042393,0.010287,0.022649,0.042583,0.057444,0.067847,0.078038
10.0,1.3144E-5,6.6955E-5,2.8511E-4,0.0010183,0.0030207,0.0076317,0.016969,0.032055,0.043365,0.051315,0.059136
15.0,1.0016E-5,5.0813E-5,2.1746E-4,7.8404E-4,0.0023837,0.00617,0.013783,0.026126,0.035416,0.041967,0.048429
20.0,8.0703E-6,4.1218E-5,1.7794E-4,6.4872E-4,0.0019978,0.0052262,0.011712,0.02226,0.030223,0.035851,0.041415
25.0,6.8476E-6,3.5111E-5,1.5231E-4,5.5861E-4,0.0017324,0.0045595,0.010243,0.01951,0.026524,0.03149,0.03641
30.0,5.9853E-6,3.0775E-5,1.3394E-4,4.9316E-4,0.0015364,0.00406,0.009139,0.017439,0.023736,0.028201,0.03263
40.0,4.8266E-6,2.4916E-5,1.0892E-4,4.0312E-4,0.0012631,0.0033556,0.0075776,0.014504,0.019776,0.023524,0.027252
50.0,4.0715E-6,2.1078E-5,9.2428E-5,3.4325E-4,0.0010795,0.0028781,0.0065154,0.012501,0.017069,0.020325,0.023568
60.0,3.5343E-6,1.8339E-5,8.0608E-5,3.0012E-4,9.4649E-4,0.0025301,0.0057395,0.011034,0.015085,0.017977,0.020862
70.0,3.1302E-6,1.6272E-5,7.1664E-5,2.6737E-4,8.4505E-4,0.0022637,0.0051442,0.0099069,0.013558,0.016168,0.018776
80.0,2.8136E-6,1.465E-5,6.4627E-5,2.4154E-4,7.6478E-4,0.0020523,0.0046709,0.0090091,0.01234,0.014725,0.017111
90.0,2.5581E-6,1.3338E-5,5.8927E-5,2.2056E-4,6.9945E-4,0.0018799,0.0042842,0.0082744,0.011343,0.013542,0.015745
100.0,2.347E-6,1.2253E-5,5.4203E-5,2.0315E-4,6.451E-4,0.0017361,0.0039615,0.0076603,0.010509,0.012552,0.014601
110.0,2.1694E-6,1.1339E-5,5.0215E-5,1.8843E-4,5.9908E-4,0.0016142,0.0036874,0.0071381,0.0097992,0.01171,0.013627
120.0,2.0176E-6,1.0556E-5,4.6799E-5,1.758E-4,5.5954E-4,0.0015093,0.0034512,0.0066877,0.0091864,0.010982,0.012785
130.0,1.8862E-6,9.8781E-6,4.3835E-5,1.6483E-4,5.2514E-4,0.0014179,0.0032453,0.0062946,0.0086513,0.010346,0.012049
140.0,1.7712E-6,9.2841E-6,4.1237E-5,1.552E-4,4.9491E-4,0.0013375,0.0030639,0.0059479,0.0081791,0.0097847,0.0114
150.0,1.6697E-6,8.7591E-6,3.8937E-5,1.4666E-4,4.681E-4,0.0012661,0.0029028,0.0056396,0.0077589,0.009285,0.010821
175.0,1.4607E-6,7.6768E-6,3.4189E-5,1.2902E-4,4.1258E-4,0.001118,0.0025679,0.0049982,0.0068838,0.0082439,0.0096145
200.0,1.2981E-6,6.8332E-6,3.0481E-5,1.1521E-4,3.6903E-4,0.0010016,0.0023042,0.004492,0.0061925,0.0074206,0.0086598
250.0,1.0604E-6,5.5968E-6,2.5033E-5,9.4875E-5,3.047E-4,8.2929E-4,0.0019128,0.0037388,0.0051624,0.0061928,0.0072347
300.0,8.9397E-7,4.7288E-6,2.1197E-5,8.0514E-5,2.5916E-4,7.0688E-4,0.001634,0.0032008,0.0044254,0.0053132,0.0062125
350.0,7.704E-7,4.0827E-6,1.8335E-5,6.9772E-5,2.25E-4,6.1485E-4,0.0014239,0.0027944,0.0038677,0.0046472,0.0054377
400.0,6.7471E-7,3.5814E-6,1.6109E-5,6.1401E-5,1.9832E-4,5.4283E-4,0.0012591,0.002475,0.0034289,0.0041226,0.004827
450.0,5.9825E-7,3.18E-6,1.4324E-5,5.4676E-5,1.7685E-4,4.8476E-4,0.001126,0.0022165,0.0030734,0.0036972,0.0043313
500.0,5.3568E-7,2.851E-6,1.2858E-5,4.9144E-5,1.5916E-4,4.3682E-4,0.0010159,0.0020023,0.0027786,0.0033442,0.0039198
600.0,4.3922E-7,2.3428E-6,1.059E-5,4.0561E-5,1.3165E-4,3.6212E-4,8.4408E-4,0.0016672,0.0023166,0.0027907,0.0032739
700.0,3.6825E-7,1.9679E-6,8.9116E-6,3.4198E-5,1.1121E-4,3.0645E-4,7.1564E-4,0.0014162,0.00197,0.0023749,0.0027882
800.0,3.1384E-7,1.6799E-6,7.6195E-6,2.9287E-5,9.5392E-5,2.633E-4,6.1585E-4,0.0012207,0.0016997,0.0020503,0.0024087
1000.0,2.3607E-7,1.267E-6,5.7622E-6,2.2208E-5,7.253E-5,2.0074E-4,4.7079E-4,9.3567E-4,0.0013049,0.0015759,0.0018533
1200.0,1.8344E-7,9.8668E-7,4.4974E-6,1.7372E-5,5.686E-5,1.5771E-4,3.7071E-4,7.384E-4,0.0010312,0.0012463,0.001467
1500.0,1.3081E-7,7.055E-7,3.2244E-6,1.2488E-5,4.0988E-5,1.14E-4,2.6867E-4,5.366E-4,7.5058E-4,9.0819E-4,0.0010702
SA7P5
r\m,4.0,4.5,5.0,5.5,6.0,6.5,7.0,7.5,7.8,8.0,8.2
0.0,1.4931E-5,8.6502E-5,3.7367E-4,0.0012794,0.003535,0.0083442,0.019628,0.039449,0.055102,0.066466,0.077945
1.0,1.0617E-5,6.1488E-5,2.7764E-4,0.0010075,0.0029537,0.0072837,0.017222,0.034669,0.048473,0.058509,0.068658
5.0,5.4186E-6,3.1513E-5,1.4964E-4,5.8449E-4,0.001873,0.0049906,0.011944,0.024154,0.033864,0.040949,0.04814
10.0,3.5807E-6,2.0912E-5,1.0101E-4,4.049E-4,0.0013335,0.0036996,0.008933,0.01813,0.025472,0.030847,0.036315
15.0,2.7463E-6,1.5961E-5,7.742E-5,3.13E-4,0.0010556,0.0029979,0.0072667,0.014786,0.020806,0.025221,0.029723
20.0,2.229E-6,1.303E-5,6.3701E-5,2.6019E-4,8.8812E-4,0.0025471,0.0061893,0.012618,0.017777,0.021567,0.025436
25.0,1.9036E-6,1.1165E-5,5.4807E-5,2.2505E-4,7.7306E-4,0.0022292,0.005427,0.011082,0.015628,0.018972,0.02239
30.0,1.6736E-6,9.838E-6,4.8426E-5,1.9952E-4,6.8808E-4,0.0019912,0.004855,0.0099275,0.014011,0.017018,0.020096
40.0,1.3635E-6,8.04E-6,3.9718E-5,1.6434E-4,5.6951E-4,0.0016555,0.004046,0.0082917,0.011718,0.014246,0.016837
50.0,1.1603E-6,6.8568E-6,3.3954E-5,1.4087E-4,4.8969E-4,0.0014275,0.0034953,0.0071759,0.010152,0.012351,0.014608
60.0,1.0151E-6,6.0085E-6,2.9808E-5,1.2392E-4,4.317E-4,0.0012611,0.0030926,0.0063585,0.0090036,0.01096,0.01297
70.0,9.0523E-7,5.3659E-6,2.666E-5,1.1101E-4,3.8738E-4,0.0011335,0.0027831,0.0057296,0.0081192,0.0098884,0.011708
80.0,8.1882E-7,4.8596E-6,2.4174E-5,1.0079E-4,3.5221E-4,0.001032,0.0025368,0.0052282,0.0074136,0.0090331,0.0107
90.0,7.4881E-7,4.4487E-6,2.2154E-5,9.2474E-5,3.2353E-4,9.4901E-4,0.0023352,0.0048175,0.0068353,0.0083317,0.0098732
100.0,6.9076E-7,4.1077E-6,2.0475E-5,8.5551E-5,2.9962E-4,8.7975E-4,0.0021667,0.0044738,0.0063511,0.0077443,0.0091803
110.0,6.4174E-7,3.8193E-6,1.9055E-5,7.9684E-5,2.7932E-4,8.2091E-4,0.0020234,0.0041813,0.0059388,0.0072438,0.0085898
120.0,5.997E-7,3.5719E-6,1.7834E-5,7.4639E-5,2.6185E-4,7.7019E-4,0.0018998,0.0039288,0.0055825,0.0068113,0.0080793
130.0,5.6321E-7,3.3569E-6,1.6772E-5,7.0247E-5,2.4663E-4,7.2594E-4,0.0017919,0.0037082,0.0052712,0.0064332,0.0076329
140.0,5.3118E-7,3.168E-6,1.5839E-5,6.6384E-5,2.3322E-4,6.8694E-4,0.0016967,0.0035134,0.0049962,0.0060992,0.0072384
150.0,5.0281E-7,3.0007E-6,1.5012E-5,6.2954E-5,2.2131E-4,6.5227E-4,0.001612,0.00334,0.0047514,0.0058016,0.0068869
175.0,4.4418E-7,2.6543E-6,1.3297E-5,5.5841E-5,1.9658E-4,5.8019E-4,0.0014358,0.0029788,0.0042409,0.005181,0.0061534
200.0,3.9829E-7,2.3829E-6,1.1951E-5,5.0249E-5,1.7711E-4,5.2334E-4,0.0012966,0.0026931,0.0038368,0.0046895,0.0055723
250.0,3.3068E-7,1.9822E-6,9.9612E-6,4.1964E-5,1.482E-4,4.3879E-4,0.0010892,0.0022668,0.0032332,0.0039548,0.0047029
300.0,2.8289E-7,1.6985E-6,8.549E-6,3.6073E-5,1.276E-4,3.7841E-4,9.4085E-4,0.0019611,0.0027998,0.0034268,0.0040776
350.0,2.471E-7,1.4856E-6,7.4876E-6,3.1638E-5,1.1207E-4,3.3279E-4,8.2852E-4,0.0017293,0.0024708,0.0030258,0.0036024
400.0,2.1917E-7,1.3192E-6,6.6567E-6,2.816E-5,9.9865E-5,2.969E-4,7.4005E-4,0.0015464,0.0022111,0.002709,0.0032268
450.0,1.9668E-7,1.1851E-6,5.9862E-6,2.5349E-5,8.9991E-5,2.6783E-4,6.6826E-4,0.0013978,0.0019999,0.0024513,0.002921
500.0,1.7815E-7,1.0744E-6,5.4321E-6,2.3024E-5,8.1813E-5,2.4372E-4,6.0866E-4,0.0012743,0.0018242,0.0022368,0.0026663
600.0,1.4929E-7,9.018E-7,4.5668E-6,1.9388E-5,6.9002E-5,2.0588E-4,5.15E-4,0.00108,0.0015475,0.0018986,0.0022647
700.0,1.2778E-7,7.7291E-7,3.9194E-6,1.6662E-5,5.9381E-5,1.7742E-4,4.4439E-4,9.3317E-4,0.0013382,0.0016428,0.0019606
800.0,1.1108E-7,6.7266E-7,3.415E-6,1.4535E-5,5.1862E-5,1.5513E-4,3.8903E-4,8.1788E-4,0.0011737,0.0014415,0.0017212
1000.0,8.6756E-8,5.2642E-7,2.6778E-6,1.142E-5,4.0826E-5,1.2236E-4,3.0746E-4,6.4766E-4,9.3051E-4,0.0011437,0.0013667
1200.0,6.988E-8,4.247E-7,2.1639E-6,9.2427E-6,3.3097E-5,9.9357E-5,2.5005E-4,5.2758E-4,7.5872E-4,9.3317E-4,0.0011158
1500.0,5.2476E-8,3.1956E-7,1.6314E-6,6.9819E-6,2.5051E-5,7.535E-5,1.9001E-4,4.0168E-4,5.7834E-4,7.1188E-4,8.5187E-4
SA10P0
r\m,4.0,4.5,5.0,5.5,6.0,6.5,7.0,7.5,7.8,8.0,8.2
0.0,5.9868E-6,3.6923E-5,1.7003E-4,6.2133E-4,0.0018325,0.0046143,0.011567,0.024786,0.035984,0.044544,0.053608
1.0,4.279E-6,2.6365E-5,1.2678E-4,4.904E-4,0.0015332,0.004031,0.010156,0.021791,0.031663,0.039217,0.047224
5.0,2.2047E-6,1.3625E-5,6.8798E-5,2.8595E-4,9.7563E-4,0.0027684,0.0070553,0.015199,0.022138,0.027462,0.033122
10.0,1.4653E-6,9.0879E-6,4.6648E-5,1.988E-4,6.9655E-4,0.0020564,0.0052848,0.011421,0.016666,0.0207,0.024998
15.0,1.1282E-6,6.9608E-6,3.5864E-5,1.5409E-4,5.5256E-4,0.0016691,0.0043045,0.0093229,0.013623,0.016936,0.02047
20.0,9.1849E-7,5.6985E-6,2.958E-5,1.2835E-4,4.6566E-4,0.0014201,0.0036704,0.0079634,0.011648,0.014491,0.017528
25.0,7.8637E-7,4.8936E-6,2.5501E-5,1.1121E-4,4.0593E-4,0.0012444,0.0032217,0.0069998,0.010248,0.012756,0.015437
30.0,6.9285E-7,4.3204E-6,2.2571E-5,9.8749E-5,3.6179E-4,0.0011128,0.0028849,0.0062754,0.0091937,0.011449,0.013863
40.0,5.6651E-7,3.5425E-6,1.8568E-5,8.1554E-5,3.0016E-4,9.2707E-4,0.0024085,0.0052494,0.0076995,0.009596,0.011628
50.0,4.8358E-7,3.0298E-6,1.5915E-5,7.0077E-5,2.5865E-4,8.0094E-4,0.0020842,0.0045496,0.0066793,0.0083297,0.0101
60.0,4.2421E-7,2.6618E-6,1.4005E-5,6.1778E-5,2.2847E-4,7.0883E-4,0.001847,0.004037,0.0059314,0.0074008,0.008978
70.0,3.7926E-7,2.3828E-6,1.2553E-5,5.5453E-5,2.0539E-4,6.3817E-4,0.0016648,0.0036427,0.0053556,0.0066854,0.0081137
80.0,3.4387E-7,2.1627E-6,1.1407E-5,5.0446E-5,1.8708E-4,5.8198E-4,0.0015197,0.0033284,0.0048964,0.0061145,0.0074238
90.0,3.1517E-7,1.984E-6,1.0474E-5,4.6369E-5,1.7214E-4,5.3605E-4,0.001401,0.0030711,0.0045202,0.0056466,0.0068581
100.0,2.9135E-7,1.8356E-6,9.6986E-6,4.2974E-5,1.5968E-4,4.977E-4,0.0013018,0.0028558,0.0042053,0.0052549,0.0063843
110.0,2.7122E-7,1.71E-6,9.042E-6,4.0096E-5,1.4911E-4,4.6512E-4,0.0012174,0.0026726,0.0039372,0.0049212,0.0059806
120.0,2.5395E-7,1.6022E-6,8.4778E-6,3.762E-5,1.4E-4,4.3703E-4,0.0011446,0.0025145,0.0037056,0.004633,0.0056318
130.0,2.3895E-7,1.5085E-6,7.9869E-6,3.5465E-5,1.3207E-4,4.1253E-4,0.0010811,0.0023763,0.0035033,0.0043811,0.0053268
140.0,2.2578E-7,1.4262E-6,7.5554E-6,3.3568E-5,1.2508E-4,3.9093E-4,0.0010251,0.0022545,0.0033247,0.0041587,0.0050575
150.0,2.1411E-7,1.3532E-6,7.1725E-6,3.1885E-5,1.1887E-4,3.7174E-4,9.7524E-4,0.002146,0.0031657,0.0039606,0.0048176
175.0,1.8997E-7,1.202E-6,6.3789E-6,2.8391E-5,1.0598E-4,3.3182E-4,8.7153E-4,0.00192,0.0028343,0.0035476,0.0043172
200.0,1.7106E-7,1.0835E-6,5.7556E-6,2.5644E-5,9.5825E-5,3.0034E-4,7.8964E-4,0.0017413,0.0025721,0.0032208,0.0039211
250.0,1.4316E-7,9.0829E-7,4.8333E-6,2.1572E-5,8.075E-5,2.5353E-4,6.677E-4,0.0014749,0.0021808,0.0027326,0.003329
300.0,1.2341E-7,7.8408E-7,4.1782E-6,1.8674E-5,7.0002E-5,2.201E-4,5.8045E-4,0.001284,0.0019,0.0023821,0.0029036
350.0,1.0859E-7,6.9077E-7,3.6853E-6,1.6491E-5,6.1892E-5,1.9483E-4,5.1442E-4,0.0011392,0.001687,0.0021161,0.0025806
400.0,9.7013E-8,6.1773E-7,3.2991E-6,1.4778E-5,5.5519E-5,1.7495E-4,4.6239E-4,0.0010251,0.0015189,0.0019059,0.0023253
450.0,8.7677E-8,5.5878E-7,2.987E-6,1.3392E-5,5.0358E-5,1.5883E-4,4.2017E-4,9.3229E-4,0.0013822,0.001735,0.0021175
500.0,7.9968E-8,5.1007E-7,2.7287E-6,1.2244E-5,4.6079E-5,1.4545E-4,3.8509E-4,8.5515E-4,0.0012684,0.0015927,0.0019445
600.0,6.7935E-8,4.3392E-7,2.3246E-6,1.0445E-5,3.9365E-5,1.2443E-4,3.2991E-4,7.3363E-4,0.0010891,0.0013683,0.0016714
700.0,5.893E-8,3.7685E-7,2.0213E-6,9.093E-6,3.431E-5,1.0858E-4,2.8822E-4,6.4168E-4,9.5328E-4,0.0011982,0.0014644
800.0,5.1907E-8,3.3228E-7,1.7841E-6,8.0341E-6,3.0345E-5,9.6134E-5,2.5544E-4,5.6929E-4,8.4625E-4,0.0010642,0.001301
1000.0,4.161E-8,2.6682E-7,1.4351E-6,6.4737E-6,2.4494E-5,7.7729E-5,2.0689E-4,4.6188E-4,6.873E-4,8.6486E-4,0.0010581
1200.0,3.4387E-8,2.2082E-7,1.1893E-6,5.3725E-6,2.0356E-5,6.4689E-5,1.7242E-4,3.8547E-4,5.7408E-4,7.228E-4,8.8479E-4
1500.0,2.6824E-8,1.7254E-7,9.309E-7,4.2125E-6,1.5988E-5,5.0896E-5,1.3589E-4,3.0433E-4,4.537E-4,5.7162E-4,7.0022E-4
