PGA
r\m,4.0,4.5,5.0,5.5,6.0,6.5,7.0,7.5,7.8,8.0,8.2
0.0,0.43105,0.63946,0.87895,1.1409,1.3891,1.613,1.8433,2.0021,2.0418,2.0422,2.0427
1.0,0.35601,0.54532,0.77093,1.0253,1.2761,1.5106,1.7492,1.9141,1.9537,1.9552,1.9553
5.0,0.15758,0.28022,0.45106,0.67213,0.91792,1.1659,1.4152,1.6007,1.6601,1.6792,1.6917
10.0,0.075487,0.13874,0.23951,0.38965,0.58459,0.81237,1.0547,1.2515,1.3387,1.3846,1.4216
15.0,0.040562,0.077219,0.13895,0.23854,0.38238,0.56874,0.77925,0.98044,1.0788,1.1348,1.1852
20.0,0.024916,0.048945,0.090895,0.16191,0.27029,0.41979,0.59856,0.78396,0.88397,0.94513,1.0003
25.0,0.016758,0.033716,0.063734,0.11616,0.19931,0.31926,0.47108,0.64093,0.73771,0.80016,0.86092
30.0,0.012172,0.024857,0.047576,0.0882,0.15415,0.25246,0.38258,0.53496,0.62769,0.68874,0.74957
40.0,0.007334,0.015307,0.02991,0.056899,0.10181,0.17168,0.2703,0.39443,0.47236,0.52551,0.57999
50.0,0.0048913,0.01039,0.020653,0.040096,0.073141,0.12623,0.20412,0.30708,0.37419,0.4214,0.4708
60.0,0.0036679,0.0078916,0.01585,0.031161,0.057759,0.10142,0.16686,0.25555,0.31432,0.35622,0.40055
70.0,0.002898,0.0062952,0.01275,0.025361,0.047587,0.084581,0.14098,0.2198,0.27293,0.31154,0.35287
80.0,0.002419,0.0053042,0.010834,0.021756,0.041217,0.073931,0.12463,0.1962,0.24491,0.28053,0.31888
90.0,0.0020532,0.0045395,0.0093321,0.018915,0.036149,0.065461,0.11134,0.17677,0.22161,0.25454,0.29012
100.0,0.0017635,0.0039315,0.0081371,0.016624,0.032064,0.05849,0.10024,0.16047,0.20188,0.23246,0.26563
110.0,0.0015325,0.0034414,0.0071637,0.014724,0.02857,0.052447,0.090383,0.14535,0.18334,0.21154,0.24222
120.0,0.0013428,0.0030373,0.0063579,0.013141,0.025666,0.047349,0.081955,0.13248,0.16755,0.19362,0.22206
130.0,0.0011724,0.00267,0.005623,0.011703,0.02299,0.042649,0.074223,0.12069,0.15304,0.17718,0.20355
140.0,0.0010259,0.0023534,0.0049903,0.010447,0.020637,0.038481,0.067345,0.11005,0.13995,0.16232,0.18683
150.0,9.0025E-4,0.0020783,0.004433,0.0093317,0.018528,0.034768,0.061156,0.1004,0.12808,0.14897,0.17195
175.0,6.6265E-4,0.0015536,0.0033637,0.0071883,0.014476,0.027518,0.048938,0.081202,0.10441,0.12201,0.14149
200.0,5.0081E-4,0.0011934,0.0026234,0.0056847,0.011567,0.022194,0.039931,0.067028,0.086716,0.10172,0.11842
250.0,3.0949E-4,7.5874E-4,0.0017076,0.0037844,0.0078528,0.015322,0.028172,0.048452,0.063532,0.075168,0.088249
300.0,2.0438E-4,5.1439E-4,0.0011844,0.0026753,0.0056374,0.011191,0.021067,0.036903,0.0488,0.058072,0.068622
350.0,1.4136E-4,3.6425E-4,8.5636E-4,0.0019713,0.0042316,0.0085343,0.016317,0.029096,0.038802,0.046488,0.055261
400.0,1.0115E-4,2.6708E-4,6.4144E-4,0.0014998,0.0032683,0.0067034,0.01303,0.023553,0.031697,0.038153,0.045559
450.0,7.4597E-5,2.0145E-4,4.9442E-4,0.001172,0.0025865,0.0053666,0.01054,0.01932,0.02615,0.031531,0.037718
500.0,5.6268E-5,1.551E-4,3.8794E-4,9.326E-4,0.0020836,0.0043716,0.0087011,0.016097,0.021857,0.026458,0.031769
600.0,3.4272E-5,9.7528E-5,2.5178E-4,6.1972E-4,0.00142,0.0030486,0.0061514,0.011515,0.015897,0.019407,0.023581
700.0,2.1261E-5,6.2902E-5,1.6742E-4,4.2404E-4,9.9077E-4,0.0021638,0.0044319,0.0084284,0.011733,0.01443,0.017595
800.0,1.3851E-5,4.1985E-5,1.1468E-4,2.9668E-4,7.1118E-4,0.0015844,0.0033015,0.0063449,0.008889,0.010973,0.013432
1000.0,6.2592E-6,1.9938E-5,5.6982E-5,1.5342E-4,3.806E-4,8.8248E-4,0.0018892,0.0036815,0.0052109,0.0064643,0.0079349
1200.0,2.9823E-6,9.8344E-6,2.9078E-5,8.1019E-5,2.086E-4,4.9727E-4,0.0010923,0.0021743,0.0031027,0.003866,0.0047639
1500.0,9.9836E-7,3.4729E-6,1.0754E-5,3.1769E-5,8.559E-5,2.1386E-4,4.8753E-4,9.97E-4,0.0014412,0.0018071,0.0022365
PGV
r\m,4.0,4.5,5.0,5.5,6.0,6.5,7.0,7.5,7.8,8.0,8.2
0.0,5.6515,11.182,20.299,32.02,46.294,65.193,94.291,129.9,153.27,170.18,187.5
1.0,4.314,9.1063,17.345,28.437,42.309,60.733,88.818,123.24,145.28,160.61,175.66
5.0,1.3467,3.4384,8.0572,16.551,29.304,47.061,73.548,106.68,127.32,141.59,155.62
10.0,0.61316,1.5819,3.8956,8.7645,17.83,32.871,56.027,86.008,106.81,121.99,138.11
15.0,0.32798,0.86905,2.2135,5.2342,11.461,23.059,41.829,68.538,88.149,102.77,118.92
20.0,0.20029,0.54791,1.4456,3.538,8.123,17.171,32.632,56.17,74.407,88.424,103.77
25.0,0.13522,0.37978,1.019,2.5505,6.0084,13.118,26.008,47.113,63.857,77.22,92.568
30.0,0.099434,0.28368,0.77261,1.9575,4.679,10.45,21.547,40.219,55.807,68.344,82.958
40.0,0.061438,0.18029,0.50292,1.3069,3.1886,7.2773,15.689,30.967,43.854,54.45,67.013
50.0,0.042321,0.12696,0.36074,0.95545,2.3695,5.492,12.272,25.367,36.394,45.62,56.694
60.0,0.033244,0.10117,0.29098,0.78001,1.9574,4.5923,10.419,21.887,31.799,40.252,50.516
70.0,0.027629,0.084942,0.24619,0.66546,1.6827,3.9913,9.1461,19.585,28.735,36.563,46.135
80.0,0.024205,0.075054,0.21918,0.59624,1.5209,3.6313,8.4349,18.206,26.782,34.166,43.214
90.0,0.021723,0.067841,0.19923,0.54555,1.3988,3.3743,7.8665,17.104,25.197,32.128,40.616
100.0,0.019665,0.061844,0.18264,0.50298,1.3014,3.1555,7.3915,16.153,23.788,30.367,38.435
110.0,0.017967,0.056855,0.16879,0.46892,1.2189,2.9906,7.0341,15.369,22.665,28.958,36.682
120.0,0.016451,0.052554,0.15727,0.43924,1.1541,2.8444,6.6777,14.672,21.663,27.701,35.119
130.0,0.01497,0.048178,0.14511,0.40929,1.0811,2.6663,6.2944,13.918,20.601,26.401,33.545
140.0,0.013595,0.044222,0.13445,0.38156,1.0076,2.4994,5.9324,13.199,19.598,25.158,32.019
150.0,0.012375,0.040533,0.12396,0.35501,0.94217,2.3667,5.6476,12.623,18.801,24.202,30.895
175.0,0.0098661,0.032947,0.10257,0.29826,0.8068,2.0585,4.9642,11.238,16.823,21.693,27.739
200.0,0.008032,0.027268,0.085969,0.25292,0.69397,1.7965,4.3733,10.008,15.036,19.452,24.951
250.0,0.0055309,0.019272,0.062338,0.18658,0.52494,1.3939,3.4524,8.0997,12.534,16.431,21.318
300.0,0.0040246,0.014303,0.047176,0.14378,0.41498,1.1212,2.8626,6.8534,10.599,13.979,18.281
350.0,0.0030164,0.010944,0.036889,0.11635,0.33957,0.93124,2.4153,5.8798,9.1944,12.258,16.202
400.0,0.0022802,0.008592,0.02999,0.096058,0.28462,0.78697,2.0779,5.1156,8.1073,10.868,14.446
450.0,0.0017632,0.00678,0.0242,0.078874,0.23743,0.67098,1.7924,4.4463,7.1161,9.6517,12.98
500.0,0.0013908,0.0054479,0.019818,0.065705,0.20243,0.57876,1.5616,3.9041,6.3413,8.6422,11.677
600.0,9.0571E-4,0.003689,0.013921,0.047839,0.15251,0.44879,1.2318,3.1269,5.1052,6.9803,9.4637
700.0,6.2029E-4,0.0026135,0.010183,0.036117,0.11714,0.34902,0.97565,2.518,4.1882,5.7973,7.958
800.0,4.3767E-4,0.0019035,0.0076453,0.027952,0.093206,0.28444,0.80228,2.086,3.5,4.8729,6.7283
1000.0,2.4189E-4,0.0011008,0.0046322,0.017719,0.061854,0.19611,0.57479,1.5503,2.6791,3.8023,5.3446
1200.0,1.3401E-4,6.3928E-4,0.0028235,0.011331,0.04076,0.13257,0.3995,1.1073,1.946,2.7925,3.9748
1500.0,5.8985E-5,2.9978E-4,0.001412,0.0060551,0.022962,0.078154,0.24577,0.70969,1.2838,1.877,2.7229
SA0P01
r\m,4.0,4.5,5.0,5.5,6.0,6.5,7.0,7.5,7.8,8.0,8.2
0.0,0.45442,0.6709,0.91855,1.1878,1.4427,1.6737,1.9134,2.0788,2.1212,2.1233,2.1236
1.0,0.37603,0.57295,0.80655,1.0684,1.3265,1.569,1.8173,1.989,2.0314,2.0343,2.0343
5.0,0.16626,0.29448,0.47241,0.70145,0.95588,1.2131,1.4725,1.6652,1.7283,1.7492,1.7624
10.0,0.079455,0.14545,0.25038,0.4062,0.60815,0.8445,1.0975,1.3032,1.395,1.4434,1.4822
15.0,0.042625,0.080827,0.14504,0.24835,0.3974,0.59096,0.81069,1.0211,1.1247,1.1838,1.2369
20.0,0.026158,0.051177,0.094745,0.16829,0.28058,0.43587,0.62239,0.81617,0.92137,0.98575,1.0438
25.0,0.017581,0.03521,0.066347,0.12057,0.20661,0.33111,0.48937,0.66686,0.76856,0.83412,0.89789
30.0,0.01276,0.025935,0.049478,0.091455,0.15963,0.26158,0.39706,0.55618,0.65345,0.71752,0.78137
40.0,0.00768,0.015951,0.03106,0.058902,0.10528,0.17765,0.28013,0.40943,0.49099,0.54663,0.60366
50.0,0.0051168,0.010816,0.021423,0.041459,0.075543,0.13046,0.21125,0.31825,0.3884,0.43777,0.48947
60.0,0.0038337,0.0082075,0.016426,0.032194,0.059603,0.10472,0.17248,0.26448,0.32579,0.36956,0.41588
70.0,0.0030227,0.0065347,0.01319,0.026157,0.049024,0.087181,0.14548,0.22707,0.28241,0.32264,0.36573
80.0,0.0025209,0.0055011,0.011197,0.022418,0.042425,0.076135,0.12847,0.20249,0.25311,0.29018,0.3301
90.0,0.0021381,0.0047044,0.0096382,0.019476,0.037179,0.067358,0.11467,0.18225,0.22879,0.26301,0.3
100.0,0.0018351,0.0040713,0.0083976,0.017104,0.032953,0.060136,0.10314,0.16527,0.2082,0.23995,0.27439
110.0,0.0015933,0.0035607,0.0073872,0.015138,0.02934,0.05388,0.092916,0.14954,0.18888,0.21811,0.24994
120.0,0.0013948,0.0031399,0.0065516,0.013501,0.026337,0.048604,0.084172,0.13617,0.17244,0.19943,0.22888
130.0,0.0012169,0.0027583,0.0057903,0.012015,0.023574,0.043742,0.07616,0.12393,0.15735,0.1823,0.20957
140.0,0.0010642,0.0024296,0.005135,0.010718,0.021145,0.039434,0.069043,0.1129,0.14374,0.16683,0.19215
150.0,9.3283E-4,0.0021435,0.0045572,0.0095655,0.018967,0.035594,0.062632,0.10288,0.13139,0.15292,0.17661
175.0,6.8515E-4,0.0015991,0.0034509,0.0073537,0.014788,0.028106,0.049997,0.083,0.10683,0.12491,0.14494
200.0,5.1685E-4,0.0012261,0.0026862,0.0058042,0.011794,0.022622,0.040714,0.068374,0.088533,0.10391,0.12102
250.0,3.1793E-4,7.7618E-4,0.0017416,0.0038492,0.0079769,0.015563,0.028618,0.04922,0.064565,0.076407,0.089716
300.0,2.0914E-4,5.243E-4,0.0012038,0.0027125,0.0057105,0.011333,0.021329,0.037351,0.049405,0.058797,0.069486
350.0,1.4414E-4,3.701E-4,8.679E-4,0.0019936,0.004275,0.0086189,0.016472,0.029361,0.03916,0.046918,0.055771
400.0,1.0282E-4,2.7063E-4,6.4849E-4,0.0015134,0.0032948,0.0067544,0.013123,0.023712,0.03191,0.038408,0.04586
450.0,7.5637E-5,2.0368E-4,4.9887E-4,0.0011806,0.0026031,0.0053985,0.010597,0.019415,0.026277,0.031682,0.037895
500.0,5.6928E-5,1.5652E-4,3.9079E-4,9.3801E-4,0.0020942,0.0043916,0.0087362,0.016153,0.021932,0.026546,0.03187
600.0,3.4518E-5,9.8068E-5,2.5285E-4,6.2171E-4,0.0014238,0.0030556,0.0061629,0.011532,0.015918,0.019431,0.023606
700.0,2.1367E-5,6.3124E-5,1.6787E-4,4.2485E-4,9.9225E-4,0.0021663,0.0044355,0.0084326,0.011738,0.014434,0.017598
800.0,1.3895E-5,4.208E-5,1.1487E-4,2.9698E-4,7.1166E-4,0.001585,0.003302,0.0063444,0.0088876,0.010971,0.013428
1000.0,6.2682E-6,1.9955E-5,5.7008E-5,1.5344E-4,3.8059E-4,8.823E-4,0.0018885,0.00368,0.0052086,0.0064614,0.0079312
1200.0,2.9834E-6,9.8348E-6,2.9075E-5,8.0999E-5,2.0854E-4,4.9708E-4,0.0010919,0.0021734,0.0031014,0.0038644,0.004762
1500.0,9.9819E-7,3.4719E-6,1.0751E-5,3.1757E-5,8.5559E-5,2.1378E-4,4.8736E-4,9.9668E-4,0.0014408,0.0018065,0.0022358
SA0P02
r\m,4.0,4.5,5.0,5.5,6.0,6.5,7.0,7.5,7.8,8.0,8.2
0.0,0.7459,1.0707,1.4277,1.7945,2.1368,2.4594,2.8145,3.0624,3.139,3.1614,3.1581
1.0,0.62461,0.92407,1.2651,1.6281,1.9816,2.3254,2.6941,2.9502,3.0267,3.0486,3.0461
5.0,0.27209,0.47267,0.74416,1.0793,1.4476,1.8242,2.2096,2.4924,2.6006,2.6449,2.6663
10.0,0.12785,0.22932,0.38858,0.61902,0.91281,1.2594,1.6474,1.9648,2.1142,2.1931,2.2561
15.0,0.068047,0.12627,0.22303,0.37499,0.59209,0.87865,1.2156,1.5424,1.7114,1.8086,1.8956
20.0,0.041595,0.079485,0.14424,0.25109,0.41451,0.64461,0.92993,1.2296,1.4003,1.5053,1.6004
25.0,0.027888,0.054274,0.10011,0.17802,0.30197,0.48546,0.72611,1.0005,1.1642,1.2689,1.3706
30.0,0.020158,0.039752,0.074174,0.13403,0.23149,0.3808,0.58491,0.82983,0.98444,1.0865,1.1883
40.0,0.012075,0.02427,0.046092,0.08529,0.15105,0.25616,0.40843,0.60367,0.73111,0.8183,0.90737
50.0,0.0080042,0.01635,0.03155,0.059534,0.10744,0.18628,0.30471,0.46354,0.57218,0.64903,0.72965
60.0,0.0059728,0.012344,0.024057,0.045971,0.08424,0.14846,0.24649,0.38105,0.47488,0.54233,0.61392
70.0,0.0046479,0.0097017,0.019069,0.036857,0.068368,0.122,0.20513,0.32277,0.40631,0.46732,0.53286
80.0,0.0038623,0.008127,0.016091,0.031391,0.058818,0.10587,0.17993,0.28568,0.36111,0.41669,0.4767
90.0,0.0032655,0.0069227,0.013795,0.027139,0.051268,0.093131,0.15944,0.25513,0.3238,0.37473,0.42994
100.0,0.0027934,0.0059649,0.011961,0.02371,0.045192,0.082658,0.14246,0.22956,0.29242,0.33919,0.3901
110.0,0.0024138,0.0051889,0.010465,0.020875,0.040006,0.073599,0.12742,0.20601,0.26305,0.30576,0.35239
120.0,0.0021017,0.0045507,0.0092349,0.018519,0.035703,0.065979,0.11456,0.18606,0.23818,0.27723,0.31996
130.0,0.0018263,0.0039797,0.0081225,0.016389,0.031763,0.058954,0.10284,0.16799,0.21553,0.25121,0.29031
140.0,0.0015908,0.003489,0.0071627,0.014537,0.028304,0.052764,0.092541,0.15179,0.19516,0.22781,0.26369
150.0,0.0013842,0.0030548,0.0063062,0.012878,0.025194,0.047202,0.083143,0.13691,0.17649,0.2065,0.23957
175.0,0.0010009,0.0022433,0.0046948,0.0097225,0.019259,0.036457,0.064869,0.10793,0.14012,0.16473,0.19203
200.0,7.4493E-4,0.0016942,0.0035914,0.0075352,0.015074,0.028774,0.051821,0.087197,0.11376,0.13412,0.15678
250.0,4.4069E-4,0.0010315,0.0022414,0.004807,0.0098075,0.019089,0.035048,0.060135,0.079123,0.093768,0.11018
300.0,2.7986E-4,6.7232E-4,0.0014945,0.0032723,0.0068075,0.013452,0.025167,0.043815,0.058033,0.069096,0.081676
350.0,1.8633E-4,4.5924E-4,0.0010441,0.0023331,0.0049345,0.0098914,0.018762,0.03322,0.044304,0.053064,0.063018
400.0,1.2877E-4,3.2584E-4,7.5804E-4,0.0017235,0.0037018,0.0075268,0.014507,0.026005,0.03496,0.042031,0.050099
450.0,9.2151E-5,2.3903E-4,5.6925E-4,0.0013142,0.0028593,0.0058819,0.011443,0.02077,0.028059,0.033785,0.040332
500.0,6.7632E-5,1.7949E-4,4.3648E-4,0.0010234,0.0022568,0.004692,0.0092409,0.016922,0.022925,0.027698,0.033174
600.0,3.8634E-5,1.0696E-4,2.6976E-4,6.5158E-4,0.0014773,0.003146,0.006292,0.011673,0.016061,0.019557,0.023686
700.0,2.3201E-5,6.6781E-5,1.7484E-4,4.357E-4,0.0010088,0.0021862,0.004442,0.0083811,0.011631,0.01427,0.017354
800.0,1.4673E-5,4.3596E-5,1.1733E-4,2.9958E-4,7.1219E-4,0.0015754,0.0032606,0.0062274,0.0087035,0.010726,0.013105
1000.0,6.4166E-6,2.0137E-5,5.6956E-5,1.5206E-4,3.7506E-4,8.6521E-4,0.0018444,0.0035834,0.0050667,0.0062819,0.0077071
1200.0,2.9816E-6,9.7406E-6,2.8643E-5,7.9453E-5,2.0406E-4,4.8539E-4,0.0010644,0.0021171,0.0030216,0.0037657,0.0046415
1500.0,9.8438E-7,3.4083E-6,1.0534E-5,3.107E-5,8.3687E-5,2.0908E-4,4.7674E-4,9.7574E-4,0.0014117,0.0017711,0.0021935
SA0P025
r\m,4.0,4.5,5.0,5.5,6.0,6.5,7.0,7.5,7.8,8.0,8.2
0.0,0.8554,1.2262,1.6293,2.0366,2.4133,2.7703,3.1682,3.4463,3.5357,3.5671,3.5613
1.0,0.71732,1.0607,1.4476,1.8528,2.2443,2.6265,3.0398,3.3264,3.4158,3.446,3.4417
5.0,0.31013,0.53989,0.85013,1.2296,1.6445,2.0678,2.5005,2.8163,2.9418,2.9956,3.0197
10.0,0.14528,0.26097,0.44234,0.70338,1.0344,1.4245,1.8644,2.2244,2.3956,2.4863,2.5587
15.0,0.077398,0.14368,0.2537,0.42557,0.67024,0.9937,1.3763,1.7477,1.9419,2.0539,2.1541
20.0,0.047377,0.090471,0.16389,0.28438,0.46857,0.72853,1.0526,1.3933,1.5894,1.71,1.8195
25.0,0.031808,0.061757,0.11365,0.20129,0.34072,0.54788,0.82105,1.1333,1.3211,1.4409,1.5572
30.0,0.023005,0.045225,0.084152,0.15139,0.26086,0.42927,0.66066,0.93927,1.1162,1.233,1.3494
40.0,0.013797,0.027616,0.052247,0.096182,0.16998,0.28846,0.46068,0.68193,0.82738,0.92687,1.0284
50.0,0.0091541,0.018608,0.035746,0.067076,0.12076,0.20945,0.34311,0.52254,0.64644,0.73409,0.82602
60.0,0.0068371,0.014053,0.027256,0.051784,0.094644,0.16679,0.27716,0.42876,0.53557,0.61243,0.69398
70.0,0.0053174,0.011031,0.021568,0.04143,0.076637,0.13676,0.23015,0.36238,0.45733,0.52667,0.60118
80.0,0.0044249,0.009247,0.018201,0.035279,0.065919,0.11864,0.20178,0.32052,0.40608,0.46917,0.53728
90.0,0.0037466,0.0078833,0.015613,0.030503,0.057449,0.10434,0.17867,0.28598,0.36379,0.42156,0.4842
100.0,0.0032088,0.0067962,0.01354,0.026645,0.050622,0.092563,0.15952,0.25704,0.3282,0.3812,0.43887
110.0,0.0027743,0.0059123,0.011844,0.023452,0.044788,0.082363,0.14255,0.23038,0.29486,0.3432,0.39596
120.0,0.0024161,0.0051843,0.01045,0.020796,0.039943,0.073775,0.12799,0.20777,0.26662,0.31075,0.35903
130.0,0.0021005,0.0045338,0.0091882,0.01839,0.0355,0.06583,0.11472,0.18729,0.24086,0.28108,0.32516
140.0,0.0018304,0.0039743,0.0080968,0.016299,0.031595,0.05883,0.10307,0.16893,0.21768,0.2544,0.29475
150.0,0.0015914,0.0034756,0.0071174,0.014416,0.028075,0.052515,0.092385,0.15198,0.19634,0.22998,0.26704
175.0,0.0011488,0.0025461,0.0052812,0.010839,0.021355,0.040326,0.071645,0.11909,0.15494,0.18236,0.21278
200.0,8.5386E-4,0.001918,0.004024,0.0083609,0.016631,0.031655,0.056937,0.095709,0.1251,0.14762,0.1727
250.0,5.0096E-4,0.0011564,0.0024853,0.005272,0.01069,0.020767,0.038049,0.065117,0.085703,0.10156,0.11931
300.0,3.154E-4,7.462E-4,0.0016387,0.0035479,0.0073438,0.014473,0.026971,0.046774,0.061935,0.073715,0.087099
350.0,2.0796E-4,5.0451E-4,0.0011328,0.0025022,0.0052591,0.010506,0.019837,0.034972,0.046607,0.055788,0.066194
400.0,1.4233E-4,3.543E-4,8.1381E-4,0.001829,0.003903,0.0078991,0.015149,0.027024,0.036288,0.043588,0.051892
450.0,1.0096E-4,2.5759E-4,6.0561E-4,0.0013818,0.0029862,0.0061135,0.011828,0.021347,0.028796,0.034639,0.041299
500.0,7.3447E-5,1.9174E-4,4.6037E-4,0.0010667,0.002337,0.0048337,0.0094607,0.01722,0.023292,0.028107,0.033613
600.0,4.0909E-5,1.1174E-4,2.7847E-4,6.6591E-4,0.0015009,0.0031802,0.0063243,0.011665,0.016013,0.019467,0.023528
700.0,2.4252E-5,6.8769E-5,1.7839E-4,4.4037E-4,0.0010139,0.0021858,0.0044168,0.0082874,0.011474,0.014054,0.017058
800.0,1.5129E-5,4.4422E-5,1.1847E-4,2.9996E-4,7.0909E-4,0.0015605,0.0032131,0.0061066,0.0085182,0.010483,0.012787
1000.0,6.5084E-6,2.0217E-5,5.676E-5,1.5058E-4,3.6969E-4,8.4908E-4,0.001803,0.0034922,0.004932,0.0061108,0.0074923
1200.0,2.9775E-6,9.6536E-6,2.8254E-5,7.8061E-5,1.9998E-4,4.7456E-4,0.0010384,0.0020628,0.0029437,0.0036686,0.004522
1500.0,9.7309E-7,3.353E-6,1.0339E-5,3.0438E-5,8.1927E-5,2.0454E-4,4.6621E-4,9.5445E-4,0.0013818,0.0017345,0.0021492
SA0P03
r\m,4.0,4.5,5.0,5.5,6.0,6.5,7.0,7.5,7.8,8.0,8.2
0.0,0.9232,1.3279,1.7651,2.2022,2.6031,2.9828,3.4075,3.704,3.8012,3.8389,3.8307
1.0,0.77398,1.1498,1.5706,2.0074,2.4259,2.8333,3.2743,3.5793,3.6766,3.7127,3.7065
5.0,0.33233,0.58201,0.91981,1.3315,1.7798,2.2348,2.6974,3.0336,3.17,3.2302,3.2558
10.0,0.15552,0.28092,0.47776,0.76056,1.1179,1.5375,2.0113,2.3986,2.5838,2.682,2.7604
15.0,0.083075,0.1549,0.27423,0.46025,0.72437,1.0731,1.4859,1.8863,2.0967,2.2182,2.3268
20.0,0.05098,0.097685,0.17724,0.30748,0.50639,0.78692,1.137,1.5045,1.717,1.8478,1.9666
25.0,0.034304,0.066753,0.12297,0.21764,0.36812,0.59173,0.88687,1.2243,1.4278,1.5574,1.6831
30.0,0.024847,0.048928,0.09111,0.16371,0.28181,0.46362,0.71363,1.0148,1.2064,1.3328,1.4588
40.0,0.014938,0.029927,0.056618,0.10404,0.18373,0.31172,0.49779,0.73665,0.89412,1.0017,1.1115
50.0,0.0099334,0.020197,0.038774,0.072602,0.13057,0.22634,0.37074,0.56433,0.69857,0.79346,0.89294
60.0,0.007434,0.015276,0.029598,0.056103,0.10241,0.18034,0.29951,0.46296,0.5787,0.66196,0.75024
70.0,0.005792,0.012003,0.023433,0.044889,0.08291,0.14786,0.24869,0.39124,0.49418,0.56931,0.64998
80.0,0.0048323,0.010081,0.019803,0.038266,0.071391,0.1284,0.21822,0.34629,0.43906,0.50745,0.58121
90.0,0.0041019,0.0086112,0.017016,0.033126,0.06228,0.11302,0.19334,0.30912,0.39353,0.45619,0.52409
100.0,0.0035212,0.007436,0.014775,0.028964,0.054921,0.10033,0.17269,0.27791,0.35515,0.41265,0.47519
110.0,0.0030498,0.0064766,0.012936,0.025515,0.048619,0.08932,0.15437,0.2491,0.3191,0.37157,0.42879
120.0,0.0026596,0.0056848,0.011423,0.022639,0.043378,0.080032,0.13861,0.22464,0.28852,0.33642,0.38879
130.0,0.0023156,0.0049765,0.010051,0.020025,0.038555,0.071398,0.12419,0.20241,0.26055,0.30418,0.35194
140.0,0.0020206,0.0043661,0.0088602,0.01775,0.034308,0.063782,0.11153,0.18248,0.23532,0.27513,0.31882
150.0,0.0017577,0.0038184,0.007786,0.015694,0.030469,0.056887,0.099873,0.16398,0.21201,0.24841,0.28848
175.0,0.0012703,0.002798,0.0057734,0.011782,0.023125,0.04356,0.077222,0.12812,0.16682,0.19642,0.22923
200.0,9.4523E-4,0.0021075,0.0043931,0.0090694,0.017965,0.0341,0.061209,0.10269,0.13431,0.15855,0.1855
250.0,5.5316E-4,0.0012652,0.0026988,0.0056806,0.011463,0.022222,0.040607,0.069281,0.091145,0.10797,0.12677
300.0,3.4698E-4,8.1204E-4,0.0017677,0.003795,0.0078232,0.015375,0.028534,0.049282,0.065203,0.077555,0.09157
350.0,2.2762E-4,5.4566E-4,0.0012136,0.0026564,0.005554,0.011058,0.02078,0.03647,0.048548,0.058063,0.06882
400.0,1.5489E-4,3.8064E-4,8.6545E-4,0.0019268,0.0040887,0.0082376,0.015719,0.027898,0.037409,0.044885,0.053365
450.0,1.0928E-4,2.751E-4,6.3991E-4,0.0014457,0.0031054,0.0063274,0.012173,0.021842,0.029414,0.035345,0.042083
500.0,7.9049E-5,2.0352E-4,4.8333E-4,0.0011085,0.0024138,0.0049666,0.0096592,0.017473,0.023593,0.028432,0.033948
600.0,4.3171E-5,1.165E-4,2.8717E-4,6.8037E-4,0.0015246,0.0032136,0.0063526,0.011645,0.015947,0.019351,0.023335
700.0,2.5342E-5,7.0852E-5,1.8219E-4,4.4558E-4,0.0010201,0.0021868,0.0043922,0.0081911,0.011311,0.013829,0.016748
800.0,1.5628E-5,4.5354E-5,1.1986E-4,3.0089E-4,7.0701E-4,0.0015469,0.0031666,0.0059842,0.0083278,0.010231,0.012456
1000.0,6.6263E-6,2.0361E-5,5.671E-5,1.494E-4,3.6483E-4,8.3345E-4,0.0017612,0.0033973,0.0047902,0.0059291,0.0072625
1200.0,2.9848E-6,9.5935E-6,2.7922E-5,7.6767E-5,1.9602E-4,4.6361E-4,0.0010113,0.0020044,0.002859,0.0035624,0.0043903
1500.0,9.6468E-7,3.3034E-6,1.0154E-5,2.9808E-5,8.0119E-5,1.9974E-4,4.5471E-4,9.306E-4,0.001348,0.0016928,0.0020984
SA0P04
r\m,4.0,4.5,5.0,5.5,6.0,6.5,7.0,7.5,7.8,8.0,8.2
0.0,0.95867,1.3982,1.8721,2.3433,2.7691,3.1664,3.6071,3.9129,4.0133,4.0559,4.0439
1.0,0.80124,1.2102,1.668,2.1406,2.5868,3.0138,3.4705,3.7843,3.8851,3.9258,3.9164
5.0,0.33999,0.60588,0.96965,1.4147,1.8964,2.3777,2.8594,3.2074,3.3495,3.4141,3.4396
10.0,0.15935,0.29271,0.50347,0.80731,1.19,1.6346,2.132,2.5371,2.7306,2.8334,2.9158
15.0,0.085765,0.16231,0.29017,0.48991,0.77265,1.1432,1.5785,1.9983,2.2191,2.3466,2.4607
20.0,0.052971,0.10285,0.18825,0.32815,0.54131,0.83994,1.2102,1.5968,1.8202,1.9575,2.0824
25.0,0.035841,0.070587,0.13107,0.23292,0.39442,0.63294,0.94578,1.302,1.5162,1.6523,1.7843
30.0,0.026072,0.051914,0.097402,0.17562,0.30255,0.49686,0.76253,1.0811,1.2831,1.416,1.5484
40.0,0.015778,0.031936,0.06082,0.11208,0.19806,0.33539,0.5338,0.78697,0.95355,1.0671,1.1828
50.0,0.010557,0.021664,0.04183,0.078499,0.14122,0.24421,0.39872,0.60456,0.74708,0.84757,0.95271
60.0,0.0079442,0.016462,0.032063,0.06089,0.11115,0.19521,0.32304,0.49722,0.62051,0.70899,0.80262
70.0,0.0062351,0.013011,0.025505,0.048916,0.090315,0.16065,0.26921,0.42168,0.53187,0.61206,0.69799
80.0,0.0052374,0.010991,0.021664,0.041886,0.078102,0.14008,0.23717,0.37466,0.4743,0.54757,0.62644
90.0,0.0044753,0.0094414,0.018708,0.036418,0.068406,0.12379,0.21085,0.33555,0.42654,0.49395,0.56681
100.0,0.0038653,0.008194,0.016315,0.031964,0.060531,0.11025,0.18892,0.30253,0.38609,0.44814,0.51547
110.0,0.0033654,0.0071675,0.014338,0.028255,0.053754,0.098454,0.16936,0.27189,0.34784,0.40462,0.4664
120.0,0.0029484,0.0063155,0.012706,0.025148,0.048092,0.088452,0.15241,0.24572,0.31522,0.3672,0.42389
130.0,0.0025784,0.0055486,0.011214,0.022297,0.042832,0.079044,0.13677,0.22175,0.28511,0.33251,0.38429
140.0,0.0022595,0.0048841,0.0099096,0.019805,0.038175,0.070711,0.123,0.20015,0.25779,0.30111,0.34854
150.0,0.0019717,0.0042815,0.0087227,0.017536,0.033943,0.063118,0.11021,0.17994,0.23236,0.272,0.31554
175.0,0.0014352,0.0031541,0.0064916,0.013195,0.025793,0.048351,0.085237,0.14064,0.18292,0.2152,0.25087
200.0,0.0010749,0.0023861,0.0049509,0.010166,0.020042,0.037847,0.06756,0.11271,0.14726,0.17369,0.203
250.0,6.3268E-4,0.0014355,0.0030406,0.006349,0.012735,0.024573,0.044619,0.07559,0.09921,0.11734,0.13753
300.0,3.9783E-4,9.2043E-4,0.0019842,0.0042183,0.0086472,0.016898,0.031104,0.05327,0.070283,0.083431,0.09831
350.0,2.6077E-4,6.1638E-4,0.0013549,0.0029317,0.006083,0.012031,0.022401,0.03896,0.051697,0.061693,0.072941
400.0,1.7695E-4,4.2769E-4,9.5928E-4,0.0021085,0.004436,0.0088625,0.016744,0.029422,0.03931,0.047047,0.055775
450.0,1.2448E-4,3.076E-4,7.0475E-4,0.0015694,0.0033385,0.0067411,0.012827,0.022757,0.030526,0.03659,0.043443
500.0,8.9641E-5,2.2618E-4,5.2846E-4,0.0011931,0.0025715,0.0052387,0.010063,0.017985,0.024188,0.029067,0.034592
600.0,4.7767E-5,1.2644E-4,3.0617E-4,7.1421E-4,0.0015837,0.0033036,0.0064517,0.011681,0.01591,0.019234,0.023086
700.0,2.772E-5,7.5655E-5,1.9159E-4,4.6092E-4,0.0010436,0.0022116,0.0043863,0.0080758,0.011088,0.0135,0.016273
800.0,1.6816E-5,4.7789E-5,1.242E-4,3.0679E-4,7.1216E-4,0.0015392,0.0031104,0.0058044,0.0080332,0.0098308,0.011916
1000.0,6.9756E-6,2.0983E-5,5.7511E-5,1.4933E-4,3.6036E-4,8.1305E-4,0.0016977,0.0032416,0.0045499,0.0056158,0.0068592
1200.0,3.0565E-6,9.6412E-6,2.7712E-5,7.5323E-5,1.9071E-4,4.4702E-4,9.6647E-4,0.0019023,0.0027076,0.0033695,0.0041475
1500.0,9.6591E-7,3.2574E-6,9.9275E-6,2.8907E-5,7.7325E-5,1.9172E-4,4.3426E-4,8.8608E-4,0.0012837,0.0016123,0.0019992
SA0P05
r\m,4.0,4.5,5.0,5.5,6.0,6.5,7.0,7.5,7.8,8.0,8.2
0.0,0.91831,1.3626,1.8448,2.3271,2.7583,3.1519,3.5794,3.8739,3.9678,4.0086,3.9941
1.0,0.76411,1.1773,1.6436,2.1275,2.5793,3.0016,3.4437,3.7453,3.8401,3.8791,3.8674
5.0,0.32118,0.58347,0.94784,1.3986,1.885,2.3626,2.8318,3.1693,3.3049,3.3669,3.3904
10.0,0.15107,0.28282,0.49303,0.79854,1.1833,1.6251,2.1111,2.5049,2.6915,2.7907,2.8707
15.0,0.081982,0.15788,0.2857,0.48664,0.7708,1.1393,1.5666,1.9754,2.1889,2.3122,2.4227
20.0,0.050977,0.10061,0.18631,0.32744,0.54195,0.83951,1.204,1.5819,1.7986,1.9316,2.0527
25.0,0.034689,0.069417,0.13036,0.23347,0.39654,0.63486,0.94381,1.2932,1.5016,1.6338,1.762
30.0,0.025352,0.05127,0.09727,0.17668,0.30519,0.49993,0.76335,1.0767,1.2737,1.403,1.5317
40.0,0.015452,0.031752,0.06113,0.11347,0.20099,0.33936,0.53719,0.78742,0.95085,1.062,1.1751
50.0,0.010409,0.021671,0.042275,0.079878,0.14401,0.24822,0.40314,0.60778,0.74829,0.84703,0.95015
60.0,0.007879,0.016557,0.032567,0.062257,0.11387,0.19931,0.32808,0.50203,0.62421,0.71159,0.80383
70.0,0.0062411,0.01319,0.026091,0.050344,0.093103,0.16504,0.27509,0.42829,0.53822,0.61794,0.70316
80.0,0.0052805,0.011217,0.022297,0.043356,0.080956,0.14469,0.24363,0.38248,0.48245,0.5557,0.63434
90.0,0.0045441,0.0096963,0.019368,0.037898,0.071268,0.1285,0.21764,0.34419,0.43594,0.50366,0.57666
100.0,0.0039507,0.0084641,0.016979,0.033425,0.063353,0.11497,0.19586,0.31166,0.39631,0.45895,0.52673
110.0,0.0034604,0.0074428,0.014993,0.029682,0.056504,0.10311,0.17632,0.28125,0.35856,0.41612,0.47856
120.0,0.0030483,0.0065901,0.013347,0.026529,0.050754,0.092999,0.15928,0.25514,0.32616,0.37908,0.43663
130.0,0.0026792,0.0058156,0.011827,0.023604,0.045352,0.083368,0.14337,0.23095,0.29592,0.34435,0.39709
140.0,0.0023594,0.0051405,0.010489,0.021034,0.04054,0.074792,0.1293,0.20903,0.26832,0.31271,0.36118
150.0,0.0020681,0.0045233,0.0092622,0.01868,0.036145,0.066938,0.11616,0.18838,0.24246,0.28321,0.32785
175.0,0.0015203,0.0033601,0.0069418,0.014139,0.027613,0.051532,0.090274,0.14797,0.19184,0.2252,0.26196
200.0,0.0011488,0.0025606,0.0053252,0.010946,0.021548,0.040501,0.071835,0.11902,0.15504,0.1825,0.21287
250.0,6.8528E-4,0.0015561,0.0032959,0.006874,0.01375,0.026406,0.047612,0.080058,0.1047,0.12356,0.1445
300.0,4.3507E-4,0.0010044,0.0021599,0.0045775,0.0093541,0.01818,0.033196,0.056391,0.07412,0.087768,0.10316
350.0,2.871E-4,6.7523E-4,0.0014775,0.0031809,0.0065691,0.012913,0.023834,0.04109,0.05431,0.064642,0.076219
400.0,1.9566E-4,4.6928E-4,0.0010455,0.0022832,0.004776,0.0094709,0.017726,0.030855,0.041053,0.048996,0.057912
450.0,1.3815E-4,3.3797E-4,7.6775E-4,0.0016953,0.0035812,0.007172,0.013508,0.023714,0.031672,0.037864,0.044826
500.0,9.9646E-5,2.4842E-4,5.746E-4,0.0012843,0.0027463,0.0055441,0.010529,0.018607,0.024918,0.029856,0.035419
600.0,5.2581E-5,1.3735E-4,3.2838E-4,7.5736E-4,0.0016646,0.0034383,0.0066368,0.011874,0.016083,0.019371,0.023147
700.0,3.0419E-5,8.1515E-5,2.0399E-4,4.8431E-4,0.0010857,0.0022752,0.0044568,0.008102,0.011057,0.013404,0.016081
800.0,1.8291E-5,5.1103E-5,1.3097E-4,3.1905E-4,7.3221E-4,0.0015631,0.0031173,0.0057418,0.0078984,0.0096245,0.01161
1000.0,7.4881E-6,2.21E-5,5.9675E-5,1.5281E-4,3.6433E-4,8.1103E-4,0.001671,0.0031529,0.0044005,0.0054118,0.0065861
1200.0,3.2116E-6,9.9443E-6,2.8215E-5,7.5757E-5,1.8992E-4,4.4028E-4,9.4126E-4,0.0018353,0.0026028,0.003232,0.0039694
1500.0,9.9504E-7,3.2987E-6,9.95E-6,2.8678E-5,7.6169E-5,1.8731E-4,4.2085E-4,8.5361E-4,0.0012351,0.00155,0.0019206
SA0P075
r\m,4.0,4.5,5.0,5.5,6.0,6.5,7.0,7.5,7.8,8.0,8.2
0.0,0.74003,1.1446,1.5952,2.0598,2.4702,2.8245,3.1852,3.4285,3.4971,3.5248,3.5083
1.0,0.60901,0.98307,1.4179,1.882,2.3095,2.6866,3.0577,3.3061,3.3764,3.4033,3.3893
5.0,0.25181,0.47761,0.80326,1.2202,1.6702,2.0959,2.4953,2.781,2.8869,2.9346,2.9513
10.0,0.11963,0.23388,0.42069,0.69893,1.0515,1.446,1.859,2.1897,2.3414,2.4224,2.4884
15.0,0.066098,0.13263,0.24704,0.43068,0.69086,1.0197,1.3863,1.7301,1.905,2.0057,2.0966
20.0,0.041694,0.0856,0.16323,0.29343,0.4905,0.75677,1.0717,1.3925,1.5712,1.6807,1.7803
25.0,0.028714,0.059813,0.11565,0.21182,0.36312,0.57793,0.84695,1.1457,1.3187,1.4285,1.5352
30.0,0.021203,0.044618,0.087164,0.16185,0.28207,0.459,0.69081,0.96045,1.1255,1.2333,1.3405
40.0,0.013122,0.028067,0.055664,0.10568,0.18871,0.3161,0.49286,0.71126,0.85044,0.94449,1.0404
50.0,0.0089712,0.019429,0.039016,0.075385,0.13696,0.23404,0.37462,0.5562,0.67726,0.76168,0.84946
60.0,0.0068789,0.01503,0.030418,0.059443,0.10955,0.19012,0.3085,0.46491,0.57158,0.6472,0.72662
70.0,0.0055701,0.012217,0.024831,0.048953,0.091165,0.16017,0.26311,0.40316,0.50078,0.57101,0.64565
80.0,0.0047878,0.010548,0.021537,0.042762,0.080364,0.14233,0.23612,0.36474,0.45484,0.52028,0.59011
90.0,0.004184,0.0092499,0.018965,0.03787,0.071649,0.12799,0.21357,0.33229,0.41607,0.4773,0.54287
100.0,0.0036911,0.0081838,0.016837,0.033807,0.06444,0.11585,0.19442,0.30435,0.38256,0.43989,0.50152
110.0,0.0032776,0.0072878,0.015046,0.030372,0.058127,0.10508,0.17701,0.27779,0.35009,0.40335,0.46072
120.0,0.0029246,0.0065299,0.013545,0.027441,0.052766,0.095784,0.1616,0.25469,0.32181,0.37135,0.42484
130.0,0.0026005,0.0058245,0.012124,0.024646,0.047584,0.086654,0.1468,0.23261,0.29464,0.34042,0.38995
140.0,0.002316,0.0052012,0.010853,0.022159,0.042903,0.078413,0.13352,0.21233,0.26947,0.31185,0.35781
150.0,0.0020534,0.0046246,0.0096759,0.019858,0.03859,0.070806,0.12103,0.19301,0.24566,0.285,0.32779
175.0,0.001548,0.0035143,0.0074048,0.015326,0.030042,0.055548,0.095819,0.15445,0.19803,0.2308,0.26665
200.0,0.001197,0.0027338,0.0057876,0.012071,0.023834,0.044376,0.077444,0.12608,0.16251,0.19004,0.22027
250.0,7.4393E-4,0.0017216,0.003696,0.0077938,0.0156,0.029624,0.052511,0.086747,0.11227,0.13167,0.15307
300.0,4.8832E-4,0.001143,0.0024812,0.0052961,0.010802,0.02074,0.037216,0.06209,0.080747,0.094973,0.1109
350.0,3.3142E-4,7.8592E-4,0.0017282,0.0037322,0.0076752,0.01489,0.026979,0.045625,0.059666,0.070529,0.082598
400.0,2.3115E-4,5.5581E-4,0.0012386,0.0027037,0.0056195,0.01098,0.020145,0.034361,0.04522,0.053591,0.0629
450.0,1.6669E-4,4.0671E-4,9.2017E-4,0.0020218,0.0042313,0.0083333,0.015362,0.026384,0.034851,0.041392,0.048677
500.0,1.2223E-4,3.0246E-4,6.9401E-4,0.0015373,0.0032483,0.0064368,0.011941,0.020615,0.027313,0.032498,0.038275
600.0,6.5243E-5,1.6804E-4,3.955E-4,8.9884E-4,0.0019452,0.003935,0.007407,0.012918,0.017273,0.020628,0.024411
700.0,3.8234E-5,9.9935E-5,2.4574E-4,5.7163E-4,0.0012572,0.0025709,0.0049002,0.0086624,0.011653,0.013988,0.016603
800.0,2.299E-5,6.2552E-5,1.5663E-4,3.7244E-4,8.3511E-4,0.0017345,0.0033558,0.0059977,0.0081269,0.0098,0.011688
1000.0,9.3635E-6,2.6694E-5,7.0025E-5,1.7435E-4,4.0458E-4,8.721E-4,0.0017379,0.0031799,0.0043693,0.0053193,0.0064076
1200.0,3.9104E-6,1.1652E-5,3.2114E-5,8.3807E-5,2.0475E-4,4.6064E-4,9.5417E-4,0.0018091,0.0025339,0.0031217,0.0038034
1500.0,1.1757E-6,3.7415E-6,1.098E-5,3.0764E-5,7.9898E-5,1.9129E-4,4.1818E-4,8.2912E-4,0.0011903,0.0014861,0.0018321
SA0P1
r\m,4.0,4.5,5.0,5.5,6.0,6.5,7.0,7.5,7.8,8.0,8.2
0.0,0.58668,0.9406,1.343,1.77,2.1468,2.4586,2.7576,2.9557,3.0037,3.0199,3.0038
1.0,0.47866,0.80363,1.1904,1.6148,2.0045,2.3337,2.6399,2.842,2.8921,2.9084,2.8944
5.0,0.19591,0.38511,0.66542,1.035,1.4356,1.8047,2.1386,2.3769,2.4576,2.4926,2.5044
10.0,0.093824,0.19024,0.35071,0.5948,0.90654,1.2489,1.5921,1.8642,1.9851,2.0498,2.1032
15.0,0.052525,0.10918,0.20811,0.36985,0.5999,0.88468,1.1914,1.4745,1.6145,1.6951,1.7682
20.0,0.033475,0.071142,0.13896,0.25467,0.42941,0.66046,0.9254,1.1913,1.3353,1.4234,1.5036
25.0,0.02325,0.050199,0.099451,0.18575,0.3211,0.50857,0.7362,0.98509,1.1253,1.2145,1.3014
30.0,0.017299,0.037735,0.07556,0.14308,0.2514,0.40682,0.60472,0.83042,0.9653,1.0531,1.1403
40.0,0.010824,0.02402,0.048875,0.094714,0.17041,0.2835,0.43631,0.62143,0.73668,0.81425,0.8935
50.0,0.0074809,0.016808,0.034625,0.068297,0.125,0.21206,0.3352,0.49131,0.59244,0.66257,0.73529
60.0,0.0057902,0.013125,0.027247,0.054355,0.10093,0.17391,0.27879,0.4148,0.50487,0.5683,0.63466
70.0,0.0047691,0.010842,0.022594,0.04547,0.085288,0.14871,0.24126,0.36474,0.4483,0.50805,0.57131
80.0,0.0041472,0.0094709,0.019828,0.040183,0.076028,0.13363,0.21886,0.3335,0.41158,0.46789,0.52772
90.0,0.0036655,0.0083968,0.017646,0.03596,0.06849,0.12139,0.20001,0.30694,0.38032,0.43349,0.49017
100.0,0.0032687,0.0075065,0.015823,0.032422,0.062197,0.11093,0.18383,0.28385,0.35298,0.40328,0.45709
110.0,0.0029328,0.0067516,0.014277,0.029407,0.056638,0.10159,0.16898,0.26161,0.32617,0.37329,0.4238
120.0,0.002643,0.006107,0.012971,0.02681,0.051879,0.093439,0.15569,0.24206,0.30253,0.34678,0.39432
130.0,0.002371,0.0054937,0.011706,0.024273,0.047161,0.085225,0.14259,0.22285,0.27921,0.32048,0.3649
140.0,0.0021299,0.0049461,0.010561,0.021992,0.042851,0.077725,0.1307,0.20499,0.25737,0.29591,0.33747
150.0,0.001906,0.0044368,0.0094966,0.019872,0.038861,0.070784,0.11948,0.18789,0.23661,0.27275,0.31186
175.0,0.0014667,0.0034376,0.0074046,0.01562,0.030814,0.056588,0.096372,0.15315,0.19423,0.22484,0.2581
200.0,0.0011558,0.0027225,0.0058893,0.012514,0.024861,0.045975,0.079136,0.1269,0.16188,0.18809,0.21673
250.0,7.4551E-4,0.0017745,0.0038835,0.0083313,0.016756,0.031528,0.05509,0.089693,0.11495,0.13406,0.15504
300.0,5.0528E-4,0.0012135,0.0026801,0.0058059,0.011864,0.022563,0.03994,0.065702,0.084602,0.098903,0.11482
350.0,3.5312E-4,8.5624E-4,0.00191,0.0041754,0.008596,0.01651,0.029496,0.049136,0.063632,0.074751,0.087032
400.0,2.5278E-4,6.1925E-4,0.0013954,0.003076,0.0063903,0.012357,0.022329,0.037498,0.04886,0.057548,0.067148
450.0,1.8684E-4,4.6277E-4,0.0010554,0.0023338,0.0048714,0.0094783,0.017196,0.029055,0.038003,0.044877,0.052484
500.0,1.3996E-4,3.5032E-4,8.0779E-4,0.0017954,0.0037743,0.0073797,0.013457,0.022837,0.029974,0.035453,0.041515
600.0,7.7205E-5,1.9973E-4,4.6937E-4,0.0010639,0.0022827,0.0045465,0.0083968,0.014368,0.019005,0.022543,0.026483
700.0,4.6419E-5,1.2097E-4,2.9582E-4,6.8266E-4,0.0014832,0.0029773,0.0055568,0.0096155,0.01278,0.015219,0.017916
800.0,2.8373E-5,7.6653E-5,1.8993E-4,4.461E-4,9.8468E-4,0.0020023,0.0037821,0.0065995,0.008827,0.010551,0.012467
1000.0,1.1771E-5,3.3038E-5,8.5177E-5,2.0825E-4,4.7351E-4,9.9404E-4,0.0019251,0.0034292,0.0046436,0.0055999,0.006681
1200.0,4.9237E-6,1.4352E-5,3.8732E-5,9.8889E-5,2.3619E-4,5.1683E-4,0.0010392,0.0019169,0.0026488,0.0032349,0.0039065
1500.0,1.4747E-6,4.5603E-6,1.3067E-5,3.5682E-5,9.0555E-5,2.1076E-4,4.4724E-4,8.6372E-4,0.0012262,0.0015198,0.0018601
SA0P15
r\m,4.0,4.5,5.0,5.5,6.0,6.5,7.0,7.5,7.8,8.0,8.2
0.0,0.38981,0.67088,0.99621,1.3534,1.6695,1.9177,2.1357,2.2762,2.3011,2.3045,2.2906
1.0,0.3145,0.56901,0.87931,1.2312,1.5548,1.8135,2.0356,2.1789,2.2063,2.2109,2.1983
5.0,0.12723,0.26816,0.48308,0.7769,1.098,1.3844,1.6311,1.807,1.8579,1.8782,1.8846
10.0,0.061583,0.13403,0.25687,0.44861,0.69647,0.9624,1.2129,1.4089,1.4917,1.5362,1.5737
15.0,0.035042,0.078106,0.15453,0.28236,0.46535,0.68576,0.91166,1.1154,1.212,1.2675,1.3183
20.0,0.022618,0.051521,0.10464,0.19726,0.33684,0.516,0.71241,0.9056,1.0058,1.0671,1.1229
25.0,0.015876,0.036818,0.075895,0.14593,0.25541,0.40188,0.57191,0.75386,0.85223,0.91515,0.97666
30.0,0.011924,0.027952,0.058281,0.11365,0.20216,0.32467,0.47429,0.64024,0.73593,0.79798,0.85977
40.0,0.0075638,0.018065,0.038344,0.076654,0.1395,0.2299,0.34745,0.48597,0.56926,0.62507,0.68235
50.0,0.0052983,0.012817,0.02755,0.056087,0.10383,0.17441,0.27087,0.39002,0.4639,0.5148,0.56743
60.0,0.0041489,0.010129,0.021944,0.045191,0.084903,0.14488,0.22835,0.33385,0.40059,0.44719,0.49576
70.0,0.0034939,0.0085512,0.018591,0.038644,0.073321,0.12651,0.20168,0.29928,0.3623,0.40706,0.45422
80.0,0.003083,0.0075831,0.016571,0.034691,0.066362,0.11541,0.18566,0.27759,0.3375,0.38032,0.4256
90.0,0.002764,0.0068187,0.014955,0.031489,0.060636,0.10631,0.17209,0.25909,0.31618,0.3571,0.40047
100.0,0.0024988,0.0061786,0.013591,0.028776,0.055802,0.098446,0.16027,0.24282,0.29727,0.3365,0.37822
110.0,0.0022721,0.005631,0.012423,0.026444,0.051491,0.091356,0.14931,0.22685,0.2784,0.31557,0.35516
120.0,0.0020741,0.005158,0.011427,0.024412,0.047763,0.085102,0.13937,0.21264,0.26149,0.29686,0.33461
130.0,0.0018819,0.0046924,0.010428,0.022353,0.043918,0.078538,0.12916,0.19801,0.2441,0.27751,0.31323
140.0,0.0017095,0.004271,0.0095109,0.020473,0.040352,0.072446,0.11971,0.18419,0.22757,0.25915,0.29298
150.0,0.001549,0.0038786,0.0086573,0.018723,0.037041,0.06682,0.11084,0.17094,0.21184,0.24191,0.27425
175.0,0.0012255,0.0030871,0.0069337,0.015123,0.030206,0.054994,0.091993,0.14327,0.17873,0.20478,0.23289
200.0,9.9075E-4,0.0025075,0.0056586,0.012436,0.025019,0.045874,0.077426,0.12151,0.15253,0.17553,0.20048
250.0,6.7408E-4,0.0017211,0.0039223,0.0087023,0.017704,0.032889,0.056306,0.089823,0.11342,0.13117,0.15055
300.0,4.7925E-4,0.001233,0.0028332,0.0063349,0.013034,0.024469,0.042525,0.068629,0.087048,0.10084,0.11605
350.0,3.5069E-4,9.0804E-4,0.0021015,0.0047309,0.0098082,0.01859,0.0326,0.053205,0.067878,0.078998,0.091191
400.0,2.6201E-4,6.8303E-4,0.0015916,0.0036045,0.0075296,0.014378,0.025461,0.041879,0.053745,0.06272,0.072565
450.0,2.0194E-4,5.302E-4,0.0012462,0.0028202,0.0059036,0.011315,0.020106,0.033263,0.042863,0.050183,0.05823
500.0,1.5713E-4,4.1533E-4,9.8352E-4,0.0022293,0.0046832,0.0090074,0.016074,0.026693,0.03454,0.040501,0.047051
600.0,9.3248E-5,2.5216E-4,6.038E-4,0.0013836,0.0029515,0.0057654,0.01039,0.017354,0.022603,0.026565,0.030919
700.0,5.9267E-5,1.6027E-4,3.9623E-4,9.1756E-4,0.0019713,0.0038651,0.0070217,0.011825,0.015453,0.018204,0.021203
800.0,3.7929E-5,1.0545E-4,2.6243E-4,6.1423E-4,0.0013346,0.0026423,0.0048359,0.0081789,0.010738,0.012681,0.014799
1000.0,1.6739E-5,4.7732E-5,1.2221E-4,2.9448E-4,6.5415E-4,0.0013258,0.0024671,0.0042306,0.005604,0.0066623,0.0078355
1200.0,7.3179E-6,2.1411E-5,5.6837E-5,1.417E-4,3.2796E-4,6.8839E-4,0.0013226,0.0023369,0.0031548,0.0037952,0.0045139
1500.0,2.2822E-6,6.9787E-6,1.9479E-5,5.1333E-5,1.2548E-4,2.7839E-4,5.6132E-4,0.001034,0.0014352,0.0017524,0.002113
SA0P2
r\m,4.0,4.5,5.0,5.5,6.0,6.5,7.0,7.5,7.8,8.0,8.2
0.0,0.27398,0.50875,0.78624,1.0953,1.3687,1.5765,1.7486,1.8573,1.8716,1.8697,1.8577
1.0,0.2196,0.42956,0.69205,0.99438,1.2721,1.487,1.6617,1.7727,1.7895,1.7891,1.7781
5.0,0.08828,0.20052,0.37634,0.62143,0.8904,1.1257,1.3222,1.4622,1.4982,1.5114,1.5154
10.0,0.043,0.10094,0.2012,0.35991,0.56638,0.78479,0.98236,1.1357,1.1983,1.232,1.2608
15.0,0.024697,0.059346,0.12202,0.22818,0.38064,0.56112,0.74025,0.89947,0.97284,1.0149,1.0537
20.0,0.016056,0.039424,0.083314,0.16081,0.2774,0.42421,0.58052,0.73237,0.80889,0.85567,0.89829
25.0,0.011337,0.028382,0.060911,0.12,0.21214,0.3327,0.46859,0.61205,0.6875,0.736,0.78358
30.0,0.0085613,0.021674,0.047072,0.094078,0.16904,0.2704,0.39086,0.52213,0.59605,0.64393,0.69167
40.0,0.0054731,0.014131,0.031283,0.06418,0.11791,0.19333,0.28897,0.39973,0.46481,0.50834,0.55318
50.0,0.0038634,0.010106,0.022664,0.047373,0.088539,0.14793,0.22729,0.32374,0.38181,0.42169,0.46289
60.0,0.0030455,0.0080429,0.018182,0.038452,0.072956,0.12384,0.1932,0.27945,0.33235,0.36912,0.40738
70.0,0.0025983,0.0068786,0.015605,0.033331,0.063863,0.10956,0.1728,0.25351,0.30398,0.33971,0.37728
80.0,0.0023121,0.006154,0.01404,0.030209,0.058341,0.10087,0.16049,0.23719,0.28569,0.32018,0.35657
90.0,0.00209,0.0055796,0.012776,0.027656,0.053769,0.093701,0.15006,0.22328,0.26989,0.30307,0.33815
100.0,0.0019045,0.0050961,0.011704,0.025481,0.049889,0.087482,0.14089,0.21098,0.25574,0.28782,0.32184
110.0,0.0017453,0.0046809,0.010783,0.023605,0.046412,0.081851,0.13235,0.19877,0.2415,0.27209,0.30457
120.0,0.0016053,0.0043201,0.0099917,0.021958,0.043391,0.076852,0.12455,0.18784,0.22861,0.25796,0.28917
130.0,0.0014663,0.0039565,0.0091796,0.020247,0.040184,0.071452,0.11629,0.17617,0.21494,0.24288,0.27265
140.0,0.0013407,0.0036248,0.0084284,0.01867,0.037183,0.066389,0.10854,0.16505,0.20183,0.22844,0.25685
150.0,0.001224,0.0033167,0.0077311,0.017206,0.034401,0.061742,0.10135,0.15442,0.18939,0.21498,0.24242
175.0,9.8468E-4,0.0026839,0.0062972,0.014144,0.028574,0.0518,0.085709,0.13182,0.16268,0.18516,0.2093
200.0,8.0847E-4,0.0022144,0.0052246,0.011832,0.024086,0.043983,0.073335,0.11353,0.14102,0.16127,0.18315
250.0,5.6891E-4,0.0015718,0.0037438,0.008568,0.017633,0.032523,0.054976,0.0866,0.10829,0.12457,0.14228
300.0,4.1723E-4,0.0011618,0.0027912,0.0064352,0.013352,0.024889,0.042786,0.068256,0.085714,0.098704,0.11296
350.0,3.1489E-4,8.8145E-4,0.002131,0.0049435,0.010346,0.01947,0.033774,0.05444,0.068763,0.079536,0.091307
400.0,2.4237E-4,6.8216E-4,0.0016583,0.0038677,0.0081513,0.01547,0.027076,0.043987,0.055879,0.064815,0.074587
450.0,1.9244E-4,5.4466E-4,0.0013337,0.0031029,0.006545,0.012449,0.021862,0.035735,0.045591,0.053078,0.061284
500.0,1.5401E-4,4.3807E-4,0.001079,0.0025106,0.0053029,0.010116,0.01784,0.029272,0.037522,0.043755,0.050584
600.0,9.7119E-5,2.8092E-4,6.9715E-4,0.0016317,0.0034896,0.0067497,0.012,0.019782,0.025518,0.029829,0.034542
700.0,6.4688E-5,1.8669E-4,4.7554E-4,0.0011203,0.0024049,0.004659,0.0083418,0.013847,0.01791,0.020968,0.024285
800.0,4.3248E-5,1.2751E-4,3.259E-4,7.7262E-4,0.0016738,0.0032703,0.0058834,0.009786,0.012704,0.014899,0.017272
1000.0,2.0357E-5,6.1087E-5,1.5949E-4,3.8625E-4,8.516E-4,0.0016946,0.0030821,0.005171,0.0067564,0.0079623,0.0092842
1200.0,9.4619E-6,2.8877E-5,7.7534E-5,1.9277E-4,4.3922E-4,8.989E-4,0.0016785,0.0028853,0.0038315,0.0045605,0.0053668
1500.0,3.1582E-6,9.9456E-6,2.7806E-5,7.2259E-5,1.7258E-4,3.7039E-4,7.203E-4,0.0012819,0.0017466,0.0021069,0.0025099
SA0P25
r\m,4.0,4.5,5.0,5.5,6.0,6.5,7.0,7.5,7.8,8.0,8.2
0.0,0.19949,0.39867,0.64379,0.92074,1.1659,1.3482,1.4926,1.5824,1.5912,1.587,1.5764
1.0,0.15923,0.33564,0.5656,0.83476,1.0822,1.2694,1.4155,1.5073,1.5185,1.5159,1.5062
5.0,0.063765,0.15574,0.30555,0.51839,0.75295,0.95561,1.1211,1.2388,1.2665,1.2759,1.2787
10.0,0.031185,0.078756,0.16393,0.3008,0.47982,0.6674,0.83239,0.95968,1.0103,1.0376,1.0612
15.0,0.018017,0.046566,0.099929,0.1916,0.32367,0.47822,0.6282,0.76015,0.81969,0.85381,0.88548
20.0,0.011767,0.031074,0.068598,0.13581,0.23692,0.36263,0.49376,0.62003,0.68236,0.72047,0.75523
25.0,0.0083399,0.022477,0.05041,0.10191,0.1822,0.28568,0.39996,0.51946,0.5811,0.62088,0.66
30.0,0.0063197,0.017228,0.039116,0.080239,0.14581,0.2331,0.33487,0.4444,0.50509,0.54438,0.58359
40.0,0.0040601,0.011296,0.026164,0.055141,0.10242,0.16769,0.24903,0.34211,0.39593,0.4319,0.46905
50.0,0.0028801,0.0081199,0.019056,0.040932,0.077348,0.12902,0.197,0.27871,0.3269,0.35994,0.39405
60.0,0.0022799,0.0064906,0.015356,0.033379,0.064046,0.10856,0.16835,0.24189,0.28602,0.31662,0.34843
70.0,0.0019616,0.0055977,0.013293,0.029194,0.056566,0.096862,0.15182,0.22113,0.26352,0.29347,0.32492
80.0,0.0017549,0.0050365,0.012032,0.026622,0.051986,0.089712,0.14182,0.20807,0.24908,0.27816,0.3088
90.0,0.0015947,0.0045905,0.011006,0.024507,0.048181,0.083795,0.13335,0.19695,0.23658,0.26467,0.29433
100.0,0.0014605,0.0042142,0.010134,0.0227,0.044941,0.078647,0.12586,0.1871,0.22533,0.25263,0.28154
110.0,0.0013451,0.0038904,0.0093839,0.021138,0.042033,0.07398,0.11887,0.17725,0.21393,0.24008,0.26778
120.0,0.0012433,0.003608,0.0087374,0.019762,0.039499,0.069821,0.11247,0.1684,0.20355,0.22876,0.25553
130.0,0.0011405,0.0033186,0.0080623,0.018306,0.036752,0.065234,0.10553,0.15869,0.19227,0.21641,0.24207
140.0,0.0010472,0.0030531,0.0074345,0.016955,0.034167,0.060903,0.098959,0.14937,0.18141,0.2045,0.22911
150.0,9.6078E-4,0.0028074,0.006854,0.015705,0.031776,0.056955,0.092915,0.14051,0.17115,0.19351,0.21743
175.0,7.8138E-4,0.0022965,0.0056453,0.013062,0.026723,0.048409,0.079587,0.12143,0.14879,0.16859,0.18983
200.0,6.4807E-4,0.0019145,0.0047354,0.011055,0.022796,0.041603,0.068862,0.10568,0.13035,0.14844,0.16795
250.0,4.6641E-4,0.0013899,0.0034707,0.0081962,0.017089,0.031431,0.052724,0.082393,0.10237,0.11733,0.1336
300.0,3.4932E-4,0.0010496,0.0026452,0.0062935,0.013201,0.024541,0.041925,0.066406,0.082834,0.09501,0.10833
350.0,2.6932E-4,8.1307E-4,0.0020613,0.0049345,0.01045,0.019616,0.033818,0.054093,0.067868,0.078177,0.08942
400.0,2.1166E-4,6.4215E-4,0.0016361,0.0039376,0.0083963,0.01591,0.027659,0.044597,0.056265,0.065,0.074536
450.0,1.7166E-4,5.2329E-4,0.0013422,0.0032196,0.0068668,0.013027,0.022728,0.036889,0.046749,0.054222,0.062406
500.0,1.4022E-4,4.2921E-4,0.0011064,0.0026529,0.0056579,0.010763,0.018863,0.030739,0.039154,0.045493,0.052434
600.0,9.2658E-5,2.8734E-4,7.4506E-4,0.0017918,0.0038629,0.0074439,0.013139,0.021505,0.027571,0.032123,0.037095
700.0,6.4026E-5,1.9801E-4,5.2482E-4,0.0012676,0.0027376,0.0052783,0.0093805,0.015456,0.019864,0.023173,0.026758
800.0,4.4393E-5,1.396E-4,3.707E-4,8.9869E-4,0.0019571,0.0038046,0.006785,0.01119,0.01443,0.016856,0.019475
1000.0,2.2111E-5,7.0435E-5,1.9023E-4,4.6873E-4,0.0010364,0.0020464,0.003677,0.0060976,0.0079026,0.0092662,0.010753
1200.0,1.0917E-5,3.5152E-5,9.7039E-5,2.441E-4,5.5399E-4,0.0011186,0.0020545,0.0034746,0.0045638,0.0053942,0.0063046
1500.0,3.9208E-6,1.2897E-5,3.6773E-5,9.5816E-5,2.264E-4,4.7601E-4,9.0416E-4,0.0015724,0.002113,0.002526,0.0029827
SA0P3
r\m,4.0,4.5,5.0,5.5,6.0,6.5,7.0,7.5,7.8,8.0,8.2
0.0,0.14924,0.31829,0.53772,0.79151,1.0179,1.1841,1.3113,1.3893,1.3953,1.39,1.3807
1.0,0.11878,0.26742,0.47179,0.71687,0.94381,1.1134,1.2417,1.3215,1.3297,1.3261,1.3174
5.0,0.04745,0.12359,0.25372,0.44321,0.65393,0.83486,0.98015,1.0832,1.106,1.1132,1.1154
10.0,0.023271,0.062694,0.13645,0.25752,0.41724,0.58379,0.7274,0.8376,0.88057,0.90382,0.92403
15.0,0.013499,0.037214,0.083475,0.16456,0.28217,0.41891,0.54952,0.66347,0.71411,0.7431,0.77011
20.0,0.0088443,0.02491,0.057514,0.1171,0.20716,0.31831,0.43257,0.54182,0.59492,0.6274,0.65702
25.0,0.0062848,0.018078,0.042415,0.088212,0.15993,0.25154,0.35123,0.45469,0.50731,0.54136,0.57489
30.0,0.0047738,0.013892,0.033004,0.06966,0.12837,0.20579,0.29482,0.38975,0.44172,0.47533,0.50892
40.0,0.0030775,0.0091436,0.022174,0.048114,0.090602,0.14867,0.22013,0.30116,0.34748,0.3784,0.4104
50.0,0.0021905,0.0065959,0.016209,0.035854,0.068693,0.11483,0.17482,0.24634,0.28789,0.31634,0.34571
60.0,0.0017392,0.0052885,0.013102,0.029331,0.057069,0.096938,0.14994,0.21459,0.25278,0.2792,0.30665
70.0,0.0015051,0.0045877,0.011409,0.025813,0.050717,0.087009,0.13599,0.19722,0.23406,0.26006,0.28734
80.0,0.0013516,0.0041439,0.010369,0.023639,0.046803,0.080915,0.12753,0.18629,0.22209,0.24744,0.27412
90.0,0.0012326,0.0037907,0.0095199,0.021844,0.043544,0.075863,0.12038,0.17701,0.21173,0.23628,0.26217
100.0,0.0011329,0.0034922,0.0087966,0.020307,0.040764,0.07146,0.11403,0.16877,0.20237,0.22631,0.25164
110.0,0.001047,0.0032352,0.0081737,0.018977,0.038266,0.067468,0.1081,0.16049,0.19285,0.21584,0.24018
120.0,9.7105E-4,0.0030105,0.0076358,0.017804,0.036087,0.063902,0.10266,0.15304,0.18414,0.20639,0.22998
130.0,8.9346E-4,0.0027772,0.0070669,0.016543,0.033686,0.059906,0.096654,0.14468,0.1745,0.19587,0.21858
140.0,8.2276E-4,0.0025626,0.0065362,0.015369,0.031418,0.056115,0.090926,0.13663,0.16518,0.18571,0.20755
150.0,7.5745E-4,0.0023645,0.0060471,0.014287,0.029326,0.052681,0.085706,0.12901,0.15642,0.17639,0.19773
175.0,6.2074E-4,0.0019489,0.0050195,0.011981,0.024879,0.045188,0.074071,0.11247,0.13713,0.15493,0.17397
200.0,5.1851E-4,0.0016365,0.0042431,0.010223,0.021403,0.039168,0.064598,0.098608,0.12104,0.13745,0.15512
250.0,3.7916E-4,0.0012072,0.0031602,0.0077086,0.016319,0.030049,0.050211,0.078087,0.096599,0.11045,0.1255
300.0,2.8827E-4,9.2577E-4,0.002447,0.0060147,0.01279,0.023806,0.040556,0.06397,0.079435,0.090867,0.10334
350.0,2.257E-4,7.2807E-4,0.0019356,0.0047876,0.010287,0.019335,0.033246,0.052936,0.066114,0.075944,0.086654
400.0,1.801E-4,5.8368E-4,0.001559,0.0038772,0.0083886,0.015929,0.027608,0.04432,0.055657,0.064121,0.073355
450.0,1.4837E-4,4.829E-4,0.001298,0.0032163,0.0069579,0.013218,0.022997,0.03718,0.046905,0.054267,0.062327
500.0,1.2305E-4,4.0196E-4,0.0010855,0.0026877,0.0058087,0.011064,0.019343,0.031409,0.03984,0.046179,0.053121
600.0,8.4304E-5,2.7828E-4,7.5527E-4,0.0018725,0.0040865,0.0078815,0.013869,0.02262,0.028888,0.03359,0.038729
700.0,5.9953E-5,1.9741E-4,5.4599E-4,0.0013579,0.0029648,0.0057181,0.010133,0.01664,0.021304,0.024801,0.028597
800.0,4.2816E-5,1.4285E-4,3.9554E-4,9.8573E-4,0.00217,0.0042209,0.0075017,0.012327,0.015833,0.018457,0.021291
1000.0,2.2364E-5,7.535E-5,2.1161E-4,5.3426E-4,0.0011927,0.0023537,0.0042069,0.0069391,0.0089523,0.010469,0.012119
1200.0,1.1659E-5,3.9536E-5,1.1298E-4,2.9003E-4,6.6114E-4,0.0013281,0.002419,0.0040555,0.0052896,0.0062246,0.0072449
1500.0,4.49E-6,1.5437E-5,4.5267E-5,1.1954E-4,2.821E-4,5.8668E-4,0.0010988,0.0018834,0.002506,0.0029771,0.0034939
SA0P4
r\m,4.0,4.5,5.0,5.5,6.0,6.5,7.0,7.5,7.8,8.0,8.2
0.0,0.08953,0.21088,0.38721,0.60554,0.80823,0.95798,1.0681,1.1345,1.1389,1.1336,1.1264
1.0,0.071004,0.17673,0.33915,0.5477,0.74841,0.89925,1.0095,1.0772,1.0835,1.0798,1.073
5.0,0.028278,0.081268,0.18136,0.33672,0.51572,0.6708,0.79336,0.87996,0.89795,0.90332,0.9051
10.0,0.01392,0.041395,0.097841,0.19597,0.32957,0.46979,0.58836,0.67872,0.71316,0.73179,0.7481
15.0,0.0081169,0.024695,0.060127,0.12574,0.2236,0.3377,0.445,0.5376,0.57792,0.60096,0.62248
20.0,0.0053397,0.016596,0.041623,0.089927,0.16479,0.25725,0.35094,0.43965,0.48189,0.50769,0.53122
25.0,0.0038073,0.012095,0.030835,0.068078,0.12784,0.20409,0.2858,0.36971,0.41158,0.43874,0.46551
30.0,0.0029009,0.0093254,0.02408,0.053964,0.103,0.16753,0.24067,0.31766,0.35912,0.3859,0.41267
40.0,0.0018787,0.0061693,0.016271,0.037514,0.073138,0.12167,0.18058,0.24659,0.28373,0.30849,0.33415
50.0,0.0013432,0.0044709,0.01195,0.028093,0.055725,0.094414,0.14411,0.20271,0.23609,0.25888,0.2824
60.0,0.0010706,0.003599,0.0096984,0.023075,0.046488,0.08004,0.12415,0.17739,0.20819,0.22943,0.25148
70.0,9.3358E-4,0.0031458,0.0085091,0.020469,0.041641,0.072382,0.11342,0.16413,0.19398,0.21501,0.23704
80.0,8.4244E-4,0.002856,0.0077747,0.018847,0.038627,0.067657,0.10688,0.15577,0.18496,0.20555,0.2272
90.0,7.7199E-4,0.002625,0.0071715,0.0175,0.036112,0.06373,0.10138,0.14871,0.17714,0.19715,0.21822
100.0,7.1276E-4,0.0024294,0.0066567,0.016344,0.033962,0.060304,0.096464,0.14244,0.17004,0.18965,0.21035
110.0,6.6179E-4,0.0022609,0.0062133,0.015344,0.032029,0.057198,0.091873,0.1361,0.1628,0.18168,0.20163
120.0,6.165E-4,0.0021131,0.0058292,0.014458,0.03034,0.054418,0.087651,0.13038,0.15612,0.17448,0.19391
130.0,5.6946E-4,0.001957,0.0054158,0.013489,0.028439,0.051232,0.082879,0.12376,0.14855,0.16627,0.18505
140.0,5.2642E-4,0.0018126,0.0050284,0.012581,0.026633,0.048192,0.078283,0.11735,0.1412,0.15828,0.17643
150.0,4.8683E-4,0.0016801,0.0046735,0.011749,0.024977,0.045467,0.074156,0.11134,0.13435,0.15106,0.1689
175.0,4.0299E-4,0.0013986,0.0039187,0.0099565,0.021427,0.039459,0.064824,0.098138,0.11905,0.13405,0.15007
200.0,3.3977E-4,0.0011856,0.003346,0.0085865,0.018635,0.034581,0.057105,0.086853,0.10608,0.12008,0.13514
250.0,2.5374E-4,8.9331E-4,0.0025452,0.0066198,0.014528,0.027062,0.045261,0.070184,0.086435,0.09858,0.11176
300.0,1.9681E-4,6.992E-4,0.0020128,0.0052764,0.011606,0.021855,0.037319,0.058747,0.072606,0.082816,0.093925
350.0,1.5729E-4,5.6116E-4,0.0016244,0.004286,0.009537,0.018137,0.031264,0.049657,0.061725,0.070686,0.08044
400.0,1.2812E-4,4.5908E-4,0.0013347,0.0035418,0.0079357,0.015264,0.02651,0.042466,0.053067,0.060958,0.069562
450.0,1.078E-4,3.8776E-4,0.0011341,0.0029973,0.0067123,0.012904,0.022506,0.036336,0.045626,0.052648,0.060339
500.0,9.1293E-5,3.2941E-4,9.6745E-4,0.0025546,0.0057082,0.011002,0.019296,0.031307,0.039542,0.045724,0.052501
600.0,6.5817E-5,2.3921E-4,7.0562E-4,0.0018619,0.0041964,0.0081859,0.014442,0.023548,0.029965,0.034786,0.040069
700.0,4.8772E-5,1.7702E-4,5.2986E-4,0.0014009,0.003154,0.0061504,0.010935,0.017967,0.02293,0.026657,0.03072
800.0,3.6384E-5,1.3317E-4,3.9888E-4,0.0010549,0.0023954,0.0047157,0.0084077,0.01383,0.017713,0.020623,0.023784
1000.0,2.0434E-5,7.5276E-5,2.2795E-4,6.0849E-4,0.0014005,0.0027962,0.0050081,0.008262,0.010629,0.012413,0.014358
1200.0,1.1631E-5,4.2913E-5,1.3145E-4,3.5502E-4,8.2828E-4,0.0016732,0.003043,0.0050826,0.0065874,0.0077219,0.0089575
1500.0,5.0477E-6,1.8698E-5,5.823E-5,1.6027E-4,3.8392E-4,7.9642E-4,0.0014779,0.0025037,0.0032943,0.0038866,0.0045319
SA0P5
r\m,4.0,4.5,5.0,5.5,6.0,6.5,7.0,7.5,7.8,8.0,8.2
0.0,0.057968,0.14579,0.28638,0.47426,0.65953,0.8018,0.90612,0.96969,0.97538,0.97137,0.96618
1.0,0.045877,0.12199,0.25058,0.42862,0.61022,0.75185,0.85544,0.91961,0.92692,0.92434,0.91943
5.0,0.018241,0.055941,0.13355,0.26263,0.41911,0.55907,0.67046,0.74964,0.76643,0.7716,0.77382
10.0,0.0090002,0.028569,0.072195,0.15302,0.26809,0.39189,0.49698,0.57728,0.60773,0.62421,0.63864
15.0,0.0052653,0.017097,0.044492,0.098424,0.18224,0.28199,0.37613,0.4572,0.49223,0.5122,0.53084
20.0,0.0034726,0.011519,0.03089,0.070608,0.13461,0.21514,0.29693,0.37419,0.41062,0.43283,0.45305
25.0,0.0024813,0.0084173,0.022949,0.053616,0.10474,0.17107,0.24224,0.31503,0.35102,0.37436,0.39734
30.0,0.0018944,0.0065034,0.017962,0.0426,0.084584,0.14071,0.20437,0.27105,0.30665,0.3296,0.3525
40.0,0.0012304,0.0043165,0.012181,0.029732,0.060281,0.10251,0.15379,0.21097,0.24288,0.2641,0.2861
50.0,8.8231E-4,0.0031376,0.0089729,0.022333,0.046067,0.079769,0.12308,0.17392,0.20258,0.22211,0.24223
60.0,7.0504E-4,0.0025323,0.007301,0.01839,0.038527,0.067793,0.10631,0.1526,0.17909,0.19731,0.21618
70.0,6.1774E-4,0.002224,0.0064361,0.016393,0.034676,0.061582,0.097524,0.14175,0.16748,0.18556,0.20447
80.0,5.5917E-4,0.0020257,0.0059003,0.015145,0.032267,0.057736,0.092169,0.1349,0.16013,0.17788,0.19651
90.0,5.1397E-4,0.0018675,0.0054586,0.014104,0.030254,0.054536,0.087664,0.12914,0.15376,0.17105,0.18921
100.0,4.7593E-4,0.0017334,0.0050813,0.013211,0.028532,0.051741,0.083637,0.12402,0.14797,0.16494,0.18283
110.0,4.4319E-4,0.0016179,0.0047563,0.012437,0.026984,0.049211,0.079872,0.11882,0.14205,0.15842,0.17569
120.0,4.1403E-4,0.0015164,0.0044743,0.011751,0.02563,0.046943,0.076409,0.11413,0.13657,0.15252,0.16938
130.0,3.8341E-4,0.0014079,0.0041672,0.010991,0.024084,0.044307,0.072431,0.1086,0.13025,0.14568,0.16202
140.0,3.553E-4,0.0013073,0.0038787,0.010276,0.022611,0.041782,0.068577,0.10322,0.1241,0.13902,0.15484
150.0,3.2952E-4,0.0012152,0.0036153,0.0096232,0.021265,0.039537,0.065153,0.098211,0.11841,0.13305,0.14865
175.0,2.7452E-4,0.001018,0.0030508,0.0082092,0.018368,0.034555,0.057341,0.087127,0.10558,0.11877,0.13283
200.0,2.3285E-4,8.6824E-4,0.0026216,0.0071266,0.016082,0.030485,0.050816,0.077534,0.094601,0.107,0.12031
250.0,1.7623E-4,6.6312E-4,0.0020211,0.0055713,0.012711,0.024147,0.040751,0.063417,0.07805,0.088976,0.10083
300.0,1.3843E-4,5.2587E-4,0.0016199,0.004501,0.010276,0.019731,0.034027,0.053786,0.066419,0.075707,0.085792
350.0,1.121E-4,4.276E-4,0.0013243,0.0037038,0.0085596,0.016597,0.028895,0.046069,0.057215,0.065469,0.074448
400.0,9.2517E-5,3.5443E-4,0.0011023,0.0031008,0.0072153,0.014159,0.024829,0.039933,0.049852,0.057223,0.06526
450.0,7.8913E-5,3.0343E-4,9.4912E-4,0.0026584,0.0061808,0.012115,0.021338,0.034608,0.04342,0.050076,0.057371
500.0,6.7734E-5,2.6123E-4,8.2026E-4,0.0022954,0.0053206,0.010456,0.018526,0.03021,0.038135,0.044081,0.050608
600.0,5.0502E-5,1.9586E-4,6.1757E-4,0.001725,0.00403,0.0080123,0.014277,0.02341,0.029791,0.034594,0.039872
700.0,3.8467E-5,1.4917E-4,4.76E-4,0.0013315,0.0031044,0.0061693,0.011087,0.018336,0.023412,0.027234,0.031421
800.0,2.9566E-5,1.153E-4,3.6815E-4,0.0010292,0.0024215,0.0048629,0.0087664,0.014528,0.018625,0.021707,0.025077
1000.0,1.7475E-5,6.8499E-5,2.208E-4,6.2181E-4,0.0014833,0.0030232,0.0054765,0.0091077,0.011739,0.013729,0.01591
1200.0,1.0614E-5,4.1582E-5,1.3511E-4,3.8397E-4,9.2414E-4,0.0018985,0.0034872,0.0058623,0.0075954,0.008903,0.010331
1500.0,5.0538E-6,1.9778E-5,6.4963E-5,1.8709E-4,4.5983E-4,9.6525E-4,0.0018011,0.0030573,0.0040076,0.0047183,0.0054924
SA0P75
r\m,4.0,4.5,5.0,5.5,6.0,6.5,7.0,7.5,7.8,8.0,8.2
0.0,0.024829,0.067733,0.14823,0.27425,0.41932,0.54744,0.64936,0.7176,0.73081,0.73218,0.73247
1.0,0.019598,0.056571,0.12954,0.2476,0.38756,0.51262,0.61209,0.6795,0.69349,0.69579,0.69605
5.0,0.0077787,0.025855,0.068768,0.15109,0.26507,0.37962,0.47802,0.55231,0.57166,0.57912,0.58401
10.0,0.003851,0.013255,0.037287,0.088183,0.16981,0.26644,0.3541,0.4244,0.45229,0.46757,0.48097
15.0,0.0022632,0.007968,0.023073,0.056927,0.11575,0.192,0.26822,0.33604,0.36603,0.38322,0.39917
20.0,0.0014981,0.0053881,0.016087,0.041017,0.085776,0.14678,0.21203,0.27528,0.3055,0.32391,0.34067
25.0,0.0010738,0.0039527,0.012,0.031279,0.067016,0.11708,0.17337,0.23209,0.26142,0.28042,0.29906
30.0,8.222E-4,0.0030636,0.009424,0.024936,0.054292,0.096561,0.14662,0.20003,0.22871,0.24718,0.26553
40.0,5.3643E-4,0.0020436,0.006426,0.017505,0.038894,0.070649,0.11075,0.1562,0.18169,0.19862,0.21611
50.0,3.8635E-4,0.0014923,0.0047553,0.013209,0.029849,0.055184,0.088956,0.12924,0.15199,0.16747,0.18335
60.0,3.0993E-4,0.0012094,0.0038848,0.010919,0.025054,0.047057,0.077094,0.11377,0.13477,0.14918,0.16407
70.0,2.734E-4,0.0010695,0.0034482,0.0098011,0.0227,0.043005,0.071117,0.10621,0.12661,0.14092,0.15584
80.0,2.4862E-4,9.789E-4,0.003177,0.0090988,0.021217,0.040483,0.06746,0.10142,0.12147,0.13554,0.15026
90.0,2.2954E-4,9.0661E-4,0.0029522,0.0085107,0.019976,0.038382,0.064396,0.097418,0.11702,0.13073,0.1451
100.0,2.1347E-4,8.4526E-4,0.0027601,0.0080053,0.018913,0.036547,0.061645,0.093865,0.11295,0.12644,0.14062
110.0,1.9963E-4,7.9239E-4,0.0025946,0.0075677,0.017957,0.034889,0.059078,0.090243,0.10879,0.12182,0.13553
120.0,1.8728E-4,7.4584E-4,0.0024507,0.0071787,0.017122,0.033399,0.056715,0.086972,0.10492,0.11764,0.13105
130.0,1.7407E-4,6.9511E-4,0.0022909,0.0067389,0.016145,0.031631,0.053937,0.082999,0.10035,0.11269,0.12571
140.0,1.619E-4,6.4781E-4,0.0021402,0.006323,0.015211,0.02993,0.051223,0.079122,0.095894,0.10785,0.12049
150.0,1.5077E-4,6.0477E-4,0.0020035,0.005946,0.014363,0.028435,0.048852,0.075554,0.091817,0.10358,0.11608
175.0,1.2678E-4,5.1149E-4,0.0017069,0.0051212,0.012525,0.025089,0.043376,0.067579,0.082507,0.093144,0.10446
200.0,1.0847E-4,4.402E-4,0.0014807,0.0044886,0.01107,0.022333,0.038741,0.060556,0.074438,0.0845,0.095288
250.0,8.3675E-5,3.4293E-4,0.0011641,0.00358,0.0089197,0.017982,0.031547,0.050303,0.062394,0.071417,0.081199
300.0,6.6924E-5,2.7719E-4,9.5151E-4,0.0029489,0.0073329,0.014931,0.026786,0.043402,0.053993,0.061771,0.070195
350.0,5.5205E-5,2.297E-4,7.9264E-4,0.0024723,0.0062259,0.012795,0.023165,0.037833,0.047325,0.054342,0.061973
400.0,4.6413E-5,1.9403E-4,6.7222E-4,0.0021091,0.0053455,0.011124,0.020269,0.033396,0.041982,0.048361,0.055321
450.0,4.0351E-5,1.6936E-4,5.9007E-4,0.0018426,0.0046629,0.0096796,0.017716,0.029456,0.037218,0.043087,0.049531
500.0,3.5298E-5,1.4864E-4,5.1976E-4,0.0016214,0.004085,0.0084986,0.015656,0.026186,0.033302,0.03865,0.044538
600.0,2.7604E-5,1.1675E-4,4.1005E-4,0.001275,0.003233,0.0067991,0.012589,0.021189,0.02719,0.031734,0.03676
700.0,2.1869E-5,9.2767E-5,3.286E-4,0.0010227,0.0025843,0.0054309,0.010152,0.017264,0.022247,0.026028,0.030212
800.0,1.7555E-5,7.4656E-5,2.6481E-4,8.2287E-4,0.0021004,0.0044679,0.0083851,0.014317,0.018545,0.02176,0.025323
1000.0,1.1191E-5,4.7867E-5,1.7127E-4,5.3514E-4,0.0013866,0.0029993,0.0056667,0.0097375,0.012714,0.014994,0.017527
1200.0,7.514E-6,3.2117E-5,1.1544E-4,3.6311E-4,9.4328E-4,0.0020471,0.0039196,0.0068076,0.008912,0.010516,0.012292
1500.0,4.1551E-6,1.7688E-5,6.3866E-5,2.0235E-4,5.3302E-4,0.001175,0.0022765,0.0039774,0.0052441,0.0062012,0.007255
SA1P0
r\m,4.0,4.5,5.0,5.5,6.0,6.5,7.0,7.5,7.8,8.0,8.2
0.0,0.01328,0.037321,0.086474,0.17186,0.28254,0.39333,0.49116,0.56431,0.58475,0.59136,0.59658
1.0,0.01047,0.031146,0.075533,0.1551,0.26102,0.36808,0.46263,0.53396,0.5545,0.5616,0.56652
5.0,0.0041531,0.014217,0.040035,0.094485,0.17822,0.27209,0.36071,0.43343,0.45642,0.46675,0.4746
10.0,0.0020601,0.0073047,0.021748,0.055215,0.11428,0.19113,0.26716,0.33271,0.36072,0.37647,0.39045
15.0,0.0012137,0.0044022,0.01349,0.035719,0.078029,0.13785,0.20246,0.26341,0.29181,0.30837,0.32378
20.0,8.0503E-4,0.0029832,0.0094282,0.0258,0.057932,0.10551,0.16017,0.21589,0.24359,0.26066,0.27631
25.0,5.7805E-4,0.0021933,0.0070495,0.019723,0.045364,0.08431,0.13112,0.18214,0.20855,0.22576,0.24265
30.0,4.4334E-4,0.0017031,0.005547,0.015755,0.036819,0.069637,0.11104,0.15711,0.18257,0.19909,0.21552
40.0,2.9002E-4,0.0011396,0.0037951,0.011098,0.026457,0.051074,0.084035,0.12289,0.14524,0.16018,0.17561
50.0,2.0943E-4,8.346E-4,0.0028167,0.0083986,0.020358,0.039982,0.067632,0.10186,0.12167,0.13521,0.14912
60.0,1.684E-4,6.781E-4,0.002307,0.0069593,0.017126,0.034161,0.058719,0.089805,0.10803,0.1206,0.13359
70.0,1.491E-4,6.0204E-4,0.0020559,0.006272,0.015574,0.031321,0.05432,0.084039,0.10171,0.11415,0.12713
80.0,1.3594E-4,5.5265E-4,0.0018999,0.0058397,0.014595,0.029552,0.051626,0.080385,0.09773,0.10995,0.12275
90.0,1.2583E-4,5.1325E-4,0.0017704,0.0054769,0.013774,0.028077,0.049375,0.077339,0.094291,0.1062,0.11869
100.0,1.1731E-4,4.7979E-4,0.0016595,0.005165,0.013072,0.026789,0.047349,0.074636,0.091142,0.10285,0.11516
110.0,1.0998E-4,4.5096E-4,0.0015641,0.0048949,0.01244,0.025626,0.04546,0.071875,0.087914,0.099228,0.11114
120.0,1.0342E-4,4.2555E-4,0.0014811,0.0046546,0.011888,0.02458,0.043721,0.069381,0.08491,0.095958,0.10761
130.0,9.6327E-5,3.9752E-4,0.0013878,0.0043793,0.011234,0.023324,0.041649,0.066305,0.081319,0.092033,0.10335
140.0,8.9777E-5,3.7131E-4,0.0012994,0.0041181,0.010606,0.02211,0.039616,0.063298,0.07781,0.08819,0.099179
150.0,8.3803E-5,3.4751E-4,0.0012195,0.0038821,0.010037,0.021052,0.037856,0.060547,0.074621,0.084835,0.095701
175.0,7.0839E-5,2.9556E-4,0.001045,0.0033628,0.0088018,0.018671,0.033765,0.054368,0.067295,0.076538,0.086377
200.0,6.0899E-5,2.5573E-4,9.1162E-4,0.0029642,0.0078206,0.016701,0.030277,0.048879,0.060904,0.069652,0.079042
250.0,4.7468E-5,2.0148E-4,7.2499E-4,0.0023916,0.0063701,0.013567,0.024847,0.040905,0.051425,0.059305,0.067863
300.0,3.8334E-5,1.6461E-4,5.9925E-4,0.0019919,0.0052865,0.011362,0.021277,0.035586,0.044852,0.051685,0.059092
350.0,3.193E-5,1.3784E-4,5.0453E-4,0.0016877,0.0045359,0.0098328,0.018572,0.031286,0.03964,0.045838,0.052592
400.0,2.7104E-5,1.1765E-4,4.324E-4,0.001455,0.003934,0.0086349,0.016401,0.027866,0.035472,0.041147,0.047355
450.0,2.3796E-5,1.0376E-4,3.8361E-4,0.0012845,0.0034658,0.0075813,0.014461,0.024794,0.03172,0.036981,0.042776
500.0,2.1018E-5,9.2013E-5,3.4146E-4,0.0011422,0.0030656,0.0067176,0.012896,0.022246,0.028648,0.033486,0.038832
600.0,1.6842E-5,7.4073E-5,2.7631E-4,9.2077E-4,0.0024851,0.0055,0.010604,0.018412,0.023932,0.028144,0.032832
700.0,1.3612E-5,6.02E-5,2.2619E-4,7.5445E-4,0.0020275,0.0044822,0.0087276,0.015321,0.020009,0.023597,0.027602
800.0,1.1172E-5,4.9501E-5,1.8643E-4,6.2081E-4,0.0016862,0.0037763,0.007386,0.013035,0.017122,0.020265,0.023787
1000.0,7.4036E-6,3.3066E-5,1.2574E-4,4.2097E-4,0.0011619,0.0026499,0.0052252,0.0093019,0.012341,0.0147,0.017356
1200.0,5.2434E-6,2.345E-5,8.955E-5,3.0178E-4,8.3275E-4,0.0019016,0.0038027,0.0068504,0.009105,0.010847,0.012802
1500.0,3.1477E-6,1.4046E-5,5.3825E-5,1.8249E-4,5.0923E-4,0.001179,0.002385,0.0043231,0.0057769,0.0068934,0.0081408
SA1P5
r\m,4.0,4.5,5.0,5.5,6.0,6.5,7.0,7.5,7.8,8.0,8.2
0.0,0.0054251,0.015487,0.037894,0.081777,0.14795,0.2267,0.30871,0.38146,0.4096,0.42275,0.43439
1.0,0.0042727,0.012916,0.033087,0.073783,0.13664,0.21204,0.29059,0.36071,0.38816,0.40123,0.41224
5.0,0.0016946,0.0058914,0.017521,0.044902,0.093182,0.15654,0.22629,0.29247,0.31908,0.33303,0.34486
10.0,8.4249E-4,0.0030351,0.0095412,0.026288,0.05985,0.11011,0.16763,0.22434,0.25196,0.26839,0.28343
15.0,4.9772E-4,0.0018345,0.005935,0.017051,0.040952,0.079522,0.12715,0.17764,0.20377,0.21972,0.23486
20.0,3.3091E-4,0.0012464,0.0041602,0.012353,0.030476,0.060965,0.1007,0.14568,0.17016,0.18575,0.20041
25.0,2.3811E-4,9.1877E-4,0.0031195,0.009471,0.02393,0.048817,0.082556,0.12302,0.14576,0.16095,0.17607
30.0,1.8298E-4,7.1507E-4,0.0024607,0.0075842,0.019467,0.040397,0.070017,0.10622,0.1277,0.14202,0.15644
40.0,1.201E-4,4.8037E-4,0.0016909,0.0053669,0.014045,0.029724,0.053126,0.083239,0.10174,0.11441,0.12762
50.0,8.7003E-5,3.531E-4,0.0012598,0.0040771,0.010845,0.023337,0.042861,0.069131,0.085359,0.096694,0.10846
60.0,7.0163E-5,2.8787E-4,0.0010356,0.0033901,0.0091521,0.019994,0.037298,0.061063,0.075906,0.086353,0.09726
70.0,6.2383E-5,2.5676E-4,9.2727E-4,0.0030701,0.0083608,0.018403,0.034617,0.057291,0.071616,0.081893,0.092723
80.0,5.7057E-5,2.3655E-4,8.6025E-4,0.0028694,0.0078618,0.017414,0.032977,0.054902,0.068929,0.079001,0.089652
90.0,5.2975E-5,2.2045E-4,8.0444E-4,0.0027007,0.0074438,0.016591,0.031612,0.052919,0.066606,0.076407,0.086783
100.0,4.9532E-5,2.0676E-4,7.567E-4,0.0025555,0.007086,0.015871,0.030381,0.051159,0.064476,0.074092,0.084305
110.0,4.6568E-5,1.9497E-4,7.1561E-4,0.00243,0.0067642,0.015222,0.029233,0.049356,0.062289,0.071582,0.081457
120.0,4.3911E-5,1.8456E-4,6.798E-4,0.0023181,0.0064832,0.014638,0.028176,0.047727,0.060248,0.069315,0.078966
130.0,4.1005E-5,1.729E-4,6.389E-4,0.0021875,0.0061433,0.013924,0.026895,0.045683,0.057777,0.066561,0.075927
140.0,3.8311E-5,1.6196E-4,6.0002E-4,0.0020631,0.0058159,0.013231,0.025631,0.043678,0.055359,0.06386,0.072943
150.0,3.5857E-5,1.5204E-4,5.6494E-4,0.001951,0.0055203,0.012631,0.024548,0.041857,0.053176,0.061524,0.070486
175.0,3.0493E-5,1.302E-4,4.8763E-4,0.0017024,0.0048747,0.011274,0.02201,0.037743,0.048127,0.055681,0.063793
200.0,2.6359E-5,1.1338E-4,4.2839E-4,0.0015114,0.0043604,0.010144,0.019828,0.034051,0.043692,0.050821,0.05854
250.0,2.0782E-5,9.0513E-5,3.4544E-4,0.0012368,0.0035988,0.008329,0.016418,0.028717,0.037157,0.043574,0.050605
300.0,1.6958E-5,7.4855E-5,2.8932E-4,0.0010438,0.003021,0.0070468,0.01419,0.025194,0.032657,0.038246,0.044355
350.0,1.4269E-5,6.3413E-5,2.4661E-4,8.9547E-4,0.0026239,0.0061663,0.01251,0.022341,0.029093,0.034178,0.039768
400.0,1.2232E-5,5.4734E-5,2.1388E-4,7.8141E-4,0.0023022,0.0054755,0.011157,0.020079,0.026254,0.030932,0.036097
450.0,1.0844E-5,4.8813E-5,1.9199E-4,6.9802E-4,0.002051,0.0048552,0.0099272,0.018023,0.023676,0.028034,0.03288
500.0,9.6691E-6,4.3753E-5,1.7285E-4,6.2797E-4,0.0018337,0.0043453,0.0089385,0.016321,0.021579,0.025614,0.030121
600.0,7.9319E-6,3.6117E-5,1.4367E-4,5.1995E-4,0.0015254,0.0036463,0.0075228,0.013819,0.018442,0.022031,0.026076
700.0,6.531E-6,3.0021E-5,1.2024E-4,4.3583E-4,0.0012722,0.0030356,0.0063245,0.011752,0.015761,0.018888,0.02243
800.0,5.4719E-6,2.5213E-5,1.0143E-4,3.6721E-4,0.0010842,0.0026229,0.0054907,0.010268,0.01386,0.016682,0.019899
1000.0,3.7548E-6,1.7522E-5,7.1379E-5,2.6013E-4,7.8194E-4,0.0019299,0.00408,0.0077177,0.010547,0.012798,0.015383
1200.0,2.7944E-6,1.312E-5,5.377E-5,1.9757E-4,5.9269E-4,0.0014627,0.003141,0.0060269,0.008249,0.01001,0.012032
1500.0,1.8117E-6,8.5397E-6,3.5199E-5,1.3036E-4,3.9515E-4,9.8874E-4,0.0021521,0.0041677,0.0057312,0.00697,0.0083906
SA2P0
r\m,4.0,4.5,5.0,5.5,6.0,6.5,7.0,7.5,7.8,8.0,8.2
0.0,0.0028569,0.0081651,0.020508,0.046378,0.089125,0.14593,0.21215,0.27818,0.3081,0.32391,0.3385
1.0,0.0022491,0.0068079,0.017906,0.041844,0.082309,0.13648,0.19966,0.26298,0.29189,0.30734,0.32115
5.0,8.9218E-4,0.0031055,0.0094813,0.025463,0.056124,0.10073,0.15544,0.21316,0.23984,0.25497,0.2685
10.0,4.4419E-4,0.0016026,0.0051716,0.014928,0.036094,0.070927,0.11519,0.16348,0.18934,0.20542,0.22059
15.0,2.6284E-4,9.704E-4,0.0032228,0.0096999,0.024734,0.051281,0.087437,0.12949,0.15313,0.16816,0.18274
20.0,1.75E-4,6.6036E-4,0.0022632,0.0070405,0.018436,0.039361,0.069306,0.10625,0.12791,0.14219,0.15595
25.0,1.2608E-4,4.8758E-4,0.0017001,0.005408,0.014501,0.031562,0.056878,0.08978,0.10962,0.12325,0.13704
30.0,9.701E-5,3.8003E-4,0.0013432,0.0043378,0.011815,0.026152,0.04829,0.077571,0.096085,0.10879,0.12179
40.0,6.3809E-5,2.5596E-4,9.2571E-4,0.0030789,0.008548,0.019287,0.036707,0.060871,0.076633,0.087714,0.099418
50.0,4.6321E-5,1.8861E-4,6.9156E-4,0.0023453,0.0066171,0.015175,0.029667,0.050622,0.064355,0.074185,0.084537
60.0,3.7427E-5,1.5412E-4,5.6985E-4,0.0019549,0.0055972,0.013027,0.025859,0.04477,0.057284,0.066304,0.075856
70.0,3.3359E-5,1.3785E-4,5.1182E-4,0.0017759,0.0051282,0.012021,0.02405,0.042072,0.054115,0.062949,0.072386
80.0,3.0571E-5,1.273E-4,4.7604E-4,0.0016642,0.0048336,0.011399,0.022948,0.040366,0.052138,0.060778,0.070039
90.0,2.8437E-5,1.189E-4,4.4622E-4,0.0015701,0.0045869,0.01088,0.022033,0.038954,0.050429,0.058829,0.067842
100.0,2.6638E-5,1.1176E-4,4.2071E-4,0.0014892,0.0043759,0.010428,0.021207,0.037702,0.048859,0.05709,0.065946
110.0,2.5088E-5,1.056E-4,3.9876E-4,0.0014192,0.0041861,0.01002,0.020436,0.036416,0.047246,0.055198,0.063759
120.0,2.3697E-5,1.0017E-4,3.7963E-4,0.0013568,0.0040204,0.0096529,0.019726,0.035253,0.045738,0.05349,0.061848
130.0,2.2163E-5,9.4015E-5,3.5751E-4,0.0012831,0.003817,0.0091976,0.018855,0.033777,0.043898,0.0514,0.059502
140.0,2.0738E-5,8.8224E-5,3.3643E-4,0.0012125,0.0036205,0.0087545,0.017993,0.032327,0.042094,0.049349,0.057197
150.0,1.9441E-5,8.2978E-5,3.1742E-4,0.001149,0.0034433,0.0083723,0.017258,0.031013,0.040472,0.047582,0.055311
175.0,1.6593E-5,7.137E-5,2.7529E-4,0.0010076,0.0030549,0.0075041,0.015526,0.028036,0.036703,0.043136,0.050127
200.0,1.439E-5,6.2402E-5,2.4295E-4,8.9869E-4,0.0027447,0.0067782,0.014029,0.025348,0.033381,0.039433,0.046063
250.0,1.1419E-5,5.0209E-5,1.9761E-4,7.4207E-4,0.0022846,0.0056045,0.011682,0.021473,0.028498,0.03393,0.03995
300.0,9.3711E-6,4.182E-5,1.6683E-4,6.3144E-4,0.0019319,0.0047724,0.010154,0.018927,0.025146,0.029885,0.035123
350.0,7.9274E-6,3.566E-5,1.4324E-4,5.4579E-4,0.0016905,0.0042039,0.0090026,0.016861,0.022492,0.026805,0.031598
400.0,6.829E-6,3.0968E-5,1.2507E-4,4.7967E-4,0.0014934,0.003757,0.0080728,0.015225,0.020382,0.024355,0.028788
450.0,6.0829E-6,2.778E-5,1.1301E-4,4.3138E-4,0.0013391,0.0033504,0.0072195,0.013728,0.018457,0.02216,0.026322
500.0,5.4478E-6,2.5037E-5,1.0237E-4,3.9061E-4,0.0012045,0.0030153,0.006534,0.01249,0.016897,0.020334,0.024215
600.0,4.5164E-6,2.0922E-5,8.6268E-5,3.2804E-4,0.001016,0.0025635,0.0055657,0.010696,0.014601,0.017685,0.0212
700.0,3.7476E-6,1.7574E-5,7.3E-5,2.7822E-4,8.5714E-4,0.0021581,0.0047301,0.0091941,0.012613,0.015325,0.018437
800.0,3.1659E-6,1.4898E-5,6.2259E-5,2.3718E-4,7.3962E-4,0.0018887,0.0041597,0.0081405,0.011242,0.013724,0.016593
1000.0,2.1995E-6,1.0524E-5,4.4664E-5,1.7156E-4,5.455E-4,0.001423,0.0031684,0.0062816,0.0087945,0.010834,0.013213
1200.0,1.6677E-6,8.0625E-6,3.4503E-5,1.339E-4,4.2488E-4,0.0011083,0.0025099,0.0050571,0.0070923,0.0087403,0.010666
1500.0,1.1118E-6,5.4279E-6,2.3446E-5,9.1994E-5,2.9537E-4,7.8238E-4,0.0018007,0.003674,0.0051798,0.0064035,0.0078361
SA3P0
r\m,4.0,4.5,5.0,5.5,6.0,6.5,7.0,7.5,7.8,8.0,8.2
0.0,0.0011479,0.0032741,0.0084616,0.02023,0.041944,0.075002,0.1195,0.17106,0.19875,0.21517,0.23109
1.0,9.0342E-4,0.0027297,0.0073884,0.018255,0.03874,0.070143,0.11245,0.16169,0.18826,0.20412,0.2192
5.0,3.5858E-4,0.0012458,0.0039144,0.011114,0.026428,0.051785,0.08756,0.13106,0.15466,0.1693,0.18318
10.0,1.7885E-4,6.4431E-4,0.0021398,0.0065292,0.017028,0.036524,0.064953,0.10055,0.12211,0.1364,0.15048
15.0,1.0604E-4,3.9103E-4,0.0013367,0.0042525,0.011693,0.026451,0.049364,0.079696,0.098791,0.11167,0.12465
20.0,7.0731E-5,2.6665E-4,9.4093E-4,0.0030942,0.0087349,0.020338,0.039179,0.065453,0.08257,0.094465,0.1064
25.0,5.1045E-5,1.9729E-4,7.0844E-4,0.0023825,0.0068867,0.01634,0.032201,0.05536,0.07081,0.081926,0.093536
30.0,3.9338E-5,1.5407E-4,5.6093E-4,0.0019153,0.005623,0.013564,0.02738,0.04788,0.062116,0.072358,0.08316
40.0,2.5949E-5,1.0414E-4,3.8811E-4,0.0013651,0.0040839,0.010036,0.020868,0.037645,0.049616,0.058411,0.067952
50.0,1.8889E-5,7.6993E-5,2.9101E-4,0.0010438,0.0031727,0.0079217,0.016909,0.031368,0.041727,0.049457,0.057826
60.0,1.5302E-5,6.3108E-5,2.4062E-4,8.7311E-4,0.0026927,0.0068203,0.014774,0.027792,0.037194,0.044252,0.051932
70.0,1.368E-5,5.6651E-5,2.1696E-4,7.9638E-4,0.0024766,0.0063149,0.013779,0.026172,0.035195,0.042072,0.049614
80.0,1.2569E-5,5.2478E-5,2.0249E-4,7.4889E-4,0.0023421,0.0060055,0.013179,0.025155,0.033956,0.040668,0.048049
90.0,1.172E-5,4.9157E-5,1.9042E-4,7.0891E-4,0.0022297,0.0057484,0.012682,0.024316,0.032885,0.039405,0.04658
100.0,1.1004E-5,4.6335E-5,1.801E-4,6.7454E-4,0.0021335,0.005524,0.012233,0.023572,0.031901,0.038279,0.045314
110.0,1.0388E-5,4.3905E-5,1.7122E-4,6.4485E-4,0.0020471,0.0053218,0.011814,0.022804,0.030886,0.037048,0.043846
120.0,9.8329E-6,4.1755E-5,1.6347E-4,6.1836E-4,0.0019717,0.0051397,0.011427,0.022109,0.029935,0.035936,0.042564
130.0,9.2152E-6,3.9288E-5,1.5438E-4,5.8642E-4,0.001877,0.0049091,0.010944,0.021213,0.028762,0.034562,0.040979
140.0,8.6394E-6,3.6956E-5,1.4566E-4,5.557E-4,0.0017851,0.0046835,0.010463,0.02033,0.02761,0.033212,0.039418
150.0,8.1151E-6,3.4843E-5,1.3781E-4,5.2808E-4,0.0017023,0.0044899,0.010055,0.019532,0.026576,0.032054,0.038149
175.0,6.9575E-6,3.0137E-5,1.2027E-4,4.6612E-4,0.0015199,0.0040473,0.0090877,0.017716,0.024164,0.029119,0.034629
200.0,6.0585E-6,2.6486E-5,1.0677E-4,4.1833E-4,0.0013737,0.0036751,0.0082451,0.016064,0.022026,0.026668,0.031869
250.0,4.8444E-6,2.1518E-5,8.7799E-5,3.4944E-4,0.0011562,0.0030672,0.0069173,0.013685,0.01889,0.023037,0.027731
300.0,4.0011E-6,1.8074E-5,7.4853E-5,3.0041E-4,9.8695E-4,0.0026336,0.0060549,0.012128,0.016741,0.020365,0.024453
350.0,3.4039E-6,1.5528E-5,6.4823E-5,2.6205E-4,8.7147E-4,0.0023388,0.0054049,0.01086,0.015038,0.018332,0.022068
400.0,2.9467E-6,1.3575E-5,5.7046E-5,2.3223E-4,7.7615E-4,0.002106,0.0048771,0.0098559,0.013684,0.016719,0.020172
450.0,2.6363E-6,1.2251E-5,5.1911E-5,2.1045E-4,7.0115E-4,0.0018904,0.0043861,0.0089281,0.012441,0.015267,0.018506
500.0,2.3699E-6,1.1101E-5,4.7329E-5,1.9191E-4,6.3493E-4,0.0017118,0.0039913,0.0081608,0.011436,0.014064,0.017086
600.0,1.9814E-6,9.3808E-6,4.0428E-5,1.6353E-4,5.4333E-4,0.0014751,0.0034411,0.0070645,0.0099838,0.012353,0.015107
700.0,1.6519E-6,7.947E-6,3.4549E-5,1.4025E-4,4.6357E-4,0.0012554,0.0029549,0.006133,0.0087075,0.010808,0.013265
800.0,1.4018E-6,6.7816E-6,2.9734E-5,1.2081E-4,4.046E-4,0.0011119,0.0026297,0.0054964,0.0078573,0.0098002,0.012094
1000.0,9.7639E-7,4.8322E-6,2.1615E-5,8.8819E-5,3.0407E-4,8.5514E-4,0.0020473,0.0043427,0.0063025,0.0079418,0.009899
1200.0,7.4483E-7,3.7482E-6,1.698E-5,7.0755E-5,2.4204E-4,6.8139E-4,0.0016631,0.0035948,0.0052298,0.0065972,0.0082358
1500.0,4.9887E-7,2.5598E-6,1.1786E-5,4.9959E-5,1.7361E-4,4.983E-4,0.0012423,0.0027351,0.0040083,0.0050827,0.0063786
SA4P0
r\m,4.0,4.5,5.0,5.5,6.0,6.5,7.0,7.5,7.8,8.0,8.2
0.0,5.9753E-4,0.0017044,0.0044882,0.011123,0.024237,0.045975,0.078037,0.11892,0.14312,0.15839,0.17367
1.0,4.7025E-4,0.001421,0.0039195,0.010039,0.022389,0.043001,0.073439,0.11241,0.13556,0.15025,0.16472
5.0,1.8676E-4,6.4896E-4,0.0020779,0.0061162,0.015283,0.031764,0.057206,0.091141,0.11138,0.12462,0.13765
10.0,9.3265E-5,3.3611E-4,0.0011377,0.0035983,0.0098612,0.022431,0.042473,0.069955,0.087964,0.10043,0.11308
15.0,5.537E-5,2.0429E-4,7.1179E-4,0.0023473,0.0067819,0.016265,0.03231,0.055481,0.071198,0.082243,0.093686
20.0,3.6976E-5,1.3951E-4,5.0184E-4,0.0017108,0.0050737,0.012522,0.02567,0.045599,0.059538,0.069598,0.079989
25.0,2.6715E-5,1.0337E-4,3.7843E-4,0.0013194,0.0040064,0.010074,0.02112,0.038595,0.051087,0.060386,0.070343
30.0,2.061E-5,8.0827E-5,3.0007E-4,0.0010623,0.003276,0.008373,0.017977,0.033406,0.044841,0.053358,0.06256
40.0,1.3623E-5,5.4763E-5,2.0819E-4,7.5931E-4,0.0023858,0.0062103,0.013729,0.026303,0.035857,0.043113,0.051156
50.0,9.9356E-6,4.0582E-5,1.565E-4,5.8212E-4,0.0018583,0.004913,0.011145,0.021949,0.030188,0.036535,0.04356
60.0,8.063E-6,3.3336E-5,1.2971E-4,4.8815E-4,0.0015809,0.0042391,0.0097557,0.019473,0.026936,0.032717,0.039144
70.0,7.2231E-6,2.9996E-5,1.1727E-4,4.4646E-4,0.0014579,0.0039341,0.0091163,0.018364,0.025518,0.031134,0.037425
80.0,6.6477E-6,2.7845E-5,1.097E-4,4.2087E-4,0.0013819,0.0037491,0.0087341,0.017672,0.024644,0.030119,0.036268
90.0,6.2091E-6,2.6136E-5,1.0339E-4,3.9932E-4,0.0013185,0.0035957,0.0084185,0.017104,0.023889,0.029206,0.035178
100.0,5.8391E-6,2.4683E-5,9.7999E-5,3.808E-4,0.0012643,0.0034619,0.008133,0.016599,0.023194,0.028391,0.034241
110.0,5.5202E-6,2.3432E-5,9.336E-5,3.6483E-4,0.0012156,0.0033413,0.0078659,0.016077,0.022476,0.027497,0.033148
120.0,5.2331E-6,2.2324E-5,8.9316E-5,3.5056E-4,0.0011732,0.0032328,0.0076194,0.015604,0.021802,0.026689,0.032196
130.0,4.911E-6,2.104E-5,8.4506E-5,3.3311E-4,0.001119,0.003093,0.0073076,0.014986,0.020963,0.025685,0.031011
140.0,4.6102E-6,1.9824E-5,7.9881E-5,3.1627E-4,0.0010662,0.0029558,0.0069958,0.014376,0.020139,0.024696,0.029843
150.0,4.3361E-6,1.8721E-5,7.5712E-5,3.0112E-4,0.0010186,0.0028383,0.0067324,0.013826,0.019399,0.02385,0.028896
175.0,3.7286E-6,1.6253E-5,6.6359E-5,2.6698E-4,9.1341E-4,0.0025685,0.0061038,0.012569,0.017669,0.021695,0.026255
200.0,3.2554E-6,1.4332E-5,5.914E-5,2.406E-4,8.2889E-4,0.0023406,0.0055535,0.011419,0.016129,0.019892,0.024183
250.0,2.6153E-6,1.1716E-5,4.8978E-5,2.025E-4,7.0273E-4,0.0019658,0.0046826,0.0097635,0.013871,0.017221,0.02108
300.0,2.1682E-6,9.8922E-6,4.2013E-5,1.7523E-4,6.0355E-4,0.0016971,0.0041171,0.0086811,0.012323,0.015253,0.018613
350.0,1.8503E-6,8.5355E-6,3.6573E-5,1.5371E-4,5.3591E-4,0.0015146,0.0036901,0.007796,0.011094,0.013755,0.016821
400.0,1.6057E-6,7.4894E-6,3.2331E-5,1.3689E-4,4.7961E-4,0.0013699,0.0033417,0.0070936,0.010115,0.012564,0.015395
450.0,1.4393E-6,6.7799E-6,2.9535E-5,1.2459E-4,4.351E-4,0.0012342,0.0030144,0.0064405,0.009213,0.011491,0.014141
500.0,1.2957E-6,6.159E-6,2.7018E-5,1.1404E-4,3.9545E-4,0.0011213,0.0027507,0.0058996,0.0084838,0.010601,0.013073
600.0,1.0859E-6,5.2282E-6,2.3222E-5,9.7855E-5,3.4081E-4,9.7263E-4,0.0023849,0.0051309,0.0074366,0.0093471,0.011601
700.0,9.0529E-7,4.4398E-6,1.9917E-5,8.4312E-5,2.9219E-4,8.3161E-4,0.0020567,0.0044713,0.0065088,0.0082055,0.010221
800.0,7.6741E-7,3.7915E-6,1.7184E-5,7.2888E-5,2.5611E-4,7.3994E-4,0.0018387,0.0040256,0.0059003,0.0074755,0.0093643
1000.0,5.3073E-7,2.6942E-6,1.25E-5,5.3752E-5,1.9344E-4,5.727E-4,0.0014419,0.0032071,0.0047761,0.0061175,0.0077457
1200.0,4.0157E-7,2.0826E-6,9.8198E-6,4.2948E-5,1.5469E-4,4.5906E-4,0.0011804,0.002681,0.0040057,0.0051396,0.0065233
1500.0,2.6388E-7,1.4059E-6,6.7771E-6,3.0312E-5,1.1135E-4,3.3822E-4,8.9222E-4,0.0020742,0.0031288,0.004043,0.0051695
SA5P0
r\m,4.0,4.5,5.0,5.5,6.0,6.5,7.0,7.5,7.8,8.0,8.2
0.0,3.5624E-4,0.0010182,0.0027231,0.0069386,0.015703,0.03116,0.05553,0.088855,0.10995,0.12383,0.13805
1.0,2.8037E-4,8.4905E-4,0.0023784,0.0062632,0.014508,0.029147,0.052262,0.08399,0.10415,0.11747,0.13093
5.0,1.1141E-4,3.8797E-4,0.0012617,0.0038185,0.0099099,0.021543,0.040729,0.068122,0.085587,0.097446,0.10942
10.0,5.5688E-5,2.0117E-4,6.916E-4,0.0022491,0.0064013,0.015228,0.030262,0.052311,0.067614,0.078546,0.089905
15.0,3.3094E-5,1.2241E-4,4.3324E-4,0.001469,0.0044075,0.011053,0.02304,0.041511,0.054748,0.064342,0.074499
20.0,2.212E-5,8.3682E-5,3.0582E-4,0.001072,0.0033012,0.0085179,0.018319,0.034137,0.045803,0.054468,0.063623
25.0,1.5996E-5,6.2068E-5,2.3089E-4,8.278E-4,0.0026099,0.0068598,0.015085,0.028912,0.039319,0.047277,0.055967
30.0,1.2351E-5,4.8584E-5,1.8328E-4,6.6724E-4,0.0021365,0.0057075,0.012851,0.02504,0.034528,0.04179,0.049789
40.0,8.1766E-6,3.298E-5,1.2743E-4,4.7799E-4,0.0015593,0.0042413,0.0098295,0.019739,0.027636,0.033791,0.040736
50.0,5.9726E-6,2.4484E-5,9.5987E-5,3.6721E-4,0.0012169,0.0033614,0.0079918,0.01649,0.023287,0.028655,0.034705
60.0,4.8539E-6,2.0147E-5,7.9709E-5,3.0854E-4,0.0010373,0.0029053,0.0070055,0.014646,0.020796,0.025678,0.031203
70.0,4.3548E-6,1.8161E-5,7.2203E-5,2.8278E-4,9.5846E-4,0.0027011,0.0065561,0.013827,0.019718,0.024453,0.02985
80.0,4.0134E-6,1.6886E-5,6.7669E-5,2.6707E-4,9.1016E-4,0.0025783,0.0062896,0.01332,0.019057,0.023671,0.028941
90.0,3.7534E-6,1.5874E-5,6.3888E-5,2.5385E-4,8.699E-4,0.0024766,0.0060703,0.012903,0.018488,0.022967,0.028084
100.0,3.5341E-6,1.5014E-5,6.0655E-5,2.425E-4,8.3558E-4,0.0023881,0.0058715,0.012534,0.017962,0.022338,0.027347
110.0,3.345E-6,1.4274E-5,5.7877E-5,2.3271E-4,8.0466E-4,0.0023082,0.0056855,0.01215,0.017418,0.021646,0.026485
120.0,3.1746E-6,1.3618E-5,5.5455E-5,2.2397E-4,7.7778E-4,0.0022363,0.0055137,0.011803,0.016906,0.021021,0.025733
130.0,2.9824E-6,1.2852E-5,5.2546E-5,2.1315E-4,7.4296E-4,0.0021425,0.0052938,0.011345,0.016265,0.020239,0.024795
140.0,2.8026E-6,1.2124E-5,4.974E-5,2.0267E-4,7.0892E-4,0.0020501,0.0050732,0.010891,0.015634,0.019469,0.023869
150.0,2.6386E-6,1.1464E-5,4.721E-5,1.9325E-4,6.7823E-4,0.0019711,0.0048873,0.010482,0.015069,0.018811,0.02312
175.0,2.2741E-6,9.9808E-6,4.1513E-5,1.7192E-4,6.1022E-4,0.0017891,0.0044418,0.0095456,0.013742,0.017127,0.02102
200.0,1.9895E-6,8.8242E-6,3.7107E-5,1.5542E-4,5.5545E-4,0.0016348,0.00405,0.0086854,0.012558,0.015717,0.019373
250.0,1.6039E-6,7.2465E-6,3.0894E-5,1.3155E-4,4.7348E-4,0.0013795,0.0034278,0.0074458,0.010821,0.013628,0.016905
300.0,1.3333E-6,6.1414E-6,2.6619E-5,1.1437E-4,4.085E-4,0.0011957,0.0030236,0.0066353,0.0096293,0.012085,0.014939
350.0,1.1402E-6,5.3153E-6,2.3258E-5,1.0073E-4,3.6416E-4,0.0010709,0.0027176,0.0059701,0.0086803,0.010908,0.013508
400.0,9.9094E-7,4.6752E-6,2.0623E-5,9.0017E-5,3.2699E-4,9.7151E-4,0.0024668,0.0054409,0.0079236,0.009972,0.01237
450.0,8.8915E-7,4.2404E-6,1.8888E-5,8.2157E-5,2.9748E-4,8.7741E-4,0.0022294,0.0049464,0.0072232,0.0091257,0.011367
500.0,8.0083E-7,3.8574E-6,1.7313E-5,7.5378E-5,2.7099E-4,7.9878E-4,0.0020377,0.0045359,0.0066567,0.0084236,0.010512
600.0,6.7146E-7,3.281E-6,1.4929E-5,6.4935E-5,2.3449E-4,6.9539E-4,0.0017719,0.0039533,0.0058447,0.0074379,0.0093396
700.0,5.5881E-7,2.7867E-6,1.2819E-5,5.6059E-5,2.0148E-4,5.958E-4,0.0015308,0.0034498,0.0051213,0.0065359,0.0082361
800.0,4.7238E-7,2.3766E-6,1.106E-5,4.8504E-5,1.7685E-4,5.31E-4,0.0013707,0.0031109,0.0046497,0.005964,0.007559
1000.0,3.234E-7,1.6776E-6,8.0141E-6,3.57E-5,1.3351E-4,4.1122E-4,0.0010763,0.0024835,0.0037739,0.004896,0.0062757
1200.0,2.4159E-7,1.2851E-6,6.2572E-6,2.842E-5,1.0654E-4,3.2936E-4,8.8181E-4,0.0020813,0.0031756,0.0041296,0.0053101
1500.0,1.5453E-7,8.4972E-7,4.2513E-6,1.9837E-5,7.613E-5,2.4174E-4,6.6659E-4,0.0016172,0.0024967,0.0032755,0.0042512
SA7P5
r\m,4.0,4.5,5.0,5.5,6.0,6.5,7.0,7.5,7.8,8.0,8.2
0.0,1.3441E-4,3.8792E-4,0.0010714,0.0028783,0.0069866,0.015054,0.029328,0.051337,0.066891,0.077843,0.08953
1.0,1.058E-4,3.2355E-4,9.3608E-4,0.0025991,0.0064573,0.014086,0.027609,0.048533,0.063365,0.073849,0.084917
5.0,4.2089E-5,1.4804E-4,4.9728E-4,0.0015869,0.0044167,0.010424,0.021538,0.039394,0.052102,0.061288,0.070987
10.0,2.1076E-5,7.692E-5,2.7319E-4,9.3673E-4,0.0028591,0.0073829,0.016027,0.030282,0.041193,0.049432,0.058353
15.0,1.2548E-5,4.6904E-5,1.7152E-4,6.1324E-4,0.0019729,0.0053688,0.012221,0.024057,0.033383,0.04052,0.048376
20.0,8.4015E-6,3.2128E-5,1.2134E-4,4.4854E-4,0.0014809,0.0041453,0.0097327,0.019807,0.027954,0.034326,0.041336
25.0,6.0855E-6,2.3877E-5,9.181E-5,3.4713E-4,0.0011733,0.0033449,0.0080274,0.016795,0.024019,0.029816,0.036383
30.0,4.7064E-6,1.8725E-5,7.3032E-5,2.804E-4,9.625E-4,0.0027882,0.0068493,0.014563,0.021111,0.026375,0.032385
40.0,3.1251E-6,1.2757E-5,5.0978E-5,2.017E-4,7.0525E-4,0.0020794,0.0052544,0.011506,0.016927,0.021358,0.026527
50.0,2.2894E-6,9.5029E-6,3.8543E-5,1.5556E-4,5.5248E-4,0.0016536,0.0042843,0.0096327,0.014287,0.018136,0.022622
60.0,1.8656E-6,7.8451E-6,3.2121E-5,1.3119E-4,4.726E-4,0.0014338,0.0037657,0.0085729,0.01278,0.016273,0.02036
70.0,1.6786E-6,7.0952E-6,2.9203E-5,1.2069E-4,4.3828E-4,0.0013374,0.0035338,0.0081106,0.012137,0.015517,0.019496
80.0,1.5509E-6,6.6174E-6,2.7461E-5,1.1438E-4,4.176E-4,0.0012805,0.0033988,0.0078275,0.011747,0.015039,0.01892
90.0,1.454E-6,6.239E-6,2.601E-5,1.0908E-4,4.0042E-4,0.0012336,0.0032881,0.0075963,0.011412,0.014607,0.018375
100.0,1.3722E-6,5.9175E-6,2.4771E-5,1.0454E-4,3.8581E-4,0.0011928,0.0031878,0.0073916,0.011102,0.014222,0.017906
110.0,1.3017E-6,5.6409E-6,2.3707E-5,1.0063E-4,3.7265E-4,0.001156,0.0030936,0.0071769,0.010779,0.013795,0.017354
120.0,1.2381E-6,5.3955E-6,2.278E-5,9.7137E-5,3.6123E-4,0.0011229,0.0030065,0.0069825,0.010474,0.013409,0.016873
130.0,1.1655E-6,5.1044E-6,2.1644E-5,9.2707E-5,3.4601E-4,0.0010784,0.0028925,0.0067213,0.010088,0.012921,0.016268
140.0,1.0973E-6,4.8267E-6,2.0542E-5,8.8389E-5,3.3103E-4,0.0010343,0.0027773,0.0064616,0.0097072,0.012439,0.015669
150.0,1.035E-6,4.5743E-6,1.9547E-5,8.4505E-5,3.1752E-4,9.9683E-4,0.0026807,0.0062275,0.0093659,0.012028,0.015186
175.0,8.9583E-7,4.0037E-6,1.7291E-5,7.5649E-5,2.8741E-4,9.0971E-4,0.002447,0.0056888,0.0085607,0.010971,0.013823
200.0,7.8663E-7,3.5565E-6,1.554E-5,6.8779E-5,2.6307E-4,8.3535E-4,0.0022399,0.00519,0.0078381,0.010082,0.012752
250.0,6.3821E-7,2.9448E-6,1.3061E-5,5.88E-5,2.2643E-4,7.1087E-4,0.0019085,0.0044695,0.0067756,0.0087617,0.011143
300.0,5.3305E-7,2.5121E-6,1.1341E-5,5.1548E-5,1.9689E-4,6.204E-4,0.0016926,0.0039974,0.0060436,0.0077817,0.0098543
350.0,4.5738E-7,2.1853E-6,9.9715E-6,4.5707E-5,1.7669E-4,5.5888E-4,0.0015281,0.0036066,0.0054572,0.0070308,0.0089135
400.0,3.9837E-7,1.9295E-6,8.8854E-6,4.1068E-5,1.595E-4,5.0941E-4,0.0013919,0.0032937,0.0049871,0.0064309,0.0081622
450.0,3.5784E-7,1.7547E-6,8.1682E-6,3.7643E-5,1.4572E-4,4.6169E-4,0.0012612,0.0029984,0.0045489,0.0058857,0.0074975
500.0,3.223E-7,1.5987E-6,7.5069E-6,3.4649E-5,1.3317E-4,4.2145E-4,0.001155,0.002752,0.004193,0.0054318,0.0069298
600.0,2.697E-7,1.3611E-6,6.4937E-6,2.9978E-5,1.1574E-4,3.683E-4,0.0010068,0.0024008,0.0036817,0.0047937,0.0061509
700.0,2.2307E-7,1.1527E-6,5.5708E-6,2.5891E-5,9.9536E-5,3.1575E-4,8.6977E-4,0.0020934,0.0032217,0.0042057,0.0054146
800.0,1.8687E-7,9.7693E-7,4.788E-6,2.235E-5,8.7249E-5,2.8113E-4,7.7799E-4,0.0018854,0.0029213,0.003833,0.0049641
1000.0,1.2439E-7,6.7481E-7,3.4121E-6,1.624E-5,6.5206E-5,2.1595E-4,6.0679E-4,0.0014972,0.0023611,0.003136,0.0041116
1200.0,8.9548E-8,5.0169E-7,2.6003E-6,1.2679E-5,5.1207E-5,1.7071E-4,4.9224E-4,0.0012467,0.0019778,0.0026368,0.0034737
1500.0,5.3081E-8,3.1121E-7,1.6747E-6,8.4687E-6,3.5299E-5,1.2183E-4,3.6481E-4,9.583E-4,0.001546,0.0020874,0.0027869
SA10P0
r\m,4.0,4.5,5.0,5.5,6.0,6.5,7.0,7.5,7.8,8.0,8.2
0.0,6.6038E-5,1.9285E-4,5.4693E-4,0.0015292,0.003906,0.0089279,0.018531,0.034577,0.046746,0.055695,0.065513
1.0,5.1989E-5,1.6089E-4,4.7799E-4,0.0013812,0.0036111,0.0083558,0.017448,0.032693,0.044287,0.052842,0.062141
5.0,2.0703E-5,7.3689E-5,2.5421E-4,8.4429E-4,0.0024727,0.0061896,0.013623,0.026554,0.036434,0.043872,0.051963
10.0,1.0381E-5,3.8347E-5,1.3988E-4,4.992E-4,0.0016032,0.0043901,0.010149,0.02043,0.028825,0.035404,0.042732
15.0,6.1882E-6,2.3418E-5,8.7965E-5,3.2734E-4,0.001108,0.003197,0.0077482,0.016244,0.023375,0.029037,0.035441
20.0,4.1487E-6,1.6064E-5,6.2331E-5,2.3982E-4,8.3299E-4,0.0024719,0.0061776,0.013386,0.019587,0.024613,0.030296
25.0,3.0087E-6,1.1956E-5,4.7234E-5,1.859E-4,6.6101E-4,0.0019974,0.0051012,0.01136,0.016841,0.021391,0.026678
30.0,2.3297E-6,9.3891E-6,3.763E-5,1.5039E-4,5.4305E-4,0.0016672,0.0043575,0.0098589,0.014813,0.018933,0.023757
40.0,1.5505E-6,6.4134E-6,2.6343E-5,1.0851E-4,3.9905E-4,0.0012466,0.0033501,0.0078025,0.011893,0.015348,0.019476
50.0,1.1383E-6,4.7896E-6,1.9972E-5,8.3919E-5,3.1347E-4,9.9375E-4,0.0027373,0.0065426,0.010051,0.013046,0.016622
60.0,9.2953E-7,3.9636E-6,1.6688E-5,7.0962E-5,2.6884E-4,8.6373E-4,0.0024108,0.0058316,0.0090006,0.011717,0.014971
70.0,8.3805E-7,3.5933E-6,1.5211E-5,6.5457E-5,2.4997E-4,8.0757E-4,0.0022668,0.0055253,0.0085578,0.011184,0.014347
80.0,7.758E-7,3.3589E-6,1.4339E-5,6.2193E-5,2.3875E-4,7.7489E-4,0.0021841,0.0053398,0.0082921,0.010848,0.013931
90.0,7.2865E-7,3.1736E-6,1.3614E-5,5.9455E-5,2.2946E-4,7.4807E-4,0.0021167,0.0051888,0.0080633,0.010545,0.013538
100.0,6.8888E-7,3.0163E-6,1.2994E-5,5.7111E-5,2.2159E-4,7.2477E-4,0.0020556,0.0050552,0.0078518,0.010275,0.0132
110.0,6.5458E-7,2.881E-6,1.2463E-5,5.5099E-5,2.1449E-4,7.0378E-4,0.001998,0.0049141,0.00763,0.0099733,0.0128
120.0,6.2355E-7,2.7609E-6,1.2E-5,5.3301E-5,2.0835E-4,6.8488E-4,0.0019448,0.0047864,0.0074208,0.0097005,0.012451
130.0,5.8786E-7,2.6166E-6,1.1425E-5,5.0974E-5,1.9996E-4,6.5894E-4,0.0018737,0.0046121,0.007153,0.0093534,0.012009
140.0,5.5427E-7,2.4785E-6,1.0864E-5,4.8696E-5,1.9167E-4,6.3309E-4,0.0018016,0.0044384,0.0068879,0.0090097,0.011572
150.0,5.2354E-7,2.3529E-6,1.0357E-5,4.6645E-5,1.8419E-4,6.1113E-4,0.0017413,0.0042817,0.0066504,0.0087167,0.01122
175.0,4.5457E-7,2.0673E-6,9.2009E-6,4.1943E-5,1.6744E-4,5.5987E-4,0.0015944,0.0039198,0.0060882,0.0079595,0.01022
200.0,4.0027E-7,1.8427E-6,8.3012E-6,3.8288E-5,1.5385E-4,5.1588E-4,0.0014635,0.0035828,0.0055816,0.0073213,0.0094334
250.0,3.2624E-7,1.5348E-6,7.0237E-6,3.2963E-5,1.3332E-4,4.4158E-4,0.0012526,0.0030948,0.0048347,0.0063713,0.0082492
300.0,2.734E-7,1.3152E-6,6.1317E-6,2.9061E-5,1.1655E-4,3.8718E-4,0.001115,0.002774,0.004318,0.0056626,0.0072957
350.0,2.3512E-7,1.148E-6,5.4136E-6,2.5883E-5,1.0504E-4,3.5007E-4,0.0010093,0.0025066,0.0039018,0.0051171,0.006597
400.0,2.0505E-7,1.0161E-6,4.8389E-6,2.3336E-5,9.5141E-5,3.1998E-4,9.2116E-4,0.0022911,0.0035663,0.0046793,0.0060368
450.0,1.8425E-7,9.2536E-7,4.458E-6,2.1443E-5,8.7127E-5,2.9057E-4,8.3564E-4,0.0020863,0.003252,0.0042796,0.0055394
500.0,1.6587E-7,8.436E-7,4.1023E-6,1.977E-5,7.9745E-5,2.6555E-4,7.6566E-4,0.0019144,0.0029956,0.0039457,0.0051136
600.0,1.3838E-7,7.1748E-7,3.5502E-6,1.7125E-5,6.9401E-5,2.3224E-4,6.673E-4,0.0016679,0.0026248,0.0034736,0.0045258
700.0,1.1373E-7,6.0511E-7,3.0372E-6,1.4763E-5,5.9587E-5,1.9875E-4,5.7517E-4,0.00145,0.0022893,0.0030368,0.0039695
800.0,9.4422E-8,5.0926E-7,2.5964E-6,1.2689E-5,5.2038E-5,1.7634E-4,5.1263E-4,0.0013011,0.002068,0.0027572,0.0036258
1000.0,6.1204E-8,3.441E-7,1.8166E-6,9.0756E-6,3.8357E-5,1.3378E-4,3.9527E-4,0.0010225,0.0016554,0.0022357,0.0029784
1200.0,4.2496E-8,2.4804E-7,1.3479E-6,6.9244E-6,2.9518E-5,1.0388E-4,3.1578E-4,8.4082E-4,0.0013716,0.0018616,0.0024953
1500.0,2.3386E-8,1.442E-7,8.2033E-7,4.4031E-6,1.9501E-5,7.1517E-5,2.2732E-4,6.3242E-4,0.0010538,0.001453,0.0019805
