PGA
r\m,4.0,4.5,5.0,5.5,6.0,6.5,7.0,7.5,7.8,8.0,8.2
0.0,1.374,1.374,1.374,1.374,1.374,1.374,1.374,1.374,1.374,1.374,1.374
1.0,1.2709,1.3269,1.3623,1.372,1.372,1.372,1.372,1.372,1.372,1.372,1.372
5.0,0.3862,0.57031,0.77452,0.97056,1.1274,1.2282,1.2894,1.3208,1.326,1.326,1.326
10.0,0.11772,0.20078,0.32484,0.49406,0.69077,0.87334,1.0207,1.1274,1.1796,1.2,1.2112
15.0,0.053516,0.095375,0.16401,0.27058,0.41871,0.58961,0.75971,0.90954,0.99107,1.038,1.0841
20.0,0.02994,0.05442,0.09617,0.1647,0.2687,0.4049,0.5611,0.7198,0.8148,0.8737,0.93406
25.0,0.01821,0.03338,0.05968,0.1042,0.1756,0.2789,0.4109,0.5645,0.6622,0.7265,0.79476
30.0,0.01225,0.0226,0.04067,0.07189,0.1232,0.2019,0.3094,0.446,0.5409,0.6066,0.67817
40.0,0.006691,0.01246,0.02268,0.04054,0.07078,0.12,0.194,0.2964,0.3727,0.4285,0.49075
50.0,0.004179,0.007841,0.01444,0.026,0.04599,0.07979,0.1343,0.2157,0.2819,0.3334,0.39321
60.0,0.003299,0.00625,0.01159,0.02098,0.03727,0.06494,0.1099,0.1781,0.2341,0.2782,0.32983
70.0,0.00266,0.005089,0.009511,0.0173,0.03085,0.05397,0.09173,0.1495,0.1975,0.2354,0.2801
80.0,0.00218,0.004216,0.007939,0.01452,0.02599,0.04561,0.07779,0.1274,0.1688,0.2017,0.24054
90.0,0.001814,0.003544,0.006726,0.01235,0.0222,0.03909,0.06681,0.1099,0.146,0.1747,0.20854
100.0,0.001528,0.003015,0.005768,0.01064,0.0192,0.03392,0.05807,0.0959,0.1276,0.153,0.18299
110.0,0.0013,0.002593,0.004998,0.009265,0.01677,0.02973,0.05099,0.0845,0.1126,0.1352,0.16203
120.0,0.001116,0.002249,0.00437,0.008139,0.01479,0.0263,0.04517,0.0751,0.1002,0.1204,0.14451
130.0,9.622E-4,0.001959,0.003834,0.007182,0.0131,0.02335,0.04018,0.06697,0.0895,0.1077,0.12941
140.0,8.322E-4,0.001712,0.003371,0.006358,0.01164,0.0208,0.0359,0.05997,0.08033,0.09681,0.11648
150.0,7.244E-4,0.001505,0.002982,0.005663,0.01041,0.01863,0.03225,0.05403,0.07252,0.08752,0.10546
175.0,5.243E-4,0.001115,0.002245,0.004335,0.008041,0.01448,0.02522,0.04248,0.05734,0.06946,0.083981
200.0,3.899E-4,8.488E-4,0.001736,0.003406,0.006377,0.01155,0.02024,0.03426,0.04643,0.05641,0.068421
250.0,2.225E-4,5.058E-4,0.00107,0.002156,0.004118,0.007577,0.01352,0.02316,0.03158,0.0385,0.046852
300.0,1.355E-4,3.209E-4,7.016E-4,0.00145,0.002826,0.005278,0.009573,0.01659,0.02274,0.02783,0.033996
350.0,8.641E-5,2.13E-4,4.817E-4,0.00102,0.002026,0.003842,0.007059,0.01239,0.01708,0.02099,0.025752
400.0,5.701E-5,1.461E-4,3.416E-4,7.4E-4,0.001498,0.002885,0.005362,0.009545,0.01323,0.01631,0.020078
450.0,3.845E-5,1.023E-4,2.47E-4,5.473E-4,0.001129,0.002208,0.004152,0.007492,0.01044,0.01293,0.015982
500.0,2.658E-5,7.329E-5,1.826E-4,4.137E-4,8.7E-4,0.001727,0.003285,0.006002,0.008412,0.01045,0.012959
600.0,1.351E-5,3.979E-5,1.049E-4,2.49E-4,5.446E-4,0.001112,0.002165,0.004034,0.005718,0.007156,0.0089409
700.0,7.317E-6,2.289E-5,6.368E-5,1.579E-4,3.589E-4,7.54E-4,0.0015,0.0028485,0.004082,0.005142,0.0064672
800.0,4.167E-6,1.378E-5,4.029E-5,1.043E-4,2.458E-4,5.309E-4,0.00108,0.00209,0.003023,0.003832,0.0049902
1000.0,1.517E-6,5.534E-6,1.769E-5,4.982E-5,1.252E-4,2.857E-4,6.069E-4,0.0012165,0.001794,0.002301,0.0029462
1200.0,6.243E-7,2.469E-6,8.544E-6,2.595E-5,6.927E-5,1.665E-4,3.69E-4,7.647E-4,0.0011485,0.00149,0.0019276
1500.0,1.4442E-7,6.6519E-7,2.7112E-6,9.5423E-6,2.8682E-5,7.5949E-5,1.8071E-4,3.9611E-4,6.1392E-4,8.1185E-4,0.0010714
PGV
r\m,4.0,4.5,5.0,5.5,6.0,6.5,7.0,7.5,7.8,8.0,8.2
0.0,11.869,18.048,25.29,29.52,33.69,39.69,50.7,64.6,76.96,87.22,98.871
1.0,9.7222,16.073,23.872,29.094,33.959,40.257,51.24,65.246,77.717,87.12,96.658
5.0,1.9767,4.4388,9.1063,16.007,24.54,34.184,46.836,62.195,75.259,84.83,94.436
10.0,0.6576,1.5896,3.6017,7.4557,14.014,23.689,37.025,53.891,67.761,78.53,90.585
15.0,0.33502,0.83368,1.9591,4.297,8.7935,16.49,28.387,45.006,58.956,70.26,83.755
20.0,0.2058,0.5212,1.251,2.829,6.053,12.03,22.09,37.44,50.81,61.69,74.73
25.0,0.1336,0.3415,0.8348,1.933,4.254,8.86,17.33,31.09,43.5,53.84,66.458
30.0,0.09543,0.2456,0.6078,1.428,3.192,6.835,13.95,26.09,37.56,47.34,59.518
40.0,0.05771,0.151,0.3797,0.9104,2.099,4.64,9.831,19.5,28.91,37.18,47.686
50.0,0.03952,0.105,0.2674,0.6515,1.54,3.478,7.585,15.82,24.24,31.94,42.01
60.0,0.03394,0.09115,0.2341,0.5747,1.367,3.108,6.823,14.34,22.08,29.2,38.53
70.0,0.02959,0.08029,0.208,0.5144,1.231,2.815,6.214,13.14,20.31,26.93,35.637
80.0,0.02608,0.07152,0.1868,0.4654,1.121,2.575,5.712,12.14,18.82,24.99,33.112
90.0,0.02319,0.06425,0.169,0.4246,1.027,2.372,5.282,11.32,17.55,23.32,30.927
100.0,0.02077,0.05812,0.154,0.39,0.9478,2.2,4.916,10.62,16.46,21.87,29.007
110.0,0.01871,0.05288,0.1412,0.3602,0.8794,2.051,4.598,9.998,15.51,20.6,27.314
120.0,0.01694,0.04835,0.13,0.3342,0.8197,1.92,4.32,9.453,14.66,19.48,25.851
130.0,0.01535,0.04425,0.1199,0.3104,0.7644,1.8,4.063,8.941,13.87,18.44,24.462
140.0,0.01393,0.04055,0.1106,0.2886,0.7132,1.688,3.827,8.466,13.15,17.49,23.218
150.0,0.01268,0.03727,0.1024,0.269,0.6674,1.587,3.614,8.037,12.5,16.64,22.127
175.0,0.01015,0.03054,0.08547,0.2283,0.5717,1.377,3.166,7.127,11.11,14.82,19.743
200.0,0.008246,0.02538,0.07228,0.1962,0.496,1.209,2.806,6.387,9.989,13.34,17.795
250.0,0.005453,0.01746,0.05167,0.1439,0.3762,0.9385,2.225,5.148,8.189,11.06,14.909
300.0,0.003757,0.01249,0.03827,0.1092,0.2946,0.7512,1.815,4.264,6.884,9.39,12.786
350.0,0.002671,0.009195,0.02915,0.08531,0.2361,0.6146,1.515,3.607,5.894,8.102,11.116
400.0,0.001944,0.006919,0.02265,0.06792,0.1923,0.5107,1.284,3.097,5.112,7.076,9.7762
450.0,0.001435,0.005269,0.01778,0.05458,0.1581,0.4278,1.097,2.677,4.464,6.22,8.6515
500.0,0.00108,0.004082,0.01417,0.0445,0.1316,0.3628,0.9469,2.339,3.938,5.519,7.7213
600.0,6.402E-4,0.002554,0.009286,0.0305,0.09399,0.2679,0.7213,1.833,3.132,4.434,6.2657
700.0,3.994E-4,0.00167,0.006329,0.02166,0.06934,0.204,0.5651,1.474,2.553,3.646,5.1965
800.0,2.596E-4,0.001131,0.004449,0.01582,0.05247,0.1589,0.4523,1.209,2.12,3.052,4.3857
1000.0,1.207E-4,5.615E-4,0.002369,0.009019,0.03187,0.1016,0.303,0.8465,1.521,2.222,3.2404
1200.0,6.218E-5,3.039E-4,0.001357,0.005478,0.02046,0.06833,0.2127,0.6188,1.136,1.682,2.4843
1500.0,2.16E-5,1.1583E-4,5.6802E-4,0.0025362,0.010376,0.03734,0.12468,0.38683,0.73312,1.1073,1.6682
SA0P01
r\m,4.0,4.5,5.0,5.5,6.0,6.5,7.0,7.5,7.8,8.0,8.2
0.0,1.374,1.374,1.374,1.374,1.374,1.374,1.374,1.374,1.374,1.374,1.374
1.0,1.2709,1.3269,1.3623,1.372,1.372,1.372,1.372,1.372,1.372,1.372,1.372
5.0,0.3862,0.57031,0.77452,0.97056,1.1274,1.2282,1.2894,1.3208,1.326,1.326,1.326
10.0,0.11772,0.20078,0.32484,0.49406,0.69077,0.87334,1.0207,1.1274,1.1796,1.2,1.2112
15.0,0.053516,0.095375,0.16401,0.27058,0.41871,0.58961,0.75971,0.90954,0.99107,1.038,1.0841
20.0,0.02994,0.05442,0.09617,0.1647,0.2687,0.4049,0.5611,0.7198,0.8148,0.8737,0.93406
25.0,0.01821,0.03338,0.05968,0.1042,0.1756,0.2789,0.4109,0.5645,0.6622,0.7265,0.79476
30.0,0.01225,0.0226,0.04067,0.07189,0.1232,0.2019,0.3094,0.446,0.5409,0.6066,0.67817
40.0,0.006691,0.01246,0.02268,0.04054,0.07078,0.12,0.194,0.2964,0.3727,0.4285,0.49075
50.0,0.004179,0.007841,0.01444,0.026,0.04599,0.07979,0.1343,0.2157,0.2819,0.3334,0.39321
60.0,0.003299,0.00625,0.01159,0.02098,0.03727,0.06494,0.1099,0.1781,0.2341,0.2782,0.32983
70.0,0.00266,0.005089,0.009511,0.0173,0.03085,0.05397,0.09173,0.1495,0.1975,0.2354,0.2801
80.0,0.00218,0.004216,0.007939,0.01452,0.02599,0.04561,0.07779,0.1274,0.1688,0.2017,0.24054
90.0,0.001814,0.003544,0.006726,0.01235,0.0222,0.03909,0.06681,0.1099,0.146,0.1747,0.20854
100.0,0.001528,0.003015,0.005768,0.01064,0.0192,0.03392,0.05807,0.0959,0.1276,0.153,0.18299
110.0,0.0013,0.002593,0.004998,0.009265,0.01677,0.02973,0.05099,0.0845,0.1126,0.1352,0.16203
120.0,0.001116,0.002249,0.00437,0.008139,0.01479,0.0263,0.04517,0.0751,0.1002,0.1204,0.14451
130.0,9.622E-4,0.001959,0.003834,0.007182,0.0131,0.02335,0.04018,0.06697,0.0895,0.1077,0.12941
140.0,8.322E-4,0.001712,0.003371,0.006358,0.01164,0.0208,0.0359,0.05997,0.08033,0.09681,0.11648
150.0,7.244E-4,0.001505,0.002982,0.005663,0.01041,0.01863,0.03225,0.05403,0.07252,0.08752,0.10546
175.0,5.243E-4,0.001115,0.002245,0.004335,0.008041,0.01448,0.02522,0.04248,0.05734,0.06946,0.083981
200.0,3.899E-4,8.488E-4,0.001736,0.003406,0.006377,0.01155,0.02024,0.03426,0.04643,0.05641,0.068421
250.0,2.225E-4,5.058E-4,0.00107,0.002156,0.004118,0.007577,0.01352,0.02316,0.03158,0.0385,0.046852
300.0,1.355E-4,3.209E-4,7.016E-4,0.00145,0.002826,0.005278,0.009573,0.01659,0.02274,0.02783,0.033996
350.0,8.641E-5,2.13E-4,4.817E-4,0.00102,0.002026,0.003842,0.007059,0.01239,0.01708,0.02099,0.025752
400.0,5.701E-5,1.461E-4,3.416E-4,7.4E-4,0.001498,0.002885,0.005362,0.009545,0.01323,0.01631,0.020078
450.0,3.845E-5,1.023E-4,2.47E-4,5.473E-4,0.001129,0.002208,0.004152,0.007492,0.01044,0.01293,0.015982
500.0,2.658E-5,7.329E-5,1.826E-4,4.137E-4,8.7E-4,0.001727,0.003285,0.006002,0.008412,0.01045,0.012959
600.0,1.351E-5,3.979E-5,1.049E-4,2.49E-4,5.446E-4,0.001112,0.002165,0.004034,0.005718,0.007156,0.0089409
700.0,7.317E-6,2.289E-5,6.368E-5,1.579E-4,3.589E-4,7.54E-4,0.0015,0.0028485,0.004082,0.005142,0.0064672
800.0,4.167E-6,1.378E-5,4.029E-5,1.043E-4,2.458E-4,5.309E-4,0.00108,0.00209,0.003023,0.003832,0.0049902
1000.0,1.517E-6,5.534E-6,1.769E-5,4.982E-5,1.252E-4,2.857E-4,6.069E-4,0.0012165,0.001794,0.002301,0.0029462
1200.0,6.243E-7,2.469E-6,8.544E-6,2.595E-5,6.927E-5,1.665E-4,3.69E-4,7.647E-4,0.0011485,0.00149,0.0019276
1500.0,1.4442E-7,6.6519E-7,2.7112E-6,9.5423E-6,2.8682E-5,7.5949E-5,1.8071E-4,3.9611E-4,6.1392E-4,8.1185E-4,0.0010714
SA0P02
r\m,4.0,4.5,5.0,5.5,6.0,6.5,7.0,7.5,7.8,8.0,8.2
0.0,1.992,1.992,1.992,1.992,1.992,1.992,1.992,1.992,1.992,1.992,1.992
1.0,1.8235,1.9139,1.9668,1.989,1.989,1.989,1.989,1.989,1.989,1.989,1.989
5.0,0.53268,0.80295,1.1016,1.3897,1.6202,1.7693,1.8604,1.91,1.924,1.924,1.924
10.0,0.16544,0.2844,0.46156,0.70477,0.9891,1.2555,1.4725,1.6328,1.7121,1.745,1.7664
15.0,0.076939,0.13696,0.23474,0.38715,0.59988,0.84749,1.0965,1.3197,1.4422,1.512,1.5802
20.0,0.04387,0.07915,0.1388,0.2369,0.3861,0.5829,0.8108,1.046,1.188,1.276,1.3666
25.0,0.02717,0.04925,0.08728,0.1516,0.2547,0.4045,0.5975,0.8234,0.9682,1.063,1.1636
30.0,0.01854,0.03372,0.06006,0.1054,0.1799,0.2946,0.452,0.6526,0.7926,0.8893,0.99438
40.0,0.01036,0.0189,0.03392,0.06004,0.1042,0.1761,0.2845,0.4346,0.5466,0.6281,0.71938
50.0,0.006568,0.01201,0.0217,0.03862,0.06779,0.1171,0.1966,0.3153,0.4116,0.4862,0.57291
60.0,0.005227,0.009596,0.0174,0.03103,0.05461,0.09463,0.1596,0.2579,0.3386,0.4018,0.47563
70.0,0.004225,0.007791,0.01417,0.02535,0.04472,0.07769,0.1315,0.2136,0.2816,0.3352,0.39805
80.0,0.003457,0.006405,0.0117,0.02098,0.03711,0.06463,0.1097,0.1789,0.2365,0.2822,0.33606
90.0,0.002858,0.00532,0.009763,0.01755,0.03113,0.05434,0.09236,0.1513,0.2004,0.2395,0.28565
100.0,0.002381,0.004459,0.008223,0.01483,0.02636,0.04615,0.07855,0.1291,0.1714,0.2051,0.24489
110.0,0.001999,0.003766,0.006985,0.01264,0.02254,0.03956,0.06742,0.1112,0.1478,0.1771,0.21192
120.0,0.001689,0.003204,0.005979,0.01086,0.01943,0.0342,0.05837,0.09656,0.1285,0.1541,0.18433
130.0,0.001429,0.002733,0.005132,0.00937,0.01682,0.02968,0.05076,0.0842,0.1122,0.1348,0.16164
140.0,0.001212,0.002337,0.004415,0.008117,0.01463,0.02587,0.04437,0.07379,0.09859,0.1186,0.14249
150.0,0.001033,0.00201,0.003823,0.007079,0.01281,0.02272,0.03906,0.06513,0.08723,0.1051,0.12639
175.0,7.092E-4,0.001415,0.00274,0.00517,0.009458,0.01689,0.02925,0.04906,0.06607,0.07991,0.096493
200.0,5.012E-4,0.001028,0.002032,0.003907,0.007231,0.01301,0.02269,0.03828,0.05179,0.06284,0.076136
250.0,2.628E-4,5.712E-4,0.001179,0.002344,0.004446,0.008143,0.01449,0.02478,0.03375,0.04114,0.050074
300.0,1.51E-4,3.465E-4,7.456E-4,0.001528,0.002966,0.005524,0.01,0.01731,0.0237,0.02899,0.035412
350.0,9.279E-5,2.238E-4,5.006E-4,0.001054,0.002088,0.003952,0.007253,0.01273,0.01753,0.02153,0.026408
400.0,5.979E-5,1.509E-4,3.5E-4,7.549E-4,0.001526,0.002934,0.005449,0.009696,0.01343,0.01656,0.020373
450.0,3.972E-5,1.045E-4,2.508E-4,5.54E-4,0.001142,0.00223,0.004192,0.007561,0.01054,0.01304,0.016115
500.0,2.72E-5,7.437E-5,1.844E-4,4.17E-4,8.758E-4,0.001737,0.003303,0.006036,0.008459,0.01051,0.013041
600.0,1.369E-5,4.01E-5,1.054E-4,2.499E-4,5.462E-4,0.001115,0.00217,0.004043,0.005732,0.007173,0.0089627
700.0,7.377E-6,2.3E-5,6.385E-5,1.583E-4,3.594E-4,7.55E-4,0.001502,0.002852,0.004087,0.005149,0.0064767
800.0,4.19E-6,1.383E-5,4.036E-5,1.044E-4,2.46E-4,5.313E-4,0.00108,0.00209,0.003024,0.003835,0.0049902
1000.0,1.522E-6,5.543E-6,1.771E-5,4.984E-5,1.252E-4,2.858E-4,6.071E-4,0.0012165,0.001794,0.002301,0.0029462
1200.0,6.253E-7,2.471E-6,8.544E-6,2.595E-5,6.927E-5,1.666E-4,3.691E-4,7.647E-4,0.0011485,0.00149,0.0019296
1500.0,1.4442E-7,6.6519E-7,2.7112E-6,9.5423E-6,2.8682E-5,7.5949E-5,1.8071E-4,3.9611E-4,6.1392E-4,8.1185E-4,0.0010714
SA0P025
r\m,4.0,4.5,5.0,5.5,6.0,6.5,7.0,7.5,7.8,8.0,8.2
0.0,2.12,2.12,2.12,2.12,2.12,2.12,2.12,2.12,2.12,2.12,2.12
1.0,1.9233,2.0291,2.0895,2.117,2.117,2.117,2.117,2.117,2.117,2.117,2.117
5.0,0.53894,0.82595,1.1471,1.46,1.7114,1.8751,1.9754,2.0306,2.048,2.048,2.048
10.0,0.16894,0.29306,0.47889,0.73589,1.0385,1.325,1.5602,1.7356,1.8229,1.861,1.8865
15.0,0.079684,0.14265,0.24533,0.40584,0.63067,0.8946,1.1621,1.4044,1.5385,1.617,1.6943
20.0,0.04598,0.08329,0.1463,0.25,0.4079,0.6174,0.8616,1.116,1.271,1.369,1.4703
25.0,0.02874,0.05226,0.09269,0.1611,0.2709,0.4309,0.6379,0.8824,1.04,1.145,1.2565
30.0,0.01976,0.03603,0.06424,0.1127,0.1925,0.3155,0.485,0.7025,0.8551,0.961,1.0765
40.0,0.01119,0.02044,0.03668,0.06491,0.1127,0.1906,0.3083,0.4719,0.5944,0.6839,0.78437
50.0,0.007178,0.01314,0.02372,0.04218,0.07402,0.1279,0.2149,0.345,0.4509,0.5332,0.62905
60.0,0.005773,0.0106,0.01918,0.03417,0.0601,0.1041,0.1757,0.2842,0.3734,0.4434,0.52548
70.0,0.004714,0.00868,0.01575,0.02812,0.04955,0.08603,0.1456,0.2367,0.3122,0.3719,0.44209
80.0,0.003892,0.007192,0.01309,0.02341,0.04135,0.07192,0.122,0.1991,0.2633,0.3143,0.37432
90.0,0.003245,0.006015,0.01098,0.01968,0.03482,0.0607,0.1031,0.1689,0.2238,0.2676,0.31925
100.0,0.002724,0.00507,0.009294,0.01669,0.02958,0.05168,0.08788,0.1444,0.1917,0.2294,0.274
110.0,0.002302,0.004303,0.007919,0.01425,0.02532,0.04434,0.07548,0.1244,0.1653,0.1981,0.23704
120.0,0.001955,0.003673,0.006791,0.01226,0.02182,0.03831,0.06528,0.1079,0.1435,0.1721,0.20601
130.0,0.001663,0.00314,0.005832,0.01057,0.01887,0.0332,0.05665,0.09387,0.125,0.1501,0.17991
140.0,0.001415,0.002688,0.005014,0.009138,0.01637,0.02885,0.04936,0.08197,0.1095,0.1316,0.15801
150.0,0.001209,0.002312,0.004335,0.007947,0.01429,0.02523,0.04327,0.07203,0.09641,0.1161,0.13954
175.0,8.307E-4,0.001619,0.00308,0.00574,0.01042,0.01851,0.03197,0.05351,0.07199,0.08703,0.10504
200.0,5.84E-4,0.001164,0.002254,0.004277,0.007849,0.01405,0.02443,0.04112,0.05558,0.0674,0.081588
250.0,2.988E-4,6.279E-4,0.001271,0.002494,0.004696,0.008564,0.0152,0.02595,0.03531,0.04301,0.052309
300.0,1.664E-4,3.704E-4,7.841E-4,0.001592,0.003074,0.005709,0.01032,0.01784,0.02441,0.02986,0.036494
350.0,9.949E-5,2.343E-4,5.18E-4,0.001084,0.002141,0.004045,0.007414,0.013,0.0179,0.02197,0.026913
400.0,6.282E-5,1.558E-4,3.583E-4,7.701E-4,0.001553,0.002983,0.005535,0.009845,0.01364,0.01681,0.020696
450.0,4.115E-5,1.069E-4,2.55E-4,5.616E-4,0.001156,0.002255,0.004236,0.007639,0.01064,0.01317,0.016267
500.0,2.79E-5,7.557E-5,1.865E-4,4.207E-4,8.827E-4,0.00175,0.003326,0.006076,0.008513,0.01057,0.013099
600.0,1.387E-5,4.043E-5,1.06E-4,2.509E-4,5.48E-4,0.001119,0.002175,0.004054,0.005746,0.007191,0.0089855
700.0,7.436E-6,2.311E-5,6.404E-5,1.586E-4,3.6E-4,7.56E-4,0.001504,0.002855,0.004091,0.005154,0.0064815
800.0,4.211E-6,1.387E-5,4.044E-5,1.045E-4,2.462E-4,5.317E-4,0.001081,0.00209,0.003026,0.003837,0.0049902
1000.0,1.526E-6,5.552E-6,1.772E-5,4.987E-5,1.253E-4,2.859E-4,6.073E-4,0.0012165,0.001794,0.002301,0.0029476
1200.0,6.263E-7,2.473E-6,8.544E-6,2.596E-5,6.928E-5,1.666E-4,3.691E-4,7.647E-4,0.0011485,0.00149,0.0019267
1500.0,1.4442E-7,6.6519E-7,2.7112E-6,9.5423E-6,2.8682E-5,7.5949E-5,1.8071E-4,3.9611E-4,6.1392E-4,8.1185E-4,0.0010714
SA0P03
r\m,4.0,4.5,5.0,5.5,6.0,6.5,7.0,7.5,7.8,8.0,8.2
0.0,2.18,2.18,2.18,2.18,2.18,2.18,2.18,2.18,2.18,2.18,2.18
1.0,1.9604,2.0791,2.1448,2.177,2.177,2.177,2.177,2.177,2.177,2.177,2.177
5.0,0.52885,0.8232,1.1554,1.4834,1.7478,1.9208,2.0275,2.0859,2.108,2.108,2.108
10.0,0.16716,0.29265,0.48094,0.74366,1.055,1.3524,1.5986,1.7824,1.8763,1.918,1.9471
15.0,0.079799,0.1438,0.248,0.41165,0.64159,0.91333,1.1911,1.4437,1.5863,1.67,1.7526
20.0,0.04651,0.0847,0.149,0.2551,0.4168,0.6323,0.8853,1.15,1.314,1.418,1.5258
25.0,0.02928,0.05348,0.09507,0.1654,0.2784,0.4435,0.6583,0.9129,1.079,1.19,1.3081
30.0,0.02026,0.0371,0.06626,0.1163,0.1989,0.3263,0.5026,0.7297,0.89,1.002,1.1249
40.0,0.0116,0.02127,0.03822,0.06765,0.1175,0.1988,0.322,0.494,0.6232,0.7179,0.82446
50.0,0.007516,0.0138,0.02492,0.04434,0.07783,0.1345,0.2263,0.3639,0.4761,0.5635,0.6653
60.0,0.0061,0.01123,0.02032,0.0362,0.06367,0.1103,0.1864,0.3017,0.3968,0.4716,0.55917
70.0,0.005023,0.009267,0.01681,0.03,0.05286,0.09179,0.1555,0.2529,0.3338,0.3979,0.47338
80.0,0.004183,0.007738,0.01407,0.02515,0.04439,0.07721,0.131,0.2139,0.2831,0.3381,0.40295
90.0,0.003514,0.006518,0.01188,0.02127,0.03759,0.06551,0.1113,0.1824,0.2418,0.2891,0.34512
100.0,0.002973,0.005531,0.01011,0.01812,0.03208,0.05602,0.09524,0.1566,0.2078,0.2488,0.29731
110.0,0.002529,0.004721,0.008661,0.01555,0.02757,0.04824,0.08207,0.1353,0.1798,0.2155,0.25788
120.0,0.002163,0.004051,0.007459,0.01342,0.02384,0.04179,0.07116,0.1176,0.1564,0.1876,0.22448
130.0,0.001851,0.00348,0.006429,0.0116,0.02066,0.03627,0.06184,0.1024,0.1364,0.1638,0.19637
140.0,0.001584,0.002991,0.005543,0.01005,0.01794,0.03155,0.05391,0.08945,0.1194,0.1436,0.17229
150.0,0.00136,0.002581,0.004801,0.00875,0.01566,0.02759,0.04724,0.07855,0.1051,0.1266,0.15237
175.0,9.434E-4,0.001815,0.003415,0.006309,0.01139,0.02016,0.03473,0.05805,0.07806,0.09434,0.11382
200.0,6.667E-4,0.001305,0.00249,0.004673,0.008517,0.01517,0.02631,0.04421,0.05971,0.07239,0.087616
250.0,3.401E-4,6.952E-4,0.001379,0.002673,0.004993,0.009061,0.01603,0.02732,0.03713,0.04521,0.054971
300.0,1.862E-4,4.016E-4,8.334E-4,0.001672,0.003207,0.005932,0.01069,0.01846,0.02525,0.03087,0.037684
350.0,1.088E-4,2.487E-4,5.408E-4,0.001121,0.002204,0.004153,0.0076,0.01331,0.01832,0.02248,0.02754
400.0,6.722E-5,1.627E-4,3.695E-4,7.89E-4,0.001586,0.003041,0.005637,0.01002,0.01387,0.0171,0.021056
450.0,4.326E-5,1.103E-4,2.607E-4,5.716E-4,0.001174,0.002288,0.004294,0.007739,0.01078,0.01334,0.016486
500.0,2.895E-5,7.731E-5,1.895E-4,4.261E-4,8.925E-4,0.001768,0.003358,0.006132,0.008591,0.01067,0.013233
600.0,1.416E-5,4.094E-5,1.069E-4,2.524E-4,5.508E-4,0.001124,0.002185,0.00407,0.005769,0.007219,0.0090178
700.0,7.526E-6,2.328E-5,6.432E-5,1.591E-4,3.608E-4,7.576E-4,0.001507,0.00286,0.004098,0.005163,0.0064929
800.0,4.243E-6,1.393E-5,4.054E-5,1.047E-4,2.465E-4,5.322E-4,0.001082,0.002092,0.003029,0.00384,0.0049902
1000.0,1.532E-6,5.564E-6,1.774E-5,4.991E-5,1.253E-4,2.86E-4,6.075E-4,0.0012165,0.001794,0.002302,0.0029486
1200.0,6.276E-7,2.477E-6,8.549E-6,2.597E-5,6.929E-5,1.666E-4,3.692E-4,7.647E-4,0.0011485,0.00149,0.0019267
1500.0,1.4442E-7,6.6519E-7,2.7112E-6,9.5423E-6,2.8682E-5,7.5949E-5,1.8071E-4,3.9611E-4,6.1392E-4,8.1185E-4,0.0010714
SA0P04
r\m,4.0,4.5,5.0,5.5,6.0,6.5,7.0,7.5,7.8,8.0,8.2
0.0,2.193,2.193,2.193,2.193,2.193,2.193,2.193,2.193,2.194,2.198,2.202
1.0,1.9388,2.0775,2.1512,2.1932,2.195,2.195,2.195,2.195,2.195,2.195,2.195
5.0,0.49042,0.78485,1.1228,1.4625,1.7389,1.9215,2.034,2.0976,2.127,2.127,2.127
10.0,0.1572,0.28019,0.46563,0.72734,1.0411,1.3453,1.5997,1.7929,1.8925,1.939,1.9719
15.0,0.076462,0.13978,0.24274,0.40524,0.63488,0.90948,1.1932,1.4553,1.6047,1.694,1.782
20.0,0.04526,0.08348,0.1476,0.2536,0.4155,0.633,0.8906,1.164,1.335,1.445,1.5594
25.0,0.02882,0.05326,0.09516,0.1659,0.2799,0.4475,0.6668,0.9292,1.102,1.218,1.3428
30.0,0.02014,0.03727,0.06692,0.1177,0.2016,0.3316,0.5125,0.7469,0.9136,1.031,1.1597
40.0,0.01172,0.02173,0.0392,0.06952,0.121,0.2049,0.3327,0.5117,0.6471,0.747,0.85974
50.0,0.007715,0.01431,0.02593,0.04621,0.08116,0.1404,0.2366,0.3815,0.5001,0.5928,0.70083
60.0,0.006347,0.0118,0.02141,0.0382,0.06722,0.1166,0.1972,0.3199,0.4215,0.5016,0.59539
70.0,0.005298,0.009865,0.01793,0.03204,0.05647,0.09809,0.1663,0.2711,0.3584,0.4277,0.50941
80.0,0.00447,0.00834,0.01519,0.02716,0.04795,0.08341,0.1417,0.2317,0.307,0.367,0.43784
90.0,0.003804,0.00711,0.01297,0.02322,0.04102,0.0715,0.1215,0.1994,0.2647,0.3168,0.37832
100.0,0.003258,0.006102,0.01116,0.01999,0.03536,0.06172,0.105,0.1728,0.2295,0.275,0.32879
110.0,0.002806,0.005266,0.009655,0.01731,0.03066,0.05359,0.0912,0.1505,0.2001,0.2399,0.28709
120.0,0.002427,0.004567,0.008393,0.01507,0.02672,0.04677,0.07964,0.1317,0.1753,0.2103,0.25177
130.0,0.0021,0.003962,0.007298,0.01313,0.02332,0.04087,0.06965,0.1154,0.1538,0.1847,0.22166
140.0,0.001817,0.003436,0.006342,0.01145,0.02037,0.03574,0.06102,0.1013,0.1352,0.1626,0.19521
150.0,0.001577,0.002991,0.005532,0.01003,0.01787,0.03139,0.05369,0.08925,0.1194,0.1438,0.17301
175.0,0.00112,0.002142,0.003988,0.007301,0.01309,0.02307,0.03965,0.0662,0.08895,0.1075,0.1297
200.0,8.067E-4,0.001559,0.002929,0.005424,0.009795,0.01734,0.02996,0.05024,0.06779,0.08214,0.099343
250.0,4.215E-4,8.366E-4,0.001615,0.003067,0.005652,0.01016,0.01788,0.03037,0.04122,0.05015,0.060897
300.0,2.314E-4,4.767E-4,9.546E-4,0.00187,0.003533,0.006472,0.0116,0.01996,0.02726,0.0333,0.040622
350.0,1.33E-4,2.875E-4,6.018E-4,0.001219,0.002365,0.004421,0.00805,0.01406,0.01933,0.02371,0.029051
400.0,7.99E-5,1.824E-4,4.004E-4,8.389E-4,0.00167,0.003182,0.005877,0.01042,0.01442,0.01776,0.021855
450.0,4.98E-5,1.204E-4,2.767E-4,5.982E-4,0.001219,0.002367,0.004432,0.007977,0.0111,0.01373,0.016942
500.0,3.235E-5,8.263E-5,1.982E-4,4.41E-4,9.188E-4,0.001814,0.00344,0.006276,0.008789,0.01091,0.013519
600.0,1.513E-5,4.255E-5,1.097E-4,2.573E-4,5.597E-4,0.00114,0.002214,0.004122,0.005842,0.007309,0.0091289
700.0,7.831E-6,2.382E-5,6.526E-5,1.607E-4,3.638E-4,7.63E-4,0.001516,0.002878,0.004123,0.005194,0.0065308
800.0,4.35E-6,1.413E-5,4.089E-5,1.053E-4,2.476E-4,5.341E-4,0.001086,0.002099,0.003038,0.003851,0.0049902
1000.0,1.549E-6,5.601E-6,1.781E-5,5.002E-5,1.255E-4,2.863E-4,6.081E-4,0.001217,0.001795,0.002304,0.0029505
1200.0,6.316E-7,2.486E-6,8.567E-6,2.6E-5,6.935E-5,1.667E-4,3.694E-4,7.647E-4,0.0011485,0.00149,0.0019305
1500.0,1.4442E-7,6.6519E-7,2.7112E-6,9.5423E-6,2.8682E-5,7.5949E-5,1.8071E-4,3.9611E-4,6.1392E-4,8.1185E-4,0.0010714
SA0P05
r\m,4.0,4.5,5.0,5.5,6.0,6.5,7.0,7.5,7.8,8.0,8.2
0.0,2.141,2.141,2.141,2.141,2.141,2.141,2.141,2.141,2.145,2.156,2.166
1.0,1.8626,2.0161,2.0953,2.1388,2.153,2.153,2.153,2.153,2.153,2.153,2.153
5.0,0.44691,0.73368,1.0671,1.4051,1.6834,1.8687,1.9826,2.0481,2.0847,2.087,2.087
10.0,0.14484,0.26299,0.4417,0.69505,1.0022,1.3035,1.5571,1.7519,1.8541,1.906,1.9443
15.0,0.071439,0.13271,0.23225,0.38934,0.61281,0.88233,1.163,1.4253,1.5763,1.669,1.7608
20.0,0.04277,0.08008,0.1425,0.2455,0.4034,0.6168,0.8712,1.144,1.316,1.428,1.5447
25.0,0.02747,0.05148,0.09254,0.1618,0.2736,0.4384,0.6555,0.9171,1.09,1.207,1.3319
30.0,0.01933,0.03627,0.06552,0.1155,0.1982,0.3267,0.5064,0.7406,0.9078,1.026,1.156
40.0,0.01139,0.0214,0.03881,0.06901,0.1202,0.204,0.3319,0.5118,0.6483,0.7493,0.86349
50.0,0.007582,0.01425,0.02594,0.04635,0.08154,0.1412,0.2383,0.3849,0.5052,0.5996,0.71004
60.0,0.006299,0.01186,0.02162,0.03867,0.06815,0.1183,0.2003,0.3256,0.4294,0.5116,0.60824
70.0,0.00531,0.01001,0.01828,0.03273,0.05776,0.1004,0.1705,0.2782,0.3682,0.4397,0.52395
80.0,0.004523,0.008544,0.01562,0.028,0.04947,0.08612,0.1465,0.2397,0.318,0.3805,0.45437
90.0,0.003885,0.00735,0.01346,0.02414,0.04269,0.07444,0.1266,0.208,0.2763,0.331,0.39578
100.0,0.003358,0.006364,0.01168,0.02096,0.03709,0.06476,0.1102,0.1816,0.2414,0.2895,0.34655
110.0,0.002919,0.00554,0.01019,0.0183,0.03241,0.05666,0.09647,0.1593,0.212,0.2544,0.30484
120.0,0.002548,0.004846,0.008931,0.01605,0.02846,0.04982,0.08483,0.1404,0.1869,0.2244,0.26888
130.0,0.002224,0.004239,0.007826,0.01409,0.02501,0.04382,0.07466,0.1237,0.165,0.1983,0.23802
140.0,0.001942,0.003707,0.006853,0.01237,0.02199,0.03856,0.06581,0.1092,0.1459,0.1756,0.21098
150.0,0.0017,0.003252,0.006021,0.0109,0.01941,0.03405,0.05821,0.09676,0.1295,0.1561,0.18784
175.0,0.001232,0.002372,0.00441,0.008049,0.01439,0.02531,0.04345,0.0725,0.09746,0.1178,0.14225
200.0,9.05E-4,0.001754,0.003281,0.006041,0.01086,0.01916,0.03304,0.05534,0.07467,0.09048,0.10944
250.0,4.886E-4,9.636E-4,0.001837,0.003445,0.006295,0.01125,0.01971,0.0334,0.04531,0.0551,0.066914
300.0,2.744E-4,5.545E-4,0.001086,0.002088,0.003896,0.007079,0.01262,0.02163,0.02951,0.03602,0.043893
350.0,1.594E-4,3.333E-4,6.764E-4,0.00134,0.002562,0.004747,0.008594,0.01496,0.02053,0.02517,0.03081
400.0,9.558E-5,2.085E-4,4.417E-4,9.045E-4,0.001776,0.003357,0.00617,0.01091,0.01507,0.01855,0.022778
450.0,5.883E-5,1.349E-4,2.992E-4,6.339E-4,0.001278,0.002464,0.004596,0.008253,0.01148,0.01419,0.017521
500.0,3.746E-5,9.067E-5,2.106E-4,4.61E-4,9.523E-4,0.001872,0.003539,0.006446,0.00902,0.01119,0.013845
600.0,1.675E-5,4.51E-5,1.138E-4,2.644E-4,5.721E-4,0.001162,0.002254,0.004193,0.005939,0.007429,0.0092742
700.0,8.361E-6,2.47E-5,6.678E-5,1.634E-4,3.685E-4,7.718E-4,0.001532,0.002907,0.004164,0.005244,0.0065925
800.0,4.536E-6,1.446E-5,4.148E-5,1.063E-4,2.494E-4,5.375E-4,0.001092,0.00211,0.003053,0.003871,0.0049902
1000.0,1.578E-6,5.659E-6,1.792E-5,5.021E-5,1.259E-4,2.869E-4,6.091E-4,0.001219,0.001798,0.002307,0.0029533
1200.0,6.376E-7,2.5E-6,8.594E-6,2.605E-5,6.943E-5,1.669E-4,3.696E-4,7.648E-4,0.001149,0.001491,0.0019315
1500.0,1.4442E-7,6.6519E-7,2.7112E-6,9.5423E-6,2.8682E-5,7.5949E-5,1.8071E-4,3.9611E-4,6.1392E-4,8.1185E-4,0.0010714
SA0P075
r\m,4.0,4.5,5.0,5.5,6.0,6.5,7.0,7.5,7.8,8.0,8.2
0.0,1.656,1.952,1.952,1.952,1.952,1.952,1.952,1.952,1.965,1.986,2.0082
1.0,1.4299,1.8127,1.8994,1.9461,1.9665,1.9674,1.9674,1.9674,1.9809,1.983,1.983
5.0,0.34368,0.61238,0.9221,1.2434,1.5109,1.692,1.8033,1.8689,1.9116,1.924,1.924
10.0,0.11547,0.22119,0.38071,0.60969,0.89089,1.173,1.4136,1.6016,1.7042,1.761,1.8053
15.0,0.058498,0.11384,0.20318,0.34487,0.54749,0.79614,1.0587,1.3086,1.4551,1.549,1.6433
20.0,0.03573,0.0699,0.1266,0.2203,0.3641,0.5608,0.7981,1.057,1.222,1.332,1.4469
25.0,0.0233,0.04556,0.08336,0.1469,0.2497,0.4022,0.6055,0.8531,1.019,1.133,1.2562
30.0,0.01659,0.03246,0.05969,0.106,0.1828,0.3026,0.4717,0.694,0.8543,0.9685,1.0941
40.0,0.009979,0.01954,0.03605,0.06455,0.113,0.1923,0.3141,0.4868,0.6186,0.7169,0.82843
50.0,0.006764,0.01325,0.02451,0.04412,0.07792,0.1353,0.2291,0.3715,0.489,0.5815,0.69007
60.0,0.005708,0.0112,0.02074,0.03737,0.06611,0.115,0.1955,0.3188,0.4215,0.5029,0.59873
70.0,0.004887,0.009604,0.0178,0.03211,0.05687,0.09912,0.1688,0.2763,0.3664,0.4384,0.52347
80.0,0.004228,0.00832,0.01544,0.02788,0.04942,0.08625,0.1471,0.2415,0.3209,0.3845,0.45982
90.0,0.003686,0.007265,0.01351,0.02439,0.04328,0.07562,0.129,0.2124,0.2827,0.3391,0.40601
100.0,0.003235,0.006385,0.01189,0.02148,0.03814,0.06672,0.1138,0.188,0.2503,0.3005,0.36012
110.0,0.002854,0.005641,0.01052,0.01901,0.03379,0.05917,0.1009,0.1671,0.2227,0.2675,0.32072
120.0,0.002528,0.005005,0.009355,0.01691,0.03007,0.05271,0.08993,0.1491,0.1989,0.239,0.28674
130.0,0.002241,0.004442,0.008313,0.01505,0.02677,0.04697,0.08016,0.1331,0.1777,0.2137,0.25665
140.0,0.001987,0.003941,0.007382,0.01339,0.02385,0.04185,0.07151,0.1189,0.159,0.1915,0.2301
150.0,0.001764,0.003506,0.006574,0.01195,0.02131,0.0374,0.064,0.1065,0.1427,0.1721,0.20706
175.0,0.001326,0.002646,0.004974,0.009091,0.01625,0.02857,0.04905,0.08188,0.1101,0.1331,0.16052
200.0,0.001009,0.002022,0.003812,0.00701,0.01257,0.02213,0.03812,0.06381,0.08611,0.1044,0.12643
250.0,5.83E-4,0.001178,0.002243,0.004168,0.00755,0.0134,0.02337,0.0395,0.05352,0.06507,0.078987
300.0,3.476E-4,7.101E-4,0.00137,0.002582,0.004739,0.008504,0.01503,0.02564,0.0349,0.04256,0.051821
350.0,2.123E-4,4.404E-4,8.658E-4,0.00166,0.003098,0.005639,0.01009,0.01744,0.02387,0.02922,0.035715
400.0,1.322E-4,2.795E-4,5.631E-4,0.001104,0.002103,0.003896,0.007065,0.0124,0.01707,0.02097,0.025733
450.0,8.321E-5,1.804E-4,3.746E-4,7.547E-4,0.001472,0.002783,0.005123,0.009129,0.01266,0.01562,0.019251
500.0,5.338E-5,1.193E-4,2.567E-4,5.336E-4,0.001068,0.002061,0.003854,0.006973,0.00973,0.01205,0.01489
600.0,2.323E-5,5.602E-5,1.308E-4,2.914E-4,6.159E-4,0.001236,0.00238,0.00441,0.006236,0.007793,0.0097225
700.0,1.09E-5,2.884E-5,7.331E-5,1.741E-4,3.868E-4,8.039E-4,0.001589,0.003008,0.004304,0.005419,0.00681
800.0,5.517E-6,1.608E-5,4.416E-5,1.109E-4,2.574E-4,5.521E-4,0.001118,0.002157,0.00312,0.003955,0.0050043
1000.0,1.737E-6,5.954E-6,1.845E-5,5.114E-5,1.275E-4,2.899E-4,6.145E-4,0.001229,0.001812,0.002325,0.002979
1200.0,6.686E-7,2.566E-6,8.721E-6,2.627E-5,6.982E-5,1.676E-4,3.709E-4,7.67E-4,0.001152,0.001495,0.0019352
1500.0,1.4442E-7,6.6519E-7,2.7112E-6,9.5423E-6,2.8682E-5,7.5949E-5,1.8071E-4,3.9611E-4,6.1392E-4,8.1185E-4,0.0010714
SA0P1
r\m,4.0,4.5,5.0,5.5,6.0,6.5,7.0,7.5,7.8,8.0,8.2
0.0,1.2668,1.776,1.776,1.776,1.776,1.776,1.776,1.776,1.794,1.82,1.8463
1.0,1.093,1.6271,1.7188,1.7673,1.7876,1.7906,1.7906,1.7906,1.8094,1.817,1.817
5.0,0.26779,0.51644,0.80279,1.1046,1.3579,1.5314,1.6378,1.7015,1.7474,1.764,1.764
10.0,0.092366,0.1874,0.33072,0.53812,0.79506,1.0569,1.282,1.4599,1.5602,1.618,1.6675
15.0,0.047626,0.09769,0.17825,0.30638,0.49022,0.71847,0.96174,1.1961,1.3358,1.426,1.5194
20.0,0.02947,0.06067,0.1122,0.1974,0.3282,0.5086,0.728,0.97,1.126,1.23,1.341
25.0,0.01942,0.03993,0.07466,0.1328,0.2268,0.3672,0.5553,0.7862,0.9423,1.05,1.1667
30.0,0.01394,0.02866,0.05388,0.09644,0.1672,0.2777,0.4349,0.6425,0.7932,0.9012,1.0207
40.0,0.008492,0.01748,0.03293,0.05947,0.1045,0.1785,0.2925,0.4549,0.5794,0.6726,0.77845
50.0,0.005821,0.01199,0.02264,0.0411,0.07289,0.1269,0.2154,0.3504,0.4621,0.5502,0.65362
60.0,0.00496,0.01023,0.01933,0.03514,0.06242,0.1089,0.1855,0.3033,0.4017,0.4801,0.57264
70.0,0.004287,0.008856,0.01675,0.03047,0.05419,0.09468,0.1616,0.2653,0.3524,0.422,0.50439
80.0,0.003744,0.007745,0.01466,0.0267,0.04753,0.08314,0.1421,0.2339,0.3113,0.3734,0.44694
90.0,0.003294,0.006825,0.01294,0.02358,0.042,0.07355,0.1257,0.2076,0.2766,0.3322,0.39826
100.0,0.002917,0.006053,0.0115,0.02095,0.03735,0.06548,0.1119,0.1853,0.2471,0.297,0.3562
110.0,0.002597,0.005396,0.01027,0.01872,0.03339,0.05859,0.1002,0.1661,0.2217,0.2666,0.32011
120.0,0.002322,0.004831,0.00921,0.01679,0.02998,0.05265,0.09,0.1496,0.1997,0.2403,0.28879
130.0,0.002077,0.004327,0.008258,0.01507,0.02692,0.04732,0.08091,0.1346,0.18,0.2166,0.26026
140.0,0.001857,0.003874,0.0074,0.01353,0.02419,0.04252,0.07279,0.1213,0.1624,0.1957,0.2355
150.0,0.001666,0.003478,0.00665,0.01218,0.02179,0.03832,0.06568,0.1095,0.1469,0.1773,0.21369
175.0,0.001282,0.002685,0.005144,0.009466,0.01697,0.02986,0.05133,0.08582,0.1155,0.1398,0.16887
200.0,9.979E-4,0.002097,0.004027,0.007445,0.01338,0.02357,0.04063,0.06808,0.09194,0.1115,0.13508
250.0,6.03E-4,0.001275,0.002466,0.004593,0.008316,0.01474,0.02569,0.04341,0.05883,0.07153,0.086838
300.0,3.755E-4,7.999E-4,0.00156,0.002933,0.005358,0.009573,0.01686,0.02873,0.03908,0.04763,0.05798
350.0,2.391E-4,5.141E-4,0.001014,0.001927,0.00356,0.006427,0.01143,0.01969,0.0269,0.0329,0.040182
400.0,1.547E-4,3.363E-4,6.731E-4,0.001297,0.00243,0.004445,0.00799,0.01394,0.01915,0.0235,0.028794
450.0,1.009E-4,2.223E-4,4.53E-4,8.887E-4,0.001695,0.00315,0.005733,0.01015,0.01402,0.01728,0.021257
500.0,6.673E-5,1.494E-4,3.112E-4,6.241E-4,0.001215,0.002301,0.004248,0.007629,0.01061,0.01313,0.016229
600.0,3.03E-5,7.067E-5,1.557E-4,3.305E-4,6.781E-4,0.001336,0.002544,0.004683,0.006605,0.008242,0.010269
700.0,1.44E-5,3.559E-5,8.421E-5,1.91E-4,4.136E-4,8.478E-4,0.001663,0.003134,0.004476,0.005629,0.0070663
800.0,7.177E-6,1.91E-5,4.892E-5,1.184E-4,2.697E-4,5.731E-4,0.001155,0.002222,0.00321,0.004066,0.005141
1000.0,2.078E-6,6.557E-6,1.946E-5,5.287E-5,1.305E-4,2.953E-4,6.243E-4,0.001247,0.001838,0.002357,0.0030179
1200.0,7.391E-7,2.703E-6,8.973E-6,2.673E-5,7.061E-5,1.69E-4,3.735E-4,7.717E-4,0.001159,0.001503,0.0019457
1500.0,1.4442E-7,6.6519E-7,2.7112E-6,9.5423E-6,2.8682E-5,7.5949E-5,1.8071E-4,3.9611E-4,6.1392E-4,8.1185E-4,0.0010714
SA0P15
r\m,4.0,4.5,5.0,5.5,6.0,6.5,7.0,7.5,7.8,8.0,8.2
0.0,0.76526,1.281,1.503,1.503,1.503,1.503,1.504,1.504,1.53,1.56,1.5904
1.0,0.66298,1.1682,1.4403,1.4899,1.5102,1.5168,1.5168,1.5169,1.5436,1.558,1.558
5.0,0.16968,0.37007,0.63099,0.89916,1.1274,1.2864,1.3838,1.4424,1.4916,1.513,1.5143
10.0,0.060695,0.13791,0.25891,0.43389,0.65346,0.88246,1.0814,1.2402,1.3343,1.39,1.4374
15.0,0.032025,0.073441,0.14136,0.24919,0.40473,0.60134,0.81334,1.0202,1.1463,1.229,1.3139
20.0,0.02015,0.04636,0.09018,0.1624,0.2734,0.4285,0.619,0.8319,0.9707,1.064,1.1623
25.0,0.01347,0.03093,0.06088,0.1106,0.1911,0.3119,0.4754,0.6779,0.8164,0.9127,1.0175
30.0,0.009765,0.02242,0.04441,0.08112,0.1421,0.2377,0.3749,0.5572,0.6908,0.7872,0.89445
40.0,0.006047,0.01391,0.02757,0.05084,0.09023,0.155,0.2554,0.3991,0.5101,0.5935,0.68859
50.0,0.004204,0.009683,0.01921,0.03563,0.06379,0.1116,0.1904,0.311,0.4112,0.4907,0.58451
60.0,0.003623,0.008356,0.01659,0.03081,0.05524,0.09685,0.1657,0.2721,0.3613,0.4326,0.51704
70.0,0.003167,0.007314,0.01453,0.02702,0.04849,0.08515,0.146,0.2405,0.3203,0.3844,0.46051
80.0,0.002797,0.006468,0.01286,0.02393,0.04301,0.0756,0.1298,0.2144,0.286,0.3437,0.41232
90.0,0.002488,0.005763,0.01148,0.02137,0.03843,0.06763,0.1161,0.1924,0.2569,0.3091,0.37136
100.0,0.002228,0.005167,0.01031,0.0192,0.03456,0.06087,0.1045,0.1736,0.232,0.2793,0.33559
110.0,0.002005,0.004657,0.009312,0.01734,0.03123,0.05506,0.0945,0.1573,0.2104,0.2534,0.30466
120.0,0.001812,0.004215,0.008444,0.01573,0.02835,0.05002,0.08583,0.1431,0.1915,0.2308,0.27773
130.0,0.001639,0.003816,0.007656,0.01428,0.02574,0.04544,0.07799,0.1302,0.1744,0.2103,0.25309
140.0,0.001482,0.003455,0.006939,0.01296,0.02338,0.04128,0.07092,0.1185,0.159,0.192,0.23138
150.0,0.001344,0.003137,0.006306,0.01179,0.02129,0.0376,0.06467,0.1082,0.1454,0.1757,0.21214
175.0,0.001064,0.002489,0.005015,0.009413,0.01702,0.03008,0.05186,0.08695,0.1173,0.1421,0.17189
200.0,8.513E-4,0.001998,0.004034,0.007603,0.01377,0.02435,0.04208,0.07068,0.0956,0.1161,0.14087
250.0,5.441E-4,0.001284,0.002605,0.004935,0.008987,0.01597,0.02785,0.04714,0.06396,0.07783,0.09456
300.0,3.58E-4,8.493E-4,0.001733,0.003302,0.006051,0.0108,0.01901,0.03239,0.04407,0.05374,0.065412
350.0,2.406E-4,5.744E-4,0.00118,0.002261,0.00417,0.007495,0.01328,0.02282,0.03117,0.03811,0.04653
400.0,1.641E-4,3.945E-4,8.163E-4,0.001576,0.002928,0.005305,0.009461,0.01643,0.02253,0.02762,0.033794
450.0,1.127E-4,2.729E-4,5.696E-4,0.001109,0.00208,0.003806,0.006845,0.01202,0.01656,0.02037,0.02502
500.0,7.83E-5,1.911E-4,4.029E-4,7.927E-4,0.001505,0.002786,0.005061,0.008994,0.01245,0.01537,0.018956
600.0,3.893E-5,9.656E-5,2.087E-4,4.231E-4,8.306E-4,0.001584,0.002952,0.005358,0.007513,0.009346,0.011611
700.0,1.996E-5,5.058E-5,1.131E-4,2.389E-4,4.899E-4,9.697E-4,0.001861,0.00346,0.004915,0.006164,0.0077169
800.0,1.051E-5,2.738E-5,6.401E-5,1.425E-4,3.074E-4,6.333E-4,0.001253,0.002386,0.003433,0.004339,0.0054742
1000.0,3.13E-6,8.865E-6,2.336E-5,5.906E-5,1.404E-4,3.121E-4,6.536E-4,0.001298,0.00191,0.002447,0.0031289
1200.0,1.037E-6,3.315E-6,1.002E-5,2.849E-5,7.363E-5,1.744E-4,3.831E-4,7.894E-4,0.001184,0.001535,0.0019845
1500.0,1.7943E-7,6.6519E-7,2.7112E-6,9.5423E-6,2.8682E-5,7.5949E-5,1.8071E-4,3.9611E-4,6.1392E-4,8.1185E-4,0.0010714
SA0P2
r\m,4.0,4.5,5.0,5.5,6.0,6.5,7.0,7.5,7.8,8.0,8.2
0.0,0.48559,0.9264,1.289,1.289,1.289,1.289,1.299,1.313,1.343,1.374,1.4066
1.0,0.42322,0.84626,1.2247,1.2744,1.2938,1.301,1.3118,1.3245,1.3551,1.372,1.3755
5.0,0.11271,0.27448,0.51156,0.75292,0.95822,1.1024,1.1961,1.2601,1.31,1.333,1.3391
10.0,0.041325,0.10466,0.20967,0.36225,0.55431,0.75751,0.93714,1.0851,1.1732,1.226,1.2725
15.0,0.022128,0.056578,0.11555,0.20956,0.34517,0.51872,0.70778,0.89504,1.01,1.087,1.168
20.0,0.01407,0.03611,0.0744,0.1377,0.2348,0.3718,0.5413,0.7324,0.8578,0.9429,1.0336
25.0,0.009486,0.02432,0.05075,0.09462,0.1654,0.2722,0.4177,0.5989,0.7237,0.8109,0.90615
30.0,0.006921,0.01775,0.03731,0.06985,0.1238,0.2084,0.3308,0.4941,0.6143,0.7015,0.79877
40.0,0.004332,0.01114,0.02341,0.04426,0.07942,0.1372,0.2272,0.3565,0.4566,0.5323,0.61879
50.0,0.003037,0.007823,0.01645,0.0313,0.05665,0.09964,0.1706,0.2797,0.3706,0.4429,0.52837
60.0,0.002636,0.006797,0.0143,0.02725,0.04939,0.08704,0.1495,0.2463,0.3277,0.3929,0.47008
70.0,0.002319,0.00599,0.01261,0.02405,0.04365,0.07704,0.1326,0.2192,0.2924,0.3514,0.42163
80.0,0.002062,0.005329,0.01124,0.02145,0.03897,0.06884,0.1186,0.1966,0.2628,0.3163,0.37993
90.0,0.001847,0.004782,0.0101,0.01928,0.03506,0.06202,0.1068,0.1776,0.2377,0.2863,0.34423
100.0,0.001664,0.004315,0.00913,0.01744,0.03174,0.05619,0.0968,0.1613,0.216,0.2604,0.3133
110.0,0.001508,0.003914,0.008297,0.01586,0.02888,0.05117,0.08814,0.1472,0.1972,0.2378,0.28636
120.0,0.001372,0.003566,0.007574,0.01448,0.02639,0.04679,0.08058,0.1348,0.1807,0.218,0.26267
130.0,0.001249,0.003251,0.006913,0.01323,0.02412,0.04279,0.0737,0.1234,0.1656,0.1999,0.24089
140.0,0.001137,0.002963,0.006309,0.01209,0.02205,0.03913,0.06747,0.1131,0.152,0.1837,0.22175
150.0,0.001038,0.002708,0.005774,0.01108,0.02022,0.0359,0.06193,0.1039,0.1399,0.1692,0.20425
175.0,8.356E-4,0.002185,0.004671,0.00899,0.01643,0.02918,0.05049,0.08487,0.1146,0.139,0.16836
200.0,6.801E-4,0.001784,0.003822,0.007379,0.01351,0.024,0.04162,0.07008,0.09493,0.1154,0.14019
250.0,4.496E-4,0.001186,0.002552,0.004951,0.009109,0.01625,0.02841,0.04818,0.06545,0.07972,0.096949
300.0,3.059E-4,8.11E-4,0.001754,0.003419,0.006323,0.01132,0.01994,0.03404,0.04636,0.05657,0.068924
350.0,2.126E-4,5.668E-4,0.001232,0.002413,0.004482,0.008067,0.01429,0.02458,0.03358,0.04107,0.050141
400.0,1.499E-4,4.02E-4,8.788E-4,0.001729,0.003229,0.005845,0.0104,0.01806,0.02476,0.03035,0.037156
450.0,1.064E-4,2.871E-4,6.311E-4,0.001249,0.002345,0.004276,0.007658,0.01342,0.01846,0.0227,0.027861
500.0,7.636E-5,2.073E-4,4.587E-4,9.134E-4,0.001728,0.003176,0.005729,0.01013,0.014,0.01726,0.021237
600.0,4.044E-5,1.11E-4,2.493E-4,5.048E-4,9.757E-4,0.001831,0.003364,0.00605,0.008449,0.01049,0.013008
700.0,2.204E-5,6.119E-5,1.4E-4,2.902E-4,5.774E-4,0.001114,0.002096,0.003849,0.005438,0.006802,0.0084966
800.0,1.228E-5,3.456E-5,8.092E-5,1.732E-4,3.577E-4,7.137E-4,0.001383,0.002598,0.003717,0.004685,0.0058967
1000.0,4.019E-6,1.175E-5,2.937E-5,6.907E-5,1.56E-4,3.366E-4,6.932E-4,0.001364,0.002,0.002558,0.0032655
1200.0,1.403E-6,4.346E-6,1.198E-5,3.166E-5,7.861E-5,1.826E-4,3.973E-4,8.142E-4,0.001219,0.001579,0.0020405
1500.0,2.7953E-7,9.1538E-7,2.7786E-6,9.5423E-6,2.8682E-5,7.5949E-5,1.8071E-4,3.9611E-4,6.1392E-4,8.1185E-4,0.0010714
SA0P25
r\m,4.0,4.5,5.0,5.5,6.0,6.5,7.0,7.5,7.8,8.0,8.2
0.0,0.32141,0.68629,1.054,1.125,1.125,1.128,1.148,1.171,1.204,1.234,1.2646
1.0,0.28183,0.62848,0.99959,1.1098,1.1281,1.1385,1.1594,1.1815,1.215,1.233,1.2388
5.0,0.077755,0.2089,0.41735,0.64481,0.83162,0.96509,1.0579,1.1245,1.1748,1.198,1.2055
10.0,0.029043,0.081114,0.17301,0.30977,0.48122,0.66508,0.83065,0.96959,1.0529,1.103,1.1474
15.0,0.015718,0.044341,0.096298,0.18025,0.30112,0.4575,0.62946,0.8015,0.90784,0.9791,1.0541
20.0,0.01007,0.02853,0.06249,0.1192,0.206,0.3295,0.4832,0.6576,0.7726,0.8511,0.93504
25.0,0.006834,0.01936,0.04299,0.08248,0.1461,0.2423,0.3742,0.539,0.6531,0.7334,0.82117
30.0,0.00501,0.0142,0.03179,0.06121,0.1098,0.1863,0.2974,0.446,0.5558,0.6357,0.72515
40.0,0.003158,0.00898,0.0201,0.03911,0.07106,0.1235,0.2054,0.3234,0.4151,0.4846,0.56424
50.0,0.002228,0.006351,0.01421,0.02785,0.05101,0.09022,0.1551,0.255,0.3384,0.4049,0.48358
60.0,0.001942,0.005544,0.01241,0.02435,0.04467,0.07918,0.1365,0.2255,0.3006,0.3608,0.43234
70.0,0.001717,0.004908,0.01099,0.02159,0.03966,0.0704,0.1216,0.2016,0.2694,0.3241,0.38908
80.0,0.001534,0.00439,0.009841,0.01935,0.03558,0.06322,0.1093,0.1817,0.2433,0.2931,0.35267
90.0,0.00138,0.003954,0.008883,0.01747,0.03216,0.0572,0.09891,0.1649,0.221,0.2664,0.3207
100.0,0.001249,0.003584,0.008069,0.01588,0.02925,0.05207,0.09002,0.1505,0.2018,0.2434,0.29312
110.0,0.001137,0.003265,0.007367,0.0145,0.02673,0.04763,0.08234,0.1379,0.185,0.2233,0.26887
120.0,0.001039,0.002988,0.006753,0.0133,0.02454,0.04376,0.07562,0.1269,0.1703,0.2057,0.2481
130.0,9.5E-4,0.002736,0.006194,0.01221,0.02254,0.0402,0.06949,0.1167,0.1568,0.1895,0.22869
140.0,8.692E-4,0.002506,0.00568,0.01121,0.0207,0.03693,0.06391,0.1074,0.1446,0.1749,0.2111
150.0,7.974E-4,0.002301,0.005223,0.01032,0.01907,0.03403,0.05893,0.09914,0.1336,0.1619,0.19585
175.0,6.493E-4,0.001878,0.004276,0.00847,0.01568,0.02799,0.0486,0.08189,0.1108,0.1345,0.16321
200.0,5.346E-4,0.001551,0.00354,0.007032,0.01303,0.02329,0.04051,0.06838,0.09275,0.1128,0.13688
250.0,3.618E-4,0.001055,0.00242,0.00483,0.008994,0.01613,0.02826,0.04805,0.06536,0.07966,0.096945
300.0,2.52E-4,7.388E-4,0.001702,0.003411,0.006383,0.01148,0.02027,0.03466,0.04725,0.0577,0.070365
350.0,1.792E-4,5.284E-4,0.001222,0.002461,0.004622,0.00835,0.01481,0.02551,0.03488,0.04268,0.052152
400.0,1.293E-4,3.834E-4,8.913E-4,0.001801,0.003396,0.006165,0.01098,0.01907,0.02615,0.03207,0.039274
450.0,9.387E-5,2.799E-4,6.541E-4,0.001328,0.002514,0.004588,0.00821,0.01438,0.01979,0.02432,0.029855
500.0,6.895E-5,2.067E-4,4.855E-4,9.898E-4,0.001884,0.00346,0.006225,0.01099,0.01518,0.0187,0.023004
600.0,3.818E-5,1.155E-4,2.745E-4,5.661E-4,0.001093,0.002039,0.003721,0.006659,0.009277,0.0115,0.014225
700.0,2.174E-5,6.638E-5,1.597E-4,3.343E-4,6.587E-4,0.001253,0.00233,0.00424,0.005967,0.007447,0.0092803
800.0,1.264E-5,3.897E-5,9.512E-5,2.031E-4,4.107E-4,8.018E-4,0.001527,0.002834,0.004036,0.005073,0.0063677
1000.0,4.488E-6,1.414E-5,3.581E-5,8.138E-5,1.762E-4,3.683E-4,7.435E-4,0.001445,0.002109,0.00269,0.0034249
1200.0,1.677E-6,5.447E-6,1.46E-5,3.627E-5,8.582E-5,1.938E-4,4.154E-4,8.445E-4,0.001261,0.00163,0.0021031
1500.0,3.7691E-7,1.265E-6,3.5859E-6,9.7103E-6,2.8682E-5,7.5949E-5,1.8071E-4,3.9611E-4,6.1392E-4,8.1185E-4,0.0010714
SA0P3
r\m,4.0,4.5,5.0,5.5,6.0,6.5,7.0,7.5,7.8,8.0,8.2
0.0,0.22183,0.52002,0.8605,0.9766,0.9939,1.002,1.031,1.061,1.095,1.126,1.1587
1.0,0.19551,0.47741,0.8163,0.96205,0.99616,1.0114,1.0412,1.0706,1.1051,1.124,1.1316
5.0,0.055523,0.16219,0.345,0.55652,0.73297,0.85842,0.9507,1.0194,1.0689,1.093,1.1034
10.0,0.021041,0.063909,0.14489,0.26853,0.42505,0.59364,0.7481,0.87984,0.95881,1.007,1.0508
15.0,0.01148,0.035244,0.081356,0.15726,0.26723,0.41012,0.56856,0.72855,0.82781,0.8947,0.96552
20.0,0.007397,0.02282,0.05314,0.1046,0.1837,0.2966,0.4378,0.599,0.7057,0.7787,0.85694
25.0,0.005045,0.01557,0.03681,0.07287,0.1309,0.2189,0.3401,0.492,0.5976,0.6721,0.75364
30.0,0.003711,0.01147,0.02735,0.05431,0.09884,0.1688,0.271,0.408,0.5095,0.5836,0.6665
40.0,0.002352,0.007297,0.0174,0.03494,0.06435,0.1125,0.188,0.297,0.3819,0.4463,0.52016
50.0,0.001667,0.005187,0.01236,0.02501,0.04643,0.08262,0.1426,0.2351,0.3124,0.3742,0.44746
60.0,0.001458,0.004544,0.01083,0.02194,0.0408,0.07275,0.1259,0.2086,0.2784,0.3345,0.40128
70.0,0.001294,0.004036,0.009628,0.01952,0.03635,0.06491,0.1125,0.1871,0.2504,0.3015,0.36241
80.0,0.00116,0.003623,0.008647,0.01755,0.03272,0.05848,0.1015,0.1692,0.2268,0.2735,0.32918
90.0,0.001047,0.003274,0.007831,0.0159,0.02967,0.0531,0.09216,0.1541,0.2067,0.2495,0.30062
100.0,9.511E-4,0.002977,0.007137,0.0145,0.02708,0.0485,0.08416,0.1411,0.1894,0.2287,0.27569
110.0,8.683E-4,0.002721,0.006538,0.01329,0.02484,0.04453,0.07724,0.1297,0.1743,0.2106,0.25417
120.0,7.962E-4,0.002498,0.006013,0.01223,0.02288,0.04104,0.07117,0.1198,0.161,0.1945,0.2346
130.0,7.306E-4,0.002295,0.005534,0.01126,0.02108,0.03784,0.06563,0.1105,0.1487,0.1799,0.21727
140.0,6.708E-4,0.002109,0.005093,0.01038,0.01944,0.03488,0.06057,0.1021,0.1376,0.1666,0.20147
150.0,6.176E-4,0.001944,0.0047,0.009585,0.01796,0.03225,0.05605,0.09454,0.1276,0.1547,0.18728
175.0,5.072E-4,0.0016,0.003883,0.007938,0.0149,0.02676,0.04662,0.07875,0.1067,0.1296,0.15713
200.0,4.213E-4,0.001333,0.003243,0.006647,0.01248,0.02245,0.03919,0.06631,0.09005,0.1096,0.13314
250.0,2.902E-4,9.23E-4,0.002256,0.004646,0.008772,0.01582,0.0278,0.04738,0.06452,0.07872,0.09593
300.0,2.056E-4,6.574E-4,0.001614,0.003338,0.006331,0.01145,0.02026,0.03473,0.0474,0.05791,0.070648
350.0,1.488E-4,4.782E-4,0.001179,0.002449,0.00466,0.008461,0.01503,0.02595,0.03551,0.04348,0.053167
400.0,1.092E-4,3.53E-4,8.742E-4,0.001822,0.003478,0.006343,0.01131,0.01967,0.02699,0.03312,0.040583
450.0,8.064E-5,2.622E-4,6.521E-4,0.001365,0.002614,0.004789,0.008575,0.01503,0.02068,0.02543,0.031223
500.0,6.023E-5,1.968E-4,4.92E-4,0.001033,0.001987,0.003658,0.006581,0.01162,0.01604,0.01977,0.024334
600.0,3.45E-5,1.137E-4,2.871E-4,6.083E-4,0.001183,0.002205,0.004011,0.00716,0.009964,0.01235,0.015288
700.0,2.03E-5,6.746E-5,1.721E-4,3.685E-4,7.274E-4,0.001376,0.002541,0.004598,0.006455,0.008044,0.01001
800.0,1.22E-5,4.086E-5,1.053E-4,2.287E-4,4.598E-4,8.872E-4,0.00167,0.003073,0.004358,0.005466,0.0068463
1000.0,4.617E-6,1.571E-5,4.148E-5,9.398E-5,1.985E-4,4.047E-4,8.017E-4,0.001539,0.002234,0.002843,0.0036128
1200.0,1.831E-6,6.35E-6,1.735E-5,4.184E-5,9.499E-5,2.081E-4,4.379E-4,8.806E-4,0.001309,0.001689,0.0021732
1500.0,4.526E-7,1.6076E-6,4.5582E-6,1.1657E-5,2.8682E-5,7.5949E-5,1.8071E-4,3.9611E-4,6.1392E-4,8.1185E-4,0.0010714
SA0P4
r\m,4.0,4.5,5.0,5.5,6.0,6.5,7.0,7.5,7.8,8.0,8.2
0.0,0.11847,0.31431,0.5958,0.74,0.7942,0.821,0.8616,0.9004,0.9358,0.9655,0.99621
1.0,0.105,0.28998,0.56564,0.72878,0.79525,0.82863,0.87008,0.90867,0.94443,0.9643,0.97436
5.0,0.030904,0.10241,0.24461,0.42554,0.58588,0.70465,0.79531,0.86563,0.91372,0.9378,0.94991
10.0,0.011949,0.041294,0.10493,0.20858,0.34239,0.49004,0.62794,0.74827,0.82038,0.865,0.90613
15.0,0.0065957,0.023074,0.059728,0.12369,0.21725,0.34084,0.47941,0.62117,0.70953,0.7696,0.83341
20.0,0.004285,0.01508,0.03941,0.08308,0.1506,0.2481,0.3709,0.5123,0.6063,0.6712,0.74101
25.0,0.002945,0.01038,0.02761,0.05845,0.1083,0.1842,0.2895,0.422,0.5148,0.5806,0.65292
30.0,0.002177,0.007686,0.02067,0.04387,0.08235,0.1428,0.2317,0.3511,0.4401,0.5053,0.57838
40.0,0.001391,0.004937,0.01328,0.02851,0.05416,0.09603,0.1619,0.2572,0.3316,0.3884,0.45361
50.0,9.922E-4,0.003535,0.009497,0.02057,0.03939,0.071,0.1235,0.2046,0.2727,0.3272,0.39183
60.0,8.726E-4,0.003112,0.00836,0.01814,0.03477,0.06282,0.1095,0.1825,0.2441,0.2938,0.35283
70.0,7.783E-4,0.002778,0.007465,0.01621,0.03113,0.05632,0.09839,0.1644,0.2206,0.266,0.32032
80.0,7.013E-4,0.002505,0.006735,0.01464,0.02815,0.05099,0.08918,0.1494,0.2008,0.2425,0.29251
90.0,6.359E-4,0.002275,0.006129,0.01333,0.02565,0.04652,0.08135,0.1367,0.1839,0.2223,0.26843
100.0,5.803E-4,0.002078,0.005612,0.01221,0.02353,0.04269,0.07464,0.1257,0.1693,0.2047,0.24713
110.0,5.324E-4,0.001908,0.005164,0.01125,0.02168,0.03938,0.06883,0.1162,0.1565,0.1894,0.22886
120.0,4.905E-4,0.00176,0.004772,0.0104,0.02007,0.03648,0.06373,0.1078,0.1452,0.1758,0.2125
130.0,4.523E-4,0.001625,0.004413,0.009626,0.01859,0.0338,0.05905,0.09998,0.1348,0.1634,0.19784
140.0,4.173E-4,0.0015,0.004083,0.00891,0.01722,0.03131,0.05477,0.09279,0.1254,0.152,0.18387
150.0,3.862E-4,0.00139,0.003787,0.008271,0.01599,0.02909,0.05094,0.08634,0.1168,0.1418,0.17187
175.0,3.211E-4,0.001158,0.003168,0.006934,0.01342,0.02444,0.04289,0.0728,0.09884,0.1203,0.14627
200.0,2.7E-4,9.76E-4,0.002679,0.005877,0.01139,0.02076,0.0365,0.06203,0.08445,0.103,0.12545
250.0,1.907E-4,6.93E-4,0.001911,0.004213,0.008207,0.01499,0.02653,0.04541,0.06197,0.07575,0.092498
300.0,1.385E-4,5.058E-4,0.001401,0.003103,0.006071,0.01112,0.01979,0.03407,0.04659,0.05701,0.069645
350.0,1.027E-4,3.772E-4,0.001049,0.002332,0.004576,0.008411,0.01502,0.02604,0.03569,0.04375,0.053563
400.0,7.722E-5,2.851E-4,7.962E-4,0.001777,0.003495,0.006449,0.01155,0.02017,0.02771,0.03403,0.041731
450.0,5.845E-5,2.169E-4,6.082E-4,0.001362,0.002687,0.004977,0.008945,0.01572,0.02166,0.02665,0.032751
500.0,4.473E-5,1.668E-4,4.697E-4,0.001056,0.002088,0.003882,0.007002,0.01238,0.01711,0.02109,0.025958
600.0,2.687E-5,1.01E-4,2.87E-4,6.494E-4,0.001295,0.002429,0.00442,0.007881,0.01096,0.01358,0.016798
700.0,1.658E-5,6.277E-5,1.8E-4,4.101E-4,8.258E-4,0.001565,0.002876,0.005178,0.007251,0.009025,0.011221
800.0,1.044E-5,3.98E-5,1.15E-4,2.643E-4,5.383E-4,0.001033,0.001922,0.003503,0.004944,0.006185,0.0077285
1000.0,4.333E-6,1.672E-5,4.904E-5,1.156E-4,2.417E-4,4.801E-4,9.265E-4,0.001744,0.002509,0.003176,0.0040143
1200.0,1.88E-6,7.339E-6,2.189E-5,5.332E-5,1.163E-4,2.431E-4,4.933E-4,9.69E-4,0.001427,0.001832,0.0023487
1500.0,5.3345E-7,2.1207E-6,6.473E-6,1.63E-5,3.7041E-5,8.1538E-5,1.8071E-4,3.9611E-4,6.1392E-4,8.1185E-4,0.0010714
SA0P5
r\m,4.0,4.5,5.0,5.5,6.0,6.5,7.0,7.5,7.8,8.0,8.2
0.0,0.071725,0.2029,0.4274,0.5793,0.6532,0.6941,0.742,0.7862,0.822,0.8509,0.88087
1.0,0.063567,0.18771,0.40623,0.57038,0.65368,0.70051,0.74924,0.79347,0.8296,0.8499,0.86175
5.0,0.01891,0.068047,0.1794,0.33601,0.48301,0.59687,0.68558,0.7562,0.80284,0.8267,0.84022
10.0,0.0073979,0.027887,0.07827,0.16686,0.28451,0.41717,0.54293,0.65452,0.72144,0.7631,0.80205
15.0,0.0041154,0.01573,0.045019,0.09993,0.18195,0.29179,0.41605,0.54444,0.62484,0.6798,0.73855
20.0,0.002689,0.01035,0.02993,0.06764,0.127,0.2135,0.3231,0.4501,0.5349,0.5937,0.65718
25.0,0.001859,0.007179,0.02114,0.04797,0.09205,0.1593,0.2531,0.3716,0.4551,0.5145,0.57995
30.0,0.001379,0.005336,0.01592,0.0362,0.07034,0.124,0.2033,0.31,0.3898,0.4485,0.51437
40.0,8.859E-4,0.00345,0.0103,0.02372,0.04663,0.08395,0.1428,0.228,0.2949,0.3459,0.40466
50.0,6.35E-4,0.002483,0.007403,0.01722,0.03411,0.06241,0.1094,0.1822,0.2433,0.2924,0.35068
60.0,5.604E-4,0.002194,0.006538,0.01523,0.03021,0.0554,0.09735,0.163,0.2185,0.2634,0.317
70.0,5.015E-4,0.001965,0.005856,0.01366,0.02713,0.04982,0.08773,0.1473,0.1981,0.2393,0.28861
80.0,4.535E-4,0.001778,0.005301,0.01237,0.02461,0.04525,0.07977,0.1343,0.1809,0.2188,0.26424
90.0,4.125E-4,0.001619,0.004839,0.0113,0.02251,0.04142,0.073,0.1233,0.1662,0.2012,0.24321
100.0,3.777E-4,0.001484,0.004445,0.01039,0.02071,0.03814,0.06721,0.1138,0.1535,0.186,0.22504
110.0,3.476E-4,0.001367,0.004103,0.009596,0.01915,0.0353,0.06218,0.1055,0.1424,0.1726,0.20887
120.0,3.213E-4,0.001265,0.003804,0.008902,0.01778,0.0328,0.05776,0.09818,0.1326,0.1608,0.19479
130.0,2.973E-4,0.001172,0.003529,0.008265,0.01652,0.03049,0.0537,0.09137,0.1235,0.1499,0.18157
140.0,2.753E-4,0.001086,0.003277,0.007678,0.01536,0.02835,0.04998,0.08509,0.1152,0.1399,0.1695
150.0,2.556E-4,0.001009,0.00305,0.007151,0.01431,0.02643,0.04664,0.07945,0.1077,0.131,0.15902
175.0,2.144E-4,8.48E-4,0.002574,0.006046,0.01212,0.0224,0.03961,0.06755,0.09192,0.112,0.13637
200.0,1.819E-4,7.207E-4,0.002196,0.005168,0.01037,0.01919,0.03399,0.05805,0.0792,0.0967,0.11791
250.0,1.307E-4,5.206E-4,0.001594,0.003769,0.007605,0.0141,0.02513,0.04322,0.0591,0.07229,0.08827
300.0,9.657E-5,3.865E-4,0.001189,0.002824,0.005723,0.01064,0.01906,0.03297,0.04517,0.05534,0.067711
350.0,7.283E-5,2.93E-4,9.043E-4,0.002159,0.004387,0.008183,0.01471,0.0256,0.03516,0.04314,0.052866
400.0,5.575E-5,2.253E-4,6.979E-4,0.001673,0.003407,0.006377,0.01149,0.02013,0.02771,0.03407,0.041824
450.0,4.288E-5,1.743E-4,5.42E-4,0.001304,0.002662,0.004999,0.009035,0.01593,0.02198,0.02708,0.033328
500.0,3.337E-5,1.363E-4,4.254E-4,0.001027,0.002101,0.00396,0.007178,0.01273,0.01761,0.02173,0.026792
600.0,2.072E-5,8.524E-5,2.685E-4,6.522E-4,0.001344,0.002552,0.004658,0.008319,0.01157,0.01434,0.017748
700.0,1.321E-5,5.471E-5,1.741E-4,4.248E-4,8.816E-4,0.001688,0.003105,0.005587,0.00782,0.009729,0.012089
800.0,8.591E-6,3.581E-5,1.146E-4,2.82E-4,5.902E-4,0.00114,0.002117,0.003844,0.005414,0.006765,0.0084417
1000.0,3.804E-6,1.602E-5,5.191E-5,1.301E-4,2.771E-4,5.477E-4,0.001044,0.001941,0.002777,0.003505,0.0044177
1200.0,1.759E-6,7.478E-6,2.451E-5,6.28E-5,1.371E-4,2.805E-4,5.554E-4,0.001069,0.001561,0.001995,0.0025459
1500.0,5.4949E-7,2.3738E-6,7.9289E-6,2.0817E-5,4.6667E-5,9.894E-5,2.0305E-4,4.0416E-4,6.1392E-4,8.1185E-4,0.0010714
SA0P75
r\m,4.0,4.5,5.0,5.5,6.0,6.5,7.0,7.5,7.8,8.0,8.2
0.0,0.029694,0.084766,0.2082,0.3407,0.4341,0.4935,0.5505,0.6015,0.637,0.664,0.69185
1.0,0.025885,0.078497,0.1984,0.33537,0.43393,0.4978,0.55566,0.60706,0.64293,0.6633,0.67709
5.0,0.0073771,0.029192,0.091248,0.20159,0.32304,0.42594,0.50959,0.57904,0.62252,0.6455,0.66058
10.0,0.0029115,0.012242,0.041031,0.10269,0.19342,0.30082,0.40609,0.50249,0.56033,0.5967,0.63158
15.0,0.0016362,0.0070083,0.024026,0.062628,0.12559,0.21273,0.31349,0.41958,0.48659,0.5326,0.58231
20.0,0.001078,0.004662,0.01618,0.04298,0.08878,0.1572,0.2452,0.3484,0.4179,0.4663,0.51898
25.0,7.518E-4,0.003276,0.01159,0.03094,0.06525,0.1185,0.1935,0.2889,0.3567,0.4053,0.45913
30.0,5.609E-4,0.002452,0.00881,0.02358,0.05037,0.09291,0.1564,0.2421,0.3066,0.3544,0.4085
40.0,3.635E-4,0.001602,0.00577,0.01568,0.03388,0.06372,0.1109,0.1795,0.2335,0.275,0.32286
50.0,2.624E-4,0.001163,0.004182,0.01149,0.02504,0.04782,0.08561,0.1444,0.1938,0.2337,0.28133
60.0,2.327E-4,0.001033,0.003712,0.01022,0.02229,0.04267,0.07659,0.1298,0.1749,0.2116,0.25541
70.0,2.093E-4,9.301E-4,0.003342,0.009207,0.02012,0.03856,0.06936,0.1179,0.1594,0.1932,0.23387
80.0,1.902E-4,8.462E-4,0.00304,0.008384,0.01834,0.0352,0.06339,0.108,0.1463,0.1776,0.21531
90.0,1.738E-4,7.746E-4,0.002789,0.007697,0.01686,0.03239,0.05831,0.09969,0.1351,0.1641,0.19878
100.0,1.6E-4,7.136E-4,0.002575,0.00711,0.01559,0.02997,0.05395,0.09249,0.1255,0.1525,0.18516
110.0,1.479E-4,6.608E-4,0.002389,0.006602,0.01449,0.02789,0.05017,0.08619,0.117,0.1423,0.17289
120.0,1.374E-4,6.146E-4,0.002226,0.006155,0.01353,0.02605,0.04684,0.08063,0.1095,0.1332,0.16168
130.0,1.278E-4,5.722E-4,0.002076,0.005744,0.01264,0.02435,0.04378,0.07543,0.1025,0.1248,0.15169
140.0,1.19E-4,5.331E-4,0.001938,0.005364,0.01181,0.02276,0.04097,0.07062,0.09616,0.1172,0.14274
150.0,1.11E-4,4.98E-4,0.001815,0.005023,0.01106,0.02134,0.03845,0.06629,0.09039,0.1103,0.13441
175.0,9.439E-5,4.243E-4,0.001553,0.004303,0.009492,0.01833,0.0331,0.05712,0.07815,0.09556,0.11668
200.0,8.115E-5,3.655E-4,0.001343,0.003727,0.008234,0.01591,0.02879,0.04973,0.06823,0.08358,0.10224
250.0,5.994E-5,2.714E-4,0.001002,0.002795,0.006211,0.01203,0.02187,0.03806,0.05233,0.0642,0.078659
300.0,4.552E-5,2.07E-4,7.675E-4,0.002152,0.004805,0.009332,0.01703,0.02982,0.04107,0.05045,0.061888
350.0,3.527E-5,1.612E-4,5.995E-4,0.001689,0.003783,0.007371,0.01349,0.02377,0.03279,0.04035,0.049582
400.0,2.772E-5,1.273E-4,4.746E-4,0.001344,0.003017,0.005897,0.01082,0.01917,0.0265,0.03266,0.040195
450.0,2.192E-5,1.011E-4,3.782E-4,0.001076,0.00242,0.004745,0.008729,0.01555,0.02154,0.0266,0.032812
500.0,1.753E-5,8.116E-5,3.045E-4,8.695E-4,0.001961,0.003856,0.00711,0.01273,0.01767,0.02185,0.026989
600.0,1.147E-5,5.345E-5,2.024E-4,5.812E-4,0.001318,0.00261,0.00484,0.008709,0.01215,0.01508,0.018678
700.0,7.7E-6,3.609E-5,1.378E-4,3.98E-4,9.075E-4,0.001808,0.003374,0.006101,0.008554,0.01065,0.013242
800.0,5.273E-6,2.484E-5,9.553E-5,2.775E-4,6.365E-4,0.001276,0.002395,0.004356,0.006135,0.007664,0.0095629
1000.0,2.586E-6,1.229E-5,4.773E-5,1.408E-4,3.262E-4,6.621E-4,0.00126,0.002323,0.003305,0.004157,0.0052219
1200.0,1.323E-6,6.33E-6,2.48E-5,7.422E-5,1.74E-4,3.589E-4,6.966E-4,0.00131,0.001887,0.002394,0.0030328
1500.0,4.8151E-7,2.3325E-6,9.2896E-6,2.8338E-5,6.7414E-5,1.4192E-4,2.8104E-4,5.3822E-4,7.8671E-4,0.0010082,0.0012902
SA1P0
r\m,4.0,4.5,5.0,5.5,6.0,6.5,7.0,7.5,7.8,8.0,8.2
0.0,0.0169,0.044867,0.1151,0.2157,0.3082,0.3747,0.4351,0.4885,0.5233,0.5488,0.57511
1.0,0.014284,0.041283,0.10982,0.2123,0.30783,0.3778,0.43902,0.49294,0.52814,0.5483,0.56317
5.0,0.0037317,0.015093,0.051656,0.12976,0.23073,0.32447,0.40341,0.4705,0.51157,0.5336,0.54917
10.0,0.0014671,0.0063754,0.023666,0.067358,0.13996,0.23111,0.32314,0.40919,0.46104,0.4938,0.52566
15.0,8.2743E-4,0.0036785,0.014019,0.041601,0.091901,0.16482,0.2509,0.3427,0.40113,0.4413,0.48483
20.0,5.472E-4,0.002463,0.009521,0.02882,0.06557,0.1227,0.1973,0.2855,0.3453,0.3871,0.43278
25.0,3.834E-4,0.001747,0.006882,0.02097,0.04869,0.09318,0.1566,0.2375,0.2954,0.3372,0.38372
30.0,2.869E-4,0.001314,0.005263,0.01609,0.03786,0.07348,0.1272,0.1997,0.2546,0.2955,0.34194
40.0,1.867E-4,8.638E-4,0.003476,0.0108,0.02573,0.05084,0.09079,0.1489,0.1948,0.2302,0.27142
50.0,1.353E-4,6.304E-4,0.002533,0.007971,0.01916,0.03844,0.07046,0.1203,0.1623,0.1963,0.23687
60.0,1.203E-4,5.616E-4,0.002255,0.007105,0.0171,0.03439,0.06322,0.1085,0.1469,0.1782,0.21562
70.0,1.084E-4,5.073E-4,0.002037,0.006423,0.01548,0.03118,0.05742,0.09885,0.1343,0.1632,0.19791
80.0,9.872E-5,4.63E-4,0.001859,0.005866,0.01415,0.02855,0.05264,0.09084,0.1236,0.1505,0.18295
90.0,9.047E-5,4.251E-4,0.00171,0.005402,0.01305,0.02635,0.04856,0.08408,0.1146,0.1396,0.16974
100.0,8.345E-5,3.928E-4,0.001584,0.005006,0.01211,0.02447,0.04507,0.07824,0.1067,0.1301,0.15842
110.0,7.738E-5,3.649E-4,0.001474,0.004662,0.01129,0.02283,0.04204,0.07315,0.0998,0.1217,0.14816
120.0,7.207E-5,3.404E-4,0.001378,0.004359,0.01057,0.02139,0.03936,0.06864,0.09371,0.1143,0.13913
130.0,6.72E-5,3.179E-4,0.001289,0.004081,0.009905,0.02005,0.03691,0.06442,0.08803,0.1075,0.13106
140.0,6.273E-5,2.972E-4,0.001208,0.003824,0.009286,0.01881,0.03466,0.06051,0.08282,0.1012,0.12342
150.0,5.871E-5,2.785E-4,0.001135,0.003592,0.008729,0.01769,0.03263,0.05699,0.07811,0.09559,0.11679
175.0,5.026E-5,2.392E-4,9.792E-4,0.003102,0.00755,0.01532,0.02833,0.0495,0.06808,0.0835,0.10224
200.0,4.353E-5,2.078E-4,8.541E-4,0.002708,0.006602,0.01341,0.02485,0.04345,0.05991,0.07363,0.090347
250.0,3.266E-5,1.569E-4,6.481E-4,0.002066,0.005068,0.01032,0.01919,0.03382,0.04674,0.0575,0.070605
300.0,2.521E-5,1.217E-4,5.048E-4,0.001617,0.003989,0.008145,0.0152,0.02695,0.03729,0.04595,0.056523
350.0,1.986E-5,9.637E-5,4.005E-4,0.00129,0.003193,0.006541,0.01224,0.02182,0.03025,0.03733,0.045996
400.0,1.586E-5,7.734E-5,3.221E-4,0.001043,0.002587,0.005319,0.009973,0.01788,0.02483,0.03068,0.037827
450.0,1.275E-5,6.246E-5,2.607E-4,8.484E-4,0.002109,0.00435,0.008176,0.01474,0.0205,0.02537,0.031357
500.0,1.036E-5,5.094E-5,2.133E-4,6.97E-4,0.001736,0.003592,0.006766,0.01225,0.01708,0.02116,0.026189
600.0,7.004E-6,3.462E-5,1.462E-4,4.805E-4,0.001203,0.002507,0.00475,0.008636,0.01209,0.01504,0.018695
700.0,4.855E-6,2.412E-5,1.026E-4,3.392E-4,8.541E-4,0.001791,0.00341,0.006224,0.008753,0.01092,0.013611
800.0,3.431E-6,1.712E-5,7.332E-5,2.438E-4,6.171E-4,0.001301,0.00249,0.004563,0.006443,0.00806,0.01007
1000.0,1.791E-6,9.002E-6,3.891E-5,1.312E-4,3.353E-4,7.133E-4,0.001379,0.002551,0.003629,0.004564,0.0057335
1200.0,9.741E-7,4.925E-6,2.146E-5,7.33E-5,1.89E-4,4.063E-4,7.957E-4,0.00149,0.002139,0.002707,0.003421
1500.0,3.8972E-7,1.9875E-6,8.7886E-6,3.0575E-5,7.9812E-5,1.7438E-4,3.467E-4,6.5675E-4,9.5344E-4,0.0012162,0.0015493
SA1P5
r\m,4.0,4.5,5.0,5.5,6.0,6.5,7.0,7.5,7.8,8.0,8.2
0.0,0.0080502,0.018832,0.0466,0.1007,0.1731,0.24,0.301,0.3551,0.3882,0.4115,0.43572
1.0,0.0063859,0.016965,0.044412,0.099093,0.17271,0.24176,0.30345,0.35829,0.39171,0.4111,0.4267
5.0,0.0014384,0.0057381,0.021018,0.061849,0.13096,0.20882,0.27963,0.34238,0.37963,0.4003,0.41637
10.0,5.5952E-4,0.0024183,0.0097915,0.032889,0.081042,0.15069,0.22578,0.29882,0.34283,0.3709,0.39864
15.0,3.1594E-4,0.0014049,0.0058775,0.020648,0.054084,0.10884,0.17684,0.25143,0.29916,0.3323,0.36855
20.0,2.094E-4,9.471E-4,0.004033,0.01448,0.03909,0.08191,0.1402,0.2105,0.2584,0.2921,0.32908
25.0,1.47E-4,6.793E-4,0.002944,0.01068,0.02944,0.06293,0.1123,0.1759,0.2219,0.2553,0.29278
30.0,1.102E-4,5.138E-4,0.002268,0.008269,0.02313,0.05006,0.09187,0.1487,0.192,0.2243,0.26108
40.0,7.193E-5,3.402E-4,0.001516,0.005619,0.01594,0.03513,0.06626,0.1118,0.1478,0.1758,0.20857
50.0,5.23E-5,2.497E-4,0.001113,0.004184,0.01198,0.02679,0.0518,0.09086,0.1238,0.1505,0.18269
60.0,4.654E-5,2.23E-4,9.942E-4,0.003743,0.01074,0.02405,0.04665,0.0822,0.1124,0.1372,0.16716
70.0,4.201E-5,2.021E-4,9.012E-4,0.003396,0.009753,0.02188,0.04252,0.07516,0.1031,0.1261,0.15402
80.0,3.832E-5,1.85E-4,8.254E-4,0.003113,0.008949,0.02011,0.03911,0.06932,0.09531,0.1167,0.14252
90.0,3.519E-5,1.704E-4,7.624E-4,0.002878,0.008283,0.01863,0.03621,0.0644,0.08864,0.1086,0.13277
100.0,3.253E-5,1.58E-4,7.085E-4,0.002677,0.007713,0.01736,0.03373,0.06016,0.08287,0.1016,0.12431
110.0,3.024E-5,1.472E-4,6.618E-4,0.002503,0.007218,0.01625,0.03157,0.05645,0.07781,0.09547,0.11692
120.0,2.823E-5,1.378E-4,6.208E-4,0.002349,0.006782,0.01528,0.02967,0.05316,0.07333,0.09001,0.11028
130.0,2.639E-5,1.291E-4,5.832E-4,0.002208,0.00638,0.01438,0.02793,0.05009,0.06916,0.08496,0.10416
140.0,2.468E-5,1.211E-4,5.486E-4,0.002077,0.006005,0.01355,0.02634,0.04724,0.06534,0.08034,0.098601
150.0,2.316E-5,1.139E-4,5.175E-4,0.001959,0.005667,0.0128,0.0249,0.04467,0.06187,0.07615,0.093561
175.0,1.995E-5,9.874E-5,4.513E-4,0.001708,0.004951,0.0112,0.02184,0.03919,0.05446,0.06718,0.082725
200.0,1.74E-5,8.654E-5,3.977E-4,0.001506,0.004371,0.0099,0.01935,0.03474,0.0484,0.05982,0.073792
250.0,1.326E-5,6.666E-5,3.082E-4,0.001173,0.00343,0.007789,0.01526,0.02762,0.03856,0.04772,0.058936
300.0,1.041E-5,5.274E-5,2.45E-4,9.37E-4,0.002756,0.006277,0.01233,0.02247,0.03141,0.03891,0.048117
350.0,8.351E-6,4.259E-5,1.983E-4,7.625E-4,0.002251,0.005145,0.01013,0.01856,0.02598,0.03223,0.039919
400.0,6.796E-6,3.487E-5,1.625E-4,6.286E-4,0.00186,0.004268,0.008423,0.01551,0.02174,0.027,0.033471
450.0,5.571E-6,2.872E-5,1.341E-4,5.214E-4,0.001547,0.003561,0.007044,0.01303,0.01829,0.02275,0.028238
500.0,4.616E-6,2.39E-5,1.118E-4,4.365E-4,0.001298,0.002999,0.005945,0.01104,0.01553,0.01933,0.024021
600.0,3.243E-6,1.688E-5,7.958E-5,3.125E-4,9.338E-4,0.002175,0.004337,0.00808,0.01141,0.01425,0.017772
700.0,2.336E-6,1.222E-5,5.799E-5,2.289E-4,6.875E-4,0.001612,0.003231,0.006038,0.008559,0.01072,0.013406
800.0,1.716E-6,9.005E-6,4.3E-5,1.705E-4,5.15E-4,0.001215,0.002446,0.004584,0.006521,0.008187,0.010264
1000.0,9.67E-7,5.101E-6,2.454E-5,9.862E-5,3.006E-4,7.147E-4,0.001451,0.002736,0.003913,0.004932,0.006208
1200.0,5.667E-7,3.003E-6,1.454E-5,5.912E-5,1.817E-4,4.355E-4,8.919E-4,0.001693,0.002436,0.003083,0.0038975
1500.0,2.5525E-7,1.3559E-6,6.6324E-6,2.7431E-5,8.5284E-5,2.0759E-4,4.3076E-4,8.2245E-4,0.0011934,0.0015195,0.0019333
SA2P0
r\m,4.0,4.5,5.0,5.5,6.0,6.5,7.0,7.5,7.8,8.0,8.2
0.0,0.0045937,0.010405,0.0242,0.05468,0.1064,0.1661,0.2247,0.2774,0.3091,0.3308,0.35373
1.0,0.0035239,0.0091831,0.022987,0.053784,0.10607,0.1672,0.22638,0.27984,0.31183,0.3304,0.34624
5.0,7.4209E-4,0.0028869,0.010668,0.033838,0.081114,0.14508,0.20907,0.26769,0.30234,0.3219,0.33813
10.0,2.8674E-4,0.0012089,0.0049846,0.018217,0.050901,0.10574,0.16983,0.23431,0.27346,0.2986,0.3239
15.0,1.6169E-4,7.0367E-4,0.0030114,0.011545,0.034345,0.07709,0.1339,0.19789,0.23916,0.2679,0.29949
20.0,1.071E-4,4.756E-4,0.002078,0.008157,0.02504,0.05848,0.1068,0.1663,0.2071,0.2361,0.26825
25.0,7.491E-5,3.421E-4,0.001522,0.006067,0.01905,0.04531,0.08609,0.1395,0.1784,0.2068,0.23891
30.0,5.624E-5,2.596E-4,0.001176,0.004722,0.01507,0.03628,0.07085,0.1184,0.1547,0.182,0.21334
40.0,3.666E-5,1.723E-4,7.932E-4,0.003234,0.01048,0.0257,0.05149,0.0895,0.1197,0.1432,0.17085
50.0,2.668E-5,1.268E-4,5.851E-4,0.002422,0.00793,0.01973,0.04047,0.07308,0.1006,0.123,0.15022
60.0,2.373E-5,1.134E-4,5.239E-4,0.002172,0.007121,0.01775,0.03652,0.06625,0.09156,0.1123,0.13747
70.0,2.142E-5,1.028E-4,4.758E-4,0.001975,0.006481,0.01618,0.03335,0.0607,0.08414,0.1034,0.12673
80.0,1.955E-5,9.421E-5,4.367E-4,0.001814,0.00596,0.0149,0.03075,0.05611,0.07793,0.09595,0.11787
90.0,1.797E-5,8.69E-5,4.041E-4,0.001681,0.005529,0.01383,0.02853,0.05224,0.07265,0.08953,0.11009
100.0,1.662E-5,8.068E-5,3.761E-4,0.001568,0.00516,0.01292,0.02663,0.0489,0.06808,0.08396,0.10334
110.0,1.547E-5,7.53E-5,3.521E-4,0.001469,0.00484,0.01212,0.02497,0.04599,0.06407,0.07906,0.097342
120.0,1.445E-5,7.059E-5,3.309E-4,0.001382,0.004558,0.01142,0.02352,0.04341,0.06052,0.07471,0.09204
130.0,1.352E-5,6.626E-5,3.115E-4,0.001302,0.004298,0.01078,0.02219,0.041,0.05722,0.07069,0.087165
140.0,1.265E-5,6.225E-5,2.937E-4,0.001228,0.004055,0.01018,0.02098,0.03876,0.05419,0.06701,0.082698
150.0,1.188E-5,5.865E-5,2.777E-4,0.001161,0.003837,0.009634,0.01989,0.03674,0.05143,0.06368,0.078678
175.0,1.026E-5,5.105E-5,2.436E-4,0.001019,0.003372,0.008482,0.01755,0.03243,0.04555,0.05652,0.069992
200.0,8.967E-6,4.495E-5,2.159E-4,9.036E-4,0.002995,0.007547,0.01565,0.02892,0.04074,0.05064,0.062921
250.0,6.884E-6,3.498E-5,1.695E-4,7.129E-4,0.002382,0.00602,0.01251,0.02331,0.03289,0.04094,0.050863
300.0,5.449E-6,2.797E-5,1.364E-4,5.767E-4,0.00194,0.004917,0.01023,0.01921,0.02714,0.03381,0.042014
350.0,4.408E-6,2.283E-5,1.117E-4,4.751E-4,0.001604,0.00408,0.008513,0.01607,0.02273,0.02835,0.03529
400.0,3.622E-6,1.891E-5,9.268E-5,3.965E-4,0.001342,0.003428,0.007168,0.01359,0.01924,0.02402,0.029925
450.0,2.999E-6,1.576E-5,7.739E-5,3.328E-4,0.001129,0.002894,0.00607,0.01156,0.01639,0.02048,0.025538
500.0,2.512E-6,1.327E-5,6.526E-5,2.82E-4,9.591E-4,0.002469,0.005185,0.009912,0.01407,0.0176,0.021977
600.0,1.804E-6,9.592E-6,4.757E-5,2.065E-4,7.056E-4,0.001832,0.003875,0.007425,0.01059,0.01328,0.016622
700.0,1.33E-6,7.106E-6,3.547E-5,1.547E-4,5.31E-4,0.00139,0.002955,0.005675,0.008121,0.01021,0.012808
800.0,1.0E-6,5.36E-6,2.691E-5,1.179E-4,4.065E-4,0.001071,0.002288,0.004404,0.006323,0.007973,0.010034
1000.0,5.904E-7,3.18E-6,1.606E-5,7.118E-5,2.478E-4,6.583E-4,0.001418,0.002743,0.003956,0.005004,0.006319
1200.0,3.623E-7,1.958E-6,9.94E-6,4.454E-5,1.564E-4,4.185E-4,9.086E-4,0.001767,0.002559,0.003248,0.0041139
1500.0,1.7574E-7,9.4904E-7,4.848E-6,2.2047E-5,7.8228E-5,2.1285E-4,4.6849E-4,9.1445E-4,0.0013336,0.0017015,0.0021663
SA3P0
r\m,4.0,4.5,5.0,5.5,6.0,6.5,7.0,7.5,7.8,8.0,8.2
0.0,0.0019557,0.0045177,0.009825,0.02197,0.04795,0.08997,0.1406,0.1888,0.2178,0.2374,0.25806
1.0,0.0014831,0.003903,0.0092693,0.021572,0.04776,0.09045,0.14149,0.1904,0.21967,0.237,0.25235
5.0,3.0205E-4,0.0011323,0.0040798,0.013467,0.036876,0.078966,0.13102,0.18243,0.21318,0.2312,0.24706
10.0,1.1559E-4,4.6878E-4,0.001893,0.0072822,0.023522,0.058349,0.10729,0.16044,0.19338,0.2148,0.23672
15.0,6.4851E-5,2.7233E-4,0.0011475,0.0046514,0.016083,0.043085,0.085355,0.13629,0.16977,0.1932,0.21919
20.0,4.279E-5,1.839E-4,7.948E-4,0.00331,0.01185,0.03304,0.06866,0.1152,0.1476,0.1708,0.19684
25.0,2.958E-5,1.309E-4,5.805E-4,0.002481,0.009121,0.02592,0.05589,0.09718,0.1276,0.1501,0.17579
30.0,2.22E-5,9.96E-5,4.485E-4,0.001942,0.007275,0.02094,0.04638,0.08297,0.1112,0.1325,0.15732
40.0,1.44E-5,6.605E-5,3.053E-4,0.001342,0.005118,0.01502,0.03409,0.06325,0.08658,0.1048,0.12639
50.0,1.047E-5,4.864E-5,2.267E-4,0.001012,0.003904,0.01163,0.02699,0.05196,0.07308,0.09038,0.11145
60.0,9.303E-6,4.35E-5,2.034E-4,9.095E-4,0.003514,0.01049,0.02441,0.04722,0.0667,0.08275,0.10237
70.0,8.39E-6,3.946E-5,1.85E-4,8.292E-4,0.003208,0.009587,0.02235,0.04337,0.06146,0.07641,0.094743
80.0,7.65E-6,3.617E-5,1.701E-4,7.638E-4,0.002958,0.00885,0.02066,0.04019,0.05707,0.07107,0.088245
90.0,7.033E-6,3.34E-5,1.576E-4,7.099E-4,0.002751,0.008236,0.01922,0.03751,0.05335,0.06651,0.082715
100.0,6.51E-6,3.105E-5,1.47E-4,6.638E-4,0.002575,0.007713,0.01798,0.03521,0.05013,0.06254,0.077806
110.0,6.059E-6,2.901E-5,1.377E-4,6.238E-4,0.002422,0.007257,0.01691,0.0332,0.04731,0.05905,0.073495
120.0,5.665E-6,2.723E-5,1.297E-4,5.886E-4,0.002287,0.006856,0.01596,0.03142,0.04481,0.05596,0.069705
130.0,5.3E-6,2.559E-5,1.223E-4,5.562E-4,0.002163,0.006486,0.0151,0.02976,0.04249,0.05311,0.066229
140.0,4.96E-6,2.407E-5,1.155E-4,5.26E-4,0.002047,0.006145,0.01433,0.02821,0.04036,0.0505,0.063037
150.0,4.656E-6,2.27E-5,1.094E-4,4.987E-4,0.001943,0.005836,0.01362,0.02683,0.03843,0.04813,0.060131
175.0,4.021E-6,1.982E-5,9.641E-5,4.408E-4,0.00172,0.005178,0.01212,0.02387,0.03429,0.04305,0.053911
200.0,3.518E-6,1.751E-5,8.593E-5,3.938E-4,0.00154,0.004642,0.01089,0.02144,0.0309,0.03886,0.048736
250.0,2.712E-6,1.374E-5,6.839E-5,3.155E-4,0.001245,0.003768,0.008843,0.01759,0.02538,0.03196,0.040135
300.0,2.16E-6,1.11E-5,5.583E-5,2.592E-4,0.001031,0.003129,0.007351,0.01474,0.02129,0.02683,0.033727
350.0,1.76E-6,9.155E-6,4.636E-5,2.168E-4,8.657E-4,0.002639,0.006213,0.01252,0.01811,0.02283,0.028705
400.0,1.459E-6,7.665E-6,3.898E-5,1.836E-4,7.35E-4,0.00225,0.005312,0.01074,0.01556,0.01965,0.024775
450.0,1.22E-6,6.466E-6,3.3E-5,1.565E-4,6.279E-4,0.00193,0.00457,0.009279,0.01345,0.01698,0.021386
500.0,1.033E-6,5.513E-6,2.822E-5,1.345E-4,5.412E-4,0.00167,0.003963,0.008077,0.01171,0.01481,0.018671
600.0,7.592E-7,4.093E-6,2.116E-5,1.014E-4,4.093E-4,0.001276,0.003051,0.00623,0.009072,0.0115,0.014533
700.0,5.741E-7,3.115E-6,1.623E-5,7.81E-5,3.164E-4,9.948E-4,0.002394,0.004899,0.007159,0.009097,0.011534
800.0,4.431E-7,2.416E-6,1.266E-5,6.115E-5,2.487E-4,7.878E-4,0.001906,0.003908,0.005728,0.007295,0.0092683
1000.0,2.765E-7,1.515E-6,7.983E-6,3.895E-5,1.599E-4,5.105E-4,0.001247,0.002566,0.003775,0.004821,0.0061426
1200.0,1.794E-7,9.86E-7,5.216E-6,2.568E-5,1.062E-4,3.418E-4,8.413E-4,0.001739,0.002568,0.003287,0.0041996
1500.0,9.5081E-8,5.2179E-7,2.7677E-6,1.377E-5,5.7365E-5,1.8795E-4,4.7021E-4,9.737E-4,0.0014466,0.0018596,0.0023867
SA4P0
r\m,4.0,4.5,5.0,5.5,6.0,6.5,7.0,7.5,7.8,8.0,8.2
0.0,0.0010527,0.0024926,0.005316,0.01145,0.02566,0.05389,0.09562,0.139,0.1659,0.1839,0.20331
1.0,8.0429E-4,0.0021459,0.0049943,0.011226,0.025545,0.054133,0.096138,0.14013,0.16731,0.1837,0.19929
5.0,1.6367E-4,6.0449E-4,0.0021092,0.0068807,0.019762,0.04744,0.089152,0.13443,0.16249,0.1791,0.19457
10.0,6.2117E-5,2.4765E-4,9.6816E-4,0.0036975,0.012678,0.035359,0.073367,0.11868,0.14772,0.1667,0.18674
15.0,3.466E-5,1.431E-4,5.8543E-4,0.0023635,0.0087197,0.026325,0.05871,0.10126,0.13005,0.1502,0.17295
20.0,2.277E-5,9.622E-5,4.05E-4,0.001685,0.006458,0.02033,0.0475,0.08597,0.1134,0.1331,0.1556
25.0,1.558E-5,6.736E-5,2.934E-4,0.001264,0.004999,0.01608,0.03893,0.07285,0.09834,0.1172,0.13905
30.0,1.168E-5,5.119E-5,2.258E-4,9.905E-4,0.004004,0.01307,0.0325,0.06246,0.08592,0.1037,0.12453
40.0,7.538E-6,3.383E-5,1.54E-4,6.872E-4,0.002834,0.009449,0.02408,0.04791,0.06723,0.08239,0.10055
50.0,5.468E-6,2.489E-5,1.149E-4,5.197E-4,0.002172,0.007358,0.01917,0.03953,0.05693,0.07123,0.088814
60.0,4.854E-6,2.225E-5,1.031E-4,4.678E-4,0.001958,0.006648,0.01737,0.03597,0.05204,0.06531,0.08168
70.0,4.373E-6,2.017E-5,9.382E-5,4.27E-4,0.00179,0.006085,0.01592,0.03309,0.04802,0.06041,0.075743
80.0,3.984E-6,1.848E-5,8.63E-5,3.938E-4,0.001653,0.005626,0.01474,0.0307,0.04466,0.05634,0.070908
90.0,3.662E-6,1.707E-5,7.997E-5,3.665E-4,0.001541,0.005245,0.01373,0.02871,0.04182,0.05275,0.066333
100.0,3.388E-6,1.587E-5,7.459E-5,3.432E-4,0.001444,0.004918,0.01287,0.02699,0.03936,0.04969,0.062517
110.0,3.153E-6,1.484E-5,6.993E-5,3.23E-4,0.001361,0.004635,0.01212,0.02548,0.0372,0.047,0.059194
120.0,2.947E-6,1.393E-5,6.585E-5,3.052E-4,0.001287,0.004385,0.01146,0.02416,0.03529,0.04461,0.056214
130.0,2.756E-6,1.309E-5,6.211E-5,2.889E-4,0.001219,0.004157,0.01086,0.02292,0.03353,0.04241,0.05347
140.0,2.577E-6,1.231E-5,5.868E-5,2.736E-4,0.001156,0.003945,0.01032,0.02178,0.03191,0.0404,0.050992
150.0,2.418E-6,1.161E-5,5.559E-5,2.598E-4,0.001099,0.003754,0.009831,0.02075,0.03044,0.03859,0.048818
175.0,2.085E-6,1.014E-5,4.905E-5,2.305E-4,9.779E-4,0.003347,0.008789,0.01854,0.02729,0.03467,0.043873
200.0,1.823E-6,8.969E-6,4.379E-5,2.067E-4,8.793E-4,0.003016,0.007936,0.01674,0.02471,0.03145,0.039905
250.0,1.404E-6,7.053E-6,3.507E-5,1.67E-4,7.187E-4,0.002475,0.006513,0.01388,0.02053,0.02615,0.033223
300.0,1.119E-6,5.716E-6,2.882E-5,1.384E-4,6.009E-4,0.002076,0.005468,0.01175,0.0174,0.02219,0.028183
350.0,9.137E-7,4.732E-6,2.409E-5,1.168E-4,5.096E-4,0.001768,0.004675,0.01008,0.01494,0.01906,0.024243
400.0,7.594E-7,3.98E-6,2.04E-5,9.979E-5,4.368E-4,0.001523,0.004029,0.008736,0.01296,0.01654,0.021054
450.0,6.376E-7,3.376E-6,1.74E-5,8.581E-5,3.768E-4,0.001319,0.0035,0.007617,0.0113,0.01444,0.018377
500.0,5.423E-7,2.896E-6,1.499E-5,7.444E-5,3.277E-4,0.001152,0.003065,0.006693,0.009939,0.0127,0.016185
600.0,4.033E-7,2.179E-6,1.142E-5,5.71E-5,2.522E-4,8.958E-4,0.002404,0.005259,0.007841,0.01005,0.012841
700.0,3.09E-7,1.683E-6,8.904E-6,4.475E-5,1.982E-4,7.104E-4,0.00192,0.004209,0.006298,0.008091,0.010364
800.0,2.419E-7,1.325E-6,7.062E-6,3.564E-5,1.584E-4,5.718E-4,0.001555,0.003416,0.005126,0.0066,0.0084731
1000.0,1.556E-7,8.587E-7,4.605E-6,2.346E-5,1.052E-4,3.828E-4,0.001051,0.002321,0.003491,0.004505,0.0057952
1200.0,1.043E-7,5.778E-7,3.111E-6,1.597E-5,7.212E-5,2.644E-4,7.324E-4,0.001622,0.00245,0.003169,0.0040884
1500.0,5.8172E-8,3.2211E-7,1.7398E-6,9.0073E-6,4.086E-5,1.5247E-4,4.3007E-4,9.5409E-4,0.001449,0.0018818,0.002438
SA5P0
r\m,4.0,4.5,5.0,5.5,6.0,6.5,7.0,7.5,7.8,8.0,8.2
0.0,6.5467E-4,0.0015769,0.003345,0.00698,0.01553,0.03469,0.06833,0.1071,0.132,0.1487,0.1668
1.0,5.044E-4,0.0013609,0.0031371,0.0068366,0.015453,0.03482,0.068646,0.10793,0.13307,0.1486,0.16377
5.0,1.03E-4,3.792E-4,0.0012904,0.004112,0.011922,0.030575,0.063696,0.10363,0.1293,0.145,0.16014
10.0,3.8823E-5,1.5384E-4,5.8609E-4,0.0021896,0.0076439,0.022907,0.052572,0.091745,0.11777,0.135,0.15334
15.0,2.1559E-5,8.8344E-5,3.5273E-4,0.0013964,0.0052659,0.017143,0.042234,0.07855,0.10394,0.1219,0.14236
20.0,1.411E-5,5.911E-5,2.432E-4,9.947E-4,0.003908,0.0133,0.03431,0.06691,0.09085,0.1082,0.12818
25.0,9.575E-6,4.078E-5,1.746E-4,7.444E-4,0.003033,0.01058,0.02827,0.05691,0.07901,0.09552,0.11483
30.0,7.166E-6,3.09E-5,1.338E-4,5.828E-4,0.002434,0.008632,0.02371,0.04896,0.06919,0.08465,0.103
40.0,4.607E-6,2.034E-5,9.101E-5,4.046E-4,0.001728,0.006277,0.01767,0.03772,0.05433,0.06743,0.083266
50.0,3.335E-6,1.495E-5,6.807E-5,3.064E-4,0.001327,0.004907,0.01413,0.03122,0.04612,0.05841,0.07367
60.0,2.958E-6,1.335E-5,6.11E-5,2.759E-4,0.001198,0.004438,0.01281,0.02844,0.0422,0.05361,0.067831
70.0,2.663E-6,1.21E-5,5.562E-5,2.52E-4,0.001097,0.004067,0.01176,0.02619,0.03898,0.04964,0.062952
80.0,2.424E-6,1.108E-5,5.117E-5,2.325E-4,0.001014,0.003764,0.01089,0.02433,0.03629,0.04629,0.058805
90.0,2.227E-6,1.023E-5,4.74E-5,2.166E-4,9.458E-4,0.003513,0.01016,0.02277,0.03402,0.04344,0.055245
100.0,2.059E-6,9.512E-6,4.419E-5,2.03E-4,8.875E-4,0.003298,0.00953,0.02143,0.03205,0.04097,0.052161
110.0,1.916E-6,8.891E-6,4.143E-5,1.911E-4,8.37E-4,0.003111,0.008984,0.02025,0.03033,0.03879,0.049408
120.0,1.79E-6,8.348E-6,3.901E-5,1.808E-4,7.925E-4,0.002947,0.008504,0.01922,0.0288,0.03686,0.046979
130.0,1.673E-6,7.844E-6,3.678E-5,1.712E-4,7.516E-4,0.002797,0.008072,0.01826,0.0274,0.03509,0.044758
140.0,1.563E-6,7.374E-6,3.474E-5,1.623E-4,7.136E-4,0.002658,0.007681,0.01737,0.02611,0.03348,0.042775
150.0,1.466E-6,6.953E-6,3.29E-5,1.542E-4,6.793E-4,0.002533,0.007327,0.01657,0.02494,0.03201,0.040895
175.0,1.262E-6,6.068E-6,2.902E-5,1.371E-4,6.061E-4,0.002266,0.006571,0.01486,0.02244,0.02886,0.036967
200.0,1.102E-6,5.363E-6,2.59E-5,1.232E-4,5.467E-4,0.002048,0.005954,0.01346,0.02038,0.02627,0.033712
250.0,8.461E-7,4.216E-6,2.08E-5,9.996E-5,4.499E-4,0.001694,0.004923,0.01125,0.01707,0.02202,0.028282
300.0,6.738E-7,3.42E-6,1.715E-5,8.322E-5,3.788E-4,0.001432,0.004163,0.0096,0.01459,0.01883,0.0242
350.0,5.501E-7,2.834E-6,1.439E-5,7.061E-5,3.234E-4,0.001228,0.003579,0.008292,0.01261,0.01629,0.020963
400.0,4.575E-7,2.387E-6,1.223E-5,6.068E-5,2.791E-4,0.001065,0.003111,0.007234,0.011,0.01422,0.018285
450.0,3.846E-7,2.03E-6,1.047E-5,5.248E-5,2.423E-4,9.288E-4,0.002721,0.006351,0.009669,0.0125,0.016112
500.0,3.279E-7,1.747E-6,9.064E-6,4.58E-5,2.122E-4,8.164E-4,0.002399,0.005618,0.008556,0.01107,0.01427
600.0,2.454E-7,1.324E-6,6.97E-6,3.554E-5,1.653E-4,6.43E-4,0.001906,0.004472,0.00684,0.008872,0.011464
700.0,1.894E-7,1.032E-6,5.49E-6,2.818E-5,1.315E-4,5.161E-4,0.001541,0.003625,0.005563,0.007234,0.0093706
800.0,1.495E-7,8.204E-7,4.402E-6,2.271E-5,1.063E-4,4.203E-4,0.001263,0.002978,0.004584,0.005972,0.0077482
1000.0,9.808E-8,5.427E-7,2.936E-6,1.53E-5,7.222E-5,2.878E-4,8.742E-4,0.002068,0.003194,0.004171,0.0054259
1200.0,6.719E-8,3.734E-7,2.029E-6,1.066E-5,5.064E-5,2.033E-4,6.228E-4,0.00148,0.002292,0.002999,0.0039085
1500.0,3.8728E-8,2.154E-7,1.1761E-6,6.2355E-6,2.9691E-5,1.2123E-4,3.7866E-4,9.0115E-4,0.001403,0.0018426,0.0024098
SA7P5
r\m,4.0,4.5,5.0,5.5,6.0,6.5,7.0,7.5,7.8,8.0,8.2
0.0,2.7967E-4,6.8788E-4,0.001471,0.002926,0.006217,0.01446,0.03369,0.06209,0.08284,0.09711,0.11308
1.0,2.1906E-4,5.9985E-4,0.0013804,0.0028663,0.006182,0.014506,0.033801,0.062538,0.08348,0.09702,0.11101
5.0,4.523E-5,1.6713E-4,5.5151E-4,0.0016695,0.0047064,0.012744,0.03136,0.06016,0.081206,0.09473,0.10855
10.0,1.6831E-5,6.6575E-5,2.4522E-4,8.7074E-4,0.0029832,0.0095804,0.025957,0.053552,0.074226,0.08856,0.10459
15.0,9.2605E-6,3.7737E-5,1.457E-4,5.5013E-4,0.0020469,0.0072048,0.020959,0.046141,0.065788,0.08009,0.096834
20.0,6.018E-6,2.499E-5,9.948E-5,3.895E-4,0.001517,0.005618,0.01713,0.03954,0.05775,0.07133,0.087426
25.0,4.037E-6,1.687E-5,7.014E-5,2.878E-4,0.001177,0.004493,0.01423,0.03384,0.05046,0.06319,0.078511
30.0,3.006E-6,1.267E-5,5.342E-5,2.244E-4,9.439E-4,0.003686,0.01202,0.02928,0.04435,0.05614,0.07052
40.0,1.92E-6,8.272E-6,3.582E-5,1.549E-4,6.7E-4,0.002699,0.00906,0.02273,0.03504,0.04495,0.057249
50.0,1.384E-6,6.057E-6,2.682E-5,1.173E-4,5.156E-4,0.002121,0.007293,0.01892,0.02986,0.03906,0.050772
60.0,1.226E-6,5.405E-6,2.407E-5,1.056E-4,4.661E-4,0.001922,0.006623,0.01726,0.02736,0.03591,0.046847
70.0,1.102E-6,4.893E-6,2.19E-5,9.647E-5,4.271E-4,0.001765,0.00609,0.01592,0.02531,0.0333,0.043546
80.0,1.002E-6,4.478E-6,2.015E-5,8.904E-5,3.955E-4,0.001636,0.005651,0.01481,0.02361,0.03111,0.040757
90.0,9.194E-7,4.131E-6,1.864E-5,8.295E-5,3.692E-4,0.001529,0.005279,0.01388,0.02216,0.02924,0.038356
100.0,8.493E-7,3.838E-6,1.736E-5,7.776E-5,3.469E-4,0.001438,0.004962,0.01308,0.02092,0.02762,0.036247
110.0,7.891E-7,3.585E-6,1.626E-5,7.326E-5,3.275E-4,0.001358,0.004686,0.01239,0.01982,0.0262,0.034415
120.0,7.368E-7,3.364E-6,1.53E-5,6.932E-5,3.104E-4,0.001288,0.004443,0.01177,0.01886,0.02494,0.032792
130.0,6.878E-7,3.158E-6,1.441E-5,6.567E-5,2.948E-4,0.001225,0.004226,0.01121,0.01797,0.02379,0.031302
140.0,6.417E-7,2.965E-6,1.359E-5,6.227E-5,2.802E-4,0.001167,0.004029,0.01069,0.01717,0.02274,0.029934
150.0,6.007E-7,2.792E-6,1.286E-5,5.921E-5,2.671E-4,0.001114,0.003851,0.01022,0.01643,0.02179,0.02872
175.0,5.155E-7,2.43E-6,1.131E-5,5.27E-5,2.393E-4,0.001002,0.003471,0.009213,0.01487,0.01976,0.02611
200.0,4.488E-7,2.143E-6,1.007E-5,4.743E-5,2.166E-4,9.108E-4,0.003161,0.008392,0.01358,0.01808,0.023947
250.0,3.421E-7,1.678E-6,8.089E-6,3.859E-5,1.797E-4,7.621E-4,0.002648,0.007106,0.01152,0.01536,0.020364
300.0,2.71E-7,1.358E-6,6.684E-6,3.226E-5,1.527E-4,6.516E-4,0.002266,0.006139,0.009973,0.01331,0.017675
350.0,2.204E-7,1.123E-6,5.62E-6,2.753E-5,1.317E-4,5.654E-4,0.001971,0.005364,0.00872,0.01164,0.01546
400.0,1.829E-7,9.448E-7,4.792E-6,2.381E-5,1.147E-4,4.957E-4,0.001732,0.004731,0.007694,0.01027,0.013626
450.0,1.536E-7,8.035E-7,4.12E-6,2.074E-5,1.006E-4,4.373E-4,0.001533,0.004201,0.006833,0.009125,0.01211
500.0,1.311E-7,6.928E-7,3.583E-6,1.824E-5,8.901E-5,3.886E-4,0.001366,0.003757,0.006114,0.008166,0.010842
600.0,9.864E-8,5.293E-7,2.784E-6,1.438E-5,7.074E-5,3.124E-4,0.001109,0.003057,0.004996,0.006692,0.0089117
700.0,7.681E-8,4.168E-7,2.222E-6,1.16E-5,5.736E-5,2.558E-4,9.154E-4,0.002529,0.004149,0.005571,0.0074361
800.0,6.13E-8,3.355E-7,1.807E-6,9.509E-6,4.723E-5,2.124E-4,7.651E-4,0.002119,0.003488,0.004692,0.0062726
1000.0,4.122E-8,2.283E-7,1.244E-6,6.636E-6,3.331E-5,1.509E-4,5.492E-4,0.001528,0.002523,0.003401,0.0045574
1200.0,2.908E-8,1.622E-7,8.896E-7,4.79E-6,2.422E-5,1.104E-4,4.054E-4,0.001133,0.001876,0.002534,0.0034019
1500.0,1.7524E-8,9.8159E-8,5.4311E-7,2.9658E-6,1.504E-5,6.9572E-5,2.6059E-4,7.2974E-4,0.0012147,0.0016466,0.0022184
SA10P0
r\m,4.0,4.5,5.0,5.5,6.0,6.5,7.0,7.5,7.8,8.0,8.2
0.0,1.5377E-4,3.8228E-4,8.274E-4,0.001611,0.003301,0.007538,0.01891,0.03931,0.05638,0.06874,0.083045
1.0,1.2188E-4,3.3578E-4,7.7791E-4,0.0015807,0.0032831,0.0075636,0.01896,0.03957,0.056812,0.06867,0.0815
5.0,2.5453E-5,9.4204E-5,3.0815E-4,9.0629E-4,0.0024694,0.0066269,0.017573,0.038107,0.055325,0.0671,0.079733
10.0,9.3948E-6,3.711E-5,1.351E-4,4.6585E-4,0.0015448,0.004964,0.014542,0.034045,0.050716,0.06274,0.076509
15.0,5.1376E-6,2.0856E-5,7.9475E-5,2.9175E-4,0.0010523,0.0037283,0.011762,0.029456,0.0451,0.05694,0.071194
20.0,3.323E-6,1.372E-5,5.385E-5,2.052E-4,7.763E-4,0.002907,0.00964,0.02534,0.03971,0.05086,0.064509
25.0,2.215E-6,9.184E-6,3.753E-5,1.496E-4,5.988E-4,0.002324,0.008041,0.0218,0.0348,0.04514,0.057978
30.0,1.643E-6,6.846E-6,2.852E-5,1.162E-4,4.791E-4,0.001907,0.006818,0.01892,0.03065,0.04017,0.052166
40.0,1.045E-6,4.444E-6,1.89E-5,7.961E-5,3.384E-4,0.001399,0.005172,0.01475,0.0243,0.03226,0.042458
50.0,7.505E-7,3.246E-6,1.41E-5,6.016E-5,2.6E-4,0.001102,0.004182,0.01232,0.02075,0.02808,0.037681
60.0,6.644E-7,2.895E-6,1.265E-5,5.416E-5,2.351E-4,9.989E-4,0.003802,0.01125,0.01904,0.02583,0.034811
70.0,5.97E-7,2.619E-6,1.15E-5,4.945E-5,2.156E-4,9.178E-4,0.003499,0.01039,0.01763,0.02398,0.032369
80.0,5.427E-7,2.396E-6,1.058E-5,4.563E-5,1.997E-4,8.517E-4,0.00325,0.009672,0.01645,0.02242,0.030317
90.0,4.973E-7,2.209E-6,9.776E-6,4.248E-5,1.864E-4,7.964E-4,0.00304,0.009073,0.01546,0.02109,0.028539
100.0,4.589E-7,2.05E-6,9.098E-6,3.979E-5,1.752E-4,7.492E-4,0.002861,0.008559,0.0146,0.01994,0.027018
110.0,4.26E-7,1.914E-6,8.515E-6,3.747E-5,1.654E-4,7.083E-4,0.002705,0.008109,0.01385,0.01893,0.025657
120.0,3.974E-7,1.794E-6,8.007E-6,3.543E-5,1.568E-4,6.723E-4,0.002568,0.007713,0.01319,0.01803,0.024459
130.0,3.707E-7,1.683E-6,7.536E-6,3.355E-5,1.489E-4,6.397E-4,0.002444,0.007352,0.01258,0.01722,0.023375
140.0,3.455E-7,1.579E-6,7.099E-6,3.181E-5,1.416E-4,6.101E-4,0.002333,0.007022,0.01203,0.01649,0.022427
150.0,3.231E-7,1.485E-6,6.707E-6,3.023E-5,1.35E-4,5.834E-4,0.002232,0.006723,0.01154,0.01582,0.021533
175.0,2.767E-7,1.29E-6,5.885E-6,2.69E-5,1.21E-4,5.262E-4,0.002017,0.006083,0.01047,0.01439,0.019632
200.0,2.404E-7,1.135E-6,5.229E-6,2.421E-5,1.096E-4,4.795E-4,0.001842,0.005562,0.009596,0.01321,0.018053
250.0,1.821E-7,8.842E-7,4.185E-6,1.964E-5,9.114E-5,4.034E-4,0.001556,0.004746,0.008211,0.01132,0.015484
300.0,1.435E-7,7.129E-7,3.451E-6,1.641E-5,7.764E-5,3.471E-4,0.001342,0.004132,0.007163,0.009887,0.013539
350.0,1.162E-7,5.874E-7,2.899E-6,1.401E-5,6.718E-5,3.031E-4,0.001175,0.003637,0.006309,0.00871,0.011931
400.0,9.608E-8,4.926E-7,2.471E-6,1.214E-5,5.88E-5,2.675E-4,0.00104,0.00323,0.005605,0.007739,0.010602
450.0,8.046E-8,4.178E-7,2.124E-6,1.06E-5,5.182E-5,2.376E-4,9.271E-4,0.002889,0.005014,0.006924,0.0094877
500.0,6.851E-8,3.598E-7,1.849E-6,9.347E-6,4.607E-5,2.125E-4,8.32E-4,0.002602,0.004517,0.006239,0.0085485
600.0,5.152E-8,2.75E-7,1.44E-6,7.419E-6,3.702E-5,1.73E-4,6.848E-4,0.002147,0.003743,0.005185,0.0071222
700.0,4.021E-8,2.172E-7,1.155E-6,6.029E-6,3.035E-5,1.434E-4,5.726E-4,0.001799,0.003151,0.004375,0.0060286
800.0,3.223E-8,1.758E-7,9.452E-7,4.986E-6,2.526E-5,1.205E-4,4.845E-4,0.001527,0.002682,0.003733,0.0051539
1000.0,2.191E-8,1.211E-7,6.608E-7,3.544E-6,1.821E-5,8.766E-5,3.559E-4,0.001128,0.001987,0.00277,0.0038323
1200.0,1.568E-8,8.744E-8,4.811E-7,2.61E-6,1.353E-5,6.56E-5,2.686E-4,8.55E-4,0.001511,0.00211,0.002922
1500.0,9.6347E-9,5.4087E-8,3.0144E-7,1.6676E-6,8.7106E-6,4.2857E-5,1.7887E-4,5.7072E-4,0.0010142,0.0014211,0.0019748
