PGA
r\m,4.0,4.5,5.0,5.5,6.0,6.5,7.0,7.5,7.8,8.0,8.2
0.0,1.3823,1.813,2.3076,2.9611,3.5125,4.0941,4.5895,4.8878,4.9757,5.0413,5.0608
1.0,0.97487,1.3941,1.8593,2.4796,3.041,3.6313,4.163,4.4671,4.482,4.4889,4.4693
5.0,0.26221,0.49247,0.86692,1.4468,2.031,2.6561,3.2554,3.6403,3.6818,3.6968,3.6923
10.0,0.10641,0.20861,0.39393,0.74369,1.2175,1.8358,2.4615,2.9551,3.148,3.2553,3.3481
15.0,0.054514,0.10998,0.21565,0.43286,0.76046,1.2488,1.806,2.3808,2.6255,2.761,2.8921
20.0,0.032922,0.067271,0.13609,0.28291,0.52101,0.90099,1.3691,1.8878,2.1573,2.3327,2.4778
25.0,0.02161,0.045314,0.092948,0.19711,0.37294,0.66475,1.055,1.533,1.7975,1.9901,2.1932
30.0,0.015661,0.033025,0.068126,0.14696,0.28148,0.51371,0.84653,1.2702,1.5357,1.7226,1.9234
40.0,0.0093165,0.019964,0.041926,0.092867,0.17949,0.33391,0.58301,0.93193,1.1412,1.2915,1.4553
50.0,0.0060459,0.013204,0.028287,0.064257,0.12658,0.24177,0.43752,0.72933,0.91101,1.0459,1.196
60.0,0.0047813,0.010502,0.022487,0.051175,0.10292,0.202,0.37404,0.63662,0.7996,0.92096,1.0565
70.0,0.0039029,0.0085441,0.018312,0.042204,0.08613,0.17081,0.3198,0.56034,0.70766,0.81892,0.94413
80.0,0.0032063,0.0070982,0.015355,0.035678,0.073466,0.14703,0.2821,0.50052,0.63612,0.73938,0.85627
90.0,0.0027685,0.0061626,0.013371,0.031301,0.064961,0.13234,0.25633,0.45844,0.58433,0.68001,0.78842
100.0,0.0024159,0.0054083,0.011776,0.027737,0.058538,0.11998,0.23398,0.4222,0.53897,0.62845,0.73022
110.0,0.0021327,0.004798,0.010475,0.024857,0.052712,0.1092,0.21387,0.38402,0.49139,0.57516,0.671
120.0,0.0018896,0.0042877,0.0094137,0.022419,0.048042,0.099901,0.19472,0.35121,0.45146,0.52894,0.61769
130.0,0.0016711,0.0038071,0.0083812,0.020089,0.043215,0.090116,0.17638,0.32107,0.41336,0.48473,0.56662
140.0,0.00148,0.0033915,0.0075054,0.01806,0.038953,0.08152,0.16098,0.29418,0.37944,0.44559,0.52164
150.0,0.0013181,0.003031,0.0067261,0.016257,0.035187,0.074506,0.14768,0.26972,0.34898,0.41193,0.48474
175.0,9.8807E-4,0.0022942,0.005146,0.012625,0.027818,0.05959,0.11868,0.21872,0.28654,0.34065,0.4038
200.0,7.5388E-4,0.0017755,0.0040324,0.01001,0.022078,0.047257,0.095928,0.18007,0.23696,0.28212,0.33499
250.0,4.6952E-4,0.0011299,0.0025998,0.0065255,0.014568,0.031646,0.065787,0.12816,0.17224,0.20732,0.24878
300.0,3.1084E-4,7.5887E-4,0.0017653,0.0044781,0.010136,0.022241,0.047808,0.094891,0.12774,0.15442,0.18655
350.0,2.0976E-4,5.1953E-4,0.0012243,0.0031709,0.0072784,0.016134,0.035067,0.071717,0.097324,0.11909,0.14536
400.0,1.4423E-4,3.667E-4,8.8344E-4,0.002308,0.0053492,0.012024,0.026855,0.055437,0.076356,0.093701,0.11469
450.0,1.041E-4,2.6982E-4,6.647E-4,0.0017463,0.0040684,0.0092234,0.020627,0.043452,0.059866,0.07266,0.087938
500.0,7.6266E-5,2.0105E-4,5.0428E-4,0.0013372,0.0031528,0.0071768,0.016365,0.034535,0.047046,0.057266,0.069497
600.0,4.0844E-5,1.1131E-4,2.9044E-4,7.9212E-4,0.0019444,0.0045886,0.010424,0.021797,0.030861,0.038377,0.04775
700.0,2.2099E-5,6.3907E-5,1.7626E-4,5.0543E-4,0.0012533,0.0029727,0.0068664,0.014635,0.020822,0.026047,0.032443
800.0,1.2943E-5,3.8408E-5,1.0909E-4,3.2022E-4,8.3142E-4,0.002048,0.0047914,0.010223,0.01459,0.018283,0.022813
1000.0,4.6265E-6,1.4677E-5,4.4707E-5,1.4042E-4,3.8003E-4,9.8493E-4,0.0023351,0.0049961,0.0072318,0.0091392,0.011452
1200.0,1.5532E-6,5.089E-6,1.6387E-5,5.3683E-5,1.5537E-4,4.2578E-4,0.0010827,0.0024632,0.0036673,0.0047006,0.0059817
1500.0,3.065E-7,1.1154E-6,3.8702E-6,1.4055E-5,4.4076E-5,1.3076E-4,3.5771E-4,8.5666E-4,0.0013139,0.0017255,0.0022194
PGV
r\m,4.0,4.5,5.0,5.5,6.0,6.5,7.0,7.5,7.8,8.0,8.2
0.0,4.862,11.226,22.628,39.242,57.812,77.12,101.59,124.78,135.97,142.63,148.32
1.0,4.1321,9.9268,20.8,37.443,56.546,75.93,99.197,120.51,130.34,136.13,141.01
5.0,2.0535,5.4075,12.612,25.582,42.719,61.306,82.799,102.88,111.95,117.44,122.25
10.0,1.1869,3.0938,7.4612,16.005,29.031,45.442,64.518,82.587,92.481,98.991,105.34
15.0,0.66636,1.7902,4.4933,10.157,19.769,33.35,49.533,66.568,76.456,83.042,89.663
20.0,0.41258,1.1583,3.0362,7.1941,14.763,26.075,40.083,55.753,65.4,72.07,78.637
25.0,0.28542,0.82971,2.2253,5.4433,11.54,21.011,33.294,48.083,57.318,63.983,70.952
30.0,0.21257,0.63215,1.7299,4.3255,9.3828,17.508,28.638,42.285,51.249,57.697,64.521
40.0,0.13258,0.40903,1.1566,3.0142,6.7575,12.993,22.189,34.267,42.202,48.017,54.264
50.0,0.091404,0.28988,0.84072,2.2636,5.212,10.261,18.162,29.098,36.11,41.298,46.914
60.0,0.068978,0.22295,0.65803,1.8138,4.2706,8.581,15.5,25.302,31.812,36.741,42.148
70.0,0.056142,0.18375,0.54809,1.5359,3.6707,7.4953,13.711,22.804,28.929,33.569,38.695
80.0,0.047948,0.15843,0.47702,1.355,3.2865,6.7884,12.613,21.166,26.935,31.341,36.225
90.0,0.04184,0.13934,0.42273,1.2161,2.9832,6.25,11.696,19.784,25.25,29.399,34.001
100.0,0.036944,0.12395,0.37874,1.102,2.7412,5.7963,10.931,18.6,23.767,27.731,32.138
110.0,0.032999,0.11144,0.34273,1.0108,2.5382,5.446,10.342,17.619,22.575,26.382,30.625
120.0,0.02962,0.10095,0.31317,0.93284,2.3765,5.139,9.7733,16.753,21.515,25.187,29.285
130.0,0.02637,0.090593,0.2833,0.85643,2.2043,4.7916,9.1906,15.879,20.473,24.039,28.037
140.0,0.023501,0.081603,0.25786,0.78816,2.0392,4.4737,8.6514,15.061,19.506,22.96,26.846
150.0,0.02107,0.073696,0.23453,0.7265,1.8973,4.2245,8.2335,14.422,18.749,22.147,25.985
175.0,0.016313,0.05817,0.18878,0.5999,1.611,3.6673,7.2632,12.923,16.931,20.069,23.631
200.0,0.012971,0.047002,0.15475,0.50222,1.3787,3.2017,6.4323,11.6,15.286,18.205,21.531
250.0,0.0090105,0.033493,0.11305,0.37456,1.0547,2.5187,5.1688,9.5882,12.987,15.661,18.729
300.0,0.0066449,0.025158,0.08649,0.2922,0.84318,2.0531,4.3474,8.25,11.183,13.571,16.355
350.0,0.0050648,0.019532,0.068454,0.23884,0.69733,1.726,3.7173,7.1892,9.854,12.079,14.707
400.0,0.0039105,0.015581,0.056282,0.19932,0.59069,1.4762,3.237,6.3465,8.8111,10.863,13.3
450.0,0.0033622,0.013616,0.049974,0.17437,0.5133,1.2907,2.8405,5.6084,7.8607,9.7955,12.123
500.0,0.0028968,0.011903,0.044281,0.15346,0.45345,1.1393,2.515,5.0006,7.1054,8.8953,11.059
600.0,0.0021814,0.0092423,0.035354,0.12252,0.36346,0.91971,2.0419,4.109,5.8748,7.3839,9.2168
700.0,0.0016829,0.0073193,0.028679,0.099899,0.29482,0.74348,1.6638,3.3917,4.9353,6.2751,7.9244
800.0,0.0013167,0.0058686,0.023525,0.082665,0.24585,0.6253,1.4006,2.8698,4.2117,5.3856,6.8393
1000.0,8.6373E-4,0.0039824,0.016491,0.05863,0.17681,0.45598,1.0442,2.2015,3.3186,4.3186,5.574
1200.0,5.2103E-4,0.0024933,0.010718,0.03954,0.12198,0.32151,0.75459,1.6298,2.4942,3.2782,4.2788
1500.0,2.6784E-4,0.0013401,0.0060315,0.023309,0.074641,0.20395,0.49538,1.1063,1.7353,2.3179,3.0743
SA0P01
r\m,4.0,4.5,5.0,5.5,6.0,6.5,7.0,7.5,7.8,8.0,8.2
0.0,1.4094,1.8513,2.3591,3.0296,3.6009,4.2049,4.7233,5.0408,5.1393,5.2115,5.2337
1.0,0.99566,1.425,1.9027,2.5397,3.1223,3.7372,4.2932,4.6161,4.6405,4.6531,4.6357
5.0,0.27038,0.50646,0.88981,1.484,2.0869,2.7353,3.3589,3.7635,3.8156,3.8372,3.8369
10.0,0.11008,0.2152,0.40547,0.76436,1.2511,1.8871,2.5367,3.0536,3.2589,3.3739,3.4736
15.0,0.056504,0.11366,0.22233,0.44543,0.78202,1.2842,1.8608,2.4591,2.7177,2.8622,3.0017
20.0,0.034169,0.069614,0.14039,0.29122,0.53606,0.92704,1.4113,1.9504,2.2335,2.4182,2.5719
25.0,0.022475,0.046944,0.09595,0.20298,0.38384,0.68438,1.0881,1.5849,1.862,2.0632,2.2751
30.0,0.016297,0.034235,0.070373,0.1514,0.28985,0.5292,0.87352,1.3139,1.591,1.7863,1.9957
40.0,0.0097054,0.020713,0.043333,0.095717,0.18501,0.34444,0.60217,0.96439,1.183,1.3401,1.5111
50.0,0.0063074,0.013713,0.029255,0.066264,0.13054,0.24952,0.4521,0.75491,0.94473,1.0857,1.2425
60.0,0.0049872,0.010905,0.023258,0.052791,0.10618,0.20854,0.38655,0.65891,0.82929,0.95634,1.0981
70.0,0.0040696,0.0088727,0.018943,0.043543,0.088869,0.17642,0.33066,0.58002,0.73399,0.85029,0.98102
80.0,0.0033408,0.0073643,0.01587,0.03678,0.075761,0.15179,0.2915,0.51781,0.65935,0.76722,0.88919
90.0,0.0028824,0.0063888,0.01381,0.032246,0.066945,0.13652,0.26464,0.4739,0.60522,0.7052,0.81841
100.0,0.0025137,0.0056027,0.012154,0.028555,0.060278,0.12368,0.2414,0.43609,0.55789,0.65134,0.75754
110.0,0.0022168,0.0049655,0.010802,0.025574,0.054243,0.11246,0.22045,0.39637,0.50825,0.59561,0.69547
120.0,0.0019619,0.0044332,0.0097015,0.023051,0.049396,0.1028,0.20058,0.36225,0.46657,0.54729,0.63967
130.0,0.0017341,0.0039343,0.0086333,0.020643,0.044403,0.092675,0.18157,0.33095,0.42691,0.50117,0.58628
140.0,0.0015356,0.0035037,0.0077273,0.018549,0.040006,0.083795,0.16563,0.30309,0.39165,0.46041,0.53939
150.0,0.0013669,0.0031297,0.0069215,0.016691,0.036125,0.076532,0.15184,0.27773,0.35997,0.42534,0.50088
175.0,0.0010236,0.0023665,0.0052897,0.012945,0.028512,0.0611,0.12182,0.22486,0.29507,0.35111,0.41647
200.0,7.8049E-4,0.0018296,0.0041394,0.010249,0.0226,0.048402,0.098359,0.18491,0.24372,0.29043,0.34506
250.0,4.8468E-4,0.0011609,0.0026619,0.0066647,0.014876,0.032345,0.067302,0.13123,0.17647,0.21248,0.25498
300.0,3.1993E-4,7.7758E-4,0.0018031,0.0045638,0.010331,0.022689,0.048796,0.096909,0.13052,0.1578,0.19062
350.0,2.1537E-4,5.3122E-4,0.0012483,0.0032253,0.0074028,0.016421,0.035706,0.073056,0.099178,0.12136,0.1481
400.0,1.478E-4,3.7423E-4,8.9899E-4,0.0023436,0.0054315,0.012214,0.027288,0.056351,0.077638,0.09528,0.11659
450.0,1.0639E-4,2.7477E-4,6.7526E-4,0.0017707,0.0041253,0.0093558,0.020928,0.04409,0.060766,0.073777,0.089296
500.0,7.7764E-5,2.0437E-4,5.1154E-4,0.0013542,0.0031931,0.0072708,0.01658,0.034989,0.047693,0.05807,0.070477
600.0,4.1444E-5,1.1272E-4,2.9369E-4,8.0E-4,0.0019637,0.0046344,0.01053,0.022024,0.03119,0.038787,0.048254
700.0,2.238E-5,6.4595E-5,1.7794E-4,5.097E-4,0.001264,0.0029983,0.0069261,0.014764,0.02101,0.026282,0.032731
800.0,1.3079E-5,3.8764E-5,1.0999E-4,3.2258E-4,8.3739E-4,0.0020624,0.0048255,0.010297,0.014697,0.018418,0.022979
1000.0,4.6652E-6,1.4783E-5,4.4996E-5,1.4122E-4,3.8213E-4,9.9014E-4,0.0023475,0.0050228,0.0072703,0.009189,0.011514
1200.0,1.5632E-6,5.1193E-6,1.6473E-5,5.3932E-5,1.5605E-4,4.2758E-4,0.0010871,0.0024732,0.0036823,0.00472,0.0060063
1500.0,3.0824E-7,1.1208E-6,3.8869E-6,1.4107E-5,4.4229E-5,1.3117E-4,3.5876E-4,8.5903E-4,0.0013176,0.0017305,0.0022254
SA0P02
r\m,4.0,4.5,5.0,5.5,6.0,6.5,7.0,7.5,7.8,8.0,8.2
0.0,1.6768,2.2624,2.9399,3.8222,4.6474,5.538,6.3541,6.9177,7.1477,7.3005,7.3561
1.0,1.2066,1.7618,2.3991,3.2469,4.1023,5.0345,5.9054,6.4702,6.6166,6.7016,6.7131
5.0,0.35733,0.66332,1.1558,1.9272,2.7696,3.718,4.654,5.3117,5.5023,5.6074,5.6601
10.0,0.14979,0.29029,0.54177,1.0136,1.6647,2.5263,3.4806,4.2914,4.6532,4.8646,5.0498
15.0,0.078432,0.15632,0.30227,0.59836,1.0494,1.7272,2.5511,3.4441,3.8766,4.1332,4.3784
20.0,0.048065,0.097029,0.19233,0.39317,0.72398,1.255,1.945,2.7427,3.1942,3.4941,3.755
25.0,0.032218,0.066175,0.13248,0.27573,0.52101,0.93327,1.5087,2.2438,2.6772,2.9851,3.3042
30.0,0.023519,0.048613,0.097904,0.20668,0.39587,0.7266,1.2185,1.8718,2.2924,2.5898,2.9043
40.0,0.01417,0.029711,0.060745,0.13155,0.25553,0.48017,0.84906,1.3802,1.7157,1.9578,2.2178
50.0,0.009354,0.019902,0.041362,0.091709,0.18155,0.34992,0.64101,1.084,1.3764,1.5945,1.8341
60.0,0.0073929,0.015822,0.032926,0.073347,0.14821,0.29341,0.54841,0.94545,1.209,1.4071,1.626
70.0,0.0060331,0.012908,0.02692,0.06068,0.12442,0.24956,0.47191,0.83382,1.0719,1.2516,1.4514
80.0,0.0049475,0.010673,0.022433,0.05102,0.10582,0.21438,0.41459,0.74232,0.95937,1.1255,1.3113
90.0,0.0042561,0.0092237,0.019456,0.044531,0.093086,0.19172,0.37394,0.67537,0.87607,1.0307,1.2045
100.0,0.0037037,0.0080563,0.017044,0.039255,0.083304,0.17273,0.33936,0.61783,0.8042,0.94822,1.1106
110.0,0.003247,0.0070933,0.015058,0.035,0.074606,0.15596,0.30775,0.55882,0.72892,0.86213,1.013
120.0,0.0028532,0.0062919,0.013464,0.03141,0.067475,0.14161,0.27859,0.50816,0.66531,0.78761,0.92627
130.0,0.0025163,0.0055679,0.011948,0.027989,0.060349,0.12705,0.25101,0.46206,0.60575,0.71716,0.84361
140.0,0.0022313,0.0049525,0.010657,0.025065,0.054194,0.11448,0.22815,0.42172,0.55324,0.65586,0.7725
150.0,0.0019807,0.0044092,0.009511,0.022494,0.048795,0.10393,0.20791,0.38459,0.50597,0.60273,0.71335
175.0,0.0014758,0.0033145,0.0072131,0.01726,0.037962,0.081651,0.16442,0.30736,0.40903,0.49033,0.5841
200.0,0.001123,0.0025453,0.005583,0.013489,0.02976,0.064114,0.13158,0.25037,0.33461,0.4017,0.47927
250.0,6.8343E-4,0.0015773,0.0035109,0.0085832,0.01916,0.042069,0.08823,0.17314,0.23379,0.28208,0.33812
300.0,4.4088E-4,0.0010326,0.0023271,0.0057584,0.013082,0.028985,0.062562,0.12472,0.16844,0.20361,0.24567
350.0,2.9122E-4,6.9271E-4,0.0015839,0.0039908,0.0091653,0.020488,0.044687,0.091619,0.12466,0.15247,0.18537
400.0,1.9669E-4,4.7943E-4,0.0011191,0.0028486,0.0066047,0.014919,0.033392,0.069073,0.095343,0.11692,0.14254
450.0,1.3809E-4,3.4453E-4,8.259E-4,0.0021195,0.0049417,0.011252,0.025198,0.052993,0.073233,0.089179,0.10795
500.0,9.8733E-5,2.5146E-4,6.1565E-4,0.0015988,0.0037736,0.0086227,0.019628,0.041331,0.056695,0.069214,0.083992
600.0,4.9958E-5,1.3306E-4,3.4068E-4,9.1283E-4,0.0022399,0.0052886,0.012029,0.02519,0.035733,0.044422,0.055121
700.0,2.6447E-5,7.4565E-5,2.0226E-4,5.7064E-4,0.001417,0.003362,0.007766,0.016554,0.023586,0.029488,0.036615
800.0,1.5056E-5,4.3934E-5,1.2304E-4,3.5601E-4,9.2153E-4,0.0022632,0.0052935,0.0113,0.016145,0.020228,0.025178
1000.0,5.2332E-6,1.633E-5,4.9143E-5,1.5232E-4,4.108E-4,0.0010593,0.0025091,0.005364,0.0077575,0.0098189,0.01229
1200.0,1.7104E-6,5.5634E-6,1.7705E-5,5.7305E-5,1.6512E-4,4.5041E-4,0.0011411,0.0025897,0.0038572,0.004946,0.0062877
1500.0,3.3515E-7,1.2012E-6,4.1233E-6,1.4785E-5,4.612E-5,1.3574E-4,3.6957E-4,8.8118E-4,0.0013515,0.0017784,0.0022762
SA0P025
r\m,4.0,4.5,5.0,5.5,6.0,6.5,7.0,7.5,7.8,8.0,8.2
0.0,1.7234,2.3635,3.1072,4.069,4.9989,6.0085,6.9534,7.625,7.9125,8.0984,8.1686
1.0,1.2499,1.8508,2.5505,3.4793,4.4486,5.5158,6.5235,7.195,7.3991,7.517,7.5425
5.0,0.3813,0.71131,1.2423,2.0784,3.0185,4.0933,5.1626,5.9298,6.1851,6.3286,6.4061
10.0,0.16154,0.31477,0.58883,1.1025,1.818,2.7696,3.8508,4.7848,5.2131,5.4652,5.6866
15.0,0.085255,0.17081,0.33088,0.65438,1.1505,1.898,2.823,3.8365,4.3418,4.6457,4.9354
20.0,0.052528,0.10663,0.21135,0.43123,0.79626,1.3832,2.1575,3.0614,3.5823,3.9293,4.235
25.0,0.035449,0.073064,0.14612,0.30341,0.57467,1.0322,1.6785,2.5118,3.0093,3.3596,3.7205
30.0,0.025954,0.053844,0.10836,0.228,0.43793,0.8061,1.3592,2.101,2.5795,2.9176,3.2731
40.0,0.015719,0.033069,0.067506,0.14566,0.28421,0.53628,0.95171,1.5528,1.9365,2.2132,2.5089
50.0,0.010447,0.022273,0.046162,0.10191,0.20261,0.39195,0.72045,1.2219,1.5569,1.8065,2.0796
60.0,0.0082605,0.017715,0.036782,0.081652,0.16567,0.32904,0.61648,1.0652,1.3675,1.5948,1.8451
70.0,0.0067512,0.014484,0.030145,0.067687,0.13934,0.28061,0.53196,0.94063,1.214,1.42,1.6479
80.0,0.00555,0.011988,0.025125,0.056922,0.11859,0.24129,0.46742,0.83768,1.0866,1.2771,1.4893
90.0,0.0047792,0.010364,0.021795,0.049664,0.10428,0.21557,0.42102,0.76129,0.9915,1.1692,1.3682
100.0,0.0041632,0.0090533,0.019086,0.043757,0.093203,0.19401,0.38173,0.69561,0.90965,1.0751,1.2611
110.0,0.0036488,0.007964,0.016846,0.03899,0.083406,0.1749,0.34564,0.62877,0.82398,0.97666,1.1489
120.0,0.0032039,0.0070571,0.015054,0.034966,0.07531,0.15856,0.31261,0.57132,0.7513,0.89137,1.0495
130.0,0.0028273,0.0062461,0.013359,0.03113,0.067287,0.14213,0.28144,0.51904,0.68345,0.8108,0.95472
140.0,0.0025111,0.0055589,0.01191,0.027863,0.060395,0.12799,0.25565,0.47347,0.6237,0.74089,0.87351
150.0,0.0022292,0.0049474,0.010623,0.024996,0.054353,0.11601,0.23259,0.4313,0.56977,0.68005,0.80556
175.0,0.0016622,0.003719,0.0080482,0.019132,0.042117,0.090719,0.18322,0.34358,0.459,0.55117,0.65696
200.0,0.0012669,0.0028546,0.0062141,0.0149,0.032924,0.071102,0.14633,0.27922,0.37465,0.4506,0.53798
250.0,7.6862E-4,0.0017594,0.0038854,0.0094241,0.021064,0.046424,0.097564,0.1916,0.2588,0.31227,0.37386
300.0,4.9332E-4,0.0011448,0.0025592,0.006283,0.014308,0.031812,0.068691,0.13691,0.18492,0.22334,0.26914
350.0,3.2454E-4,7.6441E-4,0.0017333,0.0043259,0.0099461,0.022302,0.048658,0.099671,0.13561,0.16569,0.20098
400.0,2.1845E-4,5.2638E-4,0.0012168,0.0030683,0.007121,0.016116,0.036055,0.074511,0.10282,0.12597,0.15321
450.0,1.522E-4,3.7556E-4,8.9249E-4,0.0022703,0.0052989,0.012083,0.027043,0.056734,0.078424,0.095574,0.11564
500.0,1.0804E-4,2.7229E-4,6.6137E-4,0.0017038,0.0040252,0.0092098,0.020922,0.043942,0.060408,0.073799,0.089506
600.0,5.3639E-5,1.418E-4,3.6057E-4,9.5885E-4,0.002353,0.0055545,0.012628,0.026425,0.037486,0.046568,0.057682
700.0,2.822E-5,7.8793E-5,2.1231E-4,5.945E-4,0.0014775,0.0035044,0.0080872,0.017217,0.024529,0.030642,0.037974
800.0,1.5895E-5,4.6082E-5,1.2829E-4,3.686E-4,9.5262E-4,0.0023348,0.005455,0.011635,0.016621,0.020815,0.025866
1000.0,5.4703E-6,1.6944E-5,5.0699E-5,1.5603E-4,4.1997E-4,0.0010794,0.0025534,0.0054508,0.0078754,0.0099731,0.012472
1200.0,1.7698E-6,5.7378E-6,1.8148E-5,5.8328E-5,1.676E-4,4.5567E-4,0.001151,0.0026059,0.0038803,0.0049754,0.0063195
1500.0,3.47E-7,1.2332E-6,4.2067E-6,1.4962E-5,4.6506E-5,1.3612E-4,3.692E-4,8.772E-4,0.0013448,0.0017712,0.0022597
SA0P03
r\m,4.0,4.5,5.0,5.5,6.0,6.5,7.0,7.5,7.8,8.0,8.2
0.0,1.7108,2.385,3.1725,4.1846,5.1886,6.2833,7.3244,8.0776,8.408,8.6172,8.6982
1.0,1.2491,1.8772,2.6183,3.6,4.6515,5.8176,6.9278,7.6802,7.9304,8.0736,8.1103
5.0,0.38983,0.73314,1.2866,2.1622,3.171,4.3377,5.5051,6.3539,6.6606,6.8338,6.9308
10.0,0.16655,0.32737,0.61545,1.1552,1.9142,2.9277,4.0999,5.1228,5.5996,5.8811,6.1286
15.0,0.088495,0.17882,0.34794,0.68891,1.2156,2.0106,3.0071,4.1053,4.6629,5.001,5.3226
20.0,0.054775,0.11217,0.22305,0.45531,0.84379,1.4692,2.3033,3.2824,3.8523,4.2321,4.5698
25.0,0.037168,0.077175,0.15475,0.32135,0.61071,1.0999,1.7966,2.6998,3.2424,3.6214,4.0101
30.0,0.027283,0.057035,0.11511,0.24206,0.46667,0.86136,1.4585,2.2634,2.7821,3.1478,3.5306
40.0,0.016601,0.035185,0.071996,0.15521,0.30436,0.57646,1.0256,1.6766,2.0944,2.3952,2.7155
50.0,0.011099,0.023818,0.049432,0.10896,0.21767,0.42247,0.77834,1.3217,1.6872,1.959,2.2552
60.0,0.0087824,0.018956,0.039427,0.087445,0.17823,0.35499,0.66607,1.1518,1.4818,1.7298,2.0018
70.0,0.0071916,0.015534,0.032391,0.072643,0.15019,0.30347,0.57622,1.0184,1.3173,1.542,1.7897
80.0,0.0059315,0.012885,0.027033,0.061161,0.12803,0.26139,0.50678,0.90787,1.1801,1.388,1.6188
90.0,0.005117,0.011153,0.023473,0.053387,0.11262,0.23349,0.45626,0.82487,1.0767,1.2712,1.4883
100.0,0.0044654,0.0097514,0.020565,0.047049,0.10061,0.21008,0.41361,0.75342,0.98793,1.1691,1.3721
110.0,0.0039164,0.008579,0.01815,0.041929,0.090035,0.18926,0.37428,0.68114,0.89507,1.062,1.2497
120.0,0.00344,0.0076018,0.016222,0.037603,0.081232,0.17145,0.33848,0.61891,0.81595,0.96913,1.1415
130.0,0.0030394,0.0067336,0.014403,0.033471,0.072559,0.15366,0.30469,0.56218,0.74217,0.88134,1.038
140.0,0.0027044,0.0059986,0.012844,0.02996,0.06513,0.13839,0.27675,0.51281,0.67717,0.80522,0.94957
150.0,0.0024023,0.00534,0.011456,0.02688,0.058616,0.12532,0.25157,0.46692,0.61833,0.73871,0.87515
175.0,0.0017948,0.0040191,0.0086811,0.020554,0.045317,0.097724,0.19774,0.37136,0.49723,0.59752,0.71212
200.0,0.0013716,0.0030873,0.0066965,0.015977,0.035378,0.07655,0.15781,0.30147,0.40548,0.48813,0.5828
250.0,8.3209E-4,0.0018986,0.004175,0.010072,0.022552,0.049852,0.10488,0.20586,0.27795,0.33522,0.40078
300.0,5.3295E-4,0.0012314,0.00274,0.006689,0.015272,0.03405,0.073497,0.14633,0.19751,0.23827,0.2867
350.0,3.5013E-4,8.2033E-4,0.0018507,0.0045854,0.010558,0.023735,0.051762,0.10583,0.14389,0.17557,0.21247
400.0,2.3543E-4,5.6327E-4,0.0012935,0.0032379,0.0075246,0.017054,0.038113,0.078622,0.10841,0.13263,0.16093
450.0,1.6323E-4,3.9992E-4,9.4471E-4,0.0023864,0.0055773,0.012732,0.02846,0.059519,0.082247,0.10027,0.12122
500.0,1.1533E-4,2.8862E-4,6.971E-4,0.0017843,0.0042202,0.0096653,0.021902,0.045852,0.063123,0.077138,0.093482
600.0,5.6467E-5,1.4852E-4,3.757E-4,9.9269E-4,0.0024366,0.0057493,0.013057,0.027282,0.038682,0.048009,0.059352
700.0,2.9601E-5,8.2028E-5,2.1985E-4,6.1147E-4,0.001521,0.0036056,0.0083081,0.017652,0.025135,0.031367,0.038793
800.0,1.6538E-5,4.7707E-5,1.3216E-4,3.7728E-4,9.7365E-4,0.002381,0.0055539,0.011827,0.016887,0.021133,0.026215
1000.0,5.6527E-6,1.7399E-5,5.1796E-5,1.5831E-4,4.2528E-4,0.0010893,0.0025719,0.0054795,0.0079068,0.010015,0.012511
1200.0,1.8154E-6,5.8704E-6,1.846E-5,5.8917E-5,1.6879E-4,4.572E-4,0.0011508,0.0025977,0.0038658,0.0049553,0.0062874
1500.0,3.5722E-7,1.2593E-6,4.2687E-6,1.5056E-5,4.6612E-5,1.3559E-4,3.6615E-4,8.6631E-4,0.0013271,0.0017492,0.0022239
SA0P04
r\m,4.0,4.5,5.0,5.5,6.0,6.5,7.0,7.5,7.8,8.0,8.2
0.0,1.5813,2.275,3.0945,4.1381,5.2109,6.3867,7.5289,8.369,8.743,8.9716,9.0635
1.0,1.1671,1.8064,2.5788,3.5984,4.7297,5.9961,7.215,8.0541,8.3585,8.5284,8.5782
5.0,0.37564,0.72127,1.2829,2.1795,3.2513,4.5096,5.7775,6.7109,7.0767,7.2822,7.4006
10.0,0.16248,0.32641,0.62233,1.1775,1.9718,3.0389,4.299,5.4067,5.9298,6.2384,6.5102
15.0,0.087253,0.18014,0.35521,0.70752,1.2596,2.095,3.1573,4.3313,4.9372,5.3071,5.6579
20.0,0.054403,0.11389,0.22918,0.47016,0.87886,1.5379,2.4276,3.4754,4.0887,4.4962,4.8629
25.0,0.037212,0.078872,0.15996,0.33372,0.6395,1.1576,1.9022,2.8701,3.4522,3.8533,4.2618
30.0,0.027434,0.058565,0.11961,0.25245,0.49099,0.91085,1.5506,2.4151,2.9675,3.3546,3.7572
40.0,0.016824,0.036412,0.075352,0.16298,0.32297,0.61557,1.0982,1.7961,2.2446,2.5661,2.9063
50.0,0.011361,0.024862,0.052108,0.11511,0.23229,0.4533,0.83715,1.4208,1.8144,2.1057,2.4211
60.0,0.0090038,0.019818,0.041645,0.09265,0.19064,0.38139,0.71643,1.2373,1.5931,1.8593,2.1497
70.0,0.0074044,0.016315,0.034375,0.077288,0.16125,0.32745,0.62251,1.0969,1.4201,1.6618,1.9268
80.0,0.0061541,0.013614,0.02882,0.065342,0.13806,0.28332,0.54925,0.98091,1.2759,1.5002,1.7478
90.0,0.0053345,0.011828,0.025106,0.057174,0.12171,0.25339,0.49488,0.89215,1.1657,1.3764,1.6104
100.0,0.0046763,0.010375,0.022049,0.050486,0.10882,0.2282,0.4491,0.81552,1.0711,1.2678,1.487
110.0,0.004114,0.0091459,0.01949,0.045067,0.097519,0.20569,0.40663,0.73861,0.97224,1.1535,1.3559
120.0,0.0036225,0.0081177,0.017449,0.040473,0.088004,0.1864,0.36821,0.67212,0.88731,1.0539,1.2402
130.0,0.0032117,0.0072098,0.015528,0.036064,0.078681,0.16725,0.33185,0.61112,0.808,0.95948,1.129
140.0,0.002869,0.0064401,0.013866,0.03232,0.070708,0.15079,0.30168,0.55802,0.73787,0.87742,1.0337
150.0,0.002554,0.0057418,0.012381,0.02903,0.0637,0.13651,0.27417,0.50825,0.67399,0.80513,0.95277
175.0,0.0019196,0.0043414,0.0094102,0.02222,0.049203,0.10628,0.21535,0.40429,0.54191,0.65095,0.77461
200.0,0.0014765,0.0033476,0.0072675,0.017265,0.038425,0.083383,0.17204,0.32832,0.44224,0.53237,0.63485
250.0,9.0084E-4,0.0020623,0.0045322,0.010877,0.024465,0.054295,0.1142,0.2234,0.30089,0.36226,0.43179
300.0,5.7806E-4,0.001337,0.0029698,0.0072071,0.016541,0.037019,0.079729,0.15808,0.21281,0.25599,0.307
350.0,3.8073E-4,8.9116E-4,0.0020044,0.0049222,0.011375,0.025659,0.055832,0.11352,0.15393,0.18724,0.22553
400.0,2.5668E-4,6.1136E-4,0.0013957,0.0034608,0.0080687,0.018323,0.040802,0.083719,0.1151,0.14039,0.16954
450.0,1.7733E-4,4.3217E-4,0.0010152,0.0025409,0.005957,0.013616,0.03032,0.062932,0.086788,0.10576,0.12762
500.0,1.248E-4,3.1052E-4,7.4588E-4,0.0018924,0.0044878,0.010288,0.023176,0.048151,0.066357,0.081059,0.098035
600.0,6.0176E-5,1.576E-4,3.9636E-4,0.0010374,0.0025482,0.0060035,0.013586,0.028255,0.039977,0.049497,0.060949
700.0,3.152E-5,8.6532E-5,2.3031E-4,6.3371E-4,0.0015791,0.0037366,0.0085733,0.018116,0.02574,0.032041,0.039458
800.0,1.7443E-5,5.0021E-5,1.3765E-4,3.8874E-4,0.0010006,0.0024354,0.0056553,0.011985,0.017081,0.021334,0.026367
1000.0,5.9289E-6,1.8083E-5,5.3408E-5,1.6124E-4,4.3161E-4,0.0010974,0.0025788,0.005465,0.0078609,0.0099555,0.012407
1200.0,1.8918E-6,6.097E-6,1.8983E-5,5.9808E-5,1.7031E-4,4.5763E-4,0.0011425,0.0025602,0.0038019,0.0048679,0.0061612
1500.0,3.7768E-7,1.3123E-6,4.398E-6,1.5259E-5,4.6846E-5,1.3451E-4,3.5956E-4,8.4251E-4,0.0012876,0.0016983,0.0021442
SA0P05
r\m,4.0,4.5,5.0,5.5,6.0,6.5,7.0,7.5,7.8,8.0,8.2
0.0,1.4057,2.0806,2.8875,3.909,4.983,6.1626,7.3233,8.1794,8.5578,8.7823,8.875
1.0,1.0459,1.6639,2.4259,3.4299,4.5676,5.8474,7.0873,7.9431,8.2628,8.4362,8.4893
5.0,0.34278,0.67321,1.2161,2.0899,3.1619,4.4309,5.714,6.66,7.0411,7.252,7.3742
10.0,0.14951,0.30744,0.59569,1.1381,1.9262,2.9893,4.2551,5.3654,5.8895,6.1967,6.4675
15.0,0.080918,0.17095,0.3424,0.68772,1.2362,2.0674,3.1301,4.2994,4.9038,5.2727,5.6218
20.0,0.050732,0.10873,0.22211,0.45924,0.86626,1.5232,2.4141,3.4602,4.0693,4.4719,4.8364
25.0,0.034889,0.075674,0.1558,0.32757,0.63332,1.1517,1.8986,2.8663,3.4441,3.8377,4.2367
30.0,0.025809,0.056398,0.11699,0.24869,0.48815,0.90956,1.5528,2.4186,2.9651,3.3454,3.739
40.0,0.015927,0.03529,0.07416,0.16151,0.32336,0.61938,1.106,1.8049,2.2515,2.5698,2.9053
50.0,0.010839,0.024266,0.051594,0.11467,0.23369,0.45794,0.84616,1.4321,1.8251,2.1142,2.4259
60.0,0.0086046,0.019375,0.041312,0.09251,0.19212,0.38559,0.7241,1.2464,1.6017,1.8662,2.1535
70.0,0.0071063,0.016019,0.034246,0.07747,0.16305,0.33223,0.63142,1.1076,1.4316,1.6724,1.9355
80.0,0.0059526,0.013457,0.028877,0.06584,0.14033,0.28892,0.55935,0.99428,1.2909,1.5152,1.7619
90.0,0.005187,0.011744,0.025257,0.057806,0.1241,0.25902,0.50501,0.90625,1.1821,1.3937,1.6276
100.0,0.0045691,0.010343,0.022257,0.051198,0.11118,0.23376,0.45924,0.82999,1.0886,1.2866,1.5063
110.0,0.0040359,0.0091469,0.019728,0.045823,0.099883,0.2111,0.41663,0.75385,0.99096,1.1736,1.3767
120.0,0.0035667,0.0081418,0.017708,0.041251,0.090285,0.19164,0.37816,0.6877,0.90644,1.0749,1.2623
130.0,0.0031745,0.0072554,0.015806,0.036836,0.080884,0.17231,0.34158,0.62653,0.82716,0.98068,1.1516
140.0,0.0028467,0.0065006,0.014145,0.033078,0.072831,0.15566,0.31105,0.57309,0.7567,0.89842,1.0563
150.0,0.0025409,0.0058085,0.012653,0.029765,0.065725,0.14104,0.28294,0.52264,0.69211,0.82542,0.9747
175.0,0.0019232,0.0044181,0.0096633,0.02286,0.050874,0.10999,0.22275,0.4169,0.55789,0.66887,0.79399
200.0,0.00149,0.0034252,0.0074896,0.017804,0.039843,0.086621,0.1785,0.33935,0.45652,0.54872,0.65296
250.0,9.1779E-4,0.0021242,0.0046951,0.011266,0.025466,0.056635,0.11887,0.23131,0.31042,0.37283,0.44302
300.0,5.9271E-4,0.0013833,0.0030869,0.0074831,0.017262,0.038707,0.083078,0.16379,0.2197,0.26345,0.31488
350.0,3.93E-4,9.2635E-4,0.0020905,0.0051153,0.011868,0.02682,0.058157,0.11743,0.15866,0.19233,0.23066
400.0,2.6663E-4,6.3758E-4,0.0014566,0.0035965,0.0084152,0.019128,0.042393,0.086404,0.11833,0.14385,0.17295
450.0,1.8454E-4,4.5095E-4,0.0010597,0.0026405,0.0062115,0.014201,0.031468,0.064776,0.089053,0.10838,0.13048
500.0,1.3E-4,3.2403E-4,7.7831E-4,0.0019659,0.004675,0.010718,0.023986,0.04942,0.068056,0.08303,0.10018
600.0,6.2471E-5,1.6384E-4,4.1152E-4,0.0010708,0.0026328,0.0061902,0.013943,0.028821,0.040647,0.050188,0.061557
700.0,3.2891E-5,8.9984E-5,2.3879E-4,6.5208E-4,0.0016272,0.0038417,0.0087677,0.018402,0.026064,0.03235,0.039676
800.0,1.8152E-5,5.1973E-5,1.4255E-4,3.9938E-4,0.0010258,0.0024846,0.0057375,0.012085,0.017174,0.0214,0.026352
1000.0,6.1871E-6,1.8774E-5,5.5163E-5,1.6488E-4,4.3992E-4,0.0011105,0.0025945,0.0054625,0.0078281,0.0099049,0.012311
1200.0,1.9789E-6,6.3699E-6,1.9684E-5,6.1327E-5,1.7362E-4,4.6264E-4,0.0011447,0.0025435,0.003766,0.0048136,0.0060756
1500.0,4.0362E-7,1.3865E-6,4.6019E-6,1.5727E-5,4.7879E-5,1.3569E-4,3.5872E-4,8.3162E-4,0.0012669,0.0016707,0.0020952
SA0P075
r\m,4.0,4.5,5.0,5.5,6.0,6.5,7.0,7.5,7.8,8.0,8.2
0.0,1.0277,1.6109,2.328,3.2304,4.2055,5.2768,6.346,7.1234,7.4497,7.6311,7.7099
1.0,0.77487,1.3051,1.9855,2.8817,3.9217,5.0951,6.2398,7.0184,7.3049,7.4488,7.4922
5.0,0.25862,0.53515,1.0038,1.7716,2.7503,3.9176,5.0985,5.9574,6.2969,6.4751,6.5766
10.0,0.11411,0.24747,0.49854,0.97616,1.6916,2.6628,3.8152,4.8048,5.26,5.5212,5.7513
15.0,0.062547,0.13925,0.28974,0.59525,1.0945,1.8526,2.8175,3.8563,4.3813,4.698,4.997
20.0,0.039568,0.089458,0.18986,0.40136,0.77304,1.3736,2.185,3.1214,3.6501,3.9935,4.3069
25.0,0.027423,0.062768,0.13439,0.289,0.57051,1.0471,1.7299,2.5984,3.1011,3.4365,3.7743
30.0,0.020407,0.04708,0.10165,0.22088,0.44287,0.83222,1.423,2.2027,2.6776,3.0027,3.3369
40.0,0.012732,0.029806,0.065214,0.14515,0.2971,0.57398,1.0233,1.6542,2.0475,2.3237,2.6135
50.0,0.0087815,0.020756,0.045886,0.10406,0.21662,0.4275,0.78821,1.3204,1.6681,1.9202,2.1901
60.0,0.006997,0.016633,0.036884,0.084305,0.17859,0.36024,0.67427,1.1479,1.4622,1.6929,1.9417
70.0,0.0058313,0.013875,0.03084,0.071165,0.15262,0.31241,0.59174,1.0251,1.3139,1.526,1.7563
80.0,0.0049685,0.011843,0.026388,0.061309,0.13304,0.27505,0.52961,0.92907,1.1959,1.3952,1.6127
90.0,0.0043817,0.010449,0.023318,0.054336,0.1187,0.2484,0.48143,0.85251,1.1026,1.2918,1.4994
100.0,0.0039031,0.0092966,0.020738,0.048539,0.10709,0.2257,0.44065,0.78565,1.0216,1.2,1.3963
110.0,0.0034829,0.0082971,0.018535,0.043781,0.096924,0.20523,0.40254,0.71936,0.93766,1.103,1.2852
120.0,0.0031084,0.0074479,0.016764,0.039697,0.088163,0.1875,0.36804,0.66117,0.86368,1.0175,1.187
130.0,0.0027921,0.0066933,0.015081,0.035693,0.079515,0.16975,0.33472,0.6061,0.79324,0.93449,1.0904
140.0,0.0025246,0.0060414,0.013583,0.032243,0.072022,0.15426,0.30641,0.55734,0.72968,0.8609,1.0058
150.0,0.0022685,0.0054312,0.012218,0.029168,0.065333,0.14037,0.27994,0.51062,0.67054,0.79453,0.93208
175.0,0.0017468,0.0041966,0.0094632,0.022678,0.051114,0.1106,0.22278,0.4119,0.54629,0.65037,0.76648
200.0,0.0013764,0.0033018,0.0074275,0.017857,0.040494,0.088206,0.18046,0.33834,0.45142,0.53921,0.63746
250.0,8.7199E-4,0.0020977,0.0047572,0.011529,0.026384,0.058711,0.12215,0.23396,0.3107,0.37066,0.43733
300.0,5.7604E-4,0.0013932,0.0031837,0.0077788,0.01814,0.040699,0.086442,0.16774,0.22268,0.26497,0.31421
350.0,3.9075E-4,9.5105E-4,0.0021916,0.0053823,0.012609,0.028509,0.061167,0.12123,0.16211,0.19486,0.23155
400.0,2.7088E-4,6.6523E-4,0.0015444,0.0038209,0.0090202,0.020495,0.04482,0.089697,0.12151,0.14649,0.1745
450.0,1.9033E-4,4.761E-4,0.0011349,0.0028302,0.0067127,0.015315,0.033479,0.067496,0.091893,0.11128,0.13314
500.0,1.3581E-4,3.4556E-4,8.4051E-4,0.0021231,0.0050814,0.011621,0.025586,0.051627,0.070682,0.085809,0.1029
600.0,6.6505E-5,1.7731E-4,4.4901E-4,0.0011636,0.0028681,0.0067016,0.014886,0.030233,0.04222,0.051751,0.062909
700.0,3.5925E-5,9.8943E-5,2.6338E-4,7.1268E-4,0.0017832,0.0041807,0.0093997,0.019358,0.027153,0.033446,0.040647
800.0,2.0041E-5,5.7797E-5,1.587E-4,4.3976E-4,0.0011252,0.0026941,0.0061234,0.012666,0.017843,0.022086,0.026969
1000.0,7.022E-6,2.1282E-5,6.2255E-5,1.8295E-4,4.8507E-4,0.0012046,0.0027685,0.0057231,0.0081186,0.010229,0.01263
1200.0,2.3128E-6,7.4674E-6,2.2832E-5,6.9698E-5,1.9479E-4,5.0868E-4,0.0012299,0.0026719,0.0039184,0.0049798,0.0062398
1500.0,5.0518E-7,1.7051E-6,5.5646E-6,1.8447E-5,5.5082E-5,1.5146E-4,3.8937E-4,8.7828E-4,0.0013243,0.0017406,0.002152
SA0P1
r\m,4.0,4.5,5.0,5.5,6.0,6.5,7.0,7.5,7.8,8.0,8.2
0.0,0.78499,1.2843,1.9121,2.7015,3.5632,4.5076,5.4538,6.1264,6.3915,6.5304,6.5934
1.0,0.59639,1.0493,1.6475,2.4369,3.3589,4.3973,5.4116,6.086,6.3208,6.4294,6.4596
5.0,0.19957,0.43094,0.83431,1.5047,2.3764,3.4159,4.4643,5.2112,5.4892,5.6266,5.7021
10.0,0.088532,0.20043,0.41705,0.834,1.4724,2.3423,3.3592,4.2095,4.5873,4.799,4.9854
15.0,0.04889,0.11353,0.24386,0.51118,0.95753,1.6362,2.489,3.3848,3.8225,4.0826,4.3279
20.0,0.031095,0.073373,0.1609,0.34708,0.67991,1.2179,1.9371,2.7505,3.1933,3.4762,3.7352
25.0,0.021634,0.051732,0.11457,0.25156,0.50518,0.93337,1.5402,2.2962,2.7191,2.9972,3.2767
30.0,0.016158,0.038959,0.087068,0.19316,0.39399,0.74481,1.2716,1.9516,2.3525,2.623,2.9003
40.0,0.010153,0.024856,0.056327,0.12799,0.26651,0.51764,0.91986,1.4721,1.8071,2.0395,2.2829
50.0,0.0070615,0.017453,0.039938,0.09238,0.19549,0.38745,0.71174,1.18,1.477,1.6899,1.9169
60.0,0.0056423,0.014027,0.032196,0.075043,0.16142,0.32649,0.60859,1.025,1.2934,1.488,1.6971
70.0,0.0047344,0.011777,0.027089,0.063724,0.13866,0.28436,0.53632,0.91876,1.1669,1.3474,1.5428
80.0,0.0040865,0.010183,0.023471,0.055553,0.12219,0.25295,0.4843,0.83942,1.0706,1.2413,1.4271
90.0,0.0036381,0.0090678,0.020924,0.049656,0.1099,0.23005,0.4432,0.77518,0.99311,1.156,1.334
100.0,0.0032692,0.008137,0.018764,0.04471,0.099829,0.21041,0.40818,0.71872,0.92545,1.0799,1.2491
110.0,0.0029425,0.0073223,0.016901,0.040621,0.091004,0.19268,0.37548,0.66299,0.85569,0.99962,1.1573
120.0,0.0026485,0.0066241,0.015394,0.037084,0.08333,0.1772,0.34571,0.61365,0.79341,0.92823,1.0761
130.0,0.0023968,0.0059963,0.013946,0.033569,0.075659,0.16149,0.31649,0.5659,0.73315,0.85797,0.99502
140.0,0.0021808,0.0054456,0.012635,0.030499,0.068918,0.14759,0.29119,0.52297,0.67797,0.7946,0.92274
150.0,0.0019707,0.0049225,0.011426,0.02773,0.06283,0.13496,0.26735,0.48141,0.626,0.73671,0.85888
175.0,0.0015394,0.0038565,0.0089679,0.021835,0.049766,0.10767,0.21537,0.39301,0.51585,0.60967,0.71367
200.0,0.0012297,0.0030751,0.0071304,0.017409,0.039921,0.086972,0.17642,0.32593,0.43057,0.51085,0.60015
250.0,7.9968E-4,0.0020028,0.0046753,0.011499,0.026602,0.059062,0.12168,0.22951,0.30175,0.35773,0.41963
300.0,5.4053E-4,0.0013596,0.0031952,0.007913,0.018611,0.04166,0.087567,0.16738,0.22002,0.26006,0.30637
350.0,3.7521E-4,9.4782E-4,0.0022422,0.0055686,0.013157,0.029679,0.063005,0.12272,0.16248,0.19388,0.22874
400.0,2.6589E-4,6.7564E-4,0.0016056,0.0040121,0.0095462,0.021644,0.046723,0.091901,0.12319,0.14743,0.17438
450.0,1.9047E-4,4.918E-4,0.0011978,0.003013,0.0071975,0.016363,0.0353,0.069853,0.094159,0.11337,0.13488
500.0,1.3832E-4,3.6244E-4,8.9911E-4,0.0022884,0.005507,0.012545,0.027216,0.053898,0.073208,0.088377,0.10539
600.0,7.009E-5,1.9149E-4,4.9244E-4,0.0012809,0.0031648,0.0073473,0.016092,0.032111,0.044383,0.054031,0.065199
700.0,3.9079E-5,1.0954E-4,2.9471E-4,7.9663E-4,0.0019965,0.0046471,0.010294,0.020808,0.028891,0.035334,0.042623
800.0,2.2283E-5,6.5276E-5,1.8073E-4,4.9918E-4,0.0012741,0.0030203,0.0067567,0.013721,0.019147,0.023547,0.028552
1000.0,8.1285E-6,2.4852E-5,7.29E-5,2.1233E-4,5.6049E-4,0.001373,0.0031043,0.0063003,0.0088491,0.011089,0.013608
1200.0,2.7999E-6,9.1177E-6,2.7802E-5,8.3822E-5,2.3182E-4,5.9477E-4,0.0014075,0.0029912,0.004341,0.0054818,0.0068214
1500.0,6.5883E-7,2.2104E-6,7.1498E-6,2.3199E-5,6.8155E-5,1.8274E-4,4.5776E-4,0.0010064,0.0015006,0.0019615,0.0023988
SA0P15
r\m,4.0,4.5,5.0,5.5,6.0,6.5,7.0,7.5,7.8,8.0,8.2
0.0,0.51903,0.90801,1.4122,2.0465,2.7416,3.4981,4.2551,4.7711,4.9514,5.0363,5.0779
1.0,0.39756,0.74953,1.2322,1.8716,2.617,3.4506,4.2629,4.7806,4.939,5.0004,5.0127
5.0,0.1322,0.30603,0.6226,1.16,1.872,2.7161,3.5608,4.1399,4.3274,4.409,4.4495
10.0,0.058918,0.14295,0.31282,0.6462,1.1716,1.8906,2.7044,3.3534,3.6232,3.7682,3.8958
15.0,0.032802,0.081539,0.18405,0.39818,0.76642,1.3272,2.0137,2.7047,3.0214,3.204,3.3767
20.0,0.020988,0.053053,0.12248,0.27283,0.54777,0.9925,1.5738,2.2088,2.5327,2.7343,2.9193
25.0,0.014653,0.037608,0.087858,0.19941,0.41062,0.76548,1.2578,1.8496,2.1619,2.3636,2.5663
30.0,0.010993,0.028455,0.067134,0.154,0.32207,0.61365,1.0428,1.5765,1.8751,2.0724,2.2744
40.0,0.0069649,0.018327,0.043898,0.10315,0.22005,0.43012,0.75949,1.1957,1.4483,1.6204,1.8008
50.0,0.0048923,0.012999,0.031424,0.075085,0.16261,0.32389,0.59091,0.96373,1.1885,1.3468,1.5154
60.0,0.0039237,0.010488,0.025431,0.061191,0.1345,0.2728,0.50491,0.83627,1.0391,1.1836,1.3384
70.0,0.0033222,0.0088827,0.021574,0.052376,0.11632,0.23885,0.44717,0.75319,0.94245,1.0785,1.2255
80.0,0.0029178,0.0078207,0.019039,0.046474,0.10415,0.21567,0.40914,0.69632,0.87477,1.0046,1.1455
90.0,0.0026316,0.0070565,0.017194,0.042082,0.094844,0.19831,0.37839,0.64942,0.8191,0.94356,1.079
100.0,0.0023935,0.0064114,0.015612,0.038354,0.087104,0.18327,0.3519,0.60786,0.76985,0.88879,1.0186
110.0,0.0021809,0.0058414,0.014234,0.035243,0.080301,0.16976,0.32736,0.56715,0.71984,0.83156,0.95336
120.0,0.0019876,0.0053471,0.013104,0.032523,0.074342,0.15782,0.30473,0.53069,0.67432,0.78012,0.8956
130.0,0.0018176,0.0048922,0.011998,0.02976,0.068229,0.14537,0.2819,0.49402,0.62903,0.72818,0.83655
140.0,0.0016679,0.0044825,0.01097,0.027283,0.06271,0.13406,0.26147,0.4601,0.58652,0.67997,0.78218
150.0,0.0015195,0.0040857,0.010003,0.025004,0.057627,0.12362,0.24206,0.42682,0.54571,0.63511,0.73325
175.0,0.0012116,0.0032678,0.008017,0.020108,0.046636,0.10079,0.19911,0.35544,0.45827,0.53521,0.61996
200.0,9.8697E-4,0.0026593,0.0065112,0.01638,0.038217,0.083163,0.16615,0.29953,0.38884,0.45616,0.53062
250.0,6.6799E-4,0.0018037,0.0044436,0.011264,0.026501,0.058482,0.11845,0.21793,0.28195,0.33099,0.38501
300.0,4.6854E-4,0.0012712,0.0031525,0.0080359,0.019139,0.042577,0.087966,0.16412,0.21233,0.24842,0.28985
350.0,3.3767E-4,9.1882E-4,0.0022899,0.0058434,0.013994,0.031373,0.065423,0.12391,0.16143,0.19047,0.2225
400.0,2.4812E-4,6.7748E-4,0.0016916,0.0043379,0.010453,0.023579,0.049817,0.095269,0.1255,0.14852,0.17392
450.0,1.8417E-4,5.0963E-4,0.0013004,0.0033509,0.0080974,0.01827,0.038562,0.074098,0.098193,0.11703,0.13797
500.0,1.3826E-4,3.8722E-4,0.0010039,0.0026124,0.0063417,0.014329,0.030368,0.058384,0.078072,0.093292,0.11024
600.0,7.5307E-5,2.1813E-4,5.826E-4,0.0015406,0.0038232,0.0087769,0.018757,0.036314,0.049294,0.059337,0.070817
700.0,4.4581E-5,1.3146E-4,3.6462E-4,9.9447E-4,0.0024974,0.00574,0.012394,0.024265,0.033086,0.03999,0.047713
800.0,2.6716E-5,8.1867E-5,2.3271E-4,6.4601E-4,0.0016456,0.003841,0.0083584,0.016433,0.022542,0.027411,0.032886
1000.0,1.0601E-5,3.3589E-5,1.0026E-4,2.9086E-4,7.6404E-4,0.0018338,0.004029,0.0079173,0.010932,0.01355,0.016461
1200.0,4.024E-6,1.3509E-5,4.1565E-5,1.241E-4,3.3825E-4,8.4397E-4,0.0019269,0.0039431,0.0056116,0.0070008,0.0086102
1500.0,1.0875E-6,3.6979E-6,1.1946E-5,3.7841E-5,1.0855E-4,2.8033E-4,6.7275E-4,0.0014171,0.0020684,0.0026694,0.0032172
SA0P2
r\m,4.0,4.5,5.0,5.5,6.0,6.5,7.0,7.5,7.8,8.0,8.2
0.0,0.37391,0.69639,1.1261,1.6679,2.2597,2.8987,3.535,3.9545,4.0869,4.1434,4.1732
1.0,0.2876,0.57824,0.98998,1.5377,2.1721,2.8757,3.5584,3.9794,4.0935,4.1298,4.133
5.0,0.094854,0.23438,0.49841,0.95422,1.5638,2.2818,2.9951,3.4698,3.6048,3.6561,3.6781
10.0,0.042349,0.10962,0.25081,0.53256,0.98508,1.6058,2.2902,2.8164,3.0236,3.131,3.2258
15.0,0.02368,0.062746,0.148,0.32901,0.64649,1.1306,1.7107,2.2766,2.5226,2.6612,2.7927
20.0,0.0152,0.040973,0.098992,0.2267,0.46382,0.84759,1.3402,1.8647,2.1191,2.2743,2.4169
25.0,0.010629,0.029129,0.071314,0.16654,0.34958,0.65612,1.0743,1.5639,1.811,1.969,2.1281
30.0,0.0079936,0.022098,0.054662,0.12906,0.2751,0.5273,0.89282,1.335,1.5731,1.7283,1.8874
40.0,0.0050888,0.014312,0.035973,0.087013,0.18905,0.37125,0.65263,1.0158,1.2189,1.3556,1.4994
50.0,0.0035944,0.01021,0.025898,0.06366,0.14032,0.28055,0.50941,0.82146,1.0025,1.1287,1.2631
60.0,0.0028896,0.0082586,0.021009,0.051976,0.11616,0.23616,0.43505,0.71237,0.87565,0.99061,1.1138
70.0,0.0024603,0.0070319,0.017914,0.044711,0.10089,0.20741,0.38639,0.64354,0.79685,0.90621,1.0245
80.0,0.0021843,0.0062641,0.016004,0.040148,0.09129,0.18915,0.35666,0.59963,0.74533,0.8503,0.96419
90.0,0.0019863,0.0057008,0.014579,0.036677,0.083848,0.17526,0.3323,0.56307,0.70234,0.80319,0.91283
100.0,0.0018204,0.0052223,0.01335,0.033712,0.077606,0.16316,0.31114,0.53053,0.66396,0.76082,0.8664
110.0,0.001672,0.0047979,0.012274,0.031222,0.072112,0.15237,0.29175,0.49889,0.62556,0.717,0.81653
120.0,0.0015363,0.0044274,0.011384,0.02903,0.067293,0.14276,0.27368,0.47034,0.59018,0.6774,0.77244
130.0,0.0014146,0.0040796,0.010498,0.026769,0.062237,0.13249,0.25505,0.44073,0.55416,0.6366,0.72658
140.0,0.001305,0.0037599,0.0096599,0.024698,0.057566,0.12297,0.23791,0.41271,0.51968,0.59784,0.68321
150.0,0.0011953,0.0034465,0.0088606,0.022762,0.053201,0.11409,0.22159,0.38498,0.48616,0.56133,0.64371
175.0,9.6602E-4,0.0027955,0.0072056,0.018589,0.043751,0.094558,0.18512,0.32525,0.41386,0.47926,0.55112
200.0,7.9698E-4,0.002307,0.0059428,0.015388,0.036426,0.079239,0.15657,0.2773,0.35532,0.41344,0.4776
250.0,5.5442E-4,0.0016112,0.0041779,0.010909,0.026039,0.057208,0.11443,0.20686,0.26458,0.30844,0.35679
300.0,3.9926E-4,0.0011674,0.0030499,0.0080053,0.019277,0.042686,0.087122,0.15974,0.20434,0.23739,0.27517
350.0,2.9561E-4,8.6698E-4,0.0022751,0.0059774,0.01449,0.032334,0.066566,0.12358,0.15911,0.18627,0.21618
400.0,2.2301E-4,6.5607E-4,0.0017236,0.0045489,0.011092,0.024929,0.051857,0.097162,0.12637,0.14837,0.17261
450.0,1.7016E-4,5.068E-4,0.0013584,0.0035983,0.0087904,0.019728,0.040982,0.077113,0.10088,0.11927,0.13969
500.0,1.3116E-4,3.9489E-4,0.0010738,0.002869,0.0070259,0.015783,0.032899,0.061918,0.08174,0.096893,0.11374
600.0,7.5941E-5,2.3523E-4,6.5645E-4,0.0017761,0.0044337,0.0101,0.021188,0.040079,0.053644,0.064034,0.075844
700.0,4.72E-5,1.4831E-4,4.2765E-4,0.0011871,0.0029916,0.0068152,0.014432,0.027572,0.037061,0.044399,0.05258
800.0,2.9575E-5,9.6064E-5,2.8303E-4,7.9735E-4,0.0020354,0.0047031,0.010019,0.019201,0.025981,0.031318,0.037295
1000.0,1.263E-5,4.219E-5,1.2972E-4,3.7944E-4,9.9692E-4,0.0023619,0.0050744,0.0097207,0.013244,0.016261,0.019605
1200.0,5.2336E-6,1.84E-5,5.7986E-5,1.7385E-4,4.7054E-4,0.0011518,0.0025598,0.0050857,0.0071204,0.0087929,0.010717
1500.0,1.5871E-6,5.6058E-6,1.8406E-5,5.7968E-5,1.6401E-4,4.1324E-4,9.6032E-4,0.0019578,0.0028067,0.0035781,0.0042751
SA0P25
r\m,4.0,4.5,5.0,5.5,6.0,6.5,7.0,7.5,7.8,8.0,8.2
0.0,0.27892,0.55261,0.93097,1.4126,1.9381,2.5013,3.0583,3.4164,3.5204,3.5608,3.5837
1.0,0.21506,0.4606,0.82246,1.3092,1.8711,2.4898,3.0872,3.4465,3.5342,3.5566,3.5551
5.0,0.070434,0.18553,0.41274,0.81281,1.3529,1.9862,2.6117,3.019,3.1225,3.1565,3.1684
10.0,0.031472,0.086808,0.20779,0.45397,0.85597,1.409,2.0068,2.4542,2.6227,2.7076,2.7826
15.0,0.017645,0.049789,0.12282,0.28088,0.56291,0.99388,1.5025,1.9869,2.189,2.3006,2.407
20.0,0.01135,0.032586,0.082426,0.19427,0.40486,0.74632,1.1789,1.6306,1.8414,1.9681,2.0846
25.0,0.0079427,0.023207,0.059546,0.1432,0.30627,0.57908,0.94672,1.3689,1.5749,1.7056,1.8377
30.0,0.0059832,0.017636,0.045732,0.11122,0.24153,0.46613,0.78801,1.1695,1.3693,1.4982,1.6306
40.0,0.0038207,0.011463,0.030226,0.075317,0.16659,0.32907,0.57734,0.89184,1.0632,1.1776,1.2982
50.0,0.0027083,0.0082084,0.021842,0.055289,0.12401,0.24925,0.45159,0.72281,0.87577,0.98153,1.0943
60.0,0.0021808,0.0066515,0.017748,0.045195,0.10271,0.20972,0.38554,0.62658,0.76439,0.86064,0.96378
70.0,0.0018638,0.0056839,0.015185,0.03901,0.089461,0.18456,0.34304,0.56719,0.69717,0.78944,0.88931
80.0,0.0016668,0.0051042,0.013683,0.035324,0.081559,0.16947,0.31861,0.53138,0.6556,0.74448,0.84097
90.0,0.0015242,0.004673,0.01254,0.032474,0.075367,0.15789,0.29843,0.50142,0.62056,0.70604,0.79896
100.0,0.0014042,0.0043053,0.011552,0.030029,0.07015,0.14777,0.28078,0.47468,0.58906,0.67144,0.76121
110.0,0.0012969,0.0039788,0.010685,0.027969,0.065555,0.13882,0.2648,0.44886,0.55799,0.63602,0.72091
120.0,0.0011985,0.0036925,0.0099626,0.026148,0.06153,0.13081,0.24979,0.42546,0.52909,0.60389,0.68536
130.0,0.0011087,0.0034194,0.0092349,0.024246,0.057227,0.12206,0.23401,0.40056,0.49913,0.57026,0.64789
140.0,0.0010265,0.0031645,0.0085364,0.022473,0.053177,0.11381,0.21919,0.37656,0.47001,0.53773,0.61168
150.0,9.4372E-4,0.0029124,0.0078633,0.020797,0.049347,0.10608,0.20507,0.35267,0.44142,0.50679,0.57842
175.0,7.6993E-4,0.0023858,0.0064623,0.017177,0.041071,0.089002,0.17329,0.30112,0.37953,0.43683,0.49976
200.0,6.4084E-4,0.0019886,0.0053901,0.01439,0.0346,0.075439,0.14803,0.25893,0.32866,0.38016,0.43699
250.0,4.546E-4,0.0014188,0.0038738,0.010438,0.025308,0.05555,0.11023,0.19681,0.2497,0.28965,0.33376
300.0,3.337E-4,0.0010495,0.0028897,0.0078273,0.019095,0.042233,0.085533,0.15494,0.19658,0.22724,0.2622
350.0,2.5199E-4,7.9533E-4,0.0021997,0.0059663,0.014669,0.03269,0.066743,0.12216,0.15595,0.18155,0.20977
400.0,1.9383E-4,6.1383E-4,0.0016997,0.0046307,0.011448,0.025721,0.052955,0.097778,0.12599,0.14708,0.17034
450.0,1.5103E-4,4.8407E-4,0.001366,0.0037332,0.0092403,0.020703,0.042552,0.078884,0.10221,0.12011,0.14
500.0,1.1881E-4,3.8475E-4,0.0011005,0.0030309,0.0075086,0.016832,0.034703,0.06433,0.08408,0.099058,0.11571
600.0,7.2225E-5,2.398E-4,7.0235E-4,0.0019545,0.0049258,0.011184,0.023156,0.043053,0.057008,0.067626,0.079664
700.0,4.6649E-5,1.5685E-4,4.7303E-4,0.0013454,0.0034159,0.0077485,0.016184,0.030359,0.04036,0.048031,0.056578
800.0,3.0328E-5,1.0498E-4,3.2277E-4,9.2977E-4,0.0023901,0.0054964,0.011531,0.021673,0.029014,0.03474,0.04115
1000.0,1.3761E-5,4.8825E-5,1.5597E-4,4.6435E-4,0.001227,0.0028877,0.0061034,0.011466,0.015462,0.018838,0.022581
1200.0,6.1391E-6,2.2783E-5,7.4312E-5,2.2609E-4,6.1215E-4,0.001481,0.0032279,0.0062697,0.0086637,0.010611,0.012842
1500.0,2.0444E-6,7.5935E-6,2.5659E-5,8.1421E-5,2.2928E-4,5.6916E-4,0.0012919,0.0025694,0.00363,0.0045787,0.0054413
SA0P3
r\m,4.0,4.5,5.0,5.5,6.0,6.5,7.0,7.5,7.8,8.0,8.2
0.0,0.2119,0.44494,0.78201,1.2195,1.6995,2.2116,2.7149,3.0328,3.1193,3.1501,3.1691
1.0,0.16365,0.37184,0.69324,1.1344,1.6457,2.2064,2.7455,3.0644,3.1361,3.1506,3.1467
5.0,0.053295,0.14902,0.34697,0.7044,1.1934,1.7668,2.3311,2.693,2.777,2.8008,2.807
10.0,0.023825,0.069728,0.17469,0.39355,0.75752,1.2609,1.7978,2.1917,2.3351,2.4056,2.468
15.0,0.013382,0.040047,0.10336,0.24373,0.49886,0.89062,1.3483,1.7766,1.9496,2.0436,2.1335
20.0,0.0086194,0.026251,0.069533,0.16903,0.35943,0.66952,1.059,1.46,1.6416,1.7494,1.8487
25.0,0.0060352,0.018718,0.05033,0.12489,0.27261,0.52034,0.85157,1.2264,1.4047,1.5173,1.6312
30.0,0.0045515,0.014241,0.038708,0.097158,0.21531,0.4193,0.70954,1.0484,1.2222,1.3335,1.4479
40.0,0.0029128,0.0092804,0.025662,0.066003,0.14889,0.29655,0.52066,0.80071,0.95029,1.0496,1.1544
50.0,0.0020699,0.0066632,0.018593,0.048567,0.11106,0.22499,0.40786,0.64999,0.78363,0.87549,0.97349
60.0,0.0016687,0.0054063,0.015126,0.039733,0.092016,0.18923,0.34812,0.5633,0.68363,0.76713,0.85668
70.0,0.0014301,0.0046319,0.012974,0.034381,0.080313,0.16676,0.31014,0.51065,0.62452,0.70506,0.79231
80.0,0.0012856,0.0041839,0.011764,0.031325,0.073623,0.15391,0.28937,0.48034,0.58959,0.66736,0.75183
90.0,0.0011804,0.0038472,0.01083,0.028933,0.068341,0.14398,0.27211,0.45489,0.55992,0.63475,0.7161
100.0,0.0010916,0.0035593,0.010021,0.026875,0.063879,0.13528,0.25695,0.43215,0.53311,0.6054,0.68418
110.0,0.0010122,0.0033037,0.0093101,0.025137,0.059949,0.12765,0.24337,0.41033,0.507,0.57563,0.65029
120.0,9.3931E-4,0.0030789,0.0087153,0.023596,0.056516,0.1208,0.23052,0.3905,0.48255,0.54857,0.62049
130.0,8.7188E-4,0.0028618,0.0081096,0.021972,0.052785,0.11319,0.21682,0.36895,0.4568,0.51988,0.58873
140.0,8.0943E-4,0.0026564,0.0075218,0.020437,0.049219,0.1059,0.20371,0.34785,0.43148,0.4917,0.55748
150.0,7.4616E-4,0.0024521,0.0069507,0.01897,0.045816,0.099056,0.19124,0.32677,0.40642,0.46472,0.5286
175.0,6.1296E-4,0.0020236,0.0057577,0.015802,0.038482,0.083888,0.16302,0.28123,0.35206,0.40345,0.45987
200.0,5.1351E-4,0.0016993,0.0048435,0.013361,0.032712,0.071723,0.1403,0.24341,0.30685,0.35342,0.40482
250.0,3.6962E-4,0.0012321,0.0035401,0.0098642,0.024355,0.05362,0.10599,0.18769,0.23676,0.27368,0.3145
300.0,2.7525E-4,9.2587E-4,0.0026852,0.0075222,0.018648,0.041362,0.083461,0.14997,0.18918,0.21792,0.25063
350.0,2.1097E-4,7.1261E-4,0.0020764,0.0058277,0.014574,0.032567,0.066213,0.12003,0.1523,0.17658,0.2034
400.0,1.6469E-4,5.5844E-4,0.0016295,0.0045944,0.011551,0.026042,0.053309,0.097449,0.12472,0.145,0.1674
450.0,1.3043E-4,4.476E-4,0.0013302,0.0037605,0.0094611,0.021248,0.04341,0.079661,0.10249,0.1199,0.13925
500.0,1.0425E-4,3.6141E-4,0.001088,0.0030981,0.0077916,0.017503,0.035861,0.065787,0.085336,0.10007,0.11647
600.0,6.5882E-5,2.3365E-4,7.1919E-4,0.0020661,0.0052787,0.011999,0.024642,0.04525,0.059437,0.070178,0.082344
700.0,4.3872E-5,1.5744E-4,4.9779E-4,0.0014576,0.0037449,0.0084977,0.017595,0.032571,0.042941,0.050846,0.059665
800.0,2.9399E-5,1.0825E-4,3.4838E-4,0.0010315,0.0026833,0.0061718,0.012818,0.02375,0.031535,0.037566,0.044324
1000.0,1.4019E-5,5.2806E-5,1.7599E-4,5.3674E-4,0.0014339,0.0033708,0.0070467,0.013047,0.017459,0.021138,0.025227
1200.0,6.6501E-6,2.6062E-5,8.8442E-5,2.7507E-4,7.4979E-4,0.0018046,0.0038814,0.0074123,0.010137,0.012334,0.014847
1500.0,2.3906E-6,9.361E-6,3.2771E-5,1.0574E-4,2.9862E-4,7.3601E-4,0.0016435,0.0032087,0.0044805,0.005601,0.0066337
SA0P4
r\m,4.0,4.5,5.0,5.5,6.0,6.5,7.0,7.5,7.8,8.0,8.2
0.0,0.12784,0.29567,0.56325,0.93198,1.3503,1.7994,2.2385,2.5121,2.5816,2.6038,2.6197
1.0,0.098923,0.24794,0.50155,0.87115,1.3125,1.8,2.2686,2.5432,2.5999,2.608,2.6037
5.0,0.03195,0.098631,0.25004,0.54094,0.95556,1.4486,1.9355,2.2447,2.309,2.3234,2.3251
10.0,0.01429,0.046144,0.12586,0.30228,0.60915,1.0425,1.5003,1.8297,1.9447,1.9993,2.0477
15.0,0.008045,0.026547,0.074567,0.18742,0.40188,0.73764,1.1277,1.4856,1.6243,1.6979,1.7686
20.0,0.0051912,0.017436,0.050319,0.13045,0.29022,0.55531,0.887,1.2232,1.3695,1.4549,1.5336
25.0,0.0036371,0.012453,0.036516,0.096691,0.22089,0.4325,0.71447,1.0282,1.1726,1.2631,1.3549
30.0,0.002747,0.0094889,0.028135,0.075381,0.1748,0.34899,0.5961,0.8796,1.0212,1.1108,1.2032
40.0,0.0017631,0.0062046,0.018729,0.051426,0.12129,0.24739,0.4383,0.67317,0.7955,0.87596,0.96113
50.0,0.0012571,0.0044706,0.013618,0.037961,0.090716,0.1881,0.34402,0.54762,0.6569,0.7314,0.81095
60.0,0.0010151,0.0036339,0.011098,0.031092,0.075195,0.15813,0.29353,0.47442,0.5727,0.6403,0.71283
70.0,8.731E-4,0.0031243,0.0095506,0.026994,0.065816,0.13961,0.26195,0.43094,0.52433,0.59004,0.66131
80.0,7.904E-4,0.0028445,0.0087342,0.024804,0.060787,0.12975,0.24593,0.40757,0.49764,0.56129,0.63046
90.0,7.2966E-4,0.0026311,0.0080902,0.023058,0.056779,0.12206,0.23252,0.38789,0.47474,0.53598,0.60257
100.0,6.7821E-4,0.0024481,0.0075314,0.02155,0.053382,0.11531,0.22066,0.37028,0.45387,0.51322,0.5779
110.0,6.3235E-4,0.0022859,0.0070403,0.020275,0.050394,0.10948,0.21025,0.35358,0.434,0.49051,0.55199
120.0,5.9014E-4,0.0021427,0.0066266,0.019141,0.0478,0.10422,0.20029,0.33835,0.41519,0.46981,0.52932
130.0,5.5032E-4,0.0020017,0.0061986,0.017927,0.044907,0.098212,0.18942,0.32123,0.39492,0.44744,0.50477
140.0,5.1273E-4,0.0018657,0.0057765,0.016755,0.042076,0.092327,0.17873,0.30409,0.3746,0.42494,0.47994
150.0,4.7442E-4,0.0017293,0.0053616,0.015619,0.039336,0.086787,0.16859,0.28685,0.35428,0.40319,0.45679
175.0,3.9342E-4,0.0014417,0.0044906,0.013169,0.033469,0.074474,0.14547,0.24964,0.31011,0.35352,0.4012
200.0,3.3252E-4,0.0012232,0.003823,0.01128,0.028815,0.064452,0.12653,0.21803,0.27272,0.31252,0.35646
250.0,2.4419E-4,9.0718E-4,0.0028615,0.0085391,0.022,0.04923,0.097542,0.17158,0.2151,0.24764,0.2837
300.0,1.8553E-4,6.9703E-4,0.0022228,0.0066709,0.017205,0.038774,0.078449,0.14004,0.17554,0.20139,0.23074
350.0,1.452E-4,5.4843E-4,0.001758,0.0052916,0.013787,0.031294,0.063745,0.11453,0.14434,0.16656,0.19118
400.0,1.1573E-4,4.3927E-4,0.001411,0.0042684,0.011177,0.025625,0.052437,0.094944,0.12057,0.13948,0.16045
450.0,9.38E-5,3.6047E-4,0.0011785,0.0035727,0.0093551,0.021332,0.043545,0.079138,0.10097,0.11745,0.13581
500.0,7.671E-5,2.9783E-4,9.858E-4,0.0030079,0.0078595,0.017916,0.036671,0.066594,0.085579,0.099771,0.11561
600.0,5.1325E-5,2.033E-4,6.8687E-4,0.0021111,0.0055922,0.012884,0.026346,0.047736,0.062076,0.072867,0.085084
700.0,3.5746E-5,1.4323E-4,4.9549E-4,0.0015463,0.0041078,0.0094352,0.019437,0.035453,0.046252,0.054418,0.063559
800.0,2.507E-5,1.0258E-4,3.6043E-4,0.001135,0.0030542,0.0071113,0.014662,0.02672,0.035112,0.041551,0.048788
1000.0,1.2887E-5,5.3831E-5,1.9503E-4,6.2971E-4,0.0017381,0.0041292,0.0085565,0.015576,0.02064,0.024774,0.029398
1200.0,6.7174E-6,2.895E-5,1.0643E-4,3.4945E-4,9.7826E-4,0.0023649,0.0050263,0.0094026,0.012681,0.015287,0.018269
1500.0,2.7108E-6,1.1671E-5,4.4001E-5,1.4882E-4,4.2923E-4,0.0010605,0.0023295,0.0044461,0.0061083,0.0075337,0.0088943
SA0P5
r\m,4.0,4.5,5.0,5.5,6.0,6.5,7.0,7.5,7.8,8.0,8.2
0.0,0.081586,0.20249,0.41291,0.7237,1.0949,1.5037,1.9072,2.1618,2.2268,2.2473,2.2637
1.0,0.063206,0.17016,0.36871,0.67849,1.0667,1.5066,1.9352,2.191,2.2447,2.2527,2.251
5.0,0.020301,0.06735,0.18332,0.42127,0.77854,1.2163,1.6561,1.939,1.9971,2.0095,2.0113
10.0,0.0090817,0.031503,0.092248,0.23541,0.49769,0.8801,1.288,1.5823,1.6838,1.7314,1.7734
15.0,0.0051204,0.018143,0.054696,0.14606,0.32871,0.62346,0.96955,1.2861,1.4068,1.4701,1.5309
20.0,0.0033078,0.011931,0.036984,0.1019,0.23773,0.46976,0.76327,1.0601,1.1871,1.2605,1.328
25.0,0.0023184,0.0085295,0.026883,0.075681,0.18134,0.36637,0.61546,0.89159,1.0168,1.095,1.1743
30.0,0.0017527,0.006506,0.020737,0.059082,0.14368,0.29588,0.51392,0.76306,0.8861,0.96342,1.0431
40.0,0.001127,0.0042635,0.01384,0.040417,0.099915,0.21003,0.37835,0.58473,0.69107,0.7606,0.83423
50.0,8.0525E-4,0.0030789,0.010086,0.029896,0.074856,0.15991,0.29733,0.47633,0.57117,0.63548,0.70413
60.0,6.51E-4,0.0025057,0.0082291,0.024505,0.062068,0.1344,0.25365,0.41259,0.49777,0.55602,0.6185
70.0,5.6125E-4,0.0021593,0.0070974,0.021321,0.054425,0.1188,0.2266,0.37525,0.45637,0.51325,0.57493
80.0,5.1036E-4,0.0019759,0.0065268,0.0197,0.050513,0.1109,0.2136,0.35615,0.43462,0.4898,0.54976
90.0,4.7279E-4,0.0018347,0.0060698,0.018391,0.047375,0.10472,0.20267,0.34005,0.41583,0.46892,0.52662
100.0,4.4089E-4,0.0017135,0.0056731,0.017259,0.044713,0.099277,0.19297,0.32564,0.39863,0.45016,0.5063
110.0,4.1253E-4,0.0016062,0.0053248,0.0163,0.042373,0.094644,0.18458,0.31209,0.38251,0.43168,0.48514
120.0,3.8642E-4,0.0015113,0.0050299,0.015446,0.040356,0.090451,0.17649,0.29973,0.36716,0.41482,0.46672
130.0,3.6143E-4,0.0014165,0.0047214,0.014522,0.038061,0.085557,0.16752,0.28547,0.35032,0.39633,0.44653
140.0,3.3752E-4,0.0013239,0.0044137,0.013617,0.035776,0.080686,0.15851,0.27095,0.33322,0.37742,0.42571
150.0,3.1307E-4,0.0012304,0.0041087,0.012729,0.033542,0.076092,0.14999,0.2563,0.31598,0.35901,0.40617
175.0,2.6121E-4,0.0010327,0.0034665,0.010819,0.028787,0.065875,0.13048,0.22469,0.27849,0.31685,0.35898
200.0,2.2205E-4,8.8215E-4,0.0029748,0.009348,0.024996,0.057473,0.11428,0.19742,0.24637,0.28179,0.32089
250.0,1.6524E-4,6.6413E-4,0.0022624,0.0071974,0.019411,0.044537,0.089307,0.15749,0.19718,0.22674,0.25955
300.0,1.2722E-4,5.1796E-4,0.0017859,0.0057159,0.0154,0.035575,0.072859,0.1304,0.16323,0.18704,0.214
350.0,1.0096E-4,4.1361E-4,0.0014343,0.004608,0.012554,0.029202,0.060178,0.10823,0.13616,0.15686,0.17983
400.0,8.1583E-5,3.3622E-4,0.0011691,0.0037764,0.010338,0.024308,0.050244,0.091015,0.11529,0.13314,0.15297
450.0,6.717E-5,2.804E-4,9.9196E-4,0.0032105,0.0087843,0.020521,0.042294,0.076895,0.09782,0.11351,0.13102
500.0,5.5795E-5,2.3538E-4,8.4284E-4,0.0027443,0.0074839,0.01747,0.036101,0.065562,0.083938,0.097603,0.11288
600.0,3.8832E-5,1.6688E-4,6.0952E-4,0.0019973,0.0055145,0.012999,0.026772,0.048387,0.062661,0.073366,0.085488
700.0,2.7897E-5,1.2133E-4,4.5282E-4,0.0015031,0.0041532,0.0097514,0.020219,0.036751,0.047725,0.055986,0.065262
800.0,2.0207E-5,8.9451E-5,3.3865E-4,0.0011327,0.0031725,0.0075519,0.015647,0.028373,0.037114,0.043779,0.051296
1000.0,1.0957E-5,4.9476E-5,1.9262E-4,6.5871E-4,0.0018908,0.0045879,0.0095414,0.017276,0.022798,0.027232,0.032224
1200.0,6.1129E-6,2.8306E-5,1.116E-4,3.8743E-4,0.0011233,0.0027615,0.0058786,0.01091,0.014605,0.017516,0.020849
1500.0,2.6791E-6,1.2409E-5,4.9986E-5,1.7794E-4,5.2958E-4,0.0013295,0.0029158,0.0055139,0.0075063,0.0091777,0.010831
SA0P75
r\m,4.0,4.5,5.0,5.5,6.0,6.5,7.0,7.5,7.8,8.0,8.2
0.0,0.032951,0.090383,0.20693,0.40681,0.68066,1.0134,1.3639,1.6063,1.6779,1.7046,1.7283
1.0,0.025566,0.076172,0.18548,0.38295,0.66517,1.0174,1.3861,1.6303,1.6933,1.7103,1.7194
5.0,0.0081453,0.029929,0.091856,0.23774,0.48714,0.82502,1.1912,1.4482,1.5103,1.5283,1.5375
10.0,0.003645,0.013995,0.046202,0.13284,0.31265,0.60171,0.93094,1.1837,1.2755,1.3193,1.3579
15.0,0.0020592,0.0080713,0.027424,0.082501,0.20682,0.42694,0.70228,0.96366,1.0661,1.12,1.1714
20.0,0.0013324,0.0053172,0.018596,0.057744,0.14989,0.3221,0.55355,0.79564,0.90068,0.96115,1.0168
25.0,9.3441E-4,0.0038068,0.013549,0.043013,0.1147,0.25167,0.44703,0.66957,0.77192,0.83578,0.90028
30.0,7.0742E-4,0.0029079,0.010468,0.033645,0.091041,0.2035,0.37372,0.5734,0.67326,0.7358,0.80001
40.0,4.5613E-4,0.0019118,0.0070138,0.023108,0.063506,0.14474,0.27562,0.44023,0.52598,0.58186,0.64093
50.0,3.2688E-4,0.0013851,0.0051286,0.017144,0.0477,0.11043,0.217,0.35933,0.43529,0.4866,0.54126
60.0,2.6472E-4,0.0011294,0.0041916,0.01407,0.039574,0.092778,0.18509,0.3112,0.37918,0.42546,0.475
70.0,2.2901E-4,9.7651E-4,0.0036268,0.012281,0.034795,0.082155,0.16561,0.28356,0.34834,0.39369,0.4428
80.0,2.0956E-4,9.0008E-4,0.0033619,0.011438,0.032521,0.077187,0.15701,0.27048,0.33336,0.37742,0.42522
90.0,1.9511E-4,8.404E-4,0.0031447,0.010743,0.030681,0.073273,0.14975,0.25945,0.32029,0.36266,0.40861
100.0,1.828E-4,7.8907E-4,0.0029563,0.010142,0.029121,0.069829,0.14325,0.24959,0.30822,0.34942,0.39423
110.0,1.7191E-4,7.4385E-4,0.0027911,0.009633,0.027754,0.066965,0.1378,0.24047,0.29725,0.33667,0.37947
120.0,1.6188E-4,7.0377E-4,0.0026505,0.0091781,0.026589,0.064365,0.13248,0.23214,0.28669,0.32504,0.36675
130.0,1.5206E-4,6.6277E-4,0.0025005,0.0086783,0.025221,0.061215,0.12639,0.22212,0.27476,0.31198,0.35253
140.0,1.4248E-4,6.2189E-4,0.0023483,0.0081757,0.023817,0.057998,0.12009,0.21162,0.26239,0.29825,0.33738
150.0,1.3262E-4,5.8031E-4,0.0021955,0.007675,0.022425,0.054959,0.11416,0.20098,0.24978,0.28475,0.32304
175.0,1.1165E-4,4.9182E-4,0.0018723,0.0066011,0.019493,0.048201,0.1005,0.17808,0.22233,0.2537,0.2881
200.0,9.5704E-5,4.2433E-4,0.0016257,0.0057775,0.01714,0.042555,0.088925,0.15784,0.19839,0.22758,0.2598
250.0,7.2595E-5,3.2658E-4,0.001266,0.0045614,0.01365,0.033687,0.070898,0.12846,0.16223,0.18729,0.21515
300.0,5.6986E-5,2.6037E-4,0.0010235,0.0037126,0.011065,0.027479,0.059078,0.10864,0.13714,0.15776,0.18101
350.0,4.6143E-5,2.1252E-4,8.4102E-4,0.0030668,0.0092558,0.023135,0.05,0.092174,0.11686,0.13506,0.15532
400.0,3.8051E-5,1.766E-4,7.0169E-4,0.0025743,0.007805,0.019741,0.042692,0.079194,0.10099,0.11697,0.1348
450.0,3.2063E-5,1.5088E-4,6.0971E-4,0.002241,0.0067853,0.017022,0.036684,0.06829,0.087392,0.10159,0.11751
500.0,2.7258E-5,1.2972E-4,5.305E-4,0.0019605,0.005906,0.014795,0.031964,0.059402,0.076395,0.088974,0.1031
600.0,2.013E-5,9.7441E-5,4.0623E-4,0.0015096,0.004595,0.011609,0.024895,0.04585,0.059605,0.069905,0.081586
700.0,1.5155E-5,7.4336E-5,3.159E-4,0.0011852,0.0035987,0.009042,0.019499,0.036057,0.046969,0.055157,0.064412
800.0,1.1537E-5,5.7335E-5,2.4672E-4,9.3104E-4,0.002869,0.0073117,0.015714,0.028917,0.037938,0.044776,0.052544
1000.0,6.7952E-6,3.4437E-5,1.5187E-4,5.8362E-4,0.0018412,0.0047761,0.010281,0.018873,0.024996,0.029788,0.035257
1200.0,4.2173E-6,2.1713E-5,9.6734E-5,3.7658E-4,0.0011927,0.0031132,0.0068394,0.012817,0.017128,0.020481,0.024339
1500.0,2.1018E-6,1.0869E-5,4.9222E-5,1.9529E-4,6.314E-4,0.0016825,0.0037893,0.0072223,0.0097844,0.011856,0.014061
SA1P0
r\m,4.0,4.5,5.0,5.5,6.0,6.5,7.0,7.5,7.8,8.0,8.2
0.0,0.016725,0.047988,0.11733,0.24914,0.45065,0.72038,1.0282,1.2645,1.3456,1.3806,1.4123
1.0,0.012986,0.040501,0.10538,0.23502,0.44107,0.72392,1.0457,1.2842,1.3587,1.3857,1.4052
5.0,0.0041197,0.015852,0.052079,0.14589,0.32361,0.5884,0.90064,1.143,1.2134,1.2394,1.257
10.0,0.0018439,0.0074115,0.026189,0.081517,0.20814,0.43095,0.70567,0.93503,1.0257,1.071,1.1113
15.0,0.0010429,0.0042778,0.015554,0.050656,0.13781,0.30606,0.53297,0.76193,0.85759,0.90917,0.95829
20.0,6.7538E-4,0.0028208,0.010563,0.035518,0.099987,0.23106,0.42039,0.62964,0.72497,0.78062,0.83217
25.0,4.7379E-4,0.0020212,0.0077061,0.026498,0.076644,0.18073,0.33977,0.53007,0.62152,0.67916,0.73731
30.0,3.5898E-4,0.0015452,0.0059597,0.02075,0.060894,0.14623,0.28423,0.4541,0.54235,0.59813,0.65535
40.0,2.3181E-4,0.0010177,0.0040015,0.014283,0.042551,0.10412,0.20983,0.349,0.42411,0.47343,0.52553
50.0,1.664E-4,7.3868E-4,0.0029314,0.010615,0.032006,0.079533,0.16538,0.28518,0.35124,0.39613,0.44396
60.0,1.3489E-4,6.0298E-4,0.0023985,0.0087184,0.026566,0.066819,0.14107,0.24699,0.30592,0.34627,0.38946
70.0,1.1692E-4,5.2232E-4,0.002079,0.0076236,0.023393,0.059229,0.12633,0.22529,0.28136,0.32083,0.36361
80.0,1.0734E-4,4.833E-4,0.0019354,0.0071303,0.021947,0.05584,0.12014,0.21548,0.26995,0.30832,0.34996
90.0,1.0021E-4,4.526E-4,0.001816,0.00672,0.020772,0.053162,0.1149,0.2072,0.25995,0.29684,0.33686
100.0,9.412E-5,4.2619E-4,0.0017126,0.0063643,0.019777,0.050807,0.1102,0.19982,0.25068,0.28657,0.32562
110.0,8.8752E-5,4.0299E-4,0.0016221,0.0060636,0.018906,0.048879,0.10633,0.19306,0.2424,0.27681,0.31419
120.0,8.3809E-5,3.8241E-4,0.0015448,0.0057945,0.018172,0.047128,0.10252,0.18689,0.23439,0.26792,0.30439
130.0,7.891E-5,3.6107E-4,0.0014614,0.005496,0.01729,0.044955,0.098092,0.17926,0.22518,0.25778,0.29333
140.0,7.4072E-5,3.3953E-4,0.0013759,0.0051911,0.01637,0.0427,0.093406,0.17114,0.2155,0.24695,0.28129
150.0,6.9081E-5,3.1752E-4,0.0012894,0.0048846,0.015449,0.04057,0.089019,0.16289,0.20556,0.23623,0.26984
175.0,5.8434E-5,2.7054E-4,0.0011062,0.0042287,0.013524,0.035834,0.07887,0.14516,0.18395,0.21154,0.24183
200.0,5.0317E-5,2.3469E-4,9.6671E-4,0.0037274,0.011974,0.031843,0.07018,0.12928,0.16491,0.19065,0.2191
250.0,3.8564E-5,1.8281E-4,7.6262E-4,0.0029839,0.009669,0.025505,0.05657,0.10637,0.13644,0.15881,0.18377
300.0,3.0591E-5,1.4751E-4,6.2474E-4,0.0024618,0.0079316,0.021046,0.04769,0.090994,0.11665,0.1353,0.1563
350.0,2.5043E-5,1.2185E-4,5.1987E-4,0.0020613,0.0067307,0.01797,0.040906,0.078142,0.10057,0.11715,0.13567
400.0,2.0879E-5,1.0249E-4,4.3938E-4,0.0017536,0.0057513,0.015546,0.035365,0.06794,0.087896,0.10259,0.11905
450.0,1.7816E-5,8.8732E-5,3.8688E-4,0.0015469,0.0050645,0.013565,0.030738,0.059254,0.076891,0.090017,0.10478
500.0,1.534E-5,7.7304E-5,3.4111E-4,0.0013711,0.0044617,0.011929,0.027095,0.052121,0.067909,0.079637,0.092856
600.0,1.1704E-5,5.997E-5,2.6975E-4,0.00109,0.0035801,0.0096452,0.021694,0.041255,0.054313,0.06414,0.075315
700.0,9.043E-6,4.7005E-5,2.1527E-4,8.7679E-4,0.0028673,0.0076756,0.017348,0.03309,0.043631,0.051572,0.0606
800.0,7.0788E-6,3.7192E-5,1.7234E-4,7.0539E-4,0.0023432,0.006364,0.014312,0.027125,0.036015,0.04277,0.050492
1000.0,4.3689E-6,2.3417E-5,1.1103E-4,4.619E-4,0.0015699,0.0043367,0.0097546,0.018429,0.024709,0.029577,0.035189
1200.0,2.8814E-6,1.5609E-5,7.4694E-5,3.1448E-4,0.0010695,0.0029612,0.0067869,0.013059,0.017609,0.021142,0.025227
1500.0,1.5448E-6,8.4341E-6,4.0927E-5,1.751E-4,6.0604E-4,0.0017133,0.0040146,0.0078477,0.010708,0.012978,0.015519
SA1P5
r\m,4.0,4.5,5.0,5.5,6.0,6.5,7.0,7.5,7.8,8.0,8.2
0.0,0.0063988,0.018973,0.049591,0.1154,0.23175,0.41184,0.64717,0.86085,0.95054,0.99567,1.0376
1.0,0.0049719,0.016037,0.044626,0.10909,0.22718,0.41426,0.65866,0.87483,0.96028,0.99975,1.0326
5.0,0.0015705,0.0062523,0.02201,0.067719,0.167,0.33753,0.56863,0.78028,0.85876,0.89501,0.92402
10.0,7.0311E-4,0.002923,0.011066,0.037842,0.10766,0.24831,0.44676,0.63893,0.72665,0.77435,0.81777
15.0,3.9812E-4,0.0016886,0.006577,0.023531,0.071352,0.17653,0.33787,0.52117,0.60781,0.65735,0.70502
20.0,2.5808E-4,0.0011147,0.0044741,0.016531,0.051836,0.13338,0.26671,0.43111,0.5142,0.56473,0.61251
25.0,1.8112E-4,7.9944E-4,0.0032685,0.012354,0.039808,0.10444,0.21576,0.3631,0.441,0.49163,0.54312
30.0,1.3735E-4,6.1174E-4,0.0025305,0.009686,0.031662,0.084575,0.18063,0.31119,0.38505,0.43317,0.48291
40.0,8.8847E-5,4.037E-4,0.0017031,0.0066835,0.022168,0.060302,0.13351,0.23947,0.30143,0.34322,0.38766
50.0,6.3893E-5,2.9362E-4,0.0012503,0.0049768,0.016703,0.046125,0.10535,0.19593,0.24987,0.28738,0.32764
60.0,5.1858E-5,2.4001E-4,0.0010243,0.004092,0.013873,0.038759,0.08989,0.16973,0.21763,0.25118,0.28734
70.0,4.5039E-5,2.0833E-4,8.8968E-4,0.0035855,0.012238,0.034398,0.080588,0.155,0.20041,0.23307,0.26872
80.0,4.1496E-5,1.9355E-4,8.3199E-4,0.0033688,0.011528,0.03255,0.076892,0.14867,0.19282,0.22455,0.25925
90.0,3.8847E-5,1.8184E-4,7.8334E-4,0.0031864,0.010949,0.031087,0.073762,0.14335,0.18612,0.21665,0.25001
100.0,3.6586E-5,1.7176E-4,7.4123E-4,0.0030283,0.010459,0.029801,0.070939,0.1386,0.17988,0.20959,0.24214
110.0,3.4598E-5,1.6294E-4,7.045E-4,0.0028949,0.010032,0.02877,0.068672,0.13432,0.17443,0.203,0.23424
120.0,3.2769E-5,1.5511E-4,6.7301E-4,0.0027754,0.0096766,0.027832,0.066421,0.13041,0.16913,0.197,0.22753
130.0,3.093E-5,1.4686E-4,6.3858E-4,0.0026412,0.009238,0.026634,0.063741,0.12542,0.16289,0.19003,0.21983
140.0,2.909E-5,1.3843E-4,6.0286E-4,0.0025018,0.008771,0.025367,0.060844,0.12,0.15625,0.18245,0.21127
150.0,2.7186E-5,1.2976E-4,5.6645E-4,0.0023601,0.0082987,0.024171,0.058144,0.11448,0.14937,0.1749,0.20308
175.0,2.3116E-5,1.112E-4,4.8909E-4,0.0020578,0.0073203,0.021514,0.051875,0.10266,0.13444,0.15747,0.18294
200.0,2.0001E-5,9.7033E-5,4.3041E-4,0.0018279,0.0065298,0.019253,0.046439,0.091895,0.12112,0.14263,0.16658
250.0,1.5499E-5,7.6565E-5,3.4434E-4,0.0014853,0.0053529,0.015619,0.03788,0.076497,0.10146,0.12036,0.14162
300.0,1.2433E-5,6.2584E-5,2.8612E-4,0.0012436,0.0044484,0.013051,0.032337,0.066254,0.087805,0.10378,0.12185
350.0,1.0297E-5,5.2367E-5,2.4136E-4,0.0010567,0.0038339,0.011313,0.02814,0.057637,0.076655,0.090944,0.10706
400.0,8.685E-6,4.4616E-5,2.0686E-4,9.1216E-4,0.0033235,0.009934,0.024657,0.050755,0.067806,0.080593,0.095057
450.0,7.5107E-6,3.9184E-5,1.8477E-4,8.163E-4,0.0029676,0.0087808,0.021699,0.044811,0.060014,0.071493,0.084525
500.0,6.5544E-6,3.4626E-5,1.6526E-4,7.3388E-4,0.0026491,0.00782,0.019369,0.039895,0.053592,0.063938,0.075717
600.0,5.1779E-6,2.7807E-5,1.3532E-4,6.0402E-4,0.0021985,0.0065341,0.015981,0.032449,0.044024,0.052892,0.063068
700.0,4.113E-6,2.2442E-5,1.1109E-4,4.9903E-4,0.0018047,0.0053239,0.013074,0.026593,0.036114,0.043408,0.051799
800.0,3.318E-6,1.8256E-5,9.1377E-5,4.1216E-4,0.0015156,0.0045377,0.011068,0.022329,0.030526,0.036849,0.044167
1000.0,2.1541E-6,1.2102E-5,6.1896E-5,2.8326E-4,0.0010651,0.003241,0.0078926,0.015857,0.021897,0.026588,0.032087
1200.0,1.5178E-6,8.5711E-6,4.4215E-5,2.0463E-4,7.6719E-4,0.00233,0.0057715,0.011778,0.016297,0.019839,0.023982
1500.0,8.8081E-7,5.0367E-6,2.6287E-5,1.2329E-4,4.6899E-4,0.001455,0.003673,0.0076063,0.010625,0.012999,0.015823
SA2P0
r\m,4.0,4.5,5.0,5.5,6.0,6.5,7.0,7.5,7.8,8.0,8.2
0.0,0.0032671,0.0097644,0.026352,0.064625,0.13871,0.26522,0.44784,0.63461,0.72337,0.77186,0.81794
1.0,0.0025395,0.0082593,0.023738,0.061153,0.13607,0.26691,0.45596,0.64512,0.73097,0.77517,0.81404
5.0,8.0042E-4,0.0032139,0.011696,0.037966,0.10013,0.21775,0.39411,0.57602,0.65416,0.69432,0.72864
10.0,3.5843E-4,0.0015026,0.0058808,0.021218,0.064631,0.16056,0.31011,0.47194,0.55386,0.60111,0.64525
15.0,2.0308E-4,8.685E-4,0.0034967,0.0132,0.042862,0.11422,0.2347,0.38519,0.4634,0.51032,0.55624
20.0,1.3172E-4,5.7367E-4,0.0023808,0.0092829,0.031161,0.086344,0.18536,0.31881,0.39221,0.43858,0.4834
25.0,9.247E-5,4.1164E-4,0.0017407,0.0069439,0.023955,0.067657,0.15003,0.26859,0.33646,0.38195,0.42883
30.0,7.0158E-5,3.1516E-4,0.0013484,0.0054481,0.019065,0.054813,0.12566,0.23026,0.29388,0.33663,0.38137
40.0,4.5426E-5,2.0823E-4,9.0879E-4,0.0037646,0.013364,0.039114,0.092949,0.17732,0.23022,0.2669,0.30635
50.0,3.2701E-5,1.5162E-4,6.6797E-4,0.0028065,0.01008,0.029944,0.073404,0.1452,0.19094,0.22358,0.25901
60.0,2.6561E-5,1.2404E-4,5.477E-4,0.0023091,0.0083763,0.025169,0.062647,0.12581,0.16633,0.19542,0.22714
70.0,2.3094E-5,1.0779E-4,4.7627E-4,0.0020257,0.0073969,0.022354,0.056202,0.11498,0.15328,0.18148,0.21262
80.0,2.1317E-5,1.0036E-4,4.4646E-4,0.0019079,0.006983,0.021196,0.053721,0.11046,0.14769,0.17509,0.2054
90.0,1.9987E-5,9.4453E-5,4.2113E-4,0.0018082,0.0066449,0.020278,0.051619,0.10666,0.14275,0.16913,0.19827
100.0,1.885E-5,8.9368E-5,3.9923E-4,0.0017218,0.0063592,0.019472,0.049719,0.10327,0.13813,0.16381,0.19225
110.0,1.7854E-5,8.4925E-5,3.8016E-4,0.0016489,0.0061109,0.018834,0.048216,0.10024,0.13415,0.15888,0.18622
120.0,1.6937E-5,8.0985E-5,3.6378E-4,0.0015837,0.0059055,0.018253,0.046714,0.097479,0.13026,0.1544,0.18114
130.0,1.6007E-5,7.6794E-5,3.4573E-4,0.0015099,0.0056481,0.017498,0.044903,0.093881,0.12563,0.14915,0.17525
140.0,1.5072E-5,7.2476E-5,3.2688E-4,0.0014324,0.0053709,0.016691,0.04292,0.089938,0.12066,0.14337,0.16863
150.0,1.4101E-5,6.8026E-5,3.0758E-4,0.0013532,0.0050889,0.015929,0.041076,0.085909,0.11549,0.1376,0.16227
175.0,1.2023E-5,5.8483E-5,2.6651E-4,0.0011845,0.0045077,0.014238,0.036786,0.077296,0.10426,0.12425,0.14659
200.0,1.0431E-5,5.1193E-5,2.3543E-4,0.0010565,0.0040374,0.01279,0.03304,0.069388,0.094191,0.11284,0.13384
250.0,8.1309E-6,4.0676E-5,1.8978E-4,8.6555E-4,0.0033368,0.010448,0.027125,0.058127,0.079432,0.095876,0.11459
300.0,6.5613E-6,3.348E-5,1.5891E-4,7.3051E-4,0.0027927,0.0087904,0.023314,0.050679,0.069186,0.083207,0.099211
350.0,5.4674E-6,2.8207E-5,1.3503E-4,6.2564E-4,0.0024271,0.0076821,0.020446,0.044394,0.060803,0.073383,0.087734
400.0,4.6401E-6,2.4198E-5,1.166E-4,5.4431E-4,0.0021204,0.0067999,0.018045,0.039361,0.054131,0.065442,0.078384
450.0,4.041E-6,2.1414E-5,1.0495E-4,4.909E-4,0.0019077,0.0060526,0.015986,0.03498,0.04821,0.058392,0.07008
500.0,3.5516E-6,1.9066E-5,9.4599E-5,4.4472E-4,0.0017151,0.0054274,0.014367,0.031344,0.043306,0.052524,0.063136
600.0,2.8574E-6,1.5595E-5,7.8911E-5,3.7291E-4,0.0014493,0.0046156,0.012047,0.025868,0.036085,0.044073,0.053337
700.0,2.3032E-6,1.2783E-5,6.5767E-5,3.1257E-4,0.0012057,0.0038091,0.0099767,0.021447,0.029935,0.036569,0.044291
800.0,1.8878E-6,1.0554E-5,5.4893E-5,2.6184E-4,0.0010276,0.0032955,0.0085647,0.018242,0.025628,0.031433,0.038233
1000.0,1.2589E-6,7.1918E-6,3.8202E-5,1.8475E-4,7.4119E-4,0.0024148,0.0062595,0.013269,0.018829,0.023204,0.028402
1200.0,9.1878E-7,5.2612E-6,2.8183E-5,1.3779E-4,5.5024E-4,0.0017851,0.0047023,0.01011,0.014346,0.017719,0.021711
1500.0,5.5612E-7,3.2338E-6,1.7509E-5,8.6643E-5,3.505E-4,0.0011619,0.0031141,0.0067888,0.009713,0.012028,0.014878
SA3P0
r\m,4.0,4.5,5.0,5.5,6.0,6.5,7.0,7.5,7.8,8.0,8.2
0.0,0.0012959,0.0038642,0.010746,0.027959,0.065134,0.13713,0.25594,0.3982,0.47686,0.52408,0.5706
1.0,0.0010077,0.0032711,0.0096895,0.026485,0.063947,0.13807,0.26068,0.40493,0.48199,0.52643,0.56792
5.0,3.1696E-4,0.0012705,0.0047701,0.016446,0.04711,0.1128,0.22562,0.36198,0.43169,0.4718,0.5085
10.0,1.4198E-4,5.9411E-4,0.0023987,0.0091935,0.03045,0.083379,0.17781,0.29678,0.36576,0.40878,0.45062
15.0,8.0502E-5,3.4361E-4,0.001427,0.0057224,0.020209,0.059355,0.13469,0.2424,0.30613,0.3471,0.38848
20.0,5.2248E-5,2.2712E-4,9.7266E-4,0.0040291,0.014705,0.044899,0.10644,0.20076,0.25924,0.29844,0.33773
25.0,3.6692E-5,1.6308E-4,7.1178E-4,0.0030171,0.011317,0.035209,0.086208,0.1692,0.22248,0.26002,0.29977
30.0,2.7855E-5,1.2494E-4,5.5178E-4,0.0023692,0.009014,0.028542,0.072245,0.14511,0.1944,0.22925,0.26668
40.0,1.8056E-5,8.2655E-5,3.7246E-4,0.0016398,0.0063274,0.020389,0.053492,0.11186,0.15242,0.18192,0.21439
50.0,1.3014E-5,6.0267E-5,2.7415E-4,0.0012242,0.0047784,0.015626,0.042286,0.091683,0.12652,0.15249,0.18135
60.0,1.0579E-5,4.9352E-5,2.2503E-4,0.0010081,0.0039738,0.013141,0.036106,0.079474,0.11024,0.13331,0.15906
70.0,9.2104E-6,4.2946E-5,1.9594E-4,8.8562E-4,0.0035136,0.011683,0.032421,0.072699,0.10168,0.12392,0.14905
80.0,8.5185E-6,4.0079E-5,1.8416E-4,8.3634E-4,0.0033249,0.011102,0.031051,0.069958,0.098138,0.11974,0.14419
90.0,8.0001E-6,3.779E-5,1.7406E-4,7.9433E-4,0.0031706,0.010642,0.02989,0.067661,0.094994,0.11581,0.13935
100.0,7.557E-6,3.5821E-5,1.6534E-4,7.5795E-4,0.0030405,0.010238,0.028839,0.065619,0.092044,0.11232,0.13528
110.0,7.1693E-6,3.4105E-5,1.5776E-4,7.2734E-4,0.0029277,0.0099227,0.028021,0.063807,0.089542,0.10911,0.13123
120.0,6.8127E-6,3.2583E-5,1.5125E-4,6.9993E-4,0.0028351,0.0096361,0.027199,0.062155,0.087084,0.1062,0.12784
130.0,6.4482E-6,3.0948E-5,1.44E-4,6.6864E-4,0.002717,0.009255,0.026192,0.059955,0.084115,0.10274,0.12388
140.0,6.0785E-6,2.9249E-5,1.3638E-4,6.3544E-4,0.0025881,0.0088431,0.025072,0.057515,0.080893,0.098887,0.11934
150.0,5.6941E-6,2.7492E-5,1.2853E-4,6.0123E-4,0.0024561,0.0084539,0.024035,0.055016,0.077531,0.095024,0.11498
175.0,4.87E-6,2.3718E-5,1.118E-4,5.2854E-4,0.0021856,0.007591,0.021614,0.049682,0.070233,0.086082,0.10419
200.0,4.2371E-6,2.0834E-5,9.9169E-5,4.736E-4,0.0019663,0.0068476,0.019484,0.044738,0.063637,0.078409,0.095402
250.0,3.3239E-6,1.6679E-5,8.0602E-5,3.9143E-4,0.0016396,0.005637,0.01611,0.037736,0.054052,0.067111,0.082307
300.0,2.6994E-6,1.383E-5,6.8047E-5,3.3321E-4,0.0013829,0.0047782,0.013949,0.033137,0.047408,0.058644,0.071729
350.0,2.264E-6,1.1738E-5,5.8279E-5,2.8781E-4,0.0012127,0.0042123,0.012334,0.029243,0.04196,0.052073,0.063866
400.0,1.9339E-6,1.0143E-5,5.0728E-5,2.5251E-4,0.0010683,0.0037606,0.010971,0.026117,0.037612,0.04675,0.057439
450.0,1.6967E-6,9.048E-6,4.6035E-5,2.2962E-4,9.6889E-4,0.0033725,0.0097889,0.023372,0.033721,0.041972,0.051651
500.0,1.5023E-6,8.1203E-6,4.1832E-5,2.0973E-4,8.7774E-4,0.0030464,0.0088608,0.021088,0.03048,0.037985,0.046813
600.0,1.2317E-6,6.77E-6,3.5582E-5,1.7935E-4,7.5607E-4,0.0026395,0.0075577,0.017672,0.025781,0.032352,0.040136
700.0,1.008E-6,5.6404E-6,3.0133E-5,1.5265E-4,6.3803E-4,0.0022083,0.0063415,0.014833,0.021643,0.027157,0.033717
800.0,8.3996E-7,4.7298E-6,2.554E-5,1.2982E-4,5.5239E-4,0.0019411,0.0055251,0.01279,0.018779,0.023651,0.029484
1000.0,5.7605E-7,3.3176E-6,1.8289E-5,9.4185E-5,4.0959E-4,0.0014615,0.0041448,0.0095415,0.01415,0.017883,0.022421
1200.0,4.36E-7,2.5103E-6,1.3956E-5,7.2646E-5,3.1389E-4,0.0011128,0.0032035,0.0074677,0.01105,0.013993,0.017548
1500.0,2.7567E-7,1.617E-6,9.0788E-6,4.7783E-5,2.0883E-4,7.568E-4,0.0022126,0.0052256,0.007785,0.0098571,0.012514
SA4P0
r\m,4.0,4.5,5.0,5.5,6.0,6.5,7.0,7.5,7.8,8.0,8.2
0.0,6.8463E-4,0.0020262,0.0057128,0.015377,0.03769,0.084491,0.16884,0.28077,0.34875,0.39196,0.4357
1.0,5.3245E-4,0.0017158,0.0051538,0.014574,0.037018,0.085093,0.17199,0.28557,0.35255,0.39376,0.43368
5.0,1.6732E-4,6.6589E-4,0.0025363,0.0090514,0.027289,0.069569,0.14897,0.25544,0.31591,0.35302,0.38839
10.0,7.4965E-5,3.1142E-4,0.0012756,0.005061,0.017652,0.051493,0.11751,0.20952,0.26777,0.306,0.34432
15.0,4.2524E-5,1.8018E-4,7.5916E-4,0.0031514,0.011721,0.036673,0.089055,0.1712,0.22418,0.25987,0.29686
20.0,2.761E-5,1.1915E-4,5.1775E-4,0.0022204,0.0085327,0.027752,0.070403,0.14185,0.1899,0.22351,0.25815
25.0,1.9394E-5,8.5586E-5,3.7908E-4,0.0016637,0.0065713,0.021773,0.057046,0.11959,0.16301,0.19479,0.22921
30.0,1.4728E-5,6.5593E-5,2.9399E-4,0.001307,0.0052365,0.017657,0.047824,0.10259,0.14249,0.17179,0.20395
40.0,9.5536E-6,4.3431E-5,1.9864E-4,9.0556E-4,0.003679,0.012622,0.035433,0.07913,0.11178,0.13639,0.16405
50.0,6.8905E-6,3.1692E-5,1.4634E-4,6.7659E-4,0.0027806,0.0096808,0.028028,0.064897,0.092828,0.11437,0.13881
60.0,5.6047E-6,2.5969E-5,1.2019E-4,5.5753E-4,0.0023136,0.0081441,0.023942,0.056275,0.080909,0.10001,0.12178
70.0,4.883E-6,2.2616E-5,1.0474E-4,4.902E-4,0.0020473,0.0072453,0.02151,0.051508,0.074672,0.093029,0.11418
80.0,4.521E-6,2.1133E-5,9.8583E-5,4.6359E-4,0.0019399,0.0068934,0.020624,0.049614,0.072134,0.089969,0.11055
90.0,4.2498E-6,1.9947E-5,9.3283E-5,4.4084E-4,0.0018521,0.006615,0.019874,0.048029,0.069882,0.087081,0.10691
100.0,4.0179E-6,1.8926E-5,8.8709E-5,4.2114E-4,0.0017781,0.0063708,0.019194,0.046622,0.067765,0.084514,0.10386
110.0,3.8152E-6,1.8038E-5,8.4739E-5,4.0458E-4,0.001714,0.0061818,0.01867,0.045379,0.065983,0.082172,0.10084
120.0,3.6288E-6,1.7251E-5,8.1322E-5,3.8976E-4,0.0016618,0.0060099,0.018141,0.044247,0.064229,0.080045,0.098312
130.0,3.4374E-6,1.64E-5,7.7503E-5,3.7275E-4,0.0015944,0.0057785,0.017487,0.042719,0.062091,0.077502,0.095343
140.0,3.2425E-6,1.5512E-5,7.3468E-5,3.5459E-4,0.0015202,0.0055265,0.016753,0.041012,0.059759,0.074654,0.091919
150.0,3.0395E-6,1.4592E-5,6.93E-5,3.358E-4,0.001444,0.0052885,0.016075,0.039261,0.057318,0.071789,0.088621
175.0,2.6041E-6,1.2614E-5,6.0414E-5,2.9591E-4,0.0012882,0.0047608,0.014489,0.035527,0.052021,0.06515,0.080438
200.0,2.2693E-6,1.1101E-5,5.3711E-5,2.6582E-4,0.0011618,0.0043046,0.013088,0.032049,0.047215,0.05944,0.073775
250.0,1.7864E-6,8.9237E-6,4.3852E-5,2.2076E-4,9.7352E-4,0.0035587,0.010865,0.027136,0.040261,0.051079,0.063909
300.0,1.4557E-6,7.4293E-6,3.7187E-5,1.8881E-4,8.2459E-4,0.003029,0.0094457,0.023921,0.035445,0.044801,0.055893
350.0,1.2252E-6,6.3301E-6,3.1985E-5,1.6384E-4,7.2663E-4,0.0026829,0.0083895,0.021195,0.031492,0.039926,0.049949
400.0,1.0502E-6,5.4918E-6,2.796E-5,1.4439E-4,6.4299E-4,0.0024063,0.0074935,0.019003,0.028332,0.035973,0.04508
450.0,9.2492E-7,4.9195E-6,2.5484E-5,1.3189E-4,5.8569E-4,0.0021667,0.0067119,0.01707,0.025491,0.032403,0.040662
500.0,8.2212E-7,4.4335E-6,2.3257E-5,1.2098E-4,5.3277E-4,0.0019649,0.0060991,0.015458,0.023118,0.02942,0.036971
600.0,6.8062E-7,3.7331E-6,1.9985E-5,1.0454E-4,4.6357E-4,0.0017193,0.0052491,0.013059,0.019709,0.025254,0.031943
700.0,5.6139E-7,3.1367E-6,1.7067E-5,8.9699E-5,3.9418E-4,0.0014489,0.0044352,0.011033,0.016649,0.021328,0.026998
800.0,4.7181E-7,2.6517E-6,1.4583E-5,7.6892E-5,3.4411E-4,0.0012843,0.0038945,0.0095819,0.014548,0.018702,0.023768
1000.0,3.2827E-7,1.8881E-6,1.06E-5,5.661E-5,2.589E-4,9.81E-4,0.0029619,0.0072436,0.011108,0.01432,0.018295
1200.0,2.5313E-7,1.4537E-6,8.2307E-6,4.4432E-5,2.0173E-4,7.585E-4,0.0023236,0.005749,0.0087861,0.011347,0.014495
1500.0,1.6365E-7,9.5917E-7,5.4834E-6,2.9916E-5,1.3728E-4,5.2777E-4,0.0016404,0.0041098,0.0063185,0.008148,0.010551
SA5P0
r\m,4.0,4.5,5.0,5.5,6.0,6.5,7.0,7.5,7.8,8.0,8.2
0.0,4.1874E-4,0.0012293,0.0034936,0.0096245,0.024466,0.057446,0.12088,0.2117,0.2707,0.30977,0.35019
1.0,3.257E-4,0.0010413,0.0031527,0.0091251,0.024035,0.057865,0.12316,0.21534,0.27368,0.31122,0.34858
5.0,1.023E-4,4.0393E-4,0.0015513,0.005668,0.017726,0.047332,0.10672,0.1927,0.24531,0.27909,0.31223
10.0,4.584E-5,1.8894E-4,7.8031E-4,0.0031698,0.011472,0.035063,0.08423,0.15811,0.20799,0.24199,0.27688
15.0,2.601E-5,1.0935E-4,4.6451E-4,0.0019743,0.0076198,0.02498,0.063859,0.12923,0.17417,0.20554,0.23874
20.0,1.6892E-5,7.233E-5,3.1693E-4,0.0013917,0.0055494,0.01891,0.050499,0.10711,0.14758,0.17682,0.20765
25.0,1.1868E-5,5.1969E-5,2.3213E-4,0.0010432,0.0042756,0.014841,0.04093,0.09032,0.1267,0.15414,0.18442
30.0,9.015E-6,3.984E-5,1.8008E-4,8.1986E-4,0.0034083,0.012039,0.034323,0.077498,0.11077,0.13596,0.16412
40.0,5.8505E-6,2.6394E-5,1.2176E-4,5.6842E-4,0.0023961,0.0086104,0.025442,0.059803,0.086939,0.10799,0.13206
50.0,4.2217E-6,1.9271E-5,8.975E-5,4.2495E-4,0.001812,0.0066073,0.020135,0.04907,0.072226,0.090588,0.11178
60.0,3.4353E-6,1.5798E-5,7.3752E-5,3.5034E-4,0.0015083,0.0055604,0.017205,0.042563,0.062968,0.079231,0.098079
70.0,2.9945E-6,1.3766E-5,6.4309E-5,3.0821E-4,0.0013354,0.0049491,0.015465,0.038974,0.058139,0.07373,0.092006
80.0,2.7744E-6,1.2874E-5,6.0583E-5,2.9176E-4,0.0012665,0.0047126,0.014839,0.037566,0.056198,0.071346,0.089128
90.0,2.6095E-6,1.216E-5,5.7369E-5,2.7766E-4,0.0012101,0.0045257,0.014309,0.036389,0.054474,0.069092,0.086231
100.0,2.4686E-6,1.1545E-5,5.4597E-5,2.6546E-4,0.0011627,0.0043618,0.013829,0.035345,0.052852,0.067089,0.083812
110.0,2.3455E-6,1.1011E-5,5.2193E-5,2.5522E-4,0.0011217,0.0042356,0.013461,0.034425,0.051495,0.065268,0.08142
120.0,2.2322E-6,1.0538E-5,5.0123E-5,2.4605E-4,0.0010883,0.0041209,0.013089,0.033588,0.050155,0.063615,0.079423
130.0,2.1156E-6,1.0024E-5,4.7801E-5,2.3548E-4,0.0010449,0.0039651,0.012625,0.032447,0.048513,0.061628,0.077066
140.0,1.9965E-6,9.4867E-6,4.534E-5,2.2416E-4,9.9698E-4,0.0037946,0.012103,0.031167,0.046715,0.059393,0.074335
150.0,1.8725E-6,8.9289E-6,4.2794E-5,2.1241E-4,9.4758E-4,0.0036336,0.01162,0.029852,0.04483,0.057141,0.071701
175.0,1.606E-6,7.7283E-6,3.7361E-5,1.8748E-4,8.468E-4,0.0032765,0.01049,0.027051,0.040738,0.051919,0.065154
200.0,1.4011E-6,6.8104E-6,3.3266E-5,1.6869E-4,7.6498E-4,0.0029672,0.0094887,0.024431,0.037017,0.047421,0.059822
250.0,1.1054E-6,5.4891E-6,2.724E-5,1.4055E-4,6.4305E-4,0.0024601,0.0078977,0.020739,0.031647,0.040857,0.051959
300.0,9.0282E-7,4.5819E-6,2.3168E-5,1.2057E-4,5.4622E-4,0.0020996,0.0068845,0.018329,0.02793,0.035922,0.045547
350.0,7.6156E-7,3.9139E-6,1.9982E-5,1.0494E-4,4.8284E-4,0.0018654,0.0061323,0.016282,0.024876,0.032089,0.040799
400.0,6.5421E-7,3.4041E-6,1.7516E-5,9.2754E-5,4.2851E-4,0.001678,0.0054922,0.014635,0.022433,0.028979,0.036905
450.0,5.7759E-7,3.0576E-6,1.6009E-5,8.4964E-5,3.9141E-4,0.0015149,0.0049317,0.013178,0.020229,0.026158,0.033354
500.0,5.1465E-7,2.7629E-6,1.465E-5,7.8156E-5,3.5699E-4,0.0013774,0.0044926,0.011962,0.018385,0.0238,0.030388
600.0,4.2865E-7,2.3409E-6,1.267E-5,6.7972E-5,3.1261E-4,0.0012127,0.0038886,0.010157,0.015752,0.02053,0.026383
700.0,3.5529E-7,1.9774E-6,1.0878E-5,5.8626E-5,2.6711E-4,0.0010268,0.0033003,0.0086172,0.01336,0.017406,0.022384
800.0,3.0018E-7,1.6801E-6,9.3415E-6,5.0508E-5,2.3441E-4,9.1494E-4,0.0029122,0.0075176,0.011725,0.015328,0.01979
1000.0,2.1073E-7,1.2075E-6,6.8541E-6,3.7531E-5,1.7799E-4,7.0524E-4,0.0022342,0.0057306,0.0090269,0.011829,0.015349
1200.0,1.6436E-7,9.3971E-7,5.38E-6,2.9779E-5,1.4013E-4,5.5056E-4,0.001769,0.004588,0.0071976,0.009447,0.012253
1500.0,1.0772E-7,6.2931E-7,3.6374E-6,2.0343E-5,9.6714E-5,3.8857E-4,0.001266,0.0033236,0.0052424,0.0068646,0.0090331
SA7P5
r\m,4.0,4.5,5.0,5.5,6.0,6.5,7.0,7.5,7.8,8.0,8.2
0.0,1.7091E-4,4.9275E-4,0.0014141,0.0040431,0.010929,0.027809,0.064145,0.12345,0.16664,0.1973,0.23033
1.0,1.3296E-4,4.1751E-4,0.0012766,0.003835,0.01074,0.028018,0.065366,0.1256,0.1685,0.19824,0.22928
5.0,4.1736E-5,1.6188E-4,6.2811E-4,0.0023829,0.0079263,0.022936,0.056684,0.11247,0.15111,0.17785,0.20543
10.0,1.8708E-5,7.5741E-5,3.1604E-4,0.0013331,0.0051342,0.017012,0.044778,0.09233,0.12819,0.15429,0.18227
15.0,1.062E-5,4.3855E-5,1.8823E-4,8.3076E-4,0.003412,0.012127,0.033969,0.075506,0.10738,0.13109,0.15719
20.0,6.9004E-6,2.9024E-5,1.2851E-4,5.8602E-4,0.0024865,0.0091845,0.026876,0.062611,0.091027,0.11282,0.13677
25.0,4.8496E-6,2.0863E-5,9.418E-5,4.3958E-4,0.0019171,0.0072124,0.021795,0.052817,0.078181,0.098383,0.12152
30.0,3.6854E-6,1.6002E-5,7.3102E-5,3.4567E-4,0.0015291,0.0058536,0.018285,0.045337,0.068378,0.08681,0.10818
40.0,2.3936E-6,1.0611E-5,4.9479E-5,2.3993E-4,0.0010761,0.0041906,0.013566,0.035015,0.053706,0.069,0.087108
50.0,1.7286E-6,7.7547E-6,3.6509E-5,1.7956E-4,8.1461E-4,0.0032187,0.010745,0.028754,0.044649,0.05792,0.073773
60.0,1.4076E-6,6.3622E-6,3.0027E-5,1.4815E-4,6.7862E-4,0.0027106,0.0091879,0.024956,0.038946,0.050682,0.064757
70.0,1.228E-6,5.5487E-6,2.6207E-5,1.3047E-4,6.0142E-4,0.0024146,0.008265,0.022869,0.035985,0.047198,0.060793
80.0,1.139E-6,5.1957E-6,2.4724E-5,1.2368E-4,5.7117E-4,0.0023022,0.00794,0.022066,0.034819,0.045715,0.058943
90.0,1.0723E-6,4.9128E-6,2.344E-5,1.1786E-4,5.4642E-4,0.0022135,0.0076652,0.021396,0.033781,0.044307,0.05707
100.0,1.0153E-6,4.6695E-6,2.2333E-5,1.1282E-4,5.2563E-4,0.0021358,0.0074155,0.020802,0.032804,0.043058,0.055512
110.0,9.6552E-7,4.4582E-6,2.1374E-5,1.0859E-4,5.0769E-4,0.0020765,0.0072264,0.020282,0.031992,0.041927,0.053974
120.0,9.1975E-7,4.2709E-6,2.0549E-5,1.0481E-4,4.9319E-4,0.0020226,0.0070343,0.019809,0.031189,0.040902,0.052696
130.0,8.7243E-7,4.0667E-6,1.9617E-5,1.0042E-4,4.7408E-4,0.0019483,0.0067924,0.019154,0.030195,0.039659,0.051176
140.0,8.2392E-7,3.8519E-6,1.8626E-5,9.5692E-5,4.528E-4,0.0018665,0.0065174,0.018414,0.0291,0.038251,0.0494
150.0,7.7327E-7,3.6285E-6,1.7596E-5,9.0765E-5,4.3079E-4,0.0017891,0.0062634,0.017652,0.027948,0.036829,0.047684
175.0,6.6442E-7,3.147E-6,1.5398E-5,8.0313E-5,3.8599E-4,0.0016176,0.0056681,0.01603,0.025448,0.033527,0.043408
200.0,5.806E-7,2.7788E-6,1.3742E-5,7.2452E-5,3.4958E-4,0.0014684,0.0051383,0.014506,0.023165,0.030676,0.039924
250.0,4.5968E-7,2.2489E-6,1.1304E-5,6.0657E-5,2.9532E-4,0.0012229,0.0042945,0.012362,0.019883,0.026535,0.034815
300.0,3.767E-7,1.8846E-6,9.6561E-6,5.2278E-5,2.5194E-4,0.0010481,0.003759,0.010968,0.017613,0.023415,0.030625
350.0,3.1882E-7,1.616E-6,8.3628E-6,4.5704E-5,2.2375E-4,9.3546E-4,0.0033629,0.009781,0.015746,0.020991,0.027528
400.0,2.7477E-7,1.4107E-6,7.3608E-6,4.0573E-5,1.9944E-4,8.4524E-4,0.003024,0.0088248,0.014249,0.019021,0.024984
450.0,2.4345E-7,1.2721E-6,6.7551E-6,3.7322E-5,1.8293E-4,7.6607E-4,0.0027256,0.0079747,0.012893,0.017223,0.022647
500.0,2.1768E-7,1.1539E-6,6.2068E-6,3.4472E-5,1.675E-4,6.9917E-4,0.0024921,0.0072639,0.011755,0.015719,0.020694
600.0,1.8285E-7,9.8632E-7,5.4171E-6,3.0262E-5,1.4803E-4,6.2114E-4,0.0021749,0.0062141,0.010144,0.013656,0.018093
700.0,1.5261E-7,8.3948E-7,4.6865E-6,2.6297E-5,1.2739E-4,5.2951E-4,0.001858,0.005304,0.0086537,0.011643,0.015436
800.0,1.2989E-7,7.1838E-7,4.0539E-6,2.282E-5,1.1264E-4,4.7544E-4,0.0016511,0.0046574,0.0076427,0.010316,0.013728
1000.0,9.2337E-8,5.2319E-7,3.0144E-6,1.7184E-5,8.667E-5,3.7128E-4,0.0012826,0.0035928,0.0059534,0.00805,0.010763
1200.0,7.3157E-8,4.1326E-7,2.4021E-6,1.3843E-5,6.9236E-5,2.9382E-4,0.0010289,0.002912,0.0048006,0.0065002,0.0086839
1500.0,4.8857E-8,2.8249E-7,1.6577E-6,9.6506E-6,4.8738E-5,2.1154E-4,7.505E-4,0.0021488,0.003559,0.0048018,0.0065147
SA10P0
r\m,4.0,4.5,5.0,5.5,6.0,6.5,7.0,7.5,7.8,8.0,8.2
0.0,9.0925E-5,2.5827E-4,7.4422E-4,0.0021774,0.0061261,0.016451,0.040411,0.083093,0.11659,0.14148,0.16909
1.0,7.0743E-5,2.1888E-4,6.7205E-4,0.0020658,0.0060217,0.016577,0.041185,0.084546,0.1179,0.14217,0.16833
5.0,2.22E-5,8.4849E-5,3.3066E-4,0.0012839,0.0044458,0.013577,0.03573,0.075737,0.10576,0.12758,0.15085
10.0,9.9536E-6,3.9709E-5,1.6642E-4,7.185E-4,0.0028812,0.010077,0.02824,0.062197,0.089749,0.11072,0.13388
15.0,5.6522E-6,2.2999E-5,9.9148E-5,4.479E-4,0.0019155,0.0071861,0.021432,0.050881,0.075203,0.09409,0.11549
20.0,3.6735E-6,1.5226E-5,6.7719E-5,3.1609E-4,0.0013965,0.0054445,0.016962,0.042206,0.063768,0.080996,0.10051
25.0,2.5823E-6,1.0949E-5,4.9648E-5,2.372E-4,0.0010772,0.0042771,0.01376,0.035614,0.054784,0.070653,0.089327
30.0,1.963E-6,8.3999E-6,3.855E-5,1.866E-4,8.5949E-4,0.0034725,0.011548,0.030579,0.047927,0.062358,0.079539
40.0,1.2756E-6,5.5737E-6,2.6111E-5,1.2962E-4,6.0531E-4,0.0024876,0.0085731,0.02363,0.037664,0.04959,0.064078
50.0,9.217E-7,4.0757E-6,1.9279E-5,9.7069E-5,4.5852E-4,0.0019119,0.0067947,0.019416,0.031327,0.041645,0.054291
60.0,7.5086E-7,3.3456E-6,1.5865E-5,8.0138E-5,3.8219E-4,0.0016109,0.0058128,0.016859,0.027337,0.036454,0.047672
70.0,6.5539E-7,2.9195E-6,1.3856E-5,7.0619E-5,3.3893E-4,0.0014358,0.0052317,0.015457,0.025272,0.033965,0.044776
80.0,6.0827E-7,2.7358E-6,1.3082E-5,6.7004E-5,3.2215E-4,0.0013701,0.0050297,0.014924,0.024468,0.032917,0.043437
90.0,5.7298E-7,2.5885E-6,1.2412E-5,6.3896E-5,3.0843E-4,0.0013183,0.004859,0.01448,0.023752,0.031921,0.042077
100.0,5.428E-7,2.4619E-6,1.1834E-5,6.1209E-5,2.9691E-4,0.0012729,0.0047039,0.014087,0.023078,0.031037,0.040949
110.0,5.165E-7,2.352E-6,1.1334E-5,5.8959E-5,2.8699E-4,0.0012384,0.0045871,0.013743,0.02252,0.030239,0.039836
120.0,4.9228E-7,2.2546E-6,1.0903E-5,5.6945E-5,2.79E-4,0.0012072,0.0044681,0.013431,0.021967,0.029516,0.038913
130.0,4.6719E-7,2.148E-6,1.0415E-5,5.46E-5,2.6838E-4,0.0011636,0.0043173,0.012994,0.021279,0.028634,0.03781
140.0,4.414E-7,2.0356E-6,9.895E-6,5.2061E-5,2.5649E-4,0.0011155,0.0041449,0.012499,0.020517,0.027631,0.036515
150.0,4.1446E-7,1.9185E-6,9.3534E-6,4.9409E-5,2.4417E-4,0.0010699,0.0039858,0.011989,0.019715,0.026616,0.035263
175.0,3.565E-7,1.6661E-6,8.1963E-6,4.3787E-5,2.1913E-4,9.6886E-4,0.0036123,0.010901,0.017974,0.024258,0.032136
200.0,3.1184E-7,1.4729E-6,7.3252E-6,3.9561E-5,1.9877E-4,8.8083E-4,0.003279,0.0098763,0.01638,0.02222,0.029588
250.0,2.4741E-7,1.1949E-6,6.0418E-6,3.3217E-5,1.6841E-4,7.3552E-4,0.0027475,0.0084367,0.014092,0.019265,0.025862
300.0,2.0314E-7,1.0037E-6,5.1744E-6,2.8706E-5,1.4404E-4,6.32E-4,0.0024108,0.0075028,0.012511,0.017036,0.022796
350.0,1.7226E-7,8.625E-7,4.4921E-6,2.5162E-5,1.2828E-4,5.6558E-4,0.0021622,0.0067061,0.011209,0.015304,0.020532
400.0,1.4874E-7,7.5456E-7,3.9632E-6,2.2392E-5,1.1462E-4,5.1233E-4,0.0019489,0.0060637,0.010164,0.013895,0.01867
450.0,1.3204E-7,6.8189E-7,3.6455E-6,2.0648E-5,1.0539E-4,4.6539E-4,0.0017604,0.0054908,0.0092144,0.012605,0.016952
500.0,1.1829E-7,6.1986E-7,3.3571E-6,1.9115E-5,9.6715E-5,4.2567E-4,0.001613,0.0050113,0.0084163,0.011524,0.015517
600.0,9.9814E-8,5.3236E-7,2.9446E-6,1.6867E-5,8.591E-5,3.8005E-4,0.0014141,0.0043048,0.0072917,0.01005,0.013618
700.0,8.3616E-8,4.5496E-7,2.5581E-6,1.4718E-5,7.4224E-5,3.2524E-4,0.0012125,0.0036869,0.0062406,0.0085955,0.011653
800.0,7.1446E-8,3.9083E-7,2.2215E-6,1.2823E-5,6.59E-5,2.9324E-4,0.0010817,0.0032489,0.0055305,0.0076414,0.010398
1000.0,5.1125E-8,2.8665E-7,1.6639E-6,9.7255E-6,5.1075E-5,2.3064E-4,8.4599E-4,0.0025225,0.0043354,0.0059986,0.0081992
1200.0,4.0833E-8,2.2818E-7,1.3364E-6,7.898E-6,4.1119E-5,1.8385E-4,6.8343E-4,0.0020579,0.0035168,0.0048721,0.0066526
1500.0,2.7534E-8,1.5764E-7,9.3216E-7,5.5649E-6,2.9248E-5,1.3376E-4,5.0351E-4,0.0015332,0.0026314,0.0036301,0.005036
