PGA
r\m,4.0,4.5,5.0,5.5,6.0,6.5,7.0,7.5,7.8,8.0,8.2
0.0,0.07922,0.11515,0.17055,0.26088,0.40438,0.58184,0.72781,0.82223,0.86126,0.88232,0.90035
1.0,0.064928,0.10742,0.16478,0.25559,0.3989,0.5762,0.72252,0.81762,0.85709,0.87842,0.89673
5.0,0.021158,0.051424,0.099793,0.17908,0.30699,0.47217,0.61847,0.72215,0.76823,0.79408,0.81683
10.0,0.010655,0.027357,0.056909,0.10976,0.2013,0.32867,0.45319,0.55267,0.60143,0.63035,0.65685
15.0,0.0070041,0.018205,0.038545,0.07597,0.14272,0.23901,0.33803,0.42253,0.46639,0.49333,0.5187
20.0,0.0051638,0.013491,0.028774,0.057236,0.10869,0.18419,0.26383,0.33417,0.37184,0.39544,0.41801
25.0,0.0040576,0.010633,0.022773,0.045528,0.086965,0.14836,0.21407,0.27326,0.30555,0.32602,0.34578
30.0,0.0033202,0.0087202,0.018729,0.037569,0.072039,0.12343,0.17894,0.22959,0.25755,0.27541,0.29276
40.0,0.0024002,0.0063262,0.013643,0.027495,0.05299,0.091304,0.13318,0.172,0.19375,0.20777,0.2215
50.0,0.0018506,0.0048924,0.010586,0.021409,0.041414,0.071642,0.10494,0.13614,0.15378,0.16522,0.17648
60.0,0.0014863,0.0039405,0.0085522,0.017349,0.033666,0.05843,0.085884,0.11182,0.12658,0.13621,0.14571
70.0,0.0012278,0.0032644,0.0071049,0.014454,0.02813,0.048969,0.072199,0.094296,0.10696,0.11524,0.12344
80.0,0.0010355,0.0027605,0.0060251,0.012291,0.023987,0.041874,0.061917,0.081104,0.092159,0.099416,0.10662
90.0,8.8722E-4,0.0023716,0.0051903,0.010617,0.020776,0.036367,0.053922,0.070831,0.080622,0.08707,0.09349
100.0,7.6969E-4,0.0020629,0.0045271,0.0092852,0.018218,0.031974,0.047537,0.062614,0.071387,0.077182,0.082966
110.0,6.7451E-4,0.0018126,0.0039885,0.0082024,0.016135,0.028394,0.042327,0.0559,0.063836,0.069093,0.074351
120.0,5.9604E-4,0.001606,0.0035434,0.0073063,0.01441,0.025424,0.037999,0.050318,0.057553,0.062359,0.067176
130.0,5.304E-4,0.001433,0.0031701,0.0065537,0.012959,0.022924,0.034352,0.045608,0.052248,0.056671,0.061113
140.0,4.7482E-4,0.0012862,0.002853,0.0059138,0.011724,0.020793,0.031239,0.041584,0.047713,0.051805,0.055925
150.0,4.2725E-4,0.0011605,0.0025809,0.0053638,0.010661,0.018957,0.028555,0.038109,0.043794,0.0476,0.051439
175.0,3.3426E-4,9.1393E-4,0.0020462,0.0042805,0.008563,0.015325,0.023233,0.031207,0.036003,0.039233,0.042508
200.0,2.67E-4,7.3487E-4,0.0016562,0.0034875,0.007022,0.012648,0.0193,0.026092,0.030217,0.033014,0.035862
250.0,1.7806E-4,4.9662E-4,0.0011342,0.0024199,0.004936,0.0090067,0.013922,0.019066,0.022252,0.024438,0.026683
300.0,1.2373E-4,3.4971E-4,8.0934E-4,0.0017496,0.0036157,0.0066839,0.010466,0.014521,0.01708,0.018854,0.020693
350.0,8.8458E-5,2.5334E-4,5.9413E-4,0.0013015,0.0027249,0.0051035,0.0080965,0.01138,0.01349,0.01497,0.016515
400.0,6.4564E-5,1.8737E-4,4.4529E-4,9.8839E-4,0.0020968,0.003979,0.0063957,0.0091076,0.010881,0.012138,0.013461
450.0,4.7876E-5,1.408E-4,3.3906E-4,7.6262E-4,0.0016393,0.003152,0.0051334,0.0074065,0.0089187,0.010001,0.011149
500.0,3.5947E-5,1.0712E-4,2.6142E-4,5.958E-4,0.0012978,0.0025284,0.0041723,0.0060995,0.007403,0.0083447,0.0093519
600.0,2.0493E-5,6.2711E-5,1.5714E-4,3.678E-4,8.2286E-4,0.0016468,0.0027915,0.0041923,0.0051713,0.0058924,0.0066754
700.0,1.2267E-5,3.8545E-5,9.9181E-5,2.3836E-4,5.4747E-4,0.0011248,0.0019573,0.0030176,0.0037811,0.0043536,0.0049839
800.0,7.4976E-6,2.4192E-5,6.392E-5,1.5773E-4,3.7199E-4,7.8467E-4,0.0014019,0.002219,0.0028246,0.0032867,0.0038023
1000.0,2.9275E-6,9.9598E-6,2.7748E-5,7.22E-5,1.7954E-4,3.9934E-4,7.5231E-4,0.0012555,0.0016499,0.0019609,0.0023171
1200.0,1.1857E-6,4.2538E-6,1.2496E-5,3.4285E-5,8.989E-5,2.108E-4,4.1869E-4,7.3668E-4,9.9921E-4,0.0012129,0.0014638
1500.0,3.1992E-7,1.2427E-6,3.9526E-6,1.1742E-5,3.3332E-5,8.4635E-5,1.8201E-4,3.4674E-4,4.9329E-4,6.1814E-4,7.7011E-4
SA0P01
r\m,4.0,4.5,5.0,5.5,6.0,6.5,7.0,7.5,7.8,8.0,8.2
0.0,0.07922,0.11515,0.17055,0.26088,0.40438,0.58184,0.72781,0.82223,0.86126,0.88232,0.90035
1.0,0.064928,0.10742,0.16478,0.25559,0.3989,0.5762,0.72252,0.81762,0.85709,0.87842,0.89673
5.0,0.021158,0.051424,0.099793,0.17908,0.30699,0.47217,0.61847,0.72215,0.76823,0.79408,0.81683
10.0,0.010655,0.027357,0.056909,0.10976,0.2013,0.32867,0.45319,0.55267,0.60143,0.63035,0.65685
15.0,0.0070041,0.018205,0.038545,0.07597,0.14272,0.23901,0.33803,0.42253,0.46639,0.49333,0.5187
20.0,0.0051638,0.013491,0.028774,0.057236,0.10869,0.18419,0.26383,0.33417,0.37184,0.39544,0.41801
25.0,0.0040576,0.010633,0.022773,0.045528,0.086965,0.14836,0.21407,0.27326,0.30555,0.32602,0.34578
30.0,0.0033202,0.0087202,0.018729,0.037569,0.072039,0.12343,0.17894,0.22959,0.25755,0.27541,0.29276
40.0,0.0024002,0.0063262,0.013643,0.027495,0.05299,0.091304,0.13318,0.172,0.19375,0.20777,0.2215
50.0,0.0018506,0.0048924,0.010586,0.021409,0.041414,0.071642,0.10494,0.13614,0.15378,0.16522,0.17648
60.0,0.0014863,0.0039405,0.0085522,0.017349,0.033666,0.05843,0.085884,0.11182,0.12658,0.13621,0.14571
70.0,0.0012278,0.0032644,0.0071049,0.014454,0.02813,0.048969,0.072199,0.094296,0.10696,0.11524,0.12344
80.0,0.0010355,0.0027605,0.0060251,0.012291,0.023987,0.041874,0.061917,0.081104,0.092159,0.099416,0.10662
90.0,8.8722E-4,0.0023716,0.0051903,0.010617,0.020776,0.036367,0.053922,0.070831,0.080622,0.08707,0.09349
100.0,7.6969E-4,0.0020629,0.0045271,0.0092852,0.018218,0.031974,0.047537,0.062614,0.071387,0.077182,0.082966
110.0,6.7451E-4,0.0018126,0.0039885,0.0082024,0.016135,0.028394,0.042327,0.0559,0.063836,0.069093,0.074351
120.0,5.9604E-4,0.001606,0.0035434,0.0073063,0.01441,0.025424,0.037999,0.050318,0.057553,0.062359,0.067176
130.0,5.304E-4,0.001433,0.0031701,0.0065537,0.012959,0.022924,0.034352,0.045608,0.052248,0.056671,0.061113
140.0,4.7482E-4,0.0012862,0.002853,0.0059138,0.011724,0.020793,0.031239,0.041584,0.047713,0.051805,0.055925
150.0,4.2725E-4,0.0011605,0.0025809,0.0053638,0.010661,0.018957,0.028555,0.038109,0.043794,0.0476,0.051439
175.0,3.3426E-4,9.1393E-4,0.0020462,0.0042805,0.008563,0.015325,0.023233,0.031207,0.036003,0.039233,0.042508
200.0,2.67E-4,7.3487E-4,0.0016562,0.0034875,0.007022,0.012648,0.0193,0.026092,0.030217,0.033014,0.035862
250.0,1.7806E-4,4.9662E-4,0.0011342,0.0024199,0.004936,0.0090067,0.013922,0.019066,0.022252,0.024438,0.026683
300.0,1.2373E-4,3.4971E-4,8.0934E-4,0.0017496,0.0036157,0.0066839,0.010466,0.014521,0.01708,0.018854,0.020693
350.0,8.8458E-5,2.5334E-4,5.9413E-4,0.0013015,0.0027249,0.0051035,0.0080965,0.01138,0.01349,0.01497,0.016515
400.0,6.4564E-5,1.8737E-4,4.4529E-4,9.8839E-4,0.0020968,0.003979,0.0063957,0.0091076,0.010881,0.012138,0.013461
450.0,4.7876E-5,1.408E-4,3.3906E-4,7.6262E-4,0.0016393,0.003152,0.0051334,0.0074065,0.0089187,0.010001,0.011149
500.0,3.5947E-5,1.0712E-4,2.6142E-4,5.958E-4,0.0012978,0.0025284,0.0041723,0.0060995,0.007403,0.0083447,0.0093519
600.0,2.0493E-5,6.2711E-5,1.5714E-4,3.678E-4,8.2286E-4,0.0016468,0.0027915,0.0041923,0.0051713,0.0058924,0.0066754
700.0,1.2267E-5,3.8545E-5,9.9181E-5,2.3836E-4,5.4747E-4,0.0011248,0.0019573,0.0030176,0.0037811,0.0043536,0.0049839
800.0,7.4976E-6,2.4192E-5,6.392E-5,1.5773E-4,3.7199E-4,7.8467E-4,0.0014019,0.002219,0.0028246,0.0032867,0.0038023
1000.0,2.9275E-6,9.9598E-6,2.7748E-5,7.22E-5,1.7954E-4,3.9934E-4,7.5231E-4,0.0012555,0.0016499,0.0019609,0.0023171
1200.0,1.1857E-6,4.2538E-6,1.2496E-5,3.4285E-5,8.989E-5,2.108E-4,4.1869E-4,7.3668E-4,9.9921E-4,0.0012129,0.0014638
1500.0,3.1992E-7,1.2427E-6,3.9526E-6,1.1742E-5,3.3332E-5,8.4635E-5,1.8201E-4,3.4674E-4,4.9329E-4,6.1814E-4,7.7011E-4
SA0P02
r\m,4.0,4.5,5.0,5.5,6.0,6.5,7.0,7.5,7.8,8.0,8.2
0.0,0.083049,0.1207,0.17876,0.27408,0.42665,0.61601,0.77271,0.87488,0.91738,0.94038,0.96012
1.0,0.068027,0.11254,0.17261,0.26838,0.42065,0.60973,0.76673,0.86958,0.91254,0.93584,0.95587
5.0,0.022118,0.053751,0.1043,0.18762,0.32303,0.49865,0.65506,0.76667,0.81653,0.84456,0.86928
10.0,0.011107,0.028515,0.059312,0.11468,0.21127,0.34625,0.47889,0.58545,0.63789,0.66903,0.69761
15.0,0.0072812,0.018923,0.040062,0.079162,0.14941,0.25117,0.35637,0.44661,0.49362,0.52253,0.54978
20.0,0.0053537,0.013986,0.029827,0.059483,0.11349,0.19309,0.27751,0.35246,0.39273,0.41799,0.44218
25.0,0.0041957,0.010994,0.023543,0.047193,0.090583,0.15517,0.22466,0.2876,0.32205,0.34392,0.36505
30.0,0.0034243,0.0089929,0.019313,0.038845,0.074853,0.12879,0.18738,0.24113,0.2709,0.28995,0.30847
40.0,0.002463,0.0064913,0.013998,0.028288,0.054799,0.094837,0.13886,0.1799,0.20298,0.21789,0.2325
50.0,0.0018899,0.004996,0.010809,0.021922,0.042631,0.074086,0.10895,0.14182,0.16048,0.1726,0.18455
60.0,0.0015109,0.0040055,0.0086924,0.017684,0.034502,0.060166,0.088801,0.11602,0.13159,0.14176,0.15182
70.0,0.0012427,0.0033036,0.0071897,0.01467,0.028707,0.050216,0.074355,0.097473,0.11078,0.1195,0.12816
80.0,0.0010437,0.0027821,0.0060715,0.012423,0.024379,0.042771,0.063521,0.083528,0.095109,0.10273,0.11031
90.0,8.9066E-4,0.0023806,0.0052095,0.010688,0.021033,0.037004,0.055114,0.072686,0.082913,0.089664,0.096398
100.0,7.6977E-4,0.002063,0.0045267,0.0093123,0.018374,0.032415,0.048415,0.064032,0.073167,0.079217,0.085265
110.0,6.7216E-4,0.0018062,0.003974,0.0081969,0.016216,0.028685,0.04296,0.056976,0.065214,0.070685,0.076169
120.0,5.9196E-4,0.0015949,0.0035186,0.0072767,0.014433,0.025598,0.038441,0.051121,0.058609,0.063597,0.068606
130.0,5.251E-4,0.0014186,0.0031379,0.0065062,0.012938,0.023007,0.034641,0.046192,0.053044,0.057621,0.062228
140.0,4.6866E-4,0.0012695,0.0028156,0.0058531,0.011669,0.020804,0.031406,0.04199,0.048297,0.052521,0.056781
150.0,4.2053E-4,0.0011421,0.0025399,0.0052937,0.01058,0.018911,0.028624,0.038371,0.044204,0.048121,0.052081
175.0,3.2694E-4,8.9386E-4,0.0020011,0.0041976,0.0084424,0.015186,0.023134,0.031213,0.0361,0.039403,0.042758
200.0,2.5979E-4,7.1498E-4,0.0016113,0.0034016,0.0068841,0.012461,0.019104,0.025942,0.03012,0.032961,0.035861
250.0,1.7192E-4,4.7946E-4,0.001095,0.0023412,0.0047969,0.0087917,0.013649,0.018771,0.021962,0.024157,0.026418
300.0,1.1891E-4,3.3605E-4,7.7769E-4,0.0016842,0.0034935,0.0064827,0.01019,0.014192,0.016731,0.018497,0.020331
350.0,8.4816E-5,2.429E-4,5.6961E-4,0.0012495,0.002624,0.00493,0.007847,0.011066,0.013145,0.014606,0.016136
400.0,6.1877E-5,1.7957E-4,4.2672E-4,9.4817E-4,0.0020162,0.0038357,0.0061821,0.0088284,0.010566,0.0118,0.013102
450.0,4.5923E-5,1.3505E-4,3.2521E-4,7.3201E-4,0.0015763,0.0030368,0.0049566,0.0071681,0.0086444,0.0097027,0.010828
500.0,3.4543E-5,1.0294E-4,2.5118E-4,5.7279E-4,0.0012492,0.0024375,0.0040293,0.0059015,0.0071712,0.0080902,0.0090744
600.0,2.0493E-5,6.2711E-5,1.5714E-4,3.678E-4,8.2286E-4,0.0016468,0.0027915,0.0041923,0.0051713,0.0058924,0.0066754
700.0,1.2267E-5,3.8545E-5,9.9181E-5,2.3836E-4,5.4747E-4,0.0011248,0.0019573,0.0030176,0.0037811,0.0043536,0.0049839
800.0,7.4976E-6,2.4192E-5,6.392E-5,1.5773E-4,3.7199E-4,7.8467E-4,0.0014019,0.002219,0.0028246,0.0032867,0.0038023
1000.0,2.9275E-6,9.9598E-6,2.7748E-5,7.22E-5,1.7954E-4,3.9934E-4,7.5231E-4,0.0012555,0.0016499,0.0019609,0.0023171
1200.0,1.1956E-6,4.289E-6,1.2599E-5,3.4568E-5,9.0643E-5,2.126E-4,4.2237E-4,7.4339E-4,0.0010086,0.0012245,0.0014781
1500.0,3.2972E-7,1.2807E-6,4.0734E-6,1.2101E-5,3.4356E-5,8.7249E-5,1.8768E-4,3.5765E-4,5.0893E-4,6.3786E-4,7.9483E-4
SA0P025
r\m,4.0,4.5,5.0,5.5,6.0,6.5,7.0,7.5,7.8,8.0,8.2
0.0,0.089483,0.13005,0.19259,0.29481,0.45753,0.65878,0.82423,0.93097,0.97485,0.99839,1.0185
1.0,0.073277,0.12122,0.18592,0.28859,0.45099,0.65192,0.81769,0.92517,0.96955,0.99343,1.0138
5.0,0.023797,0.057831,0.11221,0.20154,0.346,0.53269,0.69808,0.81513,0.86698,0.89598,0.92142
10.0,0.011934,0.030635,0.063719,0.12302,0.22602,0.36949,0.50984,0.62192,0.67675,0.70921,0.7389
15.0,0.0078117,0.020301,0.042978,0.084804,0.15965,0.26775,0.37904,0.47401,0.52327,0.55348,0.58188
20.0,0.0057355,0.014982,0.031951,0.063636,0.12112,0.20561,0.29488,0.37375,0.41598,0.4424,0.46765
25.0,0.0044884,0.011761,0.025184,0.05042,0.096556,0.16505,0.23849,0.30471,0.34083,0.36371,0.38578
30.0,0.0036579,0.0096061,0.020629,0.041444,0.079692,0.13684,0.19872,0.25525,0.28646,0.30639,0.32574
40.0,0.0026235,0.0069141,0.014909,0.030099,0.0582,0.10055,0.14697,0.1901,0.21428,0.22987,0.24514
50.0,0.0020073,0.0053062,0.01148,0.023263,0.045167,0.078374,0.11509,0.14959,0.16913,0.1818,0.19428
60.0,0.0016002,0.004242,0.0092053,0.018715,0.036466,0.063509,0.093616,0.12216,0.13845,0.14908,0.15957
70.0,0.0013124,0.0034888,0.0075924,0.015483,0.030267,0.05289,0.078231,0.10244,0.11635,0.12546,0.13449
80.0,0.0010991,0.0029298,0.0063936,0.013076,0.025642,0.044949,0.0667,0.08763,0.099726,0.10768,0.11558
90.0,9.3539E-4,0.0025,0.0054707,0.011221,0.022069,0.038804,0.057758,0.076118,0.086789,0.093827,0.10084
100.0,8.0621E-4,0.0021605,0.0047407,0.0097508,0.019234,0.033918,0.050637,0.066935,0.076457,0.082758,0.089054
110.0,7.0281E-4,0.0018885,0.004155,0.0085624,0.016935,0.02995,0.044843,0.059451,0.06803,0.073724,0.079427
120.0,6.1795E-4,0.0016649,0.0036729,0.0075895,0.015037,0.02667,0.040047,0.053247,0.061036,0.066222,0.071428
130.0,5.4726E-4,0.0014784,0.0032702,0.0067756,0.013455,0.02392,0.036019,0.048027,0.055147,0.059901,0.064685
140.0,4.8766E-4,0.0013209,0.0029296,0.0060863,0.012119,0.021584,0.032593,0.043581,0.050127,0.05451,0.05893
150.0,4.3688E-4,0.0011865,0.0026386,0.0054963,0.010974,0.019594,0.029649,0.039755,0.045803,0.049864,0.053968
175.0,3.3835E-4,9.2504E-4,0.0020708,0.0043424,0.0087277,0.015688,0.023881,0.0322,0.037253,0.040668,0.044137
200.0,2.6787E-4,7.3721E-4,0.0016613,0.0035067,0.0070942,0.012836,0.01967,0.026697,0.030988,0.033904,0.036879
250.0,1.7608E-4,4.9106E-4,0.0011214,0.0023981,0.0049143,0.0090076,0.013984,0.01923,0.022497,0.024745,0.027059
300.0,1.2109E-4,3.4222E-4,7.9194E-4,0.0017156,0.0035605,0.0066099,0.010394,0.014479,0.017071,0.018874,0.020747
350.0,8.5971E-5,2.462E-4,5.7735E-4,0.001267,0.0026627,0.0050061,0.0079725,0.011248,0.013365,0.014852,0.01641
400.0,6.249E-5,1.8135E-4,4.3094E-4,9.5795E-4,0.0020387,0.0038816,0.0062603,0.0089456,0.01071,0.011963,0.013286
450.0,4.6251E-5,1.3601E-4,3.2752E-4,7.3753E-4,0.0015895,0.0030647,0.0050058,0.0072443,0.0087395,0.0098119,0.010952
500.0,3.4721E-5,1.0347E-4,2.5247E-4,5.7595E-4,0.0012571,0.0024548,0.0040607,0.0059516,0.0072351,0.0081643,0.0091597
600.0,2.0493E-5,6.2711E-5,1.5714E-4,3.678E-4,8.2286E-4,0.0016468,0.0027915,0.0041923,0.0051713,0.0058924,0.0066754
700.0,1.2267E-5,3.8545E-5,9.9181E-5,2.3836E-4,5.4747E-4,0.0011248,0.0019573,0.0030176,0.0037811,0.0043536,0.0049839
800.0,7.4976E-6,2.4192E-5,6.392E-5,1.5773E-4,3.7199E-4,7.8467E-4,0.0014019,0.002219,0.0028246,0.0032867,0.0038023
1000.0,2.9347E-6,9.9843E-6,2.7815E-5,7.2384E-5,1.8005E-4,4.0062E-4,7.5506E-4,0.0012608,0.0016574,0.0019703,0.0023288
1200.0,1.2086E-6,4.3356E-6,1.2736E-5,3.4947E-5,9.1662E-5,2.1506E-4,4.2744E-4,7.5265E-4,0.0010214,0.0012404,0.0014976
1500.0,3.3645E-7,1.3068E-6,4.1564E-6,1.2349E-5,3.507E-5,8.9093E-5,1.9173E-4,3.6554E-4,5.2032E-4,6.5228E-4,8.1299E-4
SA0P03
r\m,4.0,4.5,5.0,5.5,6.0,6.5,7.0,7.5,7.8,8.0,8.2
0.0,0.0994,0.14446,0.21392,0.32632,0.50319,0.7204,0.89672,1.0082,1.053,1.0767,1.0966
1.0,0.081383,0.13463,0.20648,0.31938,0.49592,0.71282,0.88952,1.0018,1.0472,1.0712,1.0915
5.0,0.026411,0.064181,0.12453,0.22289,0.38027,0.58217,0.75908,0.88233,0.93609,0.96584,0.99173
10.0,0.013232,0.033968,0.070649,0.13594,0.24822,0.40356,0.55409,0.67287,0.73038,0.76419,0.79497
15.0,0.0086537,0.022489,0.047608,0.09363,0.1752,0.29225,0.41171,0.5126,0.56448,0.59613,0.62579
20.0,0.0063477,0.016581,0.03536,0.070197,0.13282,0.22428,0.32011,0.40398,0.44853,0.47629,0.50272
25.0,0.0049627,0.013003,0.027844,0.055568,0.1058,0.17991,0.25875,0.32919,0.36733,0.3914,0.41454
30.0,0.0040405,0.01061,0.022785,0.045634,0.087254,0.14907,0.21547,0.27561,0.30859,0.32956,0.34987
40.0,0.0028921,0.0076216,0.016434,0.03308,0.063619,0.10937,0.15916,0.20504,0.2306,0.24703,0.26306
50.0,0.0022082,0.005837,0.012628,0.025518,0.049291,0.085131,0.12448,0.16117,0.18182,0.19518,0.20829
60.0,0.0017566,0.0046565,0.010104,0.020488,0.039727,0.068881,0.10112,0.13147,0.14869,0.15988,0.17091
70.0,0.0014376,0.0038214,0.0083158,0.016916,0.032916,0.057276,0.084391,0.11012,0.12482,0.13442,0.14391
80.0,0.0012013,0.003202,0.0069873,0.014257,0.027836,0.048601,0.071852,0.094078,0.10686,0.11524,0.12355
90.0,0.00102,0.0027261,0.0059652,0.012208,0.023914,0.041888,0.062131,0.081617,0.092888,0.1003,0.10768
100.0,8.7714E-4,0.0023506,0.0051574,0.010586,0.020802,0.036555,0.054392,0.071678,0.081733,0.088369,0.094988
110.0,7.6263E-4,0.0020492,0.0045083,0.0092756,0.018281,0.032224,0.048099,0.063582,0.072636,0.078631,0.084626
120.0,6.6876E-4,0.0018018,0.0039746,0.0082011,0.016202,0.028647,0.04289,0.056871,0.065088,0.070547,0.076018
130.0,5.9069E-4,0.0015957,0.0035294,0.0073033,0.014467,0.025649,0.038517,0.051226,0.058734,0.063737,0.068763
140.0,5.2497E-4,0.0014219,0.0031535,0.0065439,0.013002,0.023105,0.034801,0.046421,0.05332,0.057931,0.062573
150.0,4.6907E-4,0.0012739,0.0028327,0.0058948,0.011747,0.020934,0.031608,0.042288,0.048658,0.052928,0.057237
175.0,3.6092E-4,9.867E-4,0.0022088,0.0046286,0.0092905,0.016677,0.025351,0.034133,0.039446,0.043032,0.046671
200.0,2.8393E-4,7.8138E-4,0.0017608,0.0037153,0.0075106,0.013578,0.020787,0.028185,0.032695,0.035757,0.038878
250.0,1.8444E-4,5.1436E-4,0.0011746,0.0025122,0.005149,0.0094381,0.01465,0.020141,0.023559,0.025908,0.028326
300.0,1.2553E-4,3.5474E-4,8.209E-4,0.0017792,0.0036959,0.006866,0.010802,0.015052,0.01775,0.019626,0.021574
350.0,8.8344E-5,2.5299E-4,5.9324E-4,0.0013028,0.0027417,0.0051604,0.0082261,0.011615,0.013806,0.015347,0.01696
400.0,6.3764E-5,1.8504E-4,4.3969E-4,9.7823E-4,0.0020851,0.0039754,0.0064196,0.0091832,0.011001,0.012292,0.013656
450.0,4.6939E-5,1.3803E-4,3.3237E-4,7.4907E-4,0.001617,0.0031223,0.0051069,0.0073997,0.0089332,0.010034,0.011205
500.0,3.5097E-5,1.0458E-4,2.552E-4,5.8262E-4,0.0012736,0.0024906,0.0041257,0.0060547,0.0073658,0.0083157,0.0093339
600.0,2.0493E-5,6.2711E-5,1.5714E-4,3.678E-4,8.2286E-4,0.0016468,0.0027915,0.0042002,0.0051884,0.0059176,0.0067104
700.0,1.2267E-5,3.8545E-5,9.9181E-5,2.3836E-4,5.4747E-4,0.0011248,0.0019573,0.003018,0.0037857,0.0043621,0.0049974
800.0,7.4976E-6,2.4192E-5,6.392E-5,1.5773E-4,3.7199E-4,7.8479E-4,0.0014036,0.0022241,0.0028332,0.0032984,0.0038179
1000.0,2.9676E-6,1.0096E-5,2.8126E-5,7.3206E-5,1.8218E-4,4.0559E-4,7.649E-4,0.0012781,0.0016808,0.0019987,0.0023631
1200.0,1.2281E-6,4.4054E-6,1.2941E-5,3.5515E-5,9.3197E-5,2.1878E-4,4.3509E-4,7.6663E-4,0.0010408,0.0012643,0.0015269
1500.0,3.4434E-7,1.3374E-6,4.2537E-6,1.264E-5,3.5914E-5,9.1287E-5,1.9657E-4,3.7502E-4,5.3404E-4,6.6967E-4,8.3491E-4
SA0P04
r\m,4.0,4.5,5.0,5.5,6.0,6.5,7.0,7.5,7.8,8.0,8.2
0.0,0.1169,0.16988,0.25153,0.38226,0.58526,0.8322,1.0292,1.1501,1.1971,1.2213,1.2412
1.0,0.09571,0.15831,0.24277,0.37413,0.5768,0.82342,1.0209,1.1428,1.1905,1.2151,1.2354
5.0,0.031057,0.075464,0.1464,0.26107,0.44222,0.67241,0.87109,1.0064,1.064,1.0954,1.1223
10.0,0.015557,0.039933,0.083046,0.1592,0.2886,0.46601,0.63574,0.76735,0.83006,0.86656,0.89951
15.0,0.010172,0.026432,0.055949,0.10962,0.20366,0.3374,0.47226,0.58445,0.64138,0.67585,0.70793
20.0,0.0074592,0.019483,0.041542,0.082163,0.15434,0.25886,0.36709,0.46049,0.50952,0.53985,0.56859
25.0,0.0058296,0.015273,0.032701,0.065017,0.12291,0.20758,0.29663,0.37513,0.41717,0.44352,0.46874
30.0,0.0047443,0.012458,0.026749,0.053373,0.10132,0.17193,0.24694,0.31398,0.35035,0.37335,0.39551
40.0,0.0033924,0.0089395,0.019274,0.038652,0.073809,0.12604,0.18226,0.23342,0.26164,0.27967,0.29719
50.0,0.0025871,0.006838,0.014792,0.029781,0.057124,0.098009,0.14242,0.18333,0.20613,0.2208,0.23515
60.0,0.002055,0.0054472,0.011819,0.023878,0.045983,0.079212,0.11558,0.1494,0.16842,0.18072,0.1928
70.0,0.0016791,0.004463,0.0097111,0.019684,0.038046,0.065783,0.096346,0.12501,0.14125,0.1518,0.16219
80.0,0.0014005,0.0037327,0.0081448,0.016562,0.032124,0.055741,0.081928,0.10668,0.1208,0.13001,0.13911
90.0,0.0011868,0.0031716,0.0069394,0.014155,0.027551,0.04797,0.070748,0.09244,0.10489,0.11303,0.12111
100.0,0.0010183,0.0027287,0.0059866,0.012249,0.023922,0.041793,0.061845,0.081077,0.092176,0.09947,0.10672
110.0,8.8268E-4,0.0023716,0.0052171,0.010707,0.020982,0.036778,0.054603,0.071819,0.08181,0.088398,0.094965
120.0,7.7157E-4,0.0020786,0.0045848,0.0094382,0.018557,0.032634,0.04861,0.064143,0.073207,0.079204,0.085197
130.0,6.7924E-4,0.0018347,0.0040578,0.0083786,0.016528,0.029162,0.043578,0.057687,0.065965,0.071459,0.076963
140.0,6.0161E-4,0.0016293,0.0036132,0.007483,0.01481,0.026215,0.039301,0.052191,0.059793,0.064854,0.069937
150.0,5.3566E-4,0.0014546,0.0032343,0.0067184,0.01334,0.02369,0.035628,0.047463,0.054478,0.059164,0.063879
175.0,4.0843E-4,0.0011165,0.0024991,0.0052298,0.010469,0.018739,0.028406,0.038138,0.043978,0.047908,0.051886
200.0,3.183E-4,8.759E-4,0.0019736,0.0041606,0.0083949,0.015146,0.023137,0.031303,0.036263,0.039623,0.043043
250.0,2.0287E-4,5.6571E-4,0.0012917,0.0027626,0.0056608,0.01037,0.016084,0.022091,0.025821,0.028383,0.031017
300.0,1.3557E-4,3.8309E-4,8.8641E-4,0.0019226,0.0039981,0.0074327,0.011698,0.016303,0.019223,0.021253,0.023361
350.0,9.3839E-5,2.6871E-4,6.3006E-4,0.0013853,0.0029217,0.005509,0.0087937,0.01243,0.014781,0.016435,0.018167
400.0,6.6775E-5,1.9376E-4,4.6039E-4,0.0010259,0.0021929,0.0041913,0.0067822,0.0097188,0.011653,0.013028,0.01448
450.0,4.8591E-5,1.4288E-4,3.4402E-4,7.7664E-4,0.0016819,0.0032569,0.0053403,0.0077551,0.0093734,0.010536,0.011774
500.0,3.6015E-5,1.0731E-4,2.6183E-4,5.9875E-4,0.0013131,0.0025754,0.0042777,0.0062932,0.0076663,0.0086624,0.009731
600.0,2.0649E-5,6.318E-5,1.583E-4,3.7134E-4,8.3469E-4,0.0016784,0.0028589,0.004314,0.0053364,0.0060918,0.006914
700.0,1.2341E-5,3.8775E-5,9.9761E-5,2.4008E-4,5.5312E-4,0.0011401,0.001991,0.0030806,0.0038687,0.0044611,0.0051147
800.0,7.5875E-6,2.448E-5,6.4675E-5,1.5971E-4,3.7732E-4,7.9752E-4,0.0014281,0.002266,0.002889,0.0033652,0.0038975
1000.0,3.0391E-6,1.0339E-5,2.8801E-5,7.4995E-5,1.8682E-4,4.1636E-4,7.8615E-4,0.0013153,0.0017311,0.0020597,0.0024365
1200.0,1.268E-6,4.5484E-6,1.336E-5,3.6682E-5,9.635E-5,2.2642E-4,4.5079E-4,7.9525E-4,0.0010805,0.0013131,0.0015866
1500.0,3.5936E-7,1.3957E-6,4.439E-6,1.3196E-5,3.753E-5,9.5493E-5,2.0585E-4,3.9319E-4,5.6031E-4,7.0295E-4,8.7683E-4
SA0P05
r\m,4.0,4.5,5.0,5.5,6.0,6.5,7.0,7.5,7.8,8.0,8.2
0.0,0.13021,0.18918,0.28005,0.42604,0.65303,0.92813,1.142,1.271,1.3199,1.3447,1.3648
1.0,0.10664,0.17636,0.27038,0.4171,0.64374,0.91843,1.133,1.263,1.3127,1.338,1.3585
5.0,0.034648,0.084172,0.16326,0.29139,0.49401,0.75032,0.96708,1.1126,1.1737,1.2066,1.2346
10.0,0.017383,0.044609,0.092752,0.17793,0.32277,0.52028,0.70613,0.84872,0.91598,0.95488,0.98981
15.0,0.011382,0.02957,0.06258,0.12269,0.22802,0.37687,0.5248,0.64669,0.70804,0.745,0.77927
20.0,0.0083584,0.021827,0.046533,0.092074,0.17299,0.28927,0.40811,0.50972,0.56268,0.5953,0.62609
25.0,0.0065413,0.017134,0.03668,0.072951,0.1379,0.23207,0.32991,0.41539,0.46085,0.48922,0.5163
30.0,0.0053305,0.013994,0.030043,0.059957,0.11379,0.19229,0.27474,0.34779,0.38716,0.41194,0.43576
40.0,0.0038211,0.010067,0.021702,0.043519,0.083049,0.14107,0.20293,0.25872,0.28929,0.30874,0.3276
50.0,0.0029206,0.0077184,0.016694,0.0336,0.064385,0.10976,0.15866,0.2033,0.22802,0.24387,0.25932
60.0,0.0023248,0.0061614,0.013366,0.026992,0.051863,0.088757,0.12882,0.16575,0.18638,0.19967,0.21269
70.0,0.0019031,0.0050576,0.011003,0.022289,0.042926,0.073739,0.10742,0.13874,0.15636,0.16776,0.17897
80.0,0.00159,0.0042372,0.0092443,0.018782,0.036253,0.0625,0.091371,0.11842,0.13375,0.14371,0.15352
90.0,0.0013494,0.0036057,0.007888,0.016074,0.031095,0.053796,0.078915,0.10263,0.11614,0.12496,0.13368
100.0,0.0011593,0.0031062,0.0068139,0.013926,0.027,0.046871,0.068988,0.090016,0.10207,0.10997,0.1178
110.0,0.001006,0.0027027,0.0059447,0.012178,0.023678,0.041244,0.060908,0.079733,0.09059,0.097724,0.10482
120.0,8.802E-4,0.002371,0.0052291,0.01073,0.020937,0.036592,0.054215,0.071203,0.081054,0.08755,0.094024
130.0,7.751E-4,0.0020939,0.0046315,0.0095208,0.018641,0.032689,0.048591,0.064023,0.073021,0.078973,0.084921
140.0,6.86E-4,0.0018581,0.004121,0.0084978,0.016696,0.029375,0.043808,0.057905,0.06617,0.071654,0.077148
150.0,6.1029E-4,0.0016574,0.0036856,0.0076238,0.01503,0.026533,0.039697,0.05264,0.060267,0.065344,0.070442
175.0,4.6412E-4,0.0012688,0.0028402,0.0059207,0.011773,0.020954,0.031604,0.042242,0.048591,0.05285,0.057152
200.0,3.6051E-4,9.9209E-4,0.0022355,0.004696,0.0094162,0.016897,0.025691,0.034611,0.04,0.043641,0.047339
250.0,2.2784E-4,6.3535E-4,0.0014507,0.0030937,0.0063064,0.0115,0.017764,0.024308,0.028354,0.031126,0.033971
300.0,1.5069E-4,4.258E-4,9.8522E-4,0.0021321,0.0044159,0.0081799,0.012832,0.017829,0.020987,0.023178,0.02545
350.0,1.0311E-4,2.9524E-4,6.9224E-4,0.0015197,0.0031959,0.00601,0.0095704,0.013497,0.01603,0.017808,0.019669
400.0,7.25E-5,2.1037E-4,4.9982E-4,0.0011126,0.0023742,0.0045302,0.0073192,0.010473,0.012546,0.014018,0.015572
450.0,5.2145E-5,1.5332E-4,3.6914E-4,8.3297E-4,0.0018024,0.0034874,0.005714,0.0082912,0.010017,0.011255,0.012573
500.0,3.8229E-5,1.139E-4,2.779E-4,6.3547E-4,0.0013935,0.002733,0.004539,0.0066765,0.0081323,0.009188,0.01032
600.0,2.1523E-5,6.5852E-5,1.6498E-4,3.872E-4,8.7119E-4,0.0017534,0.002989,0.0045136,0.0055854,0.0063777,0.0072402
700.0,1.2703E-5,3.9909E-5,1.0267E-4,2.4725E-4,5.7039E-4,0.0011772,0.0020582,0.0031883,0.0040065,0.0046221,0.0053014
800.0,7.7511E-6,2.5007E-5,6.6063E-5,1.6324E-4,3.8614E-4,8.1721E-4,0.0014652,0.0023276,0.0029697,0.0034609,0.0040101
1000.0,3.1219E-6,1.062E-5,2.9583E-5,7.7081E-5,1.9227E-4,4.2909E-4,8.1124E-4,0.001359,0.0017899,0.0021307,0.0025217
1200.0,1.3093E-6,4.6963E-6,1.3794E-5,3.79E-5,9.97E-5,2.3464E-4,4.6782E-4,8.2644E-4,0.0011238,0.0013665,0.001652
1500.0,3.74E-7,1.4524E-6,4.6191E-6,1.3745E-5,3.9166E-5,9.9847E-5,2.1564E-4,4.1266E-4,5.887E-4,7.391E-4,9.2258E-4
SA0P075
r\m,4.0,4.5,5.0,5.5,6.0,6.5,7.0,7.5,7.8,8.0,8.2
0.0,0.15721,0.2283,0.3378,0.51622,0.79683,1.1361,1.3872,1.5349,1.5892,1.616,1.6371
1.0,0.12887,0.21301,0.32642,0.50581,0.78606,1.1247,1.3767,1.5258,1.5811,1.6085,1.6301
5.0,0.042018,0.10203,0.1978,0.35454,0.60498,0.92038,1.1771,1.3462,1.4157,1.4525,1.4833
10.0,0.021173,0.054312,0.11287,0.21739,0.39669,0.63954,0.86121,1.0288,1.1067,1.1514,1.1912
15.0,0.013924,0.036159,0.076488,0.1505,0.28123,0.46422,0.64132,0.78531,0.85696,0.8998,0.93928
20.0,0.010269,0.026806,0.057121,0.1134,0.21411,0.35706,0.4997,0.6201,0.68217,0.72015,0.75581
25.0,0.008071,0.021132,0.045218,0.090208,0.17126,0.28704,0.40473,0.50623,0.55964,0.59276,0.62422
30.0,0.0066048,0.017333,0.037194,0.074432,0.14181,0.23832,0.33769,0.42458,0.47092,0.49991,0.52763
40.0,0.0047737,0.012572,0.027091,0.054444,0.10419,0.17553,0.25034,0.31691,0.35298,0.3758,0.39782
50.0,0.0036782,0.0097167,0.021008,0.042351,0.081299,0.1371,0.19643,0.24982,0.27907,0.2977,0.31578
60.0,0.0029508,0.0078176,0.016953,0.03427,0.065771,0.11127,0.16003,0.20431,0.22877,0.24443,0.25968
70.0,0.0024339,0.0064661,0.014063,0.028499,0.054639,0.092773,0.13389,0.17152,0.19245,0.20591,0.21907
80.0,0.0020485,0.0054572,0.011902,0.02418,0.04631,0.078902,0.11424,0.14682,0.16505,0.17682,0.18837
90.0,0.0017508,0.0046769,0.010228,0.02083,0.039859,0.068135,0.098956,0.12757,0.14368,0.15413,0.1644
100.0,0.0015146,0.0040567,0.0088959,0.018161,0.034724,0.059548,0.086752,0.11218,0.12658,0.13594,0.14517
110.0,0.0013229,0.0035529,0.0078123,0.015958,0.030548,0.052553,0.076793,0.0996,0.11258,0.12106,0.12944
120.0,0.0011647,0.0031365,0.0069153,0.014103,0.027091,0.046753,0.068525,0.08914,0.10094,0.10867,0.11633
130.0,0.0010307,0.0027852,0.0061618,0.012549,0.024188,0.041874,0.061558,0.080316,0.09111,0.098198,0.10525
140.0,9.1468E-4,0.0024781,0.0054972,0.01123,0.02172,0.037718,0.055617,0.07278,0.082707,0.089247,0.095765
150.0,8.1578E-4,0.0022159,0.0049284,0.0101,0.0196,0.034143,0.050496,0.066276,0.07545,0.081512,0.087568
175.0,6.2379E-4,0.0017055,0.0038182,0.007886,0.01543,0.027088,0.040367,0.053378,0.061037,0.066137,0.071261
200.0,4.8649E-4,0.0013389,0.0030171,0.0062793,0.012387,0.021917,0.032911,0.043847,0.050364,0.054735,0.059151
250.0,3.0845E-4,8.6014E-4,0.001964,0.0041498,0.0083212,0.014957,0.02281,0.030856,0.035765,0.039104,0.042513
300.0,2.0324E-4,5.7429E-4,0.0013287,0.0028502,0.0058098,0.010611,0.016438,0.022583,0.026417,0.029059,0.031785
350.0,1.3762E-4,3.9402E-4,9.2378E-4,0.0020116,0.0041685,0.007737,0.012176,0.01699,0.020059,0.022201,0.024432
400.0,9.5164E-5,2.761E-4,6.5595E-4,0.00145,0.0030544,0.0057611,0.0092108,0.013054,0.015555,0.017322,0.019179
450.0,6.6978E-5,1.9692E-4,4.7405E-4,0.0010636,0.0022773,0.0043644,0.0070881,0.010202,0.012269,0.013747,0.015313
500.0,4.7879E-5,1.4264E-4,3.4797E-4,7.9233E-4,0.0017238,0.0033559,0.0055354,0.0080902,0.0098184,0.011067,0.012403
600.0,2.5514E-5,7.8052E-5,1.9552E-4,4.5822E-4,0.0010281,0.0020633,0.0035072,0.005281,0.0065239,0.0074409,0.0084376
700.0,1.43E-5,4.4921E-5,1.1555E-4,2.7843E-4,6.4303E-4,0.0013281,0.002323,0.0035989,0.0045224,0.0052169,0.0059831
800.0,8.3757E-6,2.7019E-5,7.1367E-5,1.7663E-4,4.1913E-4,8.8945E-4,0.0015986,0.0025449,0.0032505,0.0037908,0.0043952
1000.0,3.3786E-6,1.1492E-5,3.2007E-5,8.3543E-5,2.091E-4,4.6805E-4,8.8728E-4,0.0014899,0.0019649,0.0023409,0.0027726
1200.0,1.4206E-6,5.0949E-6,1.4963E-5,4.1191E-5,1.0876E-4,2.5685E-4,5.1368E-4,9.0998E-4,0.0012393,0.0015084,0.0018252
1500.0,4.0847E-7,1.5862E-6,5.0439E-6,1.5045E-5,4.3072E-5,1.1029E-4,2.392E-4,4.5954E-4,6.5706E-4,8.2612E-4,0.0010327
SA0P1
r\m,4.0,4.5,5.0,5.5,6.0,6.5,7.0,7.5,7.8,8.0,8.2
0.0,0.16615,0.24124,0.35689,0.54636,0.8457,1.2102,1.5014,1.6789,1.7465,1.7806,1.808
1.0,0.13624,0.22516,0.34498,0.5355,0.83448,1.1987,1.4907,1.6696,1.7382,1.7729,1.8008
5.0,0.044476,0.10798,0.20931,0.37579,0.64291,0.98305,1.2766,1.475,1.5582,1.6028,1.6405
10.0,0.022446,0.057569,0.11962,0.23075,0.4221,0.68487,0.93595,1.1292,1.2201,1.2724,1.3192
15.0,0.014784,0.038387,0.081189,0.15998,0.29963,0.49841,0.6984,0.8634,0.94617,0.9958,1.0416
20.0,0.01092,0.028501,0.060724,0.12072,0.22841,0.38432,0.54527,0.68291,0.75433,0.79813,0.83929
25.0,0.0085956,0.022503,0.048144,0.096166,0.18293,0.30973,0.44253,0.55843,0.61977,0.65788,0.69409
30.0,0.0070448,0.018485,0.03966,0.079462,0.15166,0.25779,0.36996,0.46914,0.5223,0.5556,0.58747
40.0,0.005107,0.013448,0.028975,0.058286,0.1117,0.1908,0.27534,0.3513,0.39265,0.41883,0.44409
50.0,0.0039467,0.010425,0.022535,0.045466,0.087371,0.14973,0.21687,0.27782,0.31133,0.33269,0.3534
60.0,0.0031754,0.0084117,0.018239,0.036891,0.071051,0.12208,0.17734,0.22792,0.25593,0.27387,0.29135
70.0,0.0026266,0.0069774,0.015173,0.030761,0.059366,0.10224,0.14891,0.19192,0.2159,0.23131,0.24638
80.0,0.002217,0.0059053,0.012878,0.026167,0.050598,0.087336,0.12751,0.16477,0.18566,0.19914,0.21236
90.0,0.0019,0.0050748,0.011097,0.0226,0.043784,0.075738,0.11084,0.14359,0.16205,0.17401,0.18576
100.0,0.001648,0.0044136,0.0096777,0.019753,0.038342,0.066467,0.097497,0.12662,0.14312,0.15384,0.1644
110.0,0.0014432,0.0038756,0.0085211,0.017431,0.033901,0.058894,0.086589,0.11273,0.12761,0.13731,0.1469
120.0,0.0012739,0.00343,0.0075618,0.015503,0.030211,0.052598,0.077512,0.10116,0.11469,0.12354,0.1323
130.0,0.0011318,0.0030556,0.0067544,0.01388,0.027101,0.047286,0.069847,0.091381,0.10376,0.11188,0.11994
140.0,0.0010111,0.002737,0.0060665,0.012494,0.024446,0.042749,0.063294,0.083012,0.094401,0.10189,0.10934
150.0,9.0748E-4,0.0024632,0.0054742,0.011301,0.022156,0.038832,0.057633,0.075774,0.086302,0.093247,0.10017
175.0,7.0415E-4,0.0019241,0.0043048,0.0089388,0.017621,0.031062,0.046381,0.061367,0.070164,0.076009,0.081869
200.0,5.5636E-4,0.0015304,0.0034469,0.0072008,0.014276,0.025317,0.038041,0.050658,0.05815,0.063161,0.068213
250.0,3.6036E-4,0.0010045,0.0022928,0.0048503,0.0097344,0.017485,0.02662,0.035928,0.041579,0.04541,0.049313
300.0,2.4106E-4,6.8096E-4,0.0015751,0.0033762,0.0068672,0.012505,0.019305,0.026424,0.03084,0.033873,0.036994
350.0,1.6466E-4,4.7137E-4,0.0011049,0.0024011,0.0049547,0.0091544,0.01434,0.019917,0.023451,0.025908,0.028461
400.0,1.1417E-4,3.3119E-4,7.8668E-4,0.0017342,0.0036334,0.0068161,0.01084,0.015285,0.01816,0.020184,0.022306
450.0,8.0105E-5,2.3547E-4,5.6679E-4,0.0012679,0.002699,0.0051435,0.0083086,0.011898,0.014266,0.015953,0.017738
500.0,5.6793E-5,1.6918E-4,4.1264E-4,9.369E-4,0.0020273,0.003926,0.0064432,0.0093721,0.011343,0.012763,0.014278
600.0,2.9434E-5,9.0034E-5,2.2551E-4,5.2756E-4,0.0011797,0.0023594,0.0039972,0.005999,0.0073967,0.0084258,0.0095425
700.0,1.5929E-5,5.0034E-5,1.2869E-4,3.0997E-4,7.1532E-4,0.0014759,0.0025784,0.0039893,0.0050087,0.0057745,0.0066186
800.0,9.0239E-6,2.9106E-5,7.6871E-5,1.9038E-4,4.523E-4,9.6067E-4,0.0017275,0.0027509,0.0035139,0.004098,0.0047512
1000.0,3.6289E-6,1.2342E-5,3.437E-5,8.9755E-5,2.2484E-4,5.0354E-4,9.5477E-4,0.0016031,0.002114,0.0025182,0.0029821
1200.0,1.5201E-6,5.4513E-6,1.6007E-5,4.4078E-5,1.1642E-4,2.7493E-4,5.4968E-4,9.7319E-4,0.0013248,0.0016119,0.0019497
1500.0,4.3342E-7,1.6829E-6,5.3505E-6,1.5952E-5,4.5622E-5,1.1665E-4,2.5251E-4,4.8406E-4,6.9112E-4,8.6807E-4,0.001084
SA0P15
r\m,4.0,4.5,5.0,5.5,6.0,6.5,7.0,7.5,7.8,8.0,8.2
0.0,0.15677,0.22723,0.33563,0.52214,0.83029,1.215,1.5633,1.8009,1.9025,1.9579,2.0055
1.0,0.12861,0.21219,0.32459,0.51199,0.81957,1.2043,1.553,1.7918,1.8942,1.9502,1.9983
5.0,0.042066,0.10196,0.19733,0.35993,0.63235,0.99031,1.3331,1.5863,1.7013,1.7663,1.8235
10.0,0.021281,0.054491,0.11306,0.22151,0.41592,0.69229,0.98025,1.2174,1.3353,1.4053,1.4694
15.0,0.01405,0.036423,0.076922,0.15392,0.29578,0.50552,0.7336,0.93326,1.038,1.1023,1.1627
20.0,0.010403,0.027109,0.057675,0.1164,0.22587,0.39114,0.57443,0.74004,0.82946,0.88546,0.93888
25.0,0.0082079,0.021456,0.04584,0.092935,0.18122,0.3163,0.46755,0.6067,0.68311,0.7315,0.77809
30.0,0.006743,0.017667,0.037855,0.076962,0.15051,0.26415,0.39203,0.51099,0.57703,0.61916,0.65996
40.0,0.0049115,0.012916,0.027791,0.056702,0.11124,0.19683,0.29347,0.3846,0.43585,0.46882,0.501
50.0,0.0038135,0.01006,0.021721,0.044425,0.087309,0.15551,0.2325,0.30571,0.34721,0.37406,0.40037
60.0,0.0030827,0.0081561,0.017665,0.036203,0.071499,0.12765,0.19124,0.25208,0.28676,0.3093,0.33145
70.0,0.0025618,0.0067974,0.014765,0.030317,0.060215,0.10763,0.16152,0.21334,0.24303,0.26238,0.28146
80.0,0.0021722,0.0057799,0.012591,0.025898,0.051728,0.09256,0.13911,0.18409,0.20996,0.22688,0.2436
90.0,0.0018701,0.00499,0.010901,0.02246,0.045114,0.080808,0.12163,0.16123,0.18411,0.19911,0.21396
100.0,0.0016293,0.0043596,0.0095507,0.01971,0.039817,0.071391,0.10761,0.14288,0.16335,0.17679,0.19014
110.0,0.0014331,0.0038452,0.0084472,0.017503,0.035479,0.063679,0.096118,0.12784,0.14631,0.15848,0.17058
120.0,0.0012704,0.0034179,0.0075292,0.015711,0.031863,0.057249,0.086534,0.11529,0.13209,0.14318,0.15424
130.0,0.0011355,0.0030603,0.006754,0.014194,0.028803,0.051808,0.07842,0.10465,0.12003,0.13021,0.14038
140.0,0.0010244,0.0027684,0.0061261,0.012894,0.026181,0.047144,0.071463,0.095528,0.10969,0.11908,0.12848
150.0,9.2836E-4,0.0025158,0.0055826,0.011767,0.02391,0.043104,0.065435,0.087618,0.10072,0.10943,0.11816
175.0,7.3768E-4,0.0020129,0.0044973,0.0095162,0.019375,0.035035,0.053387,0.071796,0.082763,0.090095,0.097477
200.0,5.9656E-4,0.001639,0.0036869,0.0078336,0.015987,0.029005,0.044374,0.059942,0.069298,0.075588,0.081949
250.0,4.0408E-4,0.0011253,0.002566,0.0055004,0.011291,0.020636,0.031842,0.043423,0.050505,0.055292,0.059956
300.0,2.8184E-4,7.9552E-4,0.0018386,0.0039794,0.0082269,0.015164,0.02362,0.032403,0.037717,0.041365,0.045117
350.0,1.9995E-4,5.7199E-4,0.0013398,0.0029302,0.0061088,0.011367,0.017743,0.024507,0.028775,0.031736,0.034807
400.0,1.4327E-4,4.1537E-4,9.8606E-4,0.0021806,0.0045901,0.0085244,0.013457,0.018859,0.022331,0.024767,0.027315
450.0,1.0326E-4,3.0338E-4,7.2988E-4,0.001625,0.0034162,0.0064482,0.010332,0.014689,0.017543,0.019568,0.021703
500.0,7.3315E-5,2.1841E-4,5.3278E-4,0.0012011,0.0025675,0.0049213,0.0080037,0.011547,0.013912,0.015607,0.017411
600.0,3.7645E-5,1.1514E-4,2.8835E-4,6.6974E-4,0.0014784,0.0029235,0.0049024,0.00729,0.0089425,0.010153,0.011463
700.0,1.9762E-5,6.2062E-5,1.5959E-4,3.8191E-4,8.7099E-4,0.0017782,0.0030772,0.00472,0.0058977,0.0067787,0.0077467
800.0,1.0657E-5,3.4367E-5,9.0745E-5,2.2368E-4,5.2685E-4,0.0011103,0.0019823,0.0031359,0.0039909,0.0046432,0.005371
1000.0,4.1493E-6,1.4108E-5,3.928E-5,1.0211E-4,2.5364E-4,5.6369E-4,0.0010613,0.0017706,0.0023263,0.0027646,0.0032665
1200.0,1.6848E-6,6.0405E-6,1.7733E-5,4.8609E-5,1.2734E-4,2.9846E-4,5.9261E-4,0.0010425,0.001414,0.0017165,0.0020717
1500.0,4.5935E-7,1.7832E-6,5.6679E-6,1.6824E-5,4.7728E-5,1.2112E-4,2.6038E-4,4.9591E-4,7.0542E-4,8.8392E-4,0.0011012
SA0P2
r\m,4.0,4.5,5.0,5.5,6.0,6.5,7.0,7.5,7.8,8.0,8.2
0.0,0.14324,0.2072,0.3055,0.48619,0.80457,1.2161,1.58,1.8377,1.9521,2.0161,2.0721
1.0,0.11759,0.19362,0.29564,0.47704,0.79463,1.2056,1.5699,1.8288,1.944,2.0085,2.065
5.0,0.038564,0.093287,0.18022,0.3362,0.61451,0.99199,1.3485,1.6201,1.7472,1.8202,1.8855
10.0,0.019575,0.050025,0.10361,0.20756,0.40536,0.69403,0.99244,1.2445,1.3724,1.4494,1.5206
15.0,0.012968,0.033551,0.070731,0.14468,0.28911,0.50721,0.74338,0.95481,1.0677,1.1378,1.2041
20.0,0.0096337,0.025056,0.053215,0.10977,0.22144,0.39278,0.58261,0.75778,0.85391,0.91468,0.97302
25.0,0.0076268,0.019899,0.04244,0.087916,0.1782,0.31791,0.47464,0.62178,0.70383,0.75624,0.80701
30.0,0.0062869,0.016442,0.035168,0.073041,0.14844,0.26573,0.39833,0.52415,0.59503,0.64061,0.68501
40.0,0.0046107,0.012103,0.025998,0.054166,0.11039,0.19838,0.29875,0.39519,0.45019,0.48585,0.52082
50.0,0.0036047,0.0094924,0.020461,0.04272,0.08719,0.15703,0.23713,0.31469,0.35923,0.38826,0.41685
60.0,0.0029343,0.0077502,0.016758,0.035049,0.071601,0.12915,0.19542,0.25994,0.2972,0.32156,0.34564
70.0,0.0024558,0.0065053,0.014108,0.029553,0.060416,0.10912,0.16537,0.22039,0.2523,0.27323,0.29396
80.0,0.0020973,0.0055715,0.012118,0.025422,0.052004,0.094027,0.14271,0.19051,0.21835,0.23665,0.25482
90.0,0.0018188,0.0048454,0.010569,0.022205,0.04545,0.08226,0.12501,0.16716,0.19179,0.20802,0.22416
100.0,0.0015964,0.0042649,0.0093294,0.019628,0.040199,0.072829,0.11082,0.14841,0.17045,0.18501,0.19951
110.0,0.0014148,0.0037903,0.0083146,0.017519,0.035899,0.065102,0.099191,0.13303,0.15293,0.16611,0.17927
120.0,0.0012638,0.0033953,0.0074687,0.01576,0.032313,0.058657,0.089482,0.12019,0.1383,0.15033,0.16235
130.0,0.0011364,0.0030614,0.0067531,0.014271,0.029278,0.053199,0.081256,0.1093,0.1259,0.13693,0.14799
140.0,0.0010275,0.0027757,0.0061398,0.012994,0.026676,0.048518,0.0742,0.099954,0.11524,0.12543,0.13566
150.0,9.3341E-4,0.0025285,0.0056085,0.011888,0.024421,0.04446,0.06808,0.091846,0.106,0.11545,0.12495
175.0,7.4648E-4,0.0020361,0.0045474,0.0096761,0.019912,0.036345,0.055832,0.075605,0.087471,0.095434,0.10347
200.0,6.0787E-4,0.0016694,0.003754,0.0080198,0.016535,0.030263,0.046646,0.06341,0.073547,0.080384,0.087311
250.0,4.1789E-4,0.0011633,0.0026518,0.0057124,0.01183,0.021782,0.033815,0.046343,0.054037,0.059278,0.06463
300.0,2.9603E-4,8.3531E-4,0.00193,0.0041942,0.0087328,0.016188,0.025329,0.03502,0.041066,0.045225,0.049507
350.0,2.1331E-4,6.1005E-4,0.0014286,0.0031337,0.0065665,0.012266,0.01936,0.027024,0.031882,0.035257,0.038759
400.0,1.5515E-4,4.497E-4,0.0010673,0.0023645,0.0049921,0.0094062,0.014989,0.021139,0.025101,0.027881,0.030789
450.0,1.1336E-4,3.3301E-4,8.01E-4,0.0017934,0.0038193,0.0072663,0.011701,0.016685,0.01995,0.022264,0.024703
500.0,8.2962E-5,2.4697E-4,6.0203E-4,0.0013631,0.0029318,0.0056381,0.0091827,0.013251,0.015961,0.0179,0.019961
600.0,4.435E-5,1.3559E-4,3.3943E-4,7.8759E-4,0.0017341,0.0034177,0.0057097,0.008457,0.010349,0.011731,0.013223
700.0,2.3579E-5,7.4026E-5,1.903E-4,4.5365E-4,0.0010271,0.0020823,0.0035795,0.0054561,0.0067931,0.0077897,0.0088821
800.0,1.2517E-5,4.0352E-5,1.0652E-4,2.6139E-4,6.1058E-4,0.0012769,0.0022636,0.0035574,0.0045106,0.0052353,0.006042
1000.0,4.7403E-6,1.6114E-5,4.4852E-5,1.1605E-4,2.8584E-4,6.3031E-4,0.0011782,0.0019524,0.0025555,0.0030297,0.0035715
1200.0,1.8701E-6,6.703E-6,1.9673E-5,5.3673E-5,1.394E-4,3.2411E-4,6.388E-4,0.0011162,0.0015082,0.0018264,0.0021991
1500.0,4.873E-7,1.8912E-6,6.0098E-6,1.7753E-5,4.9922E-5,1.2568E-4,2.682E-4,5.074E-4,7.191E-4,8.9894E-4,0.0011174
SA0P25
r\m,4.0,4.5,5.0,5.5,6.0,6.5,7.0,7.5,7.8,8.0,8.2
0.0,0.12389,0.17924,0.26431,0.43019,0.73677,1.1434,1.501,1.7615,1.8804,1.948,2.008
1.0,0.10176,0.16759,0.25592,0.42228,0.72796,1.1337,1.4916,1.7532,1.8728,1.9409,2.0014
5.0,0.033454,0.080928,0.15635,0.29816,0.56385,0.93337,1.282,1.554,1.6841,1.7599,1.8284
10.0,0.017031,0.04352,0.090123,0.1845,0.37269,0.65349,0.94413,1.1945,1.3237,1.4023,1.4755
15.0,0.011316,0.02927,0.061692,0.1289,0.26635,0.47794,0.70769,0.91709,1.0305,1.1015,1.1692
20.0,0.0084309,0.02192,0.046538,0.098023,0.20443,0.37039,0.55503,0.72835,0.82475,0.88615,0.94545
25.0,0.0066939,0.017457,0.037213,0.078692,0.16485,0.3,0.45249,0.59805,0.68026,0.73315,0.78467
30.0,0.0055337,0.014463,0.030919,0.06553,0.13762,0.25095,0.38002,0.5045,0.5755,0.62148,0.6665
40.0,0.0040813,0.010705,0.022978,0.048824,0.10279,0.18763,0.28543,0.38092,0.43602,0.47199,0.50743
50.0,0.0032088,0.0084415,0.01818,0.038689,0.081548,0.14875,0.22689,0.30376,0.34842,0.37772,0.4067
60.0,0.0026266,0.0069295,0.014968,0.031894,0.067122,0.12253,0.18726,0.25128,0.28867,0.31327,0.33768
70.0,0.0022105,0.005848,0.012668,0.027024,0.056734,0.10369,0.15871,0.21336,0.24541,0.26656,0.2876
80.0,0.0018983,0.0050359,0.01094,0.023363,0.048919,0.089492,0.13717,0.18472,0.2127,0.23121,0.24965
90.0,0.0016555,0.0044037,0.0095927,0.020511,0.042828,0.078421,0.12036,0.16232,0.1871,0.20352,0.21992
100.0,0.0014612,0.0038976,0.0085137,0.018226,0.037947,0.069545,0.10686,0.14433,0.16653,0.18127,0.19602
110.0,0.0013024,0.0034834,0.0076299,0.016331,0.033949,0.062271,0.0958,0.12957,0.14964,0.163,0.17638
120.0,0.0011702,0.0031383,0.0068927,0.014721,0.030613,0.056201,0.086563,0.11724,0.13553,0.14772,0.15995
130.0,0.0010571,0.0028447,0.0062686,0.013358,0.027788,0.051059,0.078736,0.10679,0.12355,0.13475,0.14601
140.0,9.5809E-4,0.0025852,0.0057127,0.012188,0.025365,0.046648,0.072017,0.097811,0.11327,0.12362,0.13403
150.0,8.7241E-4,0.0023605,0.0052303,0.011173,0.023264,0.042822,0.066188,0.090017,0.10434,0.11394,0.12362
175.0,7.0171E-4,0.0019116,0.0042649,0.0091423,0.019059,0.035162,0.054509,0.07439,0.08642,0.094523,0.10272
200.0,5.7467E-4,0.0015763,0.0035409,0.0076178,0.015904,0.029413,0.045734,0.062634,0.072928,0.079893,0.086963
250.0,3.9956E-4,0.0011111,0.0025303,0.0054858,0.011494,0.021366,0.033434,0.046119,0.053948,0.059333,0.065208
300.0,2.8629E-4,8.0713E-4,0.0018634,0.0040731,0.0085709,0.016024,0.025244,0.035312,0.041897,0.04646,0.051178
350.0,2.0867E-4,5.9638E-4,0.0013957,0.0030775,0.0065086,0.012244,0.019681,0.027994,0.033335,0.037069,0.040958
400.0,1.5348E-4,4.4464E-4,0.0010548,0.0023472,0.0049923,0.00965,0.015674,0.022436,0.02684,0.029946,0.033204
450.0,1.1329E-4,3.3268E-4,7.9994E-4,0.0018111,0.0039589,0.0076789,0.012551,0.018108,0.021779,0.02439,0.027149
500.0,8.6201E-5,2.563E-4,6.2405E-4,0.0014297,0.0031356,0.0061198,0.010082,0.01468,0.01776,0.01997,0.022323
600.0,4.9288E-5,1.5057E-4,3.7665E-4,8.7936E-4,0.0019563,0.0038851,0.0065268,0.0097067,0.0119,0.013504,0.015235
700.0,2.7596E-5,8.6591E-5,2.2248E-4,5.3147E-4,0.0012073,0.0024521,0.0042185,0.0063899,0.0079292,0.0090744,0.010328
800.0,1.5156E-5,4.884E-5,1.2887E-4,3.1596E-4,7.3429E-4,0.0015208,0.0026756,0.0041781,0.0052796,0.006115,0.0070429
1000.0,5.7448E-6,1.952E-5,5.431E-5,1.4037E-4,3.4202E-4,7.4736E-4,0.0013866,0.0022833,0.0029784,0.0035234,0.0041448
1200.0,2.2642E-6,8.1122E-6,2.3798E-5,6.4538E-5,1.6573E-4,3.8195E-4,7.4723E-4,0.0012972,0.0017466,0.0021104,0.0025356
1500.0,5.8294E-7,2.2609E-6,7.1797E-6,2.1064E-5,5.8594E-5,1.462E-4,3.0958E-4,5.8167E-4,8.2119E-4,0.001024,0.0012699
SA0P3
r\m,4.0,4.5,5.0,5.5,6.0,6.5,7.0,7.5,7.8,8.0,8.2
0.0,0.10214,0.14817,0.21901,0.36461,0.6431,1.0179,1.3619,1.6248,1.7501,1.8234,1.8899
1.0,0.083943,0.1386,0.21215,0.35803,0.63555,1.0095,1.3537,1.6175,1.7434,1.8172,1.8841
5.0,0.027655,0.067062,0.12983,0.25313,0.49271,0.83197,1.1646,1.4351,1.5693,1.6493,1.7229
10.0,0.014116,0.036149,0.075003,0.15688,0.32603,0.58326,0.85878,1.1045,1.235,1.3158,1.3921
15.0,0.0094029,0.024369,0.051451,0.10979,0.23327,0.42714,0.64453,0.84904,0.96265,1.0349,1.1044
20.0,0.0070234,0.018291,0.038894,0.083618,0.17923,0.33146,0.50614,0.67516,0.7714,0.83354,0.89417
25.0,0.00559,0.014599,0.031164,0.067233,0.14469,0.26883,0.41317,0.55507,0.63706,0.69049,0.74303
30.0,0.0046322,0.012122,0.025945,0.056073,0.12092,0.22518,0.34744,0.46885,0.53963,0.58605,0.63192
40.0,0.0034323,0.0090102,0.019357,0.041904,0.09051,0.16882,0.26165,0.35492,0.4099,0.44621,0.48231
50.0,0.0027105,0.0071344,0.015373,0.033303,0.071962,0.13421,0.20855,0.28377,0.3284,0.35801,0.38755
60.0,0.0022281,0.0058796,0.012704,0.027534,0.059402,0.11087,0.17259,0.23537,0.27279,0.29769,0.32261
70.0,0.0018828,0.0049808,0.01079,0.023395,0.050364,0.094083,0.14668,0.20039,0.23253,0.25398,0.27547
80.0,0.0016232,0.0043048,0.0093497,0.020282,0.043562,0.08144,0.12713,0.17396,0.20207,0.22087,0.23974
90.0,0.0014209,0.0037778,0.0082261,0.017854,0.038258,0.071575,0.11187,0.15329,0.17824,0.19495,0.21175
100.0,0.0012588,0.0033551,0.0073247,0.015907,0.034006,0.063664,0.099614,0.13669,0.15908,0.1741,0.18923
110.0,0.0011259,0.0030086,0.0065852,0.014297,0.030521,0.057179,0.089563,0.12306,0.14334,0.15697,0.17072
120.0,0.001015,0.0027192,0.0059674,0.012936,0.027612,0.051765,0.081169,0.11167,0.13018,0.14265,0.15524
130.0,9.2026E-4,0.002473,0.0054435,0.011781,0.025147,0.047176,0.074051,0.10201,0.11901,0.13049,0.14209
140.0,8.3764E-4,0.0022569,0.0049812,0.01079,0.023031,0.043238,0.067939,0.093703,0.10942,0.12003,0.13078
150.0,7.6599E-4,0.0020694,0.0045794,0.0099285,0.021195,0.039819,0.062632,0.08649,0.10107,0.11094,0.12095
175.0,6.2264E-4,0.0016934,0.0037727,0.008201,0.017515,0.032966,0.051986,0.072006,0.084315,0.092674,0.10118
200.0,5.1527E-4,0.001411,0.0031648,0.0068998,0.014747,0.027809,0.043966,0.06108,0.071661,0.078871,0.086224
250.0,3.6586E-4,0.0010157,0.0023098,0.0050691,0.010856,0.020554,0.032665,0.045647,0.053755,0.059363,0.065534
300.0,2.6783E-4,7.5397E-4,0.0017384,0.0038429,0.0082522,0.015689,0.02506,0.035475,0.042398,0.047233,0.052263
350.0,1.9953E-4,5.6957E-4,0.0013315,0.0029662,0.0063887,0.012197,0.01987,0.028627,0.034328,0.038341,0.042542
400.0,1.5002E-4,4.342E-4,0.0010291,0.0023108,0.0049923,0.0097996,0.016137,0.023379,0.028149,0.031532,0.035096
450.0,1.1313E-4,3.3195E-4,7.9762E-4,0.001821,0.0040484,0.0079689,0.01319,0.019239,0.023271,0.026153,0.029208
500.0,8.8274E-5,2.6224E-4,6.38E-4,0.0014741,0.0032844,0.0064958,0.010821,0.015904,0.019335,0.021806,0.024442
600.0,5.3364E-5,1.629E-4,4.0723E-4,9.5687E-4,0.0021533,0.0043158,0.0073044,0.010928,0.013438,0.015276,0.017262
700.0,3.1594E-5,9.9076E-5,2.5442E-4,6.0994E-4,0.0013941,0.0028445,0.00491,0.0074069,0.0091721,0.010484,0.011919
800.0,1.8254E-5,5.8795E-5,1.5507E-4,3.804E-4,8.8188E-4,0.0018131,0.0031719,0.0049307,0.0062157,0.0071885,0.0082677
1000.0,7.0128E-6,2.3817E-5,6.6233E-5,1.713E-4,4.1416E-4,8.9926E-4,0.0016602,0.0027226,0.0035438,0.0041865,0.0049186
1200.0,2.8029E-6,1.0037E-5,2.9433E-5,7.9494E-5,2.026E-4,4.6434E-4,9.0444E-4,0.0015644,0.0021021,0.0025367,0.0030442
1500.0,7.3282E-7,2.8401E-6,9.0127E-6,2.6329E-5,7.2804E-5,1.8084E-4,3.8154E-4,7.1462E-4,0.0010072,0.0012546,0.0015542
SA0P4
r\m,4.0,4.5,5.0,5.5,6.0,6.5,7.0,7.5,7.8,8.0,8.2
0.0,0.070822,0.10372,0.15463,0.26781,0.49664,0.81346,1.1267,1.3848,1.5161,1.5961,1.671
1.0,0.058253,0.097095,0.14989,0.26311,0.49098,0.8071,1.1204,1.3792,1.511,1.5914,1.6666
5.0,0.019257,0.04712,0.091975,0.18639,0.38117,0.66637,0.96556,1.2257,1.3624,1.4468,1.5266
10.0,0.0098703,0.025494,0.053308,0.11581,0.25266,0.46821,0.71351,0.94534,1.0745,1.1567,1.2361
15.0,0.0066016,0.017249,0.036687,0.081244,0.18108,0.34365,0.53667,0.72829,0.83936,0.91175,0.98287
20.0,0.0049507,0.012993,0.027822,0.062029,0.13937,0.26728,0.42236,0.58041,0.67408,0.736,0.7975
25.0,0.0039558,0.010407,0.022363,0.049994,0.1127,0.21727,0.34554,0.47823,0.55792,0.61104,0.66417
30.0,0.0032906,0.0086707,0.018675,0.041794,0.094344,0.18242,0.29122,0.40484,0.47365,0.51978,0.56612
40.0,0.0024565,0.0064879,0.014017,0.031378,0.070851,0.1374,0.22031,0.30786,0.36141,0.39755,0.43406
50.0,0.0019538,0.0051704,0.011197,0.025051,0.056516,0.10975,0.17641,0.24728,0.2909,0.32044,0.35039
60.0,0.0016173,0.0042878,0.0093059,0.020803,0.046876,0.091099,0.14669,0.20607,0.24278,0.26772,0.29305
70.0,0.0013757,0.0036542,0.0079475,0.017753,0.039953,0.077689,0.12527,0.17629,0.20795,0.2295,0.25143
80.0,0.0011937,0.0031768,0.0069236,0.015456,0.034742,0.067586,0.10911,0.15379,0.18159,0.20056,0.21989
90.0,0.0010514,0.0028037,0.0061234,0.013662,0.030676,0.059703,0.096488,0.1362,0.16097,0.1779,0.19519
100.0,9.3693E-4,0.0025037,0.00548,0.012222,0.027416,0.053381,0.08636,0.12206,0.14439,0.15968,0.17531
110.0,8.4283E-4,0.002257,0.0049511,0.01104,0.024744,0.048197,0.078052,0.11046,0.13078,0.14471,0.15897
120.0,7.6403E-4,0.0020505,0.0045082,0.010052,0.022512,0.043869,0.071113,0.10077,0.1194,0.1322,0.14531
130.0,6.9704E-4,0.0018749,0.0041317,0.0092125,0.020619,0.040201,0.065229,0.09254,0.10974,0.12157,0.13371
140.0,6.3935E-4,0.0017237,0.0038074,0.008491,0.018995,0.037051,0.060175,0.085472,0.10144,0.11244,0.12373
150.0,5.8914E-4,0.0015921,0.0035251,0.0078637,0.017584,0.034317,0.055787,0.079331,0.094224,0.10449,0.11506
175.0,4.8806E-4,0.001327,0.0029562,0.0066027,0.014753,0.028832,0.04698,0.066998,0.079727,0.088535,0.097619
200.0,4.1164E-4,0.0011263,0.0025251,0.0056498,0.01262,0.024699,0.040338,0.057687,0.068775,0.076474,0.084435
250.0,3.0383E-4,8.4234E-4,0.0019134,0.0043014,0.0096112,0.018868,0.030954,0.044512,0.053264,0.05938,0.06574
300.0,2.3167E-4,6.5103E-4,0.0014988,0.0033892,0.0075809,0.01493,0.024605,0.035578,0.042731,0.047763,0.053024
350.0,1.8026E-4,5.1356E-4,0.0011985,0.0027278,0.0061108,0.012075,0.019993,0.029072,0.03505,0.039284,0.043734
400.0,1.4203E-4,4.1025E-4,9.7062E-4,0.0022243,0.0049924,0.0099005,0.016472,0.024093,0.029163,0.032778,0.036599
450.0,1.127E-4,3.3005E-4,7.9164E-4,0.0018272,0.0041106,0.0081839,0.013687,0.020145,0.024488,0.027605,0.030918
500.0,8.9714E-5,2.6635E-4,6.4762E-4,0.001506,0.0033976,0.0067942,0.011427,0.016934,0.020676,0.023382,0.026275
600.0,5.6719E-5,1.7304E-4,4.3232E-4,0.0010216,0.0023227,0.0046951,0.008002,0.012041,0.01485,0.016911,0.019141
700.0,3.5292E-5,1.1061E-4,2.8391E-4,6.8306E-4,0.001571,0.0032209,0.00558,0.0085501,0.010668,0.012247,0.013976
800.0,2.1417E-5,6.8953E-5,1.8178E-4,4.4637E-4,0.0010432,0.0021781,0.0038496,0.0060257,0.0076195,0.0088269,0.010167
1000.0,8.3566E-6,2.8368E-5,7.8857E-5,2.0418E-4,5.0315E-4,0.0011077,0.0020643,0.0034072,0.0044475,0.0052627,0.0061914
1200.0,3.3965E-6,1.2157E-5,3.5634E-5,9.7285E-5,2.5279E-4,5.8682E-4,0.0011531,0.0020068,0.0027042,0.0032684,0.0039276
1500.0,9.255E-7,3.5869E-6,1.1383E-5,3.3649E-5,9.4669E-5,2.3795E-4,5.0626E-4,9.5397E-4,0.0013483,0.0016822,0.0020869
SA0P5
r\m,4.0,4.5,5.0,5.5,6.0,6.5,7.0,7.5,7.8,8.0,8.2
0.0,0.050268,0.074924,0.11344,0.20335,0.39425,0.66793,0.95011,1.1938,1.3226,1.4029,1.4793
1.0,0.04137,0.070175,0.11002,0.19986,0.38988,0.66289,0.94503,1.1893,1.3185,1.399,1.4758
5.0,0.013707,0.034125,0.067631,0.14181,0.30307,0.54792,0.81528,1.0581,1.1901,1.2733,1.3532
10.0,0.0070455,0.01851,0.039287,0.088282,0.20122,0.38553,0.60325,0.81707,0.93977,1.0193,1.0971
15.0,0.0047255,0.012555,0.027099,0.062051,0.14445,0.28337,0.45434,0.63029,0.73507,0.80446,0.87349
20.0,0.0035538,0.0094809,0.020597,0.047467,0.11135,0.22071,0.35805,0.50296,0.5911,0.65025,0.7097
25.0,0.0028475,0.0076126,0.016593,0.038331,0.090193,0.17967,0.29332,0.41497,0.48989,0.54057,0.59184
30.0,0.0023753,0.0063585,0.013887,0.032106,0.075622,0.15106,0.24754,0.35176,0.41645,0.46045,0.50515
40.0,0.001783,0.0047813,0.01047,0.024196,0.056976,0.11411,0.18778,0.26821,0.31863,0.35314,0.38838
50.0,0.0014259,0.0038292,0.0084006,0.019391,0.045595,0.091415,0.15078,0.21603,0.25717,0.28544,0.3144
60.0,0.0011867,0.0031909,0.0070121,0.016164,0.03794,0.076105,0.12573,0.18053,0.21524,0.23915,0.2637
70.0,0.0010149,0.0027326,0.0060147,0.013846,0.032443,0.065095,0.10768,0.15489,0.18489,0.2056,0.22692
80.0,8.8534E-4,0.0023871,0.0052626,0.0121,0.028304,0.056801,0.094061,0.13551,0.16193,0.18021,0.19905
90.0,7.8394E-4,0.0021168,0.0046745,0.010736,0.025074,0.05033,0.083428,0.12037,0.14397,0.16034,0.17722
100.0,7.0231E-4,0.0018993,0.0042014,0.0096411,0.022485,0.04514,0.074897,0.1082,0.12955,0.14436,0.15967
110.0,6.351E-4,0.0017203,0.0038123,0.0087416,0.020361,0.040885,0.067901,0.098222,0.1177,0.13125,0.14526
120.0,5.7873E-4,0.0015703,0.0034862,0.0079893,0.018587,0.037333,0.062059,0.089885,0.1078,0.12028,0.13321
130.0,5.3074E-4,0.0014426,0.0032088,0.0073504,0.017083,0.034322,0.057107,0.082816,0.099408,0.11098,0.12299
140.0,4.8935E-4,0.0013326,0.0029697,0.0068009,0.015792,0.031738,0.052855,0.076744,0.092197,0.10299,0.1142
150.0,4.5326E-4,0.0012367,0.0027614,0.0063229,0.014671,0.029495,0.049165,0.071472,0.085934,0.096052,0.10657
175.0,3.8039E-4,0.001043,0.0023411,0.0053613,0.012421,0.024998,0.041764,0.060897,0.073369,0.082127,0.09126
200.0,3.2502E-4,8.9596E-4,0.0020219,0.0046341,0.010726,0.021612,0.036192,0.052931,0.063903,0.071636,0.079727
250.0,2.4634E-4,6.8678E-4,0.0015677,0.0036042,0.0083359,0.016844,0.028343,0.041709,0.050574,0.056838,0.063116
300.0,1.9311E-4,5.4483E-4,0.0012587,0.0029069,0.0067261,0.013636,0.023066,0.033986,0.04102,0.045992,0.051208
350.0,1.5478E-4,4.4212E-4,0.0010342,0.0024016,0.0055644,0.011327,0.019051,0.02795,0.033859,0.038061,0.042493
400.0,1.2598E-4,3.6445E-4,8.634E-4,0.0020176,0.0046869,0.0094058,0.015806,0.023318,0.028354,0.031958,0.035779
450.0,1.0371E-4,3.0393E-4,7.2941E-4,0.0017055,0.0038906,0.0078347,0.013228,0.019629,0.023962,0.027084,0.03041
500.0,8.3615E-5,2.4856E-4,6.0503E-4,0.0014187,0.0032431,0.0065557,0.011126,0.016611,0.020362,0.023081,0.025995
600.0,5.4025E-5,1.6492E-4,4.1226E-4,9.8106E-4,0.0022562,0.0046027,0.0079028,0.011962,0.014795,0.016877,0.019132
700.0,3.4341E-5,1.0767E-4,2.7642E-4,6.6877E-4,0.001552,0.0032038,0.0055783,0.008776,0.011099,0.012843,0.014762
800.0,2.1246E-5,6.8411E-5,1.8038E-4,4.446E-4,0.0010569,0.0022762,0.0041161,0.0065572,0.008364,0.0097395,0.011271
1000.0,8.3204E-6,2.8249E-5,7.8538E-5,2.0405E-4,5.2117E-4,0.0011807,0.0022482,0.0037731,0.0049663,0.0059058,0.0069797
1200.0,3.393E-6,1.2147E-5,3.5608E-5,9.9147E-5,2.6729E-4,6.3737E-4,0.0012783,0.0022605,0.0030705,0.0037289,0.0045008
1500.0,9.513E-7,3.6905E-6,1.1723E-5,3.542E-5,1.0303E-4,2.6549E-4,5.7581E-4,0.0011016,0.0015689,0.0019665,0.0024497
SA0P75
r\m,4.0,4.5,5.0,5.5,6.0,6.5,7.0,7.5,7.8,8.0,8.2
0.0,0.022808,0.035958,0.05715,0.1098,0.23189,0.42071,0.6313,0.82772,0.93737,1.0078,1.0765
1.0,0.018784,0.0337,0.055455,0.10798,0.22943,0.41772,0.62816,0.82485,0.93477,1.0054,1.0743
5.0,0.0062414,0.01643,0.034169,0.076785,0.17871,0.34587,0.54273,0.73484,0.84483,0.91625,0.98639
10.0,0.0032197,0.0089404,0.019906,0.047934,0.11895,0.24389,0.40234,0.56846,0.66827,0.73471,0.80107
15.0,0.0021674,0.0060839,0.01377,0.033785,0.085602,0.17965,0.30359,0.43926,0.52359,0.58082,0.63885
20.0,0.001636,0.0046093,0.010497,0.025916,0.066156,0.14022,0.2397,0.35113,0.42175,0.47027,0.51992
25.0,0.0013157,0.0037133,0.0084809,0.020985,0.053717,0.11439,0.19673,0.2902,0.35012,0.3916,0.4343
30.0,0.0011016,0.0031118,0.007119,0.017626,0.045151,0.096382,0.16634,0.24642,0.29814,0.33412,0.37131
40.0,8.3322E-4,0.0023557,0.0053989,0.013357,0.034184,0.073111,0.12664,0.18854,0.22889,0.25712,0.28644
50.0,6.7151E-4,0.0018994,0.0043578,0.010763,0.027489,0.058813,0.10207,0.15238,0.18537,0.20853,0.23267
60.0,5.6322E-4,0.0015936,0.0036593,0.0090209,0.022984,0.049165,0.085424,0.12779,0.15568,0.17531,0.19582
70.0,4.8549E-4,0.0013742,0.0031577,0.0077695,0.019747,0.042225,0.073427,0.11002,0.13419,0.15124,0.16909
80.0,4.2688E-4,0.0012087,0.0027795,0.0068265,0.017309,0.036995,0.064377,0.096593,0.11793,0.13303,0.14884
90.0,3.8102E-4,0.0010793,0.0024838,0.0060898,0.015406,0.032912,0.05731,0.086099,0.10522,0.11877,0.13298
100.0,3.441E-4,9.7519E-4,0.0022459,0.0054979,0.013878,0.029637,0.05164,0.077674,0.095013,0.10732,0.12024
110.0,3.137E-4,8.8948E-4,0.0020502,0.0050115,0.012625,0.026952,0.046989,0.070763,0.086633,0.097913,0.10978
120.0,2.8818E-4,8.1761E-4,0.0018862,0.0046045,0.011578,0.024709,0.043105,0.06499,0.079634,0.090057,0.10103
130.0,2.6644E-4,7.564E-4,0.0017466,0.0042586,0.01069,0.022807,0.039814,0.060096,0.073699,0.083395,0.093617
140.0,2.4766E-4,7.0359E-4,0.0016262,0.0039608,0.0099263,0.021175,0.036988,0.055895,0.068603,0.077674,0.087249
150.0,2.3127E-4,6.5751E-4,0.0015212,0.0037016,0.009263,0.019757,0.034536,0.052248,0.06418,0.072708,0.08172
175.0,1.9806E-4,5.6428E-4,0.001309,0.0031794,0.0079307,0.016915,0.029619,0.044938,0.055311,0.062751,0.070634
200.0,1.7268E-4,4.9315E-4,0.0011473,0.0027834,0.0069253,0.014774,0.02592,0.039436,0.048637,0.055257,0.06229
250.0,1.3618E-4,3.9113E-4,9.1604E-4,0.0022205,0.0055052,0.011758,0.020713,0.031695,0.039245,0.044701,0.050403
300.0,1.1099E-4,3.2094E-4,7.5736E-4,0.0018375,0.0045467,0.0097296,0.017213,0.026422,0.0327,0.037247,0.042105
350.0,9.2439E-5,2.6935E-4,6.4098E-4,0.0015586,0.0038532,0.0082658,0.014607,0.022426,0.027846,0.031793,0.036025
400.0,7.8135E-5,2.2964E-4,5.5153E-4,0.0013455,0.0033264,0.0070897,0.012541,0.019344,0.024095,0.02757,0.031313
450.0,6.6747E-5,1.9803E-4,4.8039E-4,0.0011731,0.0028713,0.0061315,0.010883,0.016861,0.021065,0.024155,0.027496
500.0,5.6629E-5,1.6984E-4,4.1663E-4,0.0010198,0.0024954,0.0053385,0.0095059,0.01479,0.018531,0.021294,0.02429
600.0,4.0806E-5,1.2516E-4,3.1419E-4,7.7645E-4,0.0018992,0.0040765,0.0073025,0.011452,0.014428,0.016644,0.019063
700.0,2.9062E-5,9.133E-5,2.3498E-4,5.8691E-4,0.0014352,0.0030903,0.005566,0.0090492,0.011657,0.013646,0.01586
800.0,2.0127E-5,6.4872E-5,1.7122E-4,4.3253E-4,0.0010722,0.0024025,0.0044967,0.0073795,0.0095626,0.011245,0.013134
1000.0,8.0721E-6,2.7434E-5,7.6348E-5,2.0314E-4,5.4335E-4,0.0012823,0.002529,0.0043743,0.0058505,0.0070263,0.0083816
1200.0,3.3685E-6,1.2071E-5,3.5421E-5,1.0128E-4,2.8661E-4,7.1261E-4,0.0014811,0.0027004,0.0037277,0.0045725,0.005571
1500.0,9.8169E-7,3.8129E-6,1.2127E-5,3.7711E-5,1.1536E-4,3.1026E-4,6.978E-4,0.0013769,0.0019933,0.0025238,0.0031739
SA1P0
r\m,4.0,4.5,5.0,5.5,6.0,6.5,7.0,7.5,7.8,8.0,8.2
0.0,0.012898,0.021221,0.034995,0.070231,0.15596,0.29503,0.45773,0.61647,0.7079,0.76769,0.82676
1.0,0.010625,0.019893,0.033964,0.069078,0.15434,0.29299,0.45553,0.61443,0.70605,0.76596,0.82522
5.0,0.0035341,0.0097074,0.020944,0.049163,0.12032,0.24277,0.39383,0.54772,0.63851,0.69848,0.75816
10.0,0.0018255,0.0052885,0.012214,0.030722,0.080168,0.17134,0.29219,0.42403,0.50546,0.56053,0.61622
15.0,0.0012305,0.003603,0.0084577,0.021676,0.057752,0.12633,0.22066,0.32791,0.39633,0.44348,0.49183
20.0,9.3008E-4,0.002733,0.0064537,0.016645,0.044678,0.098691,0.17435,0.26232,0.31949,0.35935,0.4006
25.0,7.4906E-4,0.0022044,0.0052198,0.013492,0.036314,0.080584,0.14322,0.21697,0.26544,0.29948,0.33491
30.0,6.2807E-4,0.0018496,0.0043862,0.011344,0.030554,0.067956,0.12119,0.18437,0.22621,0.25573,0.28657
40.0,4.7643E-4,0.0014037,0.0033336,0.0086149,0.023179,0.051639,0.092415,0.14129,0.17394,0.19711,0.22144
50.0,3.8513E-4,0.0011347,0.0026967,0.0069567,0.018676,0.041613,0.074599,0.11437,0.1411,0.16013,0.18018
60.0,3.2403E-4,9.5458E-4,0.0022695,0.0058431,0.015646,0.034847,0.062534,0.096066,0.11869,0.13485,0.15191
70.0,2.802E-4,8.2534E-4,0.0019629,0.0050432,0.013469,0.029979,0.053838,0.082839,0.10247,0.11653,0.1314
80.0,2.4717E-4,7.2795E-4,0.0017318,0.0044405,0.011829,0.026311,0.047278,0.072849,0.090215,0.10267,0.11587
90.0,2.2136E-4,6.5184E-4,0.0015511,0.0039697,0.010548,0.023447,0.042156,0.065042,0.08063,0.091834,0.10372
100.0,2.0059E-4,5.9062E-4,0.0014059,0.0035914,0.0095208,0.02115,0.038046,0.058776,0.072933,0.083127,0.093957
110.0,1.8349E-4,5.4025E-4,0.0012864,0.0032806,0.0086775,0.019266,0.034677,0.053637,0.06662,0.075983,0.085944
120.0,1.6915E-4,4.9803E-4,0.0011863,0.0030205,0.0079728,0.017693,0.031864,0.049347,0.061348,0.070018,0.079252
130.0,1.5694E-4,4.6209E-4,0.0011011,0.0027994,0.0073748,0.01636,0.02948,0.045711,0.056881,0.064963,0.073581
140.0,1.464E-4,4.3109E-4,0.0010276,0.0026091,0.006861,0.015215,0.027435,0.042592,0.053048,0.060624,0.068714
150.0,1.3721E-4,4.0404E-4,9.6356E-4,0.0024434,0.0064144,0.014221,0.02566,0.039887,0.049723,0.056861,0.064491
175.0,1.1858E-4,3.4933E-4,8.3415E-4,0.0021096,0.0055176,0.012229,0.022106,0.034469,0.043066,0.049326,0.056036
200.0,1.0434E-4,3.076E-4,7.3557E-4,0.0018564,0.004841,0.01073,0.019436,0.030401,0.038067,0.043668,0.049686
250.0,8.3847E-5,2.4771E-4,5.945E-4,0.0014966,0.0038863,0.0086235,0.01569,0.024696,0.031056,0.035731,0.040779
300.0,6.9663E-5,2.0646E-4,4.9774E-4,0.0012521,0.0032439,0.0072128,0.013184,0.02088,0.026363,0.030417,0.034814
350.0,5.9173E-5,1.7611E-4,4.269E-4,0.0010747,0.0027814,0.0061999,0.011385,0.018136,0.022985,0.026589,0.030513
400.0,5.1048E-5,1.5274E-4,3.7262E-4,9.3978E-4,0.0024315,0.0054344,0.010023,0.016052,0.020416,0.023674,0.027236
450.0,4.4533E-5,1.341E-4,3.2956E-4,8.3341E-4,0.0021564,0.0048315,0.0089468,0.014398,0.018372,0.021353,0.024623
500.0,3.9159E-5,1.188E-4,2.9437E-4,7.4687E-4,0.0019325,0.0043394,0.008064,0.013036,0.016684,0.019432,0.022459
600.0,3.0698E-5,9.4795E-5,2.3941E-4,6.1204E-4,0.0015825,0.0035648,0.0066639,0.010859,0.013976,0.016344,0.018971
700.0,2.4163E-5,7.6194E-5,1.9665E-4,5.0697E-4,0.0013085,0.0029536,0.0055495,0.0091109,0.011791,0.013845,0.01614
800.0,1.8814E-5,6.0721E-5,1.6047E-4,4.1748E-4,0.0010754,0.0024326,0.0045956,0.0076066,0.0099035,0.01168,0.013681
1000.0,7.7622E-6,2.6415E-5,7.3609E-5,2.0192E-4,5.4843E-4,0.0013081,0.0026058,0.0045478,0.0061124,0.0073636,0.0088098
1200.0,3.3359E-6,1.197E-5,3.5171E-5,1.0173E-4,2.9135E-4,7.3277E-4,0.0015391,0.0028323,0.0039298,0.0048356,0.0059093
1500.0,9.8836E-7,3.8399E-6,1.2216E-5,3.8259E-5,1.1864E-4,3.2307E-4,7.3471E-4,0.001464,0.0021304,0.0027062,0.0034139
SA1P5
r\m,4.0,4.5,5.0,5.5,6.0,6.5,7.0,7.5,7.8,8.0,8.2
0.0,0.0061422,0.010703,0.018549,0.038909,0.089988,0.1763,0.28163,0.38848,0.45161,0.49344,0.53519
1.0,0.005059,0.010032,0.018,0.038264,0.089042,0.17505,0.28024,0.38716,0.45039,0.49229,0.53416
5.0,0.0016816,0.0048922,0.011093,0.027218,0.069377,0.14498,0.24218,0.34499,0.40718,0.44881,0.49066
10.0,8.6796E-4,0.0026632,0.0064643,0.016997,0.046195,0.10226,0.17958,0.26696,0.32221,0.36005,0.3987
15.0,5.846E-4,0.001813,0.004473,0.011984,0.033257,0.075348,0.13554,0.20635,0.25254,0.28477,0.31814
20.0,4.4151E-4,0.0013742,0.0034107,0.0091955,0.025711,0.058827,0.10703,0.165,0.2035,0.23068,0.25906
25.0,3.553E-4,0.0011075,0.0027565,0.0074486,0.020884,0.048004,0.087869,0.1364,0.16901,0.19218,0.21653
30.0,2.9768E-4,9.2856E-4,0.0023145,0.0062582,0.017559,0.040456,0.074311,0.11586,0.14398,0.16406,0.18524
40.0,2.2545E-4,7.036E-4,0.0017564,0.0047457,0.013303,0.030703,0.056604,0.088705,0.11063,0.12638,0.14308
50.0,1.8195E-4,5.6788E-4,0.0014186,0.0038266,0.010704,0.02471,0.045639,0.071741,0.089675,0.10261,0.11637
60.0,1.5284E-4,4.7698E-4,0.0011921,0.0032092,0.0089548,0.020665,0.038214,0.060204,0.075382,0.086366,0.098079
70.0,1.3196E-4,4.1174E-4,0.0010294,0.0027657,0.0076978,0.017755,0.032862,0.05187,0.065041,0.074598,0.084812
80.0,1.1622E-4,3.6257E-4,9.0674E-4,0.0024315,0.0067506,0.015562,0.028825,0.045575,0.057224,0.065697,0.07477
90.0,1.0391E-4,3.2413E-4,8.1084E-4,0.0021703,0.0060111,0.01385,0.025673,0.040657,0.051114,0.058736,0.066913
100.0,9.4006E-5,2.9321E-4,7.337E-4,0.0019604,0.0054175,0.012476,0.023145,0.036711,0.046209,0.053148,0.060603
110.0,8.5854E-5,2.6776E-4,6.7023E-4,0.0017878,0.0049303,0.01135,0.021071,0.033475,0.042187,0.048564,0.055428
120.0,7.9017E-5,2.4643E-4,6.1703E-4,0.0016434,0.004523,0.010409,0.019341,0.030775,0.038831,0.044739,0.051109
130.0,7.3194E-5,2.2826E-4,5.7174E-4,0.0015206,0.0041774,0.0096116,0.017875,0.028488,0.035988,0.0415,0.047451
140.0,6.8167E-5,2.1259E-4,5.3268E-4,0.0014148,0.0038804,0.008927,0.016617,0.026527,0.033551,0.038722,0.044314
150.0,6.378E-5,1.9891E-4,4.9861E-4,0.0013227,0.0036222,0.0083328,0.015526,0.024827,0.031438,0.036315,0.041595
175.0,5.4896E-5,1.7124E-4,4.2972E-4,0.0011371,0.0031036,0.0071419,0.013343,0.021427,0.027214,0.031503,0.036163
200.0,4.8109E-5,1.5012E-4,3.772E-4,9.9615E-4,0.0027124,0.0062467,0.011706,0.01888,0.024053,0.027902,0.032098
250.0,3.836E-5,1.1985E-4,3.02E-4,7.9576E-4,0.0021609,0.0049919,0.0094188,0.01533,0.019647,0.022886,0.026439
300.0,3.165E-5,9.9059E-5,2.5046E-4,6.5978E-4,0.0017913,0.0041573,0.0079037,0.012983,0.016738,0.019575,0.022705
350.0,2.6739E-5,8.388E-5,2.1291E-4,5.616E-4,0.0015276,0.0035655,0.0068328,0.011326,0.014684,0.017238,0.02007
400.0,2.2997E-5,7.2346E-5,1.8442E-4,4.8778E-4,0.0013312,0.003127,0.0060403,0.010099,0.013163,0.015506,0.018116
450.0,2.0069E-5,6.3345E-5,1.6225E-4,4.3073E-4,0.0011806,0.0027914,0.0054331,0.0091566,0.011992,0.014172,0.01661
500.0,1.7732E-5,5.6184E-5,1.4466E-4,3.8576E-4,0.0010624,0.0025275,0.004954,0.0084094,0.011061,0.01311,0.015411
600.0,1.4273E-5,4.5664E-5,1.1899E-4,3.2049E-4,8.9023E-4,0.0021402,0.0042428,0.0072888,0.0096593,0.011507,0.013598
700.0,1.1846E-5,3.8383E-5,1.0148E-4,2.7599E-4,7.7052E-4,0.0018648,0.0037271,0.0063961,0.008473,0.010095,0.011931
800.0,9.9967E-6,3.2918E-5,8.8552E-5,2.4294E-4,6.7568E-4,0.0016181,0.0032096,0.005539,0.0073733,0.0088162,0.010461
1000.0,4.0417E-6,1.4032E-5,3.9799E-5,1.1521E-4,3.3513E-4,8.4649E-4,0.0017708,0.0032231,0.0044296,0.0054104,0.0065577
1200.0,1.703E-6,6.2337E-6,1.8642E-5,5.6526E-5,1.7311E-4,4.6117E-4,0.0010175,0.0019531,0.0027713,0.0034576,0.0042809
1500.0,4.8491E-7,1.9209E-6,6.2164E-6,2.037E-5,6.757E-5,1.9496E-4,4.6587E-4,9.6848E-4,0.0014415,0.0018568,0.0023733
SA2P0
r\m,4.0,4.5,5.0,5.5,6.0,6.5,7.0,7.5,7.8,8.0,8.2
0.0,0.0035404,0.0064281,0.011544,0.024898,0.05885,0.11746,0.19049,0.26579,0.3106,0.34035,0.37008
1.0,0.0029154,0.0060238,0.011201,0.024482,0.058222,0.11661,0.18953,0.26485,0.30972,0.33952,0.36932
5.0,9.683E-4,0.0029354,0.0068976,0.017402,0.045333,0.096514,0.16368,0.23586,0.27984,0.30936,0.33906
10.0,4.9925E-4,0.0015964,0.0040159,0.010857,0.030159,0.06802,0.12127,0.18237,0.22128,0.24801,0.27534
15.0,3.3591E-4,0.0010857,0.0027763,0.0076483,0.021693,0.050076,0.091455,0.14086,0.17332,0.19602,0.21956
20.0,2.5342E-4,8.2208E-4,0.0021149,0.0058636,0.016757,0.039063,0.072165,0.11254,0.13956,0.15868,0.17868
25.0,2.0372E-4,6.619E-4,0.0017077,0.0047454,0.013599,0.031849,0.059194,0.09297,0.11582,0.13211,0.14925
30.0,1.7049E-4,5.5439E-4,0.0014326,0.0039834,0.011424,0.026819,0.05002,0.078907,0.098595,0.1127,0.1276
40.0,1.2884E-4,4.1922E-4,0.0010851,0.0030152,0.0086393,0.020318,0.038038,0.060318,0.075646,0.086694,0.098429
50.0,1.0375E-4,3.3766E-4,8.747E-4,0.0024267,0.0069389,0.016324,0.030618,0.048707,0.061228,0.070291,0.079953
60.0,8.6954E-5,2.8301E-4,7.3357E-4,0.0020314,0.0057944,0.013628,0.025593,0.040809,0.051394,0.05908,0.067298
70.0,7.4899E-5,2.4378E-4,6.322E-4,0.0017473,0.0049717,0.011688,0.021971,0.035104,0.044278,0.05096,0.05812
80.0,6.5811E-5,2.142E-4,5.5575E-4,0.0015332,0.0043518,0.010225,0.019239,0.030794,0.038899,0.044817,0.051172
90.0,5.8703E-5,1.9107E-4,4.9596E-4,0.0013658,0.0038676,0.0090835,0.017105,0.027427,0.034693,0.040013,0.045737
100.0,5.2981E-5,1.7246E-4,4.4784E-4,0.0012312,0.0034789,0.0081673,0.015393,0.024725,0.031318,0.036155,0.041372
110.0,4.827E-5,1.5714E-4,4.0824E-4,0.0011206,0.0031598,0.0074158,0.013989,0.022509,0.028549,0.032992,0.037791
120.0,4.4317E-5,1.4429E-4,3.7503E-4,0.0010279,0.0028931,0.0067881,0.012817,0.02066,0.026239,0.030352,0.034803
130.0,4.0948E-5,1.3334E-4,3.4674E-4,9.4912E-4,0.0026666,0.0062559,0.011824,0.019094,0.024282,0.028116,0.032272
140.0,3.804E-5,1.2389E-4,3.2234E-4,8.8123E-4,0.0024719,0.0057989,0.010972,0.01775,0.022604,0.026199,0.030102
150.0,3.5501E-5,1.1564E-4,3.0104E-4,8.221E-4,0.0023026,0.0054022,0.010233,0.016585,0.02115,0.024537,0.028222
175.0,3.0359E-5,9.8947E-5,2.5795E-4,7.0279E-4,0.0019625,0.0046068,0.0087532,0.014256,0.018242,0.021216,0.024465
200.0,2.6429E-5,8.6201E-5,2.2507E-4,6.1215E-4,0.0017057,0.0040086,0.0076432,0.012511,0.016066,0.018731,0.021655
250.0,2.0786E-5,6.7914E-5,1.7793E-4,4.8308E-4,0.0013433,0.0031696,0.0060923,0.010079,0.013036,0.015275,0.017748
300.0,1.691E-5,5.5363E-5,1.4558E-4,3.9534E-4,0.0011003,0.0026114,0.0050658,0.0084752,0.01104,0.012999,0.015178
350.0,1.4085E-5,4.6215E-5,1.2198E-4,3.3192E-4,9.2681E-4,0.0022161,0.0043421,0.0073469,0.0096381,0.011401,0.013375
400.0,1.1947E-5,3.929E-5,1.0411E-4,2.8425E-4,7.9793E-4,0.0019243,0.0038094,0.0065172,0.0086071,0.010227,0.012049
450.0,1.029E-5,3.3921E-5,9.024E-5,2.4751E-4,6.9952E-4,0.0017024,0.0034048,0.0058863,0.0078222,0.009332,0.011039
500.0,8.9853E-6,2.9692E-5,7.9307E-5,2.1871E-4,6.229E-4,0.0015299,0.0030896,0.0053929,0.0072068,0.0086293,0.010244
600.0,7.1108E-6,2.3625E-5,6.3636E-5,1.7764E-4,5.1383E-4,0.001283,0.0026338,0.0046709,0.0062997,0.0075889,0.0090628
700.0,5.872E-6,1.9649E-5,5.3446E-5,1.5094E-4,4.4174E-4,0.0011157,0.0023161,0.0041533,0.0056393,0.0068239,0.0081863
800.0,4.9965E-6,1.6889E-5,4.6499E-5,1.3255E-4,3.8984E-4,9.8989E-4,0.0020675,0.0037336,0.0050936,0.0061845,0.007446
1000.0,1.9534E-6,6.9624E-6,2.0212E-5,6.0752E-5,1.884E-4,5.0443E-4,0.0011109,0.0021153,0.0029791,0.0036946,0.0045435
1200.0,7.9553E-7,2.9898E-6,9.1517E-6,2.9005E-5,9.4844E-5,2.6776E-4,6.2177E-4,0.0012484,0.001815,0.0022992,0.002888
1500.0,2.1743E-7,8.8474E-7,2.9323E-6,1.0062E-5,3.5626E-5,1.089E-4,2.738E-4,5.9524E-4,9.0766E-4,0.0011869,0.0015391
SA3P0
r\m,4.0,4.5,5.0,5.5,6.0,6.5,7.0,7.5,7.8,8.0,8.2
0.0,0.0014908,0.0028586,0.0053824,0.01208,0.029498,0.060384,0.099672,0.14043,0.16446,0.1802,0.19573
1.0,0.0012275,0.0026786,0.0052217,0.011877,0.029181,0.059944,0.099156,0.13991,0.16397,0.17974,0.1953
5.0,4.0757E-4,0.0013049,0.0032149,0.00844,0.022714,0.049596,0.0856,0.12454,0.14808,0.16369,0.17921
10.0,2.1006E-4,7.0939E-4,0.0018711,0.0052642,0.015106,0.034939,0.06339,0.096243,0.11702,0.13114,0.14544
15.0,1.4128E-4,4.8228E-4,0.0012931,0.003707,0.010862,0.025711,0.04778,0.074292,0.091596,0.10359,0.1159
20.0,1.0654E-4,3.6505E-4,9.8474E-4,0.0028411,0.0083867,0.020048,0.037683,0.059322,0.07371,0.083798,0.094255
25.0,8.561E-5,2.9381E-4,7.9485E-4,0.0022985,0.0068035,0.016338,0.030893,0.048976,0.061133,0.069721,0.078678
30.0,7.1619E-5,2.4599E-4,6.6656E-4,0.0019288,0.0057132,0.013751,0.026091,0.041542,0.052007,0.059437,0.067219
40.0,5.4077E-5,1.8588E-4,5.0452E-4,0.0014589,0.0043172,0.010408,0.019819,0.031715,0.039849,0.045662,0.051784
50.0,4.3509E-5,1.496E-4,4.0642E-4,0.0011733,0.0034646,0.008354,0.015935,0.025577,0.03221,0.036971,0.042006
60.0,3.6434E-5,1.2528E-4,3.406E-4,9.8146E-4,0.0028907,0.0069673,0.013304,0.021401,0.026999,0.031031,0.035307
70.0,3.1355E-5,1.0783E-4,2.9331E-4,8.4357E-4,0.0024782,0.0059693,0.011408,0.018384,0.023227,0.026727,0.030449
80.0,2.7525E-5,9.467E-5,2.5764E-4,7.3961E-4,0.0021672,0.0052168,0.0099764,0.016105,0.020376,0.023471,0.026771
90.0,2.4529E-5,8.4375E-5,2.2974E-4,6.5833E-4,0.0019243,0.0046292,0.0088584,0.014323,0.018146,0.020924,0.023892
100.0,2.2117E-5,7.6089E-5,2.0729E-4,5.9298E-4,0.0017292,0.0041575,0.0079611,0.012893,0.016356,0.018879,0.02158
110.0,2.013E-5,6.9265E-5,1.888E-4,5.3923E-4,0.0015691,0.0037705,0.0072251,0.01172,0.014887,0.017201,0.019684
120.0,1.8463E-5,6.3541E-5,1.7329E-4,4.9421E-4,0.0014351,0.0034471,0.0066104,0.01074,0.013661,0.0158,0.0181
130.0,1.7041E-5,5.8663E-5,1.6008E-4,4.5591E-4,0.0013213,0.0031728,0.0060893,0.00991,0.012622,0.014613,0.016759
140.0,1.5814E-5,5.4452E-5,1.4868E-4,4.229E-4,0.0012235,0.0029372,0.005642,0.0091978,0.011731,0.013595,0.015608
150.0,1.4742E-5,5.0776E-5,1.3873E-4,3.9414E-4,0.0011384,0.0027325,0.0052538,0.0085801,0.010958,0.012712,0.014611
175.0,1.2569E-5,4.3329E-5,1.1858E-4,3.3607E-4,9.6726E-4,0.0023218,0.0044759,0.0073436,0.0094119,0.010947,0.012618
200.0,1.0907E-5,3.7637E-5,1.0318E-4,2.919E-4,8.3786E-4,0.0020124,0.0038914,0.0064163,0.0082537,0.009626,0.011126
250.0,8.5167E-6,2.9456E-5,8.1068E-5,2.2886E-4,6.5483E-4,0.0015773,0.0030727,0.0051213,0.006639,0.0077862,0.0090527
300.0,6.8696E-6,2.3823E-5,6.584E-5,1.8584E-4,5.315E-4,0.0012866,0.0025287,0.004265,0.0055745,0.0065759,0.0076917
350.0,5.6642E-6,1.97E-5,5.4683E-5,1.5458E-4,4.43E-4,0.0010796,0.0021438,0.0036624,0.004828,0.0057292,0.0067422
400.0,4.7479E-6,1.6562E-5,4.6179E-5,1.3092E-4,3.7682E-4,9.2607E-4,0.0018599,0.0032205,0.0042826,0.0051125,0.0060531
450.0,4.034E-6,1.4114E-5,3.9529E-5,1.1254E-4,3.2594E-4,8.0886E-4,0.0016445,0.0028872,0.0038731,0.0046511,0.0055393
500.0,3.4689E-6,1.2171E-5,3.424E-5,9.7997E-5,2.8607E-4,7.1766E-4,0.0014779,0.0026311,0.0035599,0.0042993,0.0051494
600.0,2.6535E-6,9.3597E-6,2.6557E-5,7.6997E-5,2.2917E-4,5.8864E-4,0.0012441,0.0022749,0.003127,0.0038156,0.0046161
700.0,2.123E-6,7.5222E-6,2.1515E-5,6.3306E-5,1.9255E-4,5.0641E-4,0.0010963,0.002051,0.0028558,0.0035134,0.0042841
800.0,1.7771E-6,6.3204E-6,1.8212E-5,5.4391E-5,1.6887E-4,4.5318E-4,9.9956E-4,0.0019018,0.0026725,0.003307,0.0040551
1000.0,6.8672E-7,2.5754E-6,7.8256E-6,2.464E-5,8.0637E-5,2.2812E-4,5.3042E-4,0.0010639,0.0015432,0.0019504,0.0024426
1200.0,2.7646E-7,1.0933E-6,3.5033E-6,1.163E-5,4.0119E-5,1.1964E-4,2.9328E-4,6.2015E-4,9.2853E-4,0.0011986,0.0015332
1500.0,7.4282E-8,3.1812E-7,1.1038E-6,3.9668E-6,1.4811E-5,4.7811E-5,1.2686E-4,2.904E-4,4.56E-4,6.0761E-4,8.0229E-4
SA4P0
r\m,4.0,4.5,5.0,5.5,6.0,6.5,7.0,7.5,7.8,8.0,8.2
0.0,7.8092E-4,0.0015545,0.0030234,0.0069728,0.017399,0.036182,0.060296,0.085208,0.099645,0.10894,0.11794
1.0,6.4302E-4,0.0014566,0.0029332,0.0068557,0.017212,0.035917,0.059982,0.08489,0.099342,0.10865,0.11767
5.0,2.1349E-4,7.0961E-4,0.0018059,0.0048718,0.013397,0.029715,0.051773,0.075546,0.08969,0.098918,0.10794
10.0,1.1003E-4,3.8577E-4,0.0010511,0.0030386,0.0089092,0.020931,0.038333,0.058362,0.070853,0.079219,0.087556
15.0,7.3999E-5,2.6227E-4,7.2639E-4,0.0021398,0.0064057,0.015401,0.028887,0.045037,0.055439,0.062547,0.069743
20.0,5.5803E-5,1.9851E-4,5.5317E-4,0.0016399,0.0049458,0.012007,0.022778,0.035951,0.044596,0.050577,0.056693
25.0,4.4839E-5,1.5977E-4,4.465E-4,0.0013267,0.004012,0.0097842,0.01867,0.029671,0.036972,0.042062,0.047302
30.0,3.7509E-5,1.3377E-4,3.7443E-4,0.0011133,0.0033688,0.0082339,0.015764,0.025159,0.03144,0.035842,0.040394
40.0,2.832E-5,1.0107E-4,2.8341E-4,8.4207E-4,0.0025454,0.0062306,0.011969,0.019194,0.02407,0.027511,0.031088
50.0,2.2784E-5,8.134E-5,2.283E-4,6.7722E-4,0.0020424,0.0049993,0.0096185,0.015468,0.019439,0.022254,0.025193
60.0,1.9076E-5,6.8117E-5,1.9132E-4,5.6645E-4,0.0017038,0.004168,0.0080261,0.012933,0.01628,0.01866,0.021154
70.0,1.6415E-5,5.8623E-5,1.6475E-4,4.8684E-4,0.0014604,0.0035697,0.0068779,0.0111,0.013993,0.016056,0.018224
80.0,1.4408E-5,5.1464E-5,1.4471E-4,4.2681E-4,0.0012768,0.0031185,0.0060113,0.0097158,0.012263,0.014086,0.016005
90.0,1.2838E-5,4.5863E-5,1.2903E-4,3.7987E-4,0.0011335,0.0027661,0.0053342,0.0086333,0.01091,0.012544,0.014268
100.0,1.1573E-5,4.1354E-5,1.1642E-4,3.4213E-4,0.0010183,0.0024831,0.0047906,0.0077641,0.0098233,0.011305,0.012872
110.0,1.0532E-5,3.7641E-5,1.0602E-4,3.1109E-4,9.2375E-4,0.0022509,0.0043445,0.0070508,0.0089315,0.010288,0.011727
120.0,9.6572E-6,3.4525E-5,9.7307E-5,2.8508E-4,8.4462E-4,0.0020568,0.0039718,0.0064549,0.0081866,0.0094392,0.010771
130.0,8.9117E-6,3.187E-5,8.9879E-5,2.6294E-4,7.7742E-4,0.001892,0.0036557,0.0059498,0.0075553,0.0087195,0.00996
140.0,8.2677E-6,2.9577E-5,8.3467E-5,2.4387E-4,7.196E-4,0.0017505,0.0033843,0.0055162,0.0070134,0.0081019,0.0092645
150.0,7.705E-6,2.7574E-5,7.787E-5,2.2724E-4,6.6929E-4,0.0016275,0.0031486,0.0051398,0.0065432,0.0075662,0.0086613
175.0,6.5639E-6,2.3515E-5,6.653E-5,1.9364E-4,5.6803E-4,0.0013804,0.0026758,0.0043858,0.0056018,0.0064941,0.0074547
200.0,5.69E-6,2.041E-5,5.7859E-5,1.6807E-4,4.9137E-4,0.001194,0.0023199,0.0038193,0.0048953,0.0056901,0.0065507
250.0,4.43E-6,1.5938E-5,4.5379E-5,1.3149E-4,3.8265E-4,9.3103E-4,0.0018199,0.003026,0.0039079,0.0045682,0.0052913
300.0,3.5582E-6,1.2846E-5,3.6754E-5,1.0642E-4,3.0904E-4,7.544E-4,0.001486,0.002499,0.0032544,0.0038277,0.0044627
350.0,2.9167E-6,1.0571E-5,3.0401E-5,8.8105E-5,2.5589E-4,6.2788E-4,0.0012484,0.0021264,0.0027946,0.0033085,0.003884
400.0,2.4256E-6,8.8268E-6,2.5524E-5,7.4138E-5,2.1582E-4,5.333E-4,0.001072,0.0018521,0.0024579,0.0029301,0.0034646
450.0,2.0398E-6,7.4542E-6,2.1674E-5,6.3179E-5,1.8474E-4,4.6054E-4,9.3741E-4,0.0016448,0.0022054,0.0026479,0.0031538
500.0,1.7317E-6,6.3545E-6,1.858E-5,5.4413E-5,1.6014E-4,4.035E-4,8.3292E-4,0.0014857,0.0020134,0.0024348,0.0029211
600.0,1.2813E-6,4.7374E-6,1.4E-5,4.1521E-5,1.2455E-4,3.2224E-4,6.8659E-4,0.0012677,0.0017545,0.0021515,0.0026167
700.0,9.8529E-7,3.6616E-6,1.0919E-5,3.2918E-5,1.0142E-4,2.7083E-4,5.968E-4,0.001139,0.0016064,0.0019935,0.0024524
800.0,7.9516E-7,2.9591E-6,8.8776E-6,2.7281E-5,8.6765E-5,2.3933E-4,5.4373E-4,0.0010663,0.0015258,0.0019106,0.0023703
1000.0,3.0737E-7,1.2061E-6,3.8154E-6,1.2363E-5,4.1456E-5,1.2057E-4,2.8884E-4,5.9728E-4,8.8227E-4,0.0011285,0.00143
1200.0,1.2377E-7,5.1211E-7,1.7082E-6,5.836E-6,2.0634E-5,6.328E-5,1.5984E-4,3.4853E-4,5.3146E-4,6.9433E-4,8.987E-4
1500.0,3.3262E-8,1.49E-7,5.3817E-7,1.9907E-6,7.6205E-6,2.5304E-5,6.9206E-5,1.634E-4,2.6134E-4,3.5247E-4,4.7097E-4
SA5P0
r\m,4.0,4.5,5.0,5.5,6.0,6.5,7.0,7.5,7.8,8.0,8.2
0.0,4.7414E-4,9.7166E-4,0.0019379,0.0045651,0.011587,0.024404,0.041001,0.058135,0.06796,0.074206,0.080168
1.0,3.9041E-4,9.1048E-4,0.0018801,0.0044885,0.011462,0.024225,0.040786,0.057917,0.067751,0.074006,0.079983
5.0,1.2962E-4,4.4355E-4,0.0011575,0.0031896,0.0089218,0.020041,0.035202,0.051536,0.061159,0.067365,0.073354
10.0,6.6806E-5,2.4114E-4,6.7373E-4,0.0019895,0.0059331,0.014116,0.026062,0.039808,0.048305,0.053938,0.059489
15.0,4.493E-5,1.6394E-4,4.6563E-4,0.001401,0.0042658,0.010386,0.019638,0.030714,0.037789,0.042578,0.047375
20.0,3.3882E-5,1.2409E-4,3.546E-4,0.0010738,0.0032937,0.0080973,0.015483,0.024514,0.030392,0.034421,0.038501
25.0,2.7225E-5,9.9873E-5,2.8623E-4,8.687E-4,0.0026718,0.0065979,0.01269,0.020228,0.025191,0.02862,0.032115
30.0,2.2775E-5,8.3619E-5,2.4004E-4,7.2897E-4,0.0022434,0.0055522,0.010714,0.017149,0.021418,0.024382,0.027418
40.0,1.7195E-5,6.3183E-5,1.8169E-4,5.514E-4,0.001695,0.0042009,0.0081326,0.013079,0.01639,0.018705,0.02109
50.0,1.3834E-5,5.0849E-5,1.4637E-4,4.4346E-4,0.00136,0.0033703,0.006534,0.010536,0.013231,0.015124,0.017081
60.0,1.1583E-5,4.2584E-5,1.2266E-4,3.7094E-4,0.0011345,0.0028096,0.005451,0.0088058,0.011075,0.012675,0.014334
70.0,9.9666E-6,3.6649E-5,1.0563E-4,3.1881E-4,9.7238E-4,0.0024059,0.0046699,0.0075551,0.0095145,0.0109,0.012341
80.0,8.7479E-6,3.2173E-5,9.2787E-5,2.795E-4,8.5014E-4,0.0021015,0.0040803,0.0066098,0.008334,0.0095565,0.010832
90.0,7.7942E-6,2.8672E-5,8.2737E-5,2.4877E-4,7.5464E-4,0.0018637,0.0036196,0.0058707,0.0074104,0.0085052,0.0096502
100.0,7.0262E-6,2.5853E-5,7.4646E-5,2.2405E-4,6.7792E-4,0.0016727,0.0032496,0.005277,0.0066685,0.0076605,0.0087005
110.0,6.3934E-6,2.3531E-5,6.7984E-5,2.0372E-4,6.1489E-4,0.0015159,0.002946,0.0047898,0.0060595,0.0069671,0.0079209
120.0,5.8622E-6,2.1582E-5,6.2394E-5,1.8668E-4,5.6216E-4,0.0013849,0.0026922,0.0043827,0.0055507,0.0063878,0.0072696
130.0,5.4092E-6,1.9922E-5,5.7632E-5,1.7218E-4,5.1737E-4,0.0012736,0.002477,0.0040375,0.0051193,0.0058967,0.0067175
140.0,5.0178E-6,1.8487E-5,5.3519E-5,1.5969E-4,4.7882E-4,0.001178,0.0022921,0.003741,0.0047489,0.0054751,0.0062437
150.0,4.6759E-6,1.7235E-5,4.9929E-5,1.4879E-4,4.4527E-4,0.0010949,0.0021315,0.0034836,0.0044275,0.0051092,0.0058326
175.0,3.982E-6,1.4695E-5,4.2653E-5,1.2677E-4,3.7772E-4,9.2788E-4,0.0018091,0.0029676,0.0037834,0.0043766,0.0050098
200.0,3.4504E-6,1.275E-5,3.7087E-5,1.1E-4,3.2655E-4,8.0176E-4,0.0015663,0.0025796,0.0032995,0.0038267,0.0043927
250.0,2.6829E-6,9.947E-6,2.9068E-5,8.5981E-5,2.5387E-4,6.2359E-4,0.0012244,0.0020351,0.0026221,0.0030579,0.0035315
300.0,2.1506E-6,8.005E-6,2.3515E-5,6.9487E-5,2.0454E-4,5.0356E-4,9.9546E-4,0.0016724,0.0021724,0.0025491,0.0029635
350.0,1.7578E-6,6.5716E-6,1.9413E-5,5.7396E-5,1.6879E-4,4.1728E-4,8.3193E-4,0.0014151,0.001855,0.0021912,0.0025656
400.0,1.4561E-6,5.4692E-6,1.6252E-5,4.8142E-5,1.4174E-4,3.5252E-4,7.101E-4,0.0012249,0.0016219,0.0019297,0.0022766
450.0,1.218E-6,4.5976E-6,1.3747E-5,4.0846E-5,1.2065E-4,3.0248E-4,6.1676E-4,0.0010808,0.0014465,0.0017342,0.0020622
500.0,1.0271E-6,3.896E-6,1.1721E-5,3.4979E-5,1.0388E-4,2.6307E-4,5.4399E-4,9.6979E-4,0.0013129,0.0015865,0.0019018
600.0,7.4637E-7,2.8569E-6,8.6988E-6,2.6275E-5,7.9433E-5,2.0656E-4,4.4157E-4,8.1739E-4,0.001133,0.0013911,0.0016942
700.0,5.6057E-7,2.1592E-6,6.6412E-6,2.0398E-5,6.3385E-5,1.7055E-4,3.7861E-4,7.284E-4,0.0010327,0.0012866,0.0015891
800.0,4.4086E-7,1.7006E-6,5.2643E-6,1.6505E-5,5.3146E-5,1.4852E-4,3.4216E-4,6.8129E-4,9.8432E-4,0.0012408,0.0015498
1000.0,1.7064E-7,6.9407E-7,2.2655E-6,7.4895E-6,2.5429E-5,7.4928E-5,1.8202E-4,3.8215E-4,5.6997E-4,7.3386E-4,9.3625E-4
1200.0,6.8803E-8,2.9508E-7,1.0156E-6,3.5401E-6,1.2674E-5,3.9377E-5,1.0087E-4,2.2329E-4,3.4379E-4,4.5213E-4,5.8919E-4
1500.0,1.8525E-8,8.6E-8,3.2055E-7,1.2099E-6,4.6898E-6,1.5777E-5,4.3756E-5,1.0488E-4,1.6937E-4,2.2994E-4,3.0932E-4
SA7P5
r\m,4.0,4.5,5.0,5.5,6.0,6.5,7.0,7.5,7.8,8.0,8.2
0.0,1.931E-4,4.172E-4,8.7107E-4,0.0021331,0.0055887,0.012063,0.020615,0.029495,0.034528,0.037671,0.040605
1.0,1.59E-4,3.9094E-4,8.4509E-4,0.0020973,0.0055287,0.011975,0.020507,0.029384,0.034422,0.037568,0.04051
5.0,5.2796E-5,1.9046E-4,5.2035E-4,0.0014905,0.0043037,0.0099073,0.0177,0.026147,0.031071,0.034194,0.037148
10.0,2.7213E-5,1.0356E-4,3.0289E-4,9.2979E-4,0.0028623,0.0069788,0.013104,0.020196,0.024538,0.027375,0.030122
15.0,1.8303E-5,7.041E-5,2.0936E-4,6.5484E-4,0.0020581,0.0051351,0.0098747,0.015582,0.019195,0.021607,0.023984
20.0,1.3804E-5,5.33E-5,1.5945E-4,5.0192E-4,0.0015892,0.0040037,0.0077857,0.012436,0.015436,0.017465,0.019488
25.0,1.1093E-5,4.2902E-5,1.2872E-4,4.0611E-4,0.0012893,0.0032625,0.0063811,0.010261,0.012793,0.01452,0.016252
30.0,9.2803E-6,3.5924E-5,1.0796E-4,3.4082E-4,0.0010827,0.0027456,0.0053875,0.0086989,0.010876,0.012368,0.013873
40.0,7.0079E-6,2.7149E-5,8.1733E-5,2.5785E-4,8.1815E-4,0.0020777,0.0040897,0.0066336,0.008321,0.0094855,0.010667
50.0,5.6388E-6,2.1853E-5,6.5855E-5,2.0742E-4,6.5657E-4,0.001667,0.0032859,0.005343,0.0067154,0.0076665,0.0086353
60.0,4.7219E-6,1.8304E-5,5.52E-5,1.7353E-4,5.4779E-4,0.0013898,0.0027412,0.0044648,0.0056196,0.0064227,0.0072432
70.0,4.0638E-6,1.5756E-5,4.7546E-5,1.4917E-4,4.6957E-4,0.0011902,0.0023484,0.00383,0.0048262,0.0055211,0.006233
80.0,3.5674E-6,1.3834E-5,4.1771E-5,1.308E-4,4.106E-4,0.0010397,0.0020518,0.0033501,0.004226,0.0048385,0.0054677
90.0,3.1789E-6,1.233E-5,3.7253E-5,1.1644E-4,3.6452E-4,9.2211E-4,0.00182,0.0029748,0.0037563,0.0043042,0.0048684
100.0,2.8661E-6,1.112E-5,3.3617E-5,1.0489E-4,3.2751E-4,8.2766E-4,0.0016339,0.0026733,0.0033789,0.0038748,0.0043866
110.0,2.6083E-6,1.0123E-5,3.0622E-5,9.5386E-5,2.9709E-4,7.5011E-4,0.001481,0.0024257,0.0030689,0.0035221,0.0039909
120.0,2.3919E-6,9.286E-6,2.8109E-5,8.7423E-5,2.7165E-4,6.8528E-4,0.0013533,0.0022188,0.0028099,0.0032274,0.0036602
130.0,2.2073E-6,8.5727E-6,2.5967E-5,8.0647E-5,2.5003E-4,6.3024E-4,0.0012449,0.0020433,0.0025902,0.0029774,0.0033798
140.0,2.0478E-6,7.9565E-6,2.4118E-5,7.4804E-5,2.3142E-4,5.8291E-4,0.0011518,0.0018926,0.0024015,0.0027627,0.0031389
150.0,1.9085E-6,7.4183E-6,2.2504E-5,6.971E-5,2.1522E-4,5.4177E-4,0.0010709,0.0017616,0.0022377,0.0025763,0.0029298
175.0,1.6257E-6,6.327E-6,1.9231E-5,5.9413E-5,1.826E-4,4.5906E-4,9.084E-4,0.0014989,0.001909,0.0022027,0.0025109
200.0,1.4088E-6,5.4912E-6,1.6727E-5,5.1566E-5,1.5787E-4,3.9655E-4,7.8584E-4,0.001301,0.0016617,0.0019216,0.002196
250.0,1.0955E-6,4.2851E-6,1.3116E-5,4.032E-5,1.227E-4,3.0809E-4,6.1296E-4,0.0010226,0.0013144,0.0015274,0.0017549
300.0,8.7788E-7,3.4482E-6,1.0612E-5,3.2584E-5,9.8781E-5,2.4833E-4,4.9672E-4,8.3624E-4,0.0010825,0.0012648,0.0014619
350.0,7.1688E-7,2.8291E-6,8.758E-6,2.69E-5,8.1394E-5,2.052E-4,4.1326E-4,7.0311E-4,9.175E-4,0.0010785,0.0012548
400.0,5.928E-7,2.3515E-6,7.3255E-6,2.2534E-5,6.8181E-5,1.7265E-4,3.5065E-4,6.0386E-4,7.9507E-4,9.408E-4,0.0011025
450.0,4.9455E-7,1.9726E-6,6.1855E-6,1.9079E-5,5.7825E-5,1.4733E-4,3.0225E-4,5.2772E-4,7.0176E-4,8.3643E-4,9.8782E-4
500.0,4.1535E-7,1.6661E-6,5.2599E-6,1.6285E-5,4.9534E-5,1.272E-4,2.6408E-4,4.6826E-4,6.2947E-4,7.5615E-4,9.0041E-4
600.0,2.9776E-7,1.2078E-6,3.8654E-6,1.2096E-5,3.7277E-5,9.7823E-5,2.0911E-4,3.8428E-4,5.2918E-4,6.4656E-4,7.8357E-4
700.0,2.1832E-7,8.9406E-7,2.8977E-6,9.2036E-6,2.8992E-5,7.8382E-5,1.7371E-4,3.3256E-4,4.7007E-4,5.8465E-4,7.2139E-4
800.0,1.652E-7,6.8058E-7,2.2279E-6,7.2116E-6,2.3433E-5,6.5737E-5,1.5177E-4,3.0328E-4,4.3992E-4,5.5657E-4,6.9835E-4
1000.0,6.4204E-8,2.789E-7,9.6268E-7,3.2857E-6,1.1257E-5,3.3297E-5,8.1053E-5,1.7077E-4,2.5571E-4,3.3044E-4,4.2349E-4
1200.0,2.6E-8,1.1905E-7,4.3331E-7,1.5594E-6,5.6333E-6,1.7568E-5,4.5091E-5,1.0017E-4,1.5483E-4,2.0437E-4,2.6752E-4
1500.0,7.0E-9,3.4919E-8,1.3761E-7,5.3621E-7,2.0972E-6,7.0811E-6,1.9677E-5,4.7325E-5,7.672E-5,1.0453E-4,1.4125E-4
SA10P0
r\m,4.0,4.5,5.0,5.5,6.0,6.5,7.0,7.5,7.8,8.0,8.2
0.0,1.0174E-4,2.2816E-4,4.9198E-4,0.0012382,0.0033184,0.0072906,0.012617,0.018182,0.021317,0.02325,0.025027
1.0,8.3782E-5,2.138E-4,4.7732E-4,0.0012175,0.0032829,0.0072376,0.012552,0.018115,0.021251,0.023187,0.024968
5.0,2.7823E-5,1.0418E-4,2.9394E-4,8.6539E-4,0.0025559,0.0059888,0.010835,0.016121,0.019184,0.021106,0.022897
10.0,1.4343E-5,5.665E-5,1.7113E-4,5.3991E-4,0.0017001,0.0042193,0.0080231,0.012453,0.015153,0.016899,0.018567
15.0,9.6489E-6,3.8524E-5,1.183E-4,3.8032E-4,0.0012227,0.0031052,0.0060469,0.0096096,0.011854,0.013339,0.014784
20.0,7.2782E-6,2.9168E-5,9.0117E-5,2.9156E-4,9.443E-4,0.0024215,0.0047684,0.0076705,0.0095342,0.010783,0.012013
25.0,5.8497E-6,2.3482E-5,7.276E-5,2.3594E-4,7.662E-4,0.0019736,0.0039089,0.0063301,0.0079027,0.0089652,0.010019
30.0,4.8947E-6,1.9665E-5,6.1034E-5,1.9804E-4,6.4354E-4,0.0016612,0.0033008,0.0053671,0.0067189,0.0076371,0.0085524
40.0,3.6975E-6,1.4867E-5,4.6223E-5,1.4988E-4,4.8648E-4,0.0012575,0.0025065,0.004094,0.0051416,0.0058579,0.0065763
50.0,2.9761E-6,1.1971E-5,3.7256E-5,1.2061E-4,3.9054E-4,0.0010093,0.0020145,0.0032984,0.0041502,0.0047351,0.005324
60.0,2.4931E-6,1.003E-5,3.1239E-5,1.0094E-4,3.2595E-4,8.4178E-4,0.0016812,0.0027569,0.0034736,0.0039673,0.0044657
70.0,2.1463E-6,8.6368E-6,2.6916E-5,8.6797E-5,2.7951E-4,7.2117E-4,0.0014407,0.0023655,0.0029837,0.0034106,0.0038428
80.0,1.8848E-6,7.586E-6,2.3655E-5,7.6136E-5,2.445E-4,6.3019E-4,0.0012592,0.0020696,0.0026129,0.0029891,0.0033708
90.0,1.6802E-6,6.7638E-6,2.1104E-5,6.78E-5,2.1714E-4,5.5911E-4,0.0011173,0.0018382,0.0023228,0.0026591,0.0030011
100.0,1.5154E-6,6.1019E-6,1.905E-5,6.1095E-5,1.9516E-4,5.0203E-4,0.0010034,0.0016522,0.0020896,0.0023938,0.0027038
110.0,1.3796E-6,5.5567E-6,1.7359E-5,5.558E-5,1.771E-4,4.5516E-4,9.0981E-4,0.0014995,0.0018981,0.0021759,0.0024596
120.0,1.2656E-6,5.0992E-6,1.594E-5,5.0959E-5,1.6199E-4,4.1597E-4,8.3161E-4,0.0013719,0.001738,0.0019937,0.0022554
130.0,1.1684E-6,4.7092E-6,1.4731E-5,4.7026E-5,1.4916E-4,3.827E-4,7.6524E-4,0.0012636,0.0016022,0.0018392,0.0020821
140.0,1.0843E-6,4.3723E-6,1.3687E-5,4.3635E-5,1.3811E-4,3.5409E-4,7.0821E-4,0.0011705,0.0014854,0.0017064,0.0019333
150.0,1.0109E-6,4.0781E-6,1.2775E-5,4.0678E-5,1.2849E-4,3.2922E-4,6.5865E-4,0.0010897,0.0013841,0.001591,0.001804
175.0,8.6194E-7,3.4814E-6,1.0928E-5,3.4702E-5,1.0912E-4,2.7921E-4,5.5909E-4,9.2735E-4,0.0011806,0.0013595,0.0015447
200.0,7.4771E-7,3.0244E-6,9.5138E-6,3.0148E-5,9.4433E-5,2.414E-4,4.8394E-4,8.0498E-4,0.0010272,0.0011852,0.0013494
250.0,5.8262E-7,2.3649E-6,7.4748E-6,2.3621E-5,7.3545E-5,1.8787E-4,3.7782E-4,6.3243E-4,8.1124E-4,9.3975E-4,0.0010748
300.0,4.6788E-7,1.907E-6,6.0603E-6,1.9129E-5,5.9323E-5,1.5164E-4,3.0625E-4,5.1639E-4,6.6624E-4,7.7525E-4,8.9112E-4
350.0,3.8292E-7,1.5681E-6,5.0127E-6,1.5826E-5,4.8971E-5,1.2542E-4,2.5464E-4,4.3296E-4,5.6223E-4,6.5749E-4,7.5998E-4
400.0,3.1733E-7,1.3064E-6,4.2024E-6,1.3287E-5,4.1084E-5,1.0555E-4,2.1566E-4,3.7018E-4,4.8423E-4,5.6943E-4,6.6227E-4
450.0,2.6526E-7,1.0982E-6,3.5566E-6,1.1273E-5,3.4878E-5,8.9984E-5,1.8524E-4,3.2142E-4,4.2391E-4,5.0162E-4,5.8743E-4
500.0,2.2311E-7,9.293E-7,3.0307E-6,9.638E-6,2.9878E-5,7.7503E-5,1.6095E-4,2.8273E-4,3.7634E-4,4.4845E-4,5.2919E-4
600.0,1.5985E-7,6.7445E-7,2.2323E-6,7.164E-6,2.2378E-5,5.8913E-5,1.2508E-4,2.2641E-4,3.0807E-4,3.7314E-4,4.4818E-4
700.0,1.16E-7,4.9587E-7,1.6665E-6,5.4134E-6,1.7137E-5,4.609E-5,1.0082E-4,1.8964E-4,2.651E-4,3.274E-4,4.0134E-4
800.0,8.5288E-8,3.691E-7,1.2589E-6,4.1526E-6,1.3426E-5,3.722E-5,8.4678E-5,1.6694E-4,2.4068E-4,3.0363E-4,3.8029E-4
1000.0,3.3344E-8,1.5216E-7,5.472E-7,1.9033E-6,6.4885E-6,1.8966E-5,4.5499E-5,9.4584E-5,1.4077E-4,1.8139E-4,2.3206E-4
1200.0,1.3579E-8,6.5338E-8,2.4777E-7,9.0868E-7,3.2664E-6,1.0068E-5,2.5466E-5,5.5821E-5,8.5762E-5,1.1288E-4,1.475E-4
1500.0,3.7114E-9,1.9335E-8,7.9387E-8,3.1524E-7,1.2269E-6,4.0946E-6,1.1214E-5,2.6615E-5,4.2889E-5,5.8273E-5,7.8608E-5
