PGA
r\m,4.0,4.5,5.0,5.5,6.0,6.5,7.0,7.5,7.8,8.0,8.2
0.0,0.63282,0.86441,1.1077,1.3836,1.5868,1.7788,1.9482,2.077,2.106,2.1137,2.0986
1.0,0.44578,0.63351,0.83791,1.0686,1.2495,1.4278,1.6051,1.7523,1.7772,1.7824,1.7736
5.0,0.15693,0.26634,0.41049,0.59751,0.77467,0.9573,1.1512,1.3253,1.3714,1.3918,1.4028
10.0,0.069489,0.12351,0.20296,0.32019,0.47064,0.65352,0.85007,1.0443,1.1339,1.1845,1.2281
15.0,0.037195,0.068334,0.11704,0.19631,0.30854,0.46152,0.63731,0.8288,0.92968,0.98815,1.0441
20.0,0.023065,0.043121,0.076405,0.13265,0.21722,0.339,0.48623,0.65518,0.75847,0.82649,0.88523
25.0,0.015523,0.029806,0.053591,0.094757,0.1587,0.25376,0.37697,0.53107,0.62939,0.70017,0.77393
30.0,0.011402,0.022069,0.039996,0.071818,0.12165,0.19822,0.30387,0.4397,0.53509,0.60254,0.67416
40.0,0.0069064,0.013613,0.025154,0.046262,0.079095,0.13103,0.21053,0.32116,0.39597,0.44994,0.50816
50.0,0.0045317,0.0091166,0.017205,0.032401,0.056329,0.09541,0.15809,0.25046,0.31514,0.36347,0.41676
60.0,0.0035891,0.0072772,0.013778,0.026041,0.046077,0.079776,0.13478,0.21734,0.27523,0.31869,0.36688
70.0,0.0029304,0.005949,0.011313,0.021637,0.03878,0.067793,0.11561,0.19099,0.24339,0.28319,0.32763
80.0,0.0024286,0.0049874,0.0095819,0.018474,0.033403,0.058828,0.10225,0.17051,0.21839,0.25502,0.29613
90.0,0.0020699,0.0042826,0.0082734,0.016097,0.029329,0.052431,0.091894,0.15435,0.19845,0.23219,0.27013
100.0,0.0017821,0.0037195,0.0072359,0.014174,0.026207,0.047116,0.083077,0.14065,0.18131,0.21266,0.24803
110.0,0.0015552,0.0032683,0.006391,0.012589,0.023373,0.042415,0.075009,0.1265,0.16348,0.19238,0.22513
120.0,0.001365,0.0028942,0.005696,0.011261,0.02111,0.03842,0.067683,0.11453,0.14862,0.17509,0.20513
130.0,0.0011951,0.0025494,0.0050427,0.010042,0.018894,0.034451,0.06089,0.1038,0.13493,0.15914,0.18666
140.0,0.0010481,0.0022551,0.0044979,0.0089921,0.016957,0.031018,0.055213,0.094399,0.12296,0.14523,0.1706
150.0,9.2512E-4,0.0020018,0.0040131,0.0080558,0.015245,0.028163,0.050279,0.085951,0.11229,0.13324,0.15724
175.0,6.8514E-4,0.0015042,0.003064,0.006242,0.012012,0.022433,0.04023,0.069272,0.091569,0.10939,0.12996
200.0,5.1657E-4,0.0011555,0.0023966,0.004945,0.0095406,0.017825,0.032537,0.056974,0.075617,0.090437,0.10758
250.0,3.1681E-4,7.2781E-4,0.0015381,0.0032269,0.0063346,0.012077,0.022606,0.040982,0.055365,0.066819,0.080181
300.0,2.0753E-4,4.8687E-4,0.0010468,0.0022327,0.0044723,0.0086535,0.016726,0.030892,0.041976,0.050973,0.061762
350.0,1.3989E-4,3.3522E-4,7.3452E-4,0.0016076,0.0032798,0.0064393,0.012619,0.023981,0.032848,0.040333,0.049244
400.0,9.6612E-5,2.3896E-4,5.3789E-4,0.0011944,0.002473,0.0049385,0.0099493,0.019108,0.026543,0.032692,0.040026
450.0,6.8733E-5,1.7309E-4,3.9655E-4,8.961E-4,0.0018863,0.0038443,0.0078457,0.015471,0.021505,0.02624,0.031822
500.0,5.0129E-5,1.2833E-4,2.9841E-4,6.8615E-4,0.001474,0.003047,0.0063859,0.012715,0.017508,0.021423,0.026045
600.0,2.714E-5,7.1635E-5,1.7239E-4,4.1044E-4,9.2363E-4,0.0019969,0.004237,0.0084842,0.012074,0.015037,0.018678
700.0,1.5072E-5,4.2202E-5,1.0631E-4,2.6683E-4,6.1304E-4,0.0013513,0.0029461,0.0060582,0.0086641,0.010845,0.013449
800.0,9.14E-6,2.6132E-5,6.7667E-5,1.7448E-4,4.2075E-4,9.6718E-4,0.0021556,0.0044711,0.0064037,0.0080166,0.0099793
1000.0,3.5416E-6,1.0791E-5,2.9681E-5,8.1724E-5,2.0615E-4,5.0257E-4,0.0011515,0.0024255,0.0035094,0.0044174,0.0054947
1200.0,1.3255E-6,4.2399E-6,1.2333E-5,3.5239E-5,9.513E-5,2.441E-4,5.9387E-4,0.0013141,0.0019389,0.0024648,0.0030956
1500.0,3.1663E-7,1.1051E-6,3.4504E-6,1.1003E-5,3.214E-5,8.9367E-5,2.3122E-4,5.358E-4,8.0741E-4,0.0010376,0.0013128
PGV
r\m,4.0,4.5,5.0,5.5,6.0,6.5,7.0,7.5,7.8,8.0,8.2
0.0,7.3638,13.047,21.138,29.71,38.52,48.57,64.163,83.563,96.799,106.63,116.9
1.0,5.5609,10.632,18.163,26.514,35.185,44.939,59.704,78.31,90.793,99.726,108.67
5.0,1.4761,3.548,7.7315,14.645,23.7,34.374,48.993,67.218,79.024,87.386,95.778
10.0,0.61002,1.5252,3.5474,7.4817,14.119,23.801,37.27,54.454,66.585,75.521,85.104
15.0,0.33096,0.84754,2.0351,4.5108,9.172,16.909,28.326,43.893,55.55,64.288,74.017
20.0,0.20731,0.54297,1.3435,3.0741,6.5359,12.647,22.214,36.143,47.093,55.515,64.814
25.0,0.14149,0.37768,0.94898,2.2183,4.8339,9.6655,17.732,30.302,40.406,48.458,57.737
30.0,0.10494,0.28324,0.72097,1.7049,3.765,7.6948,14.658,25.806,35.226,42.797,51.656
40.0,0.065874,0.18177,0.47222,1.1422,2.5729,5.3677,10.648,19.757,27.53,33.922,41.565
50.0,0.045983,0.1292,0.34102,0.83888,1.9196,4.0607,8.312,16.101,22.76,28.344,35.084
60.0,0.036871,0.10484,0.27963,0.695,1.6058,3.43,7.1065,13.942,19.923,25.023,31.234
70.0,0.030623,0.087936,0.23652,0.5931,1.3808,2.9801,6.2327,12.438,17.938,22.643,28.414
80.0,0.026628,0.077181,0.20934,0.5287,1.2417,2.6972,5.7092,11.479,16.605,21.014,26.44
90.0,0.023683,0.069203,0.18893,0.48066,1.135,2.4887,5.2871,10.71,15.514,19.632,24.696
100.0,0.021268,0.062631,0.17206,0.44064,1.0494,2.313,4.9356,10.05,14.558,18.443,23.226
110.0,0.019282,0.057184,0.15806,0.40838,0.97729,2.1769,4.6626,9.5017,13.781,17.475,22.031
120.0,0.017544,0.052535,0.14638,0.3805,0.91954,2.0573,4.4013,9.0183,13.096,16.617,20.962
130.0,0.015981,0.048196,0.13509,0.35421,0.85969,1.9242,4.133,8.5115,12.38,15.735,19.881
140.0,0.014535,0.044265,0.12512,0.3299,0.80032,1.7996,3.8817,8.0326,11.711,14.903,18.852
150.0,0.013256,0.040639,0.11549,0.30699,0.74774,1.6989,3.6795,7.6415,11.166,14.241,18.059
175.0,0.010576,0.033019,0.095373,0.25705,0.63594,1.4635,3.1948,6.7022,9.829,12.547,15.926
200.0,0.0086179,0.027332,0.079894,0.21767,0.54488,1.269,2.7902,5.9038,8.6788,11.105,14.128
250.0,0.0059421,0.019298,0.057741,0.15964,0.40877,0.97275,2.1697,4.6835,7.062,9.1419,11.749
300.0,0.0043225,0.014305,0.043589,0.12242,0.32072,0.77471,1.7724,3.8895,5.8653,7.6351,9.8819
350.0,0.0032422,0.010941,0.034018,0.098398,0.2605,0.63744,1.4783,3.2879,5.0059,6.5767,8.5908
400.0,0.00246,0.0085865,0.027543,0.080775,0.21676,0.53437,1.2586,2.8245,4.3499,5.7421,7.5369
450.0,0.001912,0.0067882,0.022162,0.065861,0.17912,0.45022,1.0733,2.4287,3.7728,5.0304,6.6693
500.0,0.0015133,0.0054586,0.018102,0.054521,0.15122,0.3842,0.92564,2.112,3.3227,4.4493,5.9246
600.0,9.8871E-4,0.003692,0.012617,0.039144,0.11181,0.29154,0.71503,1.6593,2.6229,3.5233,4.707
700.0,6.7683E-4,0.0026061,0.0091518,0.029163,0.084605,0.22332,0.55776,1.317,2.1157,2.8721,3.8788
800.0,4.7688E-4,0.0018903,0.0068154,0.022293,0.066278,0.17877,0.45111,1.0754,1.741,2.3757,3.2249
1000.0,2.6056E-4,0.0010784,0.0040564,0.013814,0.042792,0.11951,0.31288,0.77348,1.2851,1.783,2.4584
1200.0,1.4335E-4,6.2133E-4,0.0024494,0.0087305,0.027864,0.07975,0.21428,0.54331,0.91665,1.2845,1.7917
1500.0,6.1721E-5,2.8546E-4,0.0011992,0.0045612,0.015336,0.045833,0.12828,0.33815,0.58557,0.83452,1.1841
SA0P01
r\m,4.0,4.5,5.0,5.5,6.0,6.5,7.0,7.5,7.8,8.0,8.2
0.0,0.66838,0.90874,1.1588,1.4412,1.6485,1.845,2.0182,2.15,2.1798,2.1881,2.1704
1.0,0.47167,0.66686,0.87748,1.1141,1.2994,1.4826,1.6646,1.8158,1.8417,1.8476,1.8371
5.0,0.16598,0.28041,0.43002,0.62306,0.80586,0.99452,1.1947,1.3743,1.4226,1.4443,1.4553
10.0,0.073326,0.12978,0.21233,0.33366,0.4889,0.67748,0.88117,1.0827,1.1761,1.2287,1.274
15.0,0.039197,0.07171,0.12229,0.20433,0.32019,0.47809,0.6602,0.85895,0.96421,1.0253,1.0838
20.0,0.024293,0.04522,0.079741,0.1379,0.22522,0.35097,0.50349,0.67882,0.78652,0.8575,0.91884
25.0,0.016352,0.031235,0.055873,0.098397,0.16437,0.26253,0.39014,0.55018,0.65262,0.72625,0.80289
30.0,0.012005,0.023114,0.041674,0.074521,0.1259,0.20497,0.31437,0.45544,0.55465,0.62482,0.69927
40.0,0.0072656,0.014243,0.026178,0.047946,0.081804,0.13544,0.21768,0.33236,0.41013,0.46625,0.52674
50.0,0.004766,0.0095331,0.017892,0.033557,0.058215,0.098542,0.16336,0.25904,0.32628,0.37654,0.43195
60.0,0.0037756,0.0076107,0.014331,0.026979,0.047635,0.082418,0.13926,0.22474,0.28494,0.33018,0.38033
70.0,0.0030801,0.0062181,0.011762,0.022406,0.040075,0.070025,0.11944,0.19741,0.25188,0.29325,0.33942
80.0,0.0025501,0.0052069,0.0099498,0.01911,0.034492,0.060723,0.10555,0.17612,0.22582,0.26386,0.30654
90.0,0.0021711,0.0044666,0.0085835,0.016636,0.03026,0.05407,0.094777,0.15928,0.20503,0.24005,0.27943
100.0,0.0018674,0.0038753,0.0075,0.014636,0.027013,0.048546,0.085608,0.14502,0.18717,0.21969,0.25638
110.0,0.0016276,0.003401,0.0066171,0.012988,0.024071,0.043655,0.07721,0.1303,0.16859,0.19854,0.23246
120.0,0.0014265,0.0030082,0.0058922,0.011608,0.021718,0.039502,0.069607,0.11787,0.15312,0.18051,0.21159
130.0,0.0012479,0.0026477,0.0052125,0.010343,0.019421,0.035393,0.062568,0.10673,0.13888,0.1639,0.19233
140.0,0.0010938,0.0023404,0.0046454,0.0092538,0.017417,0.031842,0.056688,0.096978,0.12644,0.14943,0.1756
150.0,9.646E-4,0.0020757,0.0041414,0.0082844,0.015647,0.028883,0.05157,0.088216,0.11536,0.13696,0.1617
175.0,7.1311E-4,0.0015571,0.0031564,0.006407,0.012303,0.022955,0.041172,0.070941,0.093854,0.11217,0.13331
200.0,5.3686E-4,0.0011942,0.002464,0.0050655,0.009754,0.018209,0.033239,0.058231,0.077351,0.092556,0.11014
250.0,3.2762E-4,7.4861E-4,0.0015748,0.0032929,0.006452,0.012293,0.023006,0.041711,0.056355,0.068022,0.081625
300.0,2.1361E-4,4.9869E-4,0.0010678,0.0022707,0.0045414,0.0087808,0.016965,0.03133,0.042565,0.051683,0.062615
350.0,1.434E-4,3.4214E-4,7.47E-4,0.0016301,0.0033205,0.0065143,0.012761,0.024243,0.033201,0.040761,0.049756
400.0,9.8693E-5,2.4313E-4,5.4548E-4,0.0012081,0.0024978,0.0049837,0.010035,0.019267,0.026759,0.032952,0.040336
450.0,6.9974E-5,1.7561E-4,4.012E-4,9.0453E-4,0.0019015,0.003872,0.0078982,0.015568,0.021637,0.0264,0.032013
500.0,5.0887E-5,1.2988E-4,3.013E-4,6.9142E-4,0.0014835,0.0030643,0.0064182,0.012774,0.017588,0.021521,0.026161
600.0,2.7383E-5,7.2163E-5,1.7338E-4,4.1228E-4,9.2699E-4,0.0020029,0.0042482,0.008504,0.0121,0.015068,0.018713
700.0,1.517E-5,4.2408E-5,1.0673E-4,2.676E-4,6.144E-4,0.0013536,0.00295,0.0060648,0.0086722,0.010854,0.013459
800.0,9.1781E-6,2.6219E-5,6.7838E-5,1.7479E-4,4.2124E-4,9.6785E-4,0.0021565,0.004472,0.0064046,0.0080173,0.0099793
1000.0,3.5484E-6,1.0806E-5,2.9709E-5,8.1763E-5,2.0618E-4,5.0249E-4,0.0011512,0.0024245,0.0035078,0.0044152,0.0054918
1200.0,1.3265E-6,4.2419E-6,1.2335E-5,3.5238E-5,9.5105E-5,2.4399E-4,5.9356E-4,0.0013133,0.0019378,0.0024634,0.0030938
1500.0,3.1665E-7,1.105E-6,3.4496E-6,1.0999E-5,3.2126E-5,8.9321E-5,2.311E-4,5.3552E-4,8.07E-4,0.0010371,0.0013122
SA0P02
r\m,4.0,4.5,5.0,5.5,6.0,6.5,7.0,7.5,7.8,8.0,8.2
0.0,1.0668,1.4253,1.7687,2.1346,2.3989,2.6556,2.8814,3.0554,3.0985,3.1157,3.0663
1.0,0.76643,1.0627,1.3585,1.6736,1.9197,2.1687,2.4123,2.6155,2.6592,2.676,2.6439
5.0,0.26835,0.44675,0.66796,0.93997,1.1989,1.4674,1.748,1.9996,2.0798,2.1199,2.1312
10.0,0.11698,0.20421,0.32697,0.50177,0.71955,0.98165,1.2777,1.5743,1.7159,1.7959,1.8638
15.0,0.062289,0.1122,0.18707,0.30493,0.46778,0.689,0.95253,1.2446,1.407,1.5032,1.5942
20.0,0.038619,0.070631,0.12113,0.20398,0.32696,0.50377,0.72473,0.98239,1.1472,1.2566,1.3522
25.0,0.026123,0.048657,0.084363,0.14447,0.23681,0.37505,0.55975,0.79665,0.95243,1.0625,1.1761
30.0,0.019152,0.035919,0.062735,0.10886,0.18054,0.29186,0.4501,0.65916,0.80762,0.91269,1.0234
40.0,0.011571,0.022035,0.039128,0.069517,0.11688,0.19281,0.31082,0.47788,0.59413,0.67816,0.76792
50.0,0.0076136,0.014745,0.026667,0.048459,0.082803,0.13952,0.23232,0.3711,0.4717,0.54713,0.6299
60.0,0.0060533,0.011804,0.021427,0.039146,0.068035,0.11709,0.19808,0.32135,0.41174,0.48013,0.55573
70.0,0.0049232,0.0096278,0.017563,0.032446,0.057132,0.099498,0.16996,0.28158,0.36311,0.425,0.49376
80.0,0.0040616,0.0080127,0.014742,0.027476,0.048929,0.08591,0.14938,0.24998,0.32357,0.38017,0.44343
90.0,0.0034417,0.0068356,0.012652,0.023776,0.042668,0.075965,0.13313,0.22451,0.29187,0.34388,0.40223
100.0,0.0029476,0.0058966,0.010985,0.020785,0.037802,0.067719,0.11941,0.20293,0.26477,0.31278,0.36684
110.0,0.00255,0.0051329,0.0096163,0.018328,0.033462,0.060354,0.10673,0.18103,0.23674,0.28045,0.32985
120.0,0.002216,0.0045036,0.0085097,0.016279,0.029929,0.054142,0.095528,0.16255,0.2133,0.25294,0.29781
130.0,0.0019307,0.0039453,0.0074916,0.014407,0.026576,0.048195,0.085274,0.14608,0.19195,0.22771,0.26821
140.0,0.0016881,0.0034722,0.0066338,0.012808,0.023694,0.043081,0.076717,0.13178,0.17332,0.20587,0.24281
150.0,0.0014809,0.0030618,0.0058773,0.011403,0.021162,0.038734,0.069155,0.11888,0.15679,0.18713,0.22177
175.0,0.0010838,0.0022713,0.0044199,0.0086785,0.016317,0.030133,0.054089,0.09369,0.12492,0.14993,0.17868
200.0,8.095E-4,0.0017215,0.0033951,0.0067369,0.012724,0.023543,0.042938,0.075467,0.10106,0.1215,0.14507
250.0,4.7558E-4,0.0010371,0.0020897,0.0042217,0.0081089,0.015329,0.028597,0.051778,0.069948,0.084494,0.10133
300.0,2.9805E-4,6.6505E-4,0.0013673,0.0028133,0.0055268,0.010587,0.020329,0.037403,0.050692,0.061415,0.074252
350.0,1.9309E-4,4.4118E-4,9.2699E-4,0.0019548,0.0039055,0.007584,0.014751,0.027871,0.038054,0.046611,0.056692
400.0,1.2866E-4,3.037E-4,6.5607E-4,0.0014066,0.0028541,0.0056272,0.011235,0.021443,0.029685,0.036459,0.044458
450.0,8.8119E-5,2.1262E-4,4.696E-4,0.0010273,0.0021211,0.0042639,0.0086208,0.016857,0.023364,0.028497,0.034505
500.0,6.2102E-5,1.5286E-4,3.4408E-4,7.6823E-4,0.0016192,0.0033036,0.006847,0.013516,0.0186,0.022743,0.0276
600.0,3.101E-5,8.0004E-5,1.8774E-4,4.3768E-4,9.7036E-4,0.002074,0.0043668,0.0086886,0.012327,0.015313,0.018956
700.0,1.6669E-5,4.5435E-5,1.1265E-4,2.7726E-4,6.2895E-4,0.0013711,0.0029677,0.0060669,0.008649,0.010803,0.013363
800.0,9.747E-6,2.7439E-5,7.0027E-5,1.7777E-4,4.2324E-4,9.6244E-4,0.0021312,0.0043981,0.0062896,0.0078635,0.0097688
1000.0,3.6352E-6,1.0953E-5,2.9825E-5,8.122E-5,2.0314E-4,4.9134E-4,0.0011206,0.0023532,0.0034005,0.0042772,0.0053166
1200.0,1.3319E-6,4.2277E-6,1.222E-5,3.4662E-5,9.2981E-5,2.3727E-4,5.7541E-4,0.0012711,0.001875,0.0023836,0.0029936
1500.0,3.1375E-7,1.0891E-6,3.3896E-6,1.0755E-5,3.1307E-5,8.6801E-5,2.2428E-4,5.1986E-4,7.8398E-4,0.0010081,0.0012762
SA0P025
r\m,4.0,4.5,5.0,5.5,6.0,6.5,7.0,7.5,7.8,8.0,8.2
0.0,1.1863,1.5943,1.9779,2.3766,2.6657,2.947,3.1951,3.3874,3.4377,3.4603,3.3989
1.0,0.85829,1.1978,1.5306,1.8777,2.1502,2.4265,2.695,2.9193,2.9727,2.9958,2.9556
5.0,0.29978,0.50307,0.75363,1.0579,1.3494,1.6511,1.9638,2.2442,2.3393,2.3884,2.4006
10.0,0.13057,0.22963,0.36859,0.56509,0.80819,1.0994,1.4324,1.7671,1.9286,2.0202,2.0978
15.0,0.069723,0.12635,0.21098,0.34316,0.52483,0.77098,1.067,1.3961,1.5821,1.6931,1.7979
20.0,0.043345,0.079694,0.1366,0.2293,0.36654,0.56356,0.81199,1.1027,1.2909,1.416,1.526
25.0,0.029425,0.054961,0.095132,0.16228,0.26524,0.41946,0.6272,0.89525,1.0727,1.1974,1.3256
30.0,0.0216,0.040606,0.070784,0.12225,0.20215,0.32643,0.50451,0.74131,0.90957,1.0286,1.1537
40.0,0.013083,0.024948,0.044162,0.078049,0.131,0.21611,0.34873,0.53705,0.66905,0.76448,0.86614
50.0,0.0086453,0.016741,0.030141,0.054442,0.092831,0.15633,0.26069,0.41709,0.53147,0.61726,0.71123
60.0,0.0068881,0.013428,0.024268,0.044094,0.07645,0.13143,0.22238,0.3611,0.46402,0.54201,0.62813
70.0,0.0056105,0.010969,0.019921,0.036584,0.06425,0.11185,0.19109,0.31649,0.40937,0.47981,0.55794
80.0,0.0046376,0.0091351,0.016717,0.030968,0.055032,0.096599,0.16789,0.2809,0.36457,0.42896,0.50083
90.0,0.0039348,0.0077974,0.014351,0.026789,0.047967,0.085328,0.14945,0.252,0.32855,0.38775,0.45411
100.0,0.0033741,0.0067283,0.012457,0.023406,0.042441,0.075977,0.13389,0.22748,0.29776,0.35237,0.41381
110.0,0.0029191,0.005853,0.010894,0.020626,0.037535,0.067593,0.11944,0.20272,0.26595,0.31555,0.37152
120.0,0.0025356,0.0051313,0.0096353,0.018305,0.033512,0.060526,0.10678,0.18181,0.23926,0.28418,0.33496
130.0,0.0022109,0.0044964,0.0084819,0.016184,0.029721,0.053818,0.0952,0.16315,0.21498,0.25539,0.30109
140.0,0.0019354,0.0039579,0.0075045,0.014373,0.026472,0.04805,0.085522,0.14695,0.19377,0.23048,0.27207
150.0,0.001698,0.0034886,0.0066428,0.012786,0.023619,0.043105,0.076913,0.1323,0.17493,0.20909,0.24803
175.0,0.0012435,0.0025869,0.0049866,0.0096992,0.018122,0.03334,0.059831,0.10373,0.13862,0.16656,0.19861
200.0,9.2986E-4,0.0019589,0.0038183,0.0074955,0.014073,0.025956,0.047291,0.083127,0.1116,0.13436,0.16056
250.0,5.4274E-4,0.0011697,0.0023279,0.0046498,0.0088713,0.016718,0.031123,0.056255,0.075943,0.09173,0.10995
300.0,3.3714E-4,7.4274E-4,0.0015078,0.003066,0.005984,0.011419,0.021849,0.040094,0.05425,0.065638,0.079257
350.0,2.1655E-4,4.8818E-4,0.0010125,0.0021069,0.0041767,0.0080739,0.015642,0.02945,0.040135,0.049089,0.059586
400.0,1.431E-4,3.3282E-4,7.0895E-4,0.0014996,0.0030187,0.0059184,0.011759,0.022359,0.030892,0.037883,0.046095
450.0,9.6955E-5,2.3056E-4,5.025E-4,0.0010849,0.002222,0.0044379,0.0089269,0.017369,0.024034,0.029306,0.035455
500.0,6.7617E-5,1.6407E-4,3.6472E-4,8.0416E-4,0.0016806,0.0034067,0.0070168,0.013781,0.018958,0.02317,0.028091
600.0,3.2776E-5,8.3782E-5,1.9443E-4,4.4873E-4,9.8734E-4,0.002097,0.0043948,0.0087097,0.012334,0.015299,0.018899
700.0,1.7422E-5,4.688E-5,1.1536E-4,2.8099E-4,6.3295E-4,0.0013708,0.0029532,0.0060137,0.0085558,0.010673,0.01318
800.0,1.0027E-5,2.8007E-5,7.0934E-5,1.7847E-4,4.216E-4,9.5192E-4,0.0020985,0.0043147,0.0061641,0.0076997,0.0095517
1000.0,3.6748E-6,1.0999E-5,2.9765E-5,8.0458E-5,2.0003E-4,4.8092E-4,0.0010927,0.0022888,0.0033037,0.0041529,0.0051589
1200.0,1.3325E-6,4.2072E-6,1.2107E-5,3.4152E-5,9.1136E-5,2.3142E-4,5.5942E-4,0.0012335,0.0018186,0.0023116,0.0029029
1500.0,3.1166E-7,1.0769E-6,3.3426E-6,1.0555E-5,3.0617E-5,8.4599E-5,2.1815E-4,5.0543E-4,7.6255E-4,9.809E-4,0.0012423
SA0P03
r\m,4.0,4.5,5.0,5.5,6.0,6.5,7.0,7.5,7.8,8.0,8.2
0.0,1.2386,1.6819,2.0958,2.5181,2.8272,3.1269,3.3922,3.5991,3.656,3.6834,3.6149
1.0,0.90141,1.2722,1.6334,2.0042,2.2977,2.5944,2.8812,3.121,3.1831,3.212,3.167
5.0,0.31416,0.53375,0.8052,1.1328,1.4491,1.7754,2.1111,2.412,2.519,2.5756,2.589
10.0,0.13698,0.24373,0.39402,0.60605,0.86745,1.1792,1.5385,1.8999,2.0758,2.1759,2.2608
15.0,0.073454,0.13449,0.22595,0.36825,0.56334,0.82699,1.1459,1.5009,1.7037,1.8255,1.9405
20.0,0.04582,0.085072,0.14647,0.24613,0.39356,0.6048,0.87272,1.1868,1.3915,1.5277,1.6483
25.0,0.03122,0.058784,0.10212,0.1743,0.28489,0.45047,0.67465,0.96488,1.1577,1.2925,1.4309
30.0,0.022959,0.043496,0.076088,0.13138,0.21724,0.35082,0.54317,0.79986,0.98206,1.1108,1.246
40.0,0.013957,0.026797,0.047558,0.08399,0.14109,0.23295,0.37616,0.57974,0.72307,0.82664,0.93681
50.0,0.0092677,0.018049,0.032541,0.058686,0.10011,0.16865,0.28148,0.45066,0.57505,0.66831,0.77034
60.0,0.0073995,0.014505,0.026256,0.047652,0.082629,0.14203,0.24029,0.3902,0.50227,0.58725,0.68099
70.0,0.0060419,0.011878,0.0216,0.039607,0.069549,0.12109,0.20688,0.34231,0.44356,0.52028,0.60525
80.0,0.00501,0.0099129,0.018149,0.03356,0.059644,0.10472,0.18188,0.30405,0.39521,0.46539,0.54361
90.0,0.0042615,0.0084766,0.015604,0.029056,0.052021,0.092515,0.16189,0.27277,0.35621,0.42081,0.49315
100.0,0.003663,0.0073255,0.013556,0.025403,0.046025,0.082374,0.14503,0.24618,0.32285,0.38247,0.44946
110.0,0.0031737,0.0063776,0.011861,0.022396,0.040716,0.073252,0.12933,0.21942,0.28841,0.34249,0.40345
120.0,0.0027597,0.0055945,0.010496,0.019884,0.036334,0.06556,0.11561,0.19678,0.25941,0.30838,0.36368
130.0,0.0024107,0.0049086,0.0092486,0.017582,0.03222,0.058294,0.10306,0.17653,0.233,0.27701,0.32671
140.0,0.0021148,0.0043259,0.008185,0.015615,0.028699,0.052038,0.092545,0.15894,0.20989,0.24984,0.29504
150.0,0.0018574,0.0038152,0.0072463,0.013893,0.025604,0.046634,0.083139,0.14297,0.18934,0.22648,0.26877
175.0,0.0013641,0.0028343,0.0054425,0.01053,0.0196,0.035961,0.064499,0.11183,0.14964,0.17989,0.21453
200.0,0.0010233,0.0021491,0.0041646,0.0081219,0.015195,0.027961,0.05088,0.089373,0.12018,0.14481,0.17311
250.0,5.9682E-4,0.0012791,0.0025279,0.0050118,0.0095194,0.017895,0.033243,0.059954,0.080859,0.097641,0.11695
300.0,3.695E-4,8.083E-4,0.0016282,0.0032838,0.0063796,0.012135,0.023141,0.042342,0.057193,0.069106,0.083335
350.0,2.3649E-4,5.2873E-4,0.0010873,0.0022399,0.0044146,0.0085011,0.016407,0.030773,0.041858,0.051121,0.061933
400.0,1.5565E-4,3.5842E-4,7.5587E-4,0.0015822,0.0031649,0.006175,0.01221,0.023126,0.031887,0.039041,0.047406
450.0,1.0478E-4,2.4658E-4,5.3214E-4,0.0011367,0.0023129,0.0045928,0.009192,0.017795,0.024579,0.029961,0.036216
500.0,7.2574E-5,1.7423E-4,3.8359E-4,8.3705E-4,0.0017365,0.0034995,0.0071635,0.013997,0.019244,0.023509,0.028474
600.0,3.4404E-5,8.7305E-5,2.0074E-4,4.592E-4,0.0010034,0.0021181,0.0044176,0.0087181,0.012321,0.01526,0.018811
700.0,1.8151E-5,4.8289E-5,1.1806E-4,2.8478E-4,6.3718E-4,0.0013708,0.0029387,0.0059587,0.008459,0.010537,0.012989
800.0,1.0311E-5,2.8597E-5,7.1925E-5,1.7939E-4,4.2046E-4,9.4232E-4,0.0020669,0.0042322,0.0060392,0.0075359,0.0093337
1000.0,3.7243E-6,1.1073E-5,2.9781E-5,7.9877E-5,1.973E-4,4.7112E-4,0.0010656,0.0022248,0.0032069,0.0040279,0.0049994
1200.0,1.3387E-6,4.2026E-6,1.2035E-5,3.3738E-5,8.9483E-5,2.2584E-4,5.4365E-4,0.0011954,0.001761,0.0022377,0.0028092
1500.0,3.112E-7,1.0694E-6,3.3083E-6,1.0384E-5,2.9979E-5,8.2443E-5,2.1189E-4,4.9033E-4,7.3988E-4,9.5198E-4,0.0012059
SA0P04
r\m,4.0,4.5,5.0,5.5,6.0,6.5,7.0,7.5,7.8,8.0,8.2
0.0,1.2071,1.6819,2.1292,2.5769,2.9128,3.2346,3.522,3.748,3.8157,3.8509,3.7799
1.0,0.88638,1.2868,1.6803,2.0781,2.3991,2.7196,3.0275,3.2853,3.3608,3.3987,3.3522
5.0,0.30781,0.53863,0.82991,1.1819,1.5275,1.8813,2.241,2.563,2.6853,2.7515,2.7685
10.0,0.13489,0.24683,0.40742,0.63508,0.91589,1.2487,1.6337,2.0207,2.2113,2.3206,2.414
15.0,0.073042,0.13725,0.23498,0.38718,0.59605,0.87701,1.2182,1.5975,1.8169,1.9499,2.0758
20.0,0.045895,0.087393,0.15301,0.25954,0.41743,0.64284,0.93011,1.2669,1.4876,1.6345,1.7662
25.0,0.031491,0.060687,0.10712,0.18442,0.30307,0.48024,0.72104,1.0332,1.241,1.3851,1.5327
30.0,0.023257,0.045081,0.080118,0.13939,0.23171,0.37498,0.58209,0.85885,1.0543,1.1921,1.3365
40.0,0.014253,0.027976,0.050379,0.089565,0.15141,0.25073,0.40518,0.6243,0.77906,0.89075,1.0094
50.0,0.0095608,0.019001,0.034696,0.062899,0.1079,0.18215,0.30427,0.48682,0.62158,0.72247,0.83262
60.0,0.0076627,0.015328,0.028107,0.051302,0.089398,0.15384,0.26015,0.42179,0.54345,0.63566,0.73721
70.0,0.0062954,0.012624,0.023246,0.04284,0.075552,0.13173,0.22493,0.37107,0.48134,0.56473,0.65692
80.0,0.0052608,0.010602,0.01963,0.036456,0.065071,0.1144,0.19838,0.33063,0.4301,0.5066,0.59171
90.0,0.0045047,0.0091161,0.016958,0.031683,0.056942,0.10131,0.17692,0.2972,0.38849,0.45915,0.53814
100.0,0.0038967,0.0079172,0.01479,0.027789,0.050484,0.090392,0.1588,0.26868,0.3528,0.41815,0.49147
110.0,0.0033934,0.0069195,0.01298,0.024574,0.044777,0.080518,0.14184,0.24008,0.31595,0.37528,0.44201
120.0,0.002964,0.0060909,0.011524,0.021876,0.040017,0.072164,0.12705,0.21575,0.28468,0.33853,0.3992
130.0,0.0026025,0.005367,0.01019,0.019388,0.035554,0.064292,0.11347,0.19384,0.25612,0.30454,0.3591
140.0,0.0022952,0.0047483,0.0090403,0.017253,0.031726,0.057483,0.10202,0.17475,0.23095,0.27497,0.32465
150.0,0.0020235,0.0042,0.008021,0.015382,0.028353,0.05153,0.091675,0.15729,0.20847,0.24942,0.29593
175.0,0.0014999,0.0031431,0.0060555,0.011693,0.021718,0.039722,0.071124,0.12309,0.16479,0.19806,0.23605
200.0,0.0011357,0.0023985,0.0046488,0.0090291,0.016859,0.030942,0.056143,0.098323,0.13235,0.15951,0.19066
250.0,6.6806E-4,0.0014333,0.0028256,0.005568,0.010536,0.019742,0.036512,0.065509,0.088131,0.10631,0.12714
300.0,4.1513E-4,9.0621E-4,0.0018168,0.0036351,0.0070289,0.01331,0.025221,0.045864,0.061734,0.074396,0.089483
350.0,2.6636E-4,5.9249E-4,0.0012099,0.002464,0.004822,0.0092331,0.017694,0.032929,0.044621,0.054336,0.065593
400.0,1.755E-4,4.0051E-4,8.3594E-4,0.001727,0.0034262,0.0066349,0.013003,0.024431,0.033546,0.040946,0.049532
450.0,1.1767E-4,2.7396E-4,5.8471E-4,0.0012316,0.0024829,0.0048845,0.0096831,0.01856,0.025542,0.031105,0.037535
500.0,8.1065E-5,1.9224E-4,4.1838E-4,8.999E-4,0.0018467,0.0036852,0.0074557,0.014418,0.019796,0.024156,0.029203
600.0,3.745E-5,9.4167E-5,2.1373E-4,4.8234E-4,0.001042,0.0021753,0.0044934,0.0087903,0.012372,0.015275,0.018752
700.0,1.9638E-5,5.1344E-5,1.2432E-4,2.9503E-4,6.5243E-4,0.0013863,0.0029416,0.0059103,0.0083512,0.010371,0.012738
800.0,1.0961E-5,3.0057E-5,7.4742E-5,1.8356E-4,4.2398E-4,9.3638E-4,0.0020319,0.0041225,0.005866,0.0073027,0.0090137
1000.0,3.8808E-6,1.14E-5,3.0309E-5,8.006E-5,1.9516E-4,4.5919E-4,0.0010277,0.0021287,0.0030573,0.0038318,0.0047459
1200.0,1.3787E-6,4.2785E-6,1.2131E-5,3.3556E-5,8.7792E-5,2.1843E-4,5.2015E-4,0.001135,0.0016672,0.0021159,0.0026527
1500.0,3.1799E-7,1.0791E-6,3.3114E-6,1.0246E-5,2.9223E-5,7.9342E-5,2.0192E-4,4.6485E-4,7.0085E-4,9.0157E-4,0.0011415
SA0P05
r\m,4.0,4.5,5.0,5.5,6.0,6.5,7.0,7.5,7.8,8.0,8.2
0.0,1.0944,1.5656,2.02,2.4732,2.8225,3.1527,3.4507,3.6866,3.7615,3.8017,3.7376
1.0,0.80882,1.2087,1.6105,2.0164,2.3505,2.6796,2.995,3.2596,3.3434,3.3867,3.3455
5.0,0.2801,0.50481,0.79653,1.1532,1.5092,1.8713,2.2363,2.5629,2.6917,2.7623,2.7832
10.0,0.1235,0.23249,0.39276,0.62261,0.908,1.245,1.6334,2.0227,2.2158,2.3271,2.4234
15.0,0.067524,0.13033,0.22802,0.38129,0.59289,0.87652,1.2204,1.601,1.8224,1.9573,2.0856
20.0,0.042719,0.083537,0.14929,0.25672,0.41669,0.64439,0.93449,1.2738,1.4957,1.6435,1.7773
25.0,0.029489,0.058309,0.10504,0.18326,0.30385,0.48326,0.72691,1.042,1.251,1.3952,1.5429
30.0,0.02187,0.043495,0.078897,0.13901,0.23311,0.37858,0.58865,0.86856,1.0648,1.2029,1.3475
40.0,0.013511,0.027199,0.049963,0.089894,0.15336,0.25493,0.41207,0.63388,0.79037,0.90312,1.0229
50.0,0.0091477,0.018626,0.034648,0.063494,0.10987,0.18604,0.31076,0.49615,0.63284,0.73495,0.84632
60.0,0.0073549,0.015074,0.028163,0.051976,0.091298,0.15746,0.26605,0.43025,0.55382,0.64731,0.75016
70.0,0.0060805,0.012489,0.023422,0.04362,0.077498,0.13541,0.231,0.37972,0.49214,0.57698,0.67067
80.0,0.0051218,0.010563,0.019903,0.037329,0.067099,0.11819,0.2046,0.3397,0.44147,0.5196,0.6064
90.0,0.0044169,0.0091397,0.017291,0.0326,0.058979,0.10506,0.18307,0.30635,0.40006,0.47249,0.55335
100.0,0.0038467,0.0079837,0.015156,0.028721,0.052474,0.094055,0.16485,0.27778,0.36444,0.43163,0.50691
110.0,0.00337,0.0070137,0.013362,0.025506,0.046725,0.084067,0.14775,0.24917,0.32763,0.38879,0.45746
120.0,0.0029601,0.0062032,0.011913,0.022793,0.04189,0.075579,0.13279,0.2247,0.29618,0.35189,0.41454
130.0,0.0026138,0.0054933,0.010582,0.020274,0.037342,0.067555,0.11898,0.20249,0.26727,0.31752,0.37404
140.0,0.002318,0.0048825,0.0094217,0.0181,0.033423,0.060576,0.10725,0.18302,0.24164,0.28745,0.33905
150.0,0.0020529,0.0043356,0.0083873,0.016188,0.029954,0.054415,0.096578,0.1651,0.21861,0.26131,0.30972
175.0,0.001538,0.0032748,0.0063809,0.01238,0.023051,0.042111,0.075237,0.12978,0.17353,0.20831,0.24793
200.0,0.0011769,0.0025203,0.00493,0.009607,0.017978,0.032969,0.059635,0.104,0.13987,0.16845,0.20113
250.0,7.0276E-4,0.0015234,0.0030232,0.0059661,0.011298,0.021132,0.038915,0.069427,0.093136,0.11219,0.13394
300.0,4.4148E-4,9.7089E-4,0.0019551,0.00391,0.007556,0.014269,0.026884,0.048588,0.065175,0.078349,0.094008
350.0,2.8598E-4,6.3899E-4,0.0013076,0.0026529,0.0051788,0.0098796,0.018815,0.034747,0.046912,0.056968,0.068553
400.0,1.8991E-4,4.3373E-4,9.0411E-4,0.0018578,0.0036716,0.0070735,0.013751,0.025637,0.035062,0.042673,0.05145
450.0,1.2779E-4,2.9708E-4,6.3233E-4,0.0013229,0.0026538,0.0051848,0.010191,0.019349,0.026534,0.032273,0.038878
500.0,8.8189E-5,2.0841E-4,4.5178E-4,9.6428E-4,0.0019656,0.003893,0.0077942,0.014926,0.020458,0.024931,0.030084
600.0,4.0425E-5,1.0128E-4,2.2833E-4,5.1083E-4,0.0010943,0.0022635,0.0046326,0.0089841,0.012592,0.015499,0.018956
700.0,2.1249E-5,5.4938E-5,1.3224E-4,3.1009E-4,6.794E-4,0.0014279,0.0029998,0.0059713,0.0083977,0.010397,0.012725
800.0,1.176E-5,3.1998E-5,7.8934E-5,1.9149E-4,4.368E-4,9.5182E-4,0.002043,0.0041049,0.005822,0.0072295,0.008892
1000.0,4.1248E-6,1.1995E-5,3.1584E-5,8.2287E-5,1.981E-4,4.5931E-4,0.0010162,0.0020858,0.002983,0.0037289,0.0046065
1200.0,1.4588E-6,4.4784E-6,1.2578E-5,3.4337E-5,8.8572E-5,2.1699E-4,5.102E-4,0.0011024,0.0016131,0.0020432,0.0025561
1500.0,3.3584E-7,1.1246E-6,3.4202E-6,1.0417E-5,2.9295E-5,7.8314E-5,1.9674E-4,4.4924E-4,6.7575E-4,8.6825E-4,0.0010977
SA0P075
r\m,4.0,4.5,5.0,5.5,6.0,6.5,7.0,7.5,7.8,8.0,8.2
0.0,0.79766,1.2056,1.6251,2.0517,2.3999,2.7225,3.0202,3.2587,3.341,3.3855,3.3479
1.0,0.5953,0.94504,1.3194,1.7063,2.0385,2.3585,2.6661,2.9249,3.0159,3.0635,3.0417
5.0,0.20519,0.39293,0.6539,0.98619,1.3302,1.677,2.023,2.3324,2.4595,2.5296,2.558
10.0,0.091744,0.18317,0.32592,0.53815,0.80829,1.1267,1.4872,1.8448,2.0235,2.1278,2.2204
15.0,0.051154,0.10449,0.19208,0.33333,0.53255,0.79856,1.1172,1.4653,1.6673,1.7916,1.9112
20.0,0.032801,0.067904,0.12739,0.227,0.37775,0.59146,0.86134,1.1741,1.3757,1.5097,1.6335
25.0,0.022896,0.047922,0.090698,0.16396,0.27861,0.44787,0.67551,0.96643,1.1566,1.287,1.4208
30.0,0.017127,0.036068,0.068778,0.12548,0.21562,0.35364,0.55098,0.81042,0.989,1.114,1.2449
40.0,0.010754,0.022932,0.044277,0.082418,0.14408,0.2418,0.39066,0.59754,0.74206,0.84574,0.95627
50.0,0.007413,0.015971,0.031176,0.058993,0.10451,0.17843,0.29762,0.47186,0.59884,0.69318,0.79595
60.0,0.0059936,0.013001,0.025496,0.048586,0.087271,0.15149,0.25542,0.40997,0.52497,0.61147,0.70647
70.0,0.0050204,0.010907,0.021456,0.041231,0.07481,0.13145,0.2237,0.36449,0.46996,0.54924,0.63668
80.0,0.0043,0.0093745,0.018512,0.035784,0.065605,0.11615,0.20023,0.32932,0.4258,0.49947,0.58118
90.0,0.0037652,0.0082273,0.016298,0.031634,0.058325,0.10429,0.18082,0.29965,0.38924,0.45808,0.53477
100.0,0.0033272,0.0072834,0.014462,0.028188,0.052408,0.09425,0.16431,0.27401,0.35753,0.42191,0.49386
110.0,0.0029555,0.0064804,0.0129,0.025309,0.047163,0.085109,0.14877,0.24837,0.3248,0.38388,0.45
120.0,0.0026307,0.0058004,0.011627,0.022852,0.042693,0.077251,0.13501,0.22618,0.29639,0.35075,0.4117
130.0,0.0023523,0.005197,0.010441,0.020528,0.038423,0.06969,0.1221,0.20563,0.26988,0.3194,0.37492
140.0,0.0021114,0.0046695,0.0093867,0.018494,0.034683,0.063019,0.11094,0.18736,0.246,0.29154,0.34267
150.0,0.0018897,0.004187,0.0084317,0.016682,0.031341,0.057038,0.10066,0.17029,0.22425,0.26698,0.31523
175.0,0.0014509,0.0032347,0.006548,0.012997,0.024526,0.044857,0.079685,0.13606,0.18083,0.21612,0.25614
200.0,0.0011371,0.0025432,0.0051558,0.010258,0.019446,0.03571,0.064117,0.11053,0.14782,0.17733,0.21095
250.0,7.0794E-4,0.0015946,0.0032652,0.0065588,0.012551,0.02345,0.042779,0.075289,0.10028,0.12031,0.14307
300.0,4.6065E-4,0.0010476,0.0021677,0.004396,0.0085557,0.016117,0.030015,0.053491,0.071205,0.085151,0.10164
350.0,3.0832E-4,7.0845E-4,0.0014824,0.0030328,0.0059442,0.011293,0.021238,0.03856,0.051646,0.062343,0.074559
400.0,2.1084E-4,4.917E-4,0.0010413,0.0021495,0.0042536,0.0081423,0.015576,0.028543,0.03869,0.046803,0.056068
450.0,1.4501E-4,3.4252E-4,7.3771E-4,0.0015452,0.0030953,0.0059886,0.011571,0.021531,0.029284,0.035495,0.042594
500.0,1.0187E-4,2.4343E-4,5.3205E-4,0.0011337,0.0022986,0.0045011,0.0088271,0.016556,0.022574,0.027411,0.032942
600.0,4.7707E-5,1.2013E-4,2.7074E-4,6.0134E-4,0.0012741,0.0025928,0.0052027,0.0098928,0.013731,0.016792,0.020379
700.0,2.5707E-5,6.5834E-5,1.5796E-4,3.6458E-4,7.8752E-4,0.0016222,0.0033336,0.0064934,0.0090338,0.011106,0.01349
800.0,1.428E-5,3.8543E-5,9.4232E-5,2.2435E-4,5.0075E-4,0.0010629,0.0022253,0.0043688,0.0061435,0.007581,0.0092503
1000.0,5.0462E-6,1.4433E-5,3.7396E-5,9.4944E-5,2.2295E-4,5.0061E-4,0.0010772,0.0021594,0.0030536,0.0037907,0.0046511
1200.0,1.8062E-6,5.4278E-6,1.4951E-5,3.9704E-5,9.9203E-5,2.3423E-4,5.3281E-4,0.0011202,0.0016197,0.0020381,0.0025329
1500.0,4.2329E-7,1.3744E-6,4.0885E-6,1.1986E-5,3.2515E-5,8.3403E-5,2.0181E-4,4.4854E-4,6.681E-4,8.5365E-4,0.0010724
SA0P1
r\m,4.0,4.5,5.0,5.5,6.0,6.5,7.0,7.5,7.8,8.0,8.2
0.0,0.59478,0.93526,1.3032,1.6872,2.0137,2.314,2.5958,2.8235,2.9052,2.949,2.9326
1.0,0.44629,0.73993,1.0702,1.4212,1.7323,2.0288,2.3158,2.5581,2.6471,2.6934,2.687
5.0,0.15339,0.30669,0.531,0.82727,1.1428,1.4602,1.7759,2.0583,2.1755,2.2401,2.2721
10.0,0.06929,0.14432,0.2669,0.45506,0.70039,0.99062,1.3133,1.6306,1.7894,1.8829,1.9677
15.0,0.039159,0.083362,0.1591,0.28444,0.46495,0.70602,0.99118,1.2989,1.4761,1.5857,1.6921
20.0,0.02534,0.054707,0.10657,0.19552,0.33232,0.52607,0.76824,1.0463,1.2226,1.3396,1.4491
25.0,0.017815,0.038915,0.076568,0.14258,0.24744,0.4015,0.60643,0.86512,1.0317,1.1456,1.2629
30.0,0.013405,0.02948,0.058482,0.1099,0.19286,0.31904,0.49742,0.72868,0.88538,0.99466,1.1092
40.0,0.0085119,0.01897,0.038128,0.073085,0.13044,0.22061,0.35614,0.54179,0.67002,0.7617,0.85983
50.0,0.0059388,0.01337,0.02715,0.052852,0.095539,0.16427,0.27349,0.43081,0.5439,0.62754,0.71865
60.0,0.0048181,0.010923,0.022288,0.043683,0.079997,0.13967,0.23506,0.37482,0.47728,0.55396,0.63811
70.0,0.0040731,0.009246,0.018919,0.03738,0.069085,0.12198,0.20714,0.33511,0.42967,0.50056,0.57874
80.0,0.0035302,0.0080433,0.016521,0.032814,0.061209,0.10883,0.18701,0.3052,0.39248,0.45882,0.53236
90.0,0.0031253,0.0071351,0.014697,0.029297,0.05493,0.098562,0.17024,0.27982,0.36142,0.42378,0.49316
100.0,0.0027911,0.0063813,0.013169,0.026351,0.049782,0.089808,0.15591,0.25776,0.33431,0.393,0.4585
110.0,0.0025051,0.0057353,0.011862,0.023878,0.045206,0.081848,0.14246,0.23574,0.30642,0.36066,0.42128
120.0,0.0022528,0.005183,0.010786,0.021747,0.041282,0.07494,0.13039,0.21652,0.28193,0.33228,0.38863
130.0,0.0020332,0.004686,0.009772,0.019703,0.037468,0.068158,0.11889,0.1984,0.25878,0.30505,0.35686
140.0,0.001841,0.0042458,0.008856,0.01789,0.034074,0.062099,0.10881,0.18209,0.23765,0.28055,0.32863
150.0,0.001661,0.003837,0.0080158,0.016257,0.031015,0.056621,0.099458,0.16669,0.21819,0.25868,0.3043
175.0,0.0012992,0.0030179,0.0063341,0.01288,0.024675,0.045267,0.080015,0.13533,0.17869,0.21263,0.251
200.0,0.0010368,0.0024142,0.0050724,0.010334,0.019879,0.036617,0.065349,0.11148,0.14814,0.17698,0.20974
250.0,6.688E-4,0.0015656,0.0033155,0.0068101,0.013211,0.024704,0.044738,0.077854,0.10308,0.12321,0.14605
300.0,4.4943E-4,0.0010597,0.0022631,0.0046834,0.0092152,0.017365,0.03207,0.056514,0.074779,0.089076,0.1059
350.0,3.1032E-4,7.3707E-4,0.0015871,0.0033032,0.0065366,0.012412,0.023135,0.041444,0.055164,0.066285,0.078932
400.0,2.1849E-4,5.2451E-4,0.0011385,0.0023853,0.0047572,0.009093,0.017196,0.031085,0.041841,0.050383,0.060091
450.0,1.5412E-4,3.7345E-4,8.2177E-4,0.0017427,0.0035115,0.0067694,0.012922,0.023677,0.031989,0.038645,0.046226
500.0,1.1073E-4,2.7053E-4,6.0229E-4,0.0012962,0.0026362,0.0051369,0.00993,0.018332,0.024869,0.030098,0.036053
600.0,5.4138E-5,1.3831E-4,3.1526E-4,7.0295E-4,0.0014859,0.0029961,0.0059222,0.011084,0.015264,0.018573,0.022415
700.0,3.0182E-5,7.7714E-5,1.875E-4,4.3141E-4,9.2673E-4,0.001886,0.0038102,0.0072916,0.010056,0.012294,0.014848
800.0,1.712E-5,4.6312E-5,1.1332E-4,2.6792E-4,5.9125E-4,0.0012338,0.0025329,0.0048777,0.006806,0.0083535,0.01013
1000.0,6.2398E-6,1.773E-5,4.5613E-5,1.1407E-4,2.636E-4,5.7813E-4,0.0012154,0.0023862,0.0033407,0.0041214,0.0050266
1200.0,2.305E-6,6.8394E-6,1.8604E-5,4.8475E-5,1.1824E-4,2.7099E-4,5.9852E-4,0.0012263,0.0017524,0.0021903,0.0027035
1500.0,5.6162E-7,1.7817E-6,5.2048E-6,1.4792E-5,3.89E-5,9.6139E-5,2.2435E-4,4.8455E-4,7.1334E-4,9.0512E-4,0.0011285
SA0P15
r\m,4.0,4.5,5.0,5.5,6.0,6.5,7.0,7.5,7.8,8.0,8.2
0.0,0.37561,0.62625,0.91243,1.2224,1.4992,1.7533,1.9971,2.1964,2.2705,2.3094,2.3155
1.0,0.28341,0.50057,0.75925,1.0451,1.3088,1.5586,1.8033,2.0113,2.0904,2.1308,2.1405
5.0,0.0971,0.20668,0.37707,0.61352,0.87481,1.1383,1.4004,1.6352,1.7327,1.7859,1.8191
10.0,0.044421,0.098429,0.19162,0.34098,0.54263,0.78339,1.0445,1.298,1.4248,1.5001,1.5705
15.0,0.025516,0.05775,0.1159,0.21573,0.36395,0.56263,0.79338,1.0381,1.1768,1.2631,1.348
20.0,0.016691,0.038356,0.078642,0.15018,0.26284,0.42266,0.61926,0.842,0.97953,1.0704,1.1572
25.0,0.011832,0.027553,0.057177,0.11092,0.19827,0.32603,0.49311,0.70008,0.83027,0.91925,1.0113
30.0,0.0089669,0.021041,0.044076,0.086323,0.15604,0.26128,0.40747,0.59302,0.71596,0.80128,0.89098
40.0,0.0057706,0.013744,0.02921,0.058361,0.10722,0.18331,0.29549,0.44597,0.54802,0.62068,0.69897
50.0,0.0040841,0.0098286,0.0211,0.042774,0.07956,0.13817,0.22935,0.35788,0.44826,0.5147,0.58716
60.0,0.0033256,0.0080631,0.017395,0.035484,0.066791,0.1176,0.19741,0.31188,0.39376,0.45458,0.52133
70.0,0.0028431,0.0069007,0.014927,0.030692,0.058238,0.10354,0.17531,0.28089,0.35707,0.41401,0.47686
80.0,0.0025001,0.0060958,0.013244,0.027362,0.052315,0.093594,0.16014,0.2586,0.3298,0.38359,0.44322
90.0,0.0022437,0.0054822,0.011943,0.024757,0.047557,0.085785,0.14742,0.23961,0.30679,0.3577,0.41432
100.0,0.0020302,0.0049679,0.010843,0.022556,0.043626,0.079074,0.13651,0.22302,0.28655,0.33488,0.38878
110.0,0.0018464,0.0045248,0.0098962,0.020698,0.040119,0.073028,0.12639,0.20655,0.26592,0.31106,0.36142
120.0,0.0016825,0.0041416,0.009107,0.01908,0.037105,0.067717,0.11709,0.19203,0.24756,0.28996,0.33734
130.0,0.0015363,0.0037888,0.0083489,0.017495,0.034087,0.06231,0.10802,0.17796,0.22984,0.26934,0.31349
140.0,0.0014064,0.0034707,0.0076507,0.016062,0.031331,0.057392,0.099913,0.16506,0.21339,0.25042,0.29185
150.0,0.0012821,0.0031693,0.0069984,0.014748,0.028819,0.052917,0.092364,0.15272,0.19799,0.23324,0.27287
175.0,0.001027,0.0025528,0.005665,0.011972,0.023509,0.043397,0.076173,0.12704,0.16602,0.19623,0.2303
200.0,8.3867E-4,0.0020903,0.0046478,0.0098459,0.019405,0.035962,0.063652,0.10696,0.14065,0.16692,0.19668
250.0,5.6804E-4,0.001423,0.0031861,0.0068029,0.013517,0.025357,0.045476,0.077896,0.10225,0.12157,0.14346
300.0,3.9982E-4,0.0010078,0.0022728,0.0048822,0.0098071,0.018536,0.033875,0.058778,0.077146,0.091425,0.10813
350.0,2.8909E-4,7.3231E-4,0.0016609,0.0035806,0.0072314,0.013766,0.025376,0.04463,0.058912,0.070356,0.083339
400.0,2.1284E-4,5.4289E-4,0.0012368,0.0026789,0.0054437,0.01043,0.019444,0.034499,0.045993,0.055048,0.065312
450.0,1.5652E-4,4.0159E-4,9.242E-4,0.002021,0.0041409,0.0079841,0.015013,0.026954,0.036079,0.04336,0.051639
500.0,1.1691E-4,3.0141E-4,6.9923E-4,0.0015472,0.00319,0.0062077,0.011795,0.021326,0.028696,0.034552,0.041207
600.0,6.2394E-5,1.6618E-4,3.9126E-4,8.8902E-4,0.0018901,0.0037839,0.0073355,0.013434,0.018295,0.022119,0.02652
700.0,3.7106E-5,9.8771E-5,2.4338E-4,5.6545E-4,0.0012163,0.0024497,0.0048404,0.0090382,0.012319,0.014949,0.017926
800.0,2.219E-5,6.1495E-5,1.5279E-4,3.6236E-4,7.9518E-4,0.0016326,0.0032652,0.0061209,0.0084418,0.010283,0.012374
1000.0,8.7665E-6,2.5168E-5,6.49E-5,1.6066E-4,3.6606E-4,7.8151E-4,0.0015917,0.0030318,0.0041842,0.0051163,0.0061884
1200.0,3.5128E-6,1.0418E-5,2.8093E-5,7.1869E-5,1.7047E-4,3.7595E-4,7.9559E-4,0.0015669,0.0021982,0.0027177,0.0033191
1500.0,9.4794E-7,2.9521E-6,8.4429E-6,2.3062E-5,5.8109E-5,1.3606E-4,3.0008E-4,6.1747E-4,8.8996E-4,0.0011149,0.0013717
SA0P2
r\m,4.0,4.5,5.0,5.5,6.0,6.5,7.0,7.5,7.8,8.0,8.2
0.0,0.26353,0.46461,0.70048,0.96046,1.1984,1.417,1.6293,1.804,1.87,1.9043,1.9193
1.0,0.1994,0.37338,0.58706,0.82792,1.0547,1.269,1.4808,1.6614,1.7311,1.7662,1.7822
5.0,0.068198,0.15382,0.29167,0.48829,0.71015,0.93445,1.1579,1.3585,1.4413,1.4862,1.5178
10.0,0.031423,0.073765,0.14918,0.27301,0.44374,0.64901,0.86826,1.0795,1.1849,1.248,1.3079
15.0,0.018213,0.043665,0.090993,0.17398,0.2995,0.46832,0.66215,0.86549,0.97941,1.0504,1.1209
20.0,0.011985,0.029197,0.062211,0.12204,0.21766,0.35355,0.519,0.70483,0.81751,0.89183,0.96355
25.0,0.0085346,0.021091,0.045548,0.090839,0.1655,0.27449,0.41545,0.58791,0.69474,0.76776,0.84358
30.0,0.0064933,0.01618,0.035299,0.071101,0.13102,0.22111,0.34482,0.49965,0.60081,0.6708,0.74457
40.0,0.0042099,0.010659,0.023619,0.048546,0.090877,0.15645,0.25197,0.37836,0.46304,0.52317,0.58828
50.0,0.0030029,0.007685,0.017203,0.035863,0.067962,0.1188,0.19682,0.30529,0.38044,0.43549,0.49558
60.0,0.0024497,0.0063176,0.014212,0.029803,0.057117,0.10113,0.16953,0.26629,0.33434,0.38466,0.43991
70.0,0.0021074,0.0054404,0.012272,0.025939,0.050085,0.089461,0.15121,0.24087,0.30449,0.35197,0.40443
80.0,0.0018683,0.0048486,0.010992,0.023342,0.045368,0.081506,0.13912,0.22321,0.28315,0.32824,0.37828
90.0,0.0016897,0.0043953,0.0099926,0.021292,0.041569,0.075262,0.12897,0.20819,0.26503,0.3079,0.35557
100.0,0.0015403,0.0040136,0.009143,0.01955,0.038421,0.069876,0.12025,0.19503,0.24903,0.28994,0.33554
110.0,0.0014115,0.0036845,0.0084118,0.018079,0.035611,0.065078,0.11227,0.18204,0.2329,0.27134,0.31422
120.0,0.0012961,0.0033981,0.0077972,0.01679,0.033203,0.060835,0.10481,0.17054,0.21842,0.2548,0.29544
130.0,0.0011915,0.0031302,0.007199,0.01551,0.030736,0.056391,0.09741,0.15919,0.20427,0.23845,0.27664
140.0,0.0010976,0.0028859,0.0066418,0.014339,0.028441,0.052301,0.090706,0.14865,0.19097,0.22324,0.25934
150.0,0.0010066,0.0026517,0.0061149,0.01325,0.026335,0.048577,0.084474,0.13848,0.1784,0.20928,0.24398
175.0,8.1747E-4,0.0021662,0.0050236,0.010925,0.021837,0.040519,0.070819,0.11705,0.15192,0.17879,0.20906
200.0,6.7658E-4,0.0017988,0.0041848,0.0091299,0.018316,0.034114,0.060084,0.099998,0.13058,0.15428,0.1811
250.0,4.7205E-4,0.0012626,0.002959,0.0065114,0.013176,0.024798,0.044222,0.075008,0.097932,0.11604,0.13656
300.0,3.4207E-4,9.2095E-4,0.0021744,0.0048137,0.0098305,0.018646,0.033877,0.05823,0.076056,0.089863,0.10595
350.0,2.5479E-4,6.8897E-4,0.001635,0.0036321,0.0074629,0.01426,0.026127,0.045437,0.059678,0.071012,0.083873
400.0,1.9319E-4,5.2539E-4,0.001251,0.0027914,0.0057686,0.011099,0.02053,0.036012,0.047734,0.056928,0.067357
450.0,1.4623E-4,3.9949E-4,9.5941E-4,0.0021593,0.0044963,0.0086991,0.016226,0.028781,0.038304,0.045874,0.054487
500.0,1.123E-4,3.0789E-4,7.4409E-4,0.0016924,0.0035415,0.0069111,0.013015,0.023246,0.031106,0.037326,0.044402
600.0,6.4225E-5,1.8049E-4,4.4088E-4,0.0010244,0.0022005,0.0044032,0.0084432,0.015261,0.020642,0.024866,0.029717
700.0,4.017E-5,1.1254E-4,2.8524E-4,6.7441E-4,0.0014621,0.0029399,0.0057375,0.010555,0.014289,0.017265,0.020628
800.0,2.5191E-5,7.2898E-5,1.8576E-4,4.4642E-4,9.8423E-4,0.0020124,0.0039661,0.0073156,0.010015,0.012145,0.014559
1000.0,1.0735E-5,3.1894E-5,8.3647E-5,2.0799E-4,4.7343E-4,9.9974E-4,0.0019999,0.0037399,0.0051188,0.0062272,0.0074987
1200.0,4.6548E-6,1.4177E-5,3.8543E-5,9.8435E-5,2.3098E-4,4.9972E-4,0.0010306,0.0019791,0.002744,0.0033682,0.0040864
1500.0,1.393E-6,4.398E-6,1.2547E-5,3.3689E-5,8.2972E-5,1.8821E-4,4.002E-4,7.9604E-4,0.0011296,0.0014018,0.0017087
SA0P25
r\m,4.0,4.5,5.0,5.5,6.0,6.5,7.0,7.5,7.8,8.0,8.2
0.0,0.19467,0.36396,0.56809,0.79529,1.0058,1.1988,1.3873,1.543,1.6024,1.6329,1.6516
1.0,0.14753,0.29345,0.4782,0.68902,0.88957,1.0786,1.2659,1.426,1.4883,1.5193,1.5376
5.0,0.050406,0.12072,0.23762,0.40754,0.60174,0.79827,0.99413,1.1701,1.2425,1.2814,1.3109
10.0,0.02333,0.058147,0.12203,0.22873,0.3778,0.55781,0.7481,0.93042,1.0213,1.0759,1.1282
15.0,0.013599,0.034612,0.074836,0.14644,0.25603,0.40374,0.57198,0.74715,0.84447,0.90525,0.96592
20.0,0.0089819,0.023242,0.051412,0.10323,0.18684,0.30576,0.44954,0.61003,0.70615,0.76944,0.83097
25.0,0.0064134,0.016848,0.037809,0.077222,0.1428,0.23839,0.36107,0.50987,0.60107,0.66344,0.72837
30.0,0.0048914,0.012962,0.029401,0.060667,0.11348,0.19267,0.30054,0.43423,0.52076,0.58051,0.64361
40.0,0.003186,0.0085848,0.019793,0.041684,0.079187,0.13706,0.22068,0.33031,0.40312,0.45475,0.51084
50.0,0.0022836,0.0062209,0.014492,0.030951,0.059517,0.10458,0.17309,0.26745,0.33215,0.37943,0.4311
60.0,0.001865,0.0051201,0.011987,0.025744,0.050046,0.089023,0.14914,0.23341,0.29196,0.33514,0.38257
70.0,0.0016106,0.0044262,0.01039,0.022495,0.044041,0.078979,0.13339,0.21171,0.26662,0.30758,0.35287
80.0,0.0014352,0.0039669,0.0093638,0.020365,0.040109,0.072323,0.12329,0.19702,0.24903,0.28807,0.3314
90.0,0.0013043,0.0036142,0.0085558,0.018673,0.036939,0.067107,0.11482,0.18455,0.23404,0.27124,0.31262
100.0,0.0011945,0.0033163,0.0078677,0.017233,0.034311,0.062601,0.10754,0.17362,0.22078,0.2564,0.29611
110.0,0.0011,0.0030598,0.007276,0.016017,0.031966,0.058628,0.10096,0.1629,0.20753,0.24114,0.27863
120.0,0.001015,0.0028357,0.0067759,0.014946,0.029964,0.055101,0.094731,0.15337,0.19558,0.22754,0.26325
130.0,9.3703E-4,0.0026236,0.0062848,0.013874,0.027878,0.051324,0.088482,0.14385,0.18378,0.21399,0.24775
140.0,8.6659E-4,0.0024288,0.0058239,0.012885,0.025911,0.047821,0.082763,0.13493,0.17262,0.20127,0.23333
150.0,7.978E-4,0.0022406,0.0053844,0.011958,0.024098,0.044636,0.077462,0.12629,0.162,0.18951,0.22042
175.0,6.536E-4,0.001847,0.0044662,0.0099603,0.020204,0.037662,0.065668,0.10791,0.13941,0.16358,0.19082
200.0,5.4558E-4,0.0015476,0.003758,0.0084142,0.01713,0.032051,0.056292,0.093105,0.12099,0.14253,0.1669
250.0,3.8808E-4,0.0011085,0.0027131,0.0061321,0.0126,0.023796,0.042297,0.071295,0.092763,0.10967,0.12885
300.0,2.8671E-4,8.2471E-4,0.0020346,0.0046279,0.0095874,0.018255,0.033059,0.056486,0.073553,0.086745,0.10208
350.0,2.1785E-4,6.2936E-4,0.0015605,0.0035632,0.0074337,0.014263,0.026047,0.044975,0.058888,0.069913,0.082436
400.0,1.6853E-4,4.8944E-4,0.0012173,0.0027927,0.00586,0.011329,0.020864,0.036334,0.047985,0.057103,0.06746
450.0,1.3015E-4,3.7952E-4,9.5135E-4,0.0022009,0.0046525,0.0090423,0.016792,0.029561,0.039199,0.046838,0.055541
500.0,1.0196E-4,2.9818E-4,7.5152E-4,0.0017561,0.0037284,0.0073073,0.013696,0.02428,0.03237,0.038756,0.046033
600.0,6.1404E-5,1.8314E-4,4.6558E-4,0.001108,0.0024084,0.0048313,0.0092068,0.016505,0.022231,0.026724,0.031886
700.0,3.9888E-5,1.1855E-4,3.1076E-4,7.5056E-4,0.0016445,0.0033144,0.0064236,0.011708,0.015786,0.019028,0.022692
800.0,2.599E-5,7.9287E-5,2.0868E-4,5.1089E-4,0.0011369,0.0023279,0.0045505,0.0083115,0.011325,0.013698,0.016391
1000.0,1.1796E-5,3.6726E-5,9.8941E-5,2.4923E-4,5.7063E-4,0.0012019,0.0023809,0.0044036,0.0059996,0.0072788,0.0087463
1200.0,5.4728E-6,1.7373E-5,4.8209E-5,1.2421E-4,2.9125E-4,6.2503E-4,0.0012698,0.002401,0.003305,0.0040391,0.0048816
1500.0,1.7957E-6,5.8555E-6,1.691E-5,4.5314E-5,1.1055E-4,2.4651E-4,5.1256E-4,9.9681E-4,0.0013996,0.0017257,0.0020912
SA0P3
r\m,4.0,4.5,5.0,5.5,6.0,6.5,7.0,7.5,7.8,8.0,8.2
0.0,0.14799,0.29322,0.47499,0.67983,0.87122,1.046,1.2169,1.3581,1.4123,1.4399,1.46
1.0,0.11227,0.23693,0.401,0.59099,0.77314,0.94403,1.1133,1.2581,1.3145,1.3425,1.3615
5.0,0.038333,0.097372,0.19928,0.35024,0.5246,0.70112,0.87685,1.0347,1.0993,1.134,1.1615
10.0,0.017797,0.047042,0.10263,0.19707,0.33046,0.49201,0.66147,0.8231,0.90353,0.95196,0.99872
15.0,0.010413,0.028108,0.063167,0.12658,0.22458,0.35686,0.50664,0.66168,0.74728,0.80078,0.85441
20.0,0.0068951,0.018928,0.043538,0.08953,0.16434,0.27085,0.39892,0.5412,0.62563,0.68116,0.73542
25.0,0.0049325,0.013753,0.032116,0.067204,0.12606,0.21179,0.32116,0.45295,0.53311,0.58794,0.64515
30.0,0.0037683,0.010602,0.025032,0.052931,0.10044,0.17156,0.26784,0.38631,0.46245,0.51497,0.57051
40.0,0.0024622,0.0070473,0.016922,0.036527,0.070376,0.12249,0.19732,0.29476,0.35908,0.40463,0.45423
50.0,0.0017707,0.0051244,0.012434,0.027214,0.053076,0.093771,0.15521,0.23924,0.29642,0.33815,0.38378
60.0,0.0014471,0.0042209,0.010292,0.022648,0.044641,0.079808,0.13374,0.20885,0.26058,0.29865,0.34048
70.0,0.0012531,0.0036585,0.0089447,0.019843,0.039379,0.070941,0.11984,0.18978,0.2384,0.27465,0.31476
80.0,0.0011205,0.0032914,0.0080946,0.018038,0.035996,0.065189,0.11112,0.17713,0.22334,0.25798,0.29644
90.0,0.0010217,0.003009,0.0074221,0.016599,0.033268,0.060691,0.10382,0.16641,0.21049,0.24355,0.28033
100.0,9.3874E-4,0.0027703,0.0068487,0.015372,0.031007,0.0568,0.097539,0.15702,0.1991,0.23082,0.2662
110.0,8.6732E-4,0.0025648,0.0063562,0.014337,0.02899,0.053403,0.091924,0.14785,0.18781,0.21783,0.25133
120.0,8.0302E-4,0.0023849,0.0059384,0.013424,0.027276,0.050378,0.086555,0.13969,0.1776,0.20625,0.23825
130.0,7.435E-4,0.0022133,0.0055252,0.012503,0.025467,0.047085,0.081123,0.13146,0.16745,0.19463,0.22501
140.0,6.8947E-4,0.0020547,0.0051356,0.011648,0.023742,0.044011,0.076119,0.12369,0.15779,0.18366,0.2126
150.0,6.3641E-4,0.0019007,0.0047619,0.010841,0.022149,0.041223,0.071493,0.11615,0.14856,0.17346,0.20142
175.0,5.2455E-4,0.0015765,0.0039761,0.0090949,0.018715,0.035066,0.061086,0.1,0.12878,0.15082,0.17564
200.0,4.4045E-4,0.0013292,0.003369,0.0077416,0.015988,0.030068,0.052749,0.086894,0.11255,0.13231,0.15468
250.0,3.1755E-4,9.6571E-4,0.0024682,0.0057291,0.011948,0.022664,0.040228,0.067537,0.087673,0.1035,0.12146
300.0,2.3782E-4,7.2861E-4,0.0018779,0.0043883,0.0092218,0.017641,0.031905,0.054311,0.070583,0.083146,0.097727
350.0,1.8328E-4,5.6398E-4,0.0014611,0.0034291,0.0072625,0.014004,0.025541,0.0439,0.057368,0.068008,0.080108
400.0,1.4385E-4,4.4486E-4,0.001156,0.0027268,0.0058096,0.011295,0.020759,0.035986,0.047413,0.056345,0.066506
450.0,1.1273E-4,3.4995E-4,9.1611E-4,0.0021792,0.0046772,0.0091416,0.016942,0.029686,0.039273,0.046853,0.055502
500.0,8.9605E-5,2.789E-4,7.3374E-4,0.0017625,0.0037986,0.0074863,0.014003,0.02471,0.03286,0.039285,0.046619
600.0,5.6117E-5,1.7749E-4,4.7051E-4,0.0011489,0.0025307,0.0050994,0.0096873,0.017278,0.023209,0.027867,0.033224
700.0,3.7523E-5,1.183E-4,3.2184E-4,7.9628E-4,0.0017669,0.003578,0.0069103,0.012524,0.016846,0.020276,0.02416
800.0,2.5204E-5,8.116E-5,2.2154E-4,5.5462E-4,0.0012494,0.0025702,0.0050034,0.009085,0.012342,0.014906,0.017824
1000.0,1.2041E-5,3.9405E-5,1.0969E-4,2.8151E-4,6.5115E-4,0.0013747,0.0027101,0.0049808,0.0067701,0.0082026,0.0098484
1200.0,5.9102E-6,1.9643E-5,5.6051E-5,1.4671E-4,3.4601E-4,7.4163E-4,0.0014945,0.0027997,0.0038377,0.004678,0.0056424
1500.0,2.0983E-6,7.1162E-6,2.0998E-5,5.6739E-5,1.3834E-4,3.0619E-4,6.2841E-4,0.0012045,0.0016794,0.0020621,0.0024902
SA0P4
r\m,4.0,4.5,5.0,5.5,6.0,6.5,7.0,7.5,7.8,8.0,8.2
0.0,0.090599,0.19865,0.34721,0.52241,0.6903,0.8431,0.9913,1.1132,1.1603,1.184,1.2047
1.0,0.068825,0.16094,0.2942,0.45606,0.61514,0.76376,0.90988,1.0342,1.0828,1.1067,1.1256
5.0,0.023481,0.066067,0.14622,0.27092,0.41898,0.56966,0.71917,0.85299,0.90746,0.9365,0.96091
10.0,0.010944,0.03204,0.075567,0.15293,0.26504,0.40193,0.5442,0.67889,0.7457,0.78601,0.82526
15.0,0.0064346,0.019236,0.046727,0.098622,0.18076,0.2923,0.41775,0.54647,0.61688,0.66091,0.70524
20.0,0.0042745,0.013001,0.032342,0.070058,0.13275,0.22246,0.32967,0.44795,0.51723,0.56269,0.6074
25.0,0.0030651,0.0094754,0.023949,0.052817,0.10229,0.17458,0.26619,0.37553,0.44131,0.48632,0.53338
30.0,0.0023467,0.0073223,0.018721,0.041733,0.081765,0.14183,0.22254,0.32083,0.38342,0.42649,0.47211
40.0,0.0015397,0.00489,0.012723,0.028957,0.057588,0.10172,0.16462,0.24574,0.29883,0.33636,0.37735
50.0,0.001112,0.0035715,0.0093903,0.021668,0.043618,0.078192,0.12993,0.20004,0.24726,0.28163,0.31925
60.0,9.0978E-4,0.0029448,0.00778,0.018043,0.036692,0.066526,0.11197,0.17467,0.21736,0.24868,0.28312
70.0,7.9056E-4,0.0025611,0.0067839,0.01586,0.032464,0.059273,0.10055,0.15909,0.19931,0.22927,0.26245
80.0,7.1011E-4,0.0023154,0.0061718,0.014494,0.029812,0.054705,0.09361,0.14902,0.18743,0.21614,0.24805
90.0,6.5027E-4,0.0021261,0.0056844,0.013399,0.027675,0.051145,0.087801,0.14053,0.17726,0.20472,0.23528
100.0,5.9996E-4,0.0019658,0.0052683,0.012463,0.025906,0.048064,0.082817,0.13309,0.16824,0.19466,0.22413
110.0,5.5671E-4,0.0018282,0.0049118,0.011675,0.024331,0.045412,0.078432,0.12588,0.1594,0.1845,0.21251
120.0,5.1771E-4,0.0017073,0.0046078,0.010977,0.023001,0.043045,0.074181,0.11946,0.15139,0.17544,0.20231
130.0,4.8116E-4,0.0015906,0.0043044,0.010268,0.021572,0.040404,0.069829,0.1129,0.14334,0.16628,0.19193
140.0,4.4777E-4,0.0014821,0.0040164,0.0096049,0.020189,0.03792,0.065783,0.10665,0.13563,0.15756,0.18209
150.0,4.1474E-4,0.0013758,0.0037381,0.0089727,0.018907,0.035675,0.062063,0.10056,0.12822,0.14938,0.17315
175.0,3.4456E-4,0.0011504,0.003148,0.0075965,0.016136,0.030665,0.053566,0.087433,0.11221,0.13111,0.1524
200.0,2.9155E-4,9.7783E-4,0.0026915,0.0065297,0.01392,0.026551,0.046691,0.076664,0.098936,0.11604,0.13539
250.0,2.1396E-4,7.2371E-4,0.0020098,0.0049296,0.01062,0.020411,0.036304,0.060755,0.078694,0.092748,0.10873
300.0,1.6315E-4,5.5621E-4,0.0015586,0.0038504,0.0083517,0.016195,0.029355,0.049831,0.064647,0.076071,0.089301
350.0,1.2812E-4,4.3872E-4,0.0012359,0.0030686,0.006716,0.013133,0.024007,0.041108,0.053626,0.063479,0.074707
400.0,1.025E-4,3.5269E-4,9.9653E-4,0.0024885,0.0054805,0.010816,0.019907,0.034378,0.045195,0.053638,0.063269
450.0,8.1928E-5,2.8288E-4,8.0485E-4,0.0020269,0.0044977,0.0089245,0.016565,0.028915,0.03817,0.045463,0.053805
500.0,6.6426E-5,2.299E-4,6.5695E-4,0.0016704,0.0037215,0.0074461,0.013951,0.02453,0.032539,0.038843,0.046062
600.0,4.3927E-5,1.5375E-4,4.4227E-4,0.0011405,0.0025919,0.0052965,0.010064,0.017874,0.02395,0.028731,0.034246
700.0,3.0589E-5,1.0684E-4,3.1332E-4,8.1733E-4,0.0018699,0.0038433,0.0074229,0.013388,0.017975,0.021613,0.025746
800.0,2.1473E-5,7.6067E-5,2.237E-4,5.8913E-4,0.0013687,0.0028595,0.0055642,0.010056,0.013625,0.016437,0.019658
1000.0,1.1072E-5,3.964E-5,1.1831E-4,3.1804E-4,7.5704E-4,0.0016199,0.0031927,0.0058414,0.0079323,0.0096068,0.011539
1200.0,5.9209E-6,2.1415E-5,6.5087E-5,1.7783E-4,4.2935E-4,9.2913E-4,0.0018653,0.0034681,0.0047394,0.0057658,0.0069477
1500.0,2.3785E-6,8.7016E-6,2.7099E-5,7.5735E-5,1.8754E-4,4.1603E-4,8.4643E-4,0.0015999,0.0022152,0.0027092,0.0032637
SA0P5
r\m,4.0,4.5,5.0,5.5,6.0,6.5,7.0,7.5,7.8,8.0,8.2
0.0,0.058907,0.13937,0.26106,0.41408,0.56724,0.70828,0.84416,0.95539,0.99852,1.0202,1.0407
1.0,0.044785,0.1131,0.22167,0.36238,0.5067,0.64305,0.7763,0.88905,0.93331,0.95494,0.97346
5.0,0.015274,0.046397,0.11019,0.21558,0.34591,0.48083,0.61486,0.73446,0.78307,0.80887,0.83125
10.0,0.0071363,0.022555,0.057069,0.12193,0.21937,0.34037,0.46612,0.58469,0.64337,0.67878,0.71336
15.0,0.0042083,0.013582,0.035389,0.078824,0.14992,0.24792,0.35827,0.471,0.53228,0.57057,0.60918
20.0,0.0028012,0.0091999,0.024557,0.056141,0.11034,0.18899,0.28312,0.38657,0.44666,0.48602,0.52483
25.0,0.0020117,0.0067177,0.018228,0.042436,0.085254,0.14864,0.22899,0.32438,0.38139,0.42036,0.46113
30.0,0.0015424,0.0051995,0.014274,0.033597,0.068285,0.12096,0.19171,0.27741,0.33164,0.3689,0.40836
40.0,0.0010146,0.0034826,0.0097326,0.02339,0.048242,0.086983,0.14215,0.21295,0.25904,0.29157,0.32713
50.0,7.3478E-4,0.0025507,0.0072035,0.017548,0.036633,0.067023,0.11242,0.17364,0.21461,0.24438,0.27697
60.0,6.0168E-4,0.0021048,0.005972,0.014617,0.030818,0.057007,0.096876,0.15163,0.18865,0.21574,0.24552
70.0,5.2402E-4,0.0018345,0.0052182,0.012875,0.027314,0.050859,0.0871,0.13828,0.17319,0.19918,0.22796
80.0,4.7205E-4,0.0016637,0.0047631,0.011804,0.025153,0.04706,0.081279,0.1298,0.16323,0.18817,0.21589
90.0,4.3346E-4,0.001532,0.0043991,0.010942,0.023413,0.044108,0.076413,0.12266,0.15469,0.17857,0.20514
100.0,4.0099E-4,0.0014203,0.0040883,0.010205,0.021973,0.041552,0.072241,0.11642,0.1471,0.17012,0.19578
110.0,3.7311E-4,0.0013246,0.0038225,0.0095855,0.020693,0.039375,0.068616,0.11041,0.13974,0.16165,0.18609
120.0,3.4794E-4,0.0012405,0.0035951,0.0090365,0.019619,0.037429,0.065068,0.10506,0.13305,0.15409,0.1776
130.0,3.2417E-4,0.0011585,0.0033668,0.0084753,0.018449,0.035222,0.061408,0.099532,0.12629,0.14643,0.16893
140.0,3.0236E-4,0.001082,0.0031493,0.0079472,0.017307,0.033137,0.057987,0.094242,0.1198,0.13908,0.16067
150.0,2.8068E-4,0.0010067,0.0029379,0.0074412,0.016246,0.031259,0.054855,0.089082,0.11352,0.13217,0.15312
175.0,2.3438E-4,8.4613E-4,0.0024874,0.0063354,0.013949,0.027039,0.047631,0.077904,0.099904,0.11665,0.13551
200.0,1.9931E-4,7.2293E-4,0.0021388,0.0054788,0.012106,0.023549,0.041751,0.068679,0.088554,0.10378,0.12101
250.0,1.4795E-4,5.4144E-4,0.0016165,0.0041879,0.0093544,0.018322,0.032847,0.055072,0.071338,0.084056,0.098523
300.0,1.1412E-4,4.2109E-4,0.0012688,0.0033115,0.0074424,0.01471,0.026878,0.045721,0.059339,0.069829,0.081961
350.0,9.0705E-5,3.3618E-4,0.0010183,0.0026723,0.006064,0.01209,0.022278,0.038202,0.049856,0.059007,0.06945
400.0,7.3469E-5,2.7359E-4,8.3126E-4,0.0021945,0.0050117,0.010091,0.01871,0.032358,0.042544,0.05049,0.059572
450.0,5.9476E-5,2.2223E-4,6.7966E-4,0.0018096,0.0041641,0.0084297,0.015764,0.02756,0.036386,0.043326,0.05128
500.0,4.8848E-5,1.8293E-4,5.6168E-4,0.0015097,0.0034877,0.0071195,0.013442,0.023674,0.0314,0.037477,0.044453
600.0,3.3479E-5,1.2643E-4,3.9056E-4,0.0010631,0.0025023,0.0052137,0.0099729,0.017736,0.023766,0.028522,0.03402
700.0,2.395E-5,9.0348E-5,2.8333E-4,7.7943E-4,0.0018463,0.0038719,0.0075282,0.013593,0.018262,0.021964,0.026187
800.0,1.7327E-5,6.5988E-5,2.0745E-4,5.7537E-4,0.0013846,0.002954,0.0057863,0.010473,0.01419,0.017125,0.020508
1000.0,9.4214E-6,3.6145E-5,1.1498E-4,3.2472E-4,7.998E-4,0.0017465,0.0034677,0.0063585,0.0086502,0.010489,0.012621
1200.0,5.3539E-6,2.0685E-5,6.6725E-5,1.9112E-4,4.7613E-4,0.0010497,0.0021199,0.0039458,0.0053969,0.0065682,0.0079235
1500.0,2.3532E-6,9.1491E-6,3.0057E-5,8.7609E-5,2.2285E-4,5.0181E-4,0.0010254,0.0019342,0.0026742,0.0032687,0.0039405
SA0P75
r\m,4.0,4.5,5.0,5.5,6.0,6.5,7.0,7.5,7.8,8.0,8.2
0.0,0.024633,0.06485,0.13757,0.24499,0.36861,0.49254,0.61486,0.71651,0.75744,0.77816,0.79903
1.0,0.018747,0.052735,0.11715,0.2151,0.33031,0.44846,0.56681,0.66817,0.70935,0.72973,0.74848
5.0,0.0063926,0.021624,0.058251,0.12822,0.22617,0.33642,0.45012,0.55311,0.596,0.61883,0.63928
10.0,0.0029973,0.010548,0.030266,0.072726,0.14393,0.23919,0.34205,0.44042,0.48953,0.51914,0.54802
15.0,0.0017749,0.0063782,0.018843,0.047175,0.098656,0.17459,0.26335,0.35511,0.40501,0.43616,0.46748
20.0,0.0011849,0.0043347,0.013123,0.033722,0.07282,0.13337,0.20846,0.29191,0.3402,0.37172,0.40287
25.0,8.5288E-4,0.003174,0.0097739,0.025585,0.056475,0.1052,0.16898,0.24523,0.29073,0.32178,0.3542
30.0,6.5529E-4,0.0024626,0.0076744,0.020312,0.045358,0.085806,0.14173,0.20998,0.25308,0.28262,0.31384
40.0,4.3283E-4,0.0016569,0.0052582,0.014209,0.032182,0.061923,0.10541,0.16163,0.1982,0.22396,0.2521
50.0,3.1474E-4,0.0012187,0.0039083,0.010701,0.024525,0.047868,0.083584,0.13207,0.16446,0.18794,0.2136
60.0,2.5816E-4,0.0010073,0.0032447,0.0089218,0.020638,0.0407,0.072012,0.11532,0.14451,0.16582,0.18922
70.0,2.2563E-4,8.8099E-4,0.0028443,0.0078823,0.018338,0.036376,0.064843,0.10532,0.13287,0.15335,0.17602
80.0,2.0413E-4,8.0267E-4,0.0026088,0.0072595,0.016952,0.033775,0.060691,0.099124,0.12556,0.14525,0.1671
90.0,1.8821E-4,7.4226E-4,0.0024195,0.0067566,0.015838,0.031762,0.05723,0.093929,0.11929,0.13815,0.15912
100.0,1.7481E-4,6.9099E-4,0.0022578,0.0063265,0.014918,0.030019,0.054267,0.08939,0.11372,0.13192,0.1522
110.0,1.6332E-4,6.4719E-4,0.0021199,0.0059655,0.014102,0.02856,0.051739,0.085063,0.10838,0.12576,0.14512
120.0,1.5294E-4,6.0861E-4,0.0020015,0.0056451,0.013424,0.027252,0.049232,0.081206,0.10352,0.12026,0.13893
130.0,1.4301E-4,5.7057E-4,0.0018815,0.0053148,0.012671,0.025734,0.046619,0.07718,0.098576,0.11464,0.13259
140.0,1.3385E-4,5.3476E-4,0.0017664,0.0050015,0.011926,0.024289,0.044157,0.073295,0.093792,0.10923,0.12649
150.0,1.2467E-4,4.9929E-4,0.0016537,0.0046988,0.011232,0.022995,0.041919,0.069501,0.089154,0.1041,0.12087
175.0,1.0493E-4,4.2303E-4,0.0014116,0.0040337,0.0097259,0.020061,0.036687,0.061233,0.079017,0.09252,0.10772
200.0,8.9902E-5,3.6433E-4,0.0012241,0.0035191,0.0085113,0.01761,0.032395,0.054358,0.07051,0.08286,0.096824
250.0,6.7874E-5,2.7778E-4,9.42E-4,0.0027388,0.0066955,0.013926,0.025885,0.044261,0.057747,0.068269,0.080249
300.0,5.3257E-5,2.199E-4,7.5279E-4,0.0022046,0.0054151,0.011364,0.021521,0.037339,0.048826,0.057676,0.067887
350.0,4.308E-5,1.7875E-4,6.1507E-4,0.0018116,0.0044951,0.009514,0.018165,0.031737,0.041731,0.049561,0.058517
400.0,3.5524E-5,1.4813E-4,5.1126E-4,0.0015151,0.0037829,0.0080893,0.015526,0.027351,0.036217,0.043136,0.05107
450.0,2.9295E-5,1.2259E-4,4.2568E-4,0.0012721,0.0031993,0.0068773,0.01331,0.023703,0.031516,0.037647,0.044698
500.0,2.4514E-5,1.0283E-4,3.5831E-4,0.0010805,0.0027272,0.0059101,0.011549,0.020722,0.027665,0.03313,0.039429
600.0,1.769E-5,7.4589E-5,2.6135E-4,7.9639E-4,0.0020439,0.0045151,0.0089229,0.016154,0.021796,0.026268,0.031465
700.0,1.3164E-5,5.5582E-5,1.9651E-4,6.0435E-4,0.0015596,0.0034707,0.0069706,0.012808,0.017343,0.020948,0.025087
800.0,9.9572E-6,4.2191E-5,1.4952E-4,4.6268E-4,0.0012139,0.0027521,0.0055681,0.010263,0.014002,0.016973,0.020436
1000.0,5.8646E-6,2.4952E-5,8.9159E-5,2.7999E-4,7.5085E-4,0.0017415,0.0035772,0.0066909,0.009197,0.011221,0.013591
1200.0,3.6556E-6,1.5614E-5,5.6257E-5,1.7874E-4,4.8311E-4,0.0011295,0.0023578,0.0044762,0.0061823,0.007565,0.0091838
1500.0,1.8479E-6,7.9032E-6,2.8766E-5,9.2457E-5,2.5379E-4,6.0417E-4,0.0012769,0.0024506,0.0034134,0.0041924,0.0050908
SA1P0
r\m,4.0,4.5,5.0,5.5,6.0,6.5,7.0,7.5,7.8,8.0,8.2
0.0,0.01271,0.034973,0.079694,0.1541,0.25102,0.35878,0.47196,0.5709,0.61329,0.63542,0.65774
1.0,0.0096785,0.028469,0.067956,0.13552,0.22529,0.32712,0.43558,0.53291,0.57487,0.59637,0.61651
5.0,0.0033009,0.011674,0.033807,0.080881,0.15452,0.24581,0.34636,0.44157,0.48332,0.50599,0.52658
10.0,0.0015507,0.0057062,0.017598,0.04595,0.098516,0.17516,0.26353,0.35165,0.39691,0.42441,0.45115
15.0,9.2036E-4,0.0034584,0.010981,0.029865,0.067639,0.128,0.20307,0.28366,0.32837,0.35646,0.38463
20.0,6.1544E-4,0.0023548,0.0076638,0.021392,0.050008,0.097903,0.16089,0.23336,0.27595,0.30386,0.3315
25.0,4.436E-4,0.0017272,0.0057192,0.016264,0.038862,0.077345,0.13057,0.19615,0.23592,0.26314,0.29153
30.0,3.4127E-4,0.001342,0.0044979,0.012933,0.031261,0.063162,0.10962,0.16805,0.20546,0.23119,0.25837
40.0,2.2597E-4,9.0547E-4,0.0030911,0.0090736,0.022235,0.045672,0.081659,0.12953,0.16111,0.18342,0.20779
50.0,1.6473E-4,6.6782E-4,0.0023037,0.0068504,0.016982,0.035371,0.064838,0.10594,0.13377,0.15399,0.17609
60.0,1.3529E-4,5.5277E-4,0.001915,0.0057167,0.014298,0.030077,0.055864,0.092504,0.11752,0.13583,0.15592
70.0,1.185E-4,4.8453E-4,0.0016824,0.0050608,0.012725,0.026912,0.050345,0.084546,0.10812,0.1257,0.14516
80.0,1.0748E-4,4.4269E-4,0.0015476,0.0046738,0.011791,0.025036,0.047195,0.079672,0.10231,0.1192,0.13796
90.0,9.9343E-5,4.1045E-4,0.001439,0.0043608,0.01104,0.023588,0.044573,0.075595,0.097309,0.11349,0.13149
100.0,9.2486E-5,3.8307E-4,0.0013463,0.004093,0.010421,0.022335,0.042332,0.072036,0.092866,0.10849,0.1259
110.0,8.6618E-5,3.5972E-4,0.0012674,0.0038686,0.0098731,0.021294,0.040438,0.068661,0.088643,0.10357,0.1202
120.0,8.131E-5,3.3913E-4,0.0011995,0.0036694,0.0094198,0.020362,0.038546,0.065653,0.084793,0.099181,0.11524
130.0,7.6199E-5,3.1868E-4,0.0011302,0.0034627,0.008911,0.019264,0.036563,0.062493,0.080862,0.094694,0.11015
140.0,7.1463E-5,2.9935E-4,0.0010635,0.0032659,0.0084036,0.018215,0.034687,0.059433,0.077049,0.090347,0.10523
150.0,6.6699E-5,2.8011E-4,9.9788E-4,0.0030746,0.0079299,0.017279,0.032989,0.056442,0.073345,0.08622,0.10068
175.0,5.6401E-5,2.3853E-4,8.5624E-4,0.0026529,0.0069011,0.015145,0.028989,0.049907,0.065221,0.076876,0.090005
200.0,4.8544E-5,2.0646E-4,7.4652E-4,0.0023269,0.0060688,0.013352,0.025695,0.044453,0.058383,0.069058,0.081138
250.0,3.7013E-5,1.5912E-4,5.8079E-4,0.0018306,0.0048233,0.010654,0.020697,0.036468,0.048194,0.05736,0.067813
300.0,2.9327E-5,1.273E-4,4.6918E-4,0.0014891,0.003938,0.008771,0.01735,0.031008,0.041071,0.04885,0.057823
350.0,2.3959E-5,1.0458E-4,3.8745E-4,0.0012368,0.0033035,0.0074172,0.014782,0.026581,0.035397,0.042319,0.050255
400.0,1.9954E-5,8.758E-5,3.2551E-4,0.0010454,0.0028087,0.0063701,0.012751,0.023109,0.030978,0.037143,0.044232
450.0,1.6623E-5,7.3256E-5,2.7391E-4,8.8692E-4,0.0023993,0.0054677,0.011031,0.020204,0.027192,0.032689,0.039031
500.0,1.4053E-5,6.2116E-5,2.3303E-4,7.6121E-4,0.0020657,0.0047436,0.0096599,0.017823,0.024077,0.029018,0.034733
600.0,1.0424E-5,4.6275E-5,1.7461E-4,5.757E-4,0.0015862,0.0037087,0.0076269,0.014187,0.019369,0.023502,0.028326
700.0,7.9239E-6,3.53E-5,1.3403E-4,4.457E-4,0.0012339,0.0029064,0.006071,0.011455,0.015702,0.019095,0.023013
800.0,6.1393E-6,2.7382E-5,1.0425E-4,3.4848E-4,9.8115E-4,0.0023555,0.0049552,0.0093806,0.012949,0.015803,0.019158
1000.0,3.7762E-6,1.691E-5,6.4847E-5,2.1967E-4,6.3162E-4,0.0015507,0.0033139,0.0063719,0.0088786,0.010919,0.013327
1200.0,2.4752E-6,1.1125E-5,4.293E-5,1.47E-4,4.2534E-4,0.001052,0.0022843,0.00446,0.0062448,0.0077012,0.009423
1500.0,1.3511E-6,6.0793E-6,2.3628E-5,8.1697E-5,2.3956E-4,6.029E-4,0.0013278,0.0026204,0.0036977,0.0045783,0.0056112
SA1P5
r\m,4.0,4.5,5.0,5.5,6.0,6.5,7.0,7.5,7.8,8.0,8.2
0.0,0.004883,0.013784,0.033678,0.071875,0.13081,0.20821,0.30098,0.3925,0.43685,0.46163,0.48652
1.0,0.0037205,0.011233,0.028759,0.06331,0.11758,0.19009,0.27809,0.36674,0.40984,0.43361,0.45629
5.0,0.0012695,0.0046084,0.014321,0.037847,0.080803,0.14312,0.22146,0.30419,0.3448,0.36808,0.38975
10.0,5.9774E-4,0.002258,0.0074721,0.021548,0.051639,0.10225,0.16874,0.24231,0.28313,0.30869,0.33374
15.0,3.5567E-4,0.0013722,0.0046752,0.014039,0.035528,0.074833,0.13018,0.19558,0.23426,0.25921,0.28438
20.0,2.3831E-4,9.365E-4,0.0032712,0.010082,0.026322,0.057324,0.10325,0.16103,0.19696,0.22102,0.24511
25.0,1.7206E-4,6.8833E-4,0.0024471,0.0076842,0.020505,0.045372,0.08391,0.13545,0.16846,0.19147,0.21562
30.0,1.3258E-4,5.3584E-4,0.0019286,0.0061236,0.016527,0.03711,0.070525,0.11613,0.14679,0.16829,0.19113
40.0,8.8059E-5,3.6285E-4,0.0013306,0.0043127,0.011795,0.026906,0.052646,0.08965,0.11526,0.13368,0.15389
50.0,6.4393E-5,2.6855E-4,9.9523E-4,0.0032671,0.0090355,0.02089,0.041877,0.073413,0.095775,0.11229,0.13045
60.0,5.299E-5,2.2279E-4,8.2921E-4,0.0027317,0.0076186,0.017778,0.0361,0.064117,0.084139,0.099021,0.11546
70.0,4.6543E-5,1.9588E-4,7.3074E-4,0.0024254,0.0067972,0.015936,0.032576,0.058657,0.077467,0.091705,0.10757
80.0,4.2343E-5,1.796E-4,6.7476E-4,0.002248,0.0063173,0.014862,0.030598,0.055355,0.073397,0.087064,0.10234
90.0,3.9254E-5,1.6708E-4,6.2957E-4,0.0021045,0.0059325,0.014037,0.028955,0.052602,0.069898,0.082983,0.097623
100.0,3.665E-5,1.5644E-4,5.9098E-4,0.0019817,0.0056164,0.013324,0.027552,0.050199,0.066786,0.079406,0.093558
110.0,3.4425E-5,1.4739E-4,5.5825E-4,0.0018791,0.0053367,0.012737,0.02638,0.047933,0.06385,0.075913,0.089444
120.0,3.241E-5,1.394E-4,5.3005E-4,0.0017879,0.0051071,0.012212,0.025199,0.045913,0.06117,0.072802,0.085867
130.0,3.0454E-5,1.3139E-4,5.01E-4,0.0016924,0.0048453,0.011582,0.023952,0.043777,0.058423,0.069611,0.082192
140.0,2.8634E-5,1.2378E-4,4.7289E-4,0.001601,0.0045815,0.010977,0.022767,0.0417,0.055751,0.066508,0.078621
150.0,2.6792E-5,1.1615E-4,4.4502E-4,0.0015115,0.0043346,0.010439,0.021698,0.039667,0.053149,0.063553,0.075311
175.0,2.2788E-5,9.9567E-5,3.8455E-4,0.0013134,0.0037973,0.0092039,0.019161,0.035213,0.047425,0.056846,0.067529
200.0,1.9724E-5,8.6737E-5,3.3764E-4,0.0011601,0.0033609,0.0081597,0.017061,0.031481,0.042591,0.051219,0.061047
250.0,1.5216E-5,6.7755E-5,2.6643E-4,9.2559E-4,0.0027065,0.0065838,0.013873,0.026036,0.035441,0.042883,0.051431
300.0,1.2194E-5,5.4913E-5,2.1818E-4,7.6316E-4,0.0022367,0.0054794,0.01174,0.022324,0.030446,0.036812,0.044191
350.0,1.0074E-5,4.5685E-5,1.8258E-4,6.4234E-4,0.0019007,0.0046889,0.010109,0.01931,0.026463,0.032148,0.038715
400.0,8.4845E-6,3.8738E-5,1.5541E-4,5.5012E-4,0.0016363,0.0040746,0.0088093,0.016943,0.023358,0.028452,0.034358
450.0,7.1477E-6,3.2807E-5,1.3246E-4,4.727E-4,0.0014148,0.0035367,0.0076992,0.014952,0.020686,0.025252,0.030562
500.0,6.11E-6,2.8163E-5,1.1413E-4,4.1082E-4,0.0012327,0.0031024,0.0068114,0.013316,0.01848,0.022612,0.027434
600.0,4.6647E-6,2.1606E-5,8.816E-5,3.2005E-4,9.7339E-4,0.0024897,0.0055065,0.010834,0.015189,0.018715,0.02287
700.0,3.6255E-6,1.6912E-5,6.9303E-5,2.5368E-4,7.7453E-4,0.0019946,0.0044752,0.0089208,0.012557,0.015503,0.018944
800.0,2.8796E-6,1.3432E-5,5.5264E-5,2.0322E-4,6.3115E-4,0.001657,0.0037407,0.0074784,0.010591,0.013122,0.016137
1000.0,1.8515E-6,8.6905E-6,3.604E-5,1.3424E-4,4.2543E-4,0.0011413,0.0026171,0.0053148,0.007612,0.0095137,0.011789
1200.0,1.2767E-6,6.028E-6,2.5142E-5,9.4675E-5,3.016E-4,8.1465E-4,0.0018976,0.0039151,0.0056352,0.007062,0.008776
1500.0,7.5278E-7,3.5692E-6,1.4986E-5,5.6993E-5,1.8381E-4,5.0533E-4,0.0011972,0.0024986,0.0036237,0.0045628,0.0056923
SA2P0
r\m,4.0,4.5,5.0,5.5,6.0,6.5,7.0,7.5,7.8,8.0,8.2
0.0,0.0024637,0.0069663,0.017569,0.039641,0.07746,0.13313,0.20724,0.28827,0.33145,0.35695,0.38274
1.0,0.0018778,0.0056804,0.015015,0.034947,0.069684,0.12164,0.1916,0.26948,0.31109,0.33541,0.35906
5.0,6.4105E-4,0.0023317,0.0074823,0.020915,0.047948,0.09169,0.15272,0.22366,0.26183,0.28481,0.30672
10.0,3.0224E-4,0.0011442,0.0039101,0.011925,0.030689,0.065611,0.11648,0.17822,0.21503,0.23887,0.26259
15.0,1.8011E-4,6.965E-4,0.0024507,0.0077821,0.021144,0.048071,0.089932,0.14391,0.17794,0.20058,0.22371
20.0,1.2082E-4,4.7603E-4,0.0017175,0.0055976,0.015687,0.036864,0.07139,0.11857,0.14967,0.17106,0.19285
25.0,8.7325E-5,3.5035E-4,0.0012868,0.0042735,0.01224,0.029214,0.058069,0.099778,0.12805,0.14824,0.16967
30.0,6.7358E-5,2.7308E-4,0.0010156,0.0034104,0.0098783,0.023921,0.048847,0.085589,0.11163,0.13032,0.15042
40.0,4.4829E-5,1.8536E-4,7.0257E-4,0.0024083,0.0070669,0.017377,0.036518,0.066148,0.087721,0.1036,0.12119
50.0,3.2846E-5,1.3751E-4,5.268E-4,0.0018288,0.0054257,0.013517,0.029089,0.054217,0.072938,0.087057,0.10276
60.0,2.7069E-5,1.1428E-4,4.3973E-4,0.0015318,0.0045816,0.011516,0.025095,0.047374,0.064091,0.076776,0.090941
70.0,2.3818E-5,1.0068E-4,3.8837E-4,0.001363,0.0040955,0.010338,0.022671,0.043373,0.059043,0.071141,0.084767
80.0,2.1711E-5,9.253E-5,3.5952E-4,0.0012665,0.0038147,0.0096592,0.021325,0.040973,0.055989,0.067588,0.080694
90.0,2.0165E-5,8.6265E-5,3.3623E-4,0.0011884,0.00359,0.0091394,0.020208,0.038975,0.053362,0.064462,0.077014
100.0,1.8862E-5,8.0946E-5,3.1635E-4,0.0011216,0.0034058,0.0086901,0.019255,0.037232,0.051025,0.061723,0.073847
110.0,1.7749E-5,7.6427E-5,2.9952E-4,0.0010659,0.0032429,0.0083235,0.018464,0.035592,0.048828,0.059057,0.07065
120.0,1.674E-5,7.2436E-5,2.8501E-4,0.0010164,0.00311,0.0079948,0.017663,0.03413,0.046822,0.056683,0.067873
130.0,1.5756E-5,6.8408E-5,2.6996E-4,9.6422E-4,0.0029565,0.0075952,0.016813,0.032578,0.04476,0.054244,0.065018
140.0,1.4839E-5,6.4567E-5,2.5535E-4,9.1404E-4,0.0028009,0.0072106,0.016003,0.031064,0.042751,0.051866,0.062237
150.0,1.3906E-5,6.0702E-5,2.4079E-4,8.6469E-4,0.002655,0.006869,0.015274,0.029581,0.040792,0.049599,0.059654
175.0,1.1872E-5,5.2266E-5,2.0908E-4,7.5502E-4,0.0023368,0.0060816,0.013532,0.026326,0.036474,0.044446,0.053576
200.0,1.0312E-5,4.5726E-5,1.8445E-4,6.702E-4,0.0020776,0.0054126,0.012087,0.023591,0.03282,0.040115,0.048506
250.0,8.0119E-6,3.6027E-5,1.4692E-4,5.3979E-4,0.0016881,0.0044008,0.0098897,0.019608,0.027436,0.033732,0.041034
300.0,6.4643E-6,2.9437E-5,1.2139E-4,4.4908E-4,0.0014066,0.0036894,0.0084211,0.016898,0.023676,0.029079,0.035397
350.0,5.3759E-6,2.4681E-5,1.0244E-4,3.8128E-4,0.0012054,0.0031812,0.0072981,0.014693,0.020675,0.025504,0.031137
400.0,4.5562E-6,2.1085E-5,8.791E-5,3.2929E-4,0.0010461,0.002785,0.0063998,0.01296,0.018334,0.022671,0.027749
450.0,3.8623E-6,1.7988E-5,7.5521E-5,2.8523E-4,9.1144E-4,0.0024343,0.0056277,0.011497,0.016315,0.020211,0.024785
500.0,3.3215E-6,1.5552E-5,6.557E-5,2.4983E-4,8.0011E-4,0.00215,0.0050091,0.010294,0.014645,0.018181,0.022347
600.0,2.574E-6,1.2126E-5,5.1543E-5,1.9805E-4,6.4237E-4,0.001752,0.0041046,0.0084762,0.012174,0.015217,0.018838
700.0,2.0236E-6,9.6252E-6,4.1081E-5,1.592E-4,5.1814E-4,0.0014221,0.003376,0.007055,0.010171,0.012735,0.015762
800.0,1.6272E-6,7.7425E-6,3.3218E-5,1.2934E-4,4.283E-4,0.0011983,0.0028598,0.00599,0.0086825,0.010907,0.013588
1000.0,1.0689E-6,5.1318E-6,2.223E-5,8.7723E-5,2.964E-4,8.4689E-4,0.002052,0.0043638,0.0064007,0.0081144,0.010189
1200.0,7.5475E-7,3.6547E-6,1.594E-5,6.3652E-5,2.1617E-4,6.2185E-4,0.0015302,0.0033061,0.0048736,0.0061947,0.0078026
1500.0,4.6085E-7,2.2498E-6,9.8944E-6,3.9973E-5,1.3752E-4,4.0296E-4,0.0010104,0.0022102,0.0032833,0.0041957,0.0053134
SA3P0
r\m,4.0,4.5,5.0,5.5,6.0,6.5,7.0,7.5,7.8,8.0,8.2
0.0,9.4122E-4,0.0026418,0.0068663,0.016498,0.035194,0.066975,0.11579,0.17758,0.21507,0.23894,0.26368
1.0,7.1768E-4,0.0021556,0.0058727,0.014558,0.031689,0.06124,0.10712,0.1661,0.20194,0.22461,0.24744
5.0,2.452E-4,8.8564E-4,0.0029302,0.0087265,0.021842,0.046236,0.085488,0.13798,0.17007,0.19082,0.2114
10.0,1.158E-4,4.3543E-4,0.0015344,0.0049856,0.014009,0.033153,0.065293,0.11002,0.13972,0.16008,0.18099
15.0,6.9128E-5,2.656E-4,9.6376E-4,0.0032603,0.0096704,0.024329,0.050474,0.088906,0.11567,0.13444,0.15419
20.0,4.6445E-5,1.8187E-4,6.7685E-4,0.0023502,0.0071884,0.018687,0.040116,0.073313,0.097348,0.1147,0.13295
25.0,3.3616E-5,1.3408E-4,5.0816E-4,0.001798,0.0056202,0.014834,0.032673,0.061744,0.083336,0.099445,0.11701
30.0,2.5965E-5,1.0468E-4,4.0179E-4,0.0014377,0.0045443,0.012166,0.027518,0.053007,0.07269,0.087466,0.10376
40.0,1.7326E-5,7.1287E-5,2.7896E-4,0.001019,0.0032621,0.0088631,0.02062,0.041035,0.057198,0.069603,0.083677
50.0,1.2728E-5,5.3048E-5,2.0988E-4,7.7647E-4,0.0025126,0.0069136,0.01646,0.033683,0.047608,0.058536,0.07098
60.0,1.0511E-5,4.4198E-5,1.7568E-4,6.5216E-4,0.002127,0.0059018,0.014222,0.029462,0.041861,0.051644,0.062831
70.0,9.2705E-6,3.9051E-5,1.5564E-4,5.8212E-4,0.0019068,0.0053109,0.012872,0.027009,0.038602,0.047894,0.058605
80.0,8.4714E-6,3.5997E-5,1.4457E-4,5.4272E-4,0.0017816,0.0049754,0.012133,0.025553,0.03665,0.045548,0.055834
90.0,7.8871E-6,3.3657E-5,1.3563E-4,5.1089E-4,0.0016817,0.0047201,0.011522,0.024344,0.034971,0.043481,0.053326
100.0,7.3946E-6,3.1671E-5,1.2801E-4,4.837E-4,0.0016002,0.0044995,0.011001,0.02329,0.033477,0.041672,0.05117
110.0,6.9746E-6,2.9987E-5,1.2157E-4,4.6111E-4,0.0015282,0.0043212,0.010573,0.022299,0.032077,0.039915,0.048998
120.0,6.5934E-6,2.8498E-5,1.1602E-4,4.4103E-4,0.0014698,0.0041614,0.010135,0.021417,0.030797,0.038351,0.047115
130.0,6.2192E-6,2.6984E-5,1.1022E-4,4.1965E-4,0.0014013,0.0039632,0.0096666,0.020474,0.029477,0.03674,0.045174
140.0,5.8691E-6,2.5534E-5,1.0455E-4,3.9897E-4,0.0013312,0.0037715,0.0092186,0.01955,0.028188,0.035166,0.043279
150.0,5.5114E-6,2.4064E-5,9.886E-5,3.7848E-4,0.0012652,0.0036016,0.0088162,0.018645,0.026928,0.033661,0.041516
175.0,4.7278E-6,2.0842E-5,8.6405E-5,3.3273E-4,0.0011209,0.0032075,0.007848,0.016651,0.024145,0.030235,0.03736
200.0,4.1251E-6,1.8337E-5,7.6716E-5,2.9733E-4,0.0010029,0.0028705,0.0070411,0.014971,0.021783,0.027349,0.033886
250.0,3.2337E-6,1.4607E-5,6.1861E-5,2.4255E-4,8.2488E-4,0.0023588,0.0058113,0.012526,0.018314,0.023116,0.0288
300.0,2.6306E-6,1.2058E-5,5.1703E-5,2.042E-4,6.9505E-4,0.0019974,0.0049895,0.010865,0.015892,0.020027,0.024952
350.0,2.2047E-6,1.0207E-5,4.4105E-5,1.7534E-4,6.0225E-4,0.0017395,0.0043606,0.0095091,0.013955,0.017651,0.022047
400.0,1.8821E-6,8.7994E-6,3.8238E-5,1.5306E-4,5.2809E-4,0.0015375,0.0038545,0.0084411,0.012442,0.015769,0.019737
450.0,1.6066E-6,7.572E-6,3.3168E-5,1.3393E-4,4.6467E-4,0.0013559,0.0034154,0.0075356,0.011133,0.014126,0.017706
500.0,1.3908E-6,6.6007E-6,2.9065E-5,1.1844E-4,4.1175E-4,0.0012079,0.0030628,0.0067896,0.010047,0.012771,0.016038
600.0,1.0944E-6,5.2386E-6,2.3305E-5,9.5828E-5,3.3717E-4,0.0010024,0.0025498,0.0056661,0.0084559,0.010816,0.013676
700.0,8.7015E-7,4.2209E-6,1.8868E-5,7.8308E-5,2.7642E-4,8.2636E-4,0.0021265,0.0047733,0.0071448,0.0091501,0.011562
800.0,7.0793E-7,3.44E-6,1.549E-5,6.4638E-5,2.3225E-4,7.0759E-4,0.0018284,0.0041089,0.0061775,0.0079339,0.01009
1000.0,4.738E-7,2.3343E-6,1.0648E-5,4.5115E-5,1.6549E-4,5.1466E-4,0.0013489,0.0030739,0.0046775,0.0060633,0.0077729
1200.0,3.4106E-7,1.7027E-6,7.8418E-6,3.3698E-5,1.2434E-4,3.8941E-4,0.0010363,0.0023991,0.0036686,0.0047677,0.0061328
1500.0,2.1367E-7,1.083E-6,5.0515E-6,2.2046E-5,8.2583E-5,2.6399E-4,7.1779E-4,0.0016847,0.0025976,0.0033971,0.0044019
SA4P0
r\m,4.0,4.5,5.0,5.5,6.0,6.5,7.0,7.5,7.8,8.0,8.2
0.0,4.775E-4,0.0013317,0.0035195,0.0087839,0.019804,0.040296,0.074859,0.12312,0.15497,0.1763,0.1989
1.0,3.6418E-4,0.001087,0.0030116,0.0077548,0.017841,0.036863,0.069279,0.11519,0.14555,0.16577,0.18668
5.0,1.245E-4,4.4692E-4,0.001504,0.0046536,0.012311,0.02786,0.055336,0.09575,0.12264,0.14088,0.15953
10.0,5.886E-5,2.2001E-4,7.8861E-4,0.0026623,0.0079067,0.020004,0.042306,0.076389,0.10079,0.11822,0.13659
15.0,3.5178E-5,1.3438E-4,4.9605E-4,0.0017435,0.0054654,0.014696,0.032734,0.06177,0.08347,0.099309,0.11638
20.0,2.3658E-5,9.2123E-5,3.4886E-4,0.0012586,0.0040681,0.011301,0.02604,0.05097,0.070283,0.084758,0.10037
25.0,1.7139E-5,6.7999E-5,2.6226E-4,9.6426E-4,0.003185,0.0089817,0.021229,0.042954,0.060195,0.07351,0.08836
30.0,1.325E-5,5.3148E-5,2.0763E-4,7.7203E-4,0.0025786,0.0073741,0.017895,0.036898,0.05253,0.064678,0.078379
40.0,8.8576E-6,3.6272E-5,1.4451E-4,5.4857E-4,0.0018555,0.0053837,0.013432,0.0286,0.041374,0.051511,0.063248
50.0,6.5181E-6,2.7048E-5,1.0898E-4,4.1901E-4,0.0014324,0.004208,0.010739,0.023503,0.034467,0.043349,0.053675
60.0,5.3908E-6,2.2577E-5,9.1405E-5,3.5266E-4,0.0012149,0.0035982,0.0092919,0.020577,0.030326,0.038264,0.047527
70.0,4.7624E-6,1.9986E-5,8.1154E-5,3.1549E-4,0.0010915,0.0032437,0.0084221,0.018884,0.027988,0.035508,0.044355
80.0,4.3591E-6,1.8461E-5,7.555E-5,2.9482E-4,0.001022,0.0030447,0.007951,0.017886,0.026596,0.033794,0.042281
90.0,4.0649E-6,1.7294E-5,7.1033E-5,2.7815E-4,9.6679E-4,0.0028939,0.007562,0.017059,0.025399,0.032283,0.040403
100.0,3.817E-6,1.6304E-5,6.7182E-5,2.6391E-4,9.2185E-4,0.0027638,0.007231,0.016338,0.024335,0.030961,0.03879
110.0,3.6057E-6,1.5466E-5,6.3937E-5,2.5213E-4,8.8217E-4,0.0026592,0.00696,0.015661,0.023338,0.029677,0.037166
120.0,3.4137E-6,1.4725E-5,6.1142E-5,2.4165E-4,8.5023E-4,0.0025655,0.0066817,0.015058,0.022427,0.028535,0.035759
130.0,3.2246E-6,1.3968E-5,5.8197E-5,2.3041E-4,8.122E-4,0.0024476,0.0063823,0.01441,0.021484,0.027356,0.034307
140.0,3.0473E-6,1.3239E-5,5.5308E-5,2.1949E-4,7.7301E-4,0.0023333,0.0060949,0.013775,0.020562,0.026202,0.032886
150.0,2.8654E-6,1.2498E-5,5.2397E-5,2.0862E-4,7.3607E-4,0.002232,0.0058372,0.01315,0.019659,0.025098,0.031563
175.0,2.4658E-6,1.0867E-5,4.6001E-5,1.8427E-4,6.5511E-4,0.0019959,0.0052136,0.011773,0.017661,0.02258,0.02844
200.0,2.1579E-6,9.5967E-6,4.1019E-5,1.654E-4,5.8869E-4,0.0017931,0.0046923,0.01061,0.015962,0.020455,0.025826
250.0,1.7012E-6,7.6998E-6,3.3347E-5,1.3609E-4,4.8825E-4,0.0014844,0.0038962,0.0089177,0.013471,0.017346,0.022011
300.0,1.3911E-6,6.3977E-6,2.808E-5,1.1548E-4,4.1452E-4,0.0012655,0.0033641,0.0077683,0.011731,0.015074,0.019119
350.0,1.1713E-6,5.4486E-6,2.412E-5,9.9887E-5,3.6179E-4,0.0011094,0.0029563,0.0068273,0.010336,0.013324,0.016935
400.0,1.0043E-6,4.7232E-6,2.1046E-5,8.7795E-5,3.1938E-4,9.8662E-4,0.0026266,0.0060847,0.0092458,0.011937,0.015199
450.0,8.6063E-7,4.0855E-6,1.8365E-5,7.7311E-5,2.8278E-4,8.7511E-4,0.0023387,0.0054527,0.0082991,0.010723,0.013666
500.0,7.4772E-7,3.5786E-6,1.6184E-5,6.8779E-5,2.5206E-4,7.8375E-4,0.0021069,0.0049312,0.0075128,0.0097205,0.01241
600.0,5.9299E-7,2.8679E-6,1.3124E-5,5.6317E-5,2.0884E-4,6.5751E-4,0.0017704,0.0041466,0.0063656,0.0082844,0.010643
700.0,4.7402E-7,2.329E-6,1.0719E-5,4.6461E-5,1.7285E-4,5.47E-4,0.0014884,0.0035166,0.0054111,0.0070475,0.009045
800.0,3.8761E-7,1.9104E-6,8.8713E-6,3.8688E-5,1.4656E-4,4.7261E-4,0.0012903,0.0030493,0.0047095,0.0061491,0.0079422
1000.0,2.6115E-7,1.3099E-6,6.1789E-6,2.7406E-5,1.0607E-4,3.4907E-4,9.6591E-4,0.0023127,0.0036146,0.0047631,0.0062007
1200.0,1.89E-7,9.6415E-7,4.6033E-6,2.0749E-5,8.0855E-5,2.6809E-4,7.5323E-4,0.0018321,0.0028774,0.0038012,0.0049663
1500.0,1.1888E-7,6.1917E-7,3.006E-6,1.3809E-5,5.4752E-5,1.8564E-4,5.3399E-4,0.0013184,0.0020892,0.0027795,0.0036627
SA5P0
r\m,4.0,4.5,5.0,5.5,6.0,6.5,7.0,7.5,7.8,8.0,8.2
0.0,2.8079E-4,7.801E-4,0.002088,0.0053592,0.012587,0.026926,0.052825,0.091716,0.119,0.13797,0.15844
1.0,2.1419E-4,6.3693E-4,0.0017872,0.004733,0.011343,0.024639,0.0489,0.085826,0.11179,0.12974,0.14872
5.0,7.3262E-5,2.6203E-4,8.9317E-4,0.0028426,0.007834,0.018637,0.039084,0.071374,0.094221,0.11029,0.12711
10.0,3.4664E-5,1.2911E-4,4.6882E-4,0.001628,0.0050369,0.013395,0.029904,0.056969,0.077461,0.092574,0.10885
15.0,2.0734E-5,7.8937E-5,2.9521E-4,0.0010673,0.0034852,0.0098497,0.023154,0.04609,0.064175,0.077788,0.092756
20.0,1.3955E-5,5.4166E-5,2.0783E-4,7.7124E-4,0.0025968,0.0075806,0.018433,0.038052,0.054057,0.066411,0.080015
25.0,1.0117E-5,4.0017E-5,1.564E-4,5.9152E-4,0.0020352,0.0060304,0.015038,0.032084,0.046316,0.057615,0.070457
30.0,7.827E-6,3.1304E-5,1.2393E-4,4.7408E-4,0.0016493,0.0049554,0.012685,0.027574,0.040434,0.050709,0.062513
40.0,5.2393E-6,2.14E-5,8.6419E-5,3.3752E-4,0.001189,0.0036238,0.0095345,0.021395,0.031872,0.040411,0.050471
50.0,3.8607E-6,1.5984E-5,6.5289E-5,2.5828E-4,9.1957E-4,0.002837,0.0076333,0.017599,0.02657,0.034027,0.042849
60.0,3.1967E-6,1.3361E-5,5.4849E-5,2.1774E-4,7.8117E-4,0.0024292,0.0066119,0.01542,0.023392,0.030049,0.037953
70.0,2.8276E-6,1.1845E-5,4.8779E-5,1.9512E-4,7.0295E-4,0.0021931,0.006,0.014164,0.021603,0.0279,0.035435
80.0,2.5914E-6,1.0958E-5,4.5489E-5,1.8267E-4,6.5934E-4,0.0020616,0.0056715,0.013428,0.020543,0.026569,0.033794
90.0,2.4195E-6,1.0281E-5,4.284E-5,1.7263E-4,6.2474E-4,0.0019624,0.0054005,0.012818,0.019633,0.025395,0.032306
100.0,2.2746E-6,9.7061E-6,4.0582E-5,1.6407E-4,5.9665E-4,0.0018769,0.0051703,0.012287,0.018823,0.024368,0.03103
110.0,2.1512E-6,9.2203E-6,3.8683E-5,1.57E-4,5.7188E-4,0.0018085,0.0049824,0.011788,0.018064,0.023371,0.029744
120.0,2.0389E-6,8.7908E-6,3.7049E-5,1.5072E-4,5.5204E-4,0.0017472,0.0047888,0.011344,0.017371,0.022485,0.028631
130.0,1.9281E-6,8.3494E-6,3.5317E-5,1.4393E-4,5.2815E-4,0.0016692,0.0045793,0.010865,0.016651,0.021568,0.02748
140.0,1.824E-6,7.9242E-6,3.3613E-5,1.3732E-4,5.0341E-4,0.0015933,0.004378,0.010395,0.015947,0.020669,0.026353
150.0,1.7168E-6,7.49E-6,3.189E-5,1.3071E-4,4.8004E-4,0.0015262,0.0041974,0.0099314,0.015256,0.019808,0.025303
175.0,1.481E-6,6.5323E-6,2.8092E-5,1.1587E-4,4.2874E-4,0.0013691,0.0037588,0.0089086,0.013726,0.017842,0.022821
200.0,1.299E-6,5.785E-6,2.5131E-5,1.0436E-4,3.8656E-4,0.0012337,0.0033913,0.0080428,0.012424,0.016182,0.020743
250.0,1.0284E-6,4.6664E-6,2.0556E-5,8.6422E-5,3.2263E-4,0.001027,0.0028289,0.0067834,0.010514,0.013754,0.017713
300.0,8.4407E-7,3.8961E-6,1.7406E-5,7.3765E-5,2.7547E-4,8.8009E-4,0.002453,0.005928,0.0091789,0.011978,0.015412
350.0,7.1313E-7,3.3326E-6,1.5027E-5,6.4152E-5,2.4172E-4,7.7527E-4,0.0021644,0.0052258,0.0081073,0.010609,0.013675
400.0,6.1326E-7,2.9005E-6,1.3173E-5,5.6668E-5,2.1443E-4,6.9259E-4,0.0019302,0.0046706,0.0072686,0.0095232,0.012292
450.0,5.2697E-7,2.518E-6,1.1544E-5,5.013E-5,1.9072E-4,6.1685E-4,0.0017246,0.0041966,0.0065385,0.0085701,0.01107
500.0,4.5893E-7,2.2129E-6,1.0213E-5,4.4786E-5,1.7071E-4,5.5457E-4,0.0015587,0.0038048,0.0059311,0.0077829,0.010067
600.0,3.657E-7,1.7846E-6,8.3454E-6,3.6971E-5,1.4258E-4,4.6872E-4,0.001318,0.0032154,0.0050469,0.0066585,0.0086639
700.0,2.9322E-7,1.4564E-6,6.8551E-6,3.0696E-5,1.1878E-4,3.9233E-4,0.0011139,0.0027386,0.0043062,0.0056836,0.0073854
800.0,2.4038E-7,1.1992E-6,5.7018E-6,2.5704E-5,1.0131E-4,3.4094E-4,9.7072E-4,0.0023853,0.0037627,0.0049773,0.0065078
1000.0,1.623E-7,8.2644E-7,4.0006E-6,1.8369E-5,7.401E-5,2.5419E-4,7.3316E-4,0.0018239,0.0029108,0.0038855,0.00512
1200.0,1.1749E-7,6.1026E-7,2.9966E-6,1.4005E-5,5.687E-5,1.9687E-4,5.7661E-4,0.0014572,0.002337,0.0031275,0.0041365
1500.0,7.3608E-8,3.9219E-7,1.965E-6,9.3878E-6,3.8868E-5,1.3782E-4,4.1395E-4,0.0010632,0.0017216,0.0023217,0.0031002
SA7P5
r\m,4.0,4.5,5.0,5.5,6.0,6.5,7.0,7.5,7.8,8.0,8.2
0.0,1.0483E-4,2.9058E-4,7.9768E-4,0.0021548,0.0054446,0.012731,0.027538,0.052742,0.072364,0.08689,0.10314
1.0,7.9988E-5,2.3735E-4,6.8313E-4,0.0019041,0.0049091,0.011655,0.025503,0.049371,0.067995,0.081728,0.09683
5.0,2.7386E-5,9.7761E-5,3.4186E-4,0.0011453,0.0033957,0.0088285,0.020407,0.041094,0.057349,0.069513,0.082791
10.0,1.2977E-5,4.8253E-5,1.7978E-4,6.5718E-4,0.0021874,0.006357,0.015636,0.032831,0.04718,0.05838,0.070925
15.0,7.7733E-6,2.9551E-5,1.1342E-4,4.3166E-4,0.0015163,0.0046821,0.012123,0.026588,0.039116,0.049082,0.060461
20.0,5.239E-6,2.0312E-5,7.9993E-5,3.1254E-4,0.0011319,0.0036093,0.0096641,0.021973,0.032974,0.041928,0.052179
25.0,3.8032E-6,1.503E-5,6.0306E-5,2.4016E-4,8.8873E-4,0.0028759,0.007895,0.018545,0.028273,0.036397,0.045967
30.0,2.9461E-6,1.1776E-5,4.7872E-5,1.9283E-4,7.215E-4,0.002367,0.0066686,0.015954,0.024701,0.032054,0.040803
40.0,1.9771E-6,8.0744E-6,3.3494E-5,1.3777E-4,5.2192E-4,0.0017362,0.0050249,0.012402,0.0195,0.025576,0.032975
50.0,1.4604E-6,6.0487E-6,2.5388E-5,1.0578E-4,4.0497E-4,0.0013633,0.0040328,0.01022,0.016279,0.021559,0.028018
60.0,1.212E-6,5.0698E-6,2.1393E-5,8.9455E-5,3.4505E-4,0.0011704,0.0035009,0.0089691,0.014349,0.019057,0.024834
70.0,1.0745E-6,4.5072E-6,1.9084E-5,8.0419E-5,3.1145E-4,0.0010596,0.003184,0.0082522,0.013269,0.017713,0.023206
80.0,9.87E-7,4.1811E-6,1.7851E-5,7.5526E-5,2.9303E-4,9.9883E-4,0.0030166,0.0078366,0.012635,0.016886,0.02215
90.0,9.2356E-7,3.9332E-6,1.6862E-5,7.1598E-5,2.7849E-4,9.5333E-4,0.0028789,0.0074932,0.012091,0.016157,0.021192
100.0,8.7013E-7,3.7231E-6,1.602E-5,6.8255E-5,2.6675E-4,9.1419E-4,0.0027622,0.0071946,0.011606,0.015519,0.02037
110.0,8.2466E-7,3.5458E-6,1.5314E-5,6.5507E-5,2.5641E-4,8.832E-4,0.0026677,0.0069138,0.011153,0.0149,0.019542
120.0,7.8325E-7,3.3891E-6,1.4708E-5,6.3068E-5,2.4822E-4,8.5548E-4,0.0025695,0.006664,0.010738,0.014349,0.018825
130.0,7.4213E-7,3.2267E-6,1.4058E-5,6.0399E-5,2.3814E-4,8.1932E-4,0.0024622,0.0063926,0.010306,0.013778,0.018083
140.0,7.0339E-7,3.0695E-6,1.3415E-5,5.7783E-5,2.2759E-4,7.8396E-4,0.0023587,0.0061247,0.0098812,0.013216,0.017355
150.0,6.633E-7,2.908E-6,1.276E-5,5.5151E-5,2.1759E-4,7.5272E-4,0.0022659,0.0058603,0.0094641,0.012677,0.016675
175.0,5.7471E-7,2.55E-6,1.131E-5,4.9203E-5,1.9557E-4,6.7914E-4,0.0020387,0.0052752,0.0085381,0.011444,0.015064
200.0,5.0615E-7,2.2698E-6,1.0177E-5,4.4592E-5,1.7738E-4,6.1527E-4,0.0018476,0.0047781,0.0077472,0.0104,0.013714
250.0,4.0375E-7,1.8485E-6,8.4152E-6,3.735E-5,1.4971E-4,5.1735E-4,0.001554,0.0040546,0.006588,0.0088751,0.011747
300.0,3.3357E-7,1.5565E-6,7.1956E-6,3.2211E-5,1.2912E-4,4.4737E-4,0.0013576,0.0035629,0.0057763,0.0077564,0.010249
350.0,2.8346E-7,1.3415E-6,6.267E-6,2.8277E-5,1.1435E-4,3.9741E-4,0.0012062,0.0031568,0.0051221,0.0068917,0.0091165
400.0,2.4499E-7,1.1754E-6,5.5375E-6,2.5191E-5,1.0229E-4,3.5775E-4,0.0010824,0.0028345,0.0046086,0.0062041,0.0082134
450.0,2.1143E-7,1.0265E-6,4.8875E-6,2.2457E-5,9.1676E-5,3.2083E-4,9.7266E-4,0.0025576,0.0041593,0.005598,0.0074116
500.0,1.8481E-7,9.0694E-7,4.3516E-6,2.0203E-5,8.2628E-5,2.9026E-4,8.8372E-4,0.0023279,0.0037843,0.0050964,0.0067535
600.0,1.4825E-7,7.3842E-7,3.5979E-6,1.6893E-5,6.9896E-5,2.482E-4,7.5451E-4,0.0019817,0.0032392,0.0043823,0.0058374
700.0,1.1929E-7,6.067E-7,2.9806E-6,1.4161E-5,5.8802E-5,2.0967E-4,6.4265E-4,0.0016978,0.0027774,0.0037563,0.0049938
800.0,9.7987E-8,5.0179E-7,2.4958E-6,1.1952E-5,5.0576E-5,1.8369E-4,5.6399E-4,0.0014874,0.0024386,0.0033039,0.004418
1000.0,6.603E-8,3.4708E-7,1.7649E-6,8.6315E-6,3.7385E-5,1.3858E-4,4.3065E-4,0.0011483,0.0019037,0.002602,0.0035058
1200.0,4.7456E-8,2.5589E-7,1.3254E-6,6.6198E-6,2.8951E-5,1.0827E-4,3.4179E-4,9.2594E-4,0.0015428,0.0021144,0.0028605
1500.0,2.9102E-8,1.6242E-7,8.6447E-7,4.4392E-6,1.9881E-5,7.6431E-5,2.4825E-4,6.8541E-4,0.001155,0.0015973,0.0021858
SA10P0
r\m,4.0,4.5,5.0,5.5,6.0,6.5,7.0,7.5,7.8,8.0,8.2
0.0,5.1693E-5,1.437E-4,4.0273E-4,0.0011294,0.0030046,0.0074747,0.017303,0.035489,0.050643,0.062338,0.075758
1.0,3.9454E-5,1.1741E-4,3.4501E-4,9.9833E-4,0.00271,0.0068452,0.016028,0.033227,0.047593,0.058643,0.071131
5.0,1.3518E-5,4.8401E-5,1.7283E-4,6.0115E-4,0.0018766,0.0051903,0.012837,0.027674,0.040161,0.049898,0.060835
10.0,6.412E-6,2.3918E-5,9.1004E-5,3.454E-4,0.0012104,0.003742,0.0098454,0.022125,0.033058,0.041925,0.052133
15.0,3.8449E-6,1.4666E-5,5.7487E-5,2.2717E-4,8.4019E-4,0.0027592,0.007641,0.017931,0.027422,0.035263,0.044455
20.0,2.5939E-6,1.0092E-5,4.0598E-5,1.647E-4,6.2795E-4,0.0021295,0.0060968,0.014829,0.02313,0.030137,0.038379
25.0,1.8848E-6,7.4762E-6,3.0645E-5,1.2673E-4,4.937E-4,0.0016987,0.0049855,0.012524,0.019843,0.026173,0.033822
30.0,1.4614E-6,5.864E-6,2.4357E-5,1.0188E-4,4.013E-4,0.0013997,0.004215,0.010782,0.017346,0.02306,0.030032
40.0,9.8252E-7,4.0296E-6,1.7082E-5,7.297E-5,2.9099E-4,0.0010289,0.0031818,0.0083931,0.013708,0.018416,0.024288
50.0,7.2706E-7,3.025E-6,1.2978E-5,5.6163E-5,2.2631E-4,8.0963E-4,0.0025581,0.0069255,0.011455,0.015536,0.02065
60.0,6.0438E-7,2.5404E-6,1.096E-5,4.7601E-5,1.9324E-4,6.9644E-4,0.0022243,0.0060853,0.010107,0.013743,0.018313
70.0,5.3672E-7,2.263E-6,9.798E-6,4.2889E-5,1.7481E-4,6.3172E-4,0.0020263,0.0056058,0.0093547,0.012784,0.017123
80.0,4.9382E-7,2.1034E-6,9.1853E-6,4.0371E-5,1.6483E-4,5.9668E-4,0.0019229,0.00533,0.0089166,0.012197,0.016353
90.0,4.6282E-7,1.9824E-6,8.6945E-6,3.8355E-5,1.5698E-4,5.7059E-4,0.0018381,0.0051025,0.0085403,0.011679,0.015655
100.0,4.3672E-7,1.88E-6,8.2773E-6,3.6641E-5,1.5067E-4,5.4818E-4,0.0017663,0.0049048,0.0082055,0.011226,0.015056
110.0,4.1452E-7,1.7938E-6,7.9285E-6,3.5239E-5,1.4513E-4,5.3058E-4,0.0017085,0.0047188,0.007892,0.010786,0.014452
120.0,3.9429E-7,1.7175E-6,7.6295E-6,3.3996E-5,1.4077E-4,5.1485E-4,0.0016481,0.0045534,0.007605,0.010395,0.01393
130.0,3.7412E-7,1.638E-6,7.3064E-6,3.2622E-5,1.3531E-4,4.9395E-4,0.0015815,0.0043726,0.0073051,0.0099874,0.013388
140.0,3.5507E-7,1.5608E-6,6.9852E-6,3.1269E-5,1.2956E-4,4.7343E-4,0.0015171,0.0041938,0.0070098,0.0095866,0.012855
150.0,3.3529E-7,1.4811E-6,6.6561E-6,2.9902E-5,1.241E-4,4.5532E-4,0.0014595,0.0040169,0.0067193,0.0092016,0.012357
175.0,2.9142E-7,1.3037E-6,5.9252E-6,2.6797E-5,1.1203E-4,4.1245E-4,0.0013175,0.0036246,0.0060731,0.008319,0.011176
200.0,2.5741E-7,1.1647E-6,5.3536E-6,2.439E-5,1.0203E-4,3.7507E-4,0.0011977,0.0032905,0.00552,0.0075703,0.010184
250.0,2.0642E-7,9.5482E-7,4.4601E-6,2.0591E-5,8.6783E-5,3.1756E-4,0.0010131,0.0028037,0.004709,0.0064765,0.0087404
300.0,1.7133E-7,8.0869E-7,3.8393E-6,1.7883E-5,7.5356E-5,2.763E-4,8.8952E-4,0.0024728,0.0041402,0.0056725,0.0076381
350.0,1.4616E-7,7.0056E-7,3.3637E-6,1.5798E-5,6.7151E-5,2.4681E-4,7.9391E-4,0.002198,0.0036802,0.0050496,0.0068033
400.0,1.2674E-7,6.1659E-7,2.9879E-6,1.4153E-5,6.0404E-5,2.2329E-4,7.1534E-4,0.0019793,0.0033183,0.0045532,0.0061365
450.0,1.0968E-7,5.4059E-7,2.6494E-6,1.268E-5,5.4401E-5,2.0114E-4,6.451E-4,0.0017905,0.0030004,0.0041141,0.0055427
500.0,9.609E-8,4.7921E-7,2.3685E-6,1.1458E-5,4.9247E-5,1.8269E-4,5.8798E-4,0.0016333,0.0027342,0.0037499,0.0050548
600.0,7.7351E-8,3.9232E-7,1.972E-6,9.6548E-6,4.1978E-5,1.5729E-4,5.0479E-4,0.0013957,0.002347,0.0032317,0.0043763
700.0,6.2319E-8,3.2345E-7,1.6413E-6,8.1382E-6,3.5512E-5,1.3355E-4,4.3171E-4,0.0011991,0.0020165,0.0027743,0.0037479
800.0,5.1183E-8,2.6796E-7,1.3787E-6,6.8956E-6,3.0674E-5,1.1748E-4,3.8012E-4,0.001053,0.0017736,0.0024435,0.0033194
1000.0,3.4312E-8,1.8511E-7,9.766E-7,4.9979E-6,2.2776E-5,8.9025E-5,2.9138E-4,8.1535E-4,0.0013882,0.001929,0.00264
1200.0,2.4408E-8,1.3563E-7,7.3116E-7,3.83E-6,1.7649E-5,6.9658E-5,2.3167E-4,6.5882E-4,0.0011275,0.0015713,0.0021598
1500.0,1.4595E-8,8.4508E-8,4.7061E-7,2.5459E-6,1.2054E-5,4.9042E-5,1.6826E-4,4.8883E-4,8.4735E-4,0.0011931,0.0016613
