PGA
r\m,4.0,4.5,5.0,5.5,6.0,6.5,7.0,7.5,7.8,8.0,8.2
0.0,0.46851,0.69925,0.86087,0.99154,1.117,1.2305,1.3278,1.4063,1.2328,1.2759,1.3472
1.0,0.30931,0.49072,0.64229,0.78257,0.92771,1.0699,1.2019,1.3171,1.1985,1.2483,1.3228
5.0,0.11044,0.19493,0.28638,0.39799,0.53465,0.69407,0.87033,1.0534,1.0754,1.1458,1.2311
10.0,0.053042,0.09825,0.15246,0.23063,0.33691,0.47497,0.64551,0.84398,0.97258,1.0606,1.1495
15.0,0.032022,0.060921,0.097465,0.15568,0.24011,0.35751,0.51335,0.70932,0.84495,0.94199,1.0437
20.0,0.021967,0.042444,0.069087,0.11469,0.18388,0.28468,0.42506,0.61085,0.74502,0.84376,0.94967
25.0,0.016245,0.03173,0.052256,0.0894,0.14772,0.23572,0.36284,0.53759,0.66777,0.76554,0.8722
30.0,0.012618,0.024852,0.041293,0.072401,0.12262,0.20059,0.31655,0.48087,0.60632,0.70206,0.80784
40.0,0.008366,0.016684,0.02809,0.051205,0.09018,0.15343,0.25187,0.39801,0.51384,0.60439,0.70643
50.0,0.0060091,0.012098,0.020568,0.038647,0.070165,0.12308,0.20836,0.33952,0.44645,0.53154,0.62888
60.0,0.0049814,0.010106,0.017314,0.033353,0.062088,0.11169,0.19394,0.32415,0.43269,0.52032,0.62174
70.0,0.0042181,0.008613,0.014854,0.029224,0.05557,0.10213,0.18122,0.30946,0.4184,0.5074,0.61137
80.0,0.0036282,0.0074501,0.012922,0.025894,0.050156,0.093923,0.16981,0.29549,0.40397,0.49349,0.59886
90.0,0.0031584,0.0065178,0.011362,0.023142,0.045557,0.086752,0.1595,0.2822,0.3896,0.47902,0.58505
100.0,0.0027755,0.0057536,0.010076,0.020823,0.041608,0.080412,0.15009,0.26958,0.37547,0.46428,0.57029
110.0,0.0024578,0.0051161,0.0089971,0.018669,0.037464,0.072724,0.13636,0.246,0.34346,0.42537,0.52326
120.0,0.0021904,0.0045765,0.0080793,0.01683,0.033904,0.066089,0.12445,0.22542,0.31545,0.39123,0.48187
130.0,0.0019625,0.0041147,0.00729,0.015239,0.030815,0.060303,0.11401,0.20731,0.29072,0.36102,0.44524
140.0,0.0017663,0.0037155,0.006605,0.013853,0.02811,0.055212,0.10479,0.19122,0.2687,0.33408,0.41248
150.0,0.001596,0.0033676,0.0060054,0.012635,0.025724,0.050706,0.096599,0.1769,0.24902,0.30995,0.38305
175.0,0.0012484,0.0026528,0.0047654,0.010101,0.02073,0.041222,0.079237,0.14633,0.20683,0.25806,0.31959
200.0,9.9296E-4,0.0021235,0.0038394,0.0081947,0.016944,0.033979,0.065896,0.12263,0.17398,0.21749,0.26979
250.0,6.5128E-4,0.0014085,0.002578,0.0055706,0.011687,0.023832,0.047038,0.088866,0.12689,0.15913,0.19786
300.0,4.4192E-4,9.6553E-4,0.0017872,0.0039093,0.0083252,0.017288,0.034771,0.066694,0.095786,0.1204,0.1499
350.0,3.0716E-4,6.7766E-4,0.001269,0.0028113,0.0060878,0.012904,0.026505,0.051646,0.07458,0.093915,0.11697
400.0,2.1743E-4,4.8468E-4,9.1858E-4,0.0020645,0.0045582,0.0098953,0.020802,0.041204,0.059813,0.075427,0.093933
450.0,1.5554E-4,3.4967E-4,6.6947E-4,0.0015221,0.0034138,0.0075602,0.016222,0.032621,0.047574,0.060061,0.074771
500.0,1.1253E-4,2.5519E-4,4.9381E-4,0.001137,0.0025949,0.0058752,0.012889,0.026327,0.03857,0.048737,0.060629
600.0,5.8532E-5,1.3687E-4,2.7443E-4,6.5666E-4,0.0015724,0.0037441,0.0085523,0.017901,0.026393,0.032741,0.041039
700.0,3.2379E-5,7.7165E-5,1.5835E-4,3.8953E-4,9.6828E-4,0.0024097,0.0055535,0.011971,0.017778,0.022518,0.027921
800.0,1.8221E-5,4.4239E-5,9.2893E-5,2.3491E-4,6.0635E-4,0.0015311,0.003821,0.0084627,0.012652,0.016035,0.019836
1000.0,5.9854E-6,1.5069E-5,3.3112E-5,8.1596E-5,2.4035E-4,6.913E-4,0.0018708,0.0043522,0.0065869,0.0083557,0.010293
1200.0,2.0341E-6,5.3062E-6,1.2302E-5,3.2941E-5,1.0226E-4,3.2025E-4,9.3849E-4,0.0022967,0.0035158,0.004462,0.0054631
1500.0,4.2022E-7,1.181E-6,2.6871E-6,8.6271E-6,2.9179E-5,1.0458E-4,3.4622E-4,9.1473E-4,0.0014233,0.0018047,0.0021869
SA0P02
r\m,4.0,4.5,5.0,5.5,6.0,6.5,7.0,7.5,7.8,8.0,8.2
0.0,0.65318,0.97582,1.2016,1.3852,1.5593,1.717,1.8537,1.9673,2.0263,2.0617,2.0203
1.0,0.43356,0.68776,0.89956,1.0964,1.2984,1.4961,1.6807,1.8445,1.9324,1.9859,1.9718
5.0,0.15623,0.27538,0.40386,0.56098,0.7526,0.97551,1.222,1.4796,1.6338,1.7344,1.7981
10.0,0.07535,0.13934,0.21579,0.32621,0.4758,0.66957,0.90858,1.1878,1.3698,1.4951,1.6222
15.0,0.045585,0.086576,0.13821,0.22054,0.33961,0.50468,0.72336,0.99899,1.1908,1.3287,1.4738
20.0,0.031315,0.060396,0.098089,0.16266,0.26035,0.40221,0.59938,0.86078,1.0504,1.1905,1.3413
25.0,0.023182,0.045191,0.07426,0.12689,0.2093,0.33323,0.51182,0.75772,0.94163,1.0803,1.232
30.0,0.01802,0.035423,0.05872,0.10283,0.17383,0.28365,0.44666,0.67782,0.855,0.99066,1.141
40.0,0.011961,0.023806,0.039983,0.072785,0.12792,0.21706,0.35542,0.56093,0.72437,0.85258,0.99747
50.0,0.0085981,0.017274,0.029295,0.05496,0.099562,0.17415,0.29397,0.47829,0.62902,0.74939,0.88743
60.0,0.0071299,0.014432,0.024661,0.047425,0.088071,0.15793,0.27335,0.45601,0.60876,0.73247,0.87604
70.0,0.0060392,0.012302,0.021156,0.041546,0.078789,0.1443,0.25512,0.43473,0.58773,0.71313,0.86007
80.0,0.0051953,0.010641,0.018402,0.036801,0.071076,0.1326,0.23878,0.41444,0.56649,0.69238,0.8411
90.0,0.004523,0.0093086,0.016177,0.032872,0.06453,0.12236,0.22397,0.39514,0.54537,0.67084,0.82015
100.0,0.0039749,0.0082165,0.014342,0.029569,0.058886,0.1133,0.21046,0.37677,0.52455,0.64896,0.79793
110.0,0.0035199,0.0073051,0.012802,0.026499,0.052985,0.10237,0.19095,0.34326,0.47905,0.59356,0.73093
120.0,0.0031367,0.0065334,0.011492,0.023875,0.047915,0.092924,0.17401,0.314,0.43917,0.54491,0.67196
130.0,0.0028101,0.0058729,0.010366,0.021606,0.043514,0.084689,0.15917,0.28825,0.40396,0.50188,0.61965
140.0,0.002529,0.0053018,0.0093873,0.019629,0.039659,0.077447,0.14604,0.26538,0.37262,0.46349,0.5729
150.0,0.0022848,0.0048039,0.0085311,0.017892,0.036259,0.071026,0.13439,0.24496,0.34455,0.42906,0.53086
175.0,0.0017861,0.0037803,0.0067593,0.014271,0.029131,0.057496,0.10963,0.20126,0.28424,0.35481,0.44003
200.0,0.0014197,0.0030226,0.0054368,0.01155,0.023726,0.047156,0.090556,0.16739,0.23719,0.29671,0.36865
250.0,9.2952E-4,0.0019991,0.003634,0.0078032,0.01622,0.032663,0.063584,0.11901,0.16967,0.21294,0.26534
300.0,6.292E-4,0.0013652,0.0025049,0.0054319,0.01142,0.023304,0.046013,0.087166,0.12493,0.1572,0.19625
350.0,4.3595E-4,9.5355E-4,0.0017653,0.0038653,0.0082241,0.017029,0.034153,0.065528,0.094371,0.11899,0.14871
400.0,3.0737E-4,6.7759E-4,0.0012657,0.0028,0.0060383,0.012719,0.025971,0.050529,0.073114,0.092325,0.11542
450.0,2.1913E-4,4.8631E-4,9.1525E-4,0.0020417,0.0044501,0.0095007,0.019684,0.038745,0.056289,0.071179,0.089017
500.0,1.5791E-4,3.5274E-4,6.6893E-4,0.0015053,0.0033193,0.0071942,0.015148,0.030189,0.044033,0.055742,0.069704
600.0,5.8532E-5,1.3687E-4,2.7443E-4,6.5666E-4,0.0015724,0.0037441,0.0085523,0.017901,0.026393,0.032715,0.040957
700.0,3.2379E-5,7.7165E-5,1.5835E-4,3.8953E-4,9.6828E-4,0.0024097,0.0055535,0.011971,0.017778,0.022518,0.027921
800.0,1.8221E-5,4.4239E-5,9.2893E-5,2.3491E-4,6.0635E-4,0.0015311,0.003821,0.0084627,0.012652,0.016035,0.019836
1000.0,5.9854E-6,1.5069E-5,3.3112E-5,9.2924E-5,2.4035E-4,6.913E-4,0.0018708,0.0043522,0.0065869,0.0083557,0.010293
1200.0,2.0341E-6,5.3062E-6,1.2302E-5,3.2941E-5,1.0226E-4,3.2025E-4,9.3849E-4,0.0022967,0.0035158,0.004462,0.0054631
1500.0,4.2022E-7,1.181E-6,2.6871E-6,8.6271E-6,2.9179E-5,1.0458E-4,3.4622E-4,9.1473E-4,0.0014233,0.0018047,0.0021869
SA0P025
r\m,4.0,4.5,5.0,5.5,6.0,6.5,7.0,7.5,7.8,8.0,8.2
0.0,0.67739,1.0139,1.2499,1.4422,1.6247,1.7902,1.9339,2.054,2.1165,2.1542,2.1099
1.0,0.45029,0.71531,0.93636,1.1421,1.3534,1.5604,1.7537,1.926,2.0185,2.0752,2.0594
5.0,0.16268,0.28694,0.421,0.58507,0.78522,1.0181,1.2757,1.5454,1.707,1.8125,1.8785
10.0,0.078561,0.14534,0.22514,0.34045,0.49671,0.69913,0.94888,1.2408,1.4314,1.5626,1.6958
15.0,0.047561,0.090341,0.14427,0.23026,0.35465,0.52709,0.75557,1.0437,1.2444,1.3887,1.5406
20.0,0.032686,0.063054,0.10242,0.16988,0.27194,0.42013,0.62613,0.89935,1.0977,1.2443,1.4022
25.0,0.024206,0.047196,0.077558,0.13255,0.21864,0.34812,0.53473,0.79169,0.98402,1.1291,1.2878
30.0,0.018821,0.036996,0.061339,0.10743,0.18161,0.29638,0.46666,0.70823,0.89349,1.0354,1.1928
40.0,0.012497,0.024875,0.041778,0.076057,0.13367,0.22681,0.37135,0.58609,0.75697,0.89103,1.0426
50.0,0.0089862,0.018054,0.030616,0.057441,0.10405,0.18198,0.30714,0.49972,0.65728,0.78314,0.92754
60.0,0.0074524,0.015086,0.025777,0.04957,0.092033,0.16503,0.28558,0.47639,0.63602,0.76534,0.91549
70.0,0.006314,0.012861,0.022114,0.043426,0.082346,0.15079,0.26652,0.4541,0.61396,0.74493,0.89865
80.0,0.0054325,0.011126,0.019237,0.038468,0.074284,0.13854,0.24942,0.43285,0.59168,0.72322,0.87869
90.0,0.00473,0.009732,0.016913,0.034367,0.067443,0.12784,0.23393,0.41262,0.56951,0.70061,0.85661
100.0,0.0041572,0.0085922,0.014995,0.03091,0.061542,0.11837,0.21979,0.39333,0.54768,0.67762,0.83327
110.0,0.0036817,0.0076393,0.013385,0.027701,0.055374,0.10694,0.19939,0.35834,0.50008,0.61968,0.76317
120.0,0.0032811,0.0068328,0.012016,0.024957,0.050074,0.097068,0.18169,0.32775,0.45839,0.56881,0.70148
130.0,0.0029396,0.0061422,0.010838,0.022586,0.045472,0.088459,0.16616,0.3008,0.42155,0.52377,0.64674
140.0,0.0026455,0.005545,0.0098151,0.020519,0.041442,0.080886,0.15245,0.27689,0.38876,0.48361,0.59785
150.0,0.0023903,0.0050245,0.0089199,0.018702,0.037886,0.074178,0.14026,0.25553,0.3594,0.44759,0.5539
175.0,0.0018688,0.0039541,0.007067,0.014917,0.030431,0.060021,0.11435,0.20983,0.29628,0.36988,0.45879
200.0,0.0014855,0.0031615,0.005684,0.01207,0.024779,0.049204,0.094399,0.17436,0.24706,0.30906,0.38408
250.0,9.7259E-4,0.0020904,0.0037981,0.0081506,0.016924,0.034042,0.066179,0.12373,0.17636,0.22136,0.27589
300.0,6.583E-4,0.0014274,0.0026169,0.0056696,0.011904,0.024247,0.047779,0.090382,0.1295,0.16296,0.20351
350.0,4.5604E-4,9.9666E-4,0.001843,0.0040307,0.00856,0.017679,0.035356,0.067709,0.097479,0.12291,0.15367
400.0,3.2145E-4,7.0787E-4,0.0013204,0.002916,0.0062724,0.013165,0.026783,0.051979,0.075181,0.09495,0.11876
450.0,2.2912E-4,5.0785E-4,9.5411E-4,0.002124,0.0046154,0.0098108,0.020234,0.039709,0.057662,0.072925,0.091253
500.0,1.6506E-4,3.682E-4,6.9675E-4,0.001564,0.0034361,0.007408,0.015513,0.030807,0.044909,0.056859,0.071149
600.0,5.8532E-5,1.3687E-4,2.7443E-4,6.5666E-4,0.0015724,0.0037441,0.0085523,0.017901,0.026393,0.032707,0.040931
700.0,3.2379E-5,7.7165E-5,1.5835E-4,3.8953E-4,9.6828E-4,0.0024097,0.0055535,0.011971,0.017778,0.022518,0.027921
800.0,1.8221E-5,4.4239E-5,9.2893E-5,2.3491E-4,6.0635E-4,0.0015311,0.003821,0.0084627,0.012652,0.016035,0.019836
1000.0,5.9854E-6,1.5069E-5,3.3112E-5,9.5144E-5,2.4035E-4,6.913E-4,0.0018708,0.0043522,0.0065869,0.0083557,0.010293
1200.0,2.0341E-6,5.3062E-6,1.2302E-5,3.2941E-5,1.0226E-4,3.2025E-4,9.3849E-4,0.0022967,0.0035158,0.004462,0.0054631
1500.0,4.2022E-7,1.181E-6,2.6871E-6,8.6271E-6,2.9179E-5,1.0458E-4,3.4622E-4,9.1473E-4,0.0014233,0.0018047,0.0021869
SA0P03
r\m,4.0,4.5,5.0,5.5,6.0,6.5,7.0,7.5,7.8,8.0,8.2
0.0,0.68202,1.0223,1.2619,1.4578,1.6437,1.8123,1.9589,2.0819,2.1461,2.1866,2.2658
1.0,0.45391,0.72185,0.94594,1.1549,1.3695,1.5799,1.7766,1.9523,2.0468,2.1061,2.1969
5.0,0.16433,0.29005,0.42583,0.59213,0.79508,1.0313,1.2927,1.5666,1.7309,1.8389,1.962
10.0,0.079444,0.14704,0.22788,0.34474,0.50313,0.70839,0.96173,1.258,1.4515,1.5849,1.7202
15.0,0.048123,0.091455,0.14608,0.23322,0.35931,0.53415,0.76587,1.0582,1.2619,1.4085,1.5628
20.0,0.033086,0.063844,0.10373,0.1721,0.27556,0.42581,0.63471,0.91187,1.1131,1.262,1.4223
25.0,0.024508,0.047798,0.078566,0.1343,0.22158,0.35285,0.5421,0.80272,0.99788,1.1451,1.3063
30.0,0.01906,0.037476,0.062146,0.10886,0.18407,0.30043,0.47309,0.71811,0.90606,1.0501,1.2098
40.0,0.01266,0.025204,0.042337,0.077086,0.1355,0.22993,0.37649,0.59427,0.76761,0.90364,1.0575
50.0,0.0091058,0.018297,0.031031,0.058226,0.10548,0.18449,0.31136,0.50669,0.66651,0.79419,0.94071
60.0,0.007554,0.015291,0.026129,0.050252,0.093315,0.16732,0.28954,0.48302,0.64491,0.77611,0.92843
70.0,0.0064002,0.013037,0.022419,0.044027,0.083487,0.15288,0.27021,0.46039,0.62251,0.75545,0.9113
80.0,0.0055074,0.01128,0.019504,0.039002,0.075317,0.14047,0.25287,0.43883,0.59988,0.73329,0.89098
90.0,0.0047957,0.0098693,0.017149,0.034846,0.068382,0.12961,0.23716,0.4183,0.57737,0.71031,0.86856
100.0,0.0042153,0.0087124,0.015205,0.031343,0.062401,0.12001,0.22281,0.39877,0.5552,0.68694,0.84479
110.0,0.0037335,0.0077468,0.013573,0.02809,0.056147,0.10842,0.20213,0.36323,0.50691,0.62816,0.77367
120.0,0.0033275,0.0069294,0.012185,0.025308,0.050773,0.098412,0.18417,0.3322,0.46462,0.57656,0.71109
130.0,0.0029814,0.0062293,0.010991,0.022904,0.046107,0.089681,0.16843,0.30487,0.42725,0.53088,0.65556
140.0,0.0026834,0.0056239,0.009954,0.020808,0.042021,0.082001,0.15452,0.28061,0.39398,0.49012,0.60594
150.0,0.0024246,0.0050962,0.0090464,0.018966,0.038416,0.075198,0.14215,0.25895,0.3642,0.45358,0.56135
175.0,0.0018958,0.0040109,0.0071676,0.015127,0.030855,0.06084,0.11588,0.21259,0.30017,0.37469,0.46483
200.0,0.0015071,0.0032071,0.0057651,0.01224,0.025122,0.04987,0.095636,0.1766,0.25019,0.31302,0.38902
250.0,9.8686E-4,0.002121,0.0038521,0.0082648,0.017157,0.034487,0.067007,0.12522,0.17847,0.22402,0.27923
300.0,6.68E-4,0.0014481,0.002654,0.0057481,0.012062,0.02455,0.048335,0.091375,0.13091,0.16474,0.20575
350.0,4.6277E-4,0.001011,0.0018689,0.0040851,0.008669,0.017885,0.035726,0.068354,0.098394,0.12408,0.15515
400.0,3.2618E-4,7.18E-4,0.0013385,0.0029541,0.0063474,0.013303,0.027017,0.052392,0.075755,0.095676,0.11969
450.0,2.3249E-4,5.1505E-4,9.6705E-4,0.0021511,0.0046678,0.0099043,0.020387,0.039963,0.058014,0.073374,0.091837
500.0,1.6748E-4,3.7336E-4,7.0602E-4,0.0015833,0.0034726,0.0074703,0.015606,0.030951,0.045104,0.05711,0.071483
600.0,5.8532E-5,1.3687E-4,2.7443E-4,6.5666E-4,0.0015724,0.0037441,0.0085523,0.017901,0.026393,0.0327,0.04091
700.0,3.2379E-5,7.7165E-5,1.5835E-4,3.8953E-4,9.6828E-4,0.0024097,0.0055535,0.011971,0.017778,0.022518,0.027921
800.0,1.8221E-5,4.4239E-5,9.2893E-5,2.3491E-4,6.0635E-4,0.0015311,0.003821,0.0084627,0.012652,0.016035,0.019836
1000.0,5.9854E-6,1.5069E-5,3.3112E-5,9.5826E-5,2.4035E-4,6.913E-4,0.0018708,0.0043522,0.0065869,0.0083557,0.010293
1200.0,2.0341E-6,5.3062E-6,1.2302E-5,3.2941E-5,1.0226E-4,3.2025E-4,9.3849E-4,0.0022967,0.0035158,0.004462,0.0054631
1500.0,4.2022E-7,1.181E-6,2.6871E-6,8.6271E-6,2.9179E-5,1.0458E-4,3.4622E-4,9.1473E-4,0.0014233,0.0018047,0.0021869
SA0P04
r\m,4.0,4.5,5.0,5.5,6.0,6.5,7.0,7.5,7.8,8.0,8.2
0.0,0.66618,1.0018,1.2399,1.4352,1.6206,1.7896,1.9363,2.0598,2.1243,2.1632,2.1196
1.0,0.44425,0.70827,0.93014,1.1375,1.3507,1.5603,1.7562,1.9315,2.026,2.0838,2.0688
5.0,0.16141,0.28531,0.41942,0.58386,0.78473,1.0189,1.2781,1.55,1.7132,1.8199,1.8868
10.0,0.078167,0.14483,0.22467,0.34016,0.49683,0.69999,0.95095,1.2446,1.4366,1.5689,1.7033
15.0,0.047395,0.090147,0.1441,0.23023,0.35492,0.52792,0.75735,1.047,1.2489,1.3942,1.5472
20.0,0.032605,0.062962,0.10237,0.16994,0.27225,0.42085,0.62769,0.9022,1.1016,1.2491,1.408
25.0,0.024163,0.047156,0.077557,0.13264,0.21895,0.34882,0.53612,0.79422,0.98754,1.1334,1.2932
30.0,0.018799,0.036987,0.061362,0.10753,0.18191,0.29702,0.4679,0.7105,0.89666,1.0393,1.1976
40.0,0.012494,0.024884,0.041818,0.07617,0.13394,0.22735,0.37239,0.58798,0.75962,0.89436,1.0468
50.0,0.0089895,0.01807,0.030659,0.057546,0.10428,0.18244,0.30802,0.50133,0.65957,0.786,0.93111
60.0,0.0074599,0.015106,0.025822,0.049675,0.092267,0.16548,0.28642,0.47791,0.63819,0.76809,0.91892
70.0,0.0063222,0.012882,0.022159,0.043528,0.082559,0.15121,0.26731,0.45554,0.61601,0.74763,0.90194
80.0,0.0054415,0.011148,0.019281,0.038565,0.074487,0.13894,0.25016,0.4342,0.59362,0.72569,0.88182
90.0,0.0047393,0.0097556,0.016955,0.03446,0.067634,0.12821,0.23463,0.4139,0.57135,0.70294,0.85962
100.0,0.0041665,0.0086134,0.015035,0.030999,0.061724,0.11872,0.22044,0.39457,0.5494,0.67981,0.83608
110.0,0.0036908,0.0076598,0.013423,0.027784,0.055543,0.10726,0.19999,0.35941,0.50162,0.62164,0.76569
120.0,0.0032899,0.0068524,0.012052,0.025035,0.05023,0.097368,0.18223,0.32871,0.45975,0.57058,0.70374
130.0,0.0029481,0.0061608,0.010872,0.022659,0.045617,0.088732,0.16666,0.30167,0.42279,0.52535,0.64876
140.0,0.0026538,0.0055622,0.0098472,0.020586,0.041576,0.081137,0.1529,0.27766,0.38987,0.48502,0.59965
150.0,0.002398,0.0050412,0.0089501,0.018765,0.038012,0.074409,0.14066,0.25624,0.3604,0.44885,0.55552
175.0,0.0018755,0.0039686,0.0070927,0.01497,0.030534,0.060203,0.11466,0.21036,0.29703,0.37081,0.45999
200.0,0.0014913,0.0031738,0.0057058,0.012114,0.024864,0.049354,0.09464,0.17474,0.24759,0.30974,0.38496
250.0,9.7688E-4,0.0020997,0.0038138,0.0081821,0.016984,0.034134,0.066307,0.1239,0.17659,0.22165,0.27627
300.0,6.6145E-4,0.0014339,0.0026282,0.0056919,0.011942,0.0243,0.04783,0.090403,0.12951,0.16297,0.20354
350.0,4.5836E-4,0.0010015,0.0018508,0.0040459,0.0085839,0.017703,0.035348,0.06761,0.097317,0.12272,0.15345
400.0,3.2316E-4,7.1136E-4,0.0013261,0.0029262,0.0062855,0.013166,0.026729,0.051795,0.074889,0.094584,0.11833
450.0,2.3038E-4,5.104E-4,9.5823E-4,0.0021311,0.0046227,0.009803,0.020166,0.039499,0.057336,0.072515,0.090763
500.0,1.66E-4,3.7005E-4,6.997E-4,0.0015688,0.0034392,0.0073936,0.015435,0.03058,0.04456,0.05642,0.070622
600.0,5.8532E-5,1.3687E-4,2.7443E-4,6.5666E-4,0.0015724,0.0037441,0.0085523,0.017901,0.026393,0.03269,0.040876
700.0,3.2379E-5,7.7165E-5,1.5835E-4,3.8953E-4,9.6828E-4,0.0024097,0.0055535,0.011971,0.017778,0.022518,0.027921
800.0,1.8221E-5,4.4239E-5,9.2893E-5,2.3491E-4,6.0635E-4,0.0015311,0.003821,0.0084627,0.012652,0.016035,0.019836
1000.0,5.9854E-6,1.5069E-5,3.3112E-5,9.5038E-5,2.4035E-4,6.913E-4,0.0018708,0.0043522,0.0065869,0.0083557,0.010293
1200.0,2.0341E-6,5.3062E-6,1.2302E-5,3.2941E-5,1.0226E-4,3.2025E-4,9.3849E-4,0.0022967,0.0035158,0.004462,0.0054631
1500.0,4.2022E-7,1.181E-6,2.6871E-6,8.6271E-6,2.9179E-5,1.0458E-4,3.4622E-4,9.1473E-4,0.0014233,0.0018047,0.0021869
SA0P05
r\m,4.0,4.5,5.0,5.5,6.0,6.5,7.0,7.5,7.8,8.0,8.2
0.0,0.63795,0.96205,1.1937,1.384,1.5651,1.7303,1.8743,1.9952,2.0584,2.0965,2.0512
1.0,0.42607,0.68082,0.89594,1.0973,1.3047,1.5086,1.6998,1.8708,1.9629,2.0194,2.0024
5.0,0.15522,0.27476,0.40446,0.56361,0.75822,0.98525,1.2369,1.501,1.6596,1.7633,1.8271
10.0,0.07527,0.13962,0.2168,0.32851,0.48016,0.67699,0.92027,1.2052,1.3914,1.5199,1.6503
15.0,0.045671,0.086947,0.13911,0.22241,0.34307,0.51062,0.73295,1.0138,1.2095,1.3504,1.4989
20.0,0.031435,0.060752,0.098851,0.1642,0.2632,0.40713,0.60747,0.8735,1.0668,1.2098,1.3639
25.0,0.023305,0.045513,0.074908,0.12818,0.21169,0.33743,0.51886,0.76895,0.95631,1.0977,1.2525
30.0,0.018136,0.035706,0.059276,0.10393,0.1759,0.28734,0.45284,0.68789,0.86828,1.0066,1.1599
40.0,0.012058,0.024031,0.040407,0.073632,0.12952,0.21996,0.36042,0.56926,0.73556,0.8661,1.0138
50.0,0.0086791,0.017456,0.029631,0.055638,0.10086,0.17652,0.29813,0.4854,0.63869,0.76116,0.90175
60.0,0.0072043,0.014596,0.024961,0.048035,0.089252,0.16013,0.27725,0.46274,0.61801,0.74385,0.88997
70.0,0.0061071,0.01245,0.021425,0.042098,0.079872,0.14634,0.25878,0.44111,0.59658,0.72408,0.87356
80.0,0.0052575,0.010775,0.018645,0.037303,0.072072,0.13448,0.2422,0.42049,0.57493,0.70288,0.85412
90.0,0.0045798,0.0094312,0.016398,0.033336,0.065449,0.12411,0.22718,0.40086,0.5534,0.68089,0.83267
100.0,0.0040269,0.0083282,0.014543,0.029992,0.059736,0.11493,0.21347,0.38218,0.53218,0.65854,0.80993
110.0,0.0035677,0.0074072,0.012986,0.026884,0.053759,0.10385,0.19368,0.34813,0.48594,0.60223,0.74178
120.0,0.0031806,0.0066272,0.011661,0.024227,0.048622,0.094276,0.17649,0.31844,0.44544,0.5528,0.68181
130.0,0.0028505,0.0059586,0.01052,0.02193,0.044161,0.085923,0.16143,0.29227,0.40964,0.50902,0.6286
140.0,0.0025662,0.0053812,0.0095294,0.019926,0.040253,0.078577,0.14812,0.26905,0.37778,0.46999,0.58106
150.0,0.0023192,0.0048772,0.0086622,0.018165,0.036806,0.072069,0.13628,0.2483,0.34926,0.43498,0.53834
175.0,0.0018143,0.0038405,0.0068665,0.014495,0.029574,0.058331,0.11112,0.20392,0.28793,0.35944,0.44589
200.0,0.001443,0.0030721,0.0055252,0.011734,0.024089,0.047831,0.09175,0.16946,0.2401,0.30036,0.37327
250.0,9.4568E-4,0.0020334,0.003695,0.0079292,0.016465,0.033104,0.064338,0.12025,0.17138,0.21511,0.26808
300.0,6.4061E-4,0.0013894,0.0025478,0.0055195,0.011586,0.023588,0.046455,0.087833,0.12582,0.15833,0.19772
350.0,4.4411E-4,9.7083E-4,0.0017957,0.0039262,0.0083345,0.017202,0.034374,0.065777,0.094676,0.11937,0.14924
400.0,3.1326E-4,6.9E-4,0.0012873,0.002842,0.0061094,0.01281,0.026031,0.050471,0.072977,0.092156,0.11526
450.0,2.2342E-4,4.9532E-4,9.3077E-4,0.0020712,0.004497,0.0095477,0.019665,0.038543,0.055951,0.070749,0.088535
500.0,1.6105E-4,3.5931E-4,6.8011E-4,0.0015259,0.003349,0.0072098,0.015073,0.029888,0.043554,0.055131,0.068996
600.0,5.8532E-5,1.3687E-4,2.7443E-4,6.5666E-4,0.0015724,0.0037441,0.0085523,0.017901,0.026393,0.032682,0.040849
700.0,3.2379E-5,7.7165E-5,1.5835E-4,3.8953E-4,9.6828E-4,0.0024097,0.0055535,0.011971,0.017778,0.022518,0.027921
800.0,1.8221E-5,4.4239E-5,9.2893E-5,2.3491E-4,6.0635E-4,0.0015311,0.003821,0.0084627,0.012652,0.016035,0.019836
1000.0,5.9854E-6,1.5069E-5,3.3112E-5,9.3239E-5,2.4035E-4,6.913E-4,0.0018708,0.0043522,0.0065869,0.0083557,0.010293
1200.0,2.0341E-6,5.3062E-6,1.2302E-5,3.2644E-5,1.0226E-4,3.2025E-4,9.3849E-4,0.0022967,0.0035158,0.004462,0.0054631
1500.0,4.2022E-7,1.181E-6,2.6871E-6,8.6271E-6,2.9179E-5,1.0458E-4,3.4622E-4,9.1473E-4,0.0014233,0.0018047,0.0021869
SA0P075
r\m,4.0,4.5,5.0,5.5,6.0,6.5,7.0,7.5,7.8,8.0,8.2
0.0,0.56594,0.85952,1.0726,1.2483,1.4161,1.5694,1.7031,1.8151,1.6006,1.6606,1.7504
1.0,0.37879,0.60888,0.80532,0.98958,1.18,1.3678,1.5439,1.7013,1.5562,1.6246,1.7194
5.0,0.13855,0.24625,0.36384,0.50823,0.68526,0.89225,1.1221,1.3634,1.3967,1.4913,1.6024
10.0,0.067319,0.12528,0.19513,0.29625,0.43381,0.61269,0.83414,1.0937,1.2634,1.3805,1.4993
15.0,0.040895,0.078081,0.12527,0.2006,0.30995,0.46203,0.6641,0.91956,1.0977,1.2259,1.3609
20.0,0.028169,0.054584,0.089038,0.14812,0.23777,0.36833,0.55028,0.79212,0.96782,1.0978,1.2378
25.0,0.020895,0.040909,0.067487,0.11564,0.19125,0.30525,0.46994,0.69713,0.86735,0.99579,1.1364
30.0,0.016268,0.032104,0.053415,0.093776,0.15891,0.25992,0.41011,0.62355,0.78737,0.91291,1.0522
40.0,0.010824,0.021617,0.036424,0.066449,0.11703,0.19897,0.32638,0.51595,0.66689,0.78535,0.91936
50.0,0.0077949,0.015709,0.026717,0.050221,0.091139,0.15969,0.26999,0.43989,0.57901,0.69014,0.81768
60.0,0.0064741,0.013142,0.022517,0.043376,0.080679,0.1449,0.25115,0.41952,0.56045,0.67462,0.80721
70.0,0.0054908,0.011215,0.019335,0.038029,0.072226,0.13247,0.23449,0.40003,0.54117,0.65689,0.79252
80.0,0.004729,0.0097105,0.016833,0.03371,0.065195,0.12178,0.21955,0.38146,0.52166,0.63786,0.77513
90.0,0.0041212,0.0085026,0.01481,0.030136,0.059226,0.11243,0.20601,0.36379,0.50235,0.61813,0.75592
100.0,0.003625,0.0075109,0.01314,0.027122,0.054075,0.10415,0.19365,0.34698,0.4833,0.59807,0.73554
110.0,0.0032127,0.0066826,0.011736,0.02432,0.04868,0.094141,0.17576,0.3162,0.44145,0.54705,0.67387
120.0,0.0028652,0.005981,0.010543,0.021924,0.044044,0.085495,0.16023,0.28933,0.4048,0.50239,0.6196
130.0,0.0025687,0.0053798,0.0095146,0.019852,0.040017,0.07795,0.14661,0.26566,0.37243,0.46279,0.57147
140.0,0.0023132,0.0048597,0.0086216,0.018045,0.03649,0.071303,0.13457,0.24466,0.34361,0.42748,0.52847
150.0,0.0020912,0.004406,0.0078399,0.016456,0.033377,0.065431,0.12388,0.2259,0.31781,0.39582,0.48983
175.0,0.0016373,0.0034726,0.0062207,0.013145,0.026849,0.053017,0.10115,0.18579,0.26239,0.32756,0.40623
200.0,0.0013033,0.0027803,0.0050107,0.010652,0.021895,0.04354,0.083644,0.15465,0.21915,0.27409,0.34062
250.0,8.5552E-4,0.0018438,0.0033579,0.0072153,0.015005,0.030229,0.05886,0.11016,0.15704,0.19708,0.24555
300.0,5.805E-4,0.0012623,0.0023207,0.0050358,0.010592,0.02162,0.042688,0.080843,0.11584,0.14575,0.18191
350.0,4.0316E-4,8.8394E-4,0.0016401,0.0035933,0.0076484,0.015839,0.031754,0.06089,0.087665,0.11051,0.13808
400.0,2.8493E-4,6.2979E-4,0.0011794,0.0026107,0.0056319,0.011859,0.024198,0.047033,0.068023,0.085868,0.10733
450.0,2.0356E-4,4.5308E-4,8.5509E-4,0.0019088,0.0041617,0.0088815,0.018383,0.036136,0.052471,0.066325,0.082925
500.0,1.4701E-4,3.2945E-4,6.2668E-4,0.0014112,0.0031129,0.0067426,0.014178,0.02821,0.04112,0.05203,0.065045
600.0,5.8532E-5,1.3687E-4,2.7443E-4,6.5666E-4,0.0015724,0.0037441,0.0085523,0.017901,0.026393,0.032667,0.040802
700.0,3.2379E-5,7.7165E-5,1.5835E-4,3.8953E-4,9.6828E-4,0.002384,0.0055535,0.011971,0.017778,0.022518,0.027921
800.0,1.8221E-5,4.4239E-5,9.2893E-5,2.3491E-4,6.0635E-4,0.0015311,0.003821,0.0084627,0.012652,0.016035,0.019836
1000.0,5.9854E-6,1.7999E-5,3.3112E-5,8.9648E-5,2.4035E-4,6.913E-4,0.0018708,0.0043522,0.0065869,0.0083557,0.010293
1200.0,2.4992E-6,5.3062E-6,1.2302E-5,3.1906E-5,1.0226E-4,3.2025E-4,9.3849E-4,0.0022967,0.0035158,0.004462,0.0054631
1500.0,4.927E-7,1.181E-6,2.6691E-6,8.6271E-6,2.9179E-5,1.0458E-4,3.4622E-4,9.1473E-4,0.0014233,0.0018047,0.0021869
SA0P1
r\m,4.0,4.5,5.0,5.5,6.0,6.5,7.0,7.5,7.8,8.0,8.2
0.0,0.53222,0.81593,1.0233,1.1934,1.3552,1.5027,1.6299,1.7342,1.4984,1.5545,1.6447
1.0,0.35301,0.57321,0.763,0.93998,1.1227,1.3029,1.4711,1.6198,1.4564,1.5203,1.6144
5.0,0.12698,0.22804,0.33958,0.4757,0.64295,0.83888,1.0566,1.2848,1.3049,1.3935,1.5004
10.0,0.061163,0.11496,0.18049,0.27475,0.40334,0.57089,0.77871,1.0224,1.1818,1.2915,1.403
15.0,0.036981,0.071301,0.1153,0.18512,0.2867,0.4283,0.61671,0.85513,1.0214,1.141,1.2669
20.0,0.025388,0.049668,0.081654,0.13618,0.21911,0.34016,0.50911,0.73378,0.89713,1.0179,1.148
25.0,0.018784,0.037123,0.06172,0.10602,0.17575,0.28108,0.43352,0.64396,0.80167,0.9206,1.0509
30.0,0.014594,0.029072,0.048742,0.085782,0.14569,0.2388,0.37746,0.5747,0.72609,0.84211,0.97073
40.0,0.0096803,0.019514,0.033128,0.060581,0.10693,0.18218,0.2994,0.47394,0.61294,0.72202,0.84539
50.0,0.0069564,0.014149,0.024246,0.045682,0.083085,0.14589,0.2471,0.40317,0.53094,0.63302,0.75018
60.0,0.0057808,0.011842,0.020441,0.039469,0.073574,0.13243,0.22996,0.38467,0.5142,0.6191,0.74088
70.0,0.0049046,0.01011,0.017562,0.034622,0.065903,0.12114,0.21484,0.36705,0.4968,0.60322,0.72788
80.0,0.0042272,0.00876,0.015299,0.03071,0.059526,0.11143,0.2013,0.35027,0.47932,0.5862,0.71242
90.0,0.0036862,0.007675,0.013469,0.027471,0.054114,0.10296,0.18903,0.33432,0.46197,0.56851,0.69533
100.0,0.0032447,0.0067848,0.011959,0.024744,0.049449,0.095458,0.17785,0.31918,0.4448,0.55059,0.67723
110.0,0.0028779,0.0060411,0.01069,0.022206,0.044553,0.086351,0.16156,0.29111,0.40665,0.50411,0.62097
120.0,0.0025685,0.0054112,0.0096102,0.020034,0.040344,0.078492,0.14742,0.26662,0.37324,0.4633,0.57149
130.0,0.0023045,0.0048712,0.0086812,0.018157,0.036688,0.071637,0.13502,0.24504,0.34372,0.42721,0.52757
140.0,0.0020768,0.0044041,0.0078737,0.01652,0.033487,0.0656,0.12407,0.2259,0.31746,0.39501,0.48836
150.0,0.001879,0.0039965,0.0071665,0.01508,0.030659,0.060253,0.11432,0.20881,0.29393,0.36615,0.45315
175.0,0.0014755,0.0031594,0.0057047,0.012086,0.024749,0.049001,0.093693,0.17237,0.24358,0.30412,0.37722
200.0,0.0011778,0.0025375,0.0046103,0.0098268,0.020253,0.040382,0.077771,0.14403,0.20423,0.2555,0.31746
250.0,7.777E-4,0.0016933,0.0031107,0.0067036,0.013983,0.028254,0.055169,0.10344,0.14754,0.18516,0.23067
300.0,5.3091E-4,0.001167,0.0021653,0.0047137,0.0099473,0.020373,0.040348,0.076563,0.10976,0.1381,0.17233
350.0,3.7104E-4,8.2289E-4,0.0015419,0.0033901,0.0072429,0.015055,0.030278,0.058174,0.083793,0.10562,0.13194
400.0,2.6397E-4,5.9061E-4,0.0011175,0.0024835,0.0053793,0.011372,0.023275,0.045321,0.065572,0.082771,0.10342
450.0,1.8982E-4,4.2793E-4,8.1653E-4,0.0018306,0.0040093,0.0085928,0.017844,0.035143,0.051046,0.064516,0.080635
500.0,1.3799E-4,3.1345E-4,6.0322E-4,0.0013648,0.0030254,0.0065832,0.01389,0.027686,0.040368,0.05107,0.063819
600.0,5.8532E-5,1.7196E-4,2.7443E-4,6.5666E-4,0.0015724,0.0037441,0.0085523,0.017901,0.026393,0.032656,0.040768
700.0,4.1291E-5,7.7165E-5,1.9165E-4,4.4918E-4,0.0010445,0.0024167,0.0055535,0.011971,0.017778,0.022518,0.027921
800.0,1.8221E-5,5.497E-5,1.1091E-4,2.644E-4,6.2959E-4,0.0015311,0.003821,0.0084627,0.012652,0.016035,0.019836
1000.0,7.6208E-6,1.8483E-5,3.8405E-5,9.4651E-5,2.4035E-4,6.913E-4,0.0018708,0.0043522,0.0065869,0.0083557,0.010293
1200.0,2.584E-6,6.4168E-6,1.3717E-5,3.4925E-5,1.0226E-4,3.2025E-4,9.3849E-4,0.0022967,0.0035158,0.004462,0.0054631
1500.0,5.3144E-7,1.3654E-6,3.0424E-6,8.6271E-6,2.9179E-5,1.0458E-4,3.4622E-4,9.1473E-4,0.0014233,0.0018047,0.0021869
SA0P15
r\m,4.0,4.5,5.0,5.5,6.0,6.5,7.0,7.5,7.8,8.0,8.2
0.0,0.44826,0.73068,0.9529,1.117,1.2711,1.4048,1.5117,1.5893,1.6212,1.3583,1.3976
1.0,0.27661,0.48443,0.67999,0.84678,1.019,1.1854,1.3352,1.4602,1.5203,1.3211,1.368
5.0,0.088758,0.17422,0.27787,0.39612,0.54315,0.71621,0.90802,1.1069,1.2233,1.187,1.2578
10.0,0.040671,0.083726,0.14124,0.21915,0.32691,0.46872,0.64539,0.85234,0.98653,1.0785,1.1713
15.0,0.024064,0.050832,0.08838,0.14467,0.22778,0.34488,0.50167,0.69989,0.83746,0.936,1.0391
20.0,0.016277,0.034886,0.061679,0.10491,0.17166,0.2702,0.4086,0.59288,0.72628,0.82448,0.9299
25.0,0.011915,0.025795,0.046115,0.080813,0.13626,0.22104,0.34463,0.5155,0.64311,0.73904,0.84354
30.0,0.009184,0.020038,0.036126,0.064864,0.1121,0.18641,0.29794,0.45691,0.5786,0.67153,0.7742
40.0,0.0060285,0.013306,0.024286,0.045328,0.081447,0.14085,0.23416,0.37351,0.48425,0.57091,0.66852
50.0,0.0043058,0.0095876,0.017662,0.033971,0.062917,0.11218,0.1923,0.3163,0.41763,0.49837,0.59071
60.0,0.0036125,0.0081029,0.015037,0.029653,0.056296,0.10292,0.1809,0.30513,0.40903,0.49294,0.59012
70.0,0.0030952,0.006986,0.013047,0.026272,0.050945,0.09514,0.17086,0.29436,0.39964,0.48568,0.58634
80.0,0.0026936,0.0061132,0.01148,0.023541,0.046497,0.08844,0.16181,0.28399,0.38985,0.47728,0.58036
90.0,0.0023722,0.0054096,0.010208,0.021275,0.042712,0.082583,0.1536,0.27405,0.37981,0.46804,0.57275
100.0,0.0021088,0.0048307,0.0091556,0.019361,0.039437,0.077378,0.14605,0.2645,0.36979,0.45829,0.564
110.0,0.0018892,0.0043448,0.0082672,0.01755,0.03589,0.070706,0.13401,0.24364,0.34146,0.42379,0.52227
120.0,0.0017029,0.003931,0.0075082,0.015996,0.032832,0.064918,0.12352,0.22539,0.31653,0.39337,0.48549
130.0,0.0015433,0.003575,0.0068514,0.014646,0.030162,0.059848,0.11427,0.20924,0.29441,0.36634,0.45264
140.0,0.0014051,0.0032652,0.0062779,0.013461,0.027811,0.055369,0.10607,0.19483,0.27462,0.34215,0.42322
150.0,0.0012841,0.0029931,0.0057722,0.012414,0.025724,0.051373,0.098724,0.1819,0.25683,0.32032,0.39659
175.0,0.0010352,0.0024295,0.0047164,0.010213,0.021314,0.042877,0.083013,0.15403,0.2183,0.27289,0.33859
200.0,8.4832E-4,0.002003,0.0039132,0.0085228,0.017899,0.036258,0.070678,0.13197,0.18765,0.23501,0.29215
250.0,5.9028E-4,0.0014085,0.0027809,0.0061221,0.013006,0.026672,0.05266,0.09944,0.14219,0.17866,0.22268
300.0,4.2459E-4,0.0010224,0.0020374,0.0045284,0.0097239,0.020178,0.040325,0.076955,0.11056,0.13923,0.1739
350.0,3.1263E-4,7.5902E-4,0.0015255,0.0034213,0.0074233,0.015593,0.031546,0.060814,0.087728,0.11071,0.13844
400.0,2.3425E-4,5.7317E-4,0.0011611,0.0026277,0.0057629,0.01226,0.025131,0.048943,0.070879,0.089573,0.11207
450.0,1.7747E-4,4.3723E-4,8.9213E-4,0.0020347,0.0045038,0.0096862,0.02008,0.039458,0.057334,0.072549,0.090838
500.0,1.3591E-4,3.3705E-4,6.9244E-4,0.0015915,0.0035565,0.0077366,0.016228,0.032178,0.046902,0.059412,0.074408
600.0,8.1554E-5,2.0474E-4,4.2604E-4,9.9378E-4,0.002262,0.0050324,0.010803,0.021799,0.031955,0.040542,0.050773
700.0,5.0066E-5,1.2711E-4,2.6766E-4,6.3317E-4,0.0014672,0.0033372,0.0073299,0.015042,0.022161,0.028148,0.035228
800.0,3.1252E-5,8.019E-5,1.7076E-4,4.0942E-4,9.6541E-4,0.0022444,0.0050427,0.010519,0.01557,0.019791,0.024742
1000.0,1.2617E-5,3.3018E-5,7.1795E-5,1.7664E-4,4.3097E-4,0.0010462,0.0024583,0.0052941,0.0079013,0.01005,0.012527
1200.0,5.265E-6,1.4032E-5,3.1115E-5,7.8474E-5,1.9794E-4,5.0149E-4,0.0012318,0.0027362,0.0041142,0.0052331,0.0064972
1500.0,1.4782E-6,4.0421E-6,9.215E-6,2.4088E-5,6.3808E-5,1.7226E-4,4.5196E-4,0.0010505,0.0015957,0.0020278,0.0025004
SA0P2
r\m,4.0,4.5,5.0,5.5,6.0,6.5,7.0,7.5,7.8,8.0,8.2
0.0,0.31915,0.54033,0.72753,0.86963,1.0017,1.1131,1.1951,1.2428,1.2565,1.0994,1.0562
1.0,0.18782,0.34529,0.50535,0.64436,0.78831,0.9258,1.0447,1.1343,1.1726,1.0608,1.033
5.0,0.056802,0.11798,0.19791,0.29015,0.40657,0.54429,0.69548,0.84729,0.93277,0.92916,0.94751
10.0,0.025576,0.055771,0.099063,0.15823,0.24152,0.35214,0.48959,0.64772,0.74775,0.81462,0.88056
15.0,0.015082,0.033747,0.061793,0.10418,0.16793,0.25865,0.38008,0.53153,0.6344,0.70669,0.78098
20.0,0.010185,0.023126,0.043064,0.075446,0.12643,0.20253,0.30957,0.45044,0.55049,0.62297,0.6994
25.0,0.0074515,0.017092,0.03219,0.058112,0.10037,0.16576,0.2613,0.39203,0.48805,0.55902,0.63535
30.0,0.0057457,0.013281,0.025223,0.046676,0.082639,0.13995,0.2262,0.34804,0.43983,0.50892,0.58413
40.0,0.0037785,0.0088372,0.016994,0.032698,0.060221,0.10609,0.17844,0.28573,0.36978,0.4346,0.50681
50.0,0.0027074,0.0063883,0.012403,0.0246,0.046714,0.084879,0.14729,0.24322,0.32062,0.38149,0.45026
60.0,0.0023045,0.0054783,0.010712,0.021782,0.042407,0.079018,0.14061,0.23819,0.31873,0.38315,0.45671
70.0,0.0020015,0.0047875,0.0094199,0.019563,0.038904,0.074053,0.13464,0.233,0.3159,0.3829,0.46041
80.0,0.0017643,0.0042436,0.008394,0.017757,0.035969,0.069741,0.12919,0.22782,0.31229,0.38136,0.46184
90.0,0.001573,0.0038018,0.0075569,0.016248,0.033451,0.065929,0.12418,0.22263,0.3082,0.37878,0.46175
100.0,0.0014152,0.0034351,0.0068572,0.014961,0.031253,0.062523,0.11953,0.21749,0.30373,0.37553,0.46033
110.0,0.0012824,0.0031258,0.0062649,0.013719,0.028771,0.057779,0.1109,0.20257,0.28358,0.35108,0.43105
120.0,0.0011691,0.0028603,0.0057531,0.012644,0.026614,0.053643,0.10332,0.18941,0.2657,0.32942,0.40498
130.0,0.0010714,0.00263,0.0053083,0.011703,0.024716,0.049982,0.096603,0.1777,0.24975,0.31003,0.38161
140.0,9.8604E-4,0.0024283,0.0049163,0.010873,0.023032,0.046728,0.090603,0.16718,0.2354,0.29256,0.36048
150.0,9.1085E-4,0.0022499,0.0045688,0.010133,0.021527,0.043803,0.085192,0.15767,0.22238,0.27667,0.34129
175.0,7.4966E-4,0.0018644,0.0038117,0.008512,0.018209,0.037323,0.073117,0.13624,0.19287,0.24049,0.29728
200.0,6.2725E-4,0.0015695,0.003228,0.0072522,0.015612,0.032209,0.063513,0.11908,0.1691,0.21129,0.26167
250.0,4.549E-4,0.0011502,0.0023906,0.0054275,0.011815,0.024662,0.049216,0.093274,0.1332,0.16693,0.20734
300.0,3.4102E-4,8.7E-4,0.0018243,0.0041804,0.009191,0.019395,0.039126,0.074866,0.1074,0.13494,0.16798
350.0,2.6163E-4,6.7285E-4,0.0014222,0.0032858,0.007293,0.015548,0.031703,0.061203,0.088149,0.111,0.13837
400.0,2.0425E-4,5.2898E-4,0.0011263,0.0026233,0.0058748,0.012657,0.02608,0.05078,0.073412,0.092575,0.11556
450.0,1.6114E-4,4.2007E-4,9.003E-4,0.002112,0.0047684,0.010367,0.021564,0.042313,0.061358,0.077502,0.09682
500.0,1.285E-4,3.3703E-4,7.2681E-4,0.0017167,0.0039072,0.0085731,0.018002,0.035588,0.051759,0.065459,0.08183
600.0,8.3596E-5,2.2169E-4,4.8354E-4,0.0011569,0.0026734,0.0059708,0.012768,0.025602,0.037432,0.047436,0.059346
700.0,5.562E-5,1.4898E-4,3.2833E-4,7.95E-4,0.0018638,0.0042343,0.0092156,0.018727,0.027507,0.034915,0.043692
800.0,3.762E-5,1.017E-4,2.263E-4,5.5418E-4,0.0013174,0.0030428,0.006737,0.013866,0.020453,0.025993,0.032523
1000.0,1.7825E-5,4.9005E-5,1.1098E-4,2.776E-4,6.7765E-4,0.0016163,0.0036997,0.0078011,0.011593,0.01476,0.018448
1200.0,8.7254E-6,2.4358E-5,5.6063E-5,1.4305E-4,3.5818E-4,8.8135E-4,0.0020838,0.0044962,0.006726,0.0085726,0.010695
1500.0,3.1109E-6,8.8687E-6,2.0876E-5,5.4796E-5,1.4233E-4,3.6654E-4,9.0875E-4,0.0020268,0.0030585,0.0039015,0.0048492
SA0P25
r\m,4.0,4.5,5.0,5.5,6.0,6.5,7.0,7.5,7.8,8.0,8.2
0.0,0.23121,0.41243,0.57781,0.70741,0.82767,0.926,0.9936,1.0242,1.0258,0.9004,0.85921
1.0,0.13256,0.25814,0.39574,0.51835,0.6461,0.76641,0.86656,0.93468,0.95812,0.86903,0.84092
5.0,0.039122,0.086279,0.15237,0.23024,0.32997,0.44817,0.57618,0.69995,0.76571,0.76257,0.77352
10.0,0.017583,0.040693,0.076122,0.12545,0.1961,0.2905,0.40699,0.53772,0.61754,0.6692,0.71834
15.0,0.010407,0.02471,0.047639,0.082903,0.1369,0.21443,0.31773,0.44407,0.52747,0.58452,0.64168
20.0,0.0070511,0.016986,0.033299,0.060238,0.10347,0.16861,0.26002,0.37825,0.46019,0.5182,0.578
25.0,0.0051746,0.012593,0.024962,0.046543,0.082442,0.13855,0.22039,0.33077,0.40995,0.46736,0.52777
30.0,0.0040012,0.0098126,0.019616,0.037498,0.068105,0.11739,0.19156,0.29491,0.37111,0.42738,0.48755
40.0,0.0026463,0.0065663,0.013289,0.026429,0.049944,0.089613,0.15226,0.24401,0.31454,0.36805,0.42662
50.0,0.0019065,0.0047735,0.0097503,0.019998,0.038985,0.072163,0.12651,0.20922,0.27478,0.32552,0.38197
60.0,0.0016264,0.0041006,0.0084358,0.017739,0.035459,0.06732,0.12108,0.20546,0.27401,0.32794,0.38874
70.0,0.0014162,0.0035923,0.0074344,0.015968,0.032607,0.063247,0.11626,0.20161,0.27241,0.3289,0.39321
80.0,0.0012519,0.0031925,0.0066435,0.014532,0.030225,0.059742,0.11189,0.19776,0.27025,0.32873,0.39598
90.0,0.0011196,0.0028687,0.0059959,0.013334,0.028195,0.056658,0.1079,0.19393,0.26768,0.32773,0.3974
100.0,0.0010105,0.0026002,0.0054574,0.012316,0.02643,0.053899,0.10421,0.19012,0.26481,0.32613,0.39777
110.0,9.1881E-4,0.0023735,0.0050015,0.011328,0.024399,0.049952,0.096961,0.1776,0.24792,0.30581,0.3735
120.0,8.4062E-4,0.0021795,0.0046082,0.010474,0.022639,0.046514,0.090606,0.16656,0.233,0.2878,0.352
130.0,7.73E-4,0.0020109,0.0042661,0.0097267,0.021091,0.043483,0.084986,0.15676,0.21968,0.2717,0.33272
140.0,7.1406E-4,0.0018632,0.0039647,0.0090677,0.019723,0.040779,0.079972,0.14794,0.20774,0.2572,0.31535
150.0,6.6198E-4,0.0017328,0.0036976,0.0084799,0.018498,0.038364,0.075446,0.14001,0.19689,0.24405,0.29955
175.0,5.5164E-4,0.0014538,0.0031237,0.0072125,0.015842,0.033091,0.065548,0.12246,0.17287,0.21477,0.26416
200.0,4.6733E-4,0.0012391,0.0026782,0.0062213,0.013751,0.028912,0.057641,0.10833,0.1534,0.19096,0.2353
250.0,3.4734E-4,9.3091E-4,0.0020328,0.004772,0.010663,0.02268,0.04574,0.086866,0.12369,0.15446,0.1909
300.0,2.6687E-4,7.2168E-4,0.0015899,0.0037665,0.0084993,0.018263,0.037213,0.071327,0.10202,0.12774,0.15823
350.0,2.0986E-4,5.7185E-4,0.0012697,0.003033,0.0069058,0.014983,0.030829,0.059578,0.085563,0.10735,0.13321
400.0,1.6788E-4,4.6075E-4,0.0010301,0.0024799,0.0056936,0.012469,0.025895,0.050444,0.072699,0.091383,0.11355
450.0,1.3579E-4,3.7506E-4,8.439E-4,0.002046,0.0047335,0.010454,0.021896,0.042954,0.062103,0.078177,0.097257
500.0,1.11E-4,3.0842E-4,6.9808E-4,0.0017039,0.0039711,0.0088432,0.018677,0.036886,0.053486,0.067419,0.083952
600.0,7.5882E-5,2.1313E-4,4.8761E-4,0.0012051,0.002848,0.0064426,0.013824,0.027646,0.0403,0.050906,0.063479
700.0,5.3058E-5,1.5047E-4,3.4762E-4,8.6918E-4,0.0020809,0.0047781,0.010407,0.021058,0.030839,0.03902,0.048704
800.0,3.7717E-5,1.0791E-4,2.5155E-4,6.3589E-4,0.0015413,0.0035901,0.0079335,0.01623,0.023868,0.030241,0.037768
1000.0,1.9741E-5,5.7395E-5,1.3598E-4,3.5085E-4,8.7044E-4,0.0020839,0.0047343,0.0098859,0.014648,0.018595,0.023233
1200.0,1.0676E-5,3.149E-5,7.5716E-5,1.9913E-4,5.0503E-4,0.0012413,0.0028957,0.0061641,0.0091936,0.011686,0.014597
1500.0,4.4208E-6,1.3298E-5,3.2628E-5,8.8161E-5,2.3075E-4,5.8908E-4,0.001428,0.0031236,0.0046999,0.0059807,0.0074611
SA0P3
r\m,4.0,4.5,5.0,5.5,6.0,6.5,7.0,7.5,7.8,8.0,8.2
0.0,0.18659,0.3471,0.50146,0.62825,0.74409,0.83715,0.89504,0.91168,0.90339,0.79479,0.7446
1.0,0.10318,0.21121,0.33668,0.45291,0.57397,0.68713,0.77681,0.83029,0.84318,0.76631,0.72923
5.0,0.029346,0.068312,0.12619,0.1966,0.28805,0.39675,0.51267,0.62024,0.67386,0.67089,0.67259
10.0,0.013088,0.031972,0.062581,0.10647,0.17042,0.25647,0.36184,0.47704,0.54468,0.58688,0.62554
15.0,0.0077503,0.01942,0.03917,0.070402,0.11916,0.18972,0.28326,0.39538,0.4671,0.51491,0.56143
20.0,0.0052551,0.01336,0.027392,0.051215,0.090206,0.14949,0.23244,0.33784,0.40899,0.45815,0.50771
25.0,0.0038616,0.0099143,0.020557,0.039627,0.071993,0.12308,0.19751,0.29631,0.36554,0.41458,0.46528
30.0,0.00299,0.0077364,0.016175,0.031977,0.059582,0.10453,0.1721,0.26494,0.33192,0.38038,0.43119
40.0,0.0019837,0.0051927,0.010991,0.022617,0.04387,0.080154,0.13748,0.22045,0.28299,0.32961,0.37967
50.0,0.0014344,0.0037889,0.0080933,0.017182,0.034394,0.064856,0.11484,0.19006,0.24864,0.29327,0.34204
60.0,0.001214,0.0032289,0.0069462,0.015122,0.031057,0.060097,0.10922,0.18558,0.24658,0.29386,0.34632
70.0,0.001051,0.0028116,0.0060844,0.013535,0.028407,0.056184,0.10439,0.18137,0.24423,0.29359,0.34903
80.0,9.2491E-4,0.0024874,0.0054108,0.012264,0.026229,0.052876,0.10016,0.17742,0.24163,0.29268,0.35059
90.0,8.2432E-4,0.0022273,0.0048674,0.011218,0.024397,0.050016,0.096381,0.17363,0.23894,0.29136,0.35127
100.0,7.4211E-4,0.0020137,0.0044185,0.010337,0.022821,0.047502,0.092947,0.17004,0.23611,0.28965,0.35135
110.0,6.7359E-4,0.0018348,0.0040417,0.0094897,0.021031,0.043952,0.086343,0.1586,0.2207,0.27116,0.32942
120.0,6.155E-4,0.0016826,0.0037193,0.0087643,0.019493,0.040883,0.08061,0.14858,0.20724,0.25497,0.31014
130.0,5.6552E-4,0.0015514,0.0034407,0.0081334,0.018148,0.038192,0.075564,0.13977,0.19532,0.2406,0.29301
140.0,5.2222E-4,0.001437,0.0031966,0.0075799,0.016965,0.035819,0.071092,0.13191,0.18467,0.22776,0.2777
150.0,4.8422E-4,0.0013363,0.0029815,0.0070896,0.015915,0.033698,0.067093,0.12488,0.1751,0.21619,0.26386
175.0,4.0872E-4,0.0011362,0.0025526,0.006111,0.013813,0.029455,0.059052,0.11063,0.15571,0.19269,0.2357
200.0,3.5076E-4,9.8128E-4,0.002218,0.0053425,0.012151,0.026072,0.052599,0.099112,0.13992,0.17352,0.21265
250.0,2.6761E-4,7.5692E-4,0.0017288,0.0042081,0.0096743,0.02099,0.042804,0.081475,0.11565,0.14389,0.1769
300.0,2.1108E-4,6.0258E-4,0.0013885,0.00341,0.0079122,0.017334,0.035687,0.068517,0.097697,0.12186,0.15017
350.0,1.7042E-4,4.9041E-4,0.0011387,0.0028187,0.0065949,0.014575,0.030269,0.058555,0.08382,0.10479,0.12939
400.0,1.3994E-4,4.0565E-4,9.4831E-4,0.0023647,0.0055749,0.01242,0.026003,0.050674,0.072775,0.09116,0.11274
450.0,1.1639E-4,3.3959E-4,7.9887E-4,0.0020052,0.0047607,0.010687,0.022536,0.044197,0.063666,0.079875,0.098933
500.0,9.7795E-5,2.8708E-4,6.7921E-4,0.0017154,0.0040996,0.0092688,0.019683,0.038835,0.056093,0.070477,0.087399
600.0,7.067E-5,2.0974E-4,5.0139E-4,0.0012808,0.0030983,0.0070989,0.015272,0.030468,0.044218,0.055696,0.069205
700.0,5.226E-5,1.5663E-4,3.779E-4,9.7536E-4,0.002386,0.0055349,0.012051,0.024288,0.035393,0.044672,0.055593
800.0,3.9304E-5,1.1886E-4,2.8919E-4,7.536E-4,0.0018628,0.0043722,0.0096279,0.019588,0.028648,0.036222,0.045132
1000.0,2.3046E-5,7.0829E-5,1.7494E-4,4.6396E-4,0.0011692,0.0028052,0.0063094,0.013061,0.019222,0.024371,0.030419
1200.0,1.3973E-5,4.3569E-5,1.0906E-4,2.9395E-4,7.5414E-4,0.001847,0.0042371,0.0089119,0.013186,0.016754,0.020934
1500.0,6.8738E-6,2.1859E-5,5.572E-5,1.5357E-4,4.0398E-4,0.0010187,0.0024033,0.0051681,0.0076989,0.0098064,0.012263
SA0P4
r\m,4.0,4.5,5.0,5.5,6.0,6.5,7.0,7.5,7.8,8.0,8.2
0.0,0.12517,0.24696,0.37354,0.49405,0.6076,0.69572,0.74453,0.74527,0.72416,0.70347,0.67783
1.0,0.065464,0.14377,0.24306,0.34717,0.45942,0.56322,0.64064,0.6759,0.67459,0.66556,0.65023
5.0,0.017577,0.044114,0.087186,0.14516,0.22361,0.31805,0.41673,0.50139,0.53774,0.55434,0.56416
10.0,0.0077228,0.020334,0.042603,0.077615,0.13095,0.20412,0.29288,0.38521,0.435,0.46355,0.48706
15.0,0.0045602,0.012309,0.026572,0.051202,0.091461,0.15101,0.22966,0.32021,0.37454,0.40845,0.43929
20.0,0.0030875,0.0084532,0.018548,0.03721,0.069214,0.11909,0.18875,0.2744,0.32903,0.36481,0.39889
25.0,0.0022671,0.0062683,0.013904,0.028781,0.055266,0.098181,0.16072,0.24129,0.29501,0.33131,0.36691
30.0,0.0017555,0.0048913,0.010938,0.02323,0.045783,0.083507,0.14035,0.21636,0.26869,0.30498,0.34129
40.0,0.0011661,0.0032864,0.0074397,0.01646,0.033804,0.06427,0.11265,0.18105,0.23054,0.26602,0.30266
50.0,8.4502E-4,0.0024029,0.0054889,0.012539,0.02659,0.052224,0.09455,0.157,0.20383,0.23821,0.27451
60.0,7.1503E-4,0.0020473,0.004709,0.01104,0.024033,0.048463,0.090126,0.15374,0.20282,0.23961,0.27907
70.0,6.1939E-4,0.0017841,0.004128,0.0098928,0.02202,0.045413,0.086408,0.15077,0.20164,0.24037,0.28247
80.0,5.4582E-4,0.0015805,0.0036761,0.0089802,0.020378,0.042864,0.08318,0.14805,0.20035,0.2407,0.28505
90.0,4.8754E-4,0.0014182,0.0033138,0.0082338,0.019011,0.040679,0.080331,0.14552,0.19899,0.24071,0.287
100.0,4.3995E-4,0.0012854,0.0030161,0.0076086,0.01784,0.038774,0.07778,0.14311,0.19757,0.24045,0.28848
110.0,4.0041E-4,0.0011746,0.0027667,0.007006,0.016488,0.03598,0.072455,0.13385,0.18519,0.22575,0.27125
120.0,3.6698E-4,0.0010806,0.0025544,0.0064909,0.015329,0.033564,0.067846,0.1258,0.17442,0.21293,0.25619
130.0,3.3835E-4,9.9979E-4,0.0023711,0.006045,0.014322,0.031465,0.063822,0.11873,0.16495,0.20162,0.24288
140.0,3.1357E-4,9.2933E-4,0.0022112,0.0056536,0.013437,0.029615,0.060255,0.11246,0.15652,0.19154,0.23101
150.0,2.9185E-4,8.6775E-4,0.0020704,0.005309,0.012653,0.027969,0.057078,0.10683,0.14895,0.18248,0.22032
175.0,2.5033E-4,7.4995E-4,0.0018018,0.0046524,0.011162,0.024836,0.051022,0.096102,0.13446,0.16512,0.19982
200.0,2.1833E-4,6.5842E-4,0.0015914,0.0041338,0.0099773,0.022332,0.04614,0.087396,0.12266,0.15093,0.183
250.0,1.7206E-4,5.2475E-4,0.0012816,0.0033633,0.0082009,0.018544,0.038693,0.073979,0.10438,0.12887,0.15675
300.0,1.4019E-4,4.3159E-4,0.0010632,0.0028144,0.0069211,0.015784,0.033214,0.06401,0.090701,0.1123,0.13694
350.0,1.1691E-4,3.6277E-4,9.0032E-4,0.0024011,0.0059492,0.01367,0.028979,0.056228,0.079989,0.099247,0.12131
400.0,9.9181E-5,3.099E-4,7.7404E-4,0.0020782,0.0051836,0.01199,0.025588,0.049956,0.071291,0.088647,0.10856
450.0,8.5277E-5,2.6814E-4,6.7377E-4,0.0018201,0.0045675,0.010631,0.022822,0.044801,0.064118,0.079867,0.09797
500.0,7.4065E-5,2.3422E-4,5.9172E-4,0.0016074,0.0040563,0.0094948,0.020496,0.04044,0.058027,0.072396,0.088937
600.0,5.7201E-5,1.8272E-4,4.6607E-4,0.0012788,0.00326,0.0077097,0.01681,0.033468,0.048244,0.060356,0.074335
700.0,4.5219E-5,1.4572E-4,3.7484E-4,0.0010377,0.0026694,0.0063714,0.014016,0.028131,0.04071,0.05105,0.063008
800.0,3.6364E-5,1.181E-4,3.0611E-4,8.5435E-4,0.0022158,0.0053337,0.01183,0.023915,0.034729,0.043638,0.053957
1000.0,2.4387E-5,8.029E-5,2.1089E-4,5.9718E-4,0.0015719,0.0038418,0.0086467,0.017707,0.025866,0.032611,0.040444
1200.0,1.6917E-5,5.6355E-5,1.4975E-4,4.2954E-4,0.0011457,0.0028387,0.0064735,0.013408,0.019684,0.024886,0.030937
1500.0,1.019E-5,3.4469E-5,9.301E-5,2.7144E-4,7.3705E-4,0.0018606,0.0043192,0.0090824,0.013419,0.017023,0.021222
SA0P5
r\m,4.0,4.5,5.0,5.5,6.0,6.5,7.0,7.5,7.8,8.0,8.2
0.0,0.091782,0.19011,0.30081,0.42371,0.54466,0.64049,0.691,0.68642,0.65923,0.63284,0.59556
1.0,0.046905,0.10876,0.19336,0.29485,0.40906,0.51642,0.59371,0.62266,0.61457,0.59944,0.57308
5.0,0.012295,0.032683,0.068157,0.12155,0.19714,0.28997,0.38568,0.46277,0.49142,0.50134,0.50182
10.0,0.0053637,0.01496,0.033085,0.064673,0.1151,0.18586,0.27127,0.35639,0.39884,0.42086,0.43667
15.0,0.0031601,0.0090373,0.02059,0.042616,0.080384,0.13764,0.21314,0.29716,0.34455,0.37229,0.39552
20.0,0.0021369,0.0061975,0.014351,0.030943,0.060835,0.10862,0.17544,0.25517,0.30345,0.33344,0.36021
25.0,0.0015678,0.0045912,0.010746,0.023924,0.048587,0.089632,0.1496,0.22482,0.27267,0.3035,0.3322
30.0,0.0012133,0.0035796,0.0084478,0.01931,0.040261,0.076288,0.13077,0.20194,0.24887,0.27997,0.30971
40.0,8.0553E-4,0.0024041,0.0057431,0.013683,0.029756,0.058822,0.10523,0.1695,0.21425,0.24515,0.27578
50.0,5.8383E-4,0.0017578,0.0042368,0.01043,0.023435,0.047878,0.088524,0.14739,0.19004,0.22029,0.25102
60.0,4.9465E-4,0.0014999,0.0036402,0.0092014,0.021234,0.044565,0.08467,0.14486,0.18983,0.22248,0.25629
70.0,4.2915E-4,0.0013093,0.0031958,0.0082616,0.019499,0.041875,0.081409,0.14254,0.18941,0.22403,0.26048
80.0,3.7887E-4,0.0011619,0.0028513,0.0075157,0.018089,0.039625,0.0786,0.14041,0.18884,0.22512,0.26383
90.0,3.3889E-4,0.0010445,0.0025753,0.0069056,0.016915,0.037703,0.076118,0.13842,0.18814,0.2259,0.26656
100.0,3.0639E-4,9.4845E-4,0.002348,0.0063946,0.015911,0.036028,0.073903,0.13654,0.18738,0.22638,0.26884
110.0,2.7938E-4,8.683E-4,0.0021579,0.0058994,0.01473,0.033483,0.068948,0.12789,0.17591,0.21286,0.25317
120.0,2.5656E-4,8.0032E-4,0.0019961,0.0054751,0.013721,0.031293,0.064677,0.12041,0.16595,0.20109,0.2395
130.0,2.3699E-4,7.4189E-4,0.0018563,0.0051086,0.012843,0.029388,0.06093,0.11382,0.15718,0.19072,0.22745
140.0,2.2005E-4,6.9116E-4,0.0017345,0.004788,0.012071,0.027707,0.057628,0.10798,0.14939,0.18147,0.21668
150.0,2.0523E-4,6.4657E-4,0.0016274,0.004504,0.011388,0.026214,0.054681,0.10274,0.14242,0.1732,0.20702
175.0,1.7716E-4,5.6241E-4,0.0014253,0.0039707,0.010103,0.023407,0.049129,0.09288,0.1292,0.15749,0.18869
200.0,1.5551E-4,4.9682E-4,0.0012665,0.0035493,0.0090819,0.021156,0.044658,0.084878,0.11842,0.14466,0.17363
250.0,1.2409E-4,4.0089E-4,0.0010323,0.002921,0.0075471,0.017748,0.037806,0.072527,0.10173,0.12468,0.15018
300.0,1.0235E-4,3.3369E-4,8.6636E-4,0.0024716,0.0064373,0.015258,0.032764,0.06332,0.0892,0.10963,0.13238
350.0,8.6387E-5,2.8379E-4,7.4191E-4,0.0021317,0.0055903,0.013343,0.028845,0.056114,0.079339,0.097747,0.11831
400.0,7.416E-5,2.4522E-4,6.4496E-4,0.0018645,0.0049195,0.011814,0.025696,0.050273,0.071311,0.088036,0.10677
450.0,6.4536E-5,2.1468E-4,5.6775E-4,0.0016505,0.0043791,0.010574,0.023126,0.045476,0.064689,0.080003,0.097197
500.0,5.6722E-5,1.8969E-4,5.0411E-4,0.0014731,0.0039279,0.0095328,0.020953,0.041394,0.059035,0.073129,0.088981
600.0,4.4855E-5,1.5139E-4,4.0581E-4,0.0011966,0.0032196,0.0078846,0.017486,0.034829,0.049897,0.061983,0.075618
700.0,3.6305E-5,1.235E-4,3.335E-4,9.9124E-4,0.0026883,0.0066358,0.014834,0.029757,0.042796,0.053289,0.065154
800.0,2.9889E-5,1.0237E-4,2.7824E-4,8.3295E-4,0.0022751,0.0056564,0.012735,0.025709,0.037101,0.046293,0.056707
1000.0,2.1004E-5,7.2785E-5,2.0003E-4,6.0636E-4,0.0016772,0.0042229,0.0096293,0.019654,0.028528,0.03572,0.04389
1200.0,1.5266E-5,5.3415E-5,1.4817E-4,4.541E-4,0.0012699,0.0032332,0.0074555,0.015361,0.022407,0.028135,0.034656
1500.0,9.8603E-6,3.4918E-5,9.8012E-5,3.0475E-4,8.6475E-4,0.0022345,0.00523,0.010908,0.016011,0.020174,0.024922
SA0P75
r\m,4.0,4.5,5.0,5.5,6.0,6.5,7.0,7.5,7.8,8.0,8.2
0.0,0.041514,0.095534,0.1687,0.27906,0.40534,0.51804,0.58287,0.58134,0.54998,0.51934,0.45425
1.0,0.021402,0.054869,0.10868,0.19496,0.30629,0.42091,0.50531,0.53227,0.51736,0.49612,0.44352
5.0,0.0057319,0.016756,0.038791,0.081629,0.15045,0.24154,0.33641,0.40605,0.42468,0.4257,0.40615
10.0,0.0025376,0.0077738,0.019059,0.044037,0.089242,0.15754,0.24112,0.31914,0.35195,0.36494,0.36989
15.0,0.0015103,0.004743,0.011974,0.029331,0.063047,0.11813,0.19196,0.26997,0.3087,0.32798,0.34044
20.0,0.0010286,0.0032765,0.0084044,0.021468,0.048142,0.094139,0.15971,0.2344,0.27504,0.29721,0.31387
25.0,7.5901E-4,0.0024417,0.006331,0.016711,0.038724,0.078273,0.1373,0.20835,0.2494,0.27313,0.29227
30.0,5.9019E-4,0.0019135,0.0050011,0.013561,0.032288,0.067064,0.12088,0.18849,0.22939,0.25401,0.27475
40.0,3.9489E-4,0.0012956,0.0034275,0.0097003,0.024109,0.052272,0.098372,0.16014,0.2,0.22525,0.24788
50.0,2.8806E-4,9.5387E-4,0.0025468,0.0074507,0.01915,0.042927,0.083542,0.14064,0.17918,0.20452,0.22807
60.0,2.4373E-4,8.1271E-4,0.0021847,0.0065703,0.017352,0.039987,0.080011,0.1385,0.17943,0.20709,0.23354
70.0,2.1127E-4,7.0881E-4,0.0019166,0.0058979,0.015943,0.037613,0.077044,0.13657,0.17944,0.20906,0.238
80.0,1.8636E-4,6.2867E-4,0.0017088,0.0053652,0.014801,0.035634,0.074511,0.13479,0.1793,0.21059,0.24174
90.0,1.6667E-4,5.6499E-4,0.0015428,0.0049316,0.01385,0.033947,0.072287,0.13314,0.17905,0.21184,0.2449
100.0,1.5064E-4,5.1297E-4,0.0014068,0.0045697,0.013042,0.032486,0.070294,0.13159,0.17869,0.2128,0.24759
110.0,1.3736E-4,4.6976E-4,0.0012933,0.0042165,0.012077,0.030201,0.065598,0.12329,0.16782,0.20014,0.23324
120.0,1.2616E-4,4.3309E-4,0.0011967,0.0039153,0.011255,0.028238,0.061554,0.11611,0.15837,0.18916,0.22076
130.0,1.1658E-4,4.0171E-4,0.0011136,0.0036554,0.010541,0.026535,0.058032,0.10982,0.15008,0.17949,0.20975
140.0,1.083E-4,3.7438E-4,0.0010411,0.0034281,0.0099157,0.025035,0.054917,0.10426,0.14273,0.17091,0.19997
150.0,1.0105E-4,3.5048E-4,9.7752E-4,0.0032279,0.0093622,0.023707,0.052151,0.099288,0.13616,0.16325,0.19119
175.0,8.7671E-5,3.0654E-4,8.608E-4,0.0028615,0.0083513,0.021277,0.047088,0.090161,0.1241,0.14911,0.17507
200.0,7.7333E-5,2.7224E-4,7.6918E-4,0.0025717,0.0075476,0.01933,0.043006,0.082777,0.11427,0.13759,0.16186
250.0,6.2328E-5,2.2202E-4,6.3357E-4,0.0021394,0.0063374,0.016377,0.036764,0.071381,0.099043,0.11964,0.14122
300.0,5.1921E-5,1.8672E-4,5.3735E-4,0.0018293,0.0054609,0.01422,0.032152,0.062881,0.087616,0.10614,0.12562
350.0,4.4257E-5,1.6042E-4,4.6506E-4,0.0015941,0.0047904,0.012555,0.028568,0.05621,0.078613,0.095448,0.11323
400.0,3.8365E-5,1.4003E-4,4.0834E-4,0.0014086,0.0042577,0.011222,0.02568,0.050801,0.071268,0.086716,0.10307
450.0,3.3729E-5,1.2388E-4,3.6331E-4,0.0012601,0.0038289,0.010143,0.023326,0.046367,0.065228,0.079508,0.094665
500.0,2.9945E-5,1.1059E-4,3.2597E-4,0.0011363,0.0034692,0.0092329,0.021328,0.04258,0.060049,0.073316,0.087425
600.0,2.4165E-5,9.0108E-5,2.6794E-4,9.4232E-4,0.0029013,0.0077851,0.018127,0.036466,0.05165,0.063242,0.075609
700.0,1.996E-5,7.5041E-5,2.2483E-4,7.9685E-4,0.0024715,0.0066794,0.01566,0.03171,0.04508,0.055334,0.066296
800.0,1.6771E-5,6.3501E-5,1.9154E-4,6.8354E-4,0.002134,0.005804,0.013691,0.027885,0.03977,0.048921,0.058721
1000.0,1.2278E-5,4.705E-5,1.4356E-4,5.1848E-4,0.0016373,0.0045027,0.010735,0.022082,0.031666,0.039097,0.047068
1200.0,9.2978E-6,3.5984E-5,1.1086E-4,4.0457E-4,0.0012902,0.0035822,0.0086178,0.017878,0.025754,0.031896,0.038488
1500.0,6.3877E-6,2.5027E-5,7.807E-5,2.8874E-4,9.3269E-4,0.0026221,0.0063823,0.013385,0.01939,0.024108,0.02917
SA1P0
r\m,4.0,4.5,5.0,5.5,6.0,6.5,7.0,7.5,7.8,8.0,8.2
0.0,0.023865,0.058145,0.11013,0.20873,0.33812,0.46531,0.54729,0.55357,0.52118,0.48758,0.42083
1.0,0.012261,0.033282,0.070657,0.14536,0.25492,0.37797,0.47495,0.50786,0.49136,0.46691,0.4118
5.0,0.0032909,0.010178,0.025189,0.060859,0.1253,0.21762,0.31782,0.39007,0.40632,0.40378,0.37999
10.0,0.0014632,0.0047417,0.012413,0.032955,0.074615,0.14262,0.22906,0.30855,0.339,0.34861,0.34886
15.0,8.7414E-4,0.0029047,0.0078248,0.022034,0.052942,0.10745,0.18336,0.26243,0.2991,0.31513,0.32307
20.0,5.9701E-4,0.0020123,0.0055082,0.016181,0.040568,0.085935,0.15309,0.22881,0.26758,0.28691,0.29927
25.0,4.4152E-4,0.0015033,0.0041592,0.012628,0.032726,0.071672,0.13203,0.20408,0.24355,0.26464,0.27981
30.0,3.4401E-4,0.0011806,0.0032928,0.010273,0.027359,0.061575,0.11658,0.1852,0.22471,0.24687,0.26385
40.0,2.3094E-4,8.0226E-4,0.0022647,0.0073779,0.020517,0.048224,0.095348,0.1582,0.19698,0.22016,0.23939
50.0,1.6892E-4,5.9245E-4,0.0016882,0.0056881,0.016357,0.039765,0.081322,0.13954,0.17732,0.2009,0.22139
60.0,1.4326E-4,5.0611E-4,0.0014518,0.0050288,0.014864,0.037144,0.078109,0.13782,0.17812,0.20409,0.22745
70.0,1.2443E-4,4.4231E-4,0.0012765,0.0045251,0.013692,0.035026,0.075413,0.13628,0.17868,0.20668,0.23256
80.0,1.0999E-4,3.9324E-4,0.0011407,0.0041264,0.012742,0.033271,0.073112,0.13487,0.17901,0.20879,0.23688
90.0,9.8559E-5,3.5417E-4,0.0010321,0.0038018,0.011951,0.031769,0.071097,0.13355,0.17923,0.21057,0.24066
100.0,8.9243E-5,3.2224E-4,9.4306E-4,0.0035308,0.011277,0.030473,0.069302,0.13233,0.17933,0.21206,0.24399
110.0,8.1537E-5,2.9563E-4,8.6879E-4,0.0032642,0.010465,0.028378,0.06478,0.12416,0.16865,0.19976,0.23016
120.0,7.5018E-5,2.7315E-4,8.0547E-4,0.0030369,0.0097702,0.026579,0.060885,0.11711,0.15939,0.18906,0.21816
130.0,6.945E-5,2.5385E-4,7.5107E-4,0.002841,0.0091675,0.02502,0.057488,0.11092,0.15127,0.17965,0.20758
140.0,6.4622E-5,2.3705E-4,7.0362E-4,0.0026696,0.00864,0.023647,0.054494,0.10546,0.14408,0.17133,0.1982
150.0,6.0407E-5,2.2233E-4,6.6193E-4,0.0025185,0.0081723,0.022429,0.051826,0.10058,0.13765,0.16385,0.18978
175.0,5.2619E-5,1.953E-4,5.8566E-4,0.0022433,0.007324,0.020221,0.046991,0.091723,0.12595,0.15028,0.17444
200.0,4.6602E-5,1.7424E-4,5.2571E-4,0.0020258,0.00665,0.018454,0.0431,0.084547,0.11644,0.13919,0.16189
250.0,3.7863E-5,1.4336E-4,4.3705E-4,0.0017011,0.005635,0.015773,0.037162,0.073498,0.10171,0.12201,0.14237
300.0,3.1803E-5,1.2165E-4,3.7407E-4,0.0014682,0.0048996,0.013813,0.032771,0.065269,0.090699,0.10908,0.12761
350.0,2.7337E-5,1.0545E-4,3.2664E-4,0.0012911,0.0043366,0.012302,0.029362,0.058817,0.082014,0.098855,0.11591
400.0,2.3899E-5,9.2856E-5,2.8945E-4,0.0011511,0.0038887,0.011091,0.02661,0.053576,0.07493,0.090493,0.10632
450.0,2.1189E-5,8.2885E-5,2.5984E-4,0.0010392,0.0035286,0.010112,0.024374,0.049292,0.069121,0.083614,0.098397
500.0,1.8972E-5,7.4655E-5,2.3523E-4,9.4559E-4,0.0032256,0.0092832,0.022471,0.045627,0.064132,0.077694,0.091568
600.0,1.5574E-5,6.1915E-5,1.9683E-4,7.9834E-4,0.0027457,0.0079624,0.019416,0.039699,0.056028,0.068048,0.080406
700.0,1.3086E-5,5.2484E-5,1.6813E-4,6.8724E-4,0.0023805,0.0069488,0.017052,0.035072,0.04967,0.060451,0.071583
800.0,1.1186E-5,4.5207E-5,1.4579E-4,6.0008E-4,0.0020919,0.0061416,0.015155,0.031332,0.044506,0.054263,0.064374
1000.0,8.4772E-6,3.4704E-5,1.132E-4,4.7158E-4,0.0016622,0.0049289,0.012279,0.025606,0.036558,0.0447,0.053189
1200.0,6.6457E-6,2.7498E-5,9.0558E-5,3.8117E-4,0.0013564,0.0040562,0.010186,0.021395,0.030672,0.037586,0.044833
1500.0,4.8098E-6,2.0168E-5,6.7225E-5,2.8677E-4,0.0010333,0.0031233,0.0079237,0.016791,0.024195,0.029725,0.035558
SA1P5
r\m,4.0,4.5,5.0,5.5,6.0,6.5,7.0,7.5,7.8,8.0,8.2
0.0,0.010778,0.027564,0.056588,0.13091,0.25018,0.39119,0.50204,0.53389,0.50866,0.47677,0.40922
1.0,0.0055273,0.015779,0.036257,0.090932,0.18817,0.31708,0.43514,0.48957,0.4796,0.45665,0.40069
5.0,0.0014867,0.0048452,0.012944,0.038035,0.092341,0.18216,0.29077,0.37589,0.39688,0.39533,0.37054
10.0,6.6315E-4,0.0022666,0.006398,0.020635,0.055046,0.11942,0.20962,0.29744,0.33146,0.3417,0.34092
15.0,3.9727E-4,0.0013929,0.0040448,0.013831,0.039134,0.090092,0.16799,0.25332,0.29284,0.30936,0.31626
20.0,2.7188E-4,9.6728E-4,0.0028539,0.010176,0.030027,0.072129,0.14037,0.22106,0.2623,0.28195,0.2933
25.0,2.014E-4,7.2405E-4,0.0021584,0.0079545,0.024253,0.060222,0.12118,0.19733,0.23891,0.26032,0.27446
30.0,1.5714E-4,5.695E-4,0.0017113,0.0064798,0.020298,0.051784,0.10707,0.17923,0.22062,0.24305,0.25907
40.0,1.0573E-4,3.8811E-4,0.0011805,0.0046656,0.015253,0.04062,0.087711,0.15332,0.19371,0.21714,0.23551
50.0,7.7505E-5,2.8725E-4,8.8196E-4,0.0036054,0.012186,0.033553,0.074926,0.13544,0.17463,0.19841,0.21813
60.0,6.6086E-5,2.4698E-4,7.6386E-4,0.0032139,0.011176,0.031659,0.072709,0.13523,0.17734,0.20378,0.22658
70.0,5.7687E-5,2.1708E-4,6.7592E-4,0.0029139,0.010381,0.030118,0.070856,0.13497,0.17955,0.20834,0.23387
80.0,5.1228E-5,1.9397E-4,6.0742E-4,0.0026755,0.009732,0.028833,0.069253,0.13469,0.18145,0.21226,0.24026
90.0,4.6089E-5,1.7556E-4,5.5245E-4,0.0024804,0.0091912,0.027736,0.067849,0.13441,0.18306,0.21572,0.24597
100.0,4.1906E-5,1.6043E-4,5.0728E-4,0.0023168,0.0087302,0.026778,0.0666,0.1341,0.18445,0.2188,0.25112
110.0,3.8422E-5,1.4782E-4,4.6945E-4,0.0021534,0.0081457,0.025084,0.062615,0.12655,0.17445,0.20724,0.2382
120.0,3.5485E-5,1.3712E-4,4.3727E-4,0.0020137,0.0076456,0.023623,0.059172,0.12,0.16576,0.19717,0.22692
130.0,3.296E-5,1.2792E-4,4.0946E-4,0.0018928,0.0072095,0.022349,0.056161,0.11424,0.1581,0.18829,0.21701
140.0,3.0767E-5,1.1992E-4,3.8514E-4,0.0017867,0.0068272,0.021226,0.05349,0.10912,0.15129,0.18041,0.20816
150.0,2.8852E-5,1.1286E-4,3.6373E-4,0.0016931,0.0064883,0.020229,0.051111,0.10456,0.14519,0.17331,0.20018
175.0,2.5223E-5,9.9574E-5,3.2333E-4,0.0015155,0.0058416,0.018316,0.046536,0.095723,0.13335,0.15954,0.18467
200.0,2.2419E-5,8.9216E-5,2.9164E-4,0.0013752,0.0053282,0.016787,0.042865,0.088573,0.12374,0.14831,0.172
250.0,1.8352E-5,7.4037E-5,2.4472E-4,0.0011658,0.0045557,0.014473,0.037249,0.077585,0.1089,0.13093,0.15231
300.0,1.5533E-5,6.3368E-5,2.1137E-4,0.0010152,0.0039963,0.01278,0.033111,0.069416,0.097811,0.1179,0.1375
350.0,1.3459E-5,5.5417E-5,1.8625E-4,9.0096E-4,0.0035678,0.011477,0.029896,0.063026,0.089096,0.10762,0.12578
400.0,1.1862E-5,4.9234E-5,1.6655E-4,8.1061E-4,0.0032269,0.010432,0.027311,0.057844,0.082001,0.09923,0.11619
450.0,1.0596E-5,4.4311E-5,1.5077E-4,7.3776E-4,0.0029509,0.0095816,0.025189,0.053572,0.076134,0.092272,0.10821
500.0,9.5618E-6,4.025E-5,1.3766E-4,6.7687E-4,0.0027188,0.0088631,0.023388,0.049927,0.071111,0.086301,0.10135
600.0,7.9721E-6,3.3947E-5,1.1714E-4,5.808E-4,0.0023502,0.0077147,0.02049,0.044022,0.06294,0.07656,0.090125
700.0,6.804E-6,2.9261E-5,1.0172E-4,5.0796E-4,0.0020685,0.0068302,0.01824,0.0394,0.056512,0.06887,0.081235
800.0,5.9073E-6,2.5626E-5,8.9662E-5,4.505E-4,0.0018447,0.0061228,0.016428,0.035652,0.051276,0.062586,0.07395
1000.0,4.6184E-6,2.0333E-5,7.1905E-5,3.6504E-4,0.001509,0.0050522,0.013662,0.029879,0.043169,0.05282,0.062586
1200.0,3.7351E-6,1.6651E-5,5.939E-5,3.0407E-4,0.0012669,0.0042727,0.011627,0.025588,0.037106,0.045486,0.054016
1500.0,2.8326E-6,1.2827E-5,4.623E-5,2.3919E-4,0.0010066,0.0034255,0.0093924,0.020829,0.030338,0.037265,0.044367
SA2P0
r\m,4.0,4.5,5.0,5.5,6.0,6.5,7.0,7.5,7.8,8.0,8.2
0.0,0.0053902,0.013748,0.028591,0.074152,0.15911,0.27561,0.38599,0.44082,0.43529,0.41664,0.37007
1.0,0.0027977,0.0079666,0.018471,0.051789,0.12,0.22359,0.33438,0.40368,0.40976,0.39839,0.36117
5.0,7.5463E-4,0.0024617,0.0066284,0.021722,0.058883,0.12818,0.22257,0.30841,0.33724,0.34294,0.33038
10.0,3.3474E-4,0.0011472,0.003266,0.011745,0.034962,0.083661,0.15969,0.24281,0.28018,0.29486,0.29972
15.0,1.9945E-4,7.0165E-4,0.0020564,0.0078425,0.024754,0.062867,0.12744,0.20593,0.24648,0.2658,0.27684
20.0,1.359E-4,4.8541E-4,0.0014453,0.0057498,0.018928,0.050156,0.10613,0.17909,0.22001,0.2414,0.25582
25.0,1.003E-4,3.6208E-4,0.0010898,0.0044813,0.015245,0.041753,0.091351,0.1594,0.19983,0.22223,0.23868
30.0,7.8001E-5,2.8393E-4,8.6164E-4,0.0036407,0.012725,0.035811,0.080515,0.14441,0.18405,0.20696,0.22474
40.0,5.2214E-5,1.9251E-4,5.9143E-4,0.0026099,0.0095207,0.027969,0.065665,0.123,0.16091,0.18409,0.20341
50.0,3.8102E-5,1.4188E-4,4.4006E-4,0.002009,0.0075776,0.023017,0.055885,0.10826,0.14453,0.16761,0.18769
60.0,3.2967E-5,1.2391E-4,3.8762E-4,0.0018244,0.0070823,0.022127,0.055237,0.11003,0.14936,0.17515,0.19831
70.0,2.9126E-5,1.1038E-4,3.4785E-4,0.0016802,0.0066834,0.021383,0.054657,0.11147,0.15345,0.18164,0.20758
80.0,2.6144E-5,9.9787E-5,3.165E-4,0.0015635,0.0063517,0.020744,0.054122,0.11266,0.15699,0.18734,0.21584
90.0,2.3744E-5,9.1198E-5,2.9098E-4,0.0014664,0.0060691,0.020187,0.053628,0.11365,0.1601,0.1924,0.22326
100.0,2.1768E-5,8.4106E-5,2.6976E-4,0.001384,0.0058244,0.019692,0.053165,0.1145,0.16285,0.19697,0.23003
110.0,2.0109E-5,7.812E-5,2.518E-4,0.0012984,0.0054855,0.018611,0.050422,0.10896,0.15529,0.18809,0.21995
120.0,1.8698E-5,7.2992E-5,2.3632E-4,0.0012243,0.0051912,0.017669,0.048024,0.1041,0.14864,0.18026,0.21106
130.0,1.7475E-5,6.8539E-5,2.2287E-4,0.0011595,0.0049329,0.016841,0.045903,0.099791,0.14273,0.17329,0.20312
140.0,1.6407E-5,6.4647E-5,2.11E-4,0.0011021,0.0047034,0.016103,0.04401,0.095926,0.13742,0.16702,0.19598
150.0,1.5467E-5,6.1189E-5,2.0045E-4,0.001051,0.0044982,0.01544,0.042304,0.09244,0.13263,0.16134,0.18951
175.0,1.3487E-5,5.3851E-5,1.7782E-4,9.3911E-4,0.0040428,0.013953,0.038436,0.084442,0.12154,0.14818,0.17442
200.0,1.1956E-5,4.8134E-5,1.6003E-4,8.5064E-4,0.0036802,0.012762,0.035323,0.077967,0.11253,0.13746,0.1621
250.0,9.7356E-6,3.9747E-5,1.3373E-4,7.1828E-4,0.0031341,0.010956,0.030564,0.067994,0.098601,0.12081,0.14292
300.0,8.197E-6,3.3862E-5,1.1502E-4,6.2312E-4,0.0027378,0.0096345,0.027051,0.060567,0.088167,0.1083,0.12845
350.0,7.0652E-6,2.9476E-5,1.0092E-4,5.5076E-4,0.0024341,0.0086117,0.024319,0.054745,0.079951,0.098425,0.11698
400.0,6.1973E-6,2.6072E-5,8.9869E-5,4.9345E-4,0.0021922,0.0077951,0.022113,0.050015,0.073248,0.090342,0.10757
450.0,5.4976E-6,2.3315E-5,8.0863E-5,4.464E-4,0.0019921,0.0071137,0.020267,0.04603,0.06758,0.083485,0.099567
500.0,4.9295E-6,2.1055E-5,7.3417E-5,4.0724E-4,0.0018247,0.0065412,0.018707,0.042645,0.062749,0.077629,0.092719
600.0,4.0559E-6,1.7541E-5,6.1737E-5,3.4527E-4,0.001558,0.0056224,0.016186,0.037137,0.054854,0.068032,0.081462
700.0,3.4145E-6,1.4929E-5,5.2953E-5,2.9816E-4,0.0013535,0.0049122,0.014221,0.032807,0.048618,0.060424,0.072505
800.0,2.9231E-6,1.2905E-5,4.608E-5,2.6097E-4,0.0011908,0.0043433,0.012636,0.029289,0.043527,0.054194,0.06515
1000.0,2.2202E-6,9.9674E-6,3.5988E-5,2.0574E-4,9.4699E-4,0.003483,0.010218,0.023872,0.035645,0.044513,0.053675
1200.0,1.7432E-6,7.9398E-6,2.8923E-5,1.6657E-4,7.7225E-4,0.00286,0.0084479,0.019866,0.029778,0.037276,0.045061
1500.0,1.2635E-6,5.8635E-6,2.1588E-5,1.2541E-4,5.8657E-4,0.0021911,0.0065276,0.015473,0.023304,0.029256,0.035474
SA3P0
r\m,4.0,4.5,5.0,5.5,6.0,6.5,7.0,7.5,7.8,8.0,8.2
0.0,0.0021035,0.0052224,0.010639,0.030171,0.074059,0.14864,0.2422,0.32232,0.34906,0.35524,0.34918
1.0,0.0010928,0.0030448,0.0069208,0.021222,0.056059,0.12071,0.20966,0.29468,0.32798,0.33905,0.33825
5.0,2.946E-4,9.4667E-4,0.0025065,0.0089989,0.027675,0.069319,0.13929,0.22417,0.26854,0.29029,0.30268
10.0,1.3053E-4,4.4167E-4,0.0012387,0.0048871,0.016475,0.045269,0.099801,0.17596,0.22224,0.24853,0.26849
15.0,7.7691E-5,2.7014E-4,7.806E-4,0.003269,0.011679,0.034022,0.079565,0.14892,0.19499,0.22335,0.24713
20.0,5.2899E-5,1.8684E-4,5.4886E-4,0.0023996,0.0089378,0.027143,0.066214,0.12931,0.1737,0.2024,0.2278
25.0,3.9012E-5,1.3934E-4,4.1391E-4,0.0018714,0.007202,0.022597,0.056958,0.11497,0.15754,0.18601,0.21215
30.0,3.033E-5,1.0924E-4,3.2733E-4,0.0015212,0.0060137,0.019379,0.050178,0.10406,0.14493,0.17299,0.19944
40.0,2.0284E-5,7.4021E-5,2.2465E-4,0.0010913,0.0045017,0.015133,0.040888,0.088493,0.12645,0.15354,0.18006
50.0,1.4791E-5,5.4522E-5,1.6709E-4,8.4025E-4,0.0035837,0.012453,0.034776,0.077802,0.11341,0.13954,0.16583
60.0,1.2799E-5,4.7629E-5,1.4724E-4,7.6401E-4,0.0033541,0.011982,0.034392,0.079074,0.11717,0.14574,0.17509
70.0,1.1308E-5,4.2434E-5,1.3217E-4,7.0425E-4,0.0031682,0.011589,0.034044,0.080096,0.12034,0.15107,0.18316
80.0,1.015E-5,3.8354E-5,1.2025E-4,6.5583E-4,0.0030142,0.011251,0.033719,0.080944,0.12308,0.15574,0.19034
90.0,9.2164E-6,3.5052E-5,1.1055E-4,6.1556E-4,0.0028822,0.010954,0.03342,0.081655,0.12548,0.1599,0.19679
100.0,8.449E-6,3.232E-5,1.0248E-4,5.8123E-4,0.0027679,0.010691,0.033139,0.082256,0.1276,0.16363,0.20265
110.0,7.8039E-6,3.0014E-5,9.5648E-5,5.4553E-4,0.0026087,0.010111,0.031446,0.078311,0.12172,0.15629,0.19381
120.0,7.2536E-6,2.8036E-5,8.9752E-5,5.1465E-4,0.0024704,0.0096055,0.029965,0.074845,0.11654,0.14982,0.18601
130.0,6.7788E-6,2.6321E-5,8.462E-5,4.8762E-4,0.0023487,0.0091598,0.028655,0.071769,0.11193,0.14406,0.17905
140.0,6.3626E-6,2.4814E-5,8.0102E-5,4.6369E-4,0.0022407,0.0087622,0.027483,0.069011,0.1078,0.13887,0.17278
150.0,5.9968E-6,2.3481E-5,7.6091E-5,4.4233E-4,0.002144,0.0084055,0.026427,0.066518,0.10405,0.13418,0.16709
175.0,5.2209E-6,2.0635E-5,6.7417E-5,3.9529E-4,0.0019276,0.0075984,0.024016,0.060766,0.095352,0.12321,0.15376
200.0,4.622E-6,1.8415E-5,6.0616E-5,3.5804E-4,0.0017553,0.0069519,0.022074,0.056106,0.088279,0.11428,0.14287
250.0,3.7529E-6,1.5168E-5,5.0558E-5,3.0237E-4,0.0014956,0.0059707,0.019104,0.048931,0.07734,0.10042,0.12592
300.0,3.1514E-6,1.2891E-5,4.3418E-5,2.6228E-4,0.001307,0.0052517,0.016911,0.043584,0.069146,0.090005,0.11314
350.0,2.7093E-6,1.1198E-5,3.8048E-5,2.3182E-4,0.0011623,0.0046965,0.015204,0.039394,0.062694,0.081777,0.10301
400.0,2.3704E-6,9.8869E-6,3.3843E-5,2.077E-4,0.0010469,0.0042509,0.013826,0.035988,0.05743,0.075047,0.094701
450.0,2.0973E-6,8.8234E-6,3.0416E-5,1.8787E-4,9.5139E-4,0.0038796,0.012671,0.033116,0.052975,0.069334,0.08763
500.0,1.8757E-6,7.9532E-6,2.7586E-5,1.7137E-4,8.7146E-4,0.0035674,0.011695,0.030677,0.049179,0.064457,0.08158
600.0,1.5355E-6,6.6031E-6,2.3153E-5,1.4524E-4,7.4398E-4,0.0030662,0.010117,0.026707,0.042974,0.056462,0.071635
700.0,1.2861E-6,5.601E-6,1.9824E-5,1.2538E-4,6.4616E-4,0.0026784,0.0088871,0.023586,0.038072,0.050125,0.063724
800.0,1.0955E-6,4.8262E-6,1.7224E-5,1.0969E-4,5.6831E-4,0.0023676,0.0078941,0.021049,0.034071,0.044936,0.057227
1000.0,8.2378E-7,3.705E-6,1.3411E-5,8.6397E-5,4.5157E-4,0.0018975,0.0063787,0.017143,0.027876,0.036875,0.047097
1200.0,6.4038E-7,2.934E-6,1.0749E-5,6.9881E-5,3.6786E-4,0.0015569,0.0052694,0.014254,0.023266,0.030851,0.039496
1500.0,4.5729E-7,2.1485E-6,7.9927E-6,5.2526E-5,2.7891E-4,0.0011911,0.0040659,0.011088,0.018182,0.024179,0.031042
SA4P0
r\m,4.0,4.5,5.0,5.5,6.0,6.5,7.0,7.5,7.8,8.0,8.2
0.0,0.0011256,0.0027723,0.0055655,0.016168,0.042166,0.092675,0.16777,0.25075,0.29252,0.3132,0.32655
1.0,5.8441E-4,0.0016158,0.0036269,0.011407,0.031971,0.07518,0.14482,0.22845,0.27386,0.29789,0.31493
5.0,1.5734E-4,5.02E-4,0.0013166,0.0048583,0.01582,0.043053,0.09558,0.17221,0.22201,0.2525,0.27814
10.0,6.9655E-5,2.3407E-4,6.5101E-4,0.0026424,0.0094239,0.028063,0.068185,0.13432,0.1824,0.21451,0.24405
15.0,4.1434E-5,1.4313E-4,4.1032E-4,0.0017688,0.0066812,0.021062,0.054209,0.1132,0.15922,0.1917,0.22329
20.0,2.82E-5,9.8966E-5,2.8856E-4,0.0012988,0.0051125,0.016789,0.045024,0.098003,0.14134,0.17304,0.20495
25.0,2.0793E-5,7.3776E-5,2.1762E-4,0.0010131,0.0041189,0.013965,0.038669,0.086929,0.12783,0.15854,0.19023
30.0,1.6159E-5,5.7829E-5,1.7207E-4,8.2371E-4,0.0034388,0.011969,0.034024,0.078532,0.11733,0.14707,0.17835
40.0,1.0802E-5,3.9178E-5,1.1807E-4,5.9092E-4,0.0025737,0.0093369,0.027668,0.066582,0.102,0.13002,0.16033
50.0,7.8726E-6,2.8849E-5,8.7805E-5,4.5502E-4,0.0020484,0.0076765,0.023496,0.058404,0.091234,0.11781,0.14717
60.0,6.8079E-6,2.5186E-5,7.7335E-5,4.135E-4,0.0019164,0.0073817,0.023209,0.059254,0.094048,0.12275,0.15497
70.0,6.0131E-6,2.2423E-5,6.9366E-5,3.81E-4,0.0018097,0.0071351,0.02295,0.059931,0.096419,0.12698,0.16177
80.0,5.3924E-6,2.0257E-5,6.3085E-5,3.5466E-4,0.001721,0.0069234,0.022713,0.060486,0.098456,0.13068,0.16778
90.0,4.8945E-6,1.8504E-5,5.7967E-5,3.3273E-4,0.0016454,0.0067384,0.022494,0.060946,0.10023,0.13396,0.17317
100.0,4.4846E-6,1.7055E-5,5.3709E-5,3.1408E-4,0.0015797,0.0065736,0.022288,0.061329,0.1018,0.13689,0.17805
110.0,4.1401E-6,1.583E-5,5.0095E-5,2.9475E-4,0.0014891,0.006218,0.021153,0.058392,0.097114,0.13075,0.17028
120.0,3.8468E-6,1.4781E-5,4.6992E-5,2.7802E-4,0.0014103,0.0059084,0.02016,0.055813,0.092986,0.12534,0.16342
130.0,3.5931E-6,1.3871E-5,4.4288E-5,2.6339E-4,0.0013411,0.0056352,0.01928,0.053522,0.089312,0.12051,0.1573
140.0,3.3716E-6,1.3071E-5,4.1901E-5,2.5042E-4,0.0012795,0.0053916,0.018495,0.051467,0.086013,0.11618,0.15179
150.0,3.176E-6,1.2365E-5,3.9786E-5,2.3886E-4,0.0012244,0.0051729,0.017786,0.049611,0.083025,0.11224,0.14679
175.0,2.7637E-6,1.0856E-5,3.5229E-5,2.1342E-4,0.0011011,0.0046776,0.016167,0.045324,0.076083,0.10307,0.13506
200.0,2.4445E-6,9.6833E-6,3.1652E-5,1.9333E-4,0.001003,0.0042805,0.014861,0.041851,0.070438,0.095591,0.12548
250.0,1.9823E-6,7.9633E-6,2.6366E-5,1.6321E-4,8.5492E-4,0.0036778,0.012866,0.036502,0.06171,0.08399,0.11058
300.0,1.6624E-6,6.7589E-6,2.2618E-5,1.4157E-4,7.473E-4,0.0032361,0.011391,0.032516,0.055171,0.075272,0.099337
350.0,1.4275E-6,5.8648E-6,1.9804E-5,1.2511E-4,6.6469E-4,0.0028947,0.010243,0.029392,0.050021,0.068385,0.090431
400.0,1.2476E-6,5.1721E-6,1.7601E-5,1.1208E-4,5.9889E-4,0.0026205,0.0093165,0.026853,0.045822,0.062753,0.083127
450.0,1.1026E-6,4.6107E-6,1.5806E-5,1.0137E-4,5.4436E-4,0.0023922,0.0085393,0.024711,0.042265,0.057973,0.076914
500.0,9.8506E-7,4.1516E-6,1.4325E-5,9.2459E-5,4.9873E-4,0.0022,0.0078824,0.022891,0.039236,0.053892,0.071597
600.0,8.0469E-7,3.4397E-6,1.2007E-5,7.8355E-5,4.2593E-4,0.0018914,0.0068202,0.01993,0.034284,0.047203,0.06286
700.0,6.7264E-7,2.9119E-6,1.0268E-5,6.7633E-5,3.7005E-4,0.0016525,0.0059917,0.017602,0.030372,0.041901,0.05591
800.0,5.7181E-7,2.5043E-6,8.9106E-6,5.9168E-5,3.2557E-4,0.001461,0.0053228,0.015709,0.027178,0.03756,0.050204
1000.0,4.2832E-7,1.9153E-6,6.9237E-6,4.6598E-5,2.5883E-4,0.0011712,0.0043017,0.012795,0.022234,0.030816,0.041309
1200.0,3.3171E-7,1.5113E-6,5.5385E-6,3.7689E-5,2.1095E-4,9.6106E-4,0.003554,0.010639,0.018555,0.025778,0.034635
1500.0,2.3556E-7,1.1008E-6,4.1071E-6,2.8328E-5,1.6005E-4,7.3534E-4,0.0027425,0.0082757,0.014498,0.020199,0.027216
SA5P0
r\m,4.0,4.5,5.0,5.5,6.0,6.5,7.0,7.5,7.8,8.0,8.2
0.0,6.8329E-4,0.0016766,0.0033394,0.0097619,0.026395,0.061717,0.12071,0.19736,0.24387,0.27168,0.29517
1.0,3.5454E-4,9.7615E-4,0.0021759,0.0069005,0.020013,0.049944,0.10379,0.17893,0.2272,0.25719,0.28339
5.0,9.5346E-5,3.0277E-4,7.8962E-4,0.0029462,0.0098964,0.028445,0.06786,0.1332,0.18173,0.21507,0.24691
10.0,4.2189E-5,1.4108E-4,3.9039E-4,0.0016033,0.0058899,0.018476,0.048116,0.10301,0.14785,0.18085,0.21432
15.0,2.5083E-5,8.6221E-5,2.4597E-4,0.0010731,0.0041725,0.013837,0.038104,0.086317,0.12822,0.16045,0.19455
20.0,1.7066E-5,5.9598E-5,1.7296E-4,7.8784E-4,0.0031907,0.011011,0.031561,0.074429,0.11328,0.14408,0.17757
25.0,1.258E-5,4.4424E-5,1.3042E-4,6.1442E-4,0.0025695,0.0091473,0.027047,0.065816,0.10208,0.13148,0.16411
30.0,9.7739E-6,3.4819E-5,1.0312E-4,4.9949E-4,0.0021443,0.0078322,0.023755,0.059308,0.093418,0.12158,0.15331
40.0,6.5317E-6,2.3581E-5,7.0751E-5,3.5821E-4,0.0016034,0.0060998,0.019263,0.050083,0.080839,0.10693,0.13706
50.0,4.7594E-6,1.7357E-5,5.2608E-5,2.7568E-4,0.0012754,0.0050084,0.016323,0.043795,0.072039,0.096504,0.12527
60.0,4.1127E-6,1.5144E-5,4.6302E-5,2.5036E-4,0.0011923,0.0048101,0.016094,0.04432,0.074046,0.10022,0.13145
70.0,3.6301E-6,1.3477E-5,4.1511E-5,2.3053E-4,0.0011252,0.0046451,0.015891,0.044734,0.075724,0.1034,0.1368
80.0,3.254E-6,1.217E-5,3.7734E-5,2.1447E-4,0.0010694,0.0045032,0.015707,0.045064,0.077158,0.10616,0.14152
90.0,2.9514E-6,1.1113E-5,3.4657E-5,2.0108E-4,0.0010217,0.0043791,0.015537,0.045334,0.078403,0.10859,0.14574
100.0,2.7033E-6,1.0237E-5,3.2101E-5,1.8973E-4,9.8046E-4,0.0042692,0.015379,0.045553,0.079496,0.11077,0.14955
110.0,2.4948E-6,9.4987E-6,2.9936E-5,1.7802E-4,9.2421E-4,0.0040392,0.014597,0.043373,0.075834,0.1058,0.14301
120.0,2.3171E-6,8.8663E-6,2.8068E-5,1.6787E-4,8.7537E-4,0.0038383,0.013913,0.041459,0.07261,0.10141,0.13724
130.0,2.1634E-6,8.3165E-6,2.6441E-5,1.59E-4,8.3236E-4,0.0036611,0.013307,0.039759,0.069742,0.097509,0.1321
140.0,2.0292E-6,7.8369E-6,2.5013E-5,1.5113E-4,7.942E-4,0.0035032,0.012766,0.038235,0.067165,0.093997,0.12746
150.0,1.911E-6,7.4099E-6,2.3741E-5,1.4414E-4,7.5996E-4,0.0033612,0.012278,0.036857,0.064833,0.090814,0.12326
175.0,1.6622E-6,6.5036E-6,2.1012E-5,1.2876E-4,6.8362E-4,0.00304,0.011162,0.033674,0.059411,0.083385,0.1134
200.0,1.4697E-6,5.7975E-6,1.887E-5,1.166E-4,6.227E-4,0.0027827,0.010262,0.031095,0.055004,0.077331,0.10535
250.0,1.1908E-6,4.7639E-6,1.5706E-5,9.8413E-5,5.3089E-4,0.0023914,0.0088861,0.027124,0.048186,0.067941,0.09282
300.0,9.9785E-7,4.0404E-6,1.3464E-5,8.5342E-5,4.6415E-4,0.0021049,0.0078693,0.024164,0.04308,0.060884,0.083373
350.0,8.5618E-7,3.5037E-6,1.178E-5,7.5403E-5,4.1294E-4,0.0018831,0.0070774,0.021843,0.039059,0.055311,0.075891
400.0,7.4768E-7,3.087E-6,1.0464E-5,6.754E-5,3.7209E-4,0.0017051,0.0064379,0.019957,0.03578,0.050753,0.069755
450.0,6.6032E-7,2.7505E-6,9.3915E-6,6.1077E-5,3.3824E-4,0.0015568,0.0059016,0.018366,0.033003,0.046885,0.064534
500.0,5.8951E-7,2.475E-6,8.5074E-6,5.5701E-5,3.0992E-4,0.001432,0.0054481,0.017014,0.030637,0.043583,0.060068
600.0,4.809E-7,2.0483E-6,7.1241E-6,4.7194E-5,2.6472E-4,0.0012314,0.0047148,0.014814,0.02677,0.038171,0.052729
700.0,4.0144E-7,1.7321E-6,6.0871E-6,4.0729E-5,2.3001E-4,0.0010761,0.0041427,0.013084,0.023715,0.033881,0.046893
800.0,3.408E-7,1.488E-6,5.2783E-6,3.5627E-5,2.0238E-4,9.5154E-4,0.0036807,0.011677,0.021221,0.030369,0.042102
1000.0,2.5461E-7,1.1358E-6,4.0953E-6,2.8053E-5,1.6091E-4,7.6297E-4,0.0029752,0.0095113,0.017361,0.024915,0.034634
1200.0,1.9667E-7,8.945E-7,3.2715E-6,2.2686E-5,1.3116E-4,6.2623E-4,0.0024584,0.007909,0.014488,0.02084,0.029033
1500.0,1.3913E-7,6.4974E-7,2.4214E-6,1.705E-5,9.9514E-5,4.7927E-4,0.0018974,0.0061522,0.01132,0.016328,0.022807
SA7P5
r\m,4.0,4.5,5.0,5.5,6.0,6.5,7.0,7.5,7.8,8.0,8.2
0.0,2.6454E-4,6.4215E-4,0.0012648,0.0037286,0.010424,0.026517,0.058888,0.11221,0.15331,0.18317,0.21377
1.0,1.3671E-4,3.727E-4,8.2279E-4,0.002632,0.0078826,0.021303,0.050019,0.10024,0.14071,0.17088,0.20239
5.0,3.659E-5,1.1511E-4,2.9778E-4,0.0011197,0.0038717,0.011935,0.031796,0.07193,0.10817,0.1372,0.16933
10.0,1.6162E-5,5.3551E-5,1.4704E-4,6.0766E-4,0.0022929,0.0076713,0.022145,0.054259,0.085563,0.11196,0.14245
15.0,9.5998E-6,3.2695E-5,9.2582E-5,4.0586E-4,0.0016188,0.0057057,0.017339,0.044737,0.072798,0.097283,0.12643
20.0,6.5283E-6,2.259E-5,6.5078E-5,2.9754E-4,0.0012348,0.0045184,0.014245,0.038136,0.063458,0.086081,0.11357
25.0,4.8115E-6,1.6832E-5,4.9057E-5,2.3184E-4,9.9219E-4,0.0037393,0.012132,0.033425,0.056592,0.077665,0.10366
30.0,3.7371E-6,1.3188E-5,3.8771E-5,1.8826E-4,8.2667E-4,0.0031916,0.010601,0.029903,0.051353,0.071147,0.095874
40.0,2.4958E-6,8.9267E-6,2.6594E-5,1.3479E-4,6.1646E-4,0.0024731,0.008528,0.024966,0.043846,0.061668,0.084357
50.0,1.8182E-6,6.569E-6,1.978E-5,1.0362E-4,4.8921E-4,0.0020226,0.0071805,0.021641,0.038674,0.055028,0.076158
60.0,1.5686E-6,5.7247E-6,1.7379E-5,9.3902E-5,4.5603E-4,0.0019354,0.0070426,0.021743,0.039417,0.056622,0.079117
70.0,1.3825E-6,5.0879E-6,1.5566E-5,8.6322E-5,4.2935E-4,0.0018632,0.0069227,0.021811,0.040025,0.057961,0.081644
80.0,1.238E-6,4.5899E-6,1.4137E-5,8.0183E-5,4.072E-4,0.0018012,0.006816,0.021858,0.040532,0.059108,0.083843
90.0,1.122E-6,4.1873E-6,1.2975E-5,7.5088E-5,3.8838E-4,0.0017473,0.0067191,0.021886,0.040963,0.060107,0.085787
100.0,1.0267E-6,3.8547E-6,1.2009E-5,7.0755E-5,3.7207E-4,0.0016998,0.0066305,0.021902,0.041334,0.060985,0.087521
110.0,9.4643E-7,3.574E-6,1.119E-5,6.6344E-5,3.5066E-4,0.0016083,0.0062946,0.020855,0.039429,0.058244,0.083684
120.0,8.7828E-7,3.3336E-6,1.0487E-5,6.2531E-5,3.3205E-4,0.0015285,0.0060004,0.019936,0.037752,0.055827,0.080298
130.0,8.1944E-7,3.1251E-6,9.8737E-6,5.9197E-5,3.1569E-4,0.001458,0.0057399,0.019119,0.03626,0.053673,0.077277
140.0,7.6815E-7,2.943E-6,9.3341E-6,5.6246E-5,3.0117E-4,0.0013951,0.005507,0.018387,0.03492,0.051737,0.074557
150.0,7.2279E-7,2.7813E-6,8.8555E-6,5.3615E-5,2.8813E-4,0.0013387,0.0052972,0.017726,0.033707,0.049982,0.072089
175.0,6.2817E-7,2.4393E-6,7.8344E-6,4.7873E-5,2.592E-4,0.0012112,0.0048171,0.016197,0.030888,0.045888,0.066308
200.0,5.55E-7,2.1733E-6,7.0299E-6,4.3325E-5,2.3611E-4,0.001109,0.0044302,0.014959,0.028596,0.042552,0.061587
250.0,4.4917E-7,1.7839E-6,5.8439E-6,3.6541E-5,2.013E-4,9.5361E-4,0.003838,0.013051,0.025051,0.037377,0.054244
300.0,3.7599E-7,1.5113E-6,5.005E-6,3.1663E-5,1.7599E-4,8.3963E-4,0.0034001,0.011628,0.022396,0.03349,0.048709
350.0,3.2234E-7,1.309E-6,4.3752E-6,2.7959E-5,1.5658E-4,7.5145E-4,0.0030589,0.010513,0.020305,0.030421,0.044326
400.0,2.8128E-7,1.1526E-6,3.8835E-6,2.5032E-5,1.4109E-4,6.8059E-4,0.0027833,0.0096062,0.0186,0.02791,0.040734
450.0,2.4827E-7,1.026E-6,3.4828E-6,2.2628E-5,1.2827E-4,6.2153E-4,0.002552,0.0088413,0.017156,0.025781,0.037678
500.0,2.2153E-7,9.2251E-7,3.1528E-6,2.0629E-5,1.1754E-4,5.7181E-4,0.0023565,0.0081914,0.015926,0.023962,0.035064
600.0,1.8056E-7,7.6226E-7,2.6368E-6,1.7469E-5,1.0041E-4,4.9189E-4,0.00204,0.0071333,0.013915,0.020984,0.030771
700.0,1.5063E-7,6.4364E-7,2.2504E-6,1.507E-5,8.7257E-5,4.2998E-4,0.001793,0.006301,0.012327,0.018623,0.027358
800.0,1.2781E-7,5.5217E-7,1.9492E-6,1.3178E-5,7.6786E-5,3.8031E-4,0.0015935,0.0056243,0.01103,0.016691,0.024557
1000.0,9.5408E-8,4.2034E-7,1.5093E-6,1.0373E-5,6.1072E-5,3.0505E-4,0.0012886,0.0045818,0.0090231,0.01369,0.020193
1200.0,7.3659E-8,3.3018E-7,1.2035E-6,8.3865E-6,4.9795E-5,2.5045E-4,0.0010651,0.0038105,0.0075297,0.011449,0.016921
1500.0,5.2083E-8,2.3895E-7,8.8848E-7,6.3023E-6,3.7801E-5,1.9173E-4,8.2241E-4,0.0029647,0.0058827,0.0089683,0.013287
SA10P0
r\m,4.0,4.5,5.0,5.5,6.0,6.5,7.0,7.5,7.8,8.0,8.2
0.0,1.4967E-4,3.5936E-4,7.0427E-4,0.0020773,0.0058653,0.015364,0.036163,0.074573,0.10757,0.13349,0.16198
1.0,7.7021E-5,2.0822E-4,4.5755E-4,0.0014632,0.0044209,0.012272,0.030427,0.065826,0.097487,0.12297,0.15148
5.0,2.0527E-5,6.4164E-5,1.6527E-4,6.1956E-4,0.0021554,0.0067878,0.01893,0.045874,0.072551,0.095459,0.12247
10.0,9.0557E-6,2.9817E-5,8.1539E-5,3.3531E-4,0.0012704,0.0043277,0.013007,0.033946,0.056124,0.076048,0.10045
15.0,5.3763E-6,1.8199E-5,5.1326E-5,2.2356E-4,8.94E-4,0.0032022,0.010098,0.027645,0.047055,0.065021,0.087598
20.0,3.6557E-6,1.2571E-5,3.6063E-5,1.6366E-4,6.8034E-4,0.0025268,0.0082467,0.023361,0.040595,0.056882,0.077715
25.0,2.6935E-6,9.3664E-6,2.7177E-5,1.2736E-4,5.4572E-4,0.0020847,0.0069908,0.020338,0.035915,0.050869,0.07026
30.0,2.0919E-6,7.3355E-6,2.148E-5,1.0334E-4,4.5396E-4,0.0017749,0.0060856,0.018096,0.032379,0.046267,0.064473
40.0,1.3973E-6,4.9649E-6,1.4729E-5,7.3884E-5,3.3767E-4,0.0013702,0.0048663,0.014979,0.027366,0.039653,0.056035
50.0,1.0176E-6,3.6533E-6,1.0947E-5,5.6727E-5,2.6744E-4,0.0011171,0.0040787,0.012898,0.023946,0.035077,0.050108
60.0,8.7694E-7,3.18E-6,9.6164E-6,5.1349E-5,2.4877E-4,0.001066,0.0039846,0.012888,0.02425,0.035837,0.051653
70.0,7.7235E-7,2.8247E-6,8.6078E-6,4.715E-5,2.3379E-4,0.0010235,0.0039035,0.01287,0.024491,0.036466,0.052955
80.0,6.9102E-7,2.5463E-6,7.8135E-6,4.3745E-5,2.2139E-4,9.875E-4,0.003832,0.012846,0.024685,0.036995,0.054074
90.0,6.2586E-7,2.3217E-6,7.1674E-6,4.0934E-5,2.1088E-4,9.5622E-4,0.0037681,0.012818,0.024845,0.037449,0.055052
100.0,5.7232E-7,2.1362E-6,6.6307E-6,3.8542E-5,2.0179E-4,9.286E-4,0.0037099,0.012787,0.024978,0.037842,0.055915
110.0,5.2746E-7,1.9798E-6,6.1766E-6,3.6128E-5,1.9011E-4,8.7856E-4,0.003522,0.012176,0.023826,0.036138,0.053459
120.0,4.8914E-7,1.8459E-6,5.786E-6,3.4044E-5,1.7998E-4,8.3487E-4,0.0033574,0.011639,0.022812,0.034637,0.051291
130.0,4.5625E-7,1.7299E-6,5.4459E-6,3.2218E-5,1.711E-4,7.963E-4,0.0032117,0.011163,0.02191,0.033299,0.049357
140.0,4.2751E-7,1.6283E-6,5.147E-6,3.0603E-5,1.6316E-4,7.6197E-4,0.0030814,0.010736,0.0211,0.032096,0.047616
150.0,4.0221E-7,1.5384E-6,4.8817E-6,2.9163E-5,1.5609E-4,7.311E-4,0.002964,0.01035,0.020367,0.031007,0.046036
175.0,3.4938E-7,1.3489E-6,4.3161E-6,2.6029E-5,1.4038E-4,6.6155E-4,0.0026958,0.0094581,0.018663,0.028464,0.042337
200.0,3.0867E-7,1.2013E-6,3.8728E-6,2.3552E-5,1.2787E-4,6.0576E-4,0.0024797,0.0087356,0.017278,0.026392,0.039317
250.0,2.4974E-7,9.8552E-7,3.2185E-6,1.9853E-5,1.09E-4,5.2091E-4,0.0021487,0.007622,0.015136,0.02318,0.034621
300.0,2.0902E-7,8.3447E-7,2.7551E-6,1.7197E-5,9.528E-5,4.5873E-4,0.0019039,0.006792,0.013531,0.020767,0.031081
350.0,1.7924E-7,7.2253E-7,2.4074E-6,1.518E-5,8.4762E-5,4.1056E-4,0.0017131,0.0061406,0.012268,0.018862,0.028279
400.0,1.5644E-7,6.3598E-7,2.1361E-6,1.3587E-5,7.6373E-5,3.7191E-4,0.0015589,0.0056116,0.011237,0.017304,0.025984
450.0,1.3811E-7,5.6592E-7,1.9152E-6,1.228E-5,6.943E-5,3.3967E-4,0.0014296,0.005165,0.010365,0.015983,0.024031
500.0,1.2328E-7,5.087E-7,1.7332E-6,1.1193E-5,6.3617E-5,3.1253E-4,0.0013202,0.0047855,0.0096218,0.014855,0.022361
600.0,1.0056E-7,4.2012E-7,1.4488E-6,9.4758E-6,5.4343E-5,2.689E-4,0.0011431,0.0041677,0.008407,0.013007,0.019619
700.0,8.3966E-8,3.546E-7,1.2358E-6,8.1728E-6,4.7226E-5,2.351E-4,0.0010049,0.0036817,0.0074474,0.011543,0.01744
800.0,7.1319E-8,3.0409E-7,1.07E-6,7.1456E-6,4.156E-5,2.0798E-4,8.9317E-4,0.0032864,0.006664,0.010344,0.015652
1000.0,5.3361E-8,2.3134E-7,8.2783E-7,5.6232E-6,3.306E-5,1.6689E-4,7.2246E-4,0.0026775,0.0054513,0.0084835,0.012867
1200.0,4.1299E-8,1.8163E-7,6.5959E-7,4.5461E-6,2.6961E-5,1.3707E-4,5.9732E-4,0.0022269,0.0045491,0.0070942,0.01078
1500.0,2.9318E-8,1.3135E-7,4.8643E-7,3.4164E-6,2.0474E-5,1.0499E-4,4.6133E-4,0.0017327,0.0035541,0.0055565,0.0084623
