PGA
r\m,4.0,4.5,5.0,5.5,6.0,6.5,7.0,7.5,7.8,8.0,8.2
0.0,0.47063,0.57103,0.65819,0.70883,0.73193,0.73499,0.7595,0.78349,0.78814,0.78578,0.78091
1.0,0.45375,0.56292,0.64815,0.68818,0.69709,0.69446,0.71609,0.74246,0.7508,0.75099,0.74792
5.0,0.18089,0.28671,0.40166,0.48988,0.54082,0.56967,0.60499,0.63948,0.65445,0.65921,0.66006
10.0,0.071343,0.12326,0.19523,0.27456,0.34546,0.40708,0.46769,0.52213,0.54839,0.56137,0.5708
15.0,0.037011,0.066072,0.10998,0.16529,0.22672,0.29173,0.35943,0.4197,0.45484,0.47454,0.49196
20.0,0.022372,0.041078,0.070479,0.11003,0.15805,0.21366,0.2759,0.33782,0.37669,0.39977,0.42126
25.0,0.014725,0.027551,0.048231,0.077171,0.11424,0.15977,0.21431,0.27372,0.31296,0.33738,0.361
30.0,0.010559,0.020074,0.035649,0.058031,0.087559,0.12487,0.17138,0.22524,0.26311,0.28784,0.31258
40.0,0.0063578,0.012364,0.022444,0.037437,0.057832,0.084664,0.11927,0.16216,0.19369,0.21529,0.2376
50.0,0.0042894,0.0084895,0.015683,0.026626,0.041785,0.062263,0.089077,0.12357,0.14992,0.16855,0.18828
60.0,0.0032037,0.0064382,0.012051,0.020722,0.032895,0.049448,0.071219,0.099501,0.12134,0.13698,0.15366
70.0,0.0024819,0.0050616,0.0095865,0.016676,0.026755,0.04056,0.058897,0.083124,0.10217,0.11609,0.13109
80.0,0.0020703,0.0042659,0.0081568,0.014318,0.023149,0.035306,0.051515,0.073065,0.090069,0.10254,0.11604
90.0,0.0017524,0.0036488,0.0070327,0.01245,0.020285,0.031092,0.045587,0.064929,0.080199,0.09143,0.10359
100.0,0.0015016,0.0031587,0.0061349,0.010946,0.017964,0.02766,0.040733,0.058236,0.072056,0.082235,0.093266
110.0,0.0013005,0.0027624,0.0054041,0.0097127,0.016045,0.024804,0.036666,0.052589,0.065161,0.074444,0.084532
120.0,0.0011364,0.0024368,0.0048004,0.0086876,0.014439,0.022408,0.033245,0.047821,0.059328,0.067836,0.077092
130.0,9.9804E-4,0.0021588,0.0042834,0.0078034,0.013043,0.020319,0.030241,0.043605,0.054171,0.062,0.07051
140.0,8.7533E-4,0.0019094,0.0038171,0.0069979,0.011755,0.018386,0.027448,0.039687,0.049407,0.056626,0.064482
150.0,7.6974E-4,0.0016928,0.0034091,0.0062858,0.01061,0.016658,0.024951,0.036184,0.045148,0.051824,0.059105
175.0,5.7256E-4,0.0012835,0.002629,0.0049149,0.0083886,0.013293,0.02006,0.02929,0.036741,0.042319,0.048434
200.0,4.3906E-4,0.0010021,0.002085,0.0039479,0.0068066,0.010875,0.016522,0.024276,0.030604,0.035372,0.040619
250.0,2.7532E-4,6.4807E-4,0.0013791,0.0026674,0.0046818,0.0075991,0.011748,0.017537,0.022311,0.025953,0.030003
300.0,1.8459E-4,4.4697E-4,9.7234E-4,0.0019152,0.0034119,0.0056187,0.0088245,0.013354,0.017116,0.02001,0.023255
350.0,1.2993E-4,3.2302E-4,7.1789E-4,0.0014365,0.002597,0.004332,0.0068866,0.010546,0.013607,0.015982,0.018664
400.0,9.477E-5,2.4146E-4,5.4784E-4,0.0011121,0.0020371,0.0034391,0.005524,0.0085546,0.011101,0.013092,0.015353
450.0,7.1252E-5,1.8492E-4,4.2549E-4,8.7218E-4,0.0016154,0.0027605,0.0044914,0.0070565,0.0092075,0.010901,0.012838
500.0,5.4757E-5,1.4469E-4,3.3761E-4,6.9877E-4,0.0013074,0.0022595,0.0037194,0.0059192,0.0077628,0.0092223,0.010899
600.0,3.4449E-5,9.3926E-5,2.2443E-4,4.7336E-4,9.0235E-4,0.0015892,0.00267,0.0043399,0.0057452,0.006869,0.0081767
700.0,2.2565E-5,6.3419E-5,1.5496E-4,3.3307E-4,6.4673E-4,0.0011594,0.0019826,0.0032804,0.004378,0.0052639,0.0062992
800.0,1.5372E-5,4.4339E-5,1.1073E-4,2.4237E-4,4.7873E-4,8.7187E-4,0.0015157,0.0025477,0.0034229,0.004134,0.004969
1000.0,7.6558E-6,2.3135E-5,6.0127E-5,1.3626E-4,2.7713E-4,5.2004E-4,9.2965E-4,0.0016024,0.002177,0.002647,0.0032022
1200.0,4.1159E-6,1.2937E-5,3.4878E-5,8.2084E-5,1.7175E-4,3.3006E-4,6.0129E-4,0.0010514,0.0014389,0.001758,0.0021368
1500.0,1.6026E-6,5.3734E-6,1.5437E-5,3.8522E-5,8.4307E-5,1.685E-4,3.161E-4,5.6489E-4,7.8312E-4,9.6395E-4,0.0011799
PGV
r\m,4.0,4.5,5.0,5.5,6.0,6.5,7.0,7.5,7.8,8.0,8.2
0.0,11.364,17.449,25.666,32.671,42.161,57.455,84.546,122.1,154.02,180.47,210.68
1.0,8.1317,14.044,22.199,29.604,39.372,54.858,81.957,120.03,152.05,177.11,203.9
5.0,1.3261,3.2913,7.5822,15.049,26.6,43.911,71.635,110.65,142.77,167.43,193.6
10.0,0.41707,1.1015,2.7917,6.5522,14.414,29.17,54.629,92.826,125.12,150.92,180.32
15.0,0.20743,0.56045,1.4637,3.6211,8.6729,19.528,40.287,75.08,105.84,131.29,161.89
20.0,0.12486,0.3422,0.91047,2.3053,5.757,13.737,30.308,60.667,88.904,112.77,141.82
25.0,0.08056,0.22294,0.60165,1.5496,3.9601,9.8619,23.156,49.278,74.546,96.558,124.09
30.0,0.057367,0.15965,0.43498,1.1286,2.9145,7.4391,18.237,40.497,63.148,83.355,109.16
40.0,0.034499,0.097286,0.26783,0.70144,1.8451,4.8212,12.298,29.07,46.712,62.937,84.153
50.0,0.023555,0.067159,0.1861,0.48949,1.3035,3.4505,9.0505,22.508,37.233,51.26,70.07
60.0,0.019193,0.055136,0.15372,0.40538,1.0833,2.8849,7.64,19.241,32.126,44.537,61.306
70.0,0.016079,0.046514,0.13036,0.34469,0.92398,2.4735,6.5976,16.811,28.274,39.383,54.466
80.0,0.013835,0.04029,0.11354,0.30091,0.80954,2.1774,5.8611,15.098,25.553,35.756,49.69
90.0,0.012545,0.036744,0.10389,0.27606,0.74316,2.0066,5.4143,14.062,23.808,33.321,46.317
100.0,0.011451,0.033726,0.095724,0.25489,0.68748,1.8609,5.0349,13.16,22.29,31.207,43.385
110.0,0.010517,0.031138,0.088714,0.23693,0.63964,1.7388,4.7157,12.388,20.982,29.391,40.871
120.0,0.0096891,0.028873,0.082602,0.22117,0.59873,1.6315,4.4272,11.701,19.83,27.777,38.643
130.0,0.0089305,0.026753,0.076828,0.20634,0.55911,1.5251,4.1494,11.025,18.701,26.216,36.494
140.0,0.0082222,0.024799,0.071556,0.1926,0.52132,1.4263,3.8926,10.395,17.658,24.779,34.532
150.0,0.0075898,0.023015,0.066657,0.17993,0.48741,1.3402,3.6689,9.8408,16.742,23.517,32.821
175.0,0.0062488,0.019212,0.056247,0.1527,0.41532,1.1506,3.1725,8.6034,14.678,20.652,28.864
200.0,0.0052142,0.016242,0.047984,0.1309,0.35727,0.99756,2.7677,7.5798,12.961,18.274,25.585
250.0,0.0035567,0.011325,0.034255,0.094713,0.26494,0.75354,2.1235,5.9123,10.319,14.724,20.859
300.0,0.0025236,0.0081963,0.025315,0.071023,0.20329,0.58723,1.6858,4.7616,8.3949,12.083,17.273
350.0,0.0018388,0.0060911,0.019219,0.055011,0.15995,0.46877,1.3672,3.9086,6.9697,10.118,14.589
400.0,0.0013602,0.0046174,0.014935,0.043381,0.12809,0.38006,1.1268,3.2543,5.8669,8.5705,12.437
450.0,9.6596E-4,0.0033475,0.011091,0.033379,0.10146,0.3086,0.93249,2.7192,4.9499,7.2896,10.663
500.0,7.0488E-4,0.0024904,0.0084333,0.026141,0.081744,0.25372,0.77992,2.2963,4.2248,6.2574,9.208
600.0,3.973E-4,0.0014587,0.0051166,0.016721,0.054843,0.17682,0.55968,1.6866,3.1405,4.6874,6.9508
700.0,2.3673E-4,9.0005E-4,0.0032593,0.011137,0.037949,0.12607,0.41018,1.2644,2.3886,3.6,5.3906
800.0,1.4661E-4,5.7556E-4,0.0021486,0.0076402,0.02703,0.092665,0.30844,0.96909,1.8513,2.8117,4.2428
1000.0,6.1693E-5,2.5579E-4,0.0010107,0.0038474,0.014523,0.052484,0.1831,0.59987,1.1758,1.8161,2.7867
1200.0,2.8893E-5,1.2579E-4,5.2263E-4,0.0020915,0.0082434,0.03087,0.11164,0.37922,0.75892,1.1878,1.8479
1500.0,9.1865E-6,4.3198E-5,1.9308E-4,8.3606E-4,0.0035321,0.01401,0.053666,0.19285,0.39824,0.63612,1.0102
SA0P01
r\m,4.0,4.5,5.0,5.5,6.0,6.5,7.0,7.5,7.8,8.0,8.2
0.0,0.50462,0.60753,0.69453,0.74085,0.75903,0.75937,0.78286,0.8063,0.81093,0.8086,0.80365
1.0,0.48594,0.60099,0.68799,0.72451,0.728,0.72209,0.74244,0.76814,0.77638,0.77655,0.77331
5.0,0.19309,0.30579,0.42771,0.51987,0.57113,0.59914,0.63433,0.66848,0.68346,0.6881,0.68866
10.0,0.076072,0.13103,0.20712,0.29055,0.36461,0.42884,0.4921,0.54849,0.57574,0.58913,0.59884
15.0,0.039293,0.069851,0.11601,0.17392,0.23813,0.30636,0.37771,0.4411,0.47813,0.49887,0.51726
20.0,0.023645,0.043196,0.073918,0.11507,0.16506,0.22338,0.2891,0.35454,0.39573,0.42019,0.44305
25.0,0.015491,0.028811,0.050292,0.080202,0.11857,0.16616,0.22367,0.28657,0.32822,0.35416,0.37933
30.0,0.011065,0.020903,0.037006,0.060029,0.090447,0.1293,0.17815,0.23514,0.27532,0.30162,0.32803
40.0,0.006627,0.012801,0.02316,0.038485,0.059362,0.087082,0.12324,0.16838,0.20172,0.22463,0.24838
50.0,0.0044537,0.0087552,0.016119,0.027261,0.042714,0.063748,0.091606,0.12769,0.15544,0.17514,0.19608
60.0,0.0033169,0.0066211,0.012352,0.021159,0.033532,0.050464,0.072956,0.10237,0.12523,0.14168,0.15929
70.0,0.002561,0.0051893,0.0097971,0.016982,0.027201,0.041275,0.060136,0.085224,0.1051,0.11969,0.13548
80.0,0.0021372,0.0043746,0.0083368,0.014579,0.023531,0.035917,0.052571,0.074853,0.09256,0.10561,0.11979
90.0,0.0018092,0.0037416,0.0071874,0.012675,0.020612,0.031616,0.046489,0.066458,0.08233,0.094054,0.1068
100.0,0.0015501,0.0032382,0.0062682,0.011139,0.018245,0.028112,0.041508,0.05955,0.073891,0.084496,0.096036
110.0,0.001342,0.0028307,0.0055192,0.00988,0.016289,0.025196,0.037337,0.053729,0.066755,0.07641,0.086946
120.0,0.001172,0.0024957,0.0049003,0.0088329,0.014651,0.022749,0.033827,0.048813,0.060718,0.069554,0.079202
130.0,0.0010286,0.0022096,0.0043699,0.0079294,0.013226,0.020615,0.030746,0.044466,0.055379,0.063494,0.072347
140.0,9.01E-4,0.0019521,0.00389,0.0071047,0.011911,0.018637,0.027877,0.040418,0.050435,0.0579,0.066051
150.0,7.91E-4,0.0017283,0.0034697,0.006375,0.01074,0.016868,0.02531,0.036797,0.046013,0.052897,0.060429
175.0,5.8632E-4,0.0013066,0.0026686,0.0049738,0.0084751,0.013432,0.020299,0.029701,0.037324,0.043047,0.049338
200.0,4.4824E-4,0.0010176,0.0021117,0.0039879,0.0068656,0.01097,0.016686,0.02456,0.031009,0.03588,0.041251
250.0,2.7949E-4,6.5512E-4,0.0013914,0.002686,0.0047097,0.007645,0.011829,0.017678,0.022513,0.026206,0.030317
300.0,1.8665E-4,4.5045E-4,9.7842E-4,0.0019246,0.0034261,0.0056425,0.0088668,0.013427,0.017222,0.020143,0.023422
350.0,1.3101E-4,3.2483E-4,7.2107E-4,0.0014414,0.0026046,0.0043447,0.0069094,0.010586,0.013665,0.016055,0.018755
400.0,9.5365E-5,2.4244E-4,5.4955E-4,0.0011148,0.0020412,0.003446,0.0055366,0.008577,0.011134,0.013133,0.015405
450.0,7.1587E-5,1.8546E-4,4.264E-4,8.7359E-4,0.0016176,0.0027642,0.0044983,0.007069,0.0092258,0.010924,0.012867
500.0,5.4951E-5,1.4499E-4,3.3811E-4,6.9952E-4,0.0013086,0.0022615,0.0037232,0.0059262,0.007773,0.0092351,0.010915
600.0,3.4516E-5,9.4019E-5,2.2456E-4,4.7353E-4,9.026E-4,0.0015896,0.0026708,0.0043416,0.0057477,0.0068722,0.0081806
700.0,2.259E-5,6.3446E-5,1.5498E-4,3.3309E-4,6.4672E-4,0.0011594,0.0019826,0.0032804,0.0043781,0.0052641,0.0062993
800.0,1.538E-5,4.4344E-5,1.1072E-4,2.4233E-4,4.7864E-4,8.717E-4,0.0015154,0.0025472,0.0034223,0.0041332,0.0049679
1000.0,7.6568E-6,2.3132E-5,6.0113E-5,1.3622E-4,2.7705E-4,5.1988E-4,9.2935E-4,0.0016019,0.0021762,0.0026461,0.0032011
1200.0,4.1155E-6,1.2934E-5,3.4868E-5,8.2058E-5,1.7169E-4,3.2995E-4,6.0108E-4,0.001051,0.0014384,0.0017574,0.002136
1500.0,1.6023E-6,5.3719E-6,1.5432E-5,3.851E-5,8.428E-5,1.6844E-4,3.1599E-4,5.647E-4,7.8284E-4,9.636E-4,0.0011794
SA0P02
r\m,4.0,4.5,5.0,5.5,6.0,6.5,7.0,7.5,7.8,8.0,8.2
0.0,0.84317,1.0068,1.1199,1.1455,1.1225,1.0954,1.1088,1.1285,1.1339,1.1327,1.1274
1.0,0.76211,0.9682,1.1092,1.1469,1.1147,1.0797,1.0889,1.1112,1.1204,1.1217,1.1179
5.0,0.29072,0.46961,0.66738,0.82325,0.90441,0.9384,0.98018,1.0203,1.0402,1.0468,1.0472
10.0,0.11858,0.20414,0.3226,0.45448,0.57166,0.67036,0.76596,0.85077,0.89364,0.91537,0.93205
15.0,0.061716,0.1085,0.179,0.26756,0.36621,0.47153,0.5828,0.68272,0.74303,0.77769,0.80957
20.0,0.037014,0.066273,0.11209,0.1729,0.24751,0.33676,0.4401,0.54448,0.61198,0.65298,0.69254
25.0,0.024011,0.043377,0.074532,0.11706,0.17228,0.24409,0.33418,0.43527,0.50356,0.54683,0.59
30.0,0.016937,0.030882,0.053649,0.085373,0.12772,0.18523,0.26086,0.35232,0.41814,0.46199,0.5071
40.0,0.0099218,0.018366,0.032453,0.052598,0.080321,0.1195,0.17426,0.2453,0.29927,0.33707,0.3771
50.0,0.0065448,0.012275,0.022017,0.036191,0.056022,0.084593,0.12556,0.18085,0.22509,0.2572,0.29217
60.0,0.0048091,0.009133,0.016573,0.027546,0.043038,0.065358,0.097363,0.14108,0.17665,0.2029,0.23174
70.0,0.0036497,0.0070205,0.012881,0.021645,0.034147,0.052227,0.078328,0.11481,0.14526,0.16831,0.19402
80.0,0.0030703,0.0059524,0.011006,0.018622,0.029562,0.045428,0.068353,0.10051,0.12743,0.14788,0.17074
90.0,0.0026128,0.0051061,0.0095097,0.016195,0.025865,0.039913,0.060214,0.088809,0.11276,0.13098,0.15139
100.0,0.0022452,0.0044227,0.008296,0.014216,0.022838,0.035378,0.053498,0.079113,0.10057,0.11691,0.13523
110.0,0.0019451,0.0038621,0.0072949,0.012577,0.020317,0.031587,0.04787,0.070947,0.090279,0.10503,0.1216
120.0,0.0016974,0.0033972,0.0064609,0.011206,0.018198,0.028391,0.043112,0.064025,0.081538,0.09492,0.10996
130.0,0.0014857,0.0029972,0.0057388,0.010016,0.016349,0.025582,0.038919,0.057866,0.073737,0.085879,0.099505
140.0,0.0012912,0.0026264,0.0050641,0.0089029,0.014605,0.022923,0.034939,0.052004,0.066342,0.077327,0.089663
150.0,0.0011205,0.0022991,0.0044651,0.0079067,0.013039,0.020526,0.031348,0.046716,0.059669,0.069597,0.080751
175.0,8.0866E-4,0.0016946,0.0033487,0.0060305,0.010066,0.015963,0.024499,0.036638,0.046936,0.054865,0.063797
200.0,6.0271E-4,0.0012889,0.0025892,0.004736,0.0079953,0.012771,0.019698,0.02956,0.037968,0.044459,0.051776
250.0,3.5582E-4,7.8976E-4,0.0016312,0.0030647,0.0052881,0.0085835,0.013427,0.020355,0.026252,0.030819,0.03598
300.0,2.275E-4,5.2232E-4,0.0011067,0.0021284,0.0037423,0.0061603,0.0097564,0.014928,0.019331,0.022756,0.026641
350.0,1.5404E-4,3.6507E-4,7.9275E-4,0.0015554,0.0027809,0.0046355,0.007415,0.011451,0.014887,0.017574,0.02063
400.0,1.0887E-4,2.657E-4,5.9049E-4,0.0011793,0.0021402,0.0036094,0.0058242,0.0090757,0.011844,0.014019,0.0165
450.0,7.9706E-5,1.9898E-4,4.4936E-4,9.0899E-4,0.0016711,0.0028532,0.0046581,0.0073521,0.0096323,0.011432,0.013495
500.0,5.9965E-5,1.5298E-4,3.5096E-4,7.1838E-4,0.001336,0.0023069,0.0038066,0.0060779,0.0079932,0.0095114,0.011257
600.0,3.6435E-5,9.6625E-5,2.2773E-4,4.7662E-4,9.0485E-4,0.0015923,0.0026776,0.0043572,0.0057745,0.0069073,0.0082237
700.0,2.3357E-5,6.4113E-5,1.5503E-4,3.313E-4,6.4124E-4,0.0011483,0.0019638,0.0032495,0.0043374,0.0052143,0.0062374
800.0,1.5653E-5,4.4316E-5,1.0972E-4,2.3908E-4,4.7104E-4,8.5686E-4,0.0014889,0.0025012,0.0033594,0.0040557,0.004872
1000.0,7.6723E-6,2.2866E-5,5.9059E-5,1.3342E-4,2.7086E-4,5.0768E-4,9.0675E-4,0.0015614,0.0021198,0.0025761,0.0031145
1200.0,4.0818E-6,1.2706E-5,3.4105E-5,8.0093E-5,1.6737E-4,3.2132E-4,5.8485E-4,0.0010216,0.0013973,0.0017064,0.0020729
1500.0,1.5783E-6,5.2586E-6,1.5065E-5,3.754E-5,8.2083E-5,1.6392E-4,3.0726E-4,5.4858E-4,7.6009E-4,9.3522E-4,0.0011442
SA0P025
r\m,4.0,4.5,5.0,5.5,6.0,6.5,7.0,7.5,7.8,8.0,8.2
0.0,0.94638,1.1471,1.2841,1.3179,1.2878,1.2521,1.2615,1.2802,1.2863,1.2857,1.2805
1.0,0.82728,1.074,1.2491,1.308,1.2768,1.2352,1.2412,1.2638,1.2743,1.2766,1.2732
5.0,0.31085,0.5081,0.73081,0.917,1.0212,1.0649,1.1128,1.1598,1.184,1.1929,1.1951
10.0,0.12954,0.2244,0.35615,0.50628,0.6425,0.75587,0.86381,0.96171,1.0123,1.0389,1.06
15.0,0.068442,0.1208,0.19959,0.29991,0.4125,0.53144,0.6561,0.76944,0.83892,0.87957,0.91748
20.0,0.041468,0.074357,0.12576,0.19456,0.27928,0.37984,0.49562,0.61327,0.69015,0.73746,0.7835
25.0,0.027105,0.048927,0.08394,0.13194,0.19441,0.27545,0.37668,0.49061,0.56804,0.61757,0.66731
30.0,0.0192,0.0349,0.060466,0.096133,0.14382,0.20878,0.29405,0.39738,0.47199,0.52197,0.57364
40.0,0.011286,0.020764,0.03652,0.058985,0.089949,0.13402,0.19602,0.27659,0.33799,0.38114,0.42703
50.0,0.007454,0.013862,0.024712,0.040406,0.062394,0.094343,0.14075,0.20356,0.25407,0.29085,0.331
60.0,0.0054866,0.010311,0.018576,0.030673,0.047759,0.072609,0.10879,0.15849,0.19924,0.22942,0.26272
70.0,0.0041696,0.0079192,0.014409,0.024022,0.037734,0.057777,0.087218,0.12872,0.1637,0.19032,0.22016
80.0,0.0035242,0.0067402,0.012351,0.020719,0.03273,0.050339,0.076226,0.11285,0.14384,0.1675,0.19409
90.0,0.003011,0.0057991,0.010699,0.018049,0.02867,0.044272,0.067192,0.099789,0.1274,0.14853,0.17233
100.0,0.0025959,0.0050342,0.009351,0.015862,0.025328,0.039258,0.059704,0.088909,0.11367,0.13264,0.15403
110.0,0.0022548,0.0044029,0.0082326,0.014041,0.022531,0.035047,0.053402,0.079699,0.10201,0.11915,0.13851
120.0,0.0019716,0.003877,0.0072969,0.012511,0.020174,0.031485,0.048054,0.071868,0.092077,0.10762,0.12519
130.0,0.0017278,0.0034219,0.0064813,0.011177,0.018108,0.028339,0.043323,0.064865,0.083157,0.097245,0.11315
140.0,0.0015014,0.0029958,0.0057106,0.0099175,0.016143,0.025333,0.038798,0.058146,0.07463,0.087345,0.10172
150.0,0.0013012,0.0026169,0.005022,0.0087837,0.01437,0.022613,0.034697,0.052054,0.066895,0.078347,0.091297
175.0,9.3522E-4,0.0019183,0.0037421,0.0066547,0.011015,0.017452,0.026901,0.040492,0.052187,0.061256,0.071541
200.0,6.935E-4,0.0014501,0.0028737,0.0051902,0.0086874,0.013859,0.021467,0.032411,0.041872,0.049225,0.057569
250.0,4.0346E-4,8.7451E-4,0.0017822,0.003307,0.0056604,0.0091775,0.014409,0.021952,0.028448,0.033503,0.039245
300.0,2.5428E-4,5.6984E-4,0.0011914,0.0022649,0.0039543,0.0065011,0.010324,0.015857,0.020616,0.024334,0.028565
350.0,1.6982E-4,3.9288E-4,8.4216E-4,0.0016348,0.0029035,0.0048334,0.0077481,0.012003,0.015655,0.018519,0.021784
400.0,1.1851E-4,2.8244E-4,6.1984E-4,0.0012259,0.0022113,0.0037237,0.0060184,0.0094011,0.0123,0.014581,0.017187
450.0,8.5749E-5,2.0915E-4,4.6651E-4,9.3544E-4,0.0017105,0.0029166,0.0047673,0.0075385,0.0098952,0.011757,0.013892
500.0,6.3846E-5,1.5924E-4,3.6094E-4,7.3292E-4,0.0013566,0.0023393,0.0038633,0.0061763,0.0081334,0.0096852,0.011469
600.0,3.8045E-5,9.8857E-5,2.3038E-4,4.7906E-4,9.0611E-4,0.0015925,0.0026783,0.0043591,0.0057797,0.0069141,0.0082306
700.0,2.4058E-5,6.4769E-5,1.5513E-4,3.2967E-4,6.3605E-4,0.0011374,0.0019443,0.0032159,0.0042918,0.0051578,0.0061665
800.0,1.5934E-5,4.4354E-5,1.0885E-4,2.3607E-4,4.638E-4,8.4242E-4,0.0014626,0.0024548,0.0032955,0.0039764,0.0047733
1000.0,7.7088E-6,2.2647E-5,5.8067E-5,1.3069E-4,2.6469E-4,4.9534E-4,8.8369E-4,0.0015198,0.0020615,0.0025035,0.0030243
1200.0,4.0602E-6,1.2494E-5,3.3343E-5,7.8072E-5,1.6285E-4,3.1224E-4,5.6763E-4,9.903E-4,0.0013534,0.0016517,0.002005
1500.0,1.5577E-6,5.1449E-6,1.4675E-5,3.6488E-5,7.9676E-5,1.5893E-4,2.9757E-4,5.3062E-4,7.3472E-4,9.0348E-4,0.0011047
SA0P03
r\m,4.0,4.5,5.0,5.5,6.0,6.5,7.0,7.5,7.8,8.0,8.2
0.0,1.0028,1.2352,1.3962,1.446,1.4176,1.3773,1.3837,1.4018,1.4083,1.4083,1.4032
1.0,0.85255,1.128,1.3321,1.4166,1.3954,1.3525,1.3567,1.3805,1.3922,1.3956,1.3928
5.0,0.31673,0.52276,0.75964,0.96832,1.0938,1.148,1.2018,1.256,1.2843,1.2958,1.3002
10.0,0.13445,0.2343,0.37339,0.53538,0.68553,0.80934,0.92521,1.0328,1.0894,1.12,1.1452
15.0,0.072075,0.12783,0.21163,0.31985,0.44221,0.56985,0.70217,0.82385,0.8994,0.94431,0.98661
20.0,0.044154,0.079455,0.13453,0.20901,0.30095,0.40873,0.53152,0.65687,0.73944,0.79082,0.84112
25.0,0.029132,0.052713,0.090444,0.14257,0.21045,0.29764,0.4054,0.52667,0.60945,0.66282,0.71665
30.0,0.020764,0.03778,0.065413,0.10417,0.156,0.22615,0.31739,0.42771,0.50745,0.5611,0.61667
40.0,0.01229,0.022586,0.039644,0.064021,0.097621,0.14532,0.21221,0.29881,0.36481,0.41126,0.46075
50.0,0.0081519,0.015115,0.026859,0.043846,0.067645,0.10221,0.15252,0.22044,0.27506,0.31485,0.35831
60.0,0.0060257,0.011273,0.020223,0.033302,0.051766,0.078655,0.118,0.17203,0.21642,0.24934,0.28568
70.0,0.0046007,0.0086796,0.015708,0.026084,0.040871,0.062555,0.094645,0.13996,0.1783,0.20751,0.24029
80.0,0.0039061,0.0074162,0.013511,0.022562,0.035541,0.05463,0.082918,0.12303,0.15711,0.18318,0.21252
90.0,0.0033512,0.0064018,0.011739,0.019702,0.03119,0.048136,0.073218,0.109,0.13947,0.16284,0.1892
100.0,0.0028997,0.0055729,0.010284,0.017346,0.027591,0.042741,0.065139,0.097257,0.12465,0.14569,0.16948
110.0,0.0025267,0.0048853,0.0090721,0.015375,0.024564,0.038187,0.058303,0.087252,0.11198,0.13102,0.15259
120.0,0.0022154,0.0043099,0.0080534,0.013712,0.022005,0.034321,0.052479,0.078713,0.10114,0.11844,0.13805
130.0,0.0019455,0.0038088,0.0071596,0.012255,0.019752,0.030886,0.047302,0.071037,0.091344,0.10704,0.12481
140.0,0.001693,0.0033363,0.0063078,0.010869,0.017594,0.027583,0.042322,0.063623,0.081919,0.096082,0.11214
150.0,0.0014681,0.0029135,0.0055423,0.009615,0.015638,0.024581,0.037787,0.056869,0.073326,0.086072,0.10054
175.0,0.0010554,0.0021322,0.0041183,0.0072589,0.011938,0.018885,0.029167,0.044047,0.056972,0.067036,0.078493
200.0,7.8169E-4,0.0016075,0.0031511,0.0056381,0.0093727,0.014925,0.023165,0.03509,0.045498,0.05362,0.062874
250.0,4.5162E-4,9.6038E-4,0.0019349,0.0035541,0.0060412,0.009778,0.015381,0.023501,0.030552,0.036058,0.042332
300.0,2.8221E-4,6.1946E-4,0.0012797,0.0024082,0.0041775,0.0068554,0.010902,0.016783,0.02188,0.025873,0.03043
350.0,1.8671E-4,4.2272E-4,8.9506E-4,0.0017206,0.0030365,0.0050453,0.0080962,0.012565,0.016427,0.019461,0.022926
400.0,1.2907E-4,3.0088E-4,6.5217E-4,0.0012778,0.002291,0.0038501,0.0062274,0.0097415,0.012769,0.015155,0.017883
450.0,9.2535E-5,2.2069E-4,4.8607E-4,9.6613E-4,0.0017567,0.0029898,0.0048893,0.0077396,0.010173,0.012097,0.014303
500.0,6.8311E-5,1.6657E-4,3.7279E-4,7.5071E-4,0.0013824,0.0023794,0.0039302,0.0062874,0.0082876,0.0098733,0.011695
600.0,4.0001E-5,1.0172E-4,2.341E-4,4.8328E-4,9.1015E-4,0.0015969,0.0026846,0.0043682,0.0057929,0.0069292,0.0082457
700.0,2.4966E-5,6.5787E-5,1.5581E-4,3.2898E-4,6.3221E-4,0.0011283,0.0019272,0.003185,0.0042489,0.0051037,0.0060971
800.0,1.6339E-5,4.4599E-5,1.0829E-4,2.3346E-4,4.5703E-4,8.2843E-4,0.0014366,0.002408,0.0032302,0.0038948,0.0046709
1000.0,7.7947E-6,2.2497E-5,5.7133E-5,1.2794E-4,2.5831E-4,4.8237E-4,8.5918E-4,0.0014751,0.0019986,0.0024248,0.0029261
1200.0,4.0572E-6,1.2297E-5,3.2557E-5,7.5913E-5,1.5795E-4,3.0227E-4,5.4861E-4,9.5545E-4,0.0013043,0.0015904,0.0019288
1500.0,1.5412E-6,5.0281E-6,1.4249E-5,3.5309E-5,7.6948E-5,1.5323E-4,2.8645E-4,5.0988E-4,7.0537E-4,8.6671E-4,0.0010588
SA0P04
r\m,4.0,4.5,5.0,5.5,6.0,6.5,7.0,7.5,7.8,8.0,8.2
0.0,1.0187,1.2912,1.4893,1.5782,1.5688,1.5288,1.5318,1.5495,1.5561,1.5563,1.5513
1.0,0.8313,1.1327,1.3721,1.503,1.5131,1.4769,1.4808,1.5075,1.5211,1.5258,1.5243
5.0,0.30428,0.50944,0.75142,0.98193,1.1367,1.2081,1.2701,1.3358,1.3701,1.3859,1.3944
10.0,0.13283,0.23383,0.37497,0.54517,0.70858,0.84153,0.96211,1.0788,1.1417,1.1772,1.2076
15.0,0.07295,0.13064,0.21706,0.33137,0.46226,0.59538,0.7301,0.85617,0.9359,0.98444,1.0307
20.0,0.045587,0.08276,0.14051,0.2202,0.31885,0.43121,0.55593,0.68396,0.7692,0.82315,0.87626
25.0,0.03063,0.0559,0.096098,0.15261,0.22615,0.31788,0.42811,0.55166,0.63642,0.69173,0.74777
30.0,0.022124,0.040553,0.070303,0.11266,0.16922,0.24379,0.33823,0.45123,0.53286,0.58807,0.64531
40.0,0.013318,0.024606,0.043183,0.070055,0.107,0.1584,0.229,0.31911,0.38749,0.43564,0.48694
50.0,0.0089373,0.016625,0.029494,0.048287,0.074555,0.1121,0.16602,0.23784,0.29521,0.33693,0.38233
60.0,0.0066811,0.012512,0.02238,0.036905,0.057363,0.086799,0.12954,0.18762,0.23513,0.27029,0.30899
70.0,0.0051697,0.0097327,0.01753,0.029091,0.045522,0.069421,0.10467,0.15406,0.19572,0.22738,0.2628
80.0,0.0044246,0.0083764,0.015179,0.025319,0.039813,0.060975,0.092257,0.13631,0.17368,0.20222,0.23425
90.0,0.0038255,0.007279,0.013269,0.02223,0.035109,0.053994,0.081885,0.12146,0.15516,0.18097,0.21003
100.0,0.0033344,0.006375,0.011689,0.019664,0.031186,0.048145,0.07317,0.10892,0.13944,0.16287,0.18933
110.0,0.0029252,0.0056191,0.010362,0.017499,0.027853,0.043153,0.065703,0.098059,0.12576,0.14709,0.17122
120.0,0.0025809,0.0049816,0.0092378,0.015659,0.025018,0.038885,0.059294,0.088725,0.11397,0.13345,0.15551
130.0,0.0022783,0.00442,0.0082396,0.014029,0.022497,0.035051,0.053538,0.080246,0.10319,0.12094,0.14103
140.0,0.0019925,0.0038852,0.0072776,0.012463,0.020057,0.031326,0.047953,0.071979,0.092721,0.1088,0.12703
150.0,0.0017355,0.003402,0.0064048,0.011033,0.017829,0.027917,0.042828,0.064381,0.083088,0.097601,0.11409
175.0,0.0012574,0.0025,0.004768,0.0083286,0.013592,0.021409,0.033015,0.049846,0.064581,0.076085,0.089203
200.0,9.3595E-4,0.0018879,0.0036471,0.0064567,0.010639,0.016862,0.026147,0.039618,0.051483,0.06077,0.071381
250.0,5.4188E-4,0.0011235,0.0022251,0.0040327,0.0067854,0.010932,0.017188,0.026279,0.034246,0.040486,0.047616
300.0,3.3729E-4,7.1854E-4,0.0014561,0.0026999,0.0046356,0.007571,0.012031,0.018528,0.024213,0.028678,0.033785
350.0,2.2143E-4,4.8487E-4,0.0010056,0.0019036,0.0033234,0.0054953,0.0088107,0.013679,0.01792,0.021258,0.025076
400.0,1.5158E-4,3.4088E-4,7.2281E-4,0.0013943,0.002473,0.0041348,0.0066812,0.010452,0.013723,0.016304,0.019256
450.0,1.0753E-4,2.4682E-4,5.3111E-4,0.0010393,0.00187,0.0031674,0.0051735,0.0081874,0.010775,0.01282,0.015163
500.0,7.8509E-5,1.8395E-4,4.0182E-4,7.9671E-4,0.0014524,0.0024878,0.0041033,0.0065599,0.0086524,0.01031,0.01221
600.0,4.4797E-5,1.0937E-4,2.4539E-4,4.992E-4,9.3161E-4,0.0016272,0.0027297,0.0044329,0.0058764,0.0070242,0.008349
700.0,2.7379E-5,6.9134E-5,1.5985E-4,3.328E-4,6.3396E-4,0.0011258,0.0019177,0.0031606,0.0042104,0.0050503,0.0060218
800.0,1.7547E-5,4.5979E-5,1.0898E-4,2.3183E-4,4.5004E-4,8.1154E-4,0.0014024,0.0023424,0.0031358,0.0037741,0.0045158
1000.0,8.1515E-6,2.2618E-5,5.6133E-5,1.2417E-4,2.4873E-4,4.6195E-4,8.1931E-4,0.0014004,0.0018919,0.0022902,0.0027563
1200.0,4.1391E-6,1.2105E-5,3.1394E-5,7.2408E-5,1.4967E-4,2.8499E-4,5.1503E-4,8.9299E-4,0.0012157,0.0014792,0.0017894
1500.0,1.5373E-6,4.8604E-6,1.3527E-5,3.3197E-5,7.1947E-5,1.4261E-4,2.6549E-4,4.7036E-4,6.4919E-4,7.9605E-4,9.7026E-4
SA0P05
r\m,4.0,4.5,5.0,5.5,6.0,6.5,7.0,7.5,7.8,8.0,8.2
0.0,0.96734,1.2559,1.4732,1.5953,1.6113,1.5781,1.58,1.5974,1.6033,1.6029,1.5976
1.0,0.76836,1.0705,1.321,1.4819,1.5221,1.4969,1.502,1.531,1.5453,1.5505,1.5498
5.0,0.27885,0.47217,0.70316,0.93475,1.102,1.1828,1.248,1.3195,1.3566,1.3746,1.386
10.0,0.12412,0.22051,0.35504,0.52115,0.68467,0.81639,0.93277,1.0489,1.1122,1.1491,1.1813
15.0,0.069394,0.12548,0.20903,0.32147,0.45135,0.58058,0.70836,0.82931,0.90669,0.95453,1.0005
20.0,0.044044,0.080754,0.13745,0.21691,0.31542,0.42455,0.54258,0.66403,0.74541,0.79748,0.84885
25.0,0.030044,0.055422,0.095504,0.15273,0.22707,0.31695,0.42184,0.53874,0.61913,0.67203,0.72568
30.0,0.021957,0.040681,0.070691,0.11406,0.17182,0.24568,0.33648,0.44382,0.52124,0.57375,0.62811
40.0,0.01343,0.025073,0.044095,0.072018,0.11028,0.16203,0.23117,0.318,0.38354,0.42963,0.47866
50.0,0.0091203,0.017132,0.030435,0.050142,0.077593,0.11586,0.16956,0.23989,0.29557,0.33591,0.3796
60.0,0.0068963,0.013028,0.02332,0.038673,0.060236,0.090609,0.13385,0.19175,0.23871,0.27332,0.31122
70.0,0.0054124,0.01026,0.018472,0.030793,0.048248,0.073181,0.10936,0.15934,0.20112,0.23272,0.26786
80.0,0.0046625,0.0088849,0.01609,0.026957,0.042442,0.06466,0.097008,0.14195,0.17979,0.20855,0.24063
90.0,0.0040581,0.0077677,0.014146,0.023798,0.037624,0.057573,0.086609,0.1273,0.16171,0.18796,0.21735
100.0,0.0035601,0.0068424,0.012529,0.021159,0.033582,0.051592,0.077805,0.11482,0.14625,0.17028,0.19728
110.0,0.003143,0.0060645,0.011163,0.018914,0.030114,0.046434,0.070166,0.10385,0.13254,0.15455,0.17934
120.0,0.0027898,0.0054045,0.0099997,0.016997,0.02715,0.041998,0.063564,0.094352,0.12065,0.14088,0.16369
130.0,0.0024758,0.0048168,0.0089552,0.01528,0.024488,0.03797,0.057578,0.085644,0.10968,0.1282,0.1491
140.0,0.0021782,0.0042547,0.0079429,0.013621,0.021895,0.034031,0.051739,0.077104,0.098946,0.11582,0.1349
150.0,0.0019087,0.0037433,0.0070179,0.012095,0.019512,0.030406,0.046345,0.069198,0.089,0.10433,0.12169
175.0,0.0013998,0.0027761,0.005263,0.0091809,0.014939,0.023415,0.0359,0.053892,0.06964,0.081911,0.095872
200.0,0.0010521,0.002111,0.0040467,0.0071425,0.011721,0.018483,0.028514,0.042988,0.055752,0.06573,0.077115
250.0,6.1776E-4,0.0012668,0.0024823,0.0044705,0.0074778,0.011985,0.018761,0.028571,0.037188,0.043936,0.051641
300.0,3.8733E-4,8.1212E-4,0.0016241,0.0029858,0.0050916,0.0082713,0.013091,0.020091,0.026237,0.031062,0.036578
350.0,2.5492E-4,5.4714E-4,0.0011175,0.0020943,0.003628,0.0059663,0.00953,0.014752,0.019315,0.022905,0.027008
400.0,1.7436E-4,3.8306E-4,7.9844E-4,0.0015232,0.0026792,0.0044545,0.0071724,0.011188,0.014682,0.017437,0.020586
450.0,1.2342E-4,2.7584E-4,5.8234E-4,0.001126,0.0020085,0.0033832,0.0055071,0.0086912,0.011431,0.013594,0.016068
500.0,8.9754E-5,2.0423E-4,4.3697E-4,8.5554E-4,0.001546,0.0026335,0.0043287,0.006901,0.0090952,0.01083,0.012814
600.0,5.05E-5,1.1935E-4,2.6167E-4,5.2539E-4,9.7209E-4,0.0016889,0.0028232,0.004569,0.0060488,0.0072215,0.0085697
700.0,3.0462E-5,7.4194E-5,1.6764E-4,3.4436E-4,6.5026E-4,0.0011481,0.0019481,0.0031985,0.0042522,0.0050916,0.0060576
800.0,1.9231E-5,4.8593E-5,1.1243E-4,2.3595E-4,4.5405E-4,8.1391E-4,0.0014003,0.0023285,0.0031095,0.0037346,0.004457
1000.0,8.7473E-6,2.3379E-5,5.6613E-5,1.2357E-4,2.4539E-4,4.5286E-4,7.9908E-4,0.0013588,0.0018297,0.0022091,0.0026511
1200.0,4.3432E-6,1.2254E-5,3.1046E-5,7.0705E-5,1.4503E-4,2.7452E-4,4.9354E-4,8.5133E-4,0.0011553,0.0014023,0.0016916
1500.0,1.5783E-6,4.8244E-6,1.3133E-5,3.1843E-5,6.854E-5,1.3508E-4,2.5019E-4,4.4078E-4,6.0676E-4,7.4223E-4,9.0224E-4
SA0P075
r\m,4.0,4.5,5.0,5.5,6.0,6.5,7.0,7.5,7.8,8.0,8.2
0.0,0.77326,1.0611,1.2826,1.444,1.5063,1.4922,1.4937,1.5095,1.512,1.509,1.5022
1.0,0.59229,0.86748,1.1024,1.2846,1.3667,1.3633,1.3704,1.4001,1.4127,1.4168,1.4162
5.0,0.21302,0.37302,0.56355,0.76718,0.92903,1.0118,1.0724,1.1427,1.1781,1.1964,1.2096
10.0,0.09758,0.17889,0.29004,0.43129,0.57507,0.68868,0.78426,0.8839,0.93891,0.972,1.0018
15.0,0.056077,0.10481,0.17553,0.27281,0.38637,0.4948,0.59712,0.69519,0.75877,0.79885,0.83753
20.0,0.03649,0.069249,0.11857,0.18921,0.27667,0.3685,0.46262,0.55941,0.62468,0.66704,0.70876
25.0,0.02553,0.048883,0.0848,0.13732,0.20513,0.28198,0.36629,0.45895,0.5228,0.56529,0.60828
30.0,0.019048,0.03668,0.064217,0.10503,0.15901,0.22346,0.29776,0.38334,0.4448,0.48658,0.52957
40.0,0.012,0.023326,0.041373,0.068645,0.10569,0.15252,0.21103,0.28199,0.33495,0.37205,0.41131
50.0,0.0083411,0.016323,0.029247,0.049003,0.076307,0.112,0.15899,0.21828,0.26427,0.29731,0.33267
60.0,0.0064514,0.012695,0.022913,0.038661,0.060645,0.089845,0.12905,0.17965,0.21979,0.24908,0.28075
70.0,0.0052128,0.010279,0.01864,0.031598,0.049843,0.074517,0.10839,0.15344,0.19018,0.21758,0.24761
80.0,0.0045411,0.0090012,0.016419,0.027989,0.04438,0.066684,0.097473,0.13869,0.17259,0.198,0.22596
90.0,0.0039996,0.00796,0.014598,0.024995,0.039805,0.060111,0.088181,0.12612,0.15751,0.18113,0.20721
100.0,0.0035511,0.0070924,0.013072,0.022472,0.03593,0.0545,0.080217,0.11528,0.14443,0.16644,0.19085
110.0,0.0031732,0.006358,0.011774,0.0203,0.032545,0.049555,0.073113,0.10539,0.13236,0.1528,0.1755
120.0,0.0028503,0.0057292,0.010659,0.018426,0.029624,0.045256,0.066898,0.096757,0.12179,0.14081,0.16198
130.0,0.0025573,0.0051578,0.0096365,0.016714,0.026947,0.041266,0.061148,0.088684,0.11185,0.12949,0.14914
140.0,0.0022801,0.0046114,0.0086446,0.015051,0.024324,0.037344,0.055517,0.08073,0.10208,0.11838,0.13659
150.0,0.0020271,0.00411,0.0077295,0.013508,0.02189,0.033704,0.050264,0.073282,0.092919,0.10796,0.12481
175.0,0.0015336,0.0031318,0.0059407,0.010477,0.017094,0.026479,0.039772,0.058396,0.074481,0.086878,0.10083
200.0,0.0011848,0.0024375,0.004663,0.0082967,0.013626,0.021231,0.032122,0.047431,0.060786,0.071131,0.082822
250.0,7.3097E-4,0.0015223,0.0029594,0.0053376,0.0088971,0.014079,0.021647,0.032372,0.041727,0.049004,0.057255
300.0,4.7521E-4,0.0010028,0.0019789,0.0036229,0.0061361,0.0098379,0.015316,0.023127,0.029951,0.035276,0.041321
350.0,3.2099E-4,6.8741E-4,0.0013783,0.0025612,0.0043948,0.007131,0.011217,0.017108,0.022239,0.026252,0.030813
400.0,2.2356E-4,4.8619E-4,9.9011E-4,0.0018663,0.0032447,0.0053212,0.0084456,0.012994,0.016942,0.020038,0.023557
450.0,1.6053E-4,3.5238E-4,7.2315E-4,0.0013763,0.0024216,0.0040226,0.006459,0.010063,0.013157,0.015586,0.018348
500.0,1.1776E-4,2.6132E-4,5.4108E-4,0.0010396,0.0018504,0.0031076,0.0050412,0.007939,0.010404,0.01234,0.014541
600.0,6.6303E-5,1.5115E-4,3.1829E-4,6.2455E-4,0.0011366,0.0019475,0.0032146,0.0051403,0.0067656,0.0080436,0.0094991
700.0,3.9765E-5,9.2428E-5,1.9993E-4,4.0019E-4,7.4198E-4,0.0012907,0.0021627,0.0035087,0.0046341,0.0055218,0.0065324
800.0,2.4754E-5,5.938E-5,1.309E-4,2.6711E-4,5.0416E-4,8.8993E-4,0.0015111,0.0024814,0.0032901,0.0039301,0.0046608
1000.0,1.0972E-5,2.7608E-5,6.3382E-5,1.3419E-4,2.6106E-4,4.7383E-4,8.2426E-4,0.0013826,0.0018459,0.0022145,0.0026389
1200.0,5.2521E-6,1.3917E-5,3.3394E-5,7.3727E-5,1.4831E-4,2.7624E-4,4.896E-4,8.3312E-4,0.0011214,0.0013527,0.0016203
1500.0,1.8373E-6,5.2627E-6,1.3546E-5,3.1796E-5,6.7163E-5,1.3025E-4,2.3779E-4,4.1268E-4,5.6414E-4,6.8577E-4,8.2778E-4
SA0P1
r\m,4.0,4.5,5.0,5.5,6.0,6.5,7.0,7.5,7.8,8.0,8.2
0.0,0.60138,0.87641,1.086,1.253,1.3344,1.3317,1.3325,1.3454,1.3446,1.3393,1.3311
1.0,0.45323,0.702,0.91299,1.0874,1.1808,1.1873,1.194,1.2204,1.23,1.2321,1.2306
5.0,0.16269,0.29859,0.45773,0.63102,0.77432,0.84895,0.90066,0.96241,0.99272,1.0086,1.0205
10.0,0.075692,0.14531,0.2382,0.35674,0.47886,0.57382,0.65096,0.73307,0.77837,0.80599,0.83105
15.0,0.044157,0.086521,0.14643,0.22901,0.32552,0.41509,0.49677,0.57522,0.62628,0.65871,0.68996
20.0,0.029139,0.058041,0.10049,0.1615,0.23667,0.31273,0.38771,0.46451,0.51634,0.55016,0.58331
25.0,0.020687,0.041666,0.073143,0.11948,0.17884,0.24313,0.31054,0.38381,0.43427,0.46801,0.502
30.0,0.015626,0.031697,0.056206,0.092848,0.14093,0.19554,0.25558,0.32341,0.37197,0.40497,0.43874
40.0,0.010027,0.020575,0.037012,0.062184,0.096102,0.13678,0.18499,0.24206,0.28433,0.31385,0.34493
50.0,0.0070759,0.014636,0.026613,0.045237,0.070787,0.1025,0.14208,0.19069,0.22787,0.25442,0.28258
60.0,0.0055544,0.011562,0.021188,0.036313,0.057315,0.083871,0.11773,0.1602,0.19336,0.21737,0.24307
70.0,0.0045768,0.0095495,0.017583,0.030301,0.048115,0.071075,0.10102,0.1396,0.17047,0.19325,0.21792
80.0,0.004014,0.0084212,0.015601,0.027057,0.043214,0.064191,0.091723,0.12746,0.1563,0.1777,0.20097
90.0,0.0035615,0.0075029,0.013975,0.024361,0.039096,0.058394,0.083791,0.11707,0.1441,0.16423,0.1862
100.0,0.0031863,0.0067366,0.01261,0.022081,0.035595,0.053421,0.076952,0.10806,0.13345,0.15244,0.17325
110.0,0.0028697,0.0060866,0.011446,0.020106,0.0325,0.048967,0.070719,0.099609,0.12332,0.1411,0.16064
120.0,0.0025982,0.0055277,0.010441,0.018392,0.029815,0.045071,0.06523,0.092186,0.1144,0.1311,0.14948
130.0,0.0023485,0.0050129,0.0095076,0.016803,0.027316,0.0414,0.060078,0.085161,0.10591,0.12154,0.13876
140.0,0.002114,0.004524,0.0086079,0.015267,0.024873,0.037799,0.055047,0.078258,0.097578,0.11218,0.1283
150.0,0.0019,0.0040746,0.007776,0.013837,0.022599,0.03445,0.050341,0.071767,0.089746,0.10339,0.1185
175.0,0.0014728,0.0031772,0.0061104,0.010959,0.018013,0.027636,0.040691,0.058456,0.073551,0.08506,0.097871
200.0,0.0011639,0.0025256,0.0048937,0.0088441,0.01462,0.022563,0.033472,0.048382,0.061198,0.071026,0.08202
250.0,7.5166E-4,0.0016441,0.0032265,0.0058898,0.0098542,0.015429,0.023272,0.03412,0.043463,0.050675,0.05878
300.0,5.0766E-4,0.0011199,0.0022237,0.0041049,0.0069583,0.011034,0.016871,0.02501,0.032038,0.037479,0.043603
350.0,3.5405E-4,7.8855E-4,0.0015852,0.0029601,0.005073,0.0081383,0.012582,0.01886,0.024273,0.028475,0.033216
400.0,2.5321E-4,5.6976E-4,0.0011592,0.0021893,0.003794,0.00615,0.0096017,0.014531,0.018772,0.022075,0.025805
450.0,1.8634E-4,4.2085E-4,8.595E-4,0.0016326,0.0028569,0.0046879,0.0074093,0.011365,0.014732,0.017361,0.020331
500.0,1.3937E-4,3.1655E-4,6.4989E-4,0.0012423,0.002195,0.00364,0.0058157,0.0090236,0.011732,0.013847,0.016235
600.0,8.0538E-5,1.8611E-4,3.8599E-4,7.4977E-4,0.0013509,0.0022854,0.0037189,0.0058658,0.0076646,0.0090693,0.010658
700.0,4.9083E-5,1.1459E-4,2.43E-4,4.797E-4,8.7852E-4,0.0015076,0.0024917,0.0039903,0.0052324,0.0062045,0.0073022
800.0,3.0791E-5,7.367E-5,1.584E-4,3.1776E-4,5.9146E-4,0.0010295,0.0017243,0.0027955,0.0036797,0.0043733,0.0051579
1000.0,1.3679E-5,3.3981E-5,7.5591E-5,1.5668E-4,2.9994E-4,5.3622E-4,9.1966E-4,0.0015227,0.0020169,0.0024063,0.0028504
1200.0,6.4741E-6,1.6826E-5,3.8971E-5,8.4028E-5,1.6627E-4,3.0504E-4,5.3311E-4,8.9559E-4,0.0011963,0.0014352,0.0017088
1500.0,2.236E-6,6.2335E-6,1.5404E-5,3.5183E-5,7.3055E-5,1.3945E-4,2.5097E-4,4.2942E-4,5.8317E-4,7.0485E-4,8.4547E-4
SA0P15
r\m,4.0,4.5,5.0,5.5,6.0,6.5,7.0,7.5,7.8,8.0,8.2
0.0,0.37445,0.61408,0.80594,0.96538,1.0551,1.0615,1.0605,1.0676,1.0626,1.0548,1.0452
1.0,0.27888,0.48342,0.66393,0.81754,0.90938,0.92181,0.92596,0.94491,0.94962,0.94892,0.9458
5.0,0.10033,0.20415,0.32746,0.46188,0.5754,0.63442,0.67226,0.71861,0.74032,0.75161,0.7601
10.0,0.047467,0.10092,0.17249,0.26294,0.35599,0.42631,0.48056,0.53916,0.57113,0.59077,0.60858
15.0,0.028131,0.061118,0.1078,0.17149,0.24515,0.31085,0.36795,0.42242,0.45785,0.4804,0.502
20.0,0.01884,0.041664,0.075236,0.12313,0.18125,0.23724,0.28959,0.34261,0.3783,0.40161,0.42426
25.0,0.013585,0.030455,0.055818,0.093043,0.13992,0.18773,0.23496,0.28539,0.32001,0.3432,0.36639
30.0,0.0104,0.023523,0.043598,0.073633,0.11238,0.15358,0.19607,0.24285,0.27618,0.29878,0.32167
40.0,0.0068112,0.015629,0.029443,0.050766,0.079029,0.11061,0.14543,0.18537,0.21472,0.23509,0.25638
50.0,0.0048891,0.011332,0.021605,0.037801,0.059695,0.085,0.11429,0.14905,0.17519,0.1937,0.21311
60.0,0.0039032,0.0091188,0.017537,0.031007,0.049495,0.071312,0.097115,0.1283,0.15216,0.16926,0.18733
70.0,0.0032898,0.0077134,0.014915,0.02657,0.042721,0.062142,0.085586,0.11455,0.13715,0.15361,0.17116
80.0,0.0029068,0.0068558,0.013345,0.023953,0.038777,0.056761,0.078633,0.10584,0.12728,0.14297,0.15976
90.0,0.0026003,0.0061608,0.012059,0.021782,0.035465,0.052228,0.072703,0.098403,0.11877,0.13374,0.14982
100.0,0.0023465,0.0055812,0.010979,0.019944,0.032645,0.048328,0.067571,0.091922,0.11132,0.12563,0.14107
110.0,0.0021324,0.0050898,0.010059,0.018342,0.030118,0.044764,0.06276,0.085612,0.10392,0.11746,0.1321
120.0,0.0019483,0.004666,0.0092626,0.016946,0.027917,0.041633,0.058497,0.080045,0.097378,0.11023,0.12415
130.0,0.0017766,0.0042693,0.0085109,0.015629,0.025827,0.038623,0.054424,0.074702,0.091073,0.10323,0.11642
140.0,0.0016177,0.0038986,0.0077986,0.014373,0.023807,0.035707,0.050497,0.069517,0.084962,0.096468,0.10897
150.0,0.0014736,0.0035594,0.0071424,0.013206,0.021933,0.033007,0.046838,0.06465,0.079232,0.090152,0.10206
175.0,0.0011779,0.0028619,0.0057873,0.010784,0.018029,0.027324,0.039062,0.05432,0.066962,0.076448,0.086838
200.0,9.5892E-4,0.0023427,0.0047718,0.0089563,0.015056,0.022954,0.033051,0.04624,0.057304,0.065662,0.074863
250.0,6.6016E-4,0.0016225,0.0033384,0.006315,0.010719,0.016549,0.02421,0.034381,0.042945,0.049474,0.056706
300.0,4.7237E-4,0.0011675,0.002424,0.0046214,0.0079199,0.012373,0.018365,0.0264,0.033179,0.038357,0.044101
350.0,3.4718E-4,8.6278E-4,0.0018071,0.0034734,0.0060051,0.0094843,0.01424,0.020711,0.026172,0.030357,0.035017
400.0,2.603E-4,6.5056E-4,0.001374,0.0026619,0.0046425,0.0074058,0.011236,0.016509,0.020957,0.02438,0.028201
450.0,2.007E-4,5.0078E-4,0.0010572,0.0020492,0.0035959,0.0057982,0.0089101,0.013281,0.016933,0.019755,0.02291
500.0,1.563E-4,3.9007E-4,8.2432E-4,0.0016009,0.0028273,0.0046031,0.0071547,0.010799,0.013824,0.016161,0.018774
600.0,9.6554E-5,2.4228E-4,5.1306E-4,0.0010044,0.0018003,0.0029877,0.004736,0.007283,0.0093816,0.011004,0.01282
700.0,6.1885E-5,1.5521E-4,3.3349E-4,6.5931E-4,0.0011963,0.0020113,0.0032417,0.0050693,0.0065585,0.0077119,0.0090005
800.0,4.0375E-5,1.0262E-4,2.2187E-4,4.432E-4,8.1482E-4,0.0013888,0.0022695,0.0035966,0.0046729,0.0055074,0.0064407
1000.0,1.8715E-5,4.8575E-5,1.0744E-4,2.1999E-4,4.1418E-4,7.2381E-4,0.0012113,0.001962,0.0025655,0.0030351,0.0035641
1200.0,9.0325E-6,2.4186E-5,5.522E-5,1.1693E-4,2.2705E-4,4.0689E-4,6.9422E-4,0.0011417,0.0015062,0.0017918,0.0021143
1500.0,3.1935E-6,9.0015E-6,2.1651E-5,4.8146E-5,9.7799E-5,1.8203E-4,3.1968E-4,5.3463E-4,7.1795E-4,8.6011E-4,0.0010219
SA0P2
r\m,4.0,4.5,5.0,5.5,6.0,6.5,7.0,7.5,7.8,8.0,8.2
0.0,0.24842,0.44676,0.62408,0.77709,0.86853,0.88018,0.87879,0.88244,0.8755,0.86682,0.85681
1.0,0.18457,0.34974,0.51016,0.65119,0.73954,0.7549,0.75793,0.77192,0.77383,0.77166,0.76766
5.0,0.066687,0.14762,0.25026,0.36387,0.4605,0.51047,0.54053,0.57714,0.59355,0.60188,0.60801
10.0,0.031845,0.07361,0.13274,0.20804,0.28523,0.34235,0.38465,0.43017,0.45463,0.46961,0.48312
15.0,0.019031,0.044976,0.083661,0.13681,0.19778,0.25074,0.29516,0.33696,0.36401,0.38116,0.39747
20.0,0.012843,0.030917,0.058897,0.099146,0.1475,0.19267,0.23336,0.27401,0.30121,0.31894,0.33602
25.0,0.0093351,0.02281,0.044128,0.075742,0.11514,0.15388,0.19062,0.22923,0.25561,0.27325,0.29077
30.0,0.0071964,0.017758,0.034763,0.06052,0.093428,0.12702,0.16023,0.19608,0.22149,0.23866,0.25593
40.0,0.0047642,0.011946,0.023795,0.042385,0.066812,0.092939,0.1204,0.15123,0.17374,0.1893,0.20547
50.0,0.003451,0.0087517,0.017655,0.031971,0.051184,0.072427,0.095815,0.12293,0.14311,0.15732,0.17211
60.0,0.00278,0.0071131,0.014484,0.026545,0.043014,0.061625,0.082546,0.10721,0.12584,0.13911,0.15301
70.0,0.0023717,0.0060961,0.012488,0.023092,0.037729,0.054568,0.073844,0.097,0.11479,0.12764,0.14122
80.0,0.0021038,0.0054411,0.011223,0.020927,0.034448,0.050157,0.068286,0.090215,0.10722,0.11957,0.13266
90.0,0.0018902,0.0049119,0.010189,0.019135,0.031699,0.04645,0.063563,0.08443,0.10072,0.11258,0.12521
100.0,0.0017134,0.0044713,0.0093224,0.01762,0.029363,0.043262,0.059475,0.079395,0.095021,0.10645,0.11866
110.0,0.0015646,0.0040983,0.008585,0.016296,0.027252,0.040314,0.055574,0.074371,0.089198,0.10007,0.11172
120.0,0.0014365,0.0037765,0.0079465,0.015143,0.025414,0.037721,0.052112,0.069938,0.084055,0.09443,0.10556
130.0,0.0013161,0.0034725,0.0073386,0.014042,0.023648,0.0352,0.04877,0.065651,0.079066,0.08894,0.099548
140.0,0.001206,0.003192,0.006771,0.013006,0.021961,0.032789,0.045592,0.061543,0.074289,0.083698,0.093822
150.0,0.0011067,0.0029371,0.0062514,0.01205,0.020406,0.030576,0.042651,0.057711,0.06984,0.078848,0.088573
175.0,9.0016E-4,0.0024043,0.005159,0.010027,0.017104,0.02582,0.036268,0.049413,0.060118,0.068068,0.076682
200.0,7.4551E-4,0.002003,0.0043307,0.0084819,0.014553,0.0221,0.031247,0.04281,0.052345,0.059478,0.067247
250.0,5.3345E-4,0.0014425,0.0031483,0.0062149,0.01076,0.016525,0.023711,0.032964,0.040624,0.046415,0.052765
300.0,3.9601E-4,0.0010768,0.0023699,0.0047109,0.0082215,0.012768,0.018587,0.026158,0.03243,0.037175,0.042383
350.0,3.0151E-4,8.2355E-4,0.0018262,0.0036556,0.0064315,0.010091,0.014855,0.021147,0.026364,0.030324,0.034692
400.0,2.3376E-4,6.4133E-4,0.001432,0.0028856,0.0051154,0.0081043,0.012053,0.017333,0.021711,0.025051,0.028746
450.0,1.8657E-4,5.1019E-4,0.0011367,0.0022852,0.0040674,0.0065052,0.0097994,0.014297,0.017993,0.020829,0.023975
500.0,1.4996E-4,4.0937E-4,9.1135E-4,0.0018314,0.0032737,0.0052822,0.0080489,0.011895,0.015039,0.01745,0.020127
600.0,9.8138E-5,2.6801E-4,5.9578E-4,0.0012011,0.002172,0.0035684,0.0055479,0.0083649,0.010651,0.012407,0.014358
700.0,6.5982E-5,1.7937E-4,4.0263E-4,8.1651E-4,0.0014904,0.0024788,0.0039208,0.0060177,0.0077017,0.0089977,0.010437
800.0,4.4922E-5,1.2294E-4,2.7657E-4,5.6454E-4,0.001042,0.0017563,0.002818,0.0043876,0.0056419,0.006608,0.0076818
1000.0,2.198E-5,6.084E-5,1.3903E-4,2.8924E-4,5.4505E-4,9.4099E-4,0.0015471,0.0024653,0.0031931,0.0037556,0.0043853
1200.0,1.1042E-5,3.1215E-5,7.3148E-5,1.5665E-4,3.0369E-4,5.3718E-4,9.0088E-4,0.0014588,0.0019069,0.0022553,0.002646
1500.0,4.107E-6,1.2038E-5,2.9404E-5,6.5659E-5,1.3274E-4,2.4347E-4,4.2024E-4,6.918E-4,9.2105E-4,0.0010969,0.0012952
SA0P25
r\m,4.0,4.5,5.0,5.5,6.0,6.5,7.0,7.5,7.8,8.0,8.2
0.0,0.17468,0.33547,0.49601,0.64294,0.73624,0.75367,0.75401,0.75637,0.74883,0.74003,0.73015
1.0,0.12986,0.26228,0.40432,0.53619,0.6231,0.64225,0.64614,0.6576,0.65811,0.65527,0.6509
5.0,0.047134,0.1109,0.19809,0.29816,0.38489,0.43032,0.45648,0.48727,0.5005,0.50701,0.51167
10.0,0.022648,0.055624,0.10556,0.17101,0.23869,0.28843,0.32417,0.36199,0.38197,0.39412,0.40499
15.0,0.013606,0.034176,0.066883,0.11303,0.16622,0.21186,0.24915,0.28362,0.30571,0.31964,0.3328
20.0,0.0092262,0.023613,0.047335,0.082372,0.12462,0.16347,0.19754,0.23103,0.25325,0.26767,0.28146
25.0,0.0067386,0.01752,0.035675,0.063343,0.097933,0.13129,0.16201,0.19379,0.21534,0.22971,0.24389
30.0,0.0052169,0.013706,0.02825,0.050908,0.079953,0.10896,0.13679,0.16628,0.18706,0.20103,0.215
40.0,0.0034767,0.0092903,0.019497,0.035997,0.057766,0.080493,0.10359,0.12906,0.14752,0.16023,0.17338
50.0,0.0025325,0.0068498,0.014565,0.027369,0.044642,0.06327,0.083067,0.1056,0.12221,0.13386,0.1459
60.0,0.0020514,0.0056017,0.012027,0.022896,0.037832,0.054305,0.07217,0.092826,0.10826,0.11921,0.1306
70.0,0.0017629,0.0048394,0.010457,0.020106,0.033519,0.048568,0.06516,0.084664,0.099468,0.1101,0.12125
80.0,0.0015676,0.0043306,0.0094238,0.01828,0.030716,0.044815,0.060495,0.079054,0.09328,0.10354,0.11435
90.0,0.0014122,0.0039205,0.00858,0.016771,0.028372,0.041669,0.056543,0.074284,0.08797,0.097874,0.10834
100.0,0.0012837,0.0035794,0.0078742,0.015497,0.026384,0.038966,0.053127,0.070139,0.083323,0.092907,0.10307
110.0,0.0011756,0.0032909,0.0072742,0.014383,0.02458,0.036447,0.049828,0.065932,0.078484,0.087634,0.097359
120.0,0.0010826,0.0030421,0.0067547,0.013413,0.023009,0.034232,0.046899,0.062223,0.074214,0.08297,0.092296
130.0,9.9468E-4,0.0028057,0.0062576,0.01248,0.021488,0.032063,0.044055,0.05862,0.070056,0.078419,0.087339
140.0,9.1503E-4,0.0025897,0.0057985,0.011612,0.020051,0.030012,0.041379,0.055205,0.066115,0.074117,0.082663
150.0,8.4355E-4,0.0023946,0.0053806,0.010816,0.018734,0.028144,0.038922,0.052039,0.06247,0.07017,0.078423
175.0,6.9353E-4,0.0019824,0.0044924,0.0091106,0.015905,0.024077,0.033514,0.045095,0.054401,0.061261,0.068638
200.0,5.806E-4,0.0016701,0.0038149,0.0077995,0.013701,0.020866,0.029219,0.039517,0.047897,0.054121,0.060847
250.0,4.2583E-4,0.0012338,0.0028445,0.0058647,0.010395,0.015995,0.022706,0.031144,0.038038,0.043217,0.048855
300.0,3.2385E-4,9.4401E-4,0.0021945,0.0045558,0.008133,0.012648,0.018211,0.025281,0.031051,0.035387,0.040107
350.0,2.5252E-4,7.3947E-4,0.0017311,0.0036177,0.0065094,0.010223,0.014877,0.020881,0.025788,0.029486,0.033536
400.0,2.0038E-4,5.8931E-4,0.0013883,0.0029194,0.0052904,0.0083869,0.012328,0.017472,0.021678,0.024866,0.028368
450.0,1.6391E-4,4.803E-4,0.0011283,0.0023634,0.0042944,0.0068657,0.010219,0.014692,0.018316,0.021083,0.024134
500.0,1.3482E-4,3.9419E-4,9.2453E-4,0.0019333,0.0035232,0.0056791,0.0085485,0.01245,0.015598,0.017999,0.020649
600.0,9.2225E-5,2.6924E-4,6.2967E-4,0.0013172,0.0024232,0.0039733,0.0061024,0.0090736,0.011453,0.013272,0.015285
700.0,6.4441E-5,1.8708E-4,4.4053E-4,9.2487E-4,0.0017143,0.0028439,0.0044445,0.0067312,0.0085452,0.009935,0.011472
800.0,4.5498E-5,1.3251E-4,3.1211E-4,6.58E-4,0.0012316,0.0020701,0.0032831,0.0050481,0.0064411,0.0075094,0.0086926
1000.0,2.3389E-5,6.8567E-5,1.6339E-4,3.4978E-4,6.6718E-4,0.001148,0.0018666,0.0029412,0.0037837,0.0044324,0.005156
1200.0,1.2249E-5,3.6457E-5,8.87E-5,1.9485E-4,3.8158E-4,6.7222E-4,0.0011155,0.0017875,0.0023213,0.0027346,0.0031962
1500.0,4.8141E-6,1.4707E-5,3.7017E-5,8.4354E-5,1.7184E-4,3.1355E-4,5.3555E-4,8.7287E-4,0.0011548,0.0013699,0.0016114
SA0P3
r\m,4.0,4.5,5.0,5.5,6.0,6.5,7.0,7.5,7.8,8.0,8.2
0.0,0.12872,0.25891,0.40158,0.54098,0.63558,0.65911,0.66261,0.66528,0.65796,0.64947,0.64
1.0,0.095855,0.20254,0.32717,0.45024,0.53626,0.55974,0.56581,0.57648,0.57648,0.57346,0.56905
5.0,0.034941,0.085869,0.16037,0.24988,0.32986,0.37313,0.39762,0.425,0.43632,0.44174,0.44548
10.0,0.016866,0.043256,0.085767,0.14368,0.20482,0.25011,0.2821,0.31518,0.33233,0.34268,0.35185
15.0,0.01017,0.026681,0.054547,0.095302,0.14306,0.1841,0.21708,0.24703,0.26598,0.27785,0.28898
20.0,0.0069191,0.0185,0.038744,0.069717,0.10764,0.14245,0.17245,0.20147,0.22052,0.23281,0.24449
25.0,0.0050703,0.013779,0.029317,0.053847,0.084963,0.11482,0.14182,0.1693,0.18777,0.20003,0.21207
30.0,0.0039366,0.010814,0.023296,0.043444,0.069648,0.095635,0.12009,0.14558,0.16338,0.1753,0.18716
40.0,0.0026354,0.0073683,0.016167,0.030917,0.050667,0.071104,0.09142,0.11345,0.12931,0.14017,0.15137
50.0,0.0019269,0.0054563,0.012133,0.023634,0.039385,0.056211,0.073674,0.093235,0.10752,0.1175,0.12776
60.0,0.0015667,0.0044806,0.010064,0.019871,0.033565,0.048527,0.064368,0.082385,0.095721,0.10513,0.11487
70.0,0.001353,0.0038917,0.0087991,0.01756,0.029941,0.043692,0.058473,0.075543,0.088362,0.097522,0.10708
80.0,0.001205,0.0034887,0.0079444,0.016,0.027505,0.040421,0.05443,0.070721,0.083079,0.091947,0.10124
90.0,0.0010875,0.0031643,0.0072471,0.014713,0.02547,0.037683,0.051014,0.066632,0.078555,0.087137,0.096157
100.0,9.9043E-4,0.0028948,0.0066643,0.013627,0.023748,0.035334,0.048064,0.063082,0.0746,0.082929,0.091716
110.0,9.088E-4,0.002667,0.0061695,0.012677,0.02218,0.033133,0.045192,0.059437,0.070425,0.078393,0.086815
120.0,8.3856E-4,0.0024706,0.0057412,0.01185,0.020815,0.031199,0.042642,0.056225,0.066744,0.074385,0.082478
130.0,7.7195E-4,0.0022833,0.0053298,0.011051,0.019488,0.029295,0.040155,0.053097,0.063152,0.070466,0.078224
140.0,7.1196E-4,0.0021133,0.004953,0.010314,0.018243,0.027511,0.037836,0.050156,0.059775,0.066792,0.074243
150.0,6.5835E-4,0.0019605,0.0046118,0.0096416,0.017109,0.025898,0.035721,0.047446,0.05667,0.063445,0.070665
175.0,5.4518E-4,0.0016354,0.003881,0.0081893,0.014653,0.022354,0.031021,0.04145,0.049736,0.055807,0.062297
200.0,4.5972E-4,0.0013883,0.0033217,0.0070689,0.012732,0.01954,0.027267,0.036606,0.04412,0.049669,0.05563
250.0,3.4288E-4,0.0010437,0.0025206,0.0054124,0.0098371,0.015242,0.021543,0.029318,0.035598,0.040293,0.045373
300.0,2.6516E-4,8.1253E-4,0.0019787,0.0042787,0.0078283,0.012255,0.017563,0.024183,0.029519,0.033506,0.03782
350.0,2.1024E-4,6.4741E-4,0.0015873,0.0034552,0.0063717,0.010069,0.014579,0.020286,0.024894,0.028347,0.032108
400.0,1.6961E-4,5.2468E-4,0.0012942,0.0028345,0.005263,0.0083939,0.012271,0.017234,0.021245,0.024268,0.027572
450.0,1.4123E-4,4.3536E-4,0.0010706,0.0023333,0.0043405,0.0069758,0.010322,0.014704,0.018213,0.02088,0.023806
500.0,1.1816E-4,3.6345E-4,8.9197E-4,0.0019394,0.003615,0.0058545,0.0087594,0.012639,0.015734,0.018083,0.020666
600.0,8.3588E-5,2.5657E-4,6.2759E-4,0.0013626,0.0025605,0.0042147,0.0064327,0.009479,0.011891,0.013728,0.015753
700.0,6.0188E-5,1.8377E-4,4.5184E-4,9.832E-4,0.0018591,0.0030947,0.0048064,0.0072164,0.0091083,0.010553,0.012147
800.0,4.3764E-5,1.3382E-4,3.288E-4,7.1742E-4,0.0013688,0.0023082,0.0036386,0.0055496,0.0070418,0.0081829,0.0094437
1000.0,2.3451E-5,7.2034E-5,1.7866E-4,3.9491E-4,7.6687E-4,0.0013236,0.0021401,0.0033485,0.0042876,0.0050093,0.0058126
1200.0,1.275E-5,3.9635E-5,1.0011E-4,2.2657E-4,4.5103E-4,7.9649E-4,0.0013149,0.0020939,0.002707,0.0031808,0.0037087
1500.0,5.2739E-6,1.6726E-5,4.3484E-5,1.0174E-4,2.1026E-4,3.8429E-4,6.532E-4,0.0010589,0.0013947,0.0016505,0.001937
SA0P4
r\m,4.0,4.5,5.0,5.5,6.0,6.5,7.0,7.5,7.8,8.0,8.2
0.0,0.077591,0.16534,0.27536,0.39634,0.48966,0.52363,0.53488,0.54081,0.53526,0.52807,0.51987
1.0,0.058039,0.12976,0.22475,0.32978,0.4124,0.44357,0.45546,0.46735,0.46784,0.46526,0.46136
5.0,0.021318,0.055335,0.11053,0.18305,0.25293,0.29442,0.31854,0.34295,0.35256,0.35698,0.35989
10.0,0.010358,0.028054,0.059438,0.10568,0.15743,0.19752,0.22591,0.25397,0.26809,0.27644,0.28372
15.0,0.0062775,0.017397,0.037995,0.070435,0.11041,0.14581,0.17416,0.19922,0.21463,0.22415,0.23296
20.0,0.0042894,0.012119,0.027115,0.051779,0.083449,0.11323,0.13871,0.16276,0.17817,0.18801,0.19724
25.0,0.0031567,0.0090706,0.020622,0.040214,0.066236,0.091695,0.11447,0.13708,0.15199,0.16179,0.17131
30.0,0.0024599,0.007149,0.016459,0.032603,0.054574,0.076712,0.097273,0.11818,0.13252,0.14204,0.1514
40.0,0.0016563,0.0049033,0.011504,0.023391,0.040041,0.057488,0.074529,0.092579,0.10535,0.11403,0.12291
50.0,0.001217,0.003651,0.0086841,0.018001,0.031354,0.04577,0.060433,0.076484,0.088004,0.095986,0.10412
60.0,9.9407E-4,0.0030139,0.007243,0.015231,0.026908,0.039798,0.053161,0.068012,0.07881,0.086367,0.094122
70.0,8.637E-4,0.0026354,0.0063773,0.013566,0.024205,0.036129,0.048656,0.062768,0.073168,0.080536,0.088153
80.0,7.7091E-4,0.0023678,0.0057716,0.012394,0.022303,0.033531,0.045437,0.058949,0.06901,0.076167,0.0836
90.0,6.9732E-4,0.0021529,0.0052779,0.01143,0.020719,0.031362,0.042728,0.055719,0.065457,0.072406,0.079645
100.0,6.3656E-4,0.0019745,0.0048658,0.010617,0.01938,0.029505,0.040393,0.052922,0.062357,0.069123,0.076199
110.0,5.8553E-4,0.0018239,0.0045164,0.0099059,0.018157,0.027753,0.038095,0.050005,0.059027,0.065514,0.072311
120.0,5.4162E-4,0.001694,0.004214,0.0092868,0.017094,0.026214,0.036055,0.047438,0.056095,0.062329,0.068876
130.0,4.9979E-4,0.0015696,0.0039223,0.0086859,0.016053,0.024691,0.034055,0.044928,0.053225,0.059208,0.065499
140.0,4.6241E-4,0.0014577,0.0036581,0.0081372,0.015088,0.023281,0.032213,0.042599,0.050558,0.056315,0.062374
150.0,4.292E-4,0.0013578,0.0034205,0.0076408,0.014217,0.02202,0.030552,0.04047,0.048129,0.053708,0.059603
175.0,3.5859E-4,0.0011434,0.0029068,0.0065576,0.012311,0.019219,0.026814,0.03571,0.042643,0.047676,0.053008
200.0,3.051E-4,9.7985E-4,0.0025125,0.0057195,0.010813,0.016982,0.023809,0.03184,0.038179,0.042818,0.047757
250.0,2.3236E-4,7.5305E-4,0.0019492,0.004481,0.0085504,0.013544,0.019209,0.02602,0.031418,0.035421,0.039716
300.0,1.8351E-4,5.9933E-4,0.0015645,0.0036233,0.0069562,0.011127,0.015992,0.021905,0.026576,0.030035,0.033745
350.0,1.4864E-4,4.8819E-4,0.0012829,0.0029913,0.005789,0.0093426,0.013554,0.018748,0.022859,0.025912,0.02921
400.0,1.2251E-4,4.0447E-4,0.0010692,0.0025084,0.004887,0.0079572,0.011649,0.016251,0.019899,0.022626,0.025582
450.0,1.0442E-4,3.4374E-4,9.0569E-4,0.0021124,0.0041191,0.0067508,0.0099974,0.014139,0.017394,0.019851,0.022527
500.0,8.9353E-5,2.9366E-4,7.7212E-4,0.0017951,0.0035035,0.0057816,0.008653,0.012392,0.015324,0.017533,0.019946
600.0,6.6165E-5,2.1709E-4,5.6893E-4,0.0013184,0.0025893,0.0043373,0.006618,0.0096815,0.012064,0.013869,0.015847
700.0,4.9687E-5,1.6247E-4,4.272E-4,9.9065E-4,0.0019549,0.0033094,0.0051371,0.0076592,0.0096072,0.011088,0.012715
800.0,3.7694E-5,1.233E-4,3.2386E-4,7.5186E-4,0.0014957,0.0025644,0.004041,0.0061244,0.0077254,0.0089449,0.010288
1000.0,2.1489E-5,7.0581E-5,1.8685E-4,4.3828E-4,8.8624E-4,0.0015549,0.0025145,0.0039161,0.0049919,0.0058169,0.0067331
1200.0,1.2394E-5,4.1118E-5,1.1059E-4,2.6498E-4,5.481E-4,9.83E-4,0.0016243,0.0025773,0.003318,0.0038892,0.0045249
1500.0,5.5714E-6,1.8764E-5,5.1675E-5,1.2749E-4,2.7308E-4,5.0641E-4,8.6212E-4,0.0013955,0.0018303,0.0021618,0.0025328
SA0P5
r\m,4.0,4.5,5.0,5.5,6.0,6.5,7.0,7.5,7.8,8.0,8.2
0.0,0.05154,0.11349,0.19835,0.30057,0.38827,0.42874,0.44696,0.45723,0.45414,0.4486,0.44192
1.0,0.038728,0.08943,0.16243,0.2506,0.32729,0.36325,0.38051,0.39501,0.39686,0.39522,0.39221
5.0,0.014317,0.038352,0.080227,0.13942,0.2008,0.24095,0.26581,0.28949,0.29872,0.30294,0.3057
10.0,0.0069889,0.019535,0.043321,0.080763,0.12527,0.16185,0.1886,0.21436,0.22707,0.2345,0.24089
15.0,0.0042501,0.012158,0.02779,0.054005,0.088102,0.11973,0.14561,0.16828,0.18189,0.19022,0.19783
20.0,0.0029123,0.008496,0.019894,0.039827,0.066785,0.093198,0.11617,0.13764,0.15113,0.15967,0.1676
25.0,0.0021491,0.0063785,0.015178,0.031037,0.053189,0.075684,0.096069,0.1161,0.12907,0.13754,0.1457
30.0,0.0016786,0.0050405,0.012148,0.025239,0.043959,0.063487,0.081816,0.10025,0.11269,0.12088,0.12889
40.0,0.0011344,0.0034715,0.0085281,0.018197,0.03242,0.047803,0.062926,0.078774,0.089827,0.097283,0.10486
50.0,8.36E-4,0.0025938,0.0064611,0.014062,0.025498,0.03822,0.051211,0.065282,0.075236,0.082089,0.089031
60.0,6.8484E-4,0.0021481,0.0054072,0.011943,0.021974,0.033374,0.045229,0.058263,0.067605,0.074102,0.080727
70.0,5.9717E-4,0.0018858,0.0047809,0.010687,0.019865,0.030443,0.041576,0.053971,0.062972,0.069306,0.075812
80.0,5.3374E-4,0.0016968,0.0043333,0.0097809,0.018338,0.028308,0.038899,0.05078,0.0595,0.065662,0.072022
90.0,4.8348E-4,0.0015452,0.0039687,0.0090352,0.017068,0.026528,0.03665,0.048087,0.056538,0.06253,0.068732
100.0,4.4199E-4,0.0014193,0.0036644,0.0084073,0.015996,0.025006,0.034715,0.045758,0.053957,0.059799,0.065871
110.0,4.0716E-4,0.0013131,0.0034067,0.007858,0.015014,0.023563,0.032797,0.043305,0.051153,0.056761,0.062599
120.0,3.7718E-4,0.0012216,0.0031837,0.0073799,0.014161,0.022297,0.031095,0.041148,0.048687,0.054082,0.059711
130.0,3.4855E-4,0.0011336,0.0029679,0.006914,0.013322,0.021039,0.029421,0.039035,0.046269,0.051453,0.05687
140.0,3.2309E-4,0.0010549,0.0027739,0.0064918,0.012551,0.019884,0.027892,0.03709,0.044039,0.049034,0.054258
150.0,3.0055E-4,9.8491E-4,0.0026002,0.0061118,0.011859,0.01886,0.026523,0.035323,0.042021,0.04687,0.051963
175.0,2.5241E-4,8.3402E-4,0.0022225,0.0052775,0.010335,0.016568,0.02342,0.031346,0.037432,0.041822,0.046442
200.0,2.1588E-4,7.1874E-4,0.0019322,0.0046313,0.009136,0.014732,0.020919,0.028103,0.033691,0.037754,0.042052
250.0,1.6644E-4,5.5962E-4,0.0015187,0.0036784,0.0073248,0.011905,0.017085,0.023236,0.028042,0.031586,0.035363
300.0,1.3309E-4,4.5128E-4,0.0012354,0.003015,0.0060388,0.0099076,0.014402,0.019797,0.023997,0.027089,0.030382
350.0,1.0918E-4,3.7252E-4,0.0010265,0.0025228,0.0050941,0.0084288,0.012361,0.017149,0.020884,0.023642,0.026602
400.0,9.1158E-5,3.1283E-4,8.6714E-4,0.0021445,0.0043589,0.0072748,0.010759,0.015048,0.018399,0.02089,0.023574
450.0,7.8802E-5,2.6982E-4,7.4551E-4,0.0018319,0.0037248,0.0062523,0.00935,0.013251,0.016275,0.018548,0.02101
500.0,6.8378E-5,2.3388E-4,6.4485E-4,0.0015789,0.003211,0.0054243,0.0081946,0.011756,0.014515,0.016584,0.018832
600.0,5.2109E-5,1.7809E-4,4.8964E-4,0.0011938,0.0024405,0.0041806,0.0064351,0.0094302,0.011732,0.013468,0.015365
700.0,4.0203E-5,1.372E-4,3.7817E-4,9.2199E-4,0.0018921,0.0032741,0.0051252,0.0076545,0.0095878,0.011053,0.012658
800.0,3.1363E-5,1.0708E-4,2.9492E-4,7.1931E-4,0.0014873,0.002606,0.0041413,0.0062892,0.0079233,0.009165,0.01053
1000.0,1.8645E-5,6.4011E-5,1.7767E-4,4.3727E-4,9.1846E-4,0.0016465,0.0026859,0.004196,0.0053473,0.0062296,0.0072085
1200.0,1.1213E-5,3.8903E-5,1.0965E-4,2.7537E-4,5.9087E-4,0.0010821,0.0018044,0.0028741,0.0036996,0.0043363,0.0050449
1500.0,5.3568E-6,1.8854E-5,5.432E-5,1.4022E-4,3.1106E-4,5.887E-4,0.0010119,0.0016476,0.0021603,0.0025528,0.0029925
SA0P75
r\m,4.0,4.5,5.0,5.5,6.0,6.5,7.0,7.5,7.8,8.0,8.2
0.0,0.023788,0.054541,0.1023,0.16881,0.23718,0.28097,0.30881,0.32764,0.33021,0.3285,0.32539
1.0,0.018054,0.043404,0.084534,0.14179,0.20105,0.23907,0.26378,0.28384,0.28934,0.29021,0.28961
5.0,0.0067587,0.018841,0.0422,0.07953,0.12401,0.15915,0.18471,0.2084,0.21817,0.22286,0.22617
10.0,0.0033256,0.0096759,0.022962,0.046374,0.077764,0.10729,0.13137,0.15453,0.16602,0.17267,0.17836
15.0,0.0020335,0.0060576,0.014815,0.031179,0.054951,0.079667,0.1017,0.12154,0.13318,0.14024,0.14662
20.0,0.0013996,0.004253,0.010657,0.023106,0.041843,0.062241,0.081371,0.099614,0.11084,0.11789,0.12437
25.0,0.0010369,0.0032075,0.0081691,0.018095,0.033486,0.050749,0.067496,0.084213,0.094839,0.10172,0.10828
30.0,8.1267E-4,0.0025444,0.0065644,0.014778,0.027795,0.04273,0.057658,0.072885,0.082959,0.089544,0.095919
40.0,5.5212E-4,0.001763,0.0046379,0.01073,0.020647,0.032384,0.04458,0.057511,0.066369,0.072305,0.07828
50.0,4.0867E-4,0.0013238,0.003532,0.0083395,0.016337,0.026041,0.036457,0.047857,0.055788,0.061211,0.066657
60.0,3.3613E-4,0.0011013,0.00297,0.0071203,0.014158,0.022866,0.032366,0.042913,0.050348,0.055483,0.060677
70.0,2.9453E-4,9.7205E-4,0.0026408,0.0064113,0.012883,0.02099,0.029918,0.03994,0.047092,0.052089,0.057178
80.0,2.6377E-4,8.7653E-4,0.0023989,0.0058817,0.011923,0.019568,0.028061,0.037667,0.044597,0.049459,0.054437
90.0,2.3942E-4,7.9993E-4,0.0022018,0.0054465,0.011126,0.018384,0.026506,0.035753,0.042472,0.047203,0.05206
100.0,2.1932E-4,7.3637E-4,0.0020375,0.0050802,0.010454,0.017373,0.025168,0.0341,0.040622,0.045239,0.049998
110.0,2.0245E-4,6.8279E-4,0.0018984,0.0047595,0.0098365,0.016409,0.02383,0.032336,0.038584,0.043017,0.047596
120.0,1.8792E-4,6.3657E-4,0.001778,0.0044804,0.0093005,0.015564,0.022644,0.030787,0.036792,0.04106,0.045478
130.0,1.7399E-4,5.9193E-4,0.0016609,0.004207,0.0087702,0.014719,0.021471,0.029265,0.035032,0.039136,0.043392
140.0,1.6168E-4,5.5232E-4,0.0015567,0.0039616,0.0082874,0.013953,0.020412,0.027878,0.033424,0.037384,0.041492
150.0,1.5082E-4,5.1728E-4,0.0014639,0.0037425,0.0078584,0.013281,0.019474,0.02663,0.031982,0.035832,0.039842
175.0,1.2752E-4,4.412E-4,0.0012606,0.0032571,0.0069051,0.011762,0.017326,0.023796,0.028676,0.032171,0.03582
200.0,1.098E-4,3.8296E-4,0.0011042,0.0028809,0.0061537,0.010543,0.015589,0.021478,0.025975,0.029222,0.032629
250.0,8.5983E-5,3.032E-4,8.8263E-4,0.0023286,0.0050215,0.0086625,0.012928,0.018015,0.02192,0.024781,0.027808
300.0,6.985E-5,2.4868E-4,7.3038E-4,0.0019424,0.0042111,0.0073279,0.011069,0.015578,0.019027,0.021549,0.024214
350.0,5.8243E-5,2.0884E-4,6.1746E-4,0.0016539,0.0036153,0.0063403,0.0096524,0.013697,0.016801,0.019077,0.021501
400.0,4.9443E-5,1.7848E-4,5.3087E-4,0.0014312,0.0031487,0.0055672,0.0085398,0.012206,0.015025,0.017107,0.019336
450.0,4.3534E-5,1.5697E-4,4.6544E-4,0.001246,0.00274,0.0048667,0.007542,0.010915,0.013494,0.015421,0.017496
500.0,3.8468E-5,1.387E-4,4.1049E-4,0.0010945,0.0024051,0.0042954,0.0067194,0.0098392,0.012225,0.014006,0.01593
600.0,3.0457E-5,1.0993E-4,3.2474E-4,8.6125E-4,0.0018996,0.0034346,0.0054678,0.0081747,0.010232,0.011778,0.01346
700.0,2.4371E-5,8.816E-5,2.6089E-4,6.9136E-4,0.0015289,0.0027897,0.0045128,0.0068739,0.0086636,0.010017,0.011496
800.0,1.9759E-5,7.1587E-5,2.1192E-4,5.6138E-4,0.0012499,0.0023083,0.0037893,0.0058706,0.0074424,0.008636,0.009947
1000.0,1.2462E-5,4.5579E-5,1.3613E-4,3.6344E-4,8.2136E-4,0.0015512,0.002614,0.004171,0.0053561,0.0062664,0.007277
1200.0,7.9674E-6,2.9543E-5,8.9678E-5,2.4413E-4,5.6249E-4,0.0010838,0.0018674,0.0030409,0.003945,0.0046448,0.0054258
1500.0,4.1701E-6,1.5738E-5,4.8851E-5,1.3656E-4,3.2459E-4,6.4574E-4,0.0011476,0.001917,0.0025316,0.0030083,0.0035452
SA1P0
r\m,4.0,4.5,5.0,5.5,6.0,6.5,7.0,7.5,7.8,8.0,8.2
0.0,0.013457,0.031488,0.061446,0.10685,0.15893,0.19866,0.22857,0.25138,0.25754,0.25851,0.25799
1.0,0.010295,0.025268,0.051193,0.090413,0.13559,0.16997,0.19617,0.21867,0.22655,0.22925,0.23048
5.0,0.003891,0.011074,0.025791,0.051125,0.084191,0.11377,0.13799,0.16118,0.17144,0.17667,0.18062
10.0,0.0019249,0.0057197,0.014112,0.029961,0.05302,0.076967,0.098407,0.11976,0.13069,0.13711,0.14266
15.0,0.0011812,0.0035944,0.0091392,0.020218,0.03759,0.057305,0.076351,0.094346,0.10499,0.1115,0.1174
20.0,8.1516E-4,0.0025311,0.0065943,0.015029,0.028703,0.044877,0.061203,0.077442,0.087494,0.093834,0.099692
25.0,6.0536E-4,0.001914,0.0050687,0.011803,0.023035,0.036677,0.050861,0.065561,0.07495,0.08105,0.086875
30.0,4.754E-4,0.0015217,0.0040826,0.009663,0.019166,0.030947,0.043523,0.056818,0.065635,0.071423,0.077026
40.0,3.2399E-4,0.0010581,0.002895,0.0070438,0.014294,0.023538,0.03375,0.044938,0.052618,0.057781,0.062971
50.0,2.4041E-4,7.9671E-4,0.0022112,0.0054921,0.011347,0.018985,0.027671,0.037475,0.044311,0.048998,0.053703
60.0,1.9818E-4,6.6446E-4,0.0018642,0.0047024,0.0098631,0.016719,0.024631,0.033682,0.040076,0.044503,0.048977
70.0,1.7409E-4,5.8812E-4,0.0016624,0.0042476,0.0090043,0.015395,0.02283,0.031421,0.037559,0.041855,0.046228
80.0,1.561E-4,5.3102E-4,0.0015122,0.0039023,0.0083452,0.014372,0.021441,0.029667,0.035608,0.039785,0.044057
90.0,1.4185E-4,4.8522E-4,0.0013897,0.0036184,0.0077979,0.01352,0.020278,0.028191,0.033947,0.038008,0.042174
100.0,1.3009E-4,4.4721E-4,0.0012876,0.0033795,0.007337,0.012793,0.019278,0.026917,0.032502,0.036462,0.040541
110.0,1.2021E-4,4.1516E-4,0.0012011,0.0031701,0.0069124,0.012098,0.018273,0.025549,0.030897,0.034699,0.038623
120.0,1.1171E-4,3.8751E-4,0.0011262,0.0029879,0.0065439,0.011488,0.017381,0.024346,0.029486,0.033146,0.036932
130.0,1.0353E-4,3.6073E-4,0.0010532,0.0028088,0.006178,0.010876,0.016497,0.023164,0.028099,0.031618,0.035264
140.0,9.6322E-5,3.3704E-4,9.8849E-4,0.0026488,0.0058465,0.010325,0.015704,0.022092,0.026839,0.030233,0.033752
150.0,8.9981E-5,3.1613E-4,9.3106E-4,0.0025064,0.0055532,0.0098433,0.015004,0.02113,0.025712,0.029012,0.032447
175.0,7.6325E-5,2.7059E-4,8.0471E-4,0.0021897,0.0048987,0.0087511,0.013396,0.01894,0.023119,0.026116,0.029243
200.0,6.5931E-5,2.3569E-4,7.0737E-4,0.001944,0.0043823,0.0078726,0.012092,0.017145,0.020998,0.023784,0.026704
250.0,5.2009E-5,1.8808E-4,5.6994E-4,0.0015843,0.0036055,0.0065178,0.010096,0.014469,0.017824,0.020285,0.022885
300.0,4.2563E-5,1.5549E-4,4.7544E-4,0.0013324,0.0030476,0.0055548,0.0087037,0.012592,0.015565,0.017742,0.020039
350.0,3.576E-5,1.3164E-4,4.052E-4,0.0011439,0.0026378,0.0048433,0.0076442,0.011144,0.01383,0.015801,0.017899
400.0,3.0592E-5,1.1343E-4,3.5127E-4,9.9814E-4,0.0023164,0.0042864,0.0068127,0.0099984,0.012448,0.01426,0.016197
450.0,2.7168E-5,1.0068E-4,3.1084E-4,8.7684E-4,0.002033,0.0037766,0.0060607,0.0090022,0.011253,0.012938,0.014751
500.0,2.4211E-5,8.9774E-5,2.7669E-4,7.7722E-4,0.0017998,0.00336,0.0054402,0.0081723,0.010267,0.011833,0.013523
600.0,1.9518E-5,7.2533E-5,2.2328E-4,6.235E-4,0.001448,0.002734,0.0045009,0.0069001,0.0087298,0.010108,0.011608
700.0,1.5893E-5,5.9317E-5,1.8288E-4,5.1012E-4,0.001187,0.0022602,0.0037783,0.0058991,0.0075149,0.0087404,0.010082
800.0,1.3129E-5,4.9122E-5,1.5162E-4,4.2264E-4,9.898E-4,0.0019067,0.0032331,0.0051337,0.0065775,0.007678,0.008889
1000.0,8.5242E-6,3.2287E-5,1.0065E-4,2.8265E-4,6.7155E-4,0.0013222,0.0023006,0.0037634,0.0048869,0.0057545,0.0067203
1200.0,5.621E-6,2.1642E-5,6.8653E-5,1.9656E-4,4.7557E-4,9.5439E-4,0.0016976,0.0028346,0.0037182,0.0044065,0.0051779
1500.0,3.0842E-6,1.2129E-5,3.9405E-5,1.1587E-4,2.8888E-4,5.9811E-4,0.0010973,0.0018829,0.0025127,0.0030073,0.0035675
SA1P5
r\m,4.0,4.5,5.0,5.5,6.0,6.5,7.0,7.5,7.8,8.0,8.2
0.0,0.0058176,0.013976,0.028638,0.053182,0.085255,0.11495,0.14186,0.16563,0.1748,0.17847,0.18081
1.0,0.004507,0.011364,0.024177,0.045569,0.073581,0.099382,0.12287,0.14526,0.15495,0.15945,0.16269
5.0,0.0017276,0.0050545,0.012359,0.026121,0.046247,0.067238,0.087247,0.10795,0.11816,0.12379,0.12841
10.0,8.6114E-4,0.0026314,0.0068164,0.015424,0.029322,0.045756,0.062529,0.080539,0.090409,0.09641,0.10175
15.0,5.3094E-4,0.0016622,0.0044375,0.010461,0.020886,0.034205,0.04868,0.063625,0.072807,0.078574,0.083915
20.0,3.6772E-4,0.001175,0.0032145,0.0078069,0.016008,0.026874,0.039127,0.05234,0.060791,0.066245,0.071372
25.0,2.739E-4,8.9146E-4,0.0024793,0.006153,0.01289,0.022028,0.032594,0.044395,0.052162,0.057307,0.062283
30.0,2.1563E-4,7.1068E-4,0.0020027,0.0050522,0.010757,0.018635,0.027952,0.03854,0.045747,0.050567,0.055288
40.0,1.4752E-4,4.9628E-4,0.0014266,0.0037003,0.0080601,0.014234,0.021751,0.030569,0.036766,0.041003,0.045295
50.0,1.098E-4,3.7496E-4,0.0010935,0.0028959,0.0064224,0.011521,0.017886,0.025555,0.031028,0.034838,0.038696
60.0,9.0756E-5,3.1364E-4,9.2471E-4,0.0024876,0.0056012,0.010178,0.015966,0.023026,0.028125,0.031708,0.03536
70.0,7.9945E-5,2.7846E-4,8.2725E-4,0.0022547,0.0051313,0.0094022,0.014841,0.02153,0.026412,0.029875,0.033429
80.0,7.1793E-5,2.5184E-4,7.5375E-4,0.002075,0.0047639,0.0087914,0.013958,0.020354,0.025069,0.028429,0.031892
90.0,6.5335E-5,2.3047E-4,6.9378E-4,0.0019272,0.0044587,0.0082831,0.013219,0.019364,0.023925,0.027186,0.030558
100.0,5.9996E-5,2.1272E-4,6.4371E-4,0.0018026,0.0042015,0.0078487,0.012583,0.018509,0.022929,0.026105,0.0294
110.0,5.5512E-5,1.9775E-4,6.0131E-4,0.0016934,0.0039639,0.0074315,0.01194,0.017584,0.021814,0.024861,0.028027
120.0,5.1647E-5,1.8482E-4,5.6456E-4,0.0015982,0.0037576,0.0070653,0.011369,0.016771,0.020834,0.023765,0.026817
130.0,4.7921E-5,1.7226E-4,5.2863E-4,0.0015043,0.003552,0.0066969,0.010802,0.01597,0.019869,0.022685,0.025622
140.0,4.4642E-5,1.6117E-4,4.9687E-4,0.0014208,0.0033664,0.0063662,0.010295,0.015247,0.018995,0.021709,0.024543
150.0,4.1763E-5,1.5141E-4,4.6875E-4,0.0013466,0.0032029,0.0060789,0.0098502,0.0146,0.018217,0.020853,0.023616
175.0,3.5541E-5,1.3006E-4,4.0663E-4,0.0011809,0.0028361,0.0054239,0.0088217,0.013122,0.016418,0.018812,0.021326
200.0,3.0799E-5,1.1367E-4,3.5871E-4,0.0010522,0.0025465,0.0048961,0.0079864,0.011908,0.014945,0.017167,0.019511
250.0,2.4466E-5,9.1396E-5,2.9121E-4,8.6426E-4,0.0021111,0.0040815,0.0067076,0.010101,0.012746,0.014708,0.016793
300.0,2.016E-5,7.6122E-5,2.4476E-4,7.3238E-4,0.0017974,0.0035015,0.0058171,0.0088369,0.011184,0.012922,0.014766
350.0,1.7056E-5,6.4928E-5,2.1016E-4,6.3347E-4,0.0015672,0.0030738,0.0051397,0.0078619,0.0099854,0.011562,0.013248
400.0,1.4695E-5,5.6373E-5,1.8358E-4,5.57E-4,0.0013864,0.0027393,0.0046091,0.0070924,0.009034,0.010485,0.012045
450.0,1.3152E-5,5.0456E-5,1.6384E-4,4.9332E-4,0.0012262,0.0024301,0.0041257,0.006421,0.0082095,0.0095619,0.011025
500.0,1.1811E-5,4.5369E-5,1.4707E-4,4.4089E-4,0.0010939,0.0021772,0.0037269,0.0058628,0.0075315,0.0087921,0.010161
600.0,9.6796E-6,3.7308E-5,1.2087E-4,3.6E-4,8.9491E-4,0.0017992,0.0031277,0.0050172,0.0064876,0.0076074,0.0088328
700.0,8.008E-6,3.1066E-5,1.0079E-4,2.9975E-4,7.4596E-4,0.0015111,0.0026647,0.0043501,0.0056624,0.0066689,0.0077776
800.0,6.73E-6,2.62E-5,8.5168E-5,2.5306E-4,6.3352E-4,0.0012973,0.0023189,0.0038483,0.0050368,0.0059532,0.0069688
1000.0,4.4871E-6,1.7738E-5,5.8313E-5,1.7447E-4,4.4276E-4,9.2578E-4,0.0016963,0.0028993,0.0038467,0.0045877,0.0054192
1200.0,3.045E-6,1.2275E-5,4.1121E-5,1.2543E-4,3.2372E-4,6.8897E-4,0.0012895,0.0022489,0.0030129,0.0036161,0.0042985
1500.0,1.7465E-6,7.2238E-6,2.4839E-5,7.7855E-5,2.0675E-4,4.5337E-4,8.7463E-4,0.0015694,0.0021368,0.002591,0.0031111
SA2P0
r\m,4.0,4.5,5.0,5.5,6.0,6.5,7.0,7.5,7.8,8.0,8.2
0.0,0.0031033,0.007615,0.016143,0.031337,0.052862,0.075178,0.097694,0.11951,0.12924,0.13389,0.13743
1.0,0.0024276,0.0062551,0.013771,0.027124,0.046061,0.06557,0.085298,0.10557,0.11534,0.12039,0.12443
5.0,9.4056E-4,0.0028136,0.0071195,0.015718,0.029244,0.044774,0.061072,0.079037,0.088562,0.09409,0.098844
10.0,4.7139E-4,0.0014733,0.0039496,0.0093338,0.01864,0.030614,0.043951,0.059176,0.067985,0.073506,0.078555
15.0,2.9162E-4,9.3398E-4,0.0025807,0.0063535,0.013322,0.022955,0.034307,0.046854,0.05486,0.060021,0.064897
20.0,2.0247E-4,6.6198E-4,0.0018745,0.0047544,0.010237,0.018077,0.02763,0.038609,0.045875,0.050674,0.055268
25.0,1.5111E-4,5.0335E-4,0.0014491,0.0037558,0.0082619,0.014847,0.023055,0.032793,0.039411,0.043887,0.048281
30.0,1.1916E-4,4.02E-4,0.0011727,0.0030898,0.0069074,0.012581,0.0198,0.028501,0.0346,0.038761,0.042894
40.0,8.1735E-5,2.8152E-4,8.3778E-4,0.0022698,0.005191,0.0096354,0.015442,0.022649,0.027853,0.031478,0.035191
50.0,6.0958E-5,2.1316E-4,6.4363E-4,0.0017806,0.0041459,0.0078155,0.012722,0.018963,0.023538,0.026778,0.030097
60.0,5.047E-5,1.7863E-4,5.4534E-4,0.0015326,0.003623,0.0069173,0.011375,0.01711,0.021363,0.0244,0.027532
70.0,4.4532E-5,1.5889E-4,4.8878E-4,0.0013919,0.0033256,0.0064019,0.01059,0.016019,0.020084,0.023013,0.026052
80.0,4.0032E-5,1.4385E-4,4.4585E-4,0.0012824,0.0030909,0.0059921,0.0099686,0.015156,0.019075,0.021912,0.024868
90.0,3.6465E-5,1.3178E-4,4.108E-4,0.0011923,0.0028958,0.0056509,0.0094484,0.014428,0.018215,0.020965,0.023839
100.0,3.3514E-5,1.2174E-4,3.8151E-4,0.0011163,0.0027313,0.0053591,0.0090006,0.013799,0.017466,0.020141,0.022945
110.0,3.1035E-5,1.1327E-4,3.5668E-4,0.0010495,0.002579,0.0050779,0.0085461,0.013116,0.016624,0.019188,0.021881
120.0,2.8895E-5,1.0595E-4,3.3515E-4,9.9135E-4,0.0024467,0.0048311,0.0081422,0.012515,0.015883,0.018348,0.020942
130.0,2.6829E-5,9.882E-5,3.1406E-4,9.3381E-4,0.0023144,0.004582,0.0077402,0.011922,0.015152,0.017519,0.020014
140.0,2.5012E-5,9.2535E-5,2.9543E-4,8.8266E-4,0.0021953,0.0043589,0.0073815,0.011388,0.014491,0.016772,0.019177
150.0,2.3417E-5,8.7005E-5,2.7895E-4,8.3734E-4,0.0020904,0.0041655,0.0070671,0.010911,0.013904,0.016117,0.018459
175.0,1.9964E-5,7.4878E-5,2.4246E-4,7.3575E-4,0.0018547,0.0037233,0.0063385,0.0098175,0.012543,0.014552,0.016681
200.0,1.7328E-5,6.556E-5,2.1427E-4,6.5678E-4,0.0016682,0.0033664,0.0057459,0.0089181,0.011427,0.013289,0.015271
250.0,1.3812E-5,5.2908E-5,1.746E-4,5.4148E-4,0.001388,0.0028151,0.0048381,0.0075803,0.0097626,0.011403,0.013161
300.0,1.1419E-5,4.4221E-5,1.4727E-4,4.6048E-4,0.0011856,0.0024221,0.0042059,0.0066446,0.0085805,0.010033,0.011588
350.0,9.6918E-6,3.7848E-5,1.2689E-4,3.9965E-4,0.0010371,0.0021323,0.003725,0.0059226,0.0076731,0.0089897,0.01041
400.0,8.3767E-6,3.2975E-5,1.1122E-4,3.526E-4,9.2047E-4,0.0019057,0.0033485,0.0053533,0.0069536,0.0081651,0.0094776
450.0,7.5234E-6,2.9625E-5,9.9633E-5,3.1341E-4,8.1675E-4,0.0016954,0.0030044,0.0048558,0.0063297,0.0074578,0.0086877
500.0,6.7798E-6,2.6737E-5,8.9775E-5,2.8111E-4,7.3103E-4,0.0015233,0.0027206,0.0044427,0.0058176,0.0068691,0.0080198
600.0,5.5965E-6,2.2159E-5,7.4373E-5,2.3131E-4,6.0233E-4,0.0012668,0.0022958,0.0038205,0.0050338,0.0059691,0.0070007
700.0,4.6623E-6,1.8598E-5,6.2507E-5,1.9407E-4,5.0565E-4,0.0010709,0.0019672,0.0033296,0.004415,0.0052576,0.0061931
800.0,3.9477E-6,1.5812E-5,5.3265E-5,1.6519E-4,4.3281E-4,9.2613E-4,0.0017235,0.0029641,0.0039508,0.0047209,0.0055811
1000.0,2.662E-6,1.0843E-5,3.6961E-5,1.1538E-4,3.0626E-4,6.6859E-4,0.0012743,0.0022556,0.0030472,0.0036739,0.0043828
1200.0,1.8289E-6,7.6088E-6,2.6448E-5,8.416E-5,2.2699E-4,5.0387E-4,9.8016E-4,0.0017693,0.0024124,0.0029264,0.0035128
1500.0,1.0691E-6,4.5746E-6,1.6341E-5,5.3439E-5,1.4815E-4,3.3846E-4,6.78E-4,0.0012592,0.0017433,0.0021364,0.0025907
SA3P0
r\m,4.0,4.5,5.0,5.5,6.0,6.5,7.0,7.5,7.8,8.0,8.2
0.0,0.001208,0.003077,0.0068701,0.014215,0.025773,0.03954,0.055386,0.072652,0.081581,0.086478,0.090659
1.0,9.59E-4,0.0025671,0.0059541,0.012497,0.022794,0.03497,0.048979,0.064919,0.073595,0.07857,0.082904
5.0,3.7762E-4,0.0011744,0.0031315,0.0073643,0.014703,0.024234,0.035542,0.049195,0.057155,0.062076,0.066546
10.0,1.9079E-4,6.2022E-4,0.0017523,0.0044103,0.009447,0.016692,0.025747,0.037047,0.044111,0.048743,0.053142
15.0,1.186E-4,3.9522E-4,0.001151,0.0030178,0.0067855,0.012573,0.020179,0.029435,0.035709,0.039921,0.044027
20.0,8.2639E-5,2.8118E-4,8.3928E-4,0.0022669,0.0052334,0.009934,0.016299,0.024317,0.029929,0.033776,0.03757
25.0,6.1851E-5,2.1445E-4,6.5082E-4,0.0017964,0.0042363,0.0081812,0.013633,0.020695,0.025758,0.029301,0.032872
30.0,4.8886E-5,1.7169E-4,5.2803E-4,0.0014817,0.0035506,0.0069484,0.011731,0.018017,0.022647,0.025915,0.029241
40.0,3.3652E-5,1.207E-4,3.7873E-4,0.0010929,0.0026788,0.0053408,0.0091777,0.014355,0.018273,0.02109,0.024037
50.0,2.5167E-5,9.1667E-5,2.9186E-4,8.6E-4,0.002146,0.0043441,0.0075791,0.012043,0.01547,0.01797,0.020588
60.0,2.0885E-5,7.7007E-5,2.4791E-4,7.4212E-4,0.0018801,0.0038539,0.0067908,0.010885,0.014062,0.016398,0.018858
70.0,1.8467E-5,6.8652E-5,2.2273E-4,6.756E-4,0.0017299,0.0035746,0.006334,0.010207,0.013237,0.015484,0.017862
80.0,1.6626E-5,6.2253E-5,2.0349E-4,6.2344E-4,0.0016102,0.0033503,0.0059693,0.0096657,0.012583,0.014754,0.017062
90.0,1.5164E-5,5.7108E-5,1.8775E-4,5.8044E-4,0.0015106,0.0031633,0.0056636,0.0092094,0.012024,0.014125,0.016365
100.0,1.3953E-5,5.2824E-5,1.7458E-4,5.4412E-4,0.0014265,0.0030032,0.0054001,0.0088143,0.011537,0.013577,0.015758
110.0,1.2935E-5,4.9204E-5,1.634E-4,5.1217E-4,0.0013484,0.0028483,0.0051313,0.0083828,0.010985,0.012939,0.015032
120.0,1.2055E-5,4.6071E-5,1.537E-4,4.8428E-4,0.0012804,0.0027121,0.0048922,0.0080027,0.0105,0.012377,0.014391
130.0,1.1203E-5,4.3012E-5,1.4416E-4,4.566E-4,0.0012123,0.0025743,0.0046535,0.0076268,0.01002,0.011821,0.013756
140.0,1.0454E-5,4.0316E-5,1.3575E-4,4.3201E-4,0.0011509,0.0024509,0.0044407,0.0072885,0.0095867,0.01132,0.013184
150.0,9.7962E-6,3.7944E-5,1.2831E-4,4.1024E-4,0.001097,0.0023442,0.0042545,0.006987,0.0092019,0.010882,0.012694
175.0,8.3687E-6,3.2727E-5,1.1177E-4,3.6126E-4,9.7535E-4,0.0020992,0.0038215,0.0062931,0.0083077,0.0098311,0.011476
200.0,7.2775E-6,2.8711E-5,9.8971E-5,3.2312E-4,8.7894E-4,0.001901,0.0034684,0.0057213,0.0075728,0.0089818,0.010509
250.0,5.8218E-6,2.3259E-5,8.0956E-5,2.6741E-4,7.3387E-4,0.0015943,0.0029267,0.00487,0.0064762,0.0077125,0.0090615
300.0,4.8287E-6,1.9508E-5,6.8521E-5,2.2817E-4,6.2875E-4,0.0013752,0.002549,0.004274,0.0056965,0.0067893,0.0079802
350.0,4.1109E-6,1.6751E-5,5.9226E-5,1.9864E-4,5.5158E-4,0.0012135,0.0022615,0.0038136,0.0050974,0.006086,0.0071703
400.0,3.5636E-6,1.464E-5,5.2074E-5,1.7578E-4,4.9087E-4,0.001087,0.0020362,0.0034504,0.0046223,0.0055299,0.0065291
450.0,3.2106E-6,1.3197E-5,4.6805E-5,1.5673E-4,4.3673E-4,9.6909E-4,0.0018297,0.0031326,0.00421,0.0050528,0.0059863
500.0,2.902E-6,1.1949E-5,4.231E-5,1.41E-4,3.9191E-4,8.7256E-4,0.0016594,0.0028688,0.0038719,0.0046561,0.0055275
600.0,2.4104E-6,9.9696E-6,3.5291E-5,1.1677E-4,3.2474E-4,7.2897E-4,0.0014052,0.0024733,0.0033567,0.0040524,0.0048313
700.0,2.0197E-6,8.424E-6,2.9854E-5,9.8564E-5,2.741E-4,6.1905E-4,0.0012084,0.0021612,0.0029504,0.003576,0.0042809
800.0,1.7208E-6,7.2097E-6,2.5616E-5,8.4452E-5,2.3603E-4,5.382E-4,0.0010634,0.0019308,0.0026483,0.0032201,0.003868
1000.0,1.1706E-6,4.9944E-6,1.7962E-5,5.9568E-5,1.685E-4,3.9147E-4,7.9095E-4,0.0014763,0.002051,0.0025154,0.003048
1200.0,8.1194E-7,3.5429E-6,1.2999E-5,4.3929E-5,1.2611E-4,2.9746E-4,6.1257E-4,0.0011645,0.0016314,0.0020121,0.0024523
1500.0,4.8148E-7,2.1654E-6,8.1722E-6,2.8374E-5,8.3591E-5,2.0256E-4,4.2878E-4,8.3776E-4,0.0011899,0.001482,0.0018242
SA4P0
r\m,4.0,4.5,5.0,5.5,6.0,6.5,7.0,7.5,7.8,8.0,8.2
0.0,5.9118E-4,0.0015565,0.0036223,0.0078659,0.015039,0.024387,0.036096,0.049876,0.057628,0.062176,0.066262
1.0,4.7467E-4,0.0013141,0.0031774,0.0069978,0.013453,0.021802,0.032237,0.044969,0.052429,0.05695,0.061067
5.0,1.8922E-4,6.0895E-4,0.001693,0.0041768,0.008785,0.015282,0.023641,0.034402,0.041081,0.045381,0.049421
10.0,9.6178E-5,3.2363E-4,9.5346E-4,0.0025172,0.0056784,0.010585,0.017213,0.026024,0.031838,0.035776,0.039616
15.0,6.0007E-5,2.0701E-4,6.2871E-4,0.001729,0.0040936,0.008,0.013531,0.020733,0.025838,0.029369,0.032894
20.0,4.1919E-5,1.4768E-4,4.5972E-4,0.0013024,0.0031656,0.0063363,0.010953,0.01716,0.021694,0.02489,0.028113
25.0,3.1439E-5,1.1288E-4,3.5728E-4,0.0010344,0.0025679,0.0052285,0.0091773,0.014626,0.018696,0.021619,0.024626
30.0,2.489E-5,9.0533E-5,2.9039E-4,8.5467E-4,0.002156,0.0044477,0.0079081,0.012749,0.016455,0.01914,0.021927
40.0,1.7179E-5,6.3821E-5,2.0888E-4,6.3218E-4,0.0016311,0.0034272,0.0062005,0.010176,0.0133,0.015601,0.01805
50.0,1.2873E-5,4.8572E-5,1.6131E-4,4.9856E-4,0.0013094,0.002793,0.0051291,0.0085494,0.011273,0.013308,0.015476
60.0,1.07E-5,4.0875E-5,1.3726E-4,4.3098E-4,0.0011491,0.0024817,0.0046019,0.0077366,0.010257,0.012155,0.014187
70.0,9.4751E-6,3.6496E-5,1.2351E-4,3.9297E-4,0.0010589,0.002305,0.0042975,0.0072612,0.0096639,0.011486,0.013447
80.0,8.5395E-6,3.3132E-5,1.1297E-4,3.6303E-4,9.867E-4,0.0021625,0.0040534,0.006881,0.0091914,0.01095,0.01285
90.0,7.7962E-6,3.0424E-5,1.0434E-4,3.3833E-4,9.265E-4,0.0020435,0.0038485,0.0065597,0.0087874,0.010487,0.012329
100.0,7.1798E-6,2.8167E-5,9.7106E-5,3.1743E-4,8.7565E-4,0.0019415,0.0036716,0.0062812,0.0084341,0.010083,0.011875
110.0,6.6608E-6,2.6258E-5,9.0963E-5,2.9903E-4,8.2829E-4,0.0018425,0.0034906,0.0059759,0.0080332,0.0096121,0.01133
120.0,6.2119E-6,2.4604E-5,8.5624E-5,2.8294E-4,7.8707E-4,0.0017554,0.0033295,0.0057067,0.0076799,0.0091958,0.010848
130.0,5.7765E-6,2.2985E-5,8.0362E-5,2.6694E-4,7.4562E-4,0.001667,0.0031682,0.0054401,0.0073304,0.0087841,0.01037
140.0,5.3935E-6,2.1558E-5,7.5719E-5,2.5272E-4,7.083E-4,0.0015879,0.0030245,0.0052002,0.0070148,0.0084131,0.0099398
150.0,5.0573E-6,2.0302E-5,7.1614E-5,2.4013E-4,6.7551E-4,0.0015195,0.0028988,0.0049863,0.0067345,0.0080886,0.0095713
175.0,4.326E-6,1.7535E-5,6.2468E-5,2.1174E-4,6.0131E-4,0.0013621,0.0026058,0.0044933,0.0060819,0.0073085,0.0086531
200.0,3.7662E-6,1.5401E-5,5.5381E-5,1.896E-4,5.4244E-4,0.0012346,0.0023664,0.0040863,0.0055446,0.0066774,0.0079236
250.0,3.019E-6,1.2504E-5,4.5396E-5,1.5723E-4,4.5373E-4,0.0010369,0.0019987,0.0034797,0.0047421,0.0057331,0.0068303
300.0,2.5083E-6,1.0506E-5,3.8492E-5,1.3439E-4,3.8929E-4,8.9529E-4,0.0017419,0.0030543,0.0041706,0.0050452,0.006012
350.0,2.1388E-6,9.0363E-6,3.3322E-5,1.1716E-4,3.4194E-4,7.9075E-4,0.0015461,0.0027253,0.003731,0.0045205,0.0053985
400.0,1.8566E-6,7.9092E-6,2.9339E-5,1.0381E-4,3.0463E-4,7.0886E-4,0.0013926,0.0024655,0.003382,0.0041052,0.0049123
450.0,1.675E-6,7.1402E-6,2.6409E-5,9.2679E-5,2.7131E-4,6.3236E-4,0.0012516,0.002238,0.0030789,0.0037488,0.0045005
500.0,1.516E-6,6.4741E-6,2.3905E-5,8.3476E-5,2.4369E-4,5.697E-4,0.0011353,0.002049,0.0028304,0.0034523,0.0041525
600.0,1.2624E-6,5.4163E-6,1.9993E-5,6.9295E-5,2.023E-4,4.7653E-4,9.6186E-4,0.001766,0.0024519,0.0030016,0.0036247
700.0,1.0602E-6,4.5885E-6,1.6954E-5,5.8619E-5,1.7104E-4,4.051E-4,8.2747E-4,0.0015426,0.0021535,0.002646,0.0032078
800.0,9.0541E-7,3.9368E-6,1.4584E-5,5.0338E-5,1.4755E-4,3.5264E-4,7.2859E-4,0.0013782,0.0019322,0.002381,0.0028957
1000.0,6.1769E-7,2.7361E-6,1.026E-5,3.5603E-5,1.0554E-4,2.5674E-4,5.4178E-4,0.0010522,0.0014933,0.0018554,0.0022753
1200.0,4.2965E-7,1.9475E-6,7.4504E-6,2.6333E-5,7.915E-5,1.9527E-4,4.1952E-4,8.2888E-4,0.0011853,0.0014804,0.0018253
1500.0,2.5578E-7,1.1959E-6,4.7064E-6,1.7082E-5,5.2626E-5,1.3318E-4,2.9364E-4,5.9555E-4,8.624E-4,0.0010871,0.001353
SA5P0
r\m,4.0,4.5,5.0,5.5,6.0,6.5,7.0,7.5,7.8,8.0,8.2
0.0,3.279E-4,8.8975E-4,0.0021461,0.0048523,0.0096904,0.016438,0.025442,0.036675,0.043382,0.047493,0.05131
1.0,2.6576E-4,7.5853E-4,0.0019013,0.0043593,0.0087508,0.014826,0.022909,0.033315,0.039745,0.043795,0.047593
5.0,1.0702E-4,3.5525E-4,0.001024,0.0026294,0.0057721,0.010492,0.016947,0.025689,0.031374,0.035146,0.038779
10.0,5.4669E-5,1.8978E-4,5.7968E-4,0.0015928,0.0037494,0.0073001,0.012391,0.019506,0.024401,0.0278,0.031184
15.0,3.421E-5,1.2177E-4,3.8344E-4,0.0010975,0.0027109,0.0055326,0.009765,0.015574,0.019842,0.022866,0.02594
20.0,2.3949E-5,8.7064E-5,2.8101E-4,8.2854E-4,0.0021009,0.0043907,0.0079187,0.012911,0.016684,0.019404,0.022198
25.0,1.7991E-5,6.6662E-5,2.1878E-4,6.5918E-4,0.0017071,0.0036287,0.0066439,0.011017,0.014394,0.016872,0.019463
30.0,1.4263E-5,5.3541E-5,1.7808E-4,5.4544E-4,0.0014352,0.0030907,0.0057316,0.0096123,0.01268,0.014949,0.017343
40.0,9.8646E-6,3.7827E-5,1.2838E-4,4.0435E-4,0.0010881,0.0023862,0.0045017,0.007684,0.010262,0.0122,0.014293
50.0,7.4041E-6,2.8838E-5,9.9314E-5,3.1943E-4,8.7495E-4,0.0019476,0.0037287,0.0064628,0.0087066,0.010416,0.012265
60.0,6.1624E-6,2.4302E-5,8.4627E-5,2.7651E-4,7.6885E-4,0.0017326,0.003349,0.0058536,0.0079287,0.0095206,0.011251
70.0,5.4631E-6,2.1724E-5,7.6241E-5,2.5243E-4,7.0931E-4,0.001611,0.0031303,0.005498,0.0074745,0.0090013,0.010669
80.0,4.928E-6,1.974E-5,6.9799E-5,2.3341E-4,6.6151E-4,0.0015125,0.0029544,0.0052127,0.0071122,0.0085846,0.010198
90.0,4.5026E-6,1.8141E-5,6.4517E-5,2.1769E-4,6.2161E-4,0.0014302,0.0028066,0.0049715,0.006802,0.0082247,0.0097876
100.0,4.1495E-6,1.6807E-5,6.0087E-5,2.0439E-4,5.8787E-4,0.0013595,0.0026789,0.0047621,0.0065303,0.0079097,0.0094293
110.0,3.8518E-6,1.5678E-5,5.6322E-5,1.9266E-4,5.5639E-4,0.0012909,0.0025478,0.0045319,0.0062213,0.0075413,0.0089975
120.0,3.5943E-6,1.4699E-5,5.3047E-5,1.824E-4,5.2897E-4,0.0012304,0.002431,0.0043288,0.0059487,0.0072157,0.0086152
130.0,3.344E-6,1.3739E-5,4.9812E-5,1.7216E-4,5.0134E-4,0.0011688,0.002314,0.0041274,0.0056787,0.0068932,0.0082363
140.0,3.1238E-6,1.2892E-5,4.6958E-5,1.6307E-4,4.7645E-4,0.0011138,0.0022097,0.0039461,0.0054349,0.0066027,0.0078948
150.0,2.9304E-6,1.2147E-5,4.4433E-5,1.5502E-4,4.5458E-4,0.0010662,0.0021184,0.0037844,0.0052182,0.0063483,0.0076023
175.0,2.5091E-6,1.0502E-5,3.8798E-5,1.3682E-4,4.0501E-4,9.5646E-4,0.0019052,0.0034112,0.0047133,0.0057364,0.0068727
200.0,2.1863E-6,9.2325E-6,3.4426E-5,1.2262E-4,3.6562E-4,8.6742E-4,0.0017309,0.0031027,0.004297,0.0052407,0.0062923
250.0,1.7551E-6,7.507E-6,2.826E-5,1.0182E-4,3.0619E-4,7.2915E-4,0.0014626,0.0026424,0.0036746,0.0044982,0.0054215
300.0,1.4599E-6,6.3155E-6,2.399E-5,8.7122E-5,2.6293E-4,6.2997E-4,0.001275,0.0023191,0.0032306,0.0039564,0.0047688
350.0,1.2461E-6,5.4373E-6,2.0788E-5,7.6021E-5,2.3111E-4,5.5665E-4,0.0011318,0.0020687,0.0028886,0.0035426,0.0042787
400.0,1.0826E-6,4.7633E-6,1.8318E-5,6.7408E-5,2.0601E-4,4.9915E-4,0.0010194,0.0018708,0.0026168,0.0032148,0.00389
450.0,9.7753E-7,4.3039E-6,1.6502E-5,6.0218E-5,1.8356E-4,4.4536E-4,9.1612E-4,0.0016974,0.0023807,0.0029333,0.0035606
500.0,8.8535E-7,3.9053E-6,1.4948E-5,5.427E-5,1.6493E-4,4.0128E-4,8.3081E-4,0.0015533,0.0021869,0.0026991,0.0032821
600.0,7.3826E-7,3.2718E-6,1.2519E-5,4.5099E-5,1.3701E-4,3.357E-4,7.0358E-4,0.0013374,0.0018918,0.0023428,0.0028595
700.0,6.2067E-7,2.7752E-6,1.0627E-5,3.8182E-5,1.159E-4,2.8538E-4,6.0493E-4,0.0011668,0.0016591,0.0020617,0.0025256
800.0,5.3059E-7,2.3836E-6,9.1511E-6,3.2815E-5,1.0003E-4,2.4843E-4,5.3237E-4,0.0010413,0.0014865,0.0018522,0.0022757
1000.0,3.6231E-7,1.6584E-6,6.4436E-6,2.322E-5,7.1533E-5,1.8068E-4,3.9506E-4,7.9261E-4,0.0011446,0.0014374,0.0017803
1200.0,2.522E-7,1.1815E-6,4.6829E-6,1.7181E-5,5.3625E-5,1.3724E-4,3.0523E-4,6.2234E-4,9.0503E-4,0.001142,0.0014215
1500.0,1.5022E-7,7.2613E-7,2.9602E-6,1.1146E-5,3.562E-5,9.3395E-5,2.1287E-4,4.4497E-4,6.5458E-4,8.3316E-4,0.0010463
SA7P5
r\m,4.0,4.5,5.0,5.5,6.0,6.5,7.0,7.5,7.8,8.0,8.2
0.0,1.023E-4,2.9645E-4,7.7051E-4,0.0018906,0.0041164,0.0076274,0.01288,0.020167,0.024979,0.028144,0.03124
1.0,8.4469E-5,2.5765E-4,6.9605E-4,0.0017314,0.0037866,0.0070004,0.011786,0.01859,0.023202,0.026297,0.029346
5.0,3.4706E-5,1.2321E-4,3.8284E-4,0.0010662,0.0025477,0.0050469,0.00887,0.014559,0.018585,0.021401,0.024233
10.0,1.7903E-5,6.6491E-5,2.1896E-4,6.5236E-4,0.0016709,0.0035434,0.0065388,0.011137,0.014554,0.017039,0.019609
15.0,1.1268E-5,4.2923E-5,1.4572E-4,4.5219E-4,0.0012151,0.0026999,0.0051783,0.008931,0.011883,0.014069,0.01637
20.0,7.9213E-6,3.0822E-5,1.0726E-4,3.4285E-4,9.4552E-4,0.0021508,0.0042137,0.0074262,0.010019,0.011971,0.014044
25.0,5.9699E-6,2.3679E-5,8.3793E-5,2.7369E-4,7.7076E-4,0.0017828,0.0035448,0.0063519,0.0086625,0.010429,0.012337
30.0,4.7453E-6,1.9071E-5,6.8394E-5,2.2708E-4,6.4972E-4,0.0015222,0.0030646,0.0055523,0.0076441,0.0092553,0.011009
40.0,3.2955E-6,1.3532E-5,4.9519E-5,1.6906E-4,4.9458E-4,0.0011796,0.002415,0.0044512,0.0062023,0.0075712,0.009093
50.0,2.4813E-6,1.035E-5,3.8435E-5,1.3399E-4,3.9893E-4,9.655E-4,0.0020053,0.0037516,0.0052721,0.0064752,0.0078146
60.0,2.0705E-6,8.7449E-6,3.2838E-5,1.1629E-4,3.5143E-4,8.609E-4,0.0018047,0.0034036,0.0048081,0.0059265,0.0071773
70.0,1.8395E-6,7.8352E-6,2.9652E-5,1.064E-4,3.249E-4,8.0198E-4,0.0016896,0.0032012,0.0045379,0.0056089,0.006812
80.0,1.6623E-6,7.1325E-6,2.7196E-5,9.8557E-5,3.035E-4,7.5407E-4,0.0015967,0.0030381,0.0043215,0.0053532,0.0065159
90.0,1.5211E-6,6.5651E-6,2.5177E-5,9.2061E-5,2.856E-4,7.1393E-4,0.0015184,0.0028999,0.0041358,0.0051317,0.0062564
100.0,1.4037E-6,6.0908E-6,2.3481E-5,8.655E-5,2.7043E-4,6.7939E-4,0.0014506,0.0027796,0.0039728,0.0049374,0.0060295
110.0,1.3046E-6,5.6886E-6,2.2036E-5,8.1678E-5,2.5622E-4,6.4567E-4,0.0013807,0.0026467,0.0037863,0.0047089,0.0057547
120.0,1.2187E-6,5.3393E-6,2.0778E-5,7.7408E-5,2.4383E-4,6.1591E-4,0.0013182,0.0025292,0.0036215,0.0045067,0.0055111
130.0,1.1349E-6,4.9956E-6,1.953E-5,7.3133E-5,2.3129E-4,5.8554E-4,0.0012554,0.0024124,0.003458,0.004306,0.0052691
140.0,1.0612E-6,4.6922E-6,1.8428E-5,6.9333E-5,2.1998E-4,5.5834E-4,0.0011994,0.0023071,0.0033102,0.0041249,0.0050508
150.0,9.9631E-7,4.425E-6,1.7452E-5,6.5963E-5,2.1004E-4,5.3481E-4,0.0011504,0.0022132,0.0031788,0.0039664,0.0048637
175.0,8.5467E-7,3.833E-6,1.5267E-5,5.8324E-5,1.8743E-4,4.8037E-4,0.0010356,0.0019959,0.0028717,0.003584,0.0043961
200.0,7.4586E-7,3.375E-6,1.3568E-5,5.2344E-5,1.6942E-4,4.3608E-4,9.4138E-4,0.0018158,0.0026179,0.0032736,0.0040232
250.0,6.003E-7,2.7514E-6,1.1166E-5,4.3567E-5,1.4215E-4,3.6707E-4,7.9602E-4,0.0015462,0.0022374,0.0028073,0.0034623
300.0,5.0033E-7,2.3194E-6,9.497E-6,3.7339E-5,1.2223E-4,3.1739E-4,6.9403E-4,0.0013563,0.0019651,0.0024659,0.0030405
350.0,4.2771E-7,2.0001E-6,8.2413E-6,3.2622E-5,1.0753E-4,2.8056E-4,6.1594E-4,0.0012088,0.0017547,0.0022044,0.0027229
400.0,3.7207E-7,1.7544E-6,7.2707E-6,2.8954E-5,9.5909E-5,2.5161E-4,5.5451E-4,0.0010919,0.0015872,0.0019968,0.0024703
450.0,3.3635E-7,1.587E-6,6.5563E-6,2.5885E-5,8.549E-5,2.2447E-4,4.9799E-4,9.8935E-4,0.0014415,0.0018183,0.002256
500.0,3.0491E-7,1.4414E-6,5.9437E-6,2.3341E-5,7.6831E-5,2.0219E-4,4.5122E-4,9.04E-4,0.0013217,0.0016696,0.0020746
600.0,2.5465E-7,1.2094E-6,4.9843E-6,1.9412E-5,6.3829E-5,1.69E-4,3.8137E-4,7.759E-4,0.0011389,0.0014428,0.0017986
700.0,2.143E-7,1.0269E-6,4.2345E-6,1.644E-5,5.3968E-5,1.4348E-4,3.2712E-4,6.7457E-4,9.9451E-4,0.0012637,0.0015804
800.0,1.8334E-7,8.8271E-7,3.6483E-6,1.413E-5,4.655E-5,1.2472E-4,2.8716E-4,5.9984E-4,8.8721E-4,0.0011299,0.0014166
1000.0,1.2515E-7,6.1395E-7,2.5668E-6,9.9802E-6,3.3186E-5,9.0272E-5,2.1166E-4,4.5253E-4,6.7624E-4,8.6725E-4,0.0010951
1200.0,8.7026E-8,4.3694E-7,1.8627E-6,7.3664E-6,2.4781E-5,6.8185E-5,1.6229E-4,3.5189E-4,5.2881E-4,6.808E-4,8.6328E-4
1500.0,5.1684E-8,2.6772E-7,1.173E-6,4.7542E-6,1.6341E-5,4.5944E-5,1.1175E-4,2.4768E-4,3.7572E-4,4.8733E-4,6.227E-4
SA10P0
r\m,4.0,4.5,5.0,5.5,6.0,6.5,7.0,7.5,7.8,8.0,8.2
0.0,4.1971E-5,1.2845E-4,3.5453E-4,9.276E-4,0.0021591,0.0042796,0.0077207,0.012871,0.016509,0.019015,0.021549
1.0,3.5153E-5,1.133E-4,3.2506E-4,8.6198E-4,0.0020141,0.0039799,0.0071517,0.011996,0.015496,0.017945,0.020436
5.0,1.4668E-5,5.5047E-5,1.8167E-4,5.3918E-4,0.0013757,0.0029102,0.0054528,0.0095071,0.01255,0.01476,0.017047
10.0,7.6227E-6,2.9936E-5,1.0471E-4,3.3243E-4,9.0881E-4,0.0020571,0.0040448,0.0073133,0.0098797,0.01181,0.01386
15.0,4.8193E-6,1.9414E-5,7.0011E-5,2.3147E-4,6.6376E-4,0.0015738,0.003215,0.0058839,0.0080911,0.0097791,0.011602
20.0,3.3986E-6,1.3986E-5,5.1703E-5,1.7607E-4,5.1809E-4,0.0012573,0.0026229,0.0049038,0.0068366,0.0083375,0.0099722
25.0,2.5677E-6,1.0772E-5,4.0493E-5,1.409E-4,4.2335E-4,0.0010445,0.002211,0.0042017,0.0059203,0.0072749,0.0087725
30.0,2.045E-6,8.6939E-6,3.312E-5,1.1715E-4,3.5756E-4,8.9339E-4,0.0019145,0.003678,0.005231,0.0064637,0.007837
40.0,1.4247E-6,6.1887E-6,2.4058E-5,8.7495E-5,2.7301E-4,6.9427E-4,0.0015125,0.0029549,0.0042525,0.0052971,0.0064838
50.0,1.0753E-6,4.7452E-6,1.8719E-5,6.951E-5,2.2071E-4,5.6944E-4,0.0012582,0.0024944,0.0036198,0.0045361,0.0055788
60.0,8.9898E-7,4.0174E-6,1.6025E-5,6.0446E-5,1.9479E-4,5.086E-4,0.001134,0.0022658,0.0033048,0.0041557,0.0051283
70.0,8.0002E-7,3.6056E-6,1.4495E-5,5.5396E-5,1.8036E-4,4.7446E-4,0.001063,0.0021331,0.0031217,0.003936,0.0048705
80.0,7.2391E-7,3.2868E-6,1.3312E-5,5.1381E-5,1.6869E-4,4.4661E-4,0.0010054,0.002026,0.0029748,0.0037587,0.0046611
90.0,6.6321E-7,3.029E-6,1.2339E-5,4.8049E-5,1.5891E-4,4.2323E-4,9.5689E-4,0.001935,0.0028484,0.0036048,0.0044771
100.0,6.1265E-7,2.8132E-6,1.152E-5,4.5218E-5,1.5061E-4,4.0308E-4,9.1477E-4,0.0018557,0.0027372,0.0034694,0.0043158
110.0,5.6992E-7,2.6299E-6,1.0821E-5,4.2711E-5,1.4281E-4,3.8335E-4,8.7117E-4,0.0017677,0.0026096,0.0033097,0.0041199
120.0,5.3283E-7,2.4705E-6,1.0212E-5,4.051E-5,1.36E-4,3.659E-4,8.3216E-4,0.0016898,0.0024966,0.0031681,0.0039459
130.0,4.9658E-7,2.3132E-6,9.6056E-6,3.83E-5,1.2909E-4,3.4805E-4,7.9286E-4,0.0016122,0.0023843,0.0030274,0.0037729
140.0,4.6463E-7,2.1743E-6,9.0699E-6,3.6333E-5,1.2285E-4,3.3204E-4,7.5778E-4,0.0015422,0.0022828,0.0029004,0.0036167
150.0,4.3652E-7,2.0518E-6,8.5952E-6,3.4589E-5,1.1736E-4,3.1819E-4,7.2705E-4,0.0014797,0.0021923,0.002789,0.0034827
175.0,3.7498E-7,1.7798E-6,7.5295E-6,3.0622E-5,1.0485E-4,2.8606E-4,6.5488E-4,0.0013349,0.0019807,0.0025201,0.0031473
200.0,3.2762E-7,1.569E-6,6.699E-6,2.7511E-5,9.4855E-5,2.5986E-4,5.9557E-4,0.0012145,0.0018056,0.0023013,0.0028794
250.0,2.6417E-7,1.2815E-6,5.5228E-6,2.2934E-5,7.9693E-5,2.1894E-4,5.0382E-4,0.0010341,0.0015424,0.0019721,0.0024755
300.0,2.2048E-7,1.0817E-6,4.7033E-6,1.9678E-5,6.8581E-5,1.8939E-4,4.3926E-4,9.066E-4,0.0013535,0.0017303,0.0021711
350.0,1.8867E-7,9.3378E-7,4.0852E-6,1.7205E-5,6.0365E-5,1.6744E-4,3.8972E-4,8.0733E-4,0.0012072,0.0015448,0.0019412
400.0,1.6427E-7,8.1973E-7,3.6066E-6,1.5278E-5,5.3854E-5,1.5015E-4,3.5067E-4,7.2853E-4,0.0010905,0.0013971,0.0017581
450.0,1.4859E-7,7.4198E-7,3.2539E-6,1.3663E-5,4.8007E-5,1.3392E-4,3.147E-4,6.5934E-4,9.8894E-4,0.0012701,0.0016025
500.0,1.3477E-7,6.7421E-7,2.951E-6,1.2323E-5,4.3141E-5,1.2057E-4,2.8491E-4,6.0167E-4,9.053E-4,0.0011641,0.0014707
600.0,1.1263E-7,5.6605E-7,2.4756E-6,1.0249E-5,3.5822E-5,1.0066E-4,2.4033E-4,5.1493E-4,7.774E-4,0.0010022,0.0012697
700.0,9.4806E-8,4.8076E-7,2.1032E-6,8.6758E-6,3.026E-5,8.5326E-5,2.0565E-4,4.4623E-4,6.7629E-4,8.7411E-4,0.0011106
800.0,8.1111E-8,4.132E-7,1.8115E-6,7.4516E-6,2.6069E-5,7.4032E-5,1.8006E-4,3.9543E-4,6.0091E-4,7.7812E-4,9.9081E-4
1000.0,5.5301E-8,2.87E-7,1.2721E-6,5.2496E-6,1.8518E-5,5.3322E-5,1.3187E-4,2.9592E-4,4.5386E-4,5.9141E-4,7.5793E-4
1200.0,3.838E-8,2.0381E-7,9.2072E-7,3.8615E-6,1.3766E-5,4.0041E-5,1.0037E-4,2.2803E-4,3.5134E-4,4.5926E-4,5.906E-4
1500.0,2.2697E-8,1.243E-7,5.7668E-7,2.4757E-6,9.0022E-6,2.6703E-5,6.8244E-5,1.581E-4,2.4549E-4,3.2296E-4,4.1808E-4
