PGA
r\m,4.0,4.5,5.0,5.5,6.0,6.5,7.0,7.5,7.8,8.0,8.2
0.0,0.50871,0.68838,0.84511,0.8916,0.92756,0.96613,1.0017,1.0257,1.0305,1.0291,1.025
1.0,0.47277,0.65779,0.82114,0.87472,0.91468,0.95548,0.99222,1.0168,1.0219,1.0206,1.0166
5.0,0.19581,0.35277,0.54286,0.67347,0.77313,0.85649,0.92015,0.96049,0.97145,0.97294,0.97081
10.0,0.077241,0.15821,0.28521,0.4179,0.54882,0.67776,0.7852,0.8586,0.88342,0.89174,0.89408
15.0,0.040812,0.087439,0.16853,0.26931,0.38433,0.517,0.64433,0.74318,0.78163,0.79741,0.8049
20.0,0.023761,0.052055,0.10336,0.17188,0.25836,0.37027,0.4947,0.61029,0.6652,0.69309,0.7129
25.0,0.015562,0.034543,0.069758,0.11866,0.18387,0.27417,0.3844,0.49982,0.56187,0.59687,0.62509
30.0,0.010965,0.02456,0.050158,0.086578,0.13683,0.20948,0.30385,0.41131,0.47429,0.51237,0.54538
40.0,0.0062466,0.014163,0.02935,0.051595,0.083522,0.13207,0.2,0.28594,0.34227,0.37948,0.42806
50.0,0.0040015,0.009162,0.019212,0.034294,0.056692,0.092381,0.14619,0.22277,0.28038,0.32322,0.36895
60.0,0.003183,0.0073321,0.015473,0.027813,0.04634,0.076221,0.12201,0.18864,0.23987,0.27859,0.32052
70.0,0.0026044,0.0060292,0.01279,0.023118,0.038756,0.064202,0.10367,0.16201,0.2076,0.24249,0.28069
80.0,0.0021754,0.0050575,0.010776,0.019568,0.032972,0.054934,0.089307,0.14075,0.18145,0.21289,0.24762
90.0,0.0018458,0.0043074,0.0092129,0.016797,0.028424,0.047584,0.077792,0.12344,0.15992,0.1883,0.21988
100.0,0.0015858,0.0037128,0.0079681,0.014578,0.024762,0.041624,0.068371,0.10911,0.14193,0.16762,0.19637
110.0,0.0013762,0.0032315,0.0069562,0.012767,0.021757,0.036704,0.060537,0.097084,0.12671,0.15004,0.17626
120.0,0.0012042,0.0028353,0.0061201,0.011264,0.019253,0.032584,0.053935,0.086862,0.11371,0.13494,0.1589
130.0,0.001061,0.0025045,0.0054196,0.01,0.017139,0.02909,0.048307,0.07809,0.10249,0.12186,0.1438
140.0,9.4047E-4,0.002225,0.0048259,0.0089262,0.015335,0.026097,0.043462,0.070494,0.092737,0.11045,0.13058
150.0,8.3787E-4,0.0019865,0.0043178,0.0080037,0.013781,0.023508,0.03925,0.063846,0.084155,0.10037,0.11884
175.0,6.3637E-4,0.0015159,0.0033107,0.0061669,0.010672,0.018301,0.030731,0.050315,0.066616,0.07971,0.094713
200.0,4.9369E-4,0.0011808,0.0025896,0.0048439,0.0084185,0.014501,0.024468,0.040275,0.053517,0.064206,0.076507
250.0,3.1086E-4,7.4861E-4,0.001653,0.0031135,0.0054495,0.0094557,0.016079,0.026693,0.035671,0.042972,0.05143
300.0,2.0413E-4,4.9432E-4,0.0010976,0.0020791,0.0036598,0.0063877,0.010929,0.018264,0.024514,0.029623,0.035572
350.0,1.3799E-4,3.3572E-4,7.4898E-4,0.0014254,0.0025212,0.004422,0.0076045,0.012778,0.01721,0.020849,0.025103
400.0,9.5273E-5,2.3274E-4,5.2136E-4,9.9628E-4,0.0017695,0.0031167,0.005383,0.0090868,0.012275,0.014902,0.017982
450.0,6.6856E-5,1.6391E-4,3.6849E-4,7.067E-4,0.0012597,0.002227,0.0038611,0.0065437,0.0088625,0.010778,0.01303
500.0,4.7519E-5,1.1687E-4,2.6359E-4,5.0715E-4,9.0697E-4,0.0016087,0.0027984,0.0047595,0.0064604,0.0078691,0.0095289
600.0,4.1505E-5,9.9368E-5,2.1571E-4,3.9774E-4,7.0005E-4,0.0012224,0.0021019,0.0035369,0.004763,0.0057626,0.0069197
700.0,2.1531E-5,5.1744E-5,1.1274E-4,2.086E-4,3.6831E-4,6.4482E-4,0.0011108,0.0018706,0.0025187,0.0030462,0.0036559
800.0,1.1379E-5,2.7434E-5,5.9957E-5,1.1126E-4,1.9693E-4,3.4543E-4,5.9567E-4,0.0010028,0.001349,0.0013235,0.0015971
1000.0,3.3056E-6,8.012E-6,1.7598E-5,2.5795E-5,4.6775E-5,8.3544E-5,1.459E-4,2.4757E-4,3.3419E-4,4.048E-4,4.8674E-4
1200.0,9.962E-7,2.4246E-6,4.2198E-6,8.2018E-6,1.4915E-5,2.6669E-5,4.6496E-5,8.5752E-5,1.1351E-4,1.3568E-4,1.495E-4
1500.0,1.7243E-7,3.4986E-7,7.8845E-7,1.6054E-6,2.769E-6,4.7084E-6,7.8589E-6,1.2815E-5,1.6958E-5,2.0258E-5,2.4012E-5
PGV
r\m,4.0,4.5,5.0,5.5,6.0,6.5,7.0,7.5,7.8,8.0,8.2
0.0,4.8321,8.182,12.711,17.141,21.36,26.394,32.539,39.902,44.889,48.417,52.073
1.0,4.5143,7.8556,12.401,16.88,21.147,26.212,32.372,39.738,44.721,48.245,51.896
5.0,1.9167,4.2886,8.2526,12.971,17.913,23.63,30.32,38.077,43.234,46.851,50.579
10.0,0.77758,1.9635,4.3486,7.9171,12.532,18.501,25.808,34.31,39.898,43.782,47.754
15.0,0.42101,1.1069,2.5867,5.0427,8.6512,13.904,20.985,29.755,35.669,39.807,44.046
20.0,0.26686,0.71543,1.7156,3.4618,6.2106,10.536,16.87,25.318,31.277,35.533,39.947
25.0,0.18579,0.50401,1.227,2.5262,4.655,8.1751,13.646,21.426,27.179,31.395,35.845
30.0,0.13754,0.37622,0.92529,1.9302,3.6192,6.5048,11.183,18.178,23.571,27.625,31.986
40.0,0.084861,0.23476,0.5851,1.2408,2.3767,4.3942,7.8415,13.36,17.888,21.439,26.211
50.0,0.058012,0.16196,0.40816,0.87796,1.7147,3.2593,6.056,10.942,15.347,19.074,23.533
60.0,0.04881,0.13704,0.34737,0.75186,1.4785,2.8321,5.3101,9.6989,13.706,17.127,21.252
70.0,0.041991,0.11844,0.30168,0.65624,1.2974,2.5002,4.72,8.691,12.35,15.495,19.311
80.0,0.03672,0.10399,0.26593,0.58094,1.1537,2.234,4.2406,7.8576,11.215,14.115,17.651
90.0,0.032513,0.092393,0.23713,0.51991,1.0364,2.0152,3.8425,7.1566,10.25,12.934,16.217
100.0,0.029074,0.082875,0.21337,0.46932,0.93872,1.8317,3.506,6.5581,9.42,11.911,14.969
110.0,0.026206,0.074911,0.19341,0.42664,0.85589,1.6753,3.2173,6.0406,8.698,11.018,13.872
120.0,0.023778,0.068143,0.17638,0.39011,0.78469,1.5402,2.9667,5.5881,8.0637,10.23,12.901
130.0,0.021695,0.062318,0.16169,0.35845,0.72277,1.4222,2.7468,5.1889,7.5017,9.5295,12.035
140.0,0.019888,0.05725,0.14886,0.33074,0.6684,1.3183,2.5522,4.8338,7.0,8.9028,11.257
150.0,0.018306,0.0528,0.13756,0.30625,0.62016,1.2256,2.3778,4.513,6.5439,8.33,10.542
175.0,0.014978,0.043395,0.11357,0.25398,0.51668,1.026,2.0001,3.8159,5.5515,7.0831,8.9859
200.0,0.012472,0.036273,0.095298,0.21396,0.43697,0.87116,1.7054,3.2677,4.7669,6.0936,7.7459
250.0,0.0089751,0.026272,0.069469,0.15698,0.32271,0.64764,1.2764,2.4629,3.6085,4.6266,5.8993
300.0,0.0066864,0.019675,0.052301,0.11881,0.24554,0.49541,0.98172,1.9048,2.8004,3.5988,4.5997
350.0,0.0051019,0.01508,0.040262,0.091871,0.19072,0.38653,0.76944,1.4998,2.2112,2.8471,3.646
400.0,0.0039616,0.011754,0.031505,0.072164,0.15039,0.30598,0.61147,1.1966,1.7685,2.2808,2.9255
450.0,0.0031176,0.0092814,0.024961,0.057369,0.11996,0.24491,0.49111,0.96441,1.4283,1.8447,2.3695
500.0,0.0024794,0.0074037,0.019972,0.046042,0.096568,0.19775,0.39776,0.78351,1.1625,1.5033,1.9335
600.0,0.0016064,0.0048222,0.013076,0.030304,0.063893,0.13153,0.26596,0.52668,0.78399,1.016,1.3096
700.0,0.0010557,0.0031826,0.0086662,0.020165,0.042676,0.088149,0.17874,0.35464,0.52823,0.68469,0.88255
800.0,7.0516E-4,0.0021337,0.0058305,0.013613,0.028898,0.059847,0.12159,0.24149,0.3597,0.46612,0.60052
1000.0,3.2571E-4,9.9147E-4,0.002725,0.0063964,0.013643,0.028359,0.057744,0.11469,0.1706,0.22073,0.2838
1200.0,1.5536E-4,4.7522E-4,0.001312,0.0030924,0.0066182,0.013788,0.028092,0.05569,0.082625,0.10665,0.1367
1500.0,5.3258E-5,1.6384E-4,4.5473E-4,0.0010767,0.0023121,0.0048247,0.0098192,0.019368,0.028579,0.036713,0.04679
SA0P02
r\m,4.0,4.5,5.0,5.5,6.0,6.5,7.0,7.5,7.8,8.0,8.2
0.0,0.56219,0.75012,0.91406,0.96336,1.0025,1.0432,1.0798,1.1022,1.105,1.1028,1.1017
1.0,0.52379,0.71767,0.88868,0.94545,0.98881,1.0319,1.0697,1.0927,1.0958,1.0936,1.0926
5.0,0.22423,0.39259,0.59452,0.73379,0.84137,0.92946,0.99559,1.035,1.0437,1.0439,1.0433
10.0,0.091479,0.1805,0.3181,0.46214,0.60588,0.74422,0.85781,0.93207,0.95442,0.96021,0.96082
15.0,0.049364,0.10144,0.19054,0.30157,0.43018,0.57502,0.71217,0.81468,0.85088,0.86297,0.86492
20.0,0.028667,0.060259,0.11664,0.19218,0.28886,0.41149,0.54651,0.66882,0.72401,0.74998,0.76598
25.0,0.018738,0.039916,0.0786,0.1325,0.20537,0.30447,0.42445,0.54761,0.61142,0.64577,0.67156
30.0,0.013181,0.028338,0.056444,0.096578,0.1527,0.23249,0.33536,0.4505,0.51603,0.55427,0.58588
40.0,0.007489,0.016304,0.032961,0.057454,0.093074,0.14641,0.22056,0.31303,0.37225,0.4104,0.45975
50.0,0.0047874,0.010527,0.02154,0.038135,0.063102,0.10231,0.16111,0.24376,0.30484,0.34946,0.39619
60.0,0.0038016,0.0084118,0.017325,0.030891,0.05153,0.08435,0.13438,0.20633,0.26071,0.30113,0.34412
70.0,0.003106,0.006908,0.014304,0.025651,0.04306,0.071001,0.11411,0.17713,0.22557,0.26205,0.3013
80.0,0.0025911,0.005788,0.01204,0.021694,0.036606,0.060714,0.098262,0.15384,0.19711,0.23001,0.26575
90.0,0.0021961,0.0049246,0.010284,0.018606,0.031535,0.052561,0.085554,0.13488,0.17367,0.20341,0.23595
100.0,0.0018848,0.0042409,0.008887,0.016137,0.027455,0.045955,0.075164,0.11918,0.1541,0.18103,0.21069
110.0,0.0016341,0.0036881,0.0077527,0.014123,0.02411,0.040505,0.066527,0.10601,0.13755,0.16201,0.18908
120.0,0.0014286,0.0032334,0.0068162,0.012453,0.021324,0.035942,0.059251,0.094829,0.12341,0.14568,0.17043
130.0,0.0012578,0.0028541,0.0060321,0.01105,0.018974,0.032075,0.053051,0.08523,0.11121,0.13154,0.15422
140.0,0.0011141,0.0025339,0.0053682,0.0098578,0.01697,0.028765,0.047716,0.076922,0.10061,0.1192,0.14002
150.0,9.9185E-4,0.0022608,0.0048003,0.0088347,0.015244,0.025902,0.04308,0.069652,0.09128,0.10831,0.12742
175.0,7.5214E-4,0.0017228,0.003676,0.0067996,0.011793,0.020147,0.033707,0.054863,0.072225,0.085983,0.10152
200.0,5.8269E-4,0.0013403,0.0028721,0.0053355,0.0092947,0.015952,0.026821,0.043895,0.058,0.069235,0.08198
250.0,3.6603E-4,8.479E-4,0.0018298,0.0034236,0.0060077,0.010389,0.017607,0.029068,0.038632,0.046308,0.055079
300.0,2.3988E-4,5.5887E-4,0.001213,0.0022828,0.0040295,0.0070104,0.011956,0.019874,0.026531,0.031904,0.038076
350.0,1.6187E-4,3.7895E-4,8.2652E-4,0.0015631,0.0027727,0.0048482,0.0083121,0.013894,0.018615,0.022443,0.026857
400.0,1.1159E-4,2.6234E-4,5.7459E-4,0.0010912,0.001944,0.003414,0.0058794,0.0098743,0.01327,0.016033,0.019229
450.0,7.8197E-5,1.8451E-4,4.0563E-4,7.7322E-4,0.0013826,0.0024374,0.004214,0.0071065,0.0095753,0.01159,0.013928
500.0,5.5507E-5,1.3141E-4,2.8984E-4,5.5433E-4,9.9456E-4,0.0017592,0.0030521,0.0051658,0.0069764,0.0084579,0.010181
600.0,4.1505E-5,9.9368E-5,2.1571E-4,3.9774E-4,7.0005E-4,0.0012224,0.0021019,0.0035369,0.004763,0.0057626,0.0069197
700.0,2.1531E-5,5.1744E-5,1.1274E-4,2.086E-4,3.6831E-4,6.4482E-4,0.0011108,0.0018706,0.0025187,0.0030462,0.0036559
800.0,1.1379E-5,2.7434E-5,5.9957E-5,1.1126E-4,1.9693E-4,3.4543E-4,5.9567E-4,0.0010028,0.001349,0.0013235,0.0015971
1000.0,3.3056E-6,8.012E-6,1.7598E-5,2.5795E-5,4.6775E-5,8.3544E-5,1.459E-4,2.4757E-4,3.3419E-4,4.048E-4,4.8674E-4
1200.0,9.962E-7,2.4246E-6,4.2198E-6,8.2018E-6,1.4915E-5,2.6669E-5,4.6496E-5,8.5752E-5,1.1351E-4,1.3568E-4,1.495E-4
1500.0,1.7243E-7,3.4986E-7,7.8845E-7,1.6054E-6,2.769E-6,4.7084E-6,7.8589E-6,1.2815E-5,1.6958E-5,2.0258E-5,2.4012E-5
SA0P025
r\m,4.0,4.5,5.0,5.5,6.0,6.5,7.0,7.5,7.8,8.0,8.2
0.0,0.63502,0.84167,1.0214,1.0751,1.1174,1.1618,1.2018,1.2271,1.231,1.2289,1.2265
1.0,0.59231,0.80567,0.99316,1.0551,1.102,1.1489,1.1903,1.2163,1.2204,1.2184,1.2161
5.0,0.25776,0.44536,0.66851,0.82132,0.93828,1.0343,1.1065,1.1502,1.1607,1.1614,1.1602
10.0,0.10688,0.20741,0.36107,0.52023,0.67697,0.82775,0.95128,1.0328,1.0584,1.0657,1.0671
15.0,0.058235,0.11753,0.21772,0.34102,0.48148,0.63923,0.78785,0.89953,0.94021,0.95493,0.95926
20.0,0.033787,0.069736,0.1331,0.21699,0.32278,0.45666,0.60357,0.7373,0.79878,0.82866,0.8483
25.0,0.022062,0.04614,0.089574,0.14939,0.22912,0.33734,0.46799,0.6027,0.67351,0.71242,0.74262
30.0,0.015504,0.03272,0.064242,0.10873,0.1701,0.25718,0.36916,0.49502,0.56752,0.61053,0.64688
40.0,0.008791,0.018783,0.037422,0.064513,0.10339,0.16147,0.24203,0.34288,0.40812,0.45065,0.50607
50.0,0.0056081,0.012101,0.024397,0.042711,0.069903,0.11252,0.17627,0.2662,0.33319,0.38257,0.43479
60.0,0.0044441,0.0096476,0.019577,0.034512,0.056934,0.092507,0.14661,0.22466,0.28412,0.32869,0.37653
70.0,0.0036234,0.0079054,0.016126,0.028588,0.047454,0.07766,0.12415,0.19233,0.24512,0.2852,0.32872
80.0,0.0030163,0.0066091,0.013541,0.024119,0.04024,0.066236,0.10662,0.16657,0.21359,0.24963,0.28912
90.0,0.0025511,0.0056108,0.01154,0.020637,0.034581,0.057195,0.092587,0.14565,0.18768,0.22015,0.25598
100.0,0.0021848,0.0048213,0.0099501,0.017857,0.030034,0.049881,0.081132,0.12836,0.16608,0.1954,0.22796
110.0,0.0018902,0.0041836,0.0086605,0.015591,0.026311,0.043856,0.071627,0.11388,0.14785,0.1744,0.20403
120.0,0.0016491,0.0036598,0.0075971,0.013716,0.023215,0.038821,0.063633,0.1016,0.13231,0.15641,0.18342
130.0,0.0014488,0.0032234,0.0067082,0.012142,0.020608,0.034561,0.056833,0.091085,0.11892,0.14086,0.16554
140.0,0.0012805,0.0028555,0.0059565,0.010808,0.018388,0.030919,0.050992,0.082,0.10731,0.12733,0.14991
150.0,0.0011376,0.0025423,0.0053144,0.0096637,0.016479,0.027775,0.045925,0.074065,0.097118,0.1154,0.13607
175.0,8.5808E-4,0.0019267,0.0040472,0.0073955,0.012675,0.021477,0.035717,0.057981,0.076368,0.09104,0.10773
200.0,6.6123E-4,0.0014909,0.0031446,0.0057704,0.0099323,0.016906,0.028251,0.04611,0.060954,0.072857,0.086462
250.0,4.1095E-4,9.3292E-4,0.0019814,0.0036614,0.0063471,0.010883,0.01833,0.030173,0.040116,0.048147,0.057391
300.0,2.6644E-4,6.0827E-4,0.0012991,0.0024143,0.0042094,0.0072605,0.012304,0.02039,0.027227,0.032781,0.039205
350.0,1.7787E-4,4.0799E-4,8.7554E-4,0.0016349,0.0028642,0.0049647,0.0084566,0.014091,0.018883,0.022792,0.027331
400.0,1.2131E-4,2.794E-4,6.0204E-4,0.0011288,0.0019859,0.0034569,0.0059141,0.0099002,0.013307,0.016095,0.019343
450.0,8.4101E-5,1.9439E-4,4.2039E-4,7.9108E-4,0.0013968,0.0024405,0.0041913,0.0070445,0.0094926,0.011502,0.01385
500.0,5.9059E-5,1.3695E-4,2.9712E-4,5.6094E-4,9.9369E-4,0.0017419,0.0030017,0.0050631,0.006838,0.0082988,0.010009
600.0,4.1505E-5,9.9368E-5,2.1571E-4,3.9774E-4,7.0005E-4,0.0012224,0.0021019,0.0035369,0.004763,0.0057626,0.0069197
700.0,2.1531E-5,5.1744E-5,1.1274E-4,2.086E-4,3.6831E-4,6.4482E-4,0.0011108,0.0018706,0.0025187,0.0030462,0.0036559
800.0,1.1379E-5,2.7434E-5,5.9957E-5,1.1126E-4,1.9693E-4,3.4543E-4,5.9567E-4,0.0010028,0.001349,0.0013235,0.0015971
1000.0,3.3056E-6,8.012E-6,1.7598E-5,2.5795E-5,4.6775E-5,8.3544E-5,1.459E-4,2.4757E-4,3.3419E-4,4.048E-4,4.8674E-4
1200.0,9.962E-7,2.4246E-6,4.2198E-6,8.2018E-6,1.4915E-5,2.6669E-5,4.6496E-5,8.5752E-5,1.1351E-4,1.3568E-4,1.495E-4
1500.0,1.7243E-7,3.4986E-7,7.8845E-7,1.6054E-6,2.769E-6,4.7084E-6,7.8589E-6,1.2815E-5,1.6958E-5,2.0258E-5,2.4012E-5
SA0P03
r\m,4.0,4.5,5.0,5.5,6.0,6.5,7.0,7.5,7.8,8.0,8.2
0.0,0.72714,0.96209,1.1667,1.2273,1.2756,1.3253,1.3731,1.4042,1.4089,1.4059,1.4034
1.0,0.67867,0.92138,1.1349,1.2049,1.2586,1.3112,1.3606,1.3925,1.3975,1.3948,1.3923
5.0,0.29627,0.50973,0.76318,0.93664,1.071,1.1793,1.2652,1.3189,1.3319,1.3326,1.3313
10.0,0.12324,0.2375,0.41112,0.59068,0.7699,0.9387,1.0849,1.1847,1.2167,1.2258,1.2273
15.0,0.06731,0.13466,0.24744,0.38573,0.54542,0.72014,0.89478,1.031,1.0821,1.1006,1.1053
20.0,0.039753,0.081234,0.15357,0.24875,0.36981,0.51909,0.68989,0.84848,0.92189,0.95701,0.9789
25.0,0.026264,0.054342,0.10441,0.17284,0.26463,0.386,0.53757,0.69581,0.77906,0.82414,0.85793
30.0,0.01862,0.038856,0.075461,0.12668,0.19767,0.2958,0.42574,0.57302,0.65769,0.70724,0.748
40.0,0.010694,0.022575,0.044452,0.075938,0.12125,0.18716,0.28084,0.39855,0.47432,0.52311,0.58593
50.0,0.0068844,0.014669,0.029212,0.050642,0.082517,0.13116,0.20543,0.31035,0.38804,0.44473,0.5038
60.0,0.0054935,0.011771,0.023581,0.041147,0.067539,0.10829,0.17144,0.26252,0.33139,0.38247,0.43649
70.0,0.0045034,0.0096946,0.019516,0.03423,0.056508,0.091204,0.14556,0.22512,0.28622,0.33208,0.38114
80.0,0.0037654,0.008138,0.01645,0.028977,0.048062,0.077986,0.12525,0.19522,0.24959,0.29077,0.33522
90.0,0.0031961,0.0069316,0.014061,0.024862,0.041401,0.067476,0.10893,0.17085,0.21941,0.25647,0.29675
100.0,0.0027454,0.0059724,0.012153,0.021559,0.036025,0.058939,0.095564,0.15067,0.19421,0.22764,0.26417
110.0,0.002381,0.0051941,0.010599,0.018857,0.031607,0.051882,0.08444,0.13373,0.17291,0.20314,0.23634
120.0,0.0020815,0.0045521,0.009313,0.016612,0.027921,0.045967,0.075061,0.11933,0.15472,0.18213,0.21235
130.0,0.0018318,0.0040153,0.0082341,0.014723,0.024807,0.04095,0.067065,0.10698,0.13904,0.16395,0.19152
140.0,0.0016213,0.0035614,0.007319,0.013115,0.022149,0.036651,0.060184,0.0963,0.12541,0.14812,0.17331
150.0,0.001442,0.0031738,0.0065353,0.011735,0.019859,0.032933,0.054205,0.08696,0.11345,0.13415,0.15719
175.0,0.0010897,0.0024091,0.0049829,0.0089878,0.015281,0.025465,0.042136,0.067998,0.089068,0.10563,0.12416
200.0,8.405E-4,0.0018652,0.0038727,0.0070125,0.01197,0.02003,0.03329,0.053986,0.070945,0.084339,0.099384
250.0,5.2216E-4,0.0011661,0.0024367,0.0044408,0.0076302,0.012855,0.021517,0.035166,0.04645,0.055423,0.065567
300.0,3.3773E-4,7.5815E-4,0.0015925,0.0029174,0.0050395,0.0085363,0.014369,0.023627,0.031332,0.037489,0.044482
350.0,2.2461E-4,5.0641E-4,0.0010684,0.0019659,0.003411,0.0058041,0.0098163,0.016221,0.02158,0.025879,0.030778
400.0,1.5245E-4,3.4502E-4,7.3065E-4,0.0013496,0.0023507,0.0040155,0.0068186,0.011315,0.015093,0.018134,0.02161
450.0,1.0509E-4,2.3864E-4,5.0706E-4,9.3974E-4,0.0016423,0.0028151,0.004797,0.0079896,0.010682,0.012855,0.015345
500.0,7.3342E-5,1.6704E-4,3.5598E-4,6.6172E-4,0.0011599,0.0019943,0.003409,0.0056962,0.0076315,0.0091968,0.010994
600.0,4.1505E-5,9.9368E-5,2.1571E-4,3.9774E-4,7.0005E-4,0.0012224,0.0021019,0.0035369,0.004763,0.0057626,0.0069197
700.0,2.1531E-5,5.1744E-5,1.1274E-4,2.086E-4,3.6831E-4,6.4482E-4,0.0011108,0.0018706,0.0025187,0.0030462,0.0036559
800.0,1.1379E-5,2.7434E-5,5.9957E-5,1.1126E-4,1.9693E-4,3.4543E-4,5.9567E-4,0.0010028,0.001349,0.0013322,0.0015971
1000.0,3.3056E-6,8.012E-6,1.7598E-5,2.6622E-5,4.7391E-5,8.3544E-5,1.459E-4,2.4757E-4,3.3419E-4,4.048E-4,4.8674E-4
1200.0,9.962E-7,2.4246E-6,4.2198E-6,8.2018E-6,1.4915E-5,2.6669E-5,4.6496E-5,8.5752E-5,1.1351E-4,1.3568E-4,1.495E-4
1500.0,1.7243E-7,3.4986E-7,7.8845E-7,1.6054E-6,2.769E-6,4.7084E-6,7.8589E-6,1.2815E-5,1.6958E-5,2.0258E-5,2.4012E-5
SA0P04
r\m,4.0,4.5,5.0,5.5,6.0,6.5,7.0,7.5,7.8,8.0,8.2
0.0,0.92877,1.238,1.5083,1.5844,1.6459,1.7138,1.782,1.8339,1.8471,1.8448,1.8323
1.0,0.86599,1.1853,1.4672,1.5558,1.6246,1.6966,1.7669,1.8201,1.8338,1.8318,1.8197
5.0,0.36994,0.64496,0.97265,1.1939,1.3687,1.5171,1.6378,1.7228,1.7495,1.7544,1.7478
10.0,0.15057,0.29412,0.51158,0.7327,0.9586,1.1838,1.3829,1.5328,1.5901,1.6117,1.6189
15.0,0.081203,0.16449,0.30258,0.46761,0.6619,0.88767,1.1176,1.3145,1.4009,1.4407,1.4639
20.0,0.049454,0.10211,0.19277,0.30863,0.45773,0.65,0.87165,1.09,1.2002,1.2583,1.3009
25.0,0.033358,0.069652,0.13345,0.21799,0.33227,0.48915,0.68548,0.89957,1.0191,1.0878,1.1435
30.0,0.024029,0.050555,0.097801,0.16183,0.25104,0.37849,0.54706,0.74487,0.86388,0.93659,0.99953
40.0,0.014134,0.030041,0.058837,0.098906,0.1567,0.24314,0.36533,0.52276,0.62737,0.69665,0.78636
50.0,0.0092621,0.01985,0.039276,0.066923,0.10805,0.17237,0.26982,0.41003,0.51616,0.59499,0.67853
60.0,0.0074954,0.016141,0.032101,0.055004,0.089373,0.14364,0.22694,0.34892,0.4429,0.51367,0.58963
70.0,0.006216,0.013439,0.026839,0.046192,0.075426,0.12191,0.19394,0.30072,0.38408,0.44748,0.51618
80.0,0.0052484,0.011386,0.022818,0.039417,0.064622,0.10492,0.16781,0.26192,0.33609,0.39294,0.45501
90.0,0.0044926,0.009775,0.01965,0.034052,0.056015,0.091293,0.14665,0.23009,0.29636,0.34746,0.40356
100.0,0.0038875,0.0084807,0.017094,0.029705,0.049009,0.080132,0.12919,0.20359,0.26302,0.30908,0.35988
110.0,0.0033935,0.0074206,0.014993,0.026119,0.043205,0.070841,0.11457,0.18122,0.23473,0.27635,0.32244
120.0,0.0029838,0.0065388,0.01324,0.023117,0.038328,0.063003,0.10218,0.16213,0.21047,0.24819,0.2901
130.0,0.0026396,0.0057958,0.011759,0.020573,0.034183,0.056315,0.091555,0.14569,0.18949,0.22377,0.26195
140.0,0.0023472,0.0051632,0.010495,0.018396,0.030625,0.050556,0.082374,0.13141,0.1712,0.20243,0.23729
150.0,0.0020966,0.0046196,0.0094059,0.016515,0.027542,0.045551,0.074363,0.11888,0.1551,0.18357,0.2154
175.0,0.001599,0.0035364,0.0072279,0.01274,0.021331,0.035423,0.058084,0.093306,0.12213,0.14489,0.17045
200.0,0.0012424,0.0027567,0.0056528,0.0099968,0.016794,0.027987,0.04606,0.074288,0.097496,0.11588,0.1366
250.0,7.8041E-4,0.0017411,0.0035896,0.0063831,0.010783,0.018073,0.029922,0.048568,0.064004,0.076298,0.090217
300.0,5.0864E-4,0.0011398,0.0023604,0.0042159,0.0071544,0.012046,0.020038,0.032688,0.043215,0.05163,0.061192
350.0,3.4006E-4,7.6486E-4,0.0015899,0.0028504,0.0048555,0.0082068,0.013706,0.02245,0.029756,0.035615,0.04229
400.0,2.3163E-4,5.2266E-4,0.0010899,0.0019605,0.0033505,0.0056817,0.0095208,0.01565,0.020788,0.024919,0.029635
450.0,1.6003E-4,3.6214E-4,7.5735E-4,0.0013661,0.0023414,0.0039822,0.0066926,0.011034,0.014685,0.017626,0.02099
500.0,1.1181E-4,2.5367E-4,5.3186E-4,9.6185E-4,0.0016528,0.0028182,0.0047488,0.0078506,0.010466,0.012576,0.014994
600.0,4.1505E-5,9.9368E-5,2.1571E-4,3.9774E-4,7.0005E-4,0.0012224,0.0021019,0.0035369,0.004763,0.0057626,0.0069197
700.0,2.1531E-5,5.1744E-5,1.1274E-4,2.086E-4,3.6831E-4,6.4482E-4,0.0011108,0.0018706,0.0025187,0.0030462,0.0036559
800.0,1.1379E-5,2.7434E-5,5.9957E-5,1.1126E-4,1.9693E-4,3.4543E-4,5.9567E-4,0.0010028,0.001349,0.0017853,0.0021288
1000.0,3.3056E-6,8.012E-6,1.7598E-5,3.7667E-5,6.5571E-5,1.1301E-4,1.918E-4,3.1773E-4,4.2285E-4,5.0684E-4,6.0216E-4
1200.0,9.962E-7,2.4246E-6,6.023E-6,1.1085E-5,1.9338E-5,3.3352E-5,4.6496E-5,8.5752E-5,1.1351E-4,1.3568E-4,1.495E-4
1500.0,1.7243E-7,3.4986E-7,7.8845E-7,1.6054E-6,2.769E-6,4.7084E-6,7.8589E-6,1.2815E-5,1.6958E-5,2.0258E-5,2.4012E-5
SA0P05
r\m,4.0,4.5,5.0,5.5,6.0,6.5,7.0,7.5,7.8,8.0,8.2
0.0,1.096,1.475,1.8031,1.8887,1.9643,2.0499,2.1396,2.2119,2.2319,2.2292,2.2096
1.0,1.0207,1.4117,1.7538,1.8544,1.9392,2.0301,2.1227,2.1968,2.2175,2.2152,2.1962
5.0,0.42623,0.75718,1.147,1.4021,1.6182,1.8051,1.9628,2.0796,2.1186,2.1263,2.116
10.0,0.16956,0.33898,0.59015,0.83556,1.1067,1.384,1.6392,1.8415,1.923,1.9552,1.9666
15.0,0.090207,0.18732,0.34345,0.52013,0.74654,1.0172,1.3054,1.5668,1.6882,1.7468,1.7834
20.0,0.056243,0.11887,0.22327,0.34954,0.52426,0.75404,1.0273,1.3068,1.4524,1.5308,1.5888
25.0,0.038541,0.082299,0.15672,0.25003,0.38483,0.57275,0.81371,1.0838,1.2378,1.3271,1.3996
30.0,0.028097,0.060417,0.11609,0.18744,0.29332,0.44652,0.65327,0.90121,1.0526,1.1455,1.2257
40.0,0.016823,0.036512,0.070955,0.11625,0.18553,0.29018,0.44039,0.63685,0.76846,0.85564,0.96738
50.0,0.011169,0.024424,0.047917,0.079514,0.12921,0.20751,0.32762,0.50223,0.6349,0.73323,0.83684
60.0,0.0091304,0.020052,0.039519,0.065903,0.10769,0.17411,0.27715,0.42924,0.54664,0.63475,0.72868
70.0,0.0076341,0.016825,0.033282,0.055721,0.091451,0.14859,0.23795,0.37129,0.47537,0.5542,0.63897
80.0,0.0064896,0.014346,0.028465,0.047814,0.078752,0.12847,0.20669,0.32434,0.41695,0.48756,0.56401
90.0,0.0055869,0.012383,0.024637,0.041499,0.068556,0.11221,0.1812,0.28564,0.36837,0.43179,0.50079
100.0,0.0048581,0.010793,0.021524,0.036345,0.060198,0.098804,0.16007,0.25325,0.32746,0.38457,0.44697
110.0,0.0042587,0.0094809,0.018948,0.032066,0.053232,0.087586,0.14228,0.22582,0.29262,0.34421,0.40075
120.0,0.0037583,0.0083829,0.016786,0.028463,0.047349,0.078076,0.12713,0.20233,0.26267,0.30939,0.36074
130.0,0.0033354,0.0074526,0.01495,0.025395,0.042324,0.069927,0.11411,0.18203,0.23669,0.27912,0.32586
140.0,0.0029743,0.0066565,0.013375,0.022757,0.037992,0.062881,0.10281,0.16435,0.214,0.25262,0.29526
150.0,0.0026633,0.0059693,0.012012,0.020469,0.034225,0.056737,0.092914,0.1488,0.19398,0.22916,0.26806
175.0,0.0020413,0.0045905,0.0092685,0.015848,0.026591,0.044241,0.072725,0.11695,0.15287,0.18094,0.21209
200.0,0.0015919,0.0035901,0.0072696,0.012467,0.02098,0.035012,0.057738,0.093161,0.12204,0.14468,0.16986
250.0,0.0010043,0.0022759,0.0046308,0.0079802,0.013496,0.022635,0.03752,0.060867,0.08001,0.095079,0.1119
300.0,6.5567E-4,0.0014917,0.0030471,0.0052718,0.0089509,0.015073,0.025088,0.040872,0.053869,0.064131,0.075622
350.0,4.3829E-4,0.0010004,0.0020504,0.0035592,0.0060634,0.010245,0.01711,0.027974,0.036949,0.044053,0.052025
400.0,2.9809E-4,6.8236E-4,0.0014025,0.0024416,0.0041714,0.0070687,0.011841,0.019416,0.025693,0.030671,0.036267
450.0,2.0543E-4,4.7144E-4,9.7143E-4,0.0016954,0.002904,0.0049336,0.0082853,0.013622,0.018054,0.021575,0.02554
500.0,1.4305E-4,3.2903E-4,6.7953E-4,0.0011887,0.0020406,0.0034747,0.0058487,0.0096381,0.012792,0.015302,0.018131
600.0,4.1505E-5,9.9368E-5,2.1571E-4,3.9774E-4,7.0005E-4,0.0012224,0.0021019,0.0035369,0.004763,0.0057626,0.0069197
700.0,2.1531E-5,5.1744E-5,1.1274E-4,2.086E-4,3.6831E-4,6.4482E-4,0.0011108,0.0018706,0.0025187,0.0030462,0.0036559
800.0,1.1379E-5,2.7434E-5,5.9957E-5,1.1126E-4,1.9693E-4,3.4543E-4,5.9567E-4,0.0010028,0.001349,0.0020885,0.0024737
1000.0,3.3056E-6,8.012E-6,1.7598E-5,4.3717E-5,7.5924E-5,1.305E-4,2.2104E-4,3.648E-4,4.8322E-4,5.7645E-4,6.8035E-4
1200.0,9.9E-7,2.4246E-6,7.0241E-6,1.2479E-5,2.1713E-5,3.7345E-5,4.6496E-5,8.5752E-5,1.1351E-4,1.3568E-4,1.495E-4
1500.0,1.7243E-7,3.4986E-7,7.8845E-7,1.6054E-6,2.769E-6,4.7084E-6,7.8589E-6,1.2815E-5,1.6958E-5,2.0258E-5,2.4012E-5
SA0P075
r\m,4.0,4.5,5.0,5.5,6.0,6.5,7.0,7.5,7.8,8.0,8.2
0.0,0.85422,1.2518,1.6211,1.7585,1.8535,1.9522,2.0558,2.1647,2.2302,2.2722,2.3117
1.0,0.79683,1.1989,1.5771,1.7265,1.8295,1.9328,2.039,2.1493,2.2151,2.2573,2.2969
5.0,0.34068,0.65249,1.0399,1.3106,1.5291,1.7189,1.8843,2.0327,2.1141,2.1643,2.2105
10.0,0.13889,0.29768,0.54226,0.78771,1.0505,1.3203,1.5739,1.7986,1.9167,1.9876,2.0516
15.0,0.075089,0.16671,0.31891,0.49407,0.71205,0.97274,1.2542,1.5295,1.6811,1.7737,1.8581
20.0,0.047357,0.10682,0.20896,0.33403,0.5021,0.72276,0.98781,1.2752,1.4451,1.5527,1.6532
25.0,0.032736,0.074513,0.14758,0.24007,0.36981,0.55009,0.78298,1.0573,1.2305,1.3447,1.4545
30.0,0.02403,0.055025,0.10985,0.18067,0.28263,0.42954,0.62896,0.87885,1.0456,1.1595,1.2723
40.0,0.014538,0.033548,0.067628,0.11268,0.17948,0.27979,0.42428,0.62053,0.76215,0.86429,1.0016
50.0,0.0097236,0.022581,0.045901,0.077363,0.12531,0.20034,0.31567,0.48883,0.62859,0.73908,0.86433
60.0,0.0079928,0.018624,0.037992,0.064289,0.10462,0.1682,0.26694,0.41724,0.54021,0.63841,0.75073
70.0,0.0067112,0.01568,0.032079,0.054453,0.088927,0.14357,0.22903,0.36036,0.46885,0.55612,0.65662
80.0,0.0057236,0.013404,0.027488,0.04678,0.076613,0.1241,0.19874,0.31427,0.41038,0.48811,0.57809
90.0,0.0049399,0.011592,0.023822,0.040629,0.066698,0.10832,0.17403,0.27627,0.36178,0.43124,0.51195
100.0,0.0043039,0.010117,0.02083,0.035594,0.058551,0.095309,0.15352,0.24448,0.32088,0.38314,0.45572
110.0,0.0037784,0.0088964,0.018346,0.031403,0.05175,0.084403,0.13626,0.21756,0.28608,0.34208,0.40751
120.0,0.0033381,0.0078711,0.016256,0.027868,0.045997,0.07515,0.12155,0.19452,0.25619,0.30669,0.36583
130.0,0.0029648,0.007,0.014476,0.024852,0.041079,0.067218,0.10891,0.17463,0.23031,0.27598,0.32956
140.0,0.0026451,0.0062529,0.012947,0.022255,0.036835,0.060358,0.097944,0.15732,0.20772,0.24914,0.29779
150.0,0.002369,0.0056067,0.011622,0.020001,0.033143,0.054374,0.088344,0.14209,0.18778,0.22535,0.26953
175.0,0.0018115,0.0042982,0.008933,0.015413,0.025609,0.042131,0.068659,0.1108,0.14675,0.1764,0.21135
200.0,0.0014084,0.003349,0.0069757,0.012063,0.020089,0.033128,0.054121,0.087574,0.1162,0.13986,0.16779
250.0,8.8194E-4,0.0021048,0.0044003,0.0076374,0.012767,0.021135,0.034667,0.056335,0.074954,0.090389,0.10867
300.0,5.7071E-4,0.0013661,0.0028645,0.0049868,0.0083613,0.013884,0.022847,0.037249,0.049665,0.059979,0.072218
350.0,3.7778E-4,9.0657E-4,0.0019057,0.003326,0.005591,0.0093081,0.015357,0.025106,0.03353,0.040541,0.048872
400.0,2.5426E-4,6.1147E-4,0.0012882,0.0022532,0.0037959,0.0063336,0.010473,0.017161,0.022952,0.027778,0.03352
450.0,1.733E-4,4.1759E-4,8.8142E-4,0.0015447,0.0026073,0.0043589,0.0072218,0.011858,0.015879,0.019233,0.023229
500.0,1.1931E-4,2.8799E-4,6.0891E-4,0.0010689,0.0018074,0.0030269,0.0050237,0.0082633,0.011077,0.013428,0.016229
600.0,4.1505E-5,9.9368E-5,2.1571E-4,3.9774E-4,7.0005E-4,0.0012224,0.0021019,0.0035369,0.004763,0.0057626,0.0069197
700.0,2.1531E-5,5.1744E-5,1.1274E-4,2.5906E-4,3.6831E-4,7.4032E-4,0.0011108,0.0018706,0.0025187,0.0030462,0.0036559
800.0,1.1379E-5,2.7434E-5,5.9957E-5,1.1126E-4,1.9693E-4,3.4543E-4,5.9567E-4,0.0010028,0.001349,0.0016613,0.002005
1000.0,3.3056E-6,8.012E-6,1.9132E-5,3.39E-5,5.7782E-5,9.7351E-5,1.6202E-4,2.66E-4,3.5511E-4,4.2865E-4,5.1526E-4
1200.0,9.7762E-7,2.4246E-6,5.1176E-6,9.084E-6,1.5499E-5,2.6107E-5,4.3357E-5,8.5752E-5,1.1351E-4,1.3568E-4,1.3529E-4
1500.0,1.7243E-7,3.4986E-7,7.3408E-7,1.6054E-6,2.769E-6,4.7084E-6,7.8589E-6,1.2815E-5,1.6958E-5,2.0258E-5,2.4012E-5
SA0P1
r\m,4.0,4.5,5.0,5.5,6.0,6.5,7.0,7.5,7.8,8.0,8.2
0.0,0.58114,0.92784,1.2841,1.4331,1.5502,1.6619,1.7748,1.8964,1.9763,2.0336,2.0944
1.0,0.54335,0.88985,1.2502,1.4077,1.5306,1.6458,1.7607,1.8831,1.9633,2.0205,2.0813
5.0,0.2391,0.49372,0.83457,1.0767,1.285,1.4675,1.6299,1.783,1.8754,1.9388,2.0045
10.0,0.10049,0.23093,0.44363,0.65617,0.89119,1.1341,1.3665,1.5813,1.7034,1.7833,1.8629
15.0,0.055466,0.13172,0.26502,0.41684,0.61002,0.84144,1.0941,1.3489,1.4976,1.5945,1.69
20.0,0.035526,0.085595,0.17583,0.28485,0.43395,0.62949,0.866,1.1285,1.2908,1.399,1.5065
25.0,0.024861,0.060383,0.12545,0.20657,0.32207,0.48211,0.68976,0.93892,1.1023,1.2145,1.3283
30.0,0.018438,0.045014,0.094186,0.15666,0.24781,0.3786,0.55662,0.7832,0.93936,1.0499,1.1644
40.0,0.011341,0.027868,0.058807,0.098962,0.15917,0.24905,0.37859,0.55665,0.68853,0.78655,0.92075
50.0,0.0076856,0.01899,0.040368,0.068653,0.11218,0.17982,0.28369,0.44112,0.57086,0.6758,0.79795
60.0,0.0063876,0.015823,0.033733,0.057554,0.094402,0.15206,0.24141,0.37855,0.49296,0.58635,0.69591
70.0,0.0054146,0.013442,0.02872,0.049123,0.080806,0.13061,0.2083,0.32856,0.42975,0.5129,0.61102
80.0,0.0046569,0.011581,0.024792,0.04249,0.070055,0.11354,0.18168,0.28783,0.37771,0.45193,0.53989
90.0,0.0040498,0.010087,0.021628,0.037132,0.061337,0.09963,0.15984,0.25409,0.33428,0.40073,0.47976
100.0,0.0035529,0.0088616,0.019027,0.032715,0.054129,0.088082,0.14162,0.22573,0.29757,0.35727,0.42846
110.0,0.0031391,0.0078392,0.016853,0.029016,0.048075,0.078354,0.12621,0.20162,0.26621,0.32002,0.38432
120.0,0.0027899,0.0069747,0.015012,0.025876,0.042927,0.070059,0.11303,0.1809,0.23918,0.28782,0.34605
130.0,0.0024917,0.0062356,0.013435,0.023183,0.038502,0.062915,0.10164,0.16294,0.21568,0.25977,0.31263
140.0,0.0022347,0.0055978,0.012072,0.020852,0.034667,0.05671,0.09173,0.14726,0.19512,0.23518,0.28327
150.0,0.0020115,0.0050429,0.010885,0.018817,0.031312,0.051267,0.083002,0.13337,0.17682,0.21321,0.2569
175.0,0.0015495,0.0038922,0.0084177,0.014581,0.024314,0.039897,0.064749,0.10433,0.13858,0.16733,0.20193
200.0,0.0012129,0.0030518,0.0066113,0.011472,0.019163,0.031503,0.051228,0.082723,0.11004,0.13301,0.16071
250.0,7.6898E-4,0.0019403,0.0042152,0.007335,0.012288,0.020261,0.033051,0.053554,0.071399,0.086442,0.10462
300.0,5.0328E-4,0.0012727,0.0027713,0.0048336,0.0081163,0.013415,0.021937,0.035637,0.047592,0.057687,0.069903
350.0,3.3668E-4,8.5308E-4,0.0018611,0.0032523,0.0054718,0.0090617,0.014848,0.024173,0.032325,0.039218,0.04757
400.0,2.2888E-4,5.8089E-4,0.0012694,0.002222,0.0037446,0.0062119,0.010196,0.01663,0.022263,0.027031,0.032812
450.0,1.5751E-4,4.0034E-4,8.7613E-4,0.0015359,0.0025922,0.0043065,0.0070796,0.011564,0.015496,0.018827,0.02287
500.0,1.0945E-4,2.7855E-4,6.1039E-4,0.0010714,0.0018107,0.0030122,0.0049585,0.0081106,0.010878,0.013223,0.016072
600.0,4.1505E-5,9.9368E-5,3.0268E-4,5.3251E-4,9.0197E-4,0.0015039,0.0024814,0.0035369,0.004763,0.0057626,0.0080892
700.0,2.6908E-5,6.8758E-5,1.5126E-4,2.6652E-4,4.5199E-4,7.5425E-4,0.0012447,0.0020391,0.0027356,0.0033253,0.0040405
800.0,1.1379E-5,3.4791E-5,7.664E-5,1.352E-4,2.295E-4,3.8314E-4,6.3209E-4,0.001034,0.001385,0.0016812,0.0020394
1000.0,3.3056E-6,9.1787E-6,2.0264E-5,3.581E-5,6.0852E-5,1.0159E-4,1.6732E-4,2.7256E-4,3.636E-4,4.3978E-4,5.3121E-4
1200.0,9.6893E-7,2.4902E-6,5.5062E-6,9.7421E-6,1.6561E-5,2.7627E-5,4.5383E-5,8.5752E-5,1.1351E-4,1.3568E-4,1.4126E-4
1500.0,1.7243E-7,3.6422E-7,8.067E-7,1.6054E-6,2.769E-6,4.7084E-6,7.8589E-6,1.2815E-5,1.6958E-5,2.0258E-5,2.4012E-5
SA0P15
r\m,4.0,4.5,5.0,5.5,6.0,6.5,7.0,7.5,7.8,8.0,8.2
0.0,0.32671,0.59001,0.88173,1.0322,1.1605,1.2803,1.3987,1.5314,1.6287,1.7059,1.7968
1.0,0.30629,0.56689,0.85963,1.015,1.1469,1.2689,1.3886,1.5219,1.6192,1.6963,1.7869
5.0,0.13868,0.32098,0.58201,0.78397,0.9696,1.1375,1.2908,1.4462,1.552,1.6331,1.7265
10.0,0.060085,0.15411,0.31607,0.48587,0.68101,0.8874,1.09,1.2899,1.4168,1.5093,1.6118
15.0,0.033893,0.089679,0.19224,0.31351,0.47226,0.66533,0.88001,1.1076,1.2529,1.3568,1.4696
20.0,0.02208,0.059214,0.12945,0.21715,0.34,0.50289,0.70255,0.93316,1.0867,1.1974,1.3172
25.0,0.015672,0.042339,0.093545,0.15936,0.2551,0.3889,0.56431,0.78198,0.93397,1.0458,1.1679
30.0,0.011766,0.031937,0.071024,0.12214,0.19824,0.30818,0.45909,0.65693,0.80111,0.90958,1.0297
40.0,0.0073908,0.020177,0.045216,0.078605,0.12959,0.20609,0.31702,0.47334,0.59475,0.68975,0.82377
50.0,0.0050994,0.01399,0.031566,0.055422,0.092757,0.15101,0.24089,0.37999,0.49921,0.5997,0.7221
60.0,0.0043065,0.01184,0.026779,0.047146,0.079171,0.12945,0.20766,0.33011,0.4362,0.52631,0.63678
70.0,0.0037045,0.010203,0.023119,0.040789,0.068663,0.11261,0.18137,0.28987,0.38459,0.46549,0.56517
80.0,0.0032299,0.0089089,0.020219,0.035732,0.060269,0.099075,0.16005,0.25679,0.34172,0.41456,0.50464
90.0,0.0028454,0.0078583,0.017858,0.031606,0.053394,0.087939,0.14239,0.22915,0.30563,0.37143,0.45303
100.0,0.0025272,0.0069874,0.015897,0.028171,0.047656,0.07861,0.12752,0.20572,0.27487,0.33451,0.40864
110.0,0.0022595,0.0062534,0.014242,0.025265,0.042791,0.07068,0.11484,0.18562,0.24838,0.30261,0.37013
120.0,0.0020312,0.0056267,0.012827,0.022777,0.038617,0.063858,0.10389,0.16821,0.22535,0.27481,0.33648
130.0,0.0018343,0.0050856,0.011603,0.020622,0.034997,0.057932,0.094363,0.15299,0.20517,0.2504,0.30685
140.0,0.0016631,0.0046143,0.010536,0.018741,0.031831,0.05274,0.085995,0.1396,0.18737,0.22883,0.28063
150.0,0.0015128,0.0042004,0.0095978,0.017083,0.029036,0.048142,0.07855,0.12759,0.17132,0.20927,0.25669
175.0,0.001191,0.003312,0.0075802,0.013515,0.02301,0.038221,0.06249,0.10175,0.13685,0.16737,0.20559
200.0,9.523E-4,0.0026519,0.0060778,0.010851,0.018502,0.030781,0.05041,0.082234,0.11075,0.13557,0.1667
250.0,6.2936E-4,0.0017566,0.0040351,0.007221,0.012342,0.020583,0.033797,0.055293,0.074608,0.091463,0.11263
300.0,4.2894E-4,0.0011994,0.0027603,0.0049491,0.0084748,0.014161,0.023301,0.038205,0.051623,0.063349,0.078095
350.0,2.9863E-4,8.3634E-4,0.0019277,0.0034618,0.0059374,0.0099376,0.016379,0.026902,0.036391,0.044693,0.055142
400.0,2.1116E-4,5.9218E-4,0.0013668,0.0024578,0.0042213,0.0070751,0.011678,0.019209,0.026009,0.031962,0.039461
450.0,1.511E-4,4.2425E-4,9.8039E-4,0.001765,0.0030351,0.0050932,0.0084168,0.013863,0.018785,0.023098,0.028533
500.0,1.0914E-4,3.0677E-4,7.0965E-4,0.001279,0.0022017,0.0036986,0.0061189,0.010089,0.013682,0.016831,0.020801
600.0,5.8176E-5,1.6382E-4,3.7966E-4,6.8551E-4,0.0011822,0.0019898,0.0032981,0.0054487,0.0073973,0.0091072,0.011265
700.0,3.1123E-5,8.7766E-5,2.0367E-4,3.6818E-4,6.3554E-4,0.0010703,0.0017739,0.0029276,0.0039698,0.0048821,0.0060309
800.0,1.6874E-5,4.764E-5,1.1068E-4,2.0026E-4,3.459E-4,5.8262E-4,9.6513E-4,0.0015903,0.002153,0.0026441,0.0032607
1000.0,5.1025E-6,1.4434E-5,3.3589E-5,6.0854E-5,1.0518E-4,1.771E-4,2.9281E-4,4.804E-4,6.4769E-4,7.9263E-4,9.7341E-4
1200.0,1.5842E-6,4.4878E-6,1.0456E-5,1.8959E-5,3.2772E-5,5.5127E-5,9.089E-5,1.483E-4,1.9896E-4,2.4247E-4,2.9632E-4
1500.0,2.8311E-7,8.0335E-7,1.8741E-6,3.4E-6,5.8737E-6,9.8571E-6,1.6167E-5,2.6129E-5,3.4758E-5,4.2062E-5,5.0982E-5
SA0P2
r\m,4.0,4.5,5.0,5.5,6.0,6.5,7.0,7.5,7.8,8.0,8.2
0.0,0.19568,0.38976,0.64369,0.81306,0.93399,1.0476,1.1569,1.2741,1.358,1.4243,1.5028
1.0,0.18375,0.37493,0.62816,0.80016,0.92372,1.0391,1.1494,1.2671,1.351,1.4173,1.4956
5.0,0.084458,0.21451,0.42834,0.6212,0.78402,0.93454,1.0717,1.2075,1.2986,1.3683,1.449
10.0,0.037199,0.10437,0.23505,0.38803,0.55396,0.73252,0.90859,1.0809,1.1897,1.269,1.3575
15.0,0.021241,0.061386,0.14426,0.25226,0.38649,0.55191,0.73654,0.93153,1.0557,1.1447,1.2419
20.0,0.013977,0.040896,0.097911,0.17592,0.27987,0.41919,0.59045,0.7877,0.91881,1.0136,1.1169
25.0,0.010006,0.029471,0.071253,0.12991,0.21114,0.32572,0.47622,0.6625,0.79244,0.88827,0.99355
30.0,0.0075706,0.022389,0.054451,0.10016,0.16493,0.25931,0.38901,0.55859,0.68207,0.77519,0.87888
40.0,0.004821,0.014326,0.035077,0.065158,0.10888,0.17496,0.2708,0.40543,0.50989,0.59181,0.70772
50.0,0.0033673,0.010048,0.024753,0.046405,0.078668,0.12931,0.2074,0.32785,0.43096,0.51804,0.62448
60.0,0.0028761,0.0085962,0.021213,0.039855,0.067749,0.11177,0.18019,0.28688,0.3792,0.45774,0.55437
70.0,0.0025006,0.0074832,0.018492,0.034799,0.05927,0.098037,0.1586,0.25374,0.33667,0.40762,0.49532
80.0,0.0022026,0.0065984,0.016324,0.030758,0.052467,0.08695,0.14102,0.22642,0.30125,0.36552,0.44525
90.0,0.0019596,0.0058756,0.01455,0.027444,0.046871,0.077793,0.12641,0.2035,0.27132,0.32975,0.40243
100.0,0.0017572,0.0052728,0.013068,0.024671,0.042178,0.07009,0.11407,0.18402,0.24573,0.29903,0.36546
110.0,0.0015857,0.0047617,0.01181,0.022313,0.038181,0.063513,0.1035,0.16724,0.22362,0.27239,0.33329
120.0,0.0014386,0.0043226,0.010728,0.020283,0.034734,0.057829,0.094337,0.15265,0.20432,0.24908,0.30506
130.0,0.0013109,0.0039412,0.0097871,0.018516,0.031729,0.052867,0.086322,0.13984,0.18734,0.22854,0.28012
140.0,0.001199,0.0036068,0.0089617,0.016964,0.029088,0.048499,0.079253,0.12852,0.1723,0.21031,0.25794
150.0,0.0011003,0.0033113,0.0082313,0.015589,0.026742,0.044608,0.072928,0.11831,0.15865,0.19368,0.23757
175.0,8.8491E-4,0.0026661,0.0066348,0.01258,0.021607,0.036092,0.059097,0.096054,0.12898,0.15763,0.19359
200.0,7.2251E-4,0.0021788,0.0054275,0.010301,0.017711,0.029617,0.048555,0.079035,0.10624,0.12994,0.15972
250.0,4.9737E-4,0.0015022,0.003748,0.0071249,0.012271,0.020556,0.033764,0.055079,0.074151,0.090792,0.11174
300.0,3.5276E-4,0.0010668,0.0026651,0.0050728,0.0087481,0.014675,0.02414,0.039443,0.053157,0.065138,0.080232
350.0,2.554E-4,7.7322E-4,0.0019337,0.0036847,0.0063613,0.010683,0.017595,0.028785,0.038826,0.047604,0.058672
400.0,1.8773E-4,5.6886E-4,0.0014239,0.0027159,0.0046932,0.0078893,0.013006,0.021301,0.028751,0.035268,0.04349
450.0,1.3958E-4,4.2331E-4,0.0010605,0.0020243,0.0035011,0.0058903,0.0097191,0.015932,0.021516,0.026404,0.032573
500.0,1.0473E-4,3.1786E-4,7.9688E-4,0.0015222,0.0026347,0.0044359,0.007325,0.012017,0.016237,0.019932,0.024598
600.0,6.0202E-5,1.8294E-4,4.5921E-4,8.7832E-4,0.0015221,0.0025661,0.0042428,0.0069698,0.0094254,0.011577,0.014296
700.0,3.4709E-5,1.0557E-4,2.6522E-4,5.0765E-4,8.8014E-4,0.0014839,0.0024521,0.0040219,0.0054307,0.0066617,0.0082135
800.0,2.027E-5,6.1702E-5,1.5511E-4,2.9705E-4,5.1512E-4,8.6829E-4,0.0014335,0.0023465,0.0031623,0.0038729,0.0047659
1000.0,7.105E-6,2.1654E-5,5.4487E-5,1.0441E-4,1.8106E-4,3.0488E-4,5.02E-4,8.1754E-4,0.0010967,0.001338,0.001639
1200.0,2.5545E-6,7.7923E-6,1.962E-5,3.7606E-5,6.5184E-5,1.0959E-4,1.7983E-4,2.9109E-4,3.8839E-4,4.7172E-4,5.7483E-4
1500.0,5.6826E-7,1.7351E-6,4.3709E-6,8.3771E-6,1.4503E-5,2.4307E-5,3.9653E-5,6.3524E-5,8.3996E-5,1.0126E-4,1.2232E-4
SA0P25
r\m,4.0,4.5,5.0,5.5,6.0,6.5,7.0,7.5,7.8,8.0,8.2
0.0,0.12557,0.26708,0.47628,0.65608,0.7772,0.89506,1.0122,1.139,1.2291,1.2998,1.3831
1.0,0.11811,0.25721,0.46518,0.64614,0.76914,0.8883,1.0062,1.1334,1.2234,1.2941,1.3772
5.0,0.055152,0.1488,0.31965,0.50432,0.6554,0.80141,0.94072,1.0827,1.1788,1.2523,1.3374
10.0,0.02471,0.073436,0.17741,0.31779,0.46616,0.63135,0.80077,0.97255,1.0833,1.1649,1.2567
15.0,0.014286,0.043675,0.10995,0.20831,0.32744,0.47828,0.652,0.84121,0.96457,1.0542,1.1532
20.0,0.0094933,0.029362,0.075239,0.14634,0.23861,0.36523,0.52504,0.71403,0.84243,0.9366,1.0404
25.0,0.0068535,0.021325,0.055149,0.10877,0.18107,0.28525,0.42535,0.60285,0.72914,0.82357,0.92854
30.0,0.0052239,0.016313,0.042417,0.08436,0.14221,0.2282,0.34897,0.51025,0.62983,0.72117,0.82405
40.0,0.0033697,0.010566,0.02764,0.055473,0.094824,0.15539,0.24495,0.37313,0.47418,0.55432,0.66792
50.0,0.0023802,0.0074912,0.019704,0.03989,0.069135,0.11582,0.18908,0.30394,0.40356,0.48849,0.5932
60.0,0.0020539,0.0064716,0.017046,0.034566,0.060046,0.10092,0.16552,0.26785,0.35751,0.43449,0.53
70.0,0.0018028,0.0056854,0.01499,0.030436,0.052956,0.089198,0.14675,0.23854,0.31953,0.38944,0.47656
80.0,0.0016023,0.0050568,0.013344,0.027119,0.047241,0.079699,0.13141,0.21429,0.28779,0.35146,0.43109
90.0,0.0014378,0.0045404,0.011989,0.024386,0.042519,0.07182,0.11862,0.19389,0.26088,0.31908,0.39206
100.0,0.0012999,0.0041074,0.010852,0.022087,0.038542,0.065165,0.10777,0.17647,0.23778,0.29117,0.35825
110.0,0.0011825,0.0037382,0.0098819,0.020124,0.035139,0.059458,0.098433,0.16142,0.21775,0.26688,0.32871
120.0,0.0010812,0.0034193,0.0090431,0.018425,0.03219,0.054506,0.090312,0.14827,0.2002,0.24556,0.30271
130.0,9.9273E-4,0.0031408,0.0083099,0.016938,0.029608,0.050163,0.083177,0.13669,0.18471,0.22669,0.27964
140.0,9.1481E-4,0.0028954,0.0076634,0.015627,0.027327,0.046323,0.076858,0.12641,0.17092,0.20988,0.25905
150.0,8.4563E-4,0.0026772,0.0070883,0.014459,0.025292,0.042887,0.071177,0.1171,0.15835,0.19445,0.24003
175.0,6.9235E-4,0.0021936,0.0058122,0.011865,0.020774,0.035261,0.058591,0.09654,0.1307,0.16065,0.19851
200.0,5.7515E-4,0.0018234,0.0048346,0.0098764,0.017304,0.029395,0.04889,0.080648,0.10928,0.13441,0.16622
250.0,4.0941E-4,0.0012994,0.0034488,0.0070531,0.012372,0.021042,0.035047,0.05791,0.078565,0.096718,0.11973
300.0,2.9995E-4,9.5276E-4,0.002531,0.0051807,0.009096,0.015485,0.025819,0.042712,0.057994,0.071438,0.088492
350.0,2.2417E-4,7.1255E-4,0.0018943,0.0038802,0.0068178,0.011616,0.019383,0.032096,0.043606,0.053739,0.0666
400.0,1.6998E-4,5.4067E-4,0.0014382,0.0029479,0.005183,0.0088365,0.014756,0.024451,0.033236,0.040974,0.0508
450.0,1.3034E-4,4.148E-4,0.001104,0.0022641,0.003983,0.0067946,0.011353,0.018824,0.025598,0.031567,0.039149
500.0,1.0082E-4,3.2102E-4,8.5482E-4,0.001754,0.003087,0.0052688,0.008808,0.014613,0.019879,0.02452,0.030417
600.0,6.1549E-5,1.9614E-4,5.2273E-4,0.0010735,0.001891,0.0032302,0.0054048,0.0089752,0.012216,0.015075,0.018708
700.0,3.766E-5,1.2008E-4,3.2019E-4,6.578E-4,0.0011589,0.001979,0.0033083,0.0054836,0.0074509,0.0091815,0.011375
800.0,2.3329E-5,7.4423E-5,1.9852E-4,4.0791E-4,7.1859E-4,0.0012265,0.0020479,0.0033866,0.0045922,0.005649,0.0069844
1000.0,9.1896E-6,2.9338E-5,7.8295E-5,1.609E-4,2.8331E-4,4.8282E-4,8.0368E-4,0.0013217,0.0017835,0.0021851,0.0026888
1200.0,3.7093E-6,1.1848E-5,3.1627E-5,6.4986E-5,1.1433E-4,1.9446E-4,3.2249E-4,5.2697E-4,7.0712E-4,8.6236E-4,0.0010554
1500.0,9.8024E-7,3.1327E-6,8.3627E-6,1.7173E-5,3.0163E-5,5.1123E-5,8.4247E-5,1.362E-4,1.8108E-4,2.1916E-4,2.6586E-4
SA0P3
r\m,4.0,4.5,5.0,5.5,6.0,6.5,7.0,7.5,7.8,8.0,8.2
0.0,0.085358,0.19112,0.36402,0.5455,0.67427,0.78526,0.89505,1.0077,1.0819,1.1371,1.1994
1.0,0.080376,0.18421,0.35578,0.53756,0.66766,0.77975,0.89023,1.0032,1.0775,1.1327,1.1949
5.0,0.037912,0.10732,0.24568,0.42109,0.57054,0.70518,0.83412,0.96044,1.0404,1.0984,1.1628
10.0,0.017173,0.053442,0.13733,0.2668,0.40752,0.55744,0.71211,0.86504,0.95865,1.0245,1.0954
15.0,0.010011,0.032016,0.085641,0.1758,0.28749,0.4238,0.58157,0.75025,0.8558,0.92951,1.0078
20.0,0.006698,0.021657,0.058926,0.12409,0.21036,0.32476,0.46975,0.63856,0.74938,0.82791,0.91152
25.0,0.0048642,0.015814,0.043405,0.092646,0.16026,0.25452,0.38172,0.54061,0.6503,0.72984,0.81555
30.0,0.0037274,0.012158,0.033537,0.072151,0.12634,0.2043,0.31411,0.45881,0.56318,0.64073,0.72558
40.0,0.0024274,0.0079453,0.022036,0.047812,0.084841,0.14002,0.2218,0.33735,0.42622,0.49499,0.59104
50.0,0.0017295,0.005679,0.015831,0.03463,0.062275,0.10503,0.17221,0.27629,0.36464,0.43843,0.52755
60.0,0.0015043,0.0049436,0.013794,0.030216,0.05444,0.092075,0.15162,0.2448,0.32472,0.39197,0.4737
70.0,0.0013305,0.0043747,0.012215,0.026782,0.048316,0.081869,0.13519,0.21919,0.29175,0.35313,0.42809
80.0,0.0011911,0.0039183,0.010947,0.024018,0.043369,0.073584,0.12175,0.19797,0.26414,0.32033,0.3892
90.0,0.0010764,0.0035422,0.0099007,0.021734,0.039272,0.066698,0.11051,0.18008,0.2407,0.29232,0.35576
100.0,9.7987E-4,0.0032257,0.0090194,0.019808,0.035812,0.060868,0.10096,0.16479,0.22054,0.26813,0.32674
110.0,8.9736E-4,0.002955,0.008265,0.018158,0.032844,0.055857,0.092729,0.15154,0.20302,0.24704,0.30134
120.0,8.2587E-4,0.0027202,0.0076106,0.016725,0.030265,0.051496,0.085549,0.13994,0.18764,0.22848,0.27892
130.0,7.6322E-4,0.0025145,0.0070367,0.015469,0.028,0.047662,0.079225,0.1297,0.17403,0.21202,0.25899
140.0,7.0782E-4,0.0023325,0.0065288,0.014356,0.025993,0.044262,0.073608,0.12059,0.16189,0.19732,0.24116
150.0,6.5843E-4,0.0021701,0.0060754,0.013361,0.024196,0.041209,0.068541,0.1123,0.15077,0.18377,0.2246
175.0,5.475E-4,0.0018053,0.0050563,0.011125,0.020159,0.034357,0.057195,0.093827,0.12609,0.15381,0.18816
200.0,4.6178E-4,0.0015232,0.0042678,0.0093944,0.01703,0.02904,0.048376,0.07943,0.10682,0.13037,0.1596
250.0,3.3862E-4,0.0011176,0.0031334,0.0069017,0.01252,0.021367,0.035627,0.058569,0.078837,0.096293,0.11798
300.0,2.5541E-4,8.4337E-4,0.0023657,0.0052134,0.0094628,0.016158,0.026961,0.044359,0.059745,0.073008,0.089495
350.0,1.9643E-4,6.4888E-4,0.0018209,0.0040145,0.0072899,0.012454,0.020791,0.034228,0.04612,0.056376,0.069133
400.0,1.5323E-4,5.0637E-4,0.0014215,0.0031351,0.0056951,0.0097331,0.016256,0.026775,0.036089,0.044126,0.054126
450.0,1.2085E-4,3.9947E-4,0.0011218,0.0024748,0.0044971,0.0076882,0.012845,0.021165,0.028536,0.034898,0.042816
500.0,9.6128E-5,3.1785E-4,8.9279E-4,0.0019702,0.0035812,0.0061242,0.010235,0.016871,0.022751,0.027828,0.034147
600.0,6.2028E-5,2.0519E-4,5.7664E-4,0.0012731,0.0023153,0.0039613,0.0066239,0.010924,0.014737,0.01803,0.022131
700.0,4.01E-5,1.3269E-4,3.7296E-4,8.2346E-4,0.0014973,0.0025602,0.0042759,0.0070365,0.0094743,0.011573,0.014179
800.0,2.6237E-5,8.6834E-5,2.4411E-4,5.3892E-4,9.7961E-4,0.0016737,0.0027912,0.0045814,0.0061548,0.0075044,0.0091746
1000.0,1.1523E-5,3.8146E-5,1.0724E-4,2.3668E-4,4.2984E-4,7.3297E-4,0.001218,0.0019872,0.0026558,0.0032244,0.0039225
1200.0,5.1825E-6,1.7158E-5,4.8233E-5,1.0639E-4,1.9299E-4,3.2834E-4,5.4336E-4,8.8054E-4,0.0011699,0.0014136,0.00171
1500.0,1.6096E-6,5.3289E-6,1.4975E-5,3.2999E-5,5.9734E-5,1.0123E-4,1.6638E-4,2.6663E-4,3.5084E-4,4.2061E-4,5.0418E-4
SA0P4
r\m,4.0,4.5,5.0,5.5,6.0,6.5,7.0,7.5,7.8,8.0,8.2
0.0,0.045559,0.10832,0.22275,0.36968,0.50803,0.60958,0.71438,0.8202,0.88448,0.92832,0.97364
1.0,0.04296,0.10452,0.21791,0.3646,0.50344,0.60575,0.71104,0.81713,0.88149,0.92535,0.97068
5.0,0.02051,0.061466,0.15156,0.28721,0.43215,0.54991,0.66847,0.78472,0.85366,0.9,0.94737
10.0,0.009415,0.030978,0.085614,0.1836,0.31096,0.43736,0.57364,0.70995,0.78992,0.84281,0.89599
15.0,0.0055441,0.018739,0.053881,0.122,0.22103,0.3347,0.47115,0.61879,0.70842,0.76805,0.82783
20.0,0.0037403,0.012779,0.037367,0.086767,0.16288,0.25815,0.38279,0.5294,0.62333,0.68726,0.75203
25.0,0.0027361,0.0093992,0.027719,0.065226,0.1249,0.20358,0.31284,0.45055,0.54358,0.60873,0.67593
30.0,0.0021105,0.0072731,0.021556,0.05112,0.099077,0.16438,0.25888,0.38438,0.4731,0.53697,0.60415
40.0,0.0013909,0.0048096,0.01433,0.034269,0.067293,0.11392,0.18476,0.28551,0.36157,0.41881,0.49672
50.0,0.0010017,0.0034748,0.010405,0.025085,0.049914,0.086331,0.14491,0.23612,0.3123,0.37445,0.44744
60.0,8.8009E-4,0.0030552,0.0091574,0.022105,0.044066,0.076426,0.12882,0.21119,0.28069,0.33784,0.40541
70.0,7.8583E-4,0.0027295,0.0081867,0.019779,0.039478,0.068592,0.11593,0.19083,0.25448,0.30709,0.36963
80.0,7.1003E-4,0.0024673,0.0074041,0.0179,0.035759,0.062209,0.10534,0.17389,0.23243,0.28101,0.33897
90.0,6.4737E-4,0.0022504,0.006756,0.016342,0.032668,0.056885,0.096452,0.15955,0.21363,0.25864,0.3125
100.0,5.9448E-4,0.0020672,0.0062081,0.015023,0.030047,0.05236,0.088872,0.14724,0.1974,0.23925,0.28942
110.0,5.4908E-4,0.0019098,0.0057374,0.013888,0.027791,0.048455,0.082312,0.13654,0.18323,0.22226,0.26912
120.0,5.0958E-4,0.0017729,0.0053273,0.0129,0.025822,0.045044,0.076568,0.12713,0.17075,0.20725,0.25114
130.0,4.7483E-4,0.0016523,0.0049663,0.012029,0.024086,0.042033,0.071489,0.11879,0.15964,0.19387,0.23508
140.0,4.4397E-4,0.0015452,0.0046454,0.011254,0.022541,0.039351,0.066958,0.11134,0.1497,0.18188,0.22065
150.0,4.1633E-4,0.0014493,0.0043576,0.010559,0.021151,0.03693,0.062847,0.10451,0.14053,0.17074,0.20713
175.0,3.5311E-4,0.0012297,0.003699,0.0089671,0.017973,0.031401,0.053483,0.089044,0.11985,0.14572,0.17694
200.0,3.0367E-4,0.0010579,0.0031834,0.0077201,0.01548,0.027059,0.046118,0.076847,0.1035,0.12591,0.15299
250.0,2.3133E-4,8.0634E-4,0.0024278,0.0058913,0.011821,0.020679,0.035276,0.058849,0.079332,0.096578,0.11744
300.0,1.8113E-4,6.3164E-4,0.0019027,0.0046193,0.0092734,0.016231,0.027706,0.046258,0.062394,0.075993,0.092456
350.0,1.4453E-4,5.0422E-4,0.0015195,0.0036904,0.0074116,0.012979,0.022165,0.037027,0.049964,0.060873,0.074087
400.0,1.1695E-4,4.0812E-4,0.0012302,0.002989,0.0060051,0.010519,0.017972,0.030037,0.040545,0.049408,0.060149
450.0,9.5633E-5,3.3383E-4,0.0010066,0.0024464,0.0049164,0.0086151,0.014724,0.024618,0.033238,0.040511,0.049328
500.0,7.886E-5,2.7535E-4,8.305E-4,0.0020189,0.0040584,0.0071136,0.012161,0.020339,0.027467,0.033484,0.040778
600.0,5.466E-5,1.9094E-4,5.7615E-4,0.0014012,0.0028181,0.0049418,0.0084525,0.014144,0.019108,0.023298,0.028381
700.0,3.7939E-5,1.3256E-4,4.0007E-4,9.7299E-4,0.0019565,0.0034289,0.0058579,0.0097815,0.01319,0.016057,0.019526
800.0,2.6641E-5,9.3103E-5,2.8101E-4,6.834E-4,0.0013737,0.0024057,0.0041039,0.0068355,0.0091973,0.011177,0.013562
1000.0,1.3466E-5,4.7072E-5,1.4208E-4,3.4542E-4,6.937E-4,0.0012125,0.0020613,0.0034133,0.0045694,0.0055297,0.0066776
1200.0,6.9654E-6,2.4351E-5,7.3489E-5,1.7857E-4,3.5821E-4,6.2471E-4,0.0010578,0.00174,0.0023162,0.0027898,0.0033507
1500.0,2.6659E-6,9.3199E-6,2.8116E-5,6.8252E-5,1.3663E-4,2.3737E-4,3.9929E-4,6.4967E-4,8.5676E-4,0.0010241,0.0012191
SA0P5
r\m,4.0,4.5,5.0,5.5,6.0,6.5,7.0,7.5,7.8,8.0,8.2
0.0,0.028278,0.069184,0.14712,0.25782,0.37969,0.47859,0.58088,0.67849,0.72649,0.75089,0.76737
1.0,0.026675,0.066786,0.14399,0.25439,0.37642,0.47578,0.5784,0.67623,0.72433,0.74879,0.76534
5.0,0.012753,0.03936,0.10039,0.20088,0.32387,0.43285,0.54486,0.65062,0.70273,0.72957,0.74827
10.0,0.0058643,0.01989,0.056898,0.12888,0.23389,0.34543,0.46901,0.59027,0.65198,0.68496,0.70943
15.0,0.0034595,0.012062,0.035918,0.085935,0.16685,0.26531,0.38654,0.5161,0.58644,0.62597,0.65726
20.0,0.0023383,0.0082452,0.02498,0.061315,0.12338,0.20537,0.31515,0.44301,0.51763,0.56183,0.59882
25.0,0.0017137,0.0060782,0.01858,0.046231,0.094927,0.16251,0.25846,0.37829,0.45287,0.4992,0.53986
30.0,0.0013244,0.0047139,0.014486,0.036336,0.075532,0.13165,0.2146,0.3238,0.39543,0.44175,0.48403
40.0,8.762E-4,0.0031309,0.0096773,0.02449,0.051601,0.091798,0.15414,0.24208,0.30415,0.34674,0.40044
50.0,6.3347E-4,0.0022717,0.0070596,0.018018,0.038483,0.069972,0.12163,0.20145,0.26434,0.31193,0.36294
60.0,5.5875E-4,0.0020058,0.0062414,0.015955,0.034151,0.062285,0.10874,0.18124,0.23901,0.28312,0.33082
70.0,5.0086E-4,0.0017995,0.0056048,0.014344,0.03075,0.056196,0.098398,0.16471,0.21794,0.25885,0.30337
80.0,4.5432E-4,0.0016334,0.0050913,0.013042,0.027989,0.051228,0.089886,0.15091,0.20017,0.2382,0.27979
90.0,4.1586E-4,0.001496,0.004666,0.011961,0.025692,0.047077,0.082733,0.13921,0.18498,0.22044,0.25936
100.0,3.8338E-4,0.0013799,0.0043061,0.011045,0.023742,0.043544,0.076617,0.12914,0.17184,0.205,0.2415
110.0,3.555E-4,0.0012801,0.0039966,0.010257,0.022061,0.040491,0.071315,0.12037,0.16033,0.19145,0.22576
120.0,3.3123E-4,0.0011932,0.0037268,0.009569,0.020592,0.037819,0.066663,0.11264,0.15017,0.17943,0.21176
130.0,3.0985E-4,0.0011166,0.003489,0.008962,0.019295,0.035456,0.06254,0.10577,0.14111,0.16871,0.19924
140.0,2.9086E-4,0.0010485,0.0032773,0.0084214,0.018139,0.033347,0.058855,0.099614,0.13298,0.15906,0.18795
150.0,2.7382E-4,9.8738E-4,0.0030872,0.0079352,0.017096,0.031439,0.055501,0.093959,0.12544,0.15005,0.17731
175.0,2.3455E-4,8.4633E-4,0.0026481,0.0068116,0.014687,0.027035,0.04778,0.081005,0.10827,0.12962,0.15332
200.0,2.0371E-4,7.3549E-4,0.0023027,0.0059269,0.012788,0.023557,0.04167,0.070723,0.094603,0.11333,0.13415
250.0,1.5828E-4,5.7201E-4,0.0017926,0.0046189,0.0099768,0.018399,0.03259,0.055398,0.074186,0.08895,0.10539
300.0,1.264E-4,4.5718E-4,0.0014339,0.0036976,0.0079937,0.014755,0.026161,0.044519,0.059664,0.071578,0.084861
350.0,1.0288E-4,3.7236E-4,0.0011687,0.0030157,0.0065239,0.012051,0.021383,0.036419,0.048837,0.058614,0.069524
400.0,8.4908E-5,3.0748E-4,9.6562E-4,0.0024932,0.0053968,0.0099751,0.017711,0.030187,0.040498,0.048622,0.057692
450.0,7.0822E-5,2.566E-4,8.0624E-4,0.0020827,0.0045107,0.0083418,0.014819,0.025273,0.033919,0.040734,0.048346
500.0,5.9569E-5,2.1593E-4,6.7875E-4,0.0017542,0.003801,0.0070325,0.012499,0.021328,0.028633,0.034394,0.040832
600.0,4.2957E-5,1.5584E-4,4.9024E-4,0.001268,0.0027496,0.0050915,0.0090569,0.015467,0.020777,0.024966,0.029651
700.0,3.1021E-5,1.126E-4,3.5438E-4,9.1689E-4,0.0019884,0.003681,0.0065421,0.011153,0.014957,0.017948,0.021282
800.0,2.2664E-5,8.2302E-5,2.5911E-4,6.7054E-4,0.0014541,0.0026904,0.0047761,0.0081243,0.010874,0.013028,0.015418
1000.0,1.2401E-5,4.5065E-5,1.4194E-4,3.6735E-4,7.9621E-4,0.0014711,0.0026038,0.004406,0.0058701,0.0070053,0.0082533
1200.0,6.9442E-6,2.5246E-5,7.9534E-5,2.058E-4,4.4571E-4,8.2197E-4,0.0014497,0.0024382,0.0032312,0.0038393,0.0045002
1500.0,2.9936E-6,1.0888E-5,3.4303E-5,8.8714E-5,1.9182E-4,3.5257E-4,6.1812E-4,0.0010291,0.0013518,0.0015946,0.0018535
SA0P75
r\m,4.0,4.5,5.0,5.5,6.0,6.5,7.0,7.5,7.8,8.0,8.2
0.0,0.011817,0.029359,0.064932,0.12434,0.20989,0.30802,0.39443,0.47162,0.50683,0.52107,0.52526
1.0,0.011152,0.028359,0.063591,0.12277,0.20821,0.3064,0.39298,0.47032,0.50561,0.51991,0.52417
5.0,0.0053397,0.01677,0.044522,0.097353,0.17985,0.27974,0.37136,0.45381,0.49187,0.50791,0.5138
10.0,0.0024603,0.0085106,0.025379,0.062869,0.13073,0.22459,0.32138,0.41364,0.45832,0.4788,0.48904
15.0,0.0014547,0.0051809,0.016105,0.04218,0.093888,0.17365,0.26651,0.36365,0.41433,0.43967,0.45512
20.0,9.8556E-4,0.0035542,0.011253,0.030265,0.069865,0.13529,0.21867,0.31399,0.36773,0.39668,0.41672
25.0,7.241E-4,0.0026291,0.0084064,0.022937,0.054063,0.10772,0.18046,0.26973,0.32356,0.3544,0.37766
30.0,5.6102E-4,0.0020457,0.0065806,0.018114,0.043249,0.087777,0.15074,0.23226,0.28416,0.31537,0.34043
40.0,3.7305E-4,0.0013674,0.0044297,0.012316,0.029838,0.061864,0.1095,0.17563,0.22105,0.25031,0.28472
50.0,2.7111E-4,9.9827E-4,0.0032546,0.0091346,0.022453,0.047618,0.087306,0.14773,0.1942,0.22761,0.26081
60.0,2.4039E-4,8.8682E-4,0.0028972,0.0081509,0.020093,0.042773,0.078815,0.13427,0.1774,0.20873,0.24019
70.0,2.1663E-4,8.0036E-4,0.002619,0.0073818,0.018236,0.038924,0.071973,0.12319,0.16334,0.19272,0.22244
80.0,1.9755E-4,7.3079E-4,0.0023946,0.0067592,0.016727,0.035774,0.06632,0.1139,0.15143,0.17902,0.20711
90.0,1.8179E-4,6.7324E-4,0.0022086,0.0062418,0.015468,0.033136,0.061554,0.106,0.1412,0.16718,0.19375
100.0,1.6849E-4,6.246E-4,0.0020511,0.005803,0.014397,0.030884,0.057465,0.099164,0.1323,0.15684,0.18201
110.0,1.5708E-4,5.828E-4,0.0019155,0.0054246,0.013472,0.028933,0.053909,0.093187,0.12449,0.14772,0.17162
120.0,1.4714E-4,5.4636E-4,0.0017972,0.0050938,0.012662,0.027221,0.050779,0.087902,0.11755,0.1396,0.16233
130.0,1.3839E-4,5.1424E-4,0.0016928,0.0048016,0.011945,0.025703,0.047996,0.083186,0.11134,0.13232,0.15398
140.0,1.3061E-4,4.8564E-4,0.0015998,0.0045408,0.011305,0.024345,0.0455,0.078946,0.10575,0.12574,0.14642
150.0,1.2363E-4,4.5995E-4,0.001516,0.0043057,0.010726,0.023111,0.043218,0.075023,0.10052,0.11955,0.13922
175.0,1.0733E-4,3.9989E-4,0.0013199,0.0037541,0.0093658,0.020213,0.037865,0.065869,0.088386,0.10523,0.1227
200.0,9.4494E-5,3.5247E-4,0.0011648,0.0033169,0.0082856,0.017905,0.033592,0.058531,0.078629,0.093692,0.10935
250.0,7.544E-5,2.8195E-4,9.3359E-4,0.0026639,0.0066682,0.014441,0.027154,0.047434,0.063828,0.076149,0.088992
300.0,6.191E-5,2.3175E-4,7.6862E-4,0.0021967,0.0055079,0.011948,0.022507,0.039391,0.053071,0.063371,0.074128
350.0,5.1782E-5,1.941E-4,6.4461E-4,0.0018449,0.004632,0.010062,0.018982,0.033273,0.044872,0.053617,0.062764
400.0,4.3918E-5,1.6481E-4,5.4799E-4,0.0015702,0.003947,0.0085847,0.016215,0.028458,0.03841,0.045922,0.053787
450.0,3.7645E-5,1.4142E-4,4.707E-4,0.0013501,0.0033973,0.007397,0.013986,0.024574,0.033191,0.039701,0.046524
500.0,3.2541E-5,1.2236E-4,4.0762E-4,0.0011703,0.0029475,0.0064236,0.012157,0.021382,0.028897,0.034579,0.040538
600.0,2.4785E-5,9.3342E-5,3.1146E-4,8.956E-4,0.0022594,0.0049319,0.0093493,0.016471,0.022282,0.026682,0.031303
700.0,1.8905E-5,7.1284E-5,2.3813E-4,6.8544E-4,0.0017306,0.0037793,0.0071636,0.012609,0.017039,0.020384,0.023887
800.0,1.4589E-5,5.5066E-5,1.8413E-4,5.3042E-4,0.00134,0.0029266,0.0055448,0.009746,0.013152,0.015714,0.018386
1000.0,8.9068E-6,3.3675E-5,1.1276E-4,3.252E-4,8.22E-4,0.0017947,0.0033944,0.0059434,0.007991,0.0095181,0.011096
1200.0,5.565E-6,2.1066E-5,7.0616E-5,2.0379E-4,5.1516E-4,0.0011237,0.0021201,0.0036943,0.0049453,0.0058688,0.0068124
1500.0,2.8278E-6,1.072E-5,3.5972E-5,1.0386E-4,2.6242E-4,5.7122E-4,0.0010727,0.0018536,0.0024627,0.0029045,0.0033472
SA1P0
r\m,4.0,4.5,5.0,5.5,6.0,6.5,7.0,7.5,7.8,8.0,8.2
0.0,0.0064322,0.015829,0.035309,0.070726,0.13017,0.21347,0.28302,0.35964,0.39814,0.41519,0.4219
1.0,0.0060691,0.015291,0.034588,0.069847,0.12917,0.2124,0.28205,0.35874,0.39728,0.41437,0.42113
5.0,0.0028906,0.0090277,0.024229,0.055474,0.11178,0.19427,0.26698,0.34666,0.38702,0.40534,0.41332
10.0,0.0013247,0.0045721,0.013819,0.035907,0.081509,0.1565,0.23177,0.31684,0.36151,0.383,0.39426
15.0,7.8074E-4,0.00278,0.0087753,0.024145,0.05873,0.12146,0.19291,0.27949,0.32783,0.35271,0.36791
20.0,5.2786E-4,0.001906,0.0061366,0.01736,0.043836,0.09498,0.1589,0.24222,0.29197,0.31928,0.33791
25.0,3.8728E-4,0.0014095,0.004588,0.013181,0.034015,0.075886,0.13164,0.20887,0.25785,0.28625,0.30726
30.0,2.9977E-4,0.0010967,0.0035948,0.010428,0.027282,0.062035,0.11036,0.18053,0.22729,0.25565,0.27794
40.0,1.9913E-4,7.3342E-4,0.0024245,0.0071138,0.01891,0.043977,0.080708,0.1375,0.17809,0.20436,0.23409
50.0,1.4468E-4,5.359E-4,0.0017849,0.0052927,0.014289,0.034025,0.064736,0.11643,0.15753,0.18711,0.21591
60.0,1.2831E-4,4.7661E-4,0.0015922,0.0047368,0.012837,0.030708,0.058761,0.10646,0.14481,0.17269,0.20012
70.0,1.1569E-4,4.3071E-4,0.0014423,0.0043022,0.011693,0.028067,0.053932,0.098227,0.13413,0.16042,0.18648
80.0,1.0558E-4,3.9384E-4,0.0013215,0.0039505,0.010763,0.025903,0.049933,0.091305,0.12504,0.14987,0.17464
90.0,9.7248E-5,3.6339E-4,0.0012215,0.0036582,0.0099861,0.024087,0.046552,0.085391,0.1172,0.14072,0.16428
100.0,9.0234E-5,3.3769E-4,0.0011369,0.0034102,0.0093252,0.022535,0.043646,0.080265,0.11037,0.13269,0.15515
110.0,8.4223E-5,3.1562E-4,0.0010641,0.0031964,0.0087536,0.021188,0.041113,0.07577,0.10434,0.12559,0.14702
120.0,7.8999E-5,2.9641E-4,0.0010005,0.0030094,0.0082528,0.020005,0.038879,0.071784,0.098981,0.11925,0.13975
130.0,7.4404E-5,2.7948E-4,9.4449E-4,0.0028442,0.0078092,0.018954,0.036888,0.068219,0.09417,0.11354,0.13318
140.0,7.0322E-5,2.6443E-4,8.9455E-4,0.0026967,0.0074126,0.018012,0.0351,0.065005,0.08982,0.10838,0.12721
150.0,6.6664E-5,2.5091E-4,8.4963E-4,0.0025637,0.0070536,0.017156,0.033461,0.062021,0.085734,0.10347,0.12149
175.0,5.8112E-5,2.192E-4,7.4386E-4,0.0022496,0.0062034,0.015124,0.029574,0.054971,0.076134,0.092015,0.1082
200.0,5.1378E-5,1.9416E-4,6.6014E-4,0.0020002,0.0055264,0.013501,0.026456,0.049289,0.068369,0.082719,0.097379
250.0,4.139E-5,1.569E-4,5.3513E-4,0.0016265,0.0045085,0.01105,0.021728,0.040628,0.056487,0.068457,0.080729
300.0,3.4292E-5,1.3032E-4,4.4561E-4,0.0013579,0.0037736,0.0092734,0.018283,0.034284,0.047751,0.057942,0.068417
350.0,2.8965E-5,1.1031E-4,3.7801E-4,0.0011544,0.003215,0.007918,0.015646,0.029407,0.041017,0.04982,0.058888
400.0,2.4815E-5,9.4683E-5,3.2505E-4,9.9451E-4,0.0027749,0.0068471,0.013556,0.025528,0.03565,0.043337,0.051269
450.0,2.149E-5,8.2132E-5,2.8242E-4,8.6551E-4,0.002419,0.0059786,0.011856,0.022366,0.031267,0.038036,0.04503
500.0,1.8771E-5,7.1843E-5,2.474E-4,7.593E-4,0.0021252,0.0052604,0.010448,0.019738,0.027619,0.03362,0.039827
600.0,1.4602E-5,5.603E-5,1.9344E-4,5.9518E-4,0.0016701,0.0041444,0.0082523,0.015631,0.021907,0.026695,0.031658
700.0,1.1379E-5,4.3753E-5,1.5135E-4,4.6651E-4,0.0013112,0.0032578,0.006492,0.012297,0.017227,0.020981,0.024864
800.0,8.9744E-6,3.4565E-5,1.1976E-4,3.697E-4,0.0010403,0.0025872,0.0051572,0.0097633,0.013666,0.01663,0.019687
1000.0,5.7253E-6,2.2113E-5,7.6814E-5,2.3767E-4,6.6997E-4,0.0016677,0.0033229,0.0062761,0.0087617,0.010637,0.012557
1200.0,3.7397E-6,1.4476E-5,5.0384E-5,1.5615E-4,4.4062E-4,0.0010969,0.0021828,0.0041084,0.0057159,0.0069192,0.0081394
1500.0,2.0324E-6,7.8876E-6,2.7514E-5,8.5412E-5,2.4118E-4,5.9995E-4,0.0011901,0.0022253,0.003077,0.0037055,0.0043325
SA1P5
r\m,4.0,4.5,5.0,5.5,6.0,6.5,7.0,7.5,7.8,8.0,8.2
0.0,0.0027204,0.0065335,0.014444,0.0295,0.057433,0.10603,0.16374,0.21908,0.25438,0.27605,0.29393
1.0,0.0025652,0.0063106,0.014149,0.029138,0.056999,0.10551,0.1632,0.21857,0.25387,0.27554,0.29343
5.0,0.0012106,0.0037122,0.0099073,0.023168,0.049406,0.096667,0.15471,0.21147,0.24758,0.26981,0.28827
10.0,5.4953E-4,0.0018711,0.0056458,0.015023,0.036141,0.078147,0.13474,0.1938,0.23182,0.2555,0.27552
15.0,3.2185E-4,0.001134,0.003583,0.010118,0.026126,0.060893,0.11261,0.17158,0.21091,0.236,0.25781
20.0,2.1664E-4,7.7564E-4,0.0025048,0.0072857,0.019558,0.047805,0.093156,0.14931,0.18855,0.21439,0.23757
25.0,1.5841E-4,5.726E-4,0.0018724,0.0055395,0.015217,0.038333,0.077495,0.1293,0.16719,0.19295,0.2168
30.0,1.2229E-4,4.4494E-4,0.001467,0.0043878,0.012233,0.031441,0.065224,0.11222,0.14797,0.173,0.19685
40.0,8.0911E-5,2.9699E-4,9.8961E-4,0.0029999,0.0085141,0.022418,0.048038,0.086142,0.11687,0.13939,0.16707
50.0,5.8619E-5,2.1674E-4,7.2885E-4,0.0022365,0.0064567,0.017431,0.038771,0.073453,0.10413,0.12857,0.15524
60.0,5.1878E-5,1.9261E-4,6.5052E-4,0.0020053,0.0058189,0.0158,0.035384,0.067592,0.096372,0.11948,0.1449
70.0,4.67E-5,1.7399E-4,5.8968E-4,0.0018246,0.0053157,0.014499,0.032636,0.062723,0.08981,0.11169,0.1359
80.0,4.2567E-5,1.5905E-4,5.407E-4,0.0016782,0.0049056,0.013428,0.030351,0.058609,0.084195,0.10496,0.12804
90.0,3.9172E-5,1.4674E-4,5.0016E-4,0.0015566,0.0045629,0.012529,0.028412,0.055078,0.079332,0.099086,0.12112
100.0,3.6321E-5,1.3637E-4,4.659E-4,0.0014534,0.004271,0.011758,0.026741,0.052005,0.075069,0.093911,0.11499
110.0,3.3884E-5,1.2749E-4,4.3644E-4,0.0013644,0.0040183,0.011088,0.025279,0.049299,0.071295,0.089308,0.10951
120.0,3.177E-5,1.1976E-4,4.1075E-4,0.0012866,0.0037966,0.010498,0.023987,0.046892,0.067923,0.085181,0.10458
130.0,2.9915E-5,1.1296E-4,3.881E-4,0.0012178,0.0036,0.0099727,0.022833,0.044732,0.064884,0.081452,0.10011
140.0,2.827E-5,1.0692E-4,3.6793E-4,0.0011564,0.0034241,0.0095015,0.021793,0.042777,0.062127,0.078061,0.096029
150.0,2.6798E-5,1.015E-4,3.4979E-4,0.001101,0.0032647,0.009072,0.020837,0.040953,0.059522,0.07482,0.092079
175.0,2.3365E-5,8.8788E-5,3.0701E-4,9.6952E-4,0.0028848,0.0080444,0.018544,0.036591,0.053315,0.067138,0.082781
200.0,2.067E-5,7.8771E-5,2.7315E-4,8.6509E-4,0.0025816,0.0072204,0.016696,0.033051,0.048257,0.060857,0.07515
250.0,1.6686E-5,6.3887E-5,2.2259E-4,7.0836E-4,0.0021241,0.0059701,0.013874,0.027609,0.040444,0.051119,0.063273
300.0,1.3862E-5,5.3281E-5,1.8636E-4,5.9537E-4,0.0017923,0.0050575,0.011801,0.02358,0.034631,0.043848,0.05437
350.0,1.1747E-5,4.53E-5,1.5897E-4,5.0951E-4,0.0015389,0.0043569,0.0102,0.020452,0.0301,0.038165,0.047393
400.0,1.01E-5,3.9061E-5,1.3746E-4,4.4184E-4,0.0013383,0.0037998,0.0089218,0.017941,0.026451,0.03358,0.041751
450.0,8.7817E-6,3.4046E-5,1.2011E-4,3.8704E-4,0.0011752,0.0033453,0.0078745,0.015876,0.023443,0.029792,0.037081
500.0,7.7023E-6,2.9928E-5,1.0582E-4,3.4174E-4,0.00104,0.0029671,0.007,0.014145,0.020916,0.026606,0.033146
600.0,6.045E-6,2.3579E-5,8.3692E-5,2.7133E-4,8.2895E-4,0.0023741,0.0056229,0.011407,0.016907,0.021541,0.026879
700.0,4.7551E-6,1.8606E-5,6.6244E-5,2.154E-4,6.5988E-4,0.0018945,0.0044961,0.0091335,0.013543,0.017257,0.021532
800.0,3.7867E-6,1.4857E-5,5.3033E-5,1.7287E-4,5.3078E-4,0.0015268,0.0036285,0.0073759,0.010936,0.013932,0.017376
1000.0,2.4651E-6,9.7145E-6,3.4825E-5,1.1396E-4,3.5111E-4,0.0010127,0.0024103,0.0048988,0.0072549,0.0092309,0.011494
1200.0,1.6443E-6,6.5027E-6,2.3389E-5,7.6764E-5,2.3709E-4,6.8493E-4,0.0016307,0.0033091,0.0048904,0.0062106,0.0077151
1500.0,9.2306E-7,3.6658E-6,1.3236E-5,4.3584E-5,1.3494E-4,3.9026E-4,9.2819E-4,0.0018759,0.0027604,0.0034927,0.0043194
SA2P0
r\m,4.0,4.5,5.0,5.5,6.0,6.5,7.0,7.5,7.8,8.0,8.2
0.0,0.0015046,0.0035663,0.0078984,0.016423,0.033287,0.065766,0.10465,0.15321,0.18998,0.21673,0.24397
1.0,0.0014181,0.0034442,0.007738,0.016223,0.03304,0.065459,0.10433,0.15287,0.18963,0.21636,0.24359
5.0,6.6396E-4,0.0020192,0.0054145,0.012908,0.028673,0.060048,0.099012,0.14805,0.18511,0.21205,0.2395
10.0,2.9895E-4,0.0010134,0.0030818,0.0083781,0.021021,0.04867,0.086448,0.13598,0.17366,0.20116,0.22928
15.0,1.7416E-4,6.123E-4,0.0019541,0.0056484,0.01523,0.038036,0.072473,0.12072,0.15839,0.18625,0.21501
20.0,1.1678E-4,4.1793E-4,0.0013653,0.0040708,0.011425,0.029947,0.060146,0.10538,0.14202,0.16966,0.19864
25.0,8.5152E-5,3.0805E-4,0.0010203,0.0030977,0.0089058,0.024078,0.050191,0.091554,0.12632,0.15315,0.18179
30.0,6.559E-5,2.3908E-4,7.9926E-4,0.0024557,0.007172,0.019797,0.04237,0.079715,0.11215,0.13774,0.16555
40.0,4.3255E-5,1.5932E-4,5.3915E-4,0.0016816,0.0050068,0.014177,0.031375,0.06156,0.089122,0.11165,0.14135
50.0,3.1266E-5,1.1616E-4,3.9718E-4,0.0012555,0.0038071,0.011066,0.025442,0.052778,0.079864,0.10358,0.1321
60.0,2.7624E-5,1.0316E-4,3.5464E-4,0.0011273,0.0034393,0.010064,0.023318,0.048807,0.074299,0.09678,0.12397
70.0,2.4837E-5,9.3151E-5,3.2164E-4,0.0010271,0.003149,0.0092635,0.02159,0.045495,0.069574,0.09092,0.11687
80.0,2.2619E-5,8.5145E-5,2.9511E-4,9.4607E-4,0.0029122,0.0086042,0.020149,0.042687,0.065515,0.085836,0.11063
90.0,2.0801E-5,7.8558E-5,2.7317E-4,8.7869E-4,0.0027143,0.008049,0.018924,0.04027,0.061986,0.081383,0.10513
100.0,1.9279E-5,7.3018E-5,2.5465E-4,8.2154E-4,0.0025455,0.0075728,0.017865,0.03816,0.058884,0.077446,0.10022
110.0,1.798E-5,6.8275E-5,2.3874E-4,7.7226E-4,0.0023993,0.0071582,0.016938,0.036297,0.056128,0.073932,0.095829
120.0,1.6856E-5,6.4158E-5,2.2487E-4,7.2917E-4,0.0022711,0.0067928,0.016117,0.034636,0.053659,0.070771,0.091857
130.0,1.5871E-5,6.054E-5,2.1265E-4,6.9108E-4,0.0021573,0.0064674,0.015382,0.033142,0.051428,0.067907,0.088246
140.0,1.4999E-5,5.7328E-5,2.0178E-4,6.5708E-4,0.0020554,0.0061751,0.014719,0.031787,0.049399,0.065295,0.084943
150.0,1.422E-5,5.4451E-5,1.9201E-4,6.2641E-4,0.001963,0.0059082,0.014107,0.030518,0.047471,0.062783,0.081718
175.0,1.2406E-5,4.7703E-5,1.6892E-4,5.5341E-4,0.0017417,0.005265,0.012628,0.027448,0.042825,0.056758,0.074037
200.0,1.0985E-5,4.2392E-5,1.5066E-4,4.9538E-4,0.0015648,0.004748,0.011432,0.024947,0.039019,0.051803,0.067695
250.0,8.8898E-6,3.4514E-5,1.234E-4,4.0821E-4,0.0012973,0.0039607,0.0095966,0.021077,0.033099,0.044064,0.057744
300.0,7.4091E-6,2.8906E-5,1.0386E-4,3.4527E-4,0.0011027,0.0033834,0.0082393,0.01819,0.028655,0.038229,0.050207
350.0,6.3015E-6,2.4687E-5,8.9067E-5,2.9733E-4,9.536E-4,0.0029381,0.0071853,0.015931,0.025162,0.033629,0.044245
400.0,5.4398E-6,2.1388E-5,7.7441E-5,2.5945E-4,8.3511E-4,0.0025824,0.0063383,0.014105,0.022328,0.029886,0.039381
450.0,4.7495E-6,1.8733E-5,6.8043E-5,2.2869E-4,7.3843E-4,0.0022907,0.0056404,0.012592,0.019973,0.026769,0.03532
500.0,4.1841E-6,1.655E-5,6.0283E-5,2.0318E-4,6.5793E-4,0.0020468,0.0050543,0.011316,0.01798,0.024126,0.03187
600.0,3.3144E-6,1.3174E-5,4.8222E-5,1.6333E-4,5.3148E-4,0.0016616,0.0041232,0.0092775,0.014785,0.019879,0.026312
700.0,2.6326E-6,1.0506E-5,3.8608E-5,1.3127E-4,4.2871E-4,0.0013448,0.003347,0.007549,0.012044,0.016202,0.021455
800.0,2.1175E-6,8.4801E-6,3.1268E-5,1.0666E-4,3.4939E-4,0.001099,0.0027412,0.0061925,0.009885,0.013301,0.017614
1000.0,1.4074E-6,5.6684E-6,2.1015E-5,7.206E-5,2.3718E-4,7.4904E-4,0.0018739,0.0042394,0.0067674,0.0091022,0.012045
1200.0,9.5904E-7,3.8805E-6,1.4449E-5,4.9746E-5,1.6431E-4,5.2034E-4,0.0013038,0.0029492,0.004703,0.0063183,0.0083486
1500.0,5.5635E-7,2.2636E-6,8.4717E-6,2.9301E-5,9.7147E-5,3.0842E-4,7.7322E-4,0.0017454,0.0027754,0.0037188,0.0048979
SA3P0
r\m,4.0,4.5,5.0,5.5,6.0,6.5,7.0,7.5,7.8,8.0,8.2
0.0,7.6771E-4,0.0017931,0.0039512,0.0081978,0.01668,0.033556,0.056958,0.092482,0.12504,0.15327,0.188
1.0,7.2285E-4,0.001731,0.0038702,0.0080976,0.016556,0.033398,0.056779,0.092274,0.1248,0.15301,0.1877
5.0,3.345E-4,0.0010089,0.002702,0.0064401,0.014373,0.030654,0.053912,0.089395,0.12185,0.14998,0.18457
10.0,1.4875E-4,5.0255E-4,0.0015326,0.0041777,0.010549,0.024889,0.047152,0.082218,0.11444,0.14241,0.17683
15.0,8.5926E-5,3.0195E-4,9.6898E-4,0.002815,0.0076516,0.019492,0.039624,0.073151,0.10458,0.13207,0.16607
20.0,5.7254E-5,2.0521E-4,6.7543E-4,0.0020277,0.0057456,0.015379,0.032967,0.064016,0.093982,0.12056,0.15372
25.0,4.1534E-5,1.5073E-4,5.0375E-4,0.0015422,0.0044823,0.012387,0.027578,0.05576,0.083803,0.10909,0.14099
30.0,3.1856E-5,1.1664E-4,3.9395E-4,0.001222,0.0036119,0.010201,0.023334,0.048674,0.074597,0.09836,0.1287
40.0,2.0863E-5,7.7343E-5,2.6497E-4,8.3598E-4,0.0025238,0.0073242,0.017346,0.037767,0.059569,0.080124,0.11041
50.0,1.4997E-5,5.6164E-5,1.9472E-4,6.2358E-4,0.0019202,0.005728,0.014111,0.032512,0.053617,0.074672,0.10366
60.0,1.3188E-5,4.971E-5,1.7349E-4,5.5945E-4,0.0017354,0.0052177,0.012967,0.03017,0.050075,0.07005,0.097689
70.0,1.1809E-5,4.4752E-5,1.5705E-4,5.0929E-4,0.0015892,0.0048083,0.012032,0.028207,0.04705,0.066047,0.092437
80.0,1.0715E-5,4.0795E-5,1.4384E-4,4.6869E-4,0.0014698,0.0044704,0.011249,0.026535,0.044436,0.062553,0.087802
90.0,9.8218E-6,3.7546E-5,1.3293E-4,4.3495E-4,0.0013698,0.0041852,0.010582,0.025088,0.042153,0.059476,0.083684
100.0,9.0752E-6,3.4817E-5,1.2372E-4,4.0632E-4,0.0012845,0.00394,0.010003,0.02382,0.040136,0.056741,0.08
110.0,8.4399E-6,3.2486E-5,1.1581E-4,3.8163E-4,0.0012106,0.0037261,0.0094942,0.022697,0.038337,0.05429,0.076678
120.0,7.8913E-6,3.0465E-5,1.0893E-4,3.6005E-4,0.0011456,0.0035373,0.0090424,0.021691,0.036717,0.052075,0.073664
130.0,7.4116E-6,2.8691E-5,1.0287E-4,3.4096E-4,0.0010879,0.0033688,0.0086373,0.020783,0.035249,0.050059,0.07091
140.0,6.9878E-6,2.7119E-5,9.7482E-5,3.2392E-4,0.0010362,0.0032172,0.0082709,0.019958,0.033908,0.048213,0.068381
150.0,6.6099E-6,2.5712E-5,9.264E-5,3.0855E-4,9.8934E-4,0.0030786,0.0079323,0.019181,0.032628,0.046428,0.065895
175.0,5.7364E-6,2.2432E-5,8.1248E-5,2.7204E-4,8.7697E-4,0.0027438,0.0071091,0.01729,0.029518,0.042107,0.059915
200.0,5.0551E-6,1.9857E-5,7.2252E-5,2.4303E-4,7.8705E-4,0.002474,0.0064406,0.015741,0.026955,0.03853,0.054941
250.0,4.0557E-6,1.6052E-5,5.8852E-5,1.9947E-4,6.5094E-4,0.002062,0.0054102,0.013329,0.022936,0.032895,0.047065
300.0,3.3539E-6,1.3357E-5,4.9274E-5,1.6804E-4,5.5181E-4,0.001759,0.0046443,0.011515,0.019893,0.028606,0.041038
350.0,2.8322E-6,1.1338E-5,4.2045E-5,1.4414E-4,4.7582E-4,0.0015247,0.0040473,0.010089,0.017486,0.0252,0.036231
400.0,2.4284E-6,9.766E-6,3.638E-5,1.2529E-4,4.1545E-4,0.0013374,0.0035662,0.0089308,0.015522,0.022411,0.032282
450.0,2.1068E-6,8.5062E-6,3.1813E-5,1.1E-4,3.6622E-4,0.0011836,0.0031689,0.0079681,0.013882,0.020077,0.028968
500.0,1.8446E-6,7.4744E-6,2.8054E-5,9.7348E-5,3.2526E-4,0.001055,0.0028348,0.0071537,0.012491,0.018091,0.02614
600.0,1.4443E-6,5.8885E-6,2.2238E-5,7.7645E-5,2.6104E-4,8.5194E-4,0.0023034,0.005849,0.010251,0.014884,0.021561
700.0,1.1346E-6,4.6495E-6,1.7647E-5,6.1919E-5,2.0916E-4,6.8569E-4,0.0018616,0.0047443,0.0083307,0.01211,0.017561
800.0,9.0302E-7,3.7168E-6,1.4168E-5,4.9919E-5,1.693E-4,5.5706E-4,0.0015173,0.0038774,0.0068176,0.0099179,0.014392
1000.0,5.8815E-7,2.4384E-6,9.3608E-6,3.3207E-5,1.1334E-4,3.7505E-4,0.0010264,0.0026321,0.0046344,0.0067461,0.0097931
1200.0,3.9311E-7,1.6394E-6,6.3288E-6,2.2571E-5,7.7412E-5,2.5722E-4,7.0611E-4,0.0018138,0.0031942,0.0046487,0.0067453
1500.0,2.2176E-7,9.3136E-7,3.6197E-6,1.2989E-5,4.4792E-5,1.4946E-4,4.1134E-4,0.0010569,0.0018592,0.0027023,0.0039142
SA4P0
r\m,4.0,4.5,5.0,5.5,6.0,6.5,7.0,7.5,7.8,8.0,8.2
0.0,4.8478E-4,0.0011299,0.0024921,0.0051511,0.010402,0.020774,0.038975,0.065351,0.091346,0.11547,0.1473
1.0,4.5613E-4,0.0010903,0.0024403,0.005087,0.010322,0.020673,0.038845,0.065191,0.091153,0.11524,0.14703
5.0,2.0958E-4,6.3294E-4,0.0017,0.0040411,0.008955,0.018964,0.036864,0.063121,0.088944,0.11289,0.14448
10.0,9.249E-5,3.1363E-4,9.612E-4,0.0026172,0.0065679,0.015393,0.032236,0.058036,0.083503,0.10714,0.13836
15.0,5.3133E-5,1.8767E-4,6.0607E-4,0.0017607,0.0047607,0.012054,0.027091,0.051636,0.0763,0.09935,0.1299
20.0,3.5251E-5,1.2712E-4,4.2146E-4,0.0012664,0.0035723,0.0095083,0.022543,0.045196,0.068577,0.090696,0.12023
25.0,2.548E-5,9.3102E-5,3.1366E-4,9.6184E-4,0.0027847,0.0076569,0.01886,0.039376,0.061162,0.082078,0.11029
30.0,1.9481E-5,7.186E-5,2.4482E-4,7.6109E-4,0.0022422,0.0063035,0.015957,0.034379,0.054455,0.074019,0.10069
40.0,1.2689E-5,4.7438E-5,1.6408E-4,5.1933E-4,0.0015641,0.0045219,0.01186,0.026681,0.0435,0.060317,0.086411
50.0,9.078E-6,3.4311E-5,1.202E-4,3.8642E-4,0.0011879,0.0035326,0.0096433,0.022968,0.039159,0.056225,0.081146
60.0,7.9495E-6,3.0259E-5,1.0677E-4,3.4584E-4,0.0010716,0.0032138,0.008855,0.021307,0.036569,0.052745,0.076479
70.0,7.0904E-6,2.7149E-5,9.6372E-5,3.1409E-4,9.7949E-4,0.0029576,0.0082089,0.019911,0.034349,0.049721,0.07236
80.0,6.4101E-6,2.4669E-5,8.802E-5,2.8838E-4,9.0419E-4,0.0027458,0.0076669,0.018718,0.032425,0.047073,0.068712
90.0,5.8552E-6,2.2634E-5,8.1124E-5,2.6701E-4,8.4111E-4,0.0025667,0.0072035,0.017683,0.03074,0.044735,0.065462
100.0,5.3922E-6,2.0927E-5,7.5306E-5,2.4887E-4,7.8721E-4,0.0024125,0.006801,0.016773,0.029246,0.04265,0.062544
110.0,4.9986E-6,1.9469E-5,7.0313E-5,2.3322E-4,7.4045E-4,0.0022778,0.0064467,0.015966,0.027911,0.040775,0.059907
120.0,4.6591E-6,1.8206E-5,6.5969E-5,2.1953E-4,6.9935E-4,0.0021588,0.0061315,0.015241,0.026706,0.039078,0.057506
130.0,4.3627E-6,1.7099E-5,6.2143E-5,2.0743E-4,6.6283E-4,0.0020525,0.0058483,0.014586,0.025611,0.037529,0.055309
140.0,4.1011E-6,1.6118E-5,5.8742E-5,1.9663E-4,6.301E-4,0.0019567,0.0055919,0.013989,0.02461,0.036108,0.053285
150.0,3.868E-6,1.5241E-5,5.5689E-5,1.8689E-4,6.0039E-4,0.0018691,0.0053548,0.013427,0.023653,0.034733,0.051296
175.0,3.3334E-6,1.321E-5,4.8549E-5,1.6387E-4,5.2956E-4,0.0016585,0.0047802,0.012062,0.02133,0.031407,0.04651
200.0,2.9176E-6,1.1621E-5,4.2919E-5,1.456E-4,4.7289E-4,0.0014886,0.0043128,0.010941,0.019411,0.028645,0.042516
250.0,2.3104E-6,9.279E-6,3.4558E-5,1.1822E-4,3.8719E-4,0.0012292,0.0035919,0.0091915,0.016395,0.024281,0.036172
300.0,1.8868E-6,7.6291E-6,2.8607E-5,9.8529E-5,3.2492E-4,0.0010386,0.003056,0.0078752,0.014107,0.020953,0.031305
350.0,1.5739E-6,6.4006E-6,2.4138E-5,8.3618E-5,2.7734E-4,8.9163E-4,0.0026389,0.0068404,0.012297,0.018308,0.02742
400.0,1.3335E-6,5.4498E-6,2.0655E-5,7.1909E-5,2.3969E-4,7.7447E-4,0.0023037,0.0060017,0.010822,0.016146,0.02423
450.0,1.1433E-6,4.693E-6,1.7865E-5,6.2468E-5,2.0914E-4,6.7872E-4,0.0020278,0.0053065,0.0095943,0.014339,0.021559
500.0,9.8943E-7,4.0774E-6,1.5582E-5,5.4701E-5,1.8386E-4,5.9902E-4,0.0017968,0.0047205,0.0085553,0.012807,0.019285
600.0,7.571E-7,3.1412E-6,1.2086E-5,4.2717E-5,1.4455E-4,4.7418E-4,0.001432,0.003788,0.0068936,0.010348,0.015626
700.0,5.8145E-7,2.426E-6,9.386E-6,3.3354E-5,1.1346E-4,3.7408E-4,0.001135,0.003015,0.0054995,0.0082672,0.012501
800.0,4.5253E-7,1.8972E-6,7.3752E-6,2.633E-5,8.9968E-5,2.9784E-4,9.071E-4,0.0024175,0.004417,0.0066466,0.01006
1000.0,2.8199E-7,1.1917E-6,4.6689E-6,1.6794E-5,5.7794E-5,1.9257E-4,5.8978E-4,0.0015788,0.0028905,0.0043542,0.0065962
1200.0,1.804E-7,7.6731E-7,3.0252E-6,1.0946E-5,3.7877E-5,1.2681E-4,3.8984E-4,0.0010462,0.0019169,0.0028883,0.0043756
1500.0,9.5365E-8,4.0876E-7,1.6236E-6,5.9158E-6,2.0597E-5,6.9307E-5,2.1381E-4,5.7457E-4,0.0010524,0.0015846,0.0023981
SA5P0
r\m,4.0,4.5,5.0,5.5,6.0,6.5,7.0,7.5,7.8,8.0,8.2
0.0,3.3941E-4,7.8985E-4,0.0017479,0.0036191,0.0073047,0.014577,0.027573,0.047484,0.067965,0.087714,0.11483
1.0,3.1934E-4,7.623E-4,0.0017121,0.0035753,0.0072515,0.014511,0.027491,0.047385,0.067846,0.087575,0.11466
5.0,1.4618E-4,4.4191E-4,0.0011929,0.0028431,0.0062999,0.013333,0.026131,0.045954,0.066307,0.085923,0.11285
10.0,6.4279E-5,2.1857E-4,6.743E-4,0.001843,0.0046285,0.010846,0.022902,0.042348,0.062389,0.081728,0.1083
15.0,3.6858E-5,1.3068E-4,4.2523E-4,0.0012411,0.0033607,0.0085113,0.019293,0.03777,0.057144,0.075963,0.10192
20.0,2.4431E-5,8.8501E-5,2.9585E-4,8.9372E-4,0.0025261,0.0067284,0.016093,0.033143,0.051489,0.069518,0.094561
25.0,1.7654E-5,6.4831E-5,2.2035E-4,6.7966E-4,0.0019726,0.0054299,0.013496,0.028948,0.046039,0.063072,0.086956
30.0,1.3498E-5,5.0065E-5,1.7214E-4,5.3853E-4,0.0015911,0.0044796,0.011446,0.025339,0.041096,0.057025,0.079591
40.0,8.7996E-6,3.3101E-5,1.1563E-4,3.6853E-4,0.0011138,0.0032268,0.0085469,0.019763,0.032996,0.046708,0.068656
50.0,6.3049E-6,2.399E-5,8.4918E-5,2.7505E-4,8.4895E-4,0.002531,0.0069805,0.017094,0.029851,0.043758,0.0648
60.0,5.5315E-6,2.1205E-5,7.5639E-5,2.4694E-4,7.6856E-4,0.0023118,0.0064379,0.015933,0.028011,0.041252,0.061377
70.0,4.9443E-6,1.9073E-5,6.8469E-5,2.25E-4,7.0503E-4,0.0021359,0.0059936,0.014957,0.026434,0.039073,0.058354
80.0,4.4805E-6,1.7377E-5,6.2722E-5,2.0726E-4,6.5318E-4,0.0019906,0.0056214,0.014123,0.025069,0.037166,0.055676
90.0,4.1029E-6,1.5988E-5,5.7985E-5,1.9254E-4,6.098E-4,0.001868,0.0053035,0.013401,0.023873,0.035482,0.05329
100.0,3.7883E-6,1.4825E-5,5.3995E-5,1.8007E-4,5.728E-4,0.0017625,0.0050276,0.012767,0.022814,0.033981,0.051149
110.0,3.5214E-6,1.3833E-5,5.0575E-5,1.6932E-4,5.4072E-4,0.0016706,0.0047851,0.012204,0.021868,0.032632,0.049213
120.0,3.2915E-6,1.2975E-5,4.7603E-5,1.5993E-4,5.1256E-4,0.0015893,0.0045694,0.011699,0.021014,0.031411,0.047452
130.0,3.0909E-6,1.2223E-5,4.4988E-5,1.5163E-4,4.8756E-4,0.0015168,0.0043758,0.011243,0.020239,0.030297,0.045839
140.0,2.9141E-6,1.1558E-5,4.2666E-5,1.4423E-4,4.6516E-4,0.0014515,0.0042006,0.010827,0.01953,0.029275,0.044354
150.0,2.7567E-6,1.0963E-5,4.0582E-5,1.3756E-4,4.4484E-4,0.0013918,0.0040384,0.010435,0.018849,0.02828,0.042882
175.0,2.3939E-6,9.5787E-6,3.5675E-5,1.2168E-4,3.9593E-4,0.0012467,0.0036405,0.0094694,0.017175,0.025841,0.039296
200.0,2.1118E-6,8.4948E-6,3.1807E-5,1.0906E-4,3.5679E-4,0.0011295,0.0033166,0.0086755,0.01579,0.023812,0.036298
250.0,1.6995E-6,6.8968E-6,2.6053E-5,9.0129E-5,2.9749E-4,9.5029E-4,0.0028157,0.0074338,0.013606,0.020598,0.031519
300.0,1.4109E-6,5.7673E-6,2.1944E-5,7.6466E-5,2.5424E-4,8.1805E-4,0.0024418,0.0064945,0.011941,0.018131,0.02783
350.0,1.1969E-6,4.9223E-6,1.8843E-5,6.6063E-5,2.21E-4,7.1548E-4,0.0021488,0.005751,0.010614,0.016157,0.024863
400.0,1.0314E-6,4.2642E-6,1.6411E-5,5.7839E-5,1.9451E-4,6.3309E-4,0.0019115,0.0051435,0.0095233,0.014529,0.022406
450.0,8.9958E-7,3.7365E-6,1.4447E-5,5.1156E-5,1.7284E-4,5.6519E-4,0.0017146,0.0046352,0.0086066,0.013155,0.020327
500.0,7.9208E-7,3.3037E-6,1.2827E-5,4.5609E-5,1.5475E-4,5.0813E-4,0.0015479,0.0042024,0.0078227,0.011977,0.018538
600.0,6.2756E-7,2.6364E-6,1.031E-5,3.6925E-5,1.2619E-4,4.1736E-4,0.0012807,0.0035021,0.0065477,0.010054,0.015608
700.0,4.9916E-7,2.1095E-6,8.2984E-6,2.9893E-5,1.0274E-4,3.4162E-4,0.0010536,0.0028945,0.0054255,0.0083444,0.012974
800.0,4.0244E-7,1.7095E-6,6.7589E-6,2.4468E-5,8.4492E-5,2.8222E-4,8.7397E-4,0.0024096,0.0045254,0.0069681,0.010847
1000.0,2.6921E-7,1.1534E-6,4.5982E-6,1.678E-5,5.8392E-5,1.9641E-4,6.12E-4,0.0016959,0.0031929,0.0049232,0.0076732
1200.0,1.8498E-7,7.9793E-7,3.2024E-6,1.1761E-5,4.117E-5,1.3921E-4,4.3562E-4,0.0012108,0.0022823,0.0035209,0.0054897
1500.0,1.0888E-7,4.7359E-7,1.9159E-6,7.089E-6,2.4983E-5,8.495E-5,2.6692E-4,7.4348E-4,0.0014017,0.0021617,0.0033685
SA7P5
r\m,4.0,4.5,5.0,5.5,6.0,6.5,7.0,7.5,7.8,8.0,8.2
0.0,1.7368E-4,4.035E-4,8.9608E-4,0.0018556,0.0037205,0.0073152,0.014338,0.027591,0.038603,0.049074,0.06333
1.0,1.6338E-4,3.8943E-4,8.7785E-4,0.0018335,0.0036942,0.0072838,0.014299,0.027541,0.038545,0.049009,0.063254
5.0,7.4423E-5,2.2517E-4,6.1102E-4,0.001458,0.0032112,0.006698,0.013605,0.026736,0.037709,0.048134,0.062318
10.0,3.2563E-5,1.11E-4,3.4474E-4,9.4452E-4,0.0023599,0.005453,0.011938,0.02467,0.035528,0.045846,0.059885
15.0,1.8617E-5,6.6225E-5,2.1712E-4,6.3576E-4,0.0017139,0.0042826,0.010068,0.022032,0.032586,0.042671,0.056435
20.0,1.2318E-5,4.4791E-5,1.5095E-4,4.5771E-4,0.0012887,0.0033882,0.0084076,0.019359,0.029403,0.039107,0.052438
25.0,8.8899E-6,3.2786E-5,1.1239E-4,3.481E-4,0.0010068,0.0027366,0.0070589,0.016932,0.026328,0.035532,0.048292
30.0,6.7922E-6,2.5308E-5,8.7791E-5,2.7588E-4,8.1251E-4,0.0022596,0.0059936,0.014841,0.023535,0.032173,0.044267
40.0,4.4248E-6,1.6729E-5,5.899E-5,1.8895E-4,5.6956E-4,0.0016307,0.0044856,0.011606,0.01895,0.026429,0.0383
50.0,3.1704E-6,1.2129E-5,4.3356E-5,1.4119E-4,4.348E-4,0.0012816,0.0036721,0.010065,0.017192,0.024832,0.036256
60.0,2.7827E-6,1.073E-5,3.866E-5,1.2694E-4,3.9432E-4,0.001173,0.0033946,0.009406,0.016177,0.023476,0.034441
70.0,2.4892E-6,9.6609E-6,3.5041E-5,1.1585E-4,3.6239E-4,0.001086,0.0031678,0.0088528,0.015308,0.022299,0.03284
80.0,2.2579E-6,8.8125E-6,3.2147E-5,1.0689E-4,3.3638E-4,0.0010143,0.0029782,0.0083811,0.014557,0.02127,0.031422
90.0,2.07E-6,8.1192E-6,2.9765E-5,9.9478E-5,3.1467E-4,9.5393E-4,0.0028165,0.007973,0.0139,0.020362,0.030161
100.0,1.9138E-6,7.5396E-6,2.7763E-5,9.3204E-5,2.9617E-4,9.0208E-4,0.0026764,0.0076153,0.013319,0.019554,0.029029
110.0,1.7815E-6,7.0463E-6,2.6051E-5,8.7807E-5,2.8017E-4,8.5692E-4,0.0025534,0.0072981,0.0128,0.018829,0.028008
120.0,1.6677E-6,6.62E-6,2.4564E-5,8.31E-5,2.6614E-4,8.1709E-4,0.0024442,0.0070142,0.012333,0.018173,0.02708
130.0,1.5686E-6,6.2472E-6,2.3258E-5,7.8948E-5,2.537E-4,7.8159E-4,0.0023463,0.0067579,0.01191,0.017576,0.026231
140.0,1.4813E-6,5.9177E-6,2.2099E-5,7.5248E-5,2.4257E-4,7.4968E-4,0.0022578,0.0065247,0.011522,0.017029,0.025451
150.0,1.4037E-6,5.6236E-6,2.1061E-5,7.1915E-5,2.3248E-4,7.205E-4,0.0021759,0.0063045,0.01115,0.016494,0.024672
175.0,1.2244E-6,4.9367E-6,1.8607E-5,6.3948E-5,2.0807E-4,6.491E-4,0.0019734,0.0057574,0.010226,0.01517,0.02276
200.0,1.0852E-6,4.3997E-6,1.6675E-5,5.7628E-5,1.8856E-4,5.9156E-4,0.0018088,0.0053081,0.0094618,0.014071,0.021164
250.0,8.8196E-7,3.6089E-6,1.3805E-5,4.8153E-5,1.5903E-4,5.0361E-4,0.0015545,0.0046059,0.0082584,0.01233,0.01862
300.0,7.3983E-7,3.0502E-6,1.1756E-5,4.1317E-5,1.3749E-4,4.3873E-4,0.0013646,0.0040747,0.0073404,0.010994,0.016656
350.0,6.3431E-7,2.6319E-6,1.0208E-5,3.6107E-5,1.2092E-4,3.8834E-4,0.0012157,0.0036537,0.0066078,0.0099234,0.015073
400.0,5.5259E-7,2.3055E-6,8.992E-6,3.198E-5,1.0769E-4,3.4778E-4,0.0010948,0.0033088,0.0060043,0.0090374,0.013759
450.0,4.8732E-7,2.0431E-6,8.0073E-6,2.8617E-5,9.6838E-5,3.1426E-4,9.9414E-4,0.0030193,0.0054952,0.0082876,0.012642
500.0,4.3392E-7,1.8271E-6,7.192E-6,2.5815E-5,8.7738E-5,2.8597E-4,9.0862E-4,0.0027717,0.0050579,0.0076416,0.011677
600.0,3.5168E-7,1.492E-6,5.9173E-6,2.14E-5,7.3282E-5,2.4066E-4,7.7045E-4,0.0023681,0.0043411,0.0065786,0.010084
700.0,2.8624E-7,1.222E-6,4.8763E-6,1.7742E-5,6.1115E-5,2.0184E-4,6.4963E-4,0.0020066,0.0036884,0.0055993,0.0085974
800.0,2.3619E-7,1.0138E-6,4.0669E-6,1.4874E-5,5.149E-5,1.7086E-4,5.523E-4,0.0017125,0.0031545,0.0047949,0.0073714
1000.0,1.656E-7,7.1712E-7,2.9021E-6,1.0704E-5,3.7352E-5,1.2487E-4,4.0629E-4,0.0012667,0.0023397,0.0035622,0.0054843
1200.0,1.1931E-7,5.2038E-7,2.1207E-6,7.8739E-6,2.7648E-5,9.2943E-5,3.0381E-4,9.5045E-4,0.001758,0.0026785,0.0041259
1500.0,7.5445E-8,3.3194E-7,1.3641E-6,5.1046E-6,1.8051E-5,6.1049E-5,2.0045E-4,6.2871E-4,0.0011635,0.0017726,0.0027296
SA10P0
r\m,4.0,4.5,5.0,5.5,6.0,6.5,7.0,7.5,7.8,8.0,8.2
0.0,1.0865E-4,2.5118E-4,5.5814E-4,0.0011585,0.002327,0.0045718,0.0089139,0.017355,0.024685,0.031659,0.041141
1.0,1.022E-4,2.4246E-4,5.4691E-4,0.001145,0.0023113,0.0045536,0.0088925,0.017328,0.024656,0.031627,0.041105
5.0,4.6431E-5,1.4003E-4,3.806E-4,9.1093E-4,0.0020109,0.0041919,0.0084711,0.016843,0.024153,0.031102,0.040549
10.0,2.0263E-5,6.8913E-5,2.1458E-4,5.9018E-4,0.0014788,0.0034166,0.0074433,0.015566,0.022792,0.029671,0.039029
15.0,1.1571E-5,4.1085E-5,1.3511E-4,3.9733E-4,0.0010747,0.0026861,0.0062856,0.013922,0.020937,0.027661,0.03684
20.0,7.6523E-6,2.7783E-5,9.3946E-5,2.8619E-4,8.087E-4,0.0021273,0.0052559,0.012251,0.018921,0.02539,0.034286
25.0,5.5227E-6,2.034E-5,6.9975E-5,2.1779E-4,6.3234E-4,0.0017201,0.0044186,0.010731,0.016969,0.023106,0.031626
30.0,4.2206E-6,1.5708E-5,5.4695E-5,1.7275E-4,5.1083E-4,0.0014219,0.0037567,0.0094192,0.015192,0.020955,0.029037
40.0,2.7525E-6,1.0397E-5,3.6811E-5,1.1854E-4,3.5887E-4,0.0010287,0.0028192,0.007388,0.01227,0.017268,0.025203
50.0,1.9753E-6,7.5517E-6,2.7108E-5,8.8771E-5,2.7462E-4,8.1057E-4,0.0023144,0.0064266,0.011166,0.016276,0.023936
60.0,1.737E-6,6.6938E-6,2.4226E-5,8.0001E-5,2.4968E-4,7.4389E-4,0.0021457,0.0060239,0.01054,0.015436,0.022811
70.0,1.557E-6,6.0405E-6,2.201E-5,7.3189E-5,2.3006E-4,6.9065E-4,0.0020082,0.0056869,0.010005,0.014709,0.02182
80.0,1.4155E-6,5.523E-6,2.0241E-5,6.7709E-5,2.1413E-4,6.469E-4,0.0018935,0.0054004,0.009544,0.014075,0.020946
90.0,1.3008E-6,5.101E-6,1.879E-5,6.3179E-5,2.0086E-4,6.1013E-4,0.0017961,0.0051533,0.0091419,0.013517,0.02017
100.0,1.2055E-6,4.7488E-6,1.7572E-5,5.9356E-5,1.8959E-4,5.7865E-4,0.0017119,0.0049374,0.0087875,0.013022,0.019476
110.0,1.125E-6,4.4496E-6,1.6532E-5,5.6074E-5,1.7986E-4,5.513E-4,0.0016381,0.0047465,0.0084721,0.012579,0.018852
120.0,1.0558E-6,4.1916E-6,1.5631E-5,5.3217E-5,1.7134E-4,5.2723E-4,0.0015729,0.0045761,0.0081888,0.01218,0.018286
130.0,9.9569E-7,3.9662E-6,1.4842E-5,5.0702E-5,1.6381E-4,5.0583E-4,0.0015145,0.0044227,0.0079325,0.011818,0.01777
140.0,9.4279E-7,3.7673E-6,1.4142E-5,4.8465E-5,1.5709E-4,4.8664E-4,0.0014618,0.0042835,0.007699,0.011486,0.017297
150.0,8.9582E-7,3.59E-6,1.3515E-5,4.6452E-5,1.51E-4,4.6911E-4,0.0014131,0.0041519,0.0074739,0.011161,0.016822
175.0,7.8682E-7,3.1738E-6,1.2027E-5,4.1609E-5,1.3616E-4,4.2585E-4,0.0012916,0.0038216,0.0069091,0.010348,0.015644
200.0,7.0231E-7,2.849E-6,1.0857E-5,3.7776E-5,1.2432E-4,3.9108E-4,0.0011931,0.0035513,0.0064441,0.0096755,0.014664
250.0,5.7911E-7,2.3714E-6,9.123E-6,3.2044E-5,1.0646E-4,3.3812E-4,0.0010416,0.0031308,0.005715,0.0086156,0.013111
300.0,4.9301E-7,2.0344E-6,7.8872E-6,2.7918E-5,9.3473E-5,2.9918E-4,9.2885E-4,0.0028141,0.0051617,0.0078066,0.011919
350.0,4.2907E-7,1.7821E-6,6.9541E-6,2.4776E-5,8.3497E-5,2.6901E-4,8.4067E-4,0.0025639,0.0047216,0.0071602,0.010962
400.0,3.795E-7,1.5851E-6,6.2203E-6,2.2287E-5,7.5533E-5,2.4473E-4,7.6916E-4,0.0023592,0.0043597,0.0066267,0.010168
450.0,3.3981E-7,1.4264E-6,5.6254E-6,2.0256E-5,6.8992E-5,2.2465E-4,7.0959E-4,0.0021875,0.0040546,0.0061755,0.0094953
500.0,3.0725E-7,1.2955E-6,5.1317E-6,1.856E-5,6.3499E-5,2.0769E-4,6.5895E-4,0.0020405,0.0037924,0.0057865,0.0089133
600.0,2.5684E-7,1.0913E-6,4.3561E-6,1.5877E-5,5.4737E-5,1.8042E-4,5.7684E-4,0.0018001,0.0033612,0.0051446,0.0079493
700.0,2.1565E-7,9.2216E-7,3.7042E-6,1.3585E-5,4.7117E-5,1.5621E-4,5.0215E-4,0.001575,0.0029492,0.0045221,0.0069997
800.0,1.836E-7,7.8944E-7,3.1882E-6,1.1754E-5,4.0977E-5,1.3651E-4,4.4078E-4,0.001388,0.0026047,0.0039992,0.0061984
1000.0,1.3708E-7,5.9481E-7,2.4236E-6,9.0128E-6,3.1679E-5,1.0634E-4,3.4569E-4,0.0010948,0.0020603,0.0031688,0.004919
1200.0,1.052E-7,4.5985E-7,1.8871E-6,7.0658E-6,2.4994E-5,8.4378E-5,2.7561E-4,8.7599E-4,0.001651,0.0025413,0.0039474
1500.0,7.3168E-8,3.2268E-7,1.3355E-6,5.0407E-6,1.7961E-5,6.1012E-5,2.0022E-4,6.3814E-4,0.0012035,0.0018525,0.002877
