PGA
r\m,4.0,4.5,5.0,5.5,6.0,6.5,7.0,7.5,7.8,8.0,8.2
0.0,0.1212,0.23566,0.40683,0.63308,0.88759,1.1462,1.5052,1.8452,2.0062,2.0876,2.1447
1.0,0.10347,0.20298,0.35492,0.56063,0.79937,1.0491,1.3888,1.7147,1.8724,1.954,2.0131
5.0,0.061205,0.12367,0.22511,0.37246,0.55944,0.77185,1.0507,1.3296,1.4736,1.5531,1.616
10.0,0.037128,0.077188,0.1456,0.25077,0.39027,0.56637,0.79363,1.0294,1.1579,1.2325,1.2951
15.0,0.025005,0.052501,0.10119,0.17889,0.29074,0.44014,0.6301,0.83395,0.94944,1.0187,1.0792
20.0,0.017595,0.03787,0.074983,0.13648,0.22861,0.35533,0.51773,0.69698,0.80165,0.86603,0.92366
25.0,0.013215,0.028974,0.058498,0.1087,0.18603,0.29491,0.4362,0.59594,0.69152,0.75147,0.80621
30.0,0.010337,0.023009,0.047191,0.089144,0.15517,0.24996,0.37461,0.51849,0.60636,0.66236,0.71431
40.0,0.0068504,0.015625,0.032858,0.063694,0.11384,0.18809,0.28826,0.4079,0.48339,0.53273,0.57962
50.0,0.0048754,0.011339,0.024325,0.048119,0.087793,0.148,0.23105,0.33301,0.39903,0.44301,0.48556
60.0,0.0036417,0.0086102,0.01878,0.037782,0.07012,0.1202,0.19065,0.27915,0.33767,0.37726,0.41611
70.0,0.0028186,0.0067594,0.014956,0.030526,0.057486,0.099974,0.16078,0.23868,0.29111,0.32703,0.36271
80.0,0.0022415,0.0054431,0.012196,0.025212,0.048089,0.084697,0.13789,0.20722,0.25461,0.28743,0.32035
90.0,0.0018212,0.0044724,0.010135,0.021189,0.04088,0.072819,0.11987,0.18214,0.22527,0.25543,0.28595
100.0,0.0015058,0.0037356,0.0085515,0.018064,0.035211,0.063366,0.10536,0.1617,0.2012,0.22906,0.25745
110.0,0.0012632,0.0031628,0.0073082,0.015583,0.03066,0.055695,0.09346,0.14476,0.18112,0.20695,0.23346
120.0,0.0010726,0.0027088,0.006313,0.013577,0.026946,0.04937,0.083552,0.13051,0.16412,0.18817,0.21299
130.0,9.2035E-4,0.0023428,0.0055035,0.011931,0.023869,0.044083,0.075193,0.11838,0.14958,0.17203,0.19534
140.0,7.9686E-4,0.0020435,0.0048361,0.010562,0.021289,0.03961,0.068062,0.10795,0.13699,0.15802,0.17996
150.0,6.9539E-4,0.0017957,0.0042792,0.0094111,0.019101,0.035788,0.061919,0.098882,0.12601,0.14575,0.16644
175.0,5.091E-4,0.0013353,0.0032322,0.0072208,0.014887,0.028333,0.049788,0.080753,0.10387,0.12089,0.13891
200.0,3.8518E-4,0.0010241,0.0025132,0.0056919,0.011897,0.022954,0.040888,0.067226,0.087176,0.10202,0.11786
250.0,2.3686E-4,6.4448E-4,0.0016185,0.0037511,0.008024,0.015843,0.028879,0.048586,0.063879,0.075445,0.08797
300.0,1.559E-4,4.3235E-4,0.0011066,0.0026142,0.0056999,0.011471,0.02131,0.036541,0.048594,0.057831,0.067947
350.0,1.0764E-4,3.0339E-4,7.8925E-4,0.001895,0.0041994,0.0085897,0.016218,0.028264,0.037954,0.045462,0.053762
400.0,7.6997E-5,2.2012E-4,5.8078E-4,0.0014143,0.0031789,0.0065948,0.012629,0.022322,0.03023,0.036415,0.043307
450.0,5.6608E-5,1.6387E-4,4.3781E-4,0.0010796,0.0024572,0.0051619,0.010009,0.017914,0.024444,0.029593,0.03537
500.0,4.2533E-5,1.2451E-4,3.3643E-4,8.3901E-4,0.0019312,0.0041027,0.0080454,0.014562,0.020004,0.024327,0.029207
600.0,2.5314E-5,7.5556E-5,2.0814E-4,5.2919E-4,0.0012417,0.0026893,0.0053759,0.0099182,0.013782,0.016889,0.020432
700.0,1.5828E-5,4.8023E-5,1.3447E-4,3.4755E-4,8.2902E-4,0.0018251,0.0037086,0.0069552,0.0097601,0.012038,0.01466
800.0,1.026E-5,3.1577E-5,8.9693E-5,2.3513E-4,5.6891E-4,0.0012704,0.0026184,0.0049811,0.0070498,0.0087454,0.01071
1000.0,4.6588E-6,1.4684E-5,4.2715E-5,1.1463E-4,2.8391E-4,6.4823E-4,0.0013641,0.0026496,0.0037995,0.0047549,0.0058749
1200.0,2.2047E-6,7.0637E-6,2.0889E-5,5.7021E-5,1.4366E-4,3.3424E-4,7.1726E-4,0.0014176,0.0020528,0.0025859,0.0032158
1500.0,7.6564E-7,2.5048E-6,7.5717E-6,2.1125E-5,5.4346E-5,1.2866E-4,2.8112E-4,5.6688E-4,8.3085E-4,0.001055,0.0013206
PGV
r\m,4.0,4.5,5.0,5.5,6.0,6.5,7.0,7.5,7.8,8.0,8.2
0.0,1.792,3.9257,7.46,12.612,19.051,26.561,38.032,50.47,57.317,61.293,64.622
1.0,1.4507,3.2221,6.2593,10.858,16.868,24.115,34.922,46.807,53.475,57.414,60.773
5.0,0.77135,1.7864,3.6855,6.8516,11.482,17.602,26.44,36.605,42.64,46.378,49.732
10.0,0.45178,1.0847,2.3431,4.5856,8.0599,13.122,20.401,29.105,34.521,38.0,41.241
15.0,0.3048,0.74275,1.6484,3.3302,6.1407,10.459,16.666,24.337,29.272,32.523,35.627
20.0,0.21831,0.54676,1.2496,2.605,4.9596,8.687,14.115,21.008,25.558,28.614,31.584
25.0,0.16772,0.42855,1.0001,2.1312,4.1498,7.4204,12.256,18.537,22.77,25.657,28.503
30.0,0.13442,0.34904,0.82824,1.7956,3.5585,6.4696,10.837,16.621,20.588,23.328,26.061
40.0,0.09356,0.24922,0.60701,1.3517,2.7525,5.1368,8.8089,13.828,17.369,19.865,22.399
50.0,0.069805,0.18972,0.47161,1.0721,2.2294,4.2466,7.4228,11.876,15.088,17.388,19.756
60.0,0.054519,0.15067,0.38091,0.88083,1.8634,3.6099,6.4124,10.426,13.374,15.512,17.738
70.0,0.044001,0.12335,0.31637,0.7423,1.5934,3.1317,5.6413,9.3004,12.031,14.032,16.135
80.0,0.036398,0.10333,0.26837,0.6377,1.3864,2.7595,5.0323,8.399,10.945,12.829,14.824
90.0,0.030694,0.088114,0.23144,0.55617,1.2229,2.4616,4.5386,7.6587,10.046,11.827,13.727
100.0,0.026289,0.076231,0.20226,0.491,1.0907,2.2177,4.1298,7.0384,9.2879,10.978,12.792
110.0,0.022805,0.066736,0.1787,0.43784,0.98161,2.0144,3.7855,6.5103,8.6379,10.247,11.984
120.0,0.019994,0.059007,0.15934,0.39373,0.89023,1.8424,3.4912,6.0546,8.0736,9.6091,11.276
130.0,0.01769,0.052614,0.14319,0.3566,0.81261,1.6949,3.2367,5.6568,7.5782,9.0475,10.649
140.0,0.015774,0.047255,0.12954,0.32496,0.74593,1.5672,3.0144,5.3063,7.1393,8.548,10.091
150.0,0.014161,0.042711,0.11788,0.29772,0.68807,1.4554,2.8184,4.9947,6.7473,8.1005,9.588
175.0,0.011082,0.033937,0.095103,0.24388,0.57231,1.2292,2.4165,4.3479,5.9271,7.1589,8.525
200.0,0.0089185,0.027676,0.078596,0.20425,0.48571,1.0571,2.1059,3.8395,5.2757,6.4059,7.6687
250.0,0.0061364,0.019473,0.056548,0.15027,0.36544,0.81331,1.6567,3.0885,4.3009,5.269,6.3641
300.0,0.0044698,0.014447,0.042731,0.11566,0.28649,0.64944,1.3474,2.5583,3.602,4.4453,5.4088
350.0,0.0033881,0.011123,0.033417,0.091876,0.23116,0.53225,1.1216,2.1631,3.0741,3.8176,4.674
400.0,0.0026449,0.0088016,0.026804,0.074702,0.19052,0.44467,0.94986,1.8568,2.6605,3.3218,4.0891
450.0,0.0021119,0.0071129,0.021923,0.061836,0.15961,0.37703,0.8151,1.6126,2.3272,2.9197,3.6115
500.0,0.0017168,0.0058449,0.01821,0.051918,0.13546,0.32346,0.70683,1.4135,2.0531,2.587,3.2137
600.0,0.0011823,0.0041011,0.013018,0.037815,0.10053,0.24456,0.54449,1.1094,1.6295,2.0686,2.589
700.0,8.4841E-4,0.0029897,0.0096416,0.028455,0.07685,0.18994,0.42964,0.88935,1.3188,1.6847,2.1219
800.0,6.2746E-4,0.0022417,0.0073294,0.02193,0.060048,0.15047,0.34506,0.72415,1.0827,1.3908,1.7613
1000.0,3.6613E-4,0.0013385,0.0044782,0.013711,0.038416,0.098504,0.23115,0.49638,0.75246,0.97551,1.2468
1200.0,2.2692E-4,8.4537E-4,0.002882,0.0089918,0.025673,0.067081,0.1604,0.35101,0.53814,0.70293,0.90524
1500.0,1.1931E-4,4.5484E-4,0.0015869,0.0050666,0.014804,0.039584,0.096865,0.21692,0.3372,0.44455,0.57781
SA0P02
r\m,4.0,4.5,5.0,5.5,6.0,6.5,7.0,7.5,7.8,8.0,8.2
0.0,0.22755,0.44688,0.78478,1.2457,1.7842,2.3439,3.0962,3.8145,4.1602,4.3379,4.4656
1.0,0.19934,0.39408,0.69831,1.1202,1.6237,2.1585,2.8692,3.5549,3.8904,4.0657,4.195
5.0,0.1255,0.25396,0.46389,0.77064,1.162,1.6058,2.1839,2.7613,3.0588,3.2227,3.3523
10.0,0.078448,0.16257,0.30579,0.52508,0.81395,1.1751,1.6391,2.1169,2.375,2.5237,2.6474
15.0,0.053172,0.11093,0.21239,0.37281,0.60126,0.90306,1.2841,1.6885,1.9149,2.0494,2.1654
20.0,0.037193,0.07938,0.15583,0.2811,0.4665,0.71839,1.0382,1.3865,1.5871,1.7092,1.8172
25.0,0.027628,0.059993,0.11995,0.22068,0.37382,0.58661,0.85973,1.164,1.3435,1.4548,1.5553
30.0,0.021324,0.046973,0.095334,0.17818,0.3068,0.48893,0.72557,0.99452,1.1563,1.2583,1.3518
40.0,0.013723,0.030949,0.064352,0.12333,0.2179,0.35595,0.5397,0.75564,0.88987,0.9766,1.0581
50.0,0.0094825,0.021798,0.046216,0.090355,0.16292,0.27145,0.41909,0.59742,0.71117,0.78611,0.85789
60.0,0.0068843,0.016085,0.034669,0.068925,0.12641,0.21416,0.33586,0.48628,0.5843,0.64991,0.71368
70.0,0.0051872,0.012292,0.026876,0.054211,0.10088,0.1734,0.27571,0.40471,0.49032,0.54838,0.60551
80.0,0.0040223,0.0096524,0.021373,0.043666,0.082315,0.1433,0.23067,0.34279,0.41837,0.47022,0.52176
90.0,0.0031918,0.0077465,0.017349,0.035854,0.068373,0.1204,0.19598,0.29449,0.36183,0.40848,0.45528
100.0,0.002581,0.0063291,0.014323,0.029908,0.057635,0.10255,0.16863,0.25599,0.31644,0.35869,0.40141
110.0,0.0021205,0.0052491,0.011992,0.025281,0.049187,0.088358,0.14666,0.22472,0.27935,0.31783,0.35701
120.0,0.0017656,0.0044091,0.010161,0.021612,0.04242,0.076876,0.12871,0.19893,0.24857,0.2838,0.31989
130.0,0.0014873,0.0037442,0.0086995,0.018654,0.036917,0.067452,0.11385,0.17737,0.22272,0.2551,0.28846
140.0,0.0012654,0.0032099,0.0075151,0.016238,0.032382,0.059619,0.10139,0.15916,0.20075,0.23062,0.26158
150.0,0.0010862,0.002775,0.0065433,0.01424,0.028602,0.053037,0.090833,0.1436,0.1819,0.20956,0.23836
175.0,7.6573E-4,0.001988,0.004764,0.010537,0.021509,0.040534,0.070541,0.11332,0.14493,0.16804,0.19237
200.0,5.603E-4,0.0014754,0.0035859,0.0080442,0.016656,0.031836,0.05619,0.091548,0.11807,0.13768,0.1585
250.0,3.2552E-4,8.7796E-4,0.0021857,0.0050223,0.010652,0.020855,0.0377,0.062907,0.082306,0.096895,0.11262
300.0,2.0448E-4,5.6257E-4,0.0014286,0.0033487,0.0072452,0.01447,0.026682,0.045414,0.060129,0.07135,0.083589
350.0,1.3574E-4,3.7985E-4,9.8114E-4,0.0023392,0.0051478,0.010457,0.019612,0.033951,0.045412,0.054253,0.063991
400.0,9.3903E-5,2.6669E-4,6.9912E-4,0.0016917,0.0037785,0.0077905,0.014828,0.026052,0.035157,0.042251,0.05013
450.0,6.7063E-5,1.9298E-4,5.126E-4,0.0012568,0.0028442,0.0059418,0.011459,0.020399,0.027745,0.033519,0.03998
500.0,4.9128E-5,1.4305E-4,3.8449E-4,9.5388E-4,0.0021844,0.0046176,0.0090108,0.016231,0.022234,0.026988,0.032342
600.0,2.796E-5,8.3103E-5,2.28E-4,5.7739E-4,0.0013497,0.0029123,0.005801,0.010666,0.014792,0.018103,0.021873
700.0,1.6877E-5,5.1046E-5,1.4251E-4,3.6727E-4,8.7365E-4,0.0019184,0.0038884,0.0072754,0.010196,0.012565,0.015289
800.0,1.064E-5,3.2675E-5,9.262E-5,2.4234E-4,5.853E-4,0.0013049,0.0026854,0.0051013,0.0072143,0.0089451,0.01095
1000.0,4.6588E-6,1.4684E-5,4.2715E-5,1.1463E-4,2.8391E-4,6.4823E-4,0.0013641,0.0026496,0.0037995,0.0047549,0.0058749
1200.0,2.2047E-6,7.0637E-6,2.0889E-5,5.7021E-5,1.4366E-4,3.3424E-4,7.1726E-4,0.0014176,0.0020528,0.0025859,0.0032158
1500.0,7.6564E-7,2.5048E-6,7.5717E-6,2.1125E-5,5.4346E-5,1.2866E-4,2.8112E-4,5.6688E-4,8.3085E-4,0.001055,0.0013206
SA0P025
r\m,4.0,4.5,5.0,5.5,6.0,6.5,7.0,7.5,7.8,8.0,8.2
0.0,0.22929,0.45333,0.80384,1.2914,1.8748,2.4963,3.3178,4.1095,4.4966,4.6988,4.8477
1.0,0.20332,0.4044,0.72279,1.1719,1.7192,2.313,3.0916,3.8494,4.2251,4.4243,4.574
5.0,0.13278,0.2698,0.49558,0.82889,1.2595,1.754,2.3944,3.0378,3.372,3.5576,3.7056
10.0,0.085451,0.17751,0.33501,0.57752,0.89961,1.3043,1.8233,2.3597,2.6508,2.819,2.9598
15.0,0.059022,0.12335,0.23666,0.41637,0.67316,1.0132,1.4424,1.8987,2.1548,2.3072,2.439
20.0,0.04185,0.089381,0.1756,0.31709,0.52679,0.81198,1.1739,1.5685,1.796,1.9345,2.0572
25.0,0.031371,0.068122,0.13621,0.25064,0.42468,0.66654,0.97678,1.3224,1.5263,1.6527,1.7668
30.0,0.024371,0.053658,0.10885,0.20337,0.35007,0.55768,0.82718,1.1332,1.3173,1.4332,1.5394
40.0,0.015815,0.035625,0.07399,0.14164,0.25,0.40795,0.61786,0.86415,1.017,1.1157,1.2083
50.0,0.010979,0.025197,0.053339,0.10412,0.18746,0.31187,0.48077,0.68434,0.81393,0.89918,0.98073
60.0,0.0079911,0.018635,0.04009,0.079557,0.14564,0.24631,0.38558,0.5573,0.66894,0.74354,0.81595
70.0,0.0060285,0.014256,0.031104,0.06261,0.11628,0.19946,0.31652,0.46371,0.56114,0.62711,0.69191
80.0,0.0046765,0.011197,0.024737,0.050427,0.094851,0.16477,0.26467,0.39248,0.47842,0.53727,0.59567
90.0,0.00371,0.0089828,0.020071,0.041382,0.078732,0.13833,0.22466,0.33684,0.41331,0.4662,0.51916
100.0,0.0029982,0.0073339,0.016556,0.034488,0.066302,0.1177,0.19308,0.29243,0.361,0.40883,0.45711
110.0,0.0024609,0.0060763,0.013847,0.029119,0.056515,0.10128,0.1677,0.25635,0.31822,0.36172,0.40594
120.0,0.0020467,0.0050978,0.011718,0.02486,0.048675,0.087992,0.14696,0.22659,0.28273,0.32249,0.36316
130.0,0.0017218,0.0043232,0.010019,0.021428,0.042298,0.077089,0.12979,0.20172,0.25291,0.28941,0.32695
140.0,0.0014628,0.0037009,0.0086418,0.018624,0.037045,0.06803,0.1154,0.18071,0.22759,0.26121,0.29598
150.0,0.0012537,0.0031944,0.0075125,0.016306,0.032667,0.06042,0.10322,0.16277,0.20587,0.23695,0.26925
175.0,8.8025E-4,0.0022792,0.005447,0.012015,0.024463,0.045982,0.079819,0.1279,0.16333,0.18919,0.21636
200.0,6.4133E-4,0.0016842,0.0040824,0.0091337,0.018862,0.03596,0.063306,0.10288,0.13249,0.15433,0.17749
250.0,3.6933E-4,9.9344E-4,0.0024666,0.0056529,0.011958,0.023353,0.042107,0.070087,0.091563,0.10769,0.12504
300.0,2.2996E-4,6.3101E-4,0.0015983,0.0037367,0.008064,0.016065,0.029549,0.050171,0.06633,0.078633,0.092032
350.0,1.5134E-4,4.2241E-4,0.0010883,0.0025881,0.0056815,0.011513,0.02154,0.037199,0.049686,0.059303,0.069882
400.0,1.0381E-4,2.9408E-4,7.6902E-4,0.0018563,0.0041361,0.0085073,0.016154,0.028316,0.03816,0.045818,0.054312
450.0,7.3523E-5,2.1105E-4,5.5925E-4,0.0013679,0.0030884,0.0064369,0.012385,0.021998,0.029881,0.036067,0.04298
500.0,5.3424E-5,1.5519E-4,4.1613E-4,0.00103,0.0023533,0.0049635,0.0096643,0.01737,0.023763,0.028819,0.034506
600.0,2.9928E-5,8.8753E-5,2.4296E-4,6.1392E-4,0.001432,0.0030833,0.0061287,0.011245,0.015576,0.019047,0.022995
700.0,1.7792E-5,5.3697E-5,1.496E-4,3.8472E-4,9.133E-4,0.0020014,0.0040487,0.0075604,0.010583,0.013032,0.015845
800.0,1.1052E-5,3.3869E-5,9.5812E-5,2.502E-4,6.0311E-4,0.001342,0.0027566,0.0052269,0.0073839,0.0091488,0.011191
1000.0,4.6867E-6,1.4736E-5,4.2772E-5,1.1463E-4,2.8391E-4,6.4823E-4,0.0013641,0.0026496,0.0037995,0.0047549,0.0058749
1200.0,2.2047E-6,7.0637E-6,2.0889E-5,5.7021E-5,1.4366E-4,3.3424E-4,7.1726E-4,0.0014176,0.0020528,0.0025859,0.0032158
1500.0,7.6564E-7,2.5048E-6,7.5717E-6,2.1125E-5,5.4346E-5,1.2866E-4,2.8112E-4,5.6688E-4,8.3085E-4,0.001055,0.0013206
SA0P03
r\m,4.0,4.5,5.0,5.5,6.0,6.5,7.0,7.5,7.8,8.0,8.2
0.0,0.23747,0.4681,0.82608,1.3191,1.9026,2.5189,3.3414,4.1322,4.5172,4.7174,4.8638
1.0,0.2091,0.41485,0.73857,1.1915,1.7387,2.3284,3.1076,3.8646,4.2387,4.4365,4.5844
5.0,0.134,0.27199,0.49882,0.83259,1.2625,1.7554,2.3958,3.0392,3.3734,3.5589,3.707
10.0,0.085245,0.17712,0.33428,0.57624,0.89768,1.3021,1.8217,2.3595,2.6519,2.8211,2.963
15.0,0.058607,0.12261,0.23548,0.41475,0.6714,1.0119,1.4426,1.9016,2.1599,2.314,2.4475
20.0,0.041525,0.088823,0.17479,0.31615,0.52619,0.81256,1.1768,1.5751,1.8055,1.9461,2.071
25.0,0.031166,0.067802,0.13584,0.25045,0.42524,0.66883,0.9821,1.3323,1.5395,1.6683,1.785
30.0,0.024266,0.053536,0.10883,0.20378,0.35157,0.56134,0.83441,1.1456,1.3334,1.452,1.561
40.0,0.01584,0.03576,0.07444,0.14284,0.25271,0.41338,0.62753,0.87971,1.0368,1.1384,1.2341
50.0,0.011068,0.025458,0.054016,0.10569,0.19074,0.31811,0.49154,0.70132,0.83532,0.9237,1.0084
60.0,0.0081079,0.018949,0.04086,0.081272,0.14913,0.25281,0.39667,0.57467,0.69076,0.76852,0.84416
70.0,0.0061546,0.014585,0.031893,0.064341,0.11977,0.20591,0.32748,0.48086,0.5827,0.65179,0.7198
80.0,0.0048021,0.011521,0.025508,0.052108,0.098225,0.171,0.27526,0.40908,0.49931,0.56121,0.62277
90.0,0.0038304,0.0092923,0.020804,0.042978,0.081937,0.14425,0.23476,0.35271,0.43333,0.48918,0.5452
100.0,0.003111,0.0076238,0.017242,0.035986,0.069313,0.12328,0.20263,0.30748,0.38003,0.43072,0.48196
110.0,0.0025653,0.006345,0.014484,0.030513,0.059326,0.10651,0.17667,0.27056,0.33623,0.38248,0.42955
120.0,0.0021427,0.0053452,0.012307,0.026151,0.051288,0.092871,0.15537,0.23996,0.29972,0.3421,0.38551
130.0,0.0018096,0.0045502,0.010561,0.022621,0.044721,0.081632,0.13765,0.21427,0.26891,0.30791,0.34807
140.0,0.001543,0.0039088,0.0091398,0.019725,0.039289,0.072254,0.12274,0.19248,0.24263,0.27864,0.31591
150.0,0.0013268,0.0033847,0.0079699,0.017321,0.034744,0.064345,0.11007,0.1738,0.22,0.25335,0.28805
175.0,9.3824E-4,0.0024316,0.0058167,0.012843,0.026175,0.049248,0.085575,0.13727,0.1754,0.20326,0.23255
200.0,6.8753E-4,0.0018067,0.0043822,0.0098111,0.020275,0.038682,0.068149,0.11083,0.1428,0.1664,0.19143
250.0,3.9919E-4,0.0010739,0.0026668,0.0061128,0.012934,0.025263,0.045563,0.075858,0.099119,0.11659,0.13539
300.0,2.4975E-4,6.8509E-4,0.0017347,0.0040546,0.008748,0.017424,0.032041,0.054392,0.071904,0.085235,0.099752
350.0,1.6473E-4,4.5946E-4,0.0011829,0.0028113,0.0061675,0.01249,0.023353,0.040307,0.053818,0.064221,0.075661
400.0,1.1303E-4,3.1985E-4,8.3554E-4,0.0020148,0.0044847,0.0092151,0.017481,0.030613,0.041232,0.049488,0.058642
450.0,7.995E-5,2.2918E-4,6.0645E-4,0.0014813,0.00334,0.0069522,0.013359,0.023698,0.032165,0.038805,0.04622
500.0,5.7946E-5,1.6804E-4,4.4983E-4,0.0011116,0.0025355,0.0053391,0.010379,0.018625,0.025456,0.030853,0.036919
600.0,3.2198E-5,9.5271E-5,2.6022E-4,6.5611E-4,0.0015271,0.003281,0.0065077,0.011915,0.016483,0.020139,0.024294
700.0,1.8927E-5,5.697E-5,1.5829E-4,4.06E-4,9.6128E-4,0.002101,0.0042392,0.0078958,0.011035,0.013576,0.016489
800.0,1.1599E-5,3.5435E-5,9.9935E-5,2.6016E-4,6.2522E-4,0.001387,0.0028405,0.0053699,0.0075724,0.0093712,0.01145
1000.0,4.7629E-6,1.4919E-5,4.3139E-5,1.1515E-4,2.8391E-4,6.4823E-4,0.0013641,0.0026496,0.0037995,0.0047549,0.0058749
1200.0,2.2047E-6,7.0637E-6,2.0889E-5,5.7021E-5,1.4366E-4,3.3424E-4,7.1726E-4,0.0014176,0.0020528,0.0025859,0.0032158
1500.0,7.6564E-7,2.5048E-6,7.5717E-6,2.1125E-5,5.4346E-5,1.2866E-4,2.8112E-4,5.6688E-4,8.3085E-4,0.001055,0.0013206
SA0P04
r\m,4.0,4.5,5.0,5.5,6.0,6.5,7.0,7.5,7.8,8.0,8.2
0.0,0.22728,0.44821,0.79006,1.2592,1.8121,2.3961,3.1812,3.9377,4.3065,4.4986,4.6395
1.0,0.19906,0.39532,0.70358,1.134,1.6529,2.2132,2.9576,3.6824,4.0416,4.2318,4.3746
5.0,0.12608,0.25653,0.47136,0.78813,1.1972,1.6687,2.2828,2.902,3.225,3.405,3.5493
10.0,0.079966,0.1667,0.31566,0.54592,0.8536,1.2429,1.7441,2.2653,2.55,2.7156,2.855
15.0,0.055125,0.1158,0.22331,0.39497,0.6421,0.9717,1.3899,1.8378,2.0912,2.243,2.3751
20.0,0.039292,0.084413,0.16682,0.30305,0.50656,0.78546,1.1415,1.5329,1.7604,1.8999,2.0243
25.0,0.02969,0.064876,0.13054,0.24172,0.41218,0.65092,0.95918,1.3055,1.5115,1.6401,1.7569
30.0,0.023278,0.051583,0.10532,0.19803,0.34308,0.54998,0.82039,1.1301,1.3179,1.4369,1.5467
40.0,0.015404,0.034923,0.072999,0.14064,0.24981,0.41016,0.62476,0.87865,1.0374,1.1405,1.2379
50.0,0.010901,0.025176,0.053625,0.10532,0.19078,0.31928,0.49492,0.70827,0.84506,0.93552,1.0225
60.0,0.0080798,0.018955,0.04102,0.081877,0.15075,0.25637,0.40345,0.58611,0.70563,0.78587,0.86408
70.0,0.006199,0.014742,0.032344,0.065461,0.12223,0.21076,0.3361,0.49476,0.60039,0.67221,0.74303
80.0,0.0048838,0.011755,0.026106,0.053488,0.10111,0.17649,0.2848,0.42421,0.51845,0.5832,0.64769
90.0,0.0039301,0.0095626,0.021469,0.044474,0.085005,0.15001,0.24466,0.36833,0.45303,0.5118,0.57081
100.0,0.0032179,0.0079071,0.017929,0.037511,0.072418,0.12908,0.21257,0.32314,0.39977,0.45338,0.50762
110.0,0.0026731,0.006628,0.015165,0.032019,0.062382,0.1122,0.18644,0.28596,0.35567,0.4048,0.45486
120.0,0.0022479,0.0056203,0.012968,0.02761,0.054246,0.09839,0.16484,0.25492,0.31864,0.36386,0.4102
130.0,0.0019103,0.0048132,0.011192,0.024015,0.047553,0.086925,0.14676,0.2287,0.28718,0.32895,0.37198
140.0,0.0016382,0.0041577,0.0097379,0.021047,0.041981,0.077298,0.13144,0.20631,0.26018,0.29887,0.33894
150.0,0.0014162,0.0036185,0.0085328,0.018569,0.03729,0.06913,0.11835,0.18701,0.2368,0.27274,0.31014
175.0,0.001013,0.0026284,0.0062937,0.013908,0.028364,0.053395,0.092812,0.14891,0.19028,0.2205,0.25227
200.0,7.4942E-4,0.0019707,0.0047826,0.010712,0.022142,0.042246,0.07442,0.121,0.15587,0.18159,0.20887
250.0,4.4141E-4,0.0011874,0.0029479,0.0067545,0.014284,0.02788,0.050239,0.083558,0.1091,0.12827,0.14888
300.0,2.7886E-4,7.6437E-4,0.0019337,0.0045149,0.0097292,0.019351,0.035531,0.060214,0.079514,0.094184,0.11014
350.0,1.851E-4,5.1558E-4,0.0013254,0.0031447,0.0068864,0.013919,0.025969,0.04472,0.059624,0.071079,0.083655
400.0,1.2748E-4,3.6007E-4,9.3869E-4,0.0022586,0.0050156,0.01028,0.019451,0.033967,0.045669,0.054748,0.064795
450.0,9.0323E-5,2.5831E-4,6.8182E-4,0.001661,0.0037347,0.0077507,0.014847,0.026251,0.035558,0.042839,0.050953
500.0,6.5466E-5,1.8932E-4,5.0532E-4,0.0012448,0.0028304,0.0059397,0.011506,0.020571,0.028051,0.033945,0.040555
600.0,3.6238E-5,1.0685E-4,2.9077E-4,7.3033E-4,0.001693,0.0036225,0.0071543,0.013041,0.017991,0.021941,0.026417
700.0,2.1138E-5,6.336E-5,1.7529E-4,4.4758E-4,0.0010548,0.0022944,0.0046066,0.0085363,0.011893,0.0146,0.017695
800.0,1.2816E-5,3.897E-5,1.0936E-4,2.8328E-4,6.7723E-4,0.0014943,0.0030435,0.005721,0.0080396,0.009926,0.012099
1000.0,5.1191E-6,1.5944E-5,4.5832E-5,1.216E-4,2.9777E-4,6.7301E-4,0.001404,0.0027033,0.0038539,0.0048042,0.0059123
1200.0,2.2099E-6,7.0637E-6,2.0889E-5,5.7021E-5,1.4366E-4,3.3424E-4,7.1726E-4,0.0014176,0.0020528,0.0025859,0.0032158
1500.0,7.6564E-7,2.5048E-6,7.5717E-6,2.1125E-5,5.4346E-5,1.2866E-4,2.8112E-4,5.6688E-4,8.3085E-4,0.001055,0.0013206
SA0P05
r\m,4.0,4.5,5.0,5.5,6.0,6.5,7.0,7.5,7.8,8.0,8.2
0.0,0.22602,0.4461,0.78507,1.248,1.79,2.3612,3.1378,3.8881,4.2545,4.4457,4.5863
1.0,0.19652,0.39081,0.69514,1.1189,1.6277,2.1769,2.913,3.632,3.9891,4.1788,4.3216
5.0,0.12236,0.24967,0.45966,0.76986,1.1712,1.6355,2.243,2.8581,3.1803,3.3606,3.5058
10.0,0.07706,0.16125,0.30638,0.53166,0.83419,1.219,1.716,2.2353,2.5205,2.687,2.828
15.0,0.053106,0.11204,0.217,0.38542,0.6292,0.956,1.3721,1.8203,2.0751,2.2284,2.3625
20.0,0.037979,0.081968,0.16272,0.29689,0.49842,0.77601,1.1319,1.5251,1.7548,1.8962,2.0228
25.0,0.028829,0.063288,0.12792,0.23791,0.40744,0.64607,0.95548,1.3049,1.5138,1.6446,1.764
30.0,0.022717,0.050571,0.10371,0.19586,0.34077,0.54846,0.82107,1.1349,1.326,1.4476,1.5601
40.0,0.015188,0.034587,0.072605,0.14046,0.25048,0.41282,0.63095,0.89021,1.053,1.159,1.2594
50.0,0.010856,0.025176,0.05384,0.10615,0.193,0.32411,0.50401,0.72343,0.86461,0.95821,1.0484
60.0,0.0081208,0.019125,0.041544,0.083218,0.15374,0.26229,0.41397,0.60303,0.72713,0.81061,0.89214
70.0,0.0062835,0.014997,0.033018,0.067045,0.12558,0.21716,0.34722,0.51239,0.62265,0.69774,0.7719
80.0,0.0049892,0.012049,0.026844,0.055166,0.10458,0.18303,0.29604,0.44192,0.54075,0.60876,0.67658
90.0,0.0040437,0.0098695,0.022223,0.046161,0.088456,0.15647,0.25574,0.38575,0.47496,0.53693,0.59923
100.0,0.0033327,0.0082127,0.018671,0.039161,0.075777,0.13535,0.22332,0.34004,0.42107,0.4778,0.53526
110.0,0.0027853,0.0069241,0.015881,0.033606,0.065607,0.11822,0.19676,0.30222,0.37619,0.42836,0.48154
120.0,0.0023553,0.0059028,0.013649,0.029119,0.057315,0.10412,0.1747,0.27049,0.33831,0.38647,0.43584
130.0,0.0020119,0.0050802,0.011836,0.025442,0.050458,0.092363,0.15612,0.24353,0.30596,0.35056,0.39652
140.0,0.0017336,0.0044082,0.010343,0.022389,0.044719,0.082436,0.14032,0.22041,0.27806,0.31948,0.36238
150.0,0.0015052,0.0038528,0.0090992,0.019828,0.039865,0.073975,0.12674,0.20038,0.25379,0.29236,0.33248
175.0,0.0010873,0.0028245,0.0067703,0.014974,0.030559,0.057556,0.10007,0.16057,0.20517,0.23775,0.27198
200.0,8.1089E-4,0.002134,0.0051822,0.011612,0.024008,0.045809,0.080686,0.13115,0.16888,0.19671,0.22619
250.0,4.8366E-4,0.0013011,0.0032297,0.0073977,0.015636,0.030497,0.054905,0.091217,0.11902,0.13984,0.16222
300.0,3.0829E-4,8.4451E-4,0.0021347,0.0049793,0.010717,0.021287,0.039025,0.066019,0.087079,0.10306,0.12042
350.0,2.0592E-4,5.7287E-4,0.0014707,0.0034839,0.0076158,0.015363,0.028602,0.049141,0.065421,0.077908,0.091595
400.0,1.424E-4,4.0156E-4,0.0010449,0.0025089,0.0055588,0.011366,0.021448,0.037348,0.050125,0.060015,0.07094
450.0,1.0116E-4,2.8869E-4,7.6022E-4,0.0018473,0.0041423,0.0085716,0.016369,0.028847,0.038993,0.046911,0.055715
500.0,7.3415E-5,2.1177E-4,5.6367E-4,0.0013845,0.0031381,0.0065636,0.01267,0.022568,0.030703,0.037096,0.044247
600.0,4.0618E-5,1.1937E-4,3.2371E-4,8.1008E-4,0.0018707,0.0039864,0.0078396,0.014227,0.019573,0.023826,0.028632
700.0,2.3608E-5,7.0486E-5,1.942E-4,4.9374E-4,0.0011584,0.0025079,0.0050107,0.0092384,0.012831,0.015718,0.019009
800.0,1.4229E-5,4.3072E-5,1.2032E-4,3.1013E-4,7.377E-4,0.0016193,0.0032801,0.0061313,0.0085864,0.010576,0.012861
1000.0,5.5882E-6,1.7311E-5,4.9484E-5,1.3053E-4,3.1774E-4,7.1373E-4,0.0014795,0.0028302,0.0040186,0.0049958,0.0061313
1200.0,2.3607E-6,7.4524E-6,2.171E-5,5.8362E-5,1.4478E-4,3.3424E-4,7.1726E-4,0.0014176,0.0020528,0.0025859,0.0032158
1500.0,7.6564E-7,2.5048E-6,7.5717E-6,2.1125E-5,5.4346E-5,1.2866E-4,2.8112E-4,5.6688E-4,8.3085E-4,0.001055,0.0013206
SA0P075
r\m,4.0,4.5,5.0,5.5,6.0,6.5,7.0,7.5,7.8,8.0,8.2
0.0,0.21896,0.4303,0.74654,1.1646,1.6344,2.1188,2.8114,3.4825,3.8094,3.9795,4.104
1.0,0.18405,0.36525,0.64344,1.0221,1.4641,1.9345,2.589,3.2312,3.5506,3.7204,3.8483
5.0,0.10604,0.21717,0.40018,0.66997,1.018,1.4221,1.9591,2.5078,2.7979,2.9615,3.0946
10.0,0.064394,0.13573,0.25955,0.45315,0.71534,1.0526,1.4924,1.9576,2.2163,2.3689,2.4997
15.0,0.043931,0.093548,0.18283,0.3277,0.53988,0.82777,1.1982,1.6025,1.8355,1.9772,2.1026
20.0,0.031484,0.068654,0.13768,0.25376,0.43033,0.67662,0.99586,1.3536,1.5655,1.6973,1.8167
25.0,0.024071,0.053409,0.1091,0.20504,0.35481,0.56831,0.84834,1.1691,1.3634,1.4864,1.5997
30.0,0.019145,0.043082,0.089298,0.17042,0.29961,0.4871,0.73607,1.0267,1.206,1.3211,1.4287
40.0,0.01307,0.03008,0.063804,0.12471,0.22465,0.37387,0.57668,0.82089,0.9761,1.078,1.1754
50.0,0.0095408,0.022352,0.048279,0.096123,0.17644,0.29907,0.46915,0.67912,0.81568,0.90692,0.99545
60.0,0.0072824,0.017317,0.03797,0.076761,0.1431,0.24626,0.39188,0.57541,0.69705,0.77946,0.86043
70.0,0.0057418,0.013829,0.030715,0.06291,0.11882,0.20716,0.33379,0.49622,0.60562,0.68058,0.75502
80.0,0.0046394,0.0113,0.025383,0.052585,0.10047,0.17716,0.28861,0.43379,0.53292,0.60152,0.67026
90.0,0.0038215,0.0094015,0.021333,0.044645,0.086172,0.1535,0.25253,0.38333,0.47372,0.53681,0.60051
100.0,0.0031972,0.0079372,0.018175,0.038385,0.074773,0.13441,0.22312,0.34172,0.42457,0.48283,0.54206
110.0,0.0027095,0.0067822,0.01566,0.033349,0.065508,0.11874,0.19873,0.30686,0.38312,0.43712,0.49234
120.0,0.0023211,0.0058543,0.01362,0.029229,0.057858,0.10568,0.1782,0.27724,0.34771,0.39791,0.44953
130.0,0.0020067,0.0050971,0.011943,0.025811,0.051455,0.09465,0.16072,0.25179,0.31712,0.36392,0.41228
140.0,0.0017487,0.004471,0.010545,0.02294,0.046034,0.085237,0.14568,0.22972,0.29045,0.33418,0.37957
150.0,0.0015345,0.0039473,0.0093668,0.020503,0.041399,0.077127,0.13263,0.21041,0.26701,0.30796,0.35064
175.0,0.0011348,0.0029598,0.0071211,0.015805,0.032357,0.061122,0.10656,0.17138,0.21928,0.2543,0.29113
200.0,8.637E-4,0.0022799,0.0055518,0.012471,0.025843,0.049409,0.087176,0.1419,0.18287,0.21309,0.24513
250.0,5.3236E-4,0.0014341,0.0035637,0.0081697,0.017277,0.033711,0.060694,0.10081,0.13151,0.15449,0.17916
300.0,3.4799E-4,9.532E-4,0.0024087,0.0056152,0.012076,0.023959,0.043863,0.074083,0.097609,0.11543,0.13477
350.0,2.3703E-4,6.5857E-4,0.001688,0.0039915,0.0087072,0.017524,0.03254,0.055745,0.074076,0.088103,0.10344
400.0,1.6645E-4,4.6821E-4,0.0012151,0.002909,0.0064248,0.013091,0.024612,0.042688,0.057148,0.068306,0.080597
450.0,1.1966E-4,3.403E-4,8.9285E-4,0.0021611,0.0048257,0.0099414,0.018896,0.033134,0.04465,0.053602,0.063525
500.0,8.7636E-5,2.517E-4,6.6691E-4,0.0016302,0.0036761,0.007648,0.01468,0.025996,0.035238,0.04247,0.05053
600.0,4.9068E-5,1.4335E-4,3.8637E-4,9.6069E-4,0.0022037,0.0046636,0.0091056,0.016402,0.022462,0.027256,0.032651
700.0,2.8674E-5,8.4993E-5,2.3242E-4,5.8632E-4,0.0013646,0.0029299,0.0058039,0.010607,0.014652,0.017883,0.021547
800.0,1.7293E-5,5.1905E-5,1.4373E-4,3.6718E-4,8.6536E-4,0.0018815,0.0037743,0.0069848,0.0097217,0.011925,0.014441
1000.0,6.728E-6,2.0624E-5,5.8326E-5,1.5217E-4,3.6626E-4,8.133E-4,0.0016662,0.003149,0.0044386,0.0054907,0.0067052
1200.0,2.7878E-6,8.6943E-6,2.5015E-5,6.64E-5,1.626E-4,3.6734E-4,7.6563E-4,0.0014722,0.0020967,0.0026116,0.0032158
1500.0,8.0387E-7,2.5606E-6,7.5717E-6,2.1125E-5,5.4346E-5,1.2866E-4,2.8112E-4,5.6688E-4,8.3085E-4,0.001055,0.0013206
SA0P1
r\m,4.0,4.5,5.0,5.5,6.0,6.5,7.0,7.5,7.8,8.0,8.2
0.0,0.18553,0.36698,0.63857,0.99759,1.4014,1.8221,2.4322,3.0303,3.3257,3.4816,3.5979
1.0,0.15439,0.30861,0.54627,0.87097,1.2517,1.6618,2.2383,2.8108,3.0995,3.255,3.3744
5.0,0.087533,0.18085,0.33601,0.56694,0.86812,1.2227,1.6971,2.1875,2.4502,2.6001,2.7238
10.0,0.053188,0.11317,0.21845,0.3849,0.61338,0.9109,1.3014,1.7194,1.9547,2.0949,2.2163
15.0,0.036544,0.078596,0.15511,0.28068,0.46679,0.72204,1.0531,1.4186,1.6315,1.7622,1.8788
20.0,0.026448,0.058234,0.11789,0.2193,0.37523,0.59499,0.88225,1.2076,1.4022,1.5242,1.6355
25.0,0.020414,0.045725,0.094255,0.17872,0.31193,0.50367,0.75727,1.0507,1.23,1.3443,1.4503
30.0,0.016385,0.037209,0.077808,0.14976,0.26545,0.4349,0.66176,0.92905,1.0954,1.2028,1.3038
40.0,0.011373,0.026399,0.056459,0.11122,0.20186,0.33833,0.52522,0.75213,0.89738,0.99325,1.0852
50.0,0.008425,0.019897,0.043307,0.086856,0.16054,0.27388,0.43219,0.62905,0.75789,0.84434,0.92853
60.0,0.0065157,0.015611,0.034476,0.070172,0.13165,0.22792,0.36468,0.53816,0.65377,0.73236,0.80984
70.0,0.0051983,0.012609,0.028195,0.058113,0.11042,0.19357,0.31345,0.46812,0.57279,0.64473,0.71636
80.0,0.0042455,0.01041,0.023532,0.049037,0.094208,0.16697,0.27325,0.41244,0.50786,0.57407,0.64055
90.0,0.0035315,0.008743,0.019956,0.041994,0.081471,0.14581,0.2409,0.36706,0.45456,0.51577,0.57769
100.0,0.0029813,0.0074454,0.017144,0.036394,0.071232,0.1286,0.21431,0.32936,0.40998,0.46678,0.52462
110.0,0.0025477,0.0064132,0.014885,0.031852,0.062846,0.11437,0.19209,0.29754,0.37211,0.42501,0.47916
120.0,0.0021995,0.0055773,0.01304,0.028109,0.055869,0.10242,0.17327,0.27033,0.33955,0.38893,0.43976
130.0,0.0019155,0.0048899,0.01151,0.024981,0.04999,0.092267,0.15714,0.2468,0.31125,0.35747,0.40527
140.0,0.0016807,0.0043174,0.010227,0.022335,0.04498,0.083544,0.14317,0.22627,0.28642,0.32978,0.3748
150.0,0.0014843,0.0038353,0.0091381,0.020076,0.040669,0.075984,0.13098,0.20821,0.26448,0.30522,0.34771
175.0,0.0011138,0.0029163,0.007041,0.015675,0.032177,0.060919,0.1064,0.17137,0.2194,0.25453,0.29148
200.0,8.5872E-4,0.0022743,0.0055546,0.012509,0.025977,0.049752,0.087894,0.1432,0.1846,0.21514,0.24751
250.0,5.4103E-4,0.001461,0.003638,0.0083536,0.017688,0.03454,0.06221,0.10333,0.13476,0.15827,0.1835
300.0,3.6016E-4,9.882E-4,0.0025003,0.0058338,0.012552,0.024905,0.045576,0.076917,0.10128,0.11971,0.13967
350.0,2.4917E-4,6.9301E-4,0.0017774,0.0042037,0.0091682,0.01844,0.034206,0.058515,0.077675,0.09231,0.10829
400.0,1.7736E-4,4.9914E-4,0.0012954,0.0031001,0.0068416,0.013924,0.026135,0.045239,0.060477,0.072212,0.085113
450.0,1.2904E-4,3.6698E-4,9.6238E-4,0.0023274,0.0051902,0.010674,0.020245,0.035411,0.047636,0.057117,0.067602
500.0,9.5536E-5,2.7424E-4,7.2596E-4,0.0017721,0.0039892,0.0082812,0.015855,0.027992,0.037868,0.045574,0.054144
600.0,5.4498E-5,1.59E-4,4.278E-4,0.0010614,0.0024285,0.005124,0.0099705,0.017891,0.024441,0.029607,0.035403
700.0,3.2353E-5,9.5701E-5,2.6106E-4,6.567E-4,0.0015234,0.0032588,0.0064292,0.011697,0.016111,0.019624,0.023596
800.0,1.9778E-5,5.9208E-5,1.6345E-4,4.1612E-4,9.7691E-4,0.002115,0.0042228,0.007775,0.010786,0.013201,0.015949
1000.0,7.87E-6,2.4037E-5,6.7701E-5,1.7584E-4,4.2117E-4,9.3029E-4,0.001895,0.0035596,0.004998,0.0061663,0.0075096
1200.0,3.3206E-6,1.031E-5,2.9518E-5,7.7937E-5,1.8976E-4,4.2608E-4,8.8227E-4,0.0016847,0.0023889,0.0029666,0.0036367
1500.0,9.7859E-7,3.1E-6,9.0561E-6,2.4397E-5,6.0608E-5,1.3885E-4,2.9336E-4,5.7155E-4,8.3085E-4,0.001055,0.0013206
SA0P15
r\m,4.0,4.5,5.0,5.5,6.0,6.5,7.0,7.5,7.8,8.0,8.2
0.0,0.15049,0.30168,0.52547,0.81673,1.1381,1.4735,1.9863,2.4991,2.7572,2.8957,3.0015
1.0,0.12073,0.24508,0.43671,0.6976,1.0017,1.3316,1.8137,2.3021,2.5532,2.691,2.7991
5.0,0.063921,0.13468,0.25435,0.43521,0.67463,0.96169,1.3533,1.7667,1.9928,2.1241,2.2344
10.0,0.037947,0.082476,0.16236,0.29133,0.47219,0.71256,1.0334,1.384,1.5851,1.7069,1.814
15.0,0.025992,0.057142,0.11512,0.21241,0.35973,0.56587,0.83791,1.1443,1.3261,1.4392,1.5414
20.0,0.018899,0.042536,0.087911,0.16674,0.29053,0.46845,0.70511,0.9783,1.1445,1.25,1.3473
25.0,0.014693,0.033631,0.070754,0.13675,0.24298,0.39884,0.60854,0.85562,1.009,1.1079,1.2005
30.0,0.011888,0.027578,0.058836,0.11539,0.20814,0.34651,0.5349,0.76076,0.90337,0.99645,1.0847
40.0,0.0083889,0.019877,0.043336,0.086915,0.1604,0.27296,0.42956,0.62272,0.74798,0.83137,0.91196
50.0,0.0063139,0.01521,0.033722,0.068803,0.1292,0.22363,0.35748,0.52635,0.63814,0.71371,0.78778
60.0,0.0049565,0.012104,0.02721,0.056301,0.10724,0.18822,0.30485,0.45478,0.55572,0.6248,0.69326
70.0,0.0040097,0.0099069,0.022534,0.047185,0.090956,0.16154,0.26464,0.39928,0.49123,0.5548,0.61839
80.0,0.0033176,0.0082809,0.01903,0.040262,0.078424,0.14073,0.23286,0.35486,0.4392,0.49802,0.55732
90.0,0.0027935,0.0070362,0.016318,0.034842,0.068496,0.12404,0.20709,0.31841,0.39621,0.45087,0.50636
100.0,0.0023855,0.0060578,0.014165,0.030495,0.060448,0.11038,0.18576,0.28793,0.36001,0.411,0.46308
110.0,0.0020607,0.0052722,0.01242,0.02694,0.053805,0.098982,0.16782,0.26203,0.32908,0.37679,0.42578
120.0,0.0017974,0.00463,0.010982,0.023985,0.048235,0.089347,0.15251,0.23974,0.30231,0.34708,0.39326
130.0,0.0015807,0.0040974,0.0097805,0.021496,0.043506,0.081099,0.1393,0.22035,0.2789,0.321,0.36463
140.0,0.0013999,0.0036501,0.0087639,0.019376,0.039446,0.073965,0.12779,0.20332,0.25824,0.29792,0.3392
150.0,0.0012473,0.0032702,0.0078951,0.017551,0.035929,0.06774,0.11767,0.18825,0.23988,0.27734,0.31645
175.0,9.5571E-4,0.0025366,0.0061998,0.013954,0.02892,0.055202,0.09707,0.1572,0.20179,0.23445,0.26882
200.0,7.5093E-4,0.0020146,0.0049769,0.011322,0.023719,0.045764,0.081337,0.13313,0.17199,0.20068,0.23109
250.0,4.8947E-4,0.001337,0.003363,0.00779,0.016617,0.032645,0.059071,0.098439,0.12855,0.15107,0.17522
300.0,3.3577E-4,9.3082E-4,0.0023763,0.0055867,0.012095,0.024116,0.044288,0.074903,0.098686,0.11666,0.13611
350.0,2.3869E-4,6.7008E-4,0.0017323,0.0041242,0.0090421,0.018257,0.033952,0.058147,0.077189,0.09171,0.10754
400.0,1.7421E-4,4.9442E-4,0.0012923,0.0031104,0.0068943,0.014073,0.026459,0.045812,0.061214,0.073048,0.086029
450.0,1.2974E-4,3.7179E-4,9.8118E-4,0.0023846,0.0053369,0.011,0.020882,0.036506,0.049063,0.058774,0.069487
500.0,9.8182E-5,2.8381E-4,7.555E-4,0.0018521,0.0041813,0.0086932,0.016646,0.029354,0.039656,0.04767,0.056554
600.0,5.8337E-5,1.7118E-4,4.6259E-4,0.0011512,0.0026383,0.0055684,0.010824,0.019376,0.026413,0.031942,0.038123
700.0,3.5957E-5,1.0686E-4,2.9248E-4,7.372E-4,0.0017112,0.0036579,0.0072012,0.013056,0.017934,0.021799,0.02615
800.0,2.2768E-5,6.8419E-5,1.8934E-4,4.8254E-4,0.0011325,0.0024478,0.0048725,0.008932,0.012351,0.015079,0.018169
1000.0,9.6707E-6,2.9603E-5,8.3452E-5,2.1665E-4,5.1797E-4,0.0011404,0.0023125,0.0043183,0.0060379,0.0074263,0.0090145
1200.0,4.3345E-6,1.3471E-5,3.8554E-5,1.0162E-4,2.4665E-4,5.5136E-4,0.0011351,0.0021519,0.0030362,0.0037571,0.0045883
1500.0,1.3901E-6,4.401E-6,1.2832E-5,3.4455E-5,8.5198E-5,1.9402E-4,4.0689E-4,7.8586E-4,0.0011212,0.0013978,0.0017197
SA0P2
r\m,4.0,4.5,5.0,5.5,6.0,6.5,7.0,7.5,7.8,8.0,8.2
0.0,0.10778,0.22193,0.39725,0.63414,0.9071,1.2031,1.6518,2.1128,2.3524,2.4849,2.5899
1.0,0.087127,0.18159,0.33223,0.54452,0.80174,1.0908,1.5126,1.9512,2.1834,2.3143,2.4203
5.0,0.04716,0.10187,0.1971,0.34516,0.54708,0.79616,1.1393,1.5099,1.7173,1.8399,1.9451
10.0,0.028511,0.06345,0.12777,0.23423,0.38753,0.5958,0.87769,1.192,1.3758,1.4887,1.5893
15.0,0.019791,0.044527,0.091682,0.17264,0.29798,0.47684,0.71664,0.99177,1.1577,1.2621,1.3575
20.0,0.014554,0.033493,0.070676,0.13667,0.24245,0.39732,0.60661,0.85236,1.0041,1.1013,1.1918
25.0,0.011417,0.026704,0.057323,0.11288,0.20405,0.34018,0.5262,0.74889,0.88897,0.98005,1.066
30.0,0.0093092,0.022056,0.047986,0.095831,0.17575,0.29703,0.46462,0.66859,0.79893,0.88467,0.96656
40.0,0.0066542,0.016089,0.035742,0.072933,0.13673,0.23601,0.37608,0.55121,0.66596,0.74287,0.81761
50.0,0.0050621,0.012436,0.028076,0.058242,0.11103,0.1948,0.31512,0.46881,0.5715,0.64132,0.71008
60.0,0.0040108,0.0099834,0.022841,0.048026,0.092815,0.16504,0.27036,0.40732,0.50032,0.56428,0.62793
70.0,0.0032716,0.0082353,0.019056,0.040528,0.079232,0.1425,0.236,0.35945,0.4444,0.50341,0.56264
80.0,0.0027273,0.0069328,0.016201,0.034801,0.068721,0.12482,0.20873,0.32097,0.39913,0.45385,0.5092
90.0,0.0023124,0.0059295,0.013978,0.030293,0.060352,0.11059,0.18653,0.2893,0.36159,0.41258,0.46449
100.0,0.0019874,0.0051365,0.012205,0.02666,0.053538,0.098885,0.16808,0.26271,0.32989,0.37758,0.4264
110.0,0.0017273,0.0044962,0.01076,0.023674,0.047888,0.089088,0.1525,0.24005,0.30272,0.34746,0.39349
120.0,0.0015153,0.0039703,0.0095643,0.021182,0.043132,0.080771,0.13917,0.22049,0.27913,0.32122,0.36472
130.0,0.0013399,0.0035319,0.0085602,0.019075,0.039078,0.073626,0.12762,0.20341,0.25845,0.29813,0.33932
140.0,0.0011928,0.0031621,0.0077072,0.017271,0.035585,0.067425,0.11753,0.18838,0.24014,0.27764,0.31671
150.0,0.0010682,0.0028467,0.0069751,0.015714,0.032547,0.061996,0.10863,0.17503,0.22383,0.25932,0.29643
175.0,8.2819E-4,0.0022333,0.0055373,0.012623,0.026459,0.051,0.09042,0.14741,0.18984,0.22098,0.25379
200.0,6.5792E-4,0.0017925,0.0044904,0.010343,0.021904,0.042659,0.076411,0.12585,0.16308,0.19061,0.21981
250.0,4.3756E-4,0.001213,0.0030917,0.0072457,0.015614,0.03094,0.056385,0.094488,0.12371,0.1456,0.16907
300.0,3.0574E-4,8.5969E-4,0.0022227,0.0052839,0.01155,0.023215,0.042913,0.07294,0.096318,0.114,0.13313
350.0,2.2113E-4,6.2933E-4,0.0016469,0.0039627,0.0087674,0.017837,0.033372,0.057412,0.076363,0.090821,0.10657
400.0,1.6405E-4,4.7181E-4,0.0012477,0.003034,0.0067836,0.013947,0.026369,0.045843,0.06136,0.073284,0.086358
450.0,1.241E-4,3.6026E-4,9.616E-4,0.0023601,0.0053262,0.011053,0.021092,0.037011,0.049815,0.059717,0.070632
500.0,9.535E-5,2.7911E-4,7.5122E-4,0.0018592,0.0042309,0.0088532,0.017036,0.030143,0.040774,0.049042,0.058199
600.0,5.8324E-5,1.7321E-4,4.7298E-4,0.0011876,0.0027419,0.005821,0.011364,0.0204,0.027835,0.033672,0.040191
700.0,3.6964E-5,1.1112E-4,3.0718E-4,7.8081E-4,0.0018249,0.003922,0.0077509,0.014085,0.01936,0.023536,0.02823
800.0,2.4044E-5,7.3056E-5,2.0411E-4,5.2435E-4,0.0012386,0.0026904,0.0053737,0.0098694,0.013652,0.016667,0.020077
1000.0,1.0757E-5,3.327E-5,9.462E-5,2.4744E-4,5.9499E-4,0.0013156,0.0026748,0.0050006,0.0069916,0.0085965,0.010429
1200.0,5.069E-6,1.5908E-5,4.5905E-5,1.2181E-4,2.9719E-4,6.6675E-4,0.0013755,0.0026092,0.0036801,0.0045513,0.0055536
1500.0,1.7487E-6,5.5866E-6,1.6411E-5,4.433E-5,1.1011E-4,2.5147E-4,5.2811E-4,0.0010198,0.0014539,0.0018109,0.0022256
SA0P25
r\m,4.0,4.5,5.0,5.5,6.0,6.5,7.0,7.5,7.8,8.0,8.2
0.0,0.083607,0.1756,0.32038,0.52093,0.75796,1.0209,1.42,1.8374,2.0586,2.1832,2.284
1.0,0.067761,0.14401,0.26847,0.44799,0.67067,0.92634,1.3011,1.6975,1.9114,2.0339,2.1349
5.0,0.036951,0.081331,0.16019,0.28529,0.45928,0.67791,0.98203,1.3156,1.5052,1.6187,1.7171
10.0,0.022478,0.050946,0.10436,0.19441,0.32645,0.50867,0.75814,1.0404,1.2076,1.3112,1.4045
15.0,0.015677,0.035909,0.075184,0.14378,0.25173,0.40803,0.6202,0.86694,1.0174,1.1129,1.2008
20.0,0.011575,0.02711,0.058147,0.11415,0.20531,0.34067,0.52587,0.74614,0.88354,0.97222,1.0553
25.0,0.0091117,0.021682,0.047292,0.094511,0.17316,0.29222,0.45689,0.65645,0.78321,0.86616,0.94492
30.0,0.0074513,0.017957,0.039687,0.080415,0.14944,0.25559,0.40404,0.58683,0.70471,0.78272,0.8576
40.0,0.0053539,0.013162,0.029692,0.061446,0.11669,0.20374,0.32798,0.48502,0.58877,0.65867,0.7269
50.0,0.0040915,0.010216,0.023415,0.049247,0.095067,0.16867,0.27556,0.41351,0.50639,0.56985,0.63257
60.0,0.0032551,0.0082335,0.019118,0.040745,0.079714,0.1433,0.23704,0.36012,0.4443,0.50244,0.56051
70.0,0.0026654,0.0068163,0.016004,0.034492,0.068249,0.12407,0.20743,0.31853,0.3955,0.44918,0.50324
80.0,0.0022299,0.0057578,0.01365,0.029708,0.059363,0.10897,0.18391,0.28508,0.35597,0.40581,0.45636
90.0,0.0018971,0.0049406,0.011814,0.025935,0.052277,0.096794,0.16474,0.25752,0.32319,0.36967,0.41712
100.0,0.0016359,0.0042932,0.010345,0.022889,0.046498,0.086766,0.1488,0.23437,0.29548,0.33901,0.38368
110.0,0.0014263,0.0037694,0.0091474,0.020382,0.0417,0.078362,0.13533,0.21463,0.27171,0.31261,0.35478
120.0,0.0012551,0.0033383,0.0081536,0.018286,0.037654,0.07122,0.12378,0.19757,0.25107,0.28959,0.3295
130.0,0.0011131,0.0029783,0.0073177,0.016509,0.034201,0.065076,0.11377,0.18266,0.23295,0.26933,0.30717
140.0,9.9382E-4,0.0026739,0.0066064,0.014987,0.031222,0.059736,0.10501,0.16952,0.21691,0.25133,0.28727
150.0,8.9255E-4,0.0024139,0.0059947,0.013671,0.028626,0.055056,0.097278,0.15785,0.2026,0.23523,0.26942
175.0,6.9681E-4,0.0019065,0.0047899,0.011051,0.023412,0.045553,0.081421,0.13365,0.17273,0.20147,0.23182
200.0,5.5726E-4,0.0015401,0.0039088,0.0091097,0.019496,0.03832,0.069185,0.11471,0.14915,0.17467,0.20179
250.0,3.7541E-4,0.0010553,0.0027242,0.0064577,0.014058,0.028105,0.051608,0.08703,0.11431,0.13478,0.15677
300.0,2.6557E-4,7.5701E-4,0.0019817,0.0047637,0.010516,0.02132,0.039699,0.067885,0.089913,0.10661,0.12469
350.0,1.9438E-4,5.607E-4,0.0014853,0.0036131,0.0080713,0.016559,0.0312,0.053988,0.072016,0.085792,0.10082
400.0,1.4591E-4,4.2523E-4,0.0011381,0.0027972,0.0063134,0.013086,0.024913,0.043555,0.058458,0.069928,0.082517
450.0,1.1166E-4,3.2839E-4,8.8696E-4,0.0021999,0.0050109,0.010482,0.020136,0.035526,0.047943,0.05756,0.068169
500.0,8.6768E-5,2.5729E-4,7.006E-4,0.001752,0.0040232,0.0084848,0.016434,0.029231,0.039642,0.047749,0.056734
600.0,5.4275E-5,1.6323E-4,4.5083E-4,0.0011435,0.0026633,0.005697,0.011192,0.02019,0.027615,0.033451,0.039972
700.0,3.5162E-5,1.0703E-4,2.9917E-4,7.6796E-4,0.0018103,0.0039192,0.007792,0.014227,0.019599,0.023855,0.028643
800.0,2.3375E-5,7.1895E-5,2.0307E-4,5.2673E-4,0.0012547,0.0027447,0.0055141,0.010173,0.014102,0.017237,0.020782
1000.0,1.0916E-5,3.4165E-5,9.8196E-5,2.5919E-4,6.2826E-4,0.0013985,0.0028591,0.0053676,0.0075189,0.0092543,0.011236
1200.0,5.3667E-6,1.7038E-5,4.9675E-5,1.33E-4,3.2702E-4,7.3844E-4,0.0015313,0.0029162,0.0041201,0.0051001,0.0062277
1500.0,1.9716E-6,6.3698E-6,1.8899E-5,5.1494E-5,1.2885E-4,2.9608E-4,6.2482E-4,0.0012109,0.0017289,0.0021551,0.00265
SA0P3
r\m,4.0,4.5,5.0,5.5,6.0,6.5,7.0,7.5,7.8,8.0,8.2
0.0,0.060165,0.13012,0.24436,0.40848,0.61034,0.84242,1.1956,1.5754,1.7831,1.9032,2.0033
1.0,0.049,0.10719,0.20557,0.35243,0.54144,0.76587,1.0973,1.4576,1.6578,1.7751,1.8745
5.0,0.027098,0.06133,0.12408,0.22665,0.37375,0.56406,0.83282,1.1351,1.311,1.4184,1.5133
10.0,0.016677,0.038832,0.081622,0.15576,0.26762,0.4258,0.64633,0.90176,1.0562,1.1534,1.2422
15.0,0.011731,0.027596,0.059245,0.11599,0.20755,0.34319,0.53097,0.75419,0.89291,0.98209,1.0653
20.0,0.008725,0.020974,0.046097,0.092578,0.17007,0.28769,0.45184,0.65115,0.77766,0.8603,0.93858
25.0,0.0069084,0.016866,0.037678,0.076996,0.14401,0.24765,0.39382,0.5745,0.69115,0.76833,0.84233
30.0,0.005678,0.014033,0.031756,0.06577,0.12473,0.21729,0.34926,0.51488,0.62334,0.69587,0.76611
40.0,0.0041145,0.010368,0.023933,0.050596,0.097986,0.17418,0.28495,0.42748,0.523,0.58795,0.65184
50.0,0.0031668,0.0081015,0.018991,0.040785,0.080258,0.1449,0.24047,0.36593,0.45153,0.5105,0.5692
60.0,0.0025353,0.0065676,0.015592,0.033918,0.067618,0.12365,0.20769,0.31986,0.39753,0.45161,0.50597
70.0,0.0020876,0.0054661,0.013117,0.028848,0.058145,0.10749,0.18243,0.28389,0.35502,0.405,0.45563
80.0,0.0017556,0.0046398,0.01124,0.024954,0.050779,0.094763,0.16231,0.2549,0.32052,0.36698,0.41437
90.0,0.0015007,0.0039994,0.0097696,0.021873,0.044888,0.084474,0.14588,0.23096,0.29186,0.33525,0.37978
100.0,0.0012999,0.0034903,0.0085901,0.019378,0.040071,0.075979,0.13218,0.21083,0.26759,0.30829,0.35027
110.0,0.0011382,0.0030769,0.0076247,0.017319,0.03606,0.068844,0.12058,0.19362,0.24674,0.28503,0.32472
120.0,0.0010056,0.0027356,0.0068215,0.015592,0.03267,0.062765,0.11061,0.17872,0.2286,0.26473,0.30234
130.0,8.9533E-4,0.0024496,0.0061439,0.014125,0.029769,0.057525,0.10196,0.16568,0.21266,0.24683,0.28254
140.0,8.024E-4,0.0022072,0.0055657,0.012865,0.02726,0.052961,0.094372,0.15417,0.19852,0.23091,0.26488
150.0,7.2324E-4,0.0019994,0.0050672,0.011772,0.02507,0.048951,0.087663,0.14393,0.18588,0.21664,0.24901
175.0,5.6949E-4,0.0015922,0.0040809,0.0095883,0.020652,0.040783,0.073858,0.12263,0.15944,0.18666,0.21551
200.0,4.5912E-4,0.0012963,0.0033552,0.0079611,0.017317,0.034535,0.063156,0.10589,0.13848,0.16276,0.18865
250.0,3.1396E-4,9.0117E-4,0.0023713,0.0057203,0.01265,0.025648,0.047682,0.08127,0.10734,0.12699,0.14816
300.0,2.2521E-4,6.5525E-4,0.0017477,0.0042737,0.0095804,0.01969,0.037104,0.064101,0.085353,0.10153,0.1191
350.0,1.6703E-4,4.916E-4,0.0013264,0.0032811,0.0074405,0.015469,0.029487,0.051532,0.069092,0.082562,0.097297
400.0,1.2697E-4,3.7745E-4,0.0010287,0.0025701,0.005887,0.012363,0.023802,0.042014,0.05667,0.06799,0.080445
450.0,9.8358E-5,2.95E-4,8.1112E-4,0.0020446,0.0047249,0.01001,0.019445,0.034628,0.046955,0.056534,0.067127
500.0,7.7346E-5,2.3382E-4,6.4804E-4,0.0016466,0.0038354,0.0081905,0.016036,0.028785,0.039219,0.047369,0.056424
600.0,4.9506E-5,1.5174E-4,4.2636E-4,0.0010983,0.0025938,0.0056159,0.011148,0.020287,0.027869,0.033847,0.040539
700.0,3.2794E-5,1.0169E-4,2.8909E-4,7.5344E-4,0.0018002,0.0039434,0.0079196,0.014581,0.020172,0.024613,0.029617
800.0,2.2278E-5,6.9785E-5,2.0041E-4,5.2762E-4,0.0012735,0.002818,0.0057169,0.010633,0.014799,0.01813,0.021905
1000.0,1.0851E-5,3.4572E-5,1.0098E-4,2.704E-4,6.638E-4,0.001494,0.0030826,0.0058312,0.0081988,0.010113,0.012301
1200.0,5.5584E-6,1.7956E-5,5.3179E-5,1.4439E-4,3.5941E-4,8.2018E-4,0.001716,0.0032913,0.0046663,0.0057876,0.0070792
1500.0,2.1686E-6,7.1257E-6,2.1465E-5,5.928E-5,1.5009E-4,3.4838E-4,7.4135E-4,0.0014463,0.0020716,0.0025869,0.0031858
SA0P4
r\m,4.0,4.5,5.0,5.5,6.0,6.5,7.0,7.5,7.8,8.0,8.2
0.0,0.042454,0.095569,0.18496,0.31678,0.48299,0.68037,0.99348,1.345,1.5454,1.6653,1.769
1.0,0.033755,0.076927,0.15257,0.26918,0.42392,0.6141,0.90576,1.2365,1.4279,1.5438,1.6455
5.0,0.017888,0.042231,0.088797,0.16803,0.28612,0.44486,0.67678,0.94841,1.1125,1.2155,1.3091
10.0,0.010843,0.026341,0.057604,0.11407,0.20277,0.33301,0.5209,0.74714,0.88872,0.98005,1.0654
15.0,0.0075985,0.018644,0.041642,0.084608,0.15671,0.26756,0.42647,0.62252,0.74833,0.83105,0.90982
20.0,0.0056537,0.01417,0.032392,0.067495,0.12832,0.2241,0.36245,0.5366,0.65053,0.72653,0.7999
25.0,0.0044858,0.011414,0.026511,0.056187,0.10873,0.19295,0.31588,0.4732,0.57775,0.6483,0.71714
30.0,0.0036971,0.0095198,0.022388,0.048074,0.094287,0.16946,0.28029,0.42417,0.52105,0.58705,0.65203
40.0,0.0026962,0.0070732,0.016957,0.03714,0.074336,0.13623,0.22918,0.3527,0.43765,0.49641,0.55508
50.0,0.002089,0.0055605,0.013529,0.030082,0.061141,0.11373,0.19398,0.30262,0.37859,0.43177,0.48543
60.0,0.0016835,0.0045351,0.011168,0.025141,0.051738,0.097426,0.16809,0.26525,0.33413,0.38281,0.43237
70.0,0.0013952,0.003797,0.0094472,0.021489,0.044688,0.085027,0.14816,0.23613,0.29921,0.34416,0.39026
80.0,0.0011807,0.0032418,0.0081384,0.01868,0.039202,0.075263,0.13229,0.21268,0.27091,0.3127,0.35581
90.0,0.0010154,0.0028102,0.0071113,0.016453,0.034808,0.067363,0.11933,0.19334,0.24742,0.28647,0.32698
100.0,8.8476E-4,0.002466,0.006285,0.014646,0.03121,0.060833,0.10852,0.17706,0.22755,0.2642,0.30241
110.0,7.7914E-4,0.0021857,0.0056068,0.013152,0.028208,0.055342,0.09936,0.16315,0.21047,0.245,0.28115
120.0,6.9225E-4,0.0019535,0.0050411,0.011895,0.025667,0.050657,0.091484,0.1511,0.19562,0.22825,0.26254
130.0,6.197E-4,0.0017584,0.0045625,0.010825,0.023488,0.046612,0.084637,0.14055,0.18256,0.21347,0.24607
140.0,5.5835E-4,0.0015924,0.0041529,0.009904,0.021599,0.043083,0.078626,0.13123,0.17096,0.20032,0.23138
150.0,5.0591E-4,0.0014497,0.0037987,0.0091027,0.019947,0.039977,0.073303,0.12293,0.1606,0.18853,0.21818
175.0,4.0344E-4,0.0011684,0.0030946,0.0074953,0.016601,0.03363,0.062323,0.10563,0.13888,0.16372,0.19027
200.0,3.2923E-4,9.6239E-4,0.0025727,0.0062894,0.014061,0.02875,0.053774,0.091984,0.12161,0.1439,0.16785
250.0,2.3041E-4,6.8412E-4,0.0018576,0.0046127,0.010475,0.021755,0.041328,0.071802,0.095819,0.11409,0.13391
300.0,1.6896E-4,5.0814E-4,0.0013976,0.0035152,0.0080856,0.01701,0.032729,0.057595,0.077451,0.09269,0.10935
350.0,1.28E-4,3.8916E-4,0.001082,0.0027513,0.006398,0.013607,0.026467,0.047084,0.06373,0.076602,0.090766
400.0,9.9325E-5,3.0484E-4,8.5564E-4,0.0021964,0.0051559,0.011069,0.021736,0.039034,0.053135,0.064107,0.076249
450.0,7.8506E-5,2.4297E-4,6.8769E-4,0.0017801,0.0042138,0.0091227,0.018063,0.032711,0.04475,0.054172,0.064647
500.0,6.2964E-5,1.9633E-4,5.5987E-4,0.0014601,0.0034823,0.0075958,0.015153,0.027646,0.037992,0.046129,0.055214
600.0,4.1881E-5,1.323E-4,3.822E-4,0.0010098,0.0024398,0.0053914,0.010896,0.020139,0.027892,0.034041,0.040958
700.0,2.8804E-5,9.1994E-5,2.687E-4,7.1777E-4,0.0017535,0.0039176,0.0080049,0.014959,0.020855,0.025565,0.030895
800.0,2.0302E-5,6.5461E-5,1.9304E-4,5.206E-4,0.001284,0.0028962,0.0059746,0.011272,0.015805,0.019449,0.023593
1000.0,1.0628E-5,3.4822E-5,1.0434E-4,2.8592E-4,7.1655E-4,0.0016423,0.0034425,0.0065992,0.0093421,0.01157,0.014125
1200.0,5.8428E-6,1.9395E-5,5.888E-5,1.6347E-4,4.1507E-4,9.6384E-4,0.0020469,0.0039756,0.0056723,0.0070616,0.0086665
1500.0,2.53E-6,8.534E-6,2.6326E-5,7.4271E-5,1.9163E-4,4.5216E-4,9.7577E-4,0.0019258,0.0027742,0.0034759,0.0042933
SA0P5
r\m,4.0,4.5,5.0,5.5,6.0,6.5,7.0,7.5,7.8,8.0,8.2
0.0,0.028511,0.066605,0.13385,0.23798,0.37649,0.54935,0.82638,1.1505,1.3435,1.463,1.5702
1.0,0.022847,0.054006,0.11112,0.20332,0.33187,0.4975,0.75565,1.0605,1.2444,1.3595,1.4638
5.0,0.012372,0.030254,0.065857,0.12892,0.22691,0.3642,0.56995,0.82032,0.97719,1.0784,1.1729
10.0,0.0076281,0.019173,0.043348,0.088654,0.16265,0.27523,0.44242,0.65118,0.78619,0.8754,0.9607
15.0,0.0054108,0.01373,0.03168,0.066418,0.12678,0.22274,0.36458,0.54576,0.66564,0.7462,0.82447
20.0,0.0040667,0.010533,0.024853,0.053387,0.10451,0.18765,0.31151,0.4727,0.58125,0.65515,0.72782
25.0,0.0032523,0.0085471,0.020479,0.044719,0.089043,0.16238,0.27271,0.41856,0.5182,0.58675,0.65479
30.0,0.0026984,0.0071732,0.017394,0.038464,0.077589,0.14323,0.24295,0.37654,0.46891,0.53302,0.59717
40.0,0.0019894,0.0053843,0.0133,0.029977,0.061665,0.11599,0.19998,0.31501,0.39612,0.4532,0.51104
50.0,0.0015551,0.0042681,0.010694,0.024457,0.051058,0.097427,0.17022,0.27166,0.34431,0.396,0.44889
60.0,0.0012627,0.0035058,0.0088869,0.020566,0.043454,0.083899,0.14822,0.23917,0.30515,0.35251,0.40136
70.0,0.0010533,0.0029534,0.0075613,0.017675,0.037723,0.073566,0.13121,0.21375,0.27428,0.31806,0.36352
80.0,8.9662E-4,0.0025356,0.0065479,0.01544,0.033243,0.065393,0.11761,0.19322,0.24918,0.28993,0.33247
90.0,7.7526E-4,0.0022092,0.0057488,0.01366,0.02964,0.058756,0.10647,0.17623,0.22829,0.26641,0.30642
100.0,6.788E-4,0.0019476,0.0051031,0.01221,0.026678,0.053251,0.09715,0.16189,0.21056,0.24639,0.28416
110.0,6.0049E-4,0.0017337,0.004571,0.011006,0.024199,0.048606,0.089224,0.1496,0.1953,0.22909,0.26486
120.0,5.3579E-4,0.0015557,0.0041254,0.0099901,0.022093,0.044632,0.082393,0.13893,0.18198,0.21395,0.24792
130.0,4.8155E-4,0.0014056,0.0037471,0.0091223,0.020282,0.04119,0.076438,0.12956,0.17025,0.20058,0.23291
140.0,4.3552E-4,0.0012775,0.0034223,0.0083727,0.018707,0.038179,0.071197,0.12127,0.15981,0.18865,0.21948
150.0,3.9603E-4,0.001167,0.0031406,0.0077189,0.017326,0.035523,0.066545,0.11386,0.15046,0.17793,0.20739
175.0,3.1843E-4,9.4803E-4,0.0025777,0.006401,0.014517,0.030072,0.056912,0.098377,0.1308,0.15532,0.18177
200.0,2.6182E-4,7.8646E-4,0.0021576,0.0054061,0.012371,0.025857,0.049374,0.086108,0.1151,0.13716,0.1611
250.0,1.8569E-4,5.6623E-4,0.001577,0.0040111,0.0093181,0.019772,0.038323,0.067844,0.091506,0.1097,0.12962
300.0,1.3778E-4,4.2535E-4,0.0011993,0.0030885,0.007264,0.015605,0.030621,0.054881,0.074571,0.089838,0.10667
350.0,1.0549E-4,3.2911E-4,9.3774E-4,0.0024403,0.0058001,0.012591,0.024968,0.045219,0.061829,0.0748,0.08919
400.0,8.267E-5,2.6026E-4,7.4835E-4,0.0019653,0.0047138,0.010327,0.020664,0.037767,0.051922,0.063044,0.075445
450.0,6.5948E-5,2.093E-4,6.0667E-4,0.0016061,0.0038834,0.0085763,0.0173,0.031874,0.044032,0.053635,0.064393
500.0,5.3356E-5,1.7056E-4,4.9796E-4,0.0013278,0.0032339,0.0071936,0.014616,0.027123,0.037631,0.045971,0.055351
600.0,3.6076E-5,1.1677E-4,3.4521E-4,9.3212E-4,0.0022987,0.0051777,0.010652,0.020016,0.02798,0.034352,0.041569
700.0,2.5192E-5,8.241E-5,2.4622E-4,6.7192E-4,0.0016747,0.0038123,0.0079267,0.015053,0.021177,0.02611,0.031729
800.0,1.8013E-5,5.9471E-5,1.7933E-4,4.9389E-4,0.0012423,0.0028542,0.0059894,0.011479,0.016238,0.020095,0.024509
1000.0,9.6889E-6,3.2484E-5,9.9471E-5,2.782E-4,7.1064E-4,0.001658,0.0035331,0.0068765,0.0098175,0.012224,0.015001
1200.0,5.4634E-6,1.8549E-5,5.7521E-5,1.6291E-4,4.2143E-4,9.9568E-4,0.0021486,0.0042349,0.0060919,0.0076236,0.0094029
1500.0,2.4526E-6,8.4567E-6,2.6632E-5,7.66E-5,2.0123E-4,4.8284E-4,0.0010581,0.002118,0.0030751,0.003872,0.0048053
SA0P75
r\m,4.0,4.5,5.0,5.5,6.0,6.5,7.0,7.5,7.8,8.0,8.2
0.0,0.012733,0.031855,0.068509,0.13014,0.21939,0.33998,0.54129,0.79602,0.9597,1.0672,1.1692
1.0,0.01026,0.025949,0.057069,0.11142,0.1936,0.30797,0.49481,0.73312,0.88781,0.99018,1.0881
5.0,0.0056407,0.01472,0.034147,0.071103,0.13284,0.22573,0.37298,0.56568,0.69473,0.78211,0.86754
10.0,0.0035207,0.0094248,0.022656,0.049176,0.095562,0.17087,0.28952,0.44833,0.55751,0.63288,0.70787
15.0,0.0025201,0.0068022,0.016663,0.037018,0.074725,0.13852,0.2387,0.37548,0.47134,0.53843,0.60603
20.0,0.0019089,0.0052527,0.013141,0.029875,0.061772,0.1169,0.20412,0.32516,0.41127,0.47219,0.53416
25.0,0.0015366,0.0042857,0.010878,0.025115,0.052771,0.10134,0.17887,0.28797,0.36655,0.42262,0.4801
30.0,0.0012821,0.0036145,0.0092775,0.021674,0.046101,0.089556,0.15953,0.25917,0.33169,0.38382,0.43761
40.0,9.5462E-4,0.0027367,0.0071465,0.016996,0.036821,0.072794,0.13166,0.21712,0.28039,0.32642,0.37441
50.0,7.5271E-4,0.0021861,0.0057849,0.013946,0.030632,0.061377,0.11238,0.1876,0.24405,0.28549,0.32906
60.0,6.1603E-4,0.0018084,0.0048375,0.011791,0.026191,0.053057,0.09815,0.16554,0.21667,0.2545,0.29455
70.0,5.1768E-4,0.0015336,0.0041405,0.010187,0.02284,0.046701,0.087162,0.14831,0.19515,0.23004,0.26718
80.0,4.4371E-4,0.001325,0.003606,0.0089439,0.020218,0.041674,0.078387,0.13442,0.1777,0.21013,0.24481
90.0,3.862E-4,0.0011614,0.0031834,0.0079524,0.018106,0.03759,0.071198,0.12294,0.16321,0.19352,0.22609
100.0,3.4029E-4,0.0010299,0.002841,0.0071428,0.016368,0.0342,0.065186,0.11327,0.15093,0.17941,0.21014
110.0,3.0288E-4,9.2198E-4,0.0025581,0.0064693,0.014912,0.031339,0.060075,0.10498,0.14037,0.16725,0.19633
120.0,2.7186E-4,8.3195E-4,0.0023206,0.0059001,0.013673,0.028889,0.05567,0.097797,0.13118,0.15662,0.18424
130.0,2.4576E-4,7.5578E-4,0.0021185,0.0054128,0.012606,0.026766,0.05183,0.091494,0.12308,0.14723,0.17354
140.0,2.2354E-4,6.9055E-4,0.0019445,0.004991,0.011677,0.024907,0.048448,0.085912,0.11588,0.13888,0.16399
150.0,2.044E-4,6.3412E-4,0.0017932,0.0046224,0.010861,0.023265,0.045446,0.080929,0.10944,0.13137,0.15539
175.0,1.6659E-4,5.2177E-4,0.0014897,0.0038768,0.0091968,0.01989,0.039223,0.070511,0.095895,0.11555,0.13719
200.0,1.3877E-4,4.3825E-4,0.0012617,0.0033109,0.0079199,0.017271,0.034342,0.062249,0.085079,0.10286,0.12253
250.0,1.0093E-4,3.2322E-4,9.4357E-4,0.0025109,0.006091,0.01347,0.027158,0.049916,0.068795,0.083635,0.10018
300.0,7.6722E-5,2.4853E-4,7.339E-4,0.0019755,0.0048475,0.010844,0.022114,0.041113,0.057052,0.069678,0.083846
350.0,6.0147E-5,1.9674E-4,5.8664E-4,0.0015946,0.0039511,0.0089248,0.018379,0.034502,0.048157,0.059043,0.071325
400.0,4.8236E-5,1.5912E-4,4.7849E-4,0.0013116,0.0032776,0.0074664,0.015506,0.029355,0.041182,0.050661,0.061407
450.0,3.9365E-5,1.3083E-4,3.9637E-4,0.0010947,0.002756,0.0063252,0.013234,0.025242,0.035571,0.043889,0.053358
500.0,3.2572E-5,1.0898E-4,3.3239E-4,9.2416E-4,0.0023423,0.0054119,0.011399,0.021888,0.030969,0.038314,0.046704
600.0,2.302E-5,7.792E-5,2.4043E-4,6.7629E-4,0.0017341,0.0040534,0.0086376,0.016779,0.023905,0.029712,0.036388
700.0,1.6792E-5,5.74E-5,1.7886E-4,5.0809E-4,0.0013157,0.0031058,0.0066836,0.013111,0.018791,0.023447,0.028828
800.0,1.2536E-5,4.3221E-5,1.3583E-4,3.8916E-4,0.0010164,0.0024198,0.0052519,0.010391,0.014968,0.018742,0.023121
1000.0,7.3432E-6,2.568E-5,8.187E-5,2.3793E-4,6.3034E-4,0.0015223,0.0033515,0.0067265,0.0097729,0.012307,0.015269
1200.0,4.505E-6,1.594E-5,5.1415E-5,1.5118E-4,4.0522E-4,9.9013E-4,0.0022055,0.0044785,0.0065525,0.00829,0.010334
1500.0,2.2923E-6,8.2279E-6,2.6922E-5,8.0302E-5,2.1835E-4,5.4122E-4,0.001223,0.0025191,0.0037176,0.0047304,0.0059306
SA1P0
r\m,4.0,4.5,5.0,5.5,6.0,6.5,7.0,7.5,7.8,8.0,8.2
0.0,0.0054026,0.014355,0.033025,0.067209,0.12133,0.20005,0.33299,0.50988,0.62899,0.70984,0.78897
1.0,0.0045008,0.012068,0.028256,0.05876,0.10868,0.18308,0.30714,0.47336,0.58623,0.6633,0.73917
5.0,0.0026569,0.0073196,0.01792,0.039328,0.077322,0.13783,0.23701,0.37294,0.46764,0.53354,0.59952
10.0,0.0017259,0.0048643,0.012291,0.027985,0.056952,0.10627,0.18697,0.2998,0.38022,0.43708,0.49484
15.0,0.0012634,0.0035865,0.0092176,0.021433,0.045168,0.087139,0.15571,0.25331,0.32404,0.37465,0.42662
20.0,9.7224E-4,0.0028094,0.0073629,0.017491,0.037693,0.074136,0.1341,0.22071,0.28432,0.33028,0.37785
25.0,7.9126E-4,0.0023155,0.0061507,0.014823,0.032429,0.064662,0.11815,0.19637,0.25447,0.29676,0.34085
30.0,6.6588E-4,0.0019682,0.0052833,0.012874,0.02849,0.057422,0.10583,0.17739,0.23105,0.27036,0.31158
40.0,5.0222E-4,0.001508,0.0041139,0.010195,0.022952,0.047031,0.08792,0.14947,0.19634,0.23104,0.26778
50.0,3.9983E-4,0.0012154,0.0033572,0.0084267,0.019221,0.039887,0.075432,0.12972,0.17157,0.20283,0.23616
60.0,3.2978E-4,0.0010126,0.002826,0.0071677,0.016523,0.034646,0.06616,0.11488,0.15283,0.18137,0.21199
70.0,2.7896E-4,8.6399E-4,0.0024323,0.0062238,0.014475,0.030621,0.058966,0.10325,0.13805,0.16438,0.19278
80.0,2.4047E-4,7.5042E-4,0.0021287,0.0054889,0.012865,0.027424,0.053201,0.093845,0.12603,0.15051,0.17703
90.0,2.1037E-4,6.609E-4,0.0018875,0.0049001,0.011564,0.024817,0.048463,0.086052,0.11602,0.13892,0.16383
100.0,1.8622E-4,5.8859E-4,0.0016912,0.0044174,0.010489,0.022648,0.044491,0.079471,0.10753,0.12906,0.15257
110.0,1.6646E-4,5.2902E-4,0.0015284,0.0040144,0.0095851,0.020812,0.041107,0.073825,0.10021,0.12055,0.14281
120.0,1.5E-4,4.7913E-4,0.0013913,0.0036728,0.0088144,0.019235,0.038184,0.068918,0.093835,0.1131,0.13425
130.0,1.3611E-4,4.3677E-4,0.0012742,0.0033796,0.0081489,0.017867,0.035631,0.064608,0.08821,0.10651,0.12667
140.0,1.2423E-4,4.0039E-4,0.0011732,0.0031251,0.0075683,0.016666,0.033379,0.060786,0.083206,0.10064,0.1199
150.0,1.1397E-4,3.6882E-4,0.0010851,0.0029022,0.0070571,0.015603,0.031377,0.05737,0.078719,0.09537,0.1138
175.0,9.361E-5,3.0569E-4,9.0755E-4,0.0024496,0.0060112,0.013413,0.027216,0.050213,0.069274,0.08423,0.10087
200.0,7.8529E-5,2.5848E-4,7.7348E-4,0.0021044,0.0052052,0.011707,0.023943,0.044522,0.061714,0.075275,0.090428
250.0,5.7846E-5,1.9294E-4,5.8512E-4,0.0016133,0.004044,0.0092171,0.019103,0.035997,0.050294,0.061672,0.074481
300.0,4.448E-5,1.5E-4,4.5988E-4,0.0012819,0.0032488,0.0074862,0.015686,0.029882,0.042025,0.051758,0.062781
350.0,3.5244E-5,1.1996E-4,3.7122E-4,0.0010444,0.0026717,0.0062138,0.013141,0.025267,0.035734,0.044173,0.053779
400.0,2.855E-5,9.7963E-5,3.0561E-4,8.6681E-4,0.0022353,0.0052411,0.011174,0.021658,0.030778,0.03817,0.046621
450.0,2.3525E-5,8.1296E-5,2.5543E-4,7.2969E-4,0.0018952,0.0044755,0.0096096,0.01876,0.026774,0.033298,0.040787
500.0,1.9647E-5,6.833E-5,2.1607E-4,6.2121E-4,0.0016238,0.0038592,0.0083395,0.016385,0.023474,0.029269,0.035944
600.0,1.4134E-5,4.9705E-5,1.5893E-4,4.6202E-4,0.0012212,0.0029347,0.0064125,0.012739,0.018373,0.023011,0.028384
700.0,1.0486E-5,3.7226E-5,1.2015E-4,3.526E-4,9.4078E-4,0.0022822,0.0050338,0.010095,0.014641,0.018406,0.02279
800.0,7.9585E-6,2.8484E-5,9.269E-5,2.7424E-4,7.3769E-4,0.0018042,0.0040121,0.0081118,0.011823,0.014912,0.018523
1000.0,4.8118E-6,1.7459E-5,5.7593E-5,1.7274E-4,4.7107E-4,0.001168,0.002633,0.0053966,0.0079303,0.010057,0.012561
1200.0,3.0438E-6,1.1168E-5,3.7256E-5,1.13E-4,3.1162E-4,7.8131E-4,0.0017811,0.0036917,0.0054614,0.006957,0.0087282
1500.0,1.6195E-6,6.024E-6,2.0373E-5,6.2646E-5,1.7514E-4,4.4519E-4,0.0010289,0.002162,0.0032248,0.0041305,0.0052106
SA1P5
r\m,4.0,4.5,5.0,5.5,6.0,6.5,7.0,7.5,7.8,8.0,8.2
0.0,0.0018565,0.0054543,0.013811,0.030703,0.060091,0.10637,0.18716,0.30005,0.37888,0.4335,0.48781
1.0,0.0015667,0.0046412,0.011942,0.027081,0.054197,0.097869,0.17343,0.27967,0.35438,0.40643,0.45842
5.0,9.5999E-4,0.0029149,0.0078102,0.018609,0.039399,0.074951,0.13583,0.22316,0.28597,0.33042,0.37549
10.0,6.4296E-4,0.0019929,0.0054951,0.01354,0.029585,0.058706,0.10862,0.18151,0.23497,0.27335,0.31274
15.0,4.8118E-4,0.0015008,0.0042019,0.010552,0.023809,0.048717,0.091408,0.15475,0.20189,0.23609,0.27152
20.0,3.7722E-4,0.0011957,0.0034077,0.0087268,0.020097,0.041853,0.079395,0.13583,0.17833,0.20942,0.24186
25.0,3.1152E-4,9.9881E-4,0.0028814,0.0074763,0.017455,0.036807,0.070459,0.12161,0.16051,0.18916,0.21924
30.0,2.6538E-4,8.5859E-4,0.0025005,0.0065533,0.01546,0.03292,0.06351,0.11046,0.14646,0.17313,0.20127
40.0,2.0418E-4,6.7002E-4,0.0019801,0.0052687,0.012625,0.027289,0.053326,0.09393,0.1255,0.1491,0.17422
50.0,1.6519E-4,5.4809E-4,0.0016381,0.0044093,0.010691,0.023374,0.046153,0.08214,0.11043,0.13174,0.15457
60.0,1.3811E-4,4.6242E-4,0.0013949,0.0037901,0.0092776,0.020475,0.040784,0.073219,0.098949,0.11846,0.13947
70.0,1.182E-4,3.9887E-4,0.0012126,0.0033213,0.0081955,0.018231,0.036589,0.066184,0.089847,0.10789,0.12741
80.0,1.0296E-4,3.4979E-4,0.0010707,0.002953,0.0073377,0.016436,0.033206,0.060464,0.082409,0.099218,0.11748
90.0,9.0918E-5,3.1075E-4,9.5702E-4,0.0026556,0.0066394,0.014963,0.03041,0.055702,0.076189,0.091946,0.10913
100.0,8.117E-5,2.7895E-4,8.6378E-4,0.00241,0.0060589,0.01373,0.028054,0.051662,0.07089,0.085735,0.10198
110.0,7.3123E-5,2.5254E-4,7.8589E-4,0.0022037,0.005568,0.01268,0.026037,0.048182,0.066309,0.080351,0.09576
120.0,6.6372E-5,2.3026E-4,7.1985E-4,0.0020277,0.005147,0.011775,0.024287,0.045146,0.062299,0.075628,0.090292
130.0,6.063E-5,2.1123E-4,6.6312E-4,0.0018758,0.0047816,0.010985,0.022753,0.04247,0.058752,0.07144,0.085435
140.0,5.569E-5,1.9477E-4,6.1386E-4,0.0017433,0.0044613,0.01029,0.021394,0.040089,0.055587,0.067696,0.081082
150.0,5.1398E-5,1.8042E-4,5.7068E-4,0.0016266,0.004178,0.0096715,0.020182,0.037954,0.05274,0.064323,0.077153
175.0,4.279E-5,1.5143E-4,4.8294E-4,0.0013879,0.0035942,0.0083886,0.017648,0.033459,0.046721,0.057167,0.068793
200.0,3.6331E-5,1.2949E-4,4.1592E-4,0.0012038,0.0031399,0.0073809,0.015638,0.02986,0.041873,0.05138,0.062005
250.0,2.7324E-5,9.8562E-5,3.2039E-4,9.3852E-4,0.0024775,0.0058939,0.012638,0.02442,0.034491,0.042525,0.051564
300.0,2.1386E-5,7.7907E-5,2.5575E-4,7.566E-4,0.0020171,0.0048461,0.010493,0.020477,0.029092,0.036009,0.043836
350.0,1.7212E-5,6.3226E-5,2.093E-4,6.2438E-4,0.0016785,0.0040666,0.0088794,0.017472,0.024948,0.030984,0.037843
400.0,1.414E-5,5.2319E-5,1.7446E-4,5.2423E-4,0.0014196,0.0034644,0.0076195,0.015102,0.021658,0.026975,0.033044
450.0,1.1801E-5,4.3945E-5,1.4748E-4,4.4602E-4,0.0012156,0.0029857,0.0066089,0.013183,0.018979,0.0237,0.029106
500.0,9.9726E-6,3.7352E-5,1.2608E-4,3.8349E-4,0.0010512,0.0025969,0.0057814,0.011599,0.016756,0.020972,0.025815
600.0,7.3298E-6,2.7729E-5,9.4534E-5,2.9044E-4,8.0413E-4,0.0020064,0.0045116,0.0091425,0.013287,0.016696,0.020634
700.0,5.5439E-6,2.1151E-5,7.2721E-5,2.2532E-4,6.2914E-4,0.0015831,0.0035901,0.0073369,0.010717,0.013512,0.016756
800.0,4.2823E-6,1.6458E-5,5.7004E-5,1.7792E-4,5.0046E-4,0.0012686,0.0028981,0.0059662,0.0087532,0.011069,0.013766
1000.0,2.6728E-6,1.0399E-5,3.6464E-5,1.1522E-4,3.281E-4,8.4199E-4,0.0019472,0.0040583,0.0059981,0.0076224,0.0095266
1200.0,1.7397E-6,6.8374E-6,2.4217E-5,7.7296E-5,2.2233E-4,5.7633E-4,0.0013463,0.0028343,0.0042144,0.0053773,0.0067477
1500.0,9.6231E-7,3.829E-6,1.373E-5,4.4367E-5,1.292E-4,3.3907E-4,8.019E-4,0.0017091,0.0025602,0.0032828,0.0041397
SA2P0
r\m,4.0,4.5,5.0,5.5,6.0,6.5,7.0,7.5,7.8,8.0,8.2
0.0,7.9427E-4,0.0025663,0.0070727,0.016917,0.035198,0.065383,0.11889,0.19452,0.24719,0.28333,0.31878
1.0,6.7491E-4,0.0021974,0.0061478,0.014984,0.031846,0.060294,0.11036,0.18155,0.23145,0.26587,0.29979
5.0,4.2182E-4,0.001405,0.0040832,0.010427,0.023378,0.046514,0.086936,0.1455,0.18742,0.21679,0.24613
10.0,2.8715E-4,9.7486E-4,0.0029098,0.0076686,0.017712,0.036681,0.069897,0.11883,0.15451,0.17984,0.20547
15.0,2.1746E-4,7.4229E-4,0.002247,0.0060278,0.014351,0.030601,0.059074,0.10164,0.13312,0.15569,0.17873
20.0,1.7219E-4,5.9668E-4,0.0018365,0.0050179,0.01218,0.026405,0.051495,0.089465,0.11786,0.13837,0.15947
25.0,1.4333E-4,5.0197E-4,0.0015626,0.0043222,0.010627,0.02331,0.045841,0.080295,0.1063,0.12521,0.14477
30.0,1.2292E-4,4.3411E-4,0.0013634,0.0038064,0.0094501,0.020918,0.041434,0.073089,0.097166,0.11478,0.13308
40.0,9.563E-5,3.4218E-4,0.0010893,0.0030845,0.0077701,0.01744,0.034957,0.062391,0.083529,0.099133,0.11548
50.0,7.8074E-5,2.8223E-4,9.0788E-4,0.0025984,0.0066175,0.015012,0.03038,0.054742,0.073709,0.087813,0.10269
60.0,6.5784E-5,2.3982E-4,7.7806E-4,0.0022464,0.0057717,0.013207,0.026945,0.048943,0.06622,0.079145,0.092849
70.0,5.6691E-5,2.0816E-4,6.8027E-4,0.0019785,0.0051215,0.011806,0.024254,0.044363,0.060274,0.072239,0.084983
80.0,4.9686E-5,1.8358E-4,6.0377E-4,0.0017673,0.0046043,0.010681,0.022079,0.040633,0.05541,0.066572,0.078508
90.0,4.4122E-5,1.6394E-4,5.4219E-4,0.0015961,0.0041819,0.0097565,0.020279,0.037524,0.051338,0.061814,0.073058
100.0,3.9597E-5,1.4787E-4,4.9151E-4,0.0014542,0.0038298,0.0089805,0.018758,0.034883,0.047866,0.057748,0.068387
110.0,3.5844E-5,1.3447E-4,4.4902E-4,0.0013347,0.0035313,0.0083187,0.017455,0.032605,0.044862,0.054221,0.064326
120.0,3.2683E-5,1.2312E-4,4.1287E-4,0.0012324,0.0032746,0.0077467,0.016322,0.030616,0.04223,0.051125,0.060753
130.0,2.9984E-5,1.1339E-4,3.8173E-4,0.0011439,0.0030513,0.0072467,0.015327,0.02886,0.0399,0.048379,0.057578
140.0,2.7654E-5,1.0496E-4,3.546E-4,0.0010665,0.0028551,0.0068053,0.014445,0.027297,0.037819,0.045921,0.054731
150.0,2.5622E-5,9.7571E-5,3.3076E-4,9.9813E-4,0.0026812,0.0064125,0.013657,0.025893,0.035947,0.043706,0.052161
175.0,2.1524E-5,8.2589E-5,2.821E-4,8.5776E-4,0.0023217,0.0055949,0.012005,0.022934,0.031981,0.039002,0.046686
200.0,1.8427E-5,7.117E-5,2.447E-4,7.4897E-4,0.0020407,0.0049502,0.010692,0.020558,0.028782,0.035192,0.042236
250.0,1.4066E-5,5.4932E-5,1.9097E-4,5.9102E-4,0.0016283,0.0039938,0.0087218,0.016956,0.023896,0.029347,0.035377
300.0,1.1157E-5,4.3968E-5,1.5425E-4,4.8175E-4,0.0013394,0.0033152,0.0073058,0.014333,0.020309,0.025032,0.030286
350.0,9.0893E-6,3.6097E-5,1.2762E-4,4.0166E-4,0.0011254,0.0028072,0.006234,0.012325,0.017545,0.021692,0.026325
400.0,7.5524E-6,3.0195E-5,1.0747E-4,3.4053E-4,9.6055E-4,0.0024121,0.0053927,0.010733,0.015341,0.019017,0.023141
450.0,6.3713E-6,2.5624E-5,9.1746E-5,2.9243E-4,8.2979E-4,0.0020961,0.0047142,0.0094384,0.013538,0.016823,0.020519
500.0,5.4398E-6,2.1995E-5,7.9171E-5,2.537E-4,7.2371E-4,0.0018379,0.0041555,0.0083641,0.012035,0.014987,0.01832
600.0,4.0766E-6,1.6636E-5,6.0435E-5,1.9545E-4,5.6273E-4,0.0014424,0.0032913,0.006686,0.0096741,0.012091,0.014834
700.0,3.1402E-6,1.2915E-5,4.7286E-5,1.5413E-4,4.4724E-4,0.0011553,0.002657,0.0054398,0.0079079,0.0099148,0.012202
800.0,2.4683E-6,1.0221E-5,3.7676E-5,1.2364E-4,3.6121E-4,9.3945E-4,0.0021752,0.0044837,0.0065446,0.0082278,0.010153
1000.0,1.5924E-6,6.6692E-6,2.4865E-5,8.2531E-5,2.4387E-4,6.4149E-4,0.0015023,0.003132,0.0046028,0.0058129,0.0072058
1200.0,1.0697E-6,4.5216E-6,1.7015E-5,5.7004E-5,1.7001E-4,4.5139E-4,0.001067,0.0022451,0.003318,0.0042059,0.0052331
1500.0,6.19E-7,2.6465E-6,1.0073E-5,3.4134E-5,1.0297E-4,2.7652E-4,6.611E-4,0.0014071,0.0020936,0.002666,0.0033324
SA3P0
r\m,4.0,4.5,5.0,5.5,6.0,6.5,7.0,7.5,7.8,8.0,8.2
0.0,2.168E-4,8.2337E-4,0.0025899,0.0068959,0.015575,0.030703,0.058085,0.096551,0.12243,0.13947,0.15532
1.0,1.8222E-4,6.9731E-4,0.0022309,0.006067,0.014032,0.028245,0.05379,0.089883,0.11434,0.13051,0.14567
5.0,1.1261E-4,4.4048E-4,0.0014666,0.004189,0.010252,0.021735,0.042244,0.071762,0.092191,0.10593,0.11901
10.0,7.7083E-5,3.0696E-4,0.0010492,0.0030914,0.0077933,0.017191,0.034031,0.058663,0.076027,0.08787,0.099301
15.0,5.8919E-5,2.3575E-4,8.1659E-4,0.0024468,0.0063518,0.014409,0.02887,0.050319,0.065648,0.076211,0.086506
20.0,4.7139E-5,1.9127E-4,6.7289E-4,0.0020514,0.005423,0.012496,0.025271,0.044439,0.058287,0.067906,0.077354
25.0,3.9605E-5,1.6227E-4,5.7689E-4,0.0017788,0.0047589,0.011085,0.02259,0.040022,0.052727,0.061612,0.070393
30.0,3.4254E-5,1.4142E-4,5.0684E-4,0.0015763,0.004255,0.009995,0.020501,0.036553,0.048343,0.056632,0.064869
40.0,2.7048E-5,1.1301E-4,4.1002E-4,0.0012916,0.0035333,0.0084056,0.017427,0.031402,0.041795,0.049169,0.056559
50.0,2.2368E-5,9.4317E-5,3.4544E-4,0.0010988,0.0030356,0.0072914,0.015248,0.027713,0.037075,0.043767,0.050518
60.0,1.9061E-5,8.0984E-5,2.9889E-4,9.5822E-4,0.0026685,0.0064598,0.013607,0.02491,0.033469,0.039624,0.045869
70.0,1.6593E-5,7.0955E-5,2.6359E-4,8.5064E-4,0.0023848,0.0058111,0.012318,0.02269,0.030601,0.036318,0.042147
80.0,1.4677E-5,6.3113E-5,2.3579E-4,7.653E-4,0.0021579,0.0052886,0.011272,0.020877,0.028249,0.0336,0.039078
90.0,1.3143E-5,5.6801E-5,2.1328E-4,6.9574E-4,0.0019718,0.004857,0.010403,0.019362,0.026275,0.031314,0.03649
100.0,1.1887E-5,5.1604E-5,1.9464E-4,6.3783E-4,0.001816,0.0044934,0.0096667,0.018071,0.024589,0.029356,0.034269
110.0,1.0839E-5,4.7246E-5,1.7893E-4,5.8877E-4,0.0016833,0.0041822,0.0090335,0.016956,0.023126,0.027655,0.032335
120.0,9.9506E-6,4.3535E-5,1.655E-4,5.4662E-4,0.0015687,0.0039122,0.0084817,0.015979,0.021842,0.026158,0.03063
130.0,9.1875E-6,4.0336E-5,1.5387E-4,5.0997E-4,0.0014686,0.0036754,0.0079955,0.015115,0.020703,0.024828,0.029112
140.0,8.5249E-6,3.7547E-5,1.4369E-4,4.7778E-4,0.0013804,0.0034657,0.0075633,0.014343,0.019684,0.023635,0.027749
150.0,7.944E-6,3.5093E-5,1.347E-4,4.4925E-4,0.0013019,0.0032784,0.0071759,0.013649,0.018765,0.022558,0.026516
175.0,6.763E-6,3.0077E-5,1.1623E-4,3.9025E-4,0.0011386,0.0028866,0.0063607,0.012179,0.016811,0.020264,0.023883
200.0,5.8598E-6,2.6213E-5,1.0189E-4,3.4412E-4,0.0010099,0.0025755,0.0057081,0.010993,0.015228,0.018398,0.021734
250.0,4.5691E-6,2.0641E-5,8.1022E-5,2.7635E-4,8.1905E-4,0.0021094,0.0047212,0.0091822,0.012794,0.015518,0.018404
300.0,3.6919E-6,1.6813E-5,6.6533E-5,2.2878E-4,6.8354E-4,0.0017747,0.0040042,0.0078506,0.010991,0.013375,0.015913
350.0,3.0582E-6,1.4023E-5,5.5873E-5,1.9344E-4,5.8195E-4,0.0015213,0.0034561,0.0068224,0.0095911,0.011703,0.013962
400.0,2.5801E-6,1.1901E-5,4.7702E-5,1.6614E-4,5.028E-4,0.0013223,0.0030218,0.0060006,0.0084659,0.010354,0.012383
450.0,2.2076E-6,1.0237E-5,4.1247E-5,1.4441E-4,4.3936E-4,0.0011615,0.0026684,0.0053268,0.007539,0.0092401,0.011073
500.0,1.91E-6,8.8987E-6,3.6025E-5,1.2673E-4,3.8738E-4,0.0010289,0.002375,0.0047634,0.0067607,0.0083018,0.0099677
600.0,1.4669E-6,6.8902E-6,2.8123E-5,9.9742E-5,3.0739E-4,8.2318E-4,0.0019156,0.0038736,0.0055249,0.0068065,0.008199
700.0,1.1556E-6,5.4659E-6,2.2465E-5,8.0228E-5,2.4897E-4,6.7137E-4,0.0015732,0.0032033,0.0045878,0.0056677,0.0068461
800.0,9.2763E-7,4.4139E-6,1.825E-5,6.557E-5,2.0471E-4,5.5535E-4,0.0013092,0.0026817,0.0038547,0.0047734,0.0057799
1000.0,6.2211E-7,2.9901E-6,1.2488E-5,4.5322E-5,1.4292E-4,3.9165E-4,9.3259E-4,0.0019297,0.0027904,0.0034695,0.0042179
1200.0,4.3309E-7,2.0988E-6,8.838E-6,3.2339E-5,1.0283E-4,2.841E-4,6.8209E-4,0.001423,0.0020679,0.0025797,0.0031465
1500.0,2.6344E-7,1.2896E-6,5.4855E-6,2.0276E-5,6.5122E-5,1.8175E-4,4.4078E-4,9.289E-4,0.0013581,0.001701,0.0020831
SA4P0
r\m,4.0,4.5,5.0,5.5,6.0,6.5,7.0,7.5,7.8,8.0,8.2
0.0,8.6495E-5,3.7116E-4,0.0012873,0.003706,0.008876,0.018265,0.035651,0.060069,0.076121,0.086355,0.095508
1.0,7.1471E-5,3.0917E-4,0.0010939,0.0032281,0.0079471,0.016741,0.032903,0.055734,0.070854,0.080551,0.089279
5.0,4.3178E-5,1.91E-4,7.0579E-4,0.0021967,0.0057509,0.012809,0.025696,0.044243,0.0568,0.064997,0.072512
10.0,2.9505E-5,1.3284E-4,5.0406E-4,0.0016191,0.0043699,0.010133,0.020696,0.036145,0.046801,0.05386,0.06043
15.0,2.2644E-5,1.0241E-4,3.9371E-4,0.0012858,0.003572,0.0085141,0.017593,0.031052,0.040463,0.046764,0.052692
20.0,1.8222E-5,8.3523E-5,3.2595E-4,0.0010824,0.0030607,0.0074065,0.015441,0.027485,0.035996,0.041743,0.047193
25.0,1.5396E-5,7.1226E-5,2.8076E-4,9.4254E-4,0.0026959,0.0065917,0.013842,0.024813,0.032634,0.03795,0.043026
30.0,1.3386E-5,6.2377E-5,2.4776E-4,8.3857E-4,0.002419,0.0059621,0.012597,0.022717,0.029986,0.034955,0.039726
40.0,1.0671E-5,5.0285E-5,2.0206E-4,6.9224E-4,0.0020221,0.0050439,0.010765,0.019607,0.026035,0.03047,0.034766
50.0,8.8981E-6,4.2294E-5,1.7146E-4,5.9276E-4,0.0017477,0.0043989,0.0094647,0.017378,0.023186,0.027223,0.031162
60.0,7.639E-6,3.6567E-5,1.4931E-4,5.1998E-4,0.0015446,0.0039162,0.0084834,0.015681,0.021008,0.024732,0.028386
70.0,6.6943E-6,3.2238E-5,1.3244E-4,4.6407E-4,0.0013872,0.0035387,0.0077104,0.014335,0.019271,0.02274,0.026161
80.0,5.957E-6,2.8838E-5,1.1909E-4,4.1955E-4,0.0012609,0.0032337,0.0070819,0.013234,0.017845,0.0211,0.024324
90.0,5.3643E-6,2.6089E-5,1.0825E-4,3.8314E-4,0.0011569,0.0029811,0.0065584,0.012311,0.016647,0.019719,0.022773
100.0,4.8767E-6,2.3816E-5,9.9231E-5,3.5271E-4,0.0010696,0.0027677,0.006114,0.011524,0.015621,0.018534,0.021439
110.0,4.4679E-6,2.1903E-5,9.1606E-5,3.2686E-4,9.9498E-4,0.0025845,0.0057308,0.010842,0.014729,0.017503,0.020276
120.0,4.12E-6,2.0268E-5,8.5062E-5,3.0457E-4,9.304E-4,0.0024253,0.0053961,0.010244,0.013945,0.016594,0.01925
130.0,3.8201E-6,1.8853E-5,7.9378E-5,2.8514E-4,8.7385E-4,0.0022852,0.0051006,0.0097139,0.013249,0.015785,0.018335
140.0,3.5588E-6,1.7615E-5,7.4388E-5,2.6801E-4,8.2384E-4,0.0021609,0.0048373,0.0092397,0.012624,0.015058,0.017511
150.0,3.3289E-6,1.6523E-5,6.9969E-5,2.528E-4,7.7924E-4,0.0020496,0.0046009,0.0088123,0.01206,0.014401,0.016766
175.0,2.8588E-6,1.4278E-5,6.0841E-5,2.2119E-4,6.8611E-4,0.0018159,0.0041017,0.0079048,0.010858,0.012998,0.01517
200.0,2.4965E-6,1.2536E-5,5.3709E-5,1.9633E-4,6.123E-4,0.0016294,0.0037002,0.0071696,0.0098802,0.011853,0.013863
250.0,1.9737E-6,1.0001E-5,4.3239E-5,1.595E-4,5.0201E-4,0.0013481,0.0030893,0.0060403,0.0083693,0.010077,0.011828
300.0,1.614E-6,8.2397E-6,3.5891E-5,1.3339E-4,4.2296E-4,0.0011444,0.002642,0.0052043,0.0072432,0.0087469,0.010298
350.0,1.3513E-6,6.9424E-6,3.0432E-5,1.1382E-4,3.6321E-4,9.8893E-4,0.0022976,0.0045546,0.006363,0.0077035,0.0090925
400.0,1.1511E-6,5.9467E-6,2.6211E-5,9.8573E-5,3.1629E-4,8.6595E-4,0.0020229,0.0040322,0.0056518,0.0068575,0.0081117
450.0,9.938E-7,5.1589E-6,2.2849E-5,8.6349E-5,2.7842E-4,7.6597E-4,0.0017981,0.0036014,0.0050627,0.0061547,0.0072945
500.0,8.6706E-7,4.5206E-6,2.011E-5,7.6327E-5,2.4718E-4,6.8299E-4,0.0016103,0.0032393,0.0045656,0.00556,0.0066012
600.0,6.7616E-7,3.552E-6,1.5921E-5,6.0885E-5,1.9867E-4,5.5311E-4,0.0013139,0.0026632,0.0037705,0.0046056,0.0054846
700.0,5.4016E-7,2.8557E-6,1.2882E-5,4.958E-5,1.6282E-4,4.562E-4,0.0010907,0.0022248,0.003162,0.0038722,0.004623
800.0,4.3921E-7,2.335E-6,1.0591E-5,4.0991E-5,1.3536E-4,3.8138E-4,9.1684E-4,0.0018806,0.0026818,0.0032914,0.0039383
1000.0,3.0158E-7,1.6182E-6,7.4087E-6,2.894E-5,9.6457E-5,2.743E-4,6.6558E-4,0.001378,0.0019759,0.0024341,0.0029234
1200.0,2.1451E-7,1.1598E-6,5.3502E-6,2.1059E-5,7.0723E-5,2.0265E-4,4.9548E-4,0.0010336,0.0014889,0.0018397,0.0022162
1500.0,1.3441E-7,7.3349E-7,3.4153E-6,1.3569E-5,4.5994E-5,1.3303E-4,3.2828E-4,6.9122E-4,0.0010013,0.0012418,0.0015015
SA5P0
r\m,4.0,4.5,5.0,5.5,6.0,6.5,7.0,7.5,7.8,8.0,8.2
0.0,4.0314E-5,1.9005E-4,7.1602E-4,0.0022143,0.0056269,0.012128,0.024437,0.041975,0.053494,0.060766,0.067162
1.0,3.3467E-5,1.5899E-4,6.1075E-4,0.0019343,0.0050487,0.011133,0.022582,0.038986,0.049835,0.056724,0.062822
5.0,2.0469E-5,9.9343E-5,3.9798E-4,0.001327,0.0036764,0.0085578,0.017704,0.031045,0.040058,0.04588,0.05113
10.0,1.4119E-5,6.9686E-5,2.8641E-4,9.8442E-4,0.0028087,0.0067987,0.01431,0.025436,0.033088,0.038103,0.042694
15.0,1.0908E-5,5.406E-5,2.2497E-4,7.8563E-4,0.0023052,0.0057312,0.012197,0.021901,0.028663,0.033142,0.037285
20.0,8.8261E-6,4.4309E-5,1.8708E-4,6.639E-4,0.0019816,0.004999,0.01073,0.019422,0.025541,0.029627,0.033439
25.0,7.4896E-6,3.7935E-5,1.617E-4,5.7989E-4,0.00175,0.0044592,0.0096375,0.017562,0.023189,0.026971,0.030523
30.0,6.5356E-6,3.3333E-5,1.4313E-4,5.1731E-4,0.001574,0.0040415,0.0087861,0.016103,0.021336,0.024872,0.028212
40.0,5.2415E-6,2.702E-5,1.1732E-4,4.2897E-4,0.001321,0.0034311,0.0075311,0.013934,0.018567,0.021727,0.024739
50.0,4.3925E-6,2.2831E-5,9.9969E-5,3.6872E-4,0.0011456,0.0030014,0.0066389,0.012378,0.01657,0.019449,0.022213
60.0,3.7871E-6,1.9817E-5,8.7371E-5,3.2452E-4,0.0010155,0.0026792,0.0059646,0.011192,0.01504,0.0177,0.020266
70.0,3.3314E-6,1.7533E-5,7.7749E-5,2.9049E-4,9.1447E-4,0.0024268,0.0054328,0.010251,0.013821,0.016301,0.018706
80.0,2.9747E-6,1.5734E-5,7.0124E-5,2.6334E-4,8.3326E-4,0.0022225,0.0049999,0.0094801,0.012819,0.015148,0.017418
90.0,2.6872E-6,1.4276E-5,6.3911E-5,2.4109E-4,7.6632E-4,0.0020532,0.0046391,0.0088341,0.011977,0.014177,0.016329
100.0,2.4501E-6,1.3068E-5,5.8737E-5,2.2247E-4,7.1001E-4,0.00191,0.0043324,0.0082824,0.011255,0.013344,0.015394
110.0,2.2509E-6,1.2049E-5,5.4354E-5,2.0662E-4,6.6185E-4,0.001787,0.0040678,0.0078043,0.010628,0.012619,0.014578
120.0,2.081E-6,1.1177E-5,5.0586E-5,1.9294E-4,6.2011E-4,0.0016798,0.0038365,0.0073847,0.010076,0.011979,0.013857
130.0,1.9343E-6,1.0421E-5,4.7308E-5,1.8099E-4,5.8351E-4,0.0015856,0.0036322,0.0070125,0.009586,0.01141,0.013215
140.0,1.8062E-6,9.7581E-6,4.4427E-5,1.7045E-4,5.5111E-4,0.0015018,0.00345,0.0066795,0.0091462,0.010899,0.012637
150.0,1.6933E-6,9.1725E-6,4.1872E-5,1.6108E-4,5.2219E-4,0.0014268,0.0032863,0.0063793,0.0087488,0.010436,0.012113
175.0,1.4619E-6,7.9661E-6,3.6581E-5,1.4157E-4,4.6169E-4,0.001269,0.0029402,0.0057412,0.0079017,0.009448,0.010992
200.0,1.2829E-6,7.027E-6,3.2436E-5,1.2618E-4,4.1364E-4,0.0011428,0.0026615,0.0052238,0.0072117,0.0086407,0.010073
250.0,1.0234E-6,5.6541E-6,2.6326E-5,1.033E-4,3.4161E-4,9.5207E-4,0.0022365,0.0044276,0.0061443,0.0073873,0.0086419
300.0,8.4373E-7,4.6948E-6,2.2016E-5,8.7007E-5,2.8978E-4,8.1341E-4,0.0019244,0.0038369,0.0053472,0.0064472,0.0075636
350.0,7.118E-7,3.9847E-6,1.8799E-5,7.4744E-5,2.5045E-4,7.0727E-4,0.0016834,0.0033766,0.0047229,0.0057082,0.0067128
400.0,6.1076E-7,3.437E-6,1.6301E-5,6.5151E-5,2.1946E-4,6.23E-4,0.0014906,0.0030056,0.0042172,0.0051077,0.0060192
450.0,5.3092E-7,3.0016E-6,1.4302E-5,5.7428E-5,1.9434E-4,5.5426E-4,0.0013323,0.0026989,0.0037973,0.0046077,0.00544
500.0,4.663E-7,2.6472E-6,1.2666E-5,5.107E-5,1.7354E-4,4.9701E-4,0.0011996,0.0024403,0.003442,0.0041835,0.0049474
600.0,3.6829E-7,2.1059E-6,1.0148E-5,4.1216E-5,1.4107E-4,4.0694E-4,9.893E-4,0.002027,0.0028714,0.0035,0.0041511
700.0,2.978E-7,1.7133E-6,8.3068E-6,3.3943E-5,1.1689E-4,3.3924E-4,8.2978E-4,0.0017105,0.002432,0.0029716,0.003533
800.0,2.45E-7,1.417E-6,6.9068E-6,2.8372E-5,9.8223E-5,2.8658E-4,7.0468E-4,0.0014603,0.0020829,0.0025505,0.0030387
1000.0,1.7207E-7,1.004E-6,4.9373E-6,2.0462E-5,7.1469E-5,2.1038E-4,5.219E-4,0.0010912,0.0015646,0.0019226,0.0022988
1200.0,1.2508E-7,7.3513E-7,3.6413E-6,1.5201E-5,5.3478E-5,1.5856E-4,3.9622E-4,8.3441E-4,0.0012017,0.0014809,0.0017758
1500.0,8.0885E-8,4.7964E-7,2.397E-6,1.0095E-5,3.5833E-5,1.0719E-4,2.7024E-4,5.7419E-4,8.3134E-4,0.0010282,0.0012373
SA7P5
r\m,4.0,4.5,5.0,5.5,6.0,6.5,7.0,7.5,7.8,8.0,8.2
0.0,1.1477E-5,6.2306E-5,2.6491E-4,9.0723E-4,0.0025188,0.0058649,0.012675,0.023036,0.030159,0.03478,0.038937
1.0,9.3344E-6,5.1093E-5,2.2227E-4,7.8352E-4,0.0022443,0.0053627,0.01167,0.021318,0.027997,0.032354,0.036295
5.0,5.5696E-6,3.116E-5,1.4183E-4,5.2929E-4,0.0016181,0.004098,0.0090979,0.016878,0.022373,0.026015,0.029365
10.0,3.8362E-6,2.182E-5,1.019E-4,3.9228E-4,0.001236,0.0032571,0.0073543,0.013824,0.018469,0.021589,0.024498
15.0,2.9762E-6,1.6994E-5,8.0334E-5,3.1415E-4,0.0010176,0.002753,0.0062827,0.011925,0.016025,0.018804,0.02142
20.0,2.4221E-6,1.4003E-5,6.712E-5,2.666E-4,8.7802E-4,0.0024091,0.0055424,0.0106,0.014311,0.016844,0.019246
25.0,2.0667E-6,1.205E-5,5.8289E-5,2.3385E-4,7.7835E-4,0.0021562,0.0049931,0.0096105,0.013024,0.015368,0.017605
30.0,1.8129E-6,1.0639E-5,5.1823E-5,2.0946E-4,7.0263E-4,0.0019606,0.0045654,0.0088349,0.012011,0.014204,0.016307
40.0,1.4676E-6,8.7E-6,4.2824E-5,1.7499E-4,5.9372E-4,0.0016747,0.0039351,0.0076833,0.010502,0.012463,0.014359
50.0,1.2401E-6,7.4084E-6,3.6755E-5,1.5143E-4,5.1807E-4,0.0014733,0.0034868,0.0068569,0.0094125,0.011203,0.012944
60.0,1.0771E-6,6.4755E-6,3.2333E-5,1.3408E-4,4.6182E-4,0.0013219,0.0031475,0.0062268,0.0085784,0.010235,0.011854
70.0,9.5391E-7,5.7654E-6,2.8944E-5,1.2069E-4,4.18E-4,0.0012031,0.0028794,0.005726,0.0079129,0.00946,0.010979
80.0,8.5703E-7,5.2039E-6,2.6248E-5,1.0997E-4,3.8271E-4,0.0011067,0.0026609,0.0053154,0.0073654,0.0088214,0.010256
90.0,7.7862E-7,4.7473E-6,2.4045E-5,1.0116E-4,3.5354E-4,0.0010267,0.0024784,0.0049708,0.0069046,0.0082828,0.0096458
100.0,7.137E-7,4.3677E-6,2.2204E-5,9.3767E-5,3.2894E-4,9.588E-4,0.002323,0.0046761,0.0065094,0.0078202,0.0091203
110.0,6.5898E-7,4.0463E-6,2.064E-5,8.7457E-5,3.0785E-4,9.0038E-4,0.0021887,0.0044204,0.0061656,0.0074169,0.0086615
120.0,6.1214E-7,3.7702E-6,1.9291E-5,8.1996E-5,2.8953E-4,8.4942E-4,0.0020711,0.0041956,0.0058628,0.0070612,0.008256
130.0,5.7155E-7,3.5302E-6,1.8114E-5,7.7215E-5,2.7343E-4,8.0448E-4,0.0019671,0.003996,0.0055933,0.0067441,0.0078942
140.0,5.36E-7,3.3194E-6,1.7077E-5,7.2988E-5,2.5915E-4,7.6448E-4,0.0018741,0.0038171,0.0053513,0.0064591,0.0075684
150.0,5.0458E-7,3.1325E-6,1.6155E-5,6.9218E-5,2.4637E-4,7.2859E-4,0.0017905,0.0036557,0.0051324,0.0062009,0.007273
175.0,4.3984E-7,2.7456E-6,1.4238E-5,6.1343E-5,2.1955E-4,6.5288E-4,0.0016132,0.0033118,0.0046649,0.0056485,0.0066395
200.0,3.8942E-7,2.4425E-6,1.2728E-5,5.5097E-5,1.9815E-4,5.9207E-4,0.00147,0.0030321,0.0042831,0.005196,0.0061193
250.0,3.1566E-7,1.9958E-6,1.0484E-5,4.5749E-5,1.6586E-4,4.996E-4,0.0012503,0.0025997,0.0036901,0.0044909,0.0053058
300.0,2.6402E-7,1.6804E-6,8.885E-6,3.903E-5,1.4244E-4,4.3188E-4,0.001088,0.0022771,0.0032448,0.0039594,0.0046902
350.0,2.2571E-7,1.4446E-6,7.681E-6,3.393E-5,1.2452E-4,3.7967E-4,9.6181E-4,0.0020243,0.0028942,0.0035395,0.0042022
400.0,1.9609E-7,1.2611E-6,6.738E-6,2.9909E-5,1.103E-4,3.3794E-4,8.6025E-4,0.0018193,0.0026088,0.0031966,0.0038024
450.0,1.7247E-7,1.1139E-6,5.9773E-6,2.6647E-5,9.869E-5,3.0367E-4,7.7633E-4,0.0016489,0.0023705,0.0029096,0.0034669
500.0,1.5318E-7,9.9318E-7,5.3498E-6,2.3941E-5,8.9011E-5,2.7494E-4,7.0558E-4,0.0015044,0.0021677,0.0026648,0.0031801
600.0,1.2358E-7,8.0657E-7,4.3736E-6,1.9703E-5,7.3744E-5,2.2931E-4,5.924E-4,0.0012715,0.0018394,0.0022672,0.0027129
700.0,1.0194E-7,6.6911E-7,3.6488E-6,1.6531E-5,6.222E-5,1.9456E-4,5.0548E-4,0.001091,0.0015837,0.0019565,0.0023463
800.0,8.5481E-8,5.6382E-7,3.0897E-6,1.4066E-5,5.3203E-5,1.6719E-4,4.3648E-4,9.4672E-4,0.0013783,0.001706,0.0020499
1000.0,6.2245E-8,4.1393E-7,2.2869E-6,1.0497E-5,4.0029E-5,1.2682E-4,3.3381E-4,7.2998E-4,0.001068,0.0013262,0.0015988
1200.0,4.6826E-8,3.1349E-7,1.7436E-6,8.0569E-6,3.093E-5,9.8651E-5,2.6141E-4,5.7548E-4,8.4531E-4,0.0010525,0.0012723
1500.0,3.181E-8,2.1471E-7,1.204E-6,5.6095E-6,2.1712E-5,6.9819E-5,1.8653E-4,4.1402E-4,6.1115E-4,7.6347E-4,9.2589E-4
SA10P0
r\m,4.0,4.5,5.0,5.5,6.0,6.5,7.0,7.5,7.8,8.0,8.2
0.0,5.0731E-6,2.922E-5,1.3012E-4,4.6471E-4,0.0013446,0.0032761,0.0074748,0.014341,0.019386,0.022835,0.026107
1.0,4.0018E-6,2.3253E-5,1.0661E-4,3.9479E-4,0.0011865,0.002979,0.0068484,0.013211,0.017919,0.021153,0.024237
5.0,2.2954E-6,1.3647E-5,6.5881E-5,2.6034E-4,8.4188E-4,0.002254,0.0052923,0.010375,0.014209,0.016882,0.019469
10.0,1.566E-6,9.4686E-6,4.6956E-5,1.9175E-4,6.4029E-4,0.0017866,0.0042679,0.0084798,0.011707,0.013984,0.016213
15.0,1.2133E-6,7.3659E-6,3.6986E-5,1.5349E-4,5.2714E-4,0.0015105,0.0036473,0.0073176,0.010162,0.012185,0.014183
20.0,9.8846E-7,6.0761E-6,3.0938E-5,1.3041E-4,4.5538E-4,0.0013234,0.0032216,0.006513,0.0090859,0.010929,0.012759
25.0,8.4497E-7,5.2379E-6,2.6914E-5,1.1459E-4,4.0436E-4,0.0011864,0.0029068,0.0059139,0.0082813,0.0099862,0.011688
30.0,7.4269E-7,4.6339E-6,2.3975E-5,1.0283E-4,3.6567E-4,0.0010807,0.0026623,0.0054455,0.0076499,0.0092446,0.010844
40.0,6.0374E-7,3.8046E-6,1.9888E-5,8.623E-5,3.1011E-4,9.2632E-4,0.0023025,0.0047511,0.0067097,0.008137,0.0095779
50.0,5.1218E-7,3.2522E-6,1.7134E-5,7.4884E-5,2.7154E-4,8.1759E-4,0.0020467,0.0042532,0.0060321,0.0073358,0.0086593
60.0,4.4651E-7,2.8528E-6,1.5125E-5,6.6531E-5,2.4283E-4,7.3588E-4,0.0018531,0.0038737,0.0055132,0.0067206,0.0079518
70.0,3.9679E-7,2.5485E-6,1.3583E-5,6.0072E-5,2.2046E-4,6.7169E-4,0.0017001,0.0035718,0.005099,0.0062283,0.0073842
80.0,3.5764E-7,2.3075E-6,1.2355E-5,5.4898E-5,2.0242E-4,6.1959E-4,0.0015752,0.0033241,0.0047581,0.0058222,0.0069151
90.0,3.259E-7,2.1112E-6,1.135E-5,5.0639E-5,1.8749E-4,5.7625E-4,0.0014708,0.0031161,0.004471,0.0054795,0.0065183
100.0,2.9959E-7,1.9478E-6,1.051E-5,4.7061E-5,1.7489E-4,5.3949E-4,0.0013819,0.0029381,0.0042246,0.0051849,0.0061766
110.0,2.7736E-7,1.8092E-6,9.7943E-6,4.4003E-5,1.6407E-4,5.078E-4,0.001305,0.0027835,0.00401,0.004928,0.0058781
120.0,2.5832E-7,1.69E-6,9.1768E-6,4.1354E-5,1.5466E-4,4.8013E-4,0.0012375,0.0026475,0.0038209,0.0047011,0.0056141
130.0,2.4179E-7,1.5863E-6,8.6372E-6,3.9031E-5,1.4638E-4,4.557E-4,0.0011778,0.0025266,0.0036524,0.0044988,0.0053784
140.0,2.2728E-7,1.495E-6,8.1611E-6,3.6975E-5,1.3903E-4,4.3393E-4,0.0011244,0.0024182,0.0035011,0.0043167,0.005166
150.0,2.1445E-7,1.4139E-6,7.7372E-6,3.5139E-5,1.3245E-4,4.1438E-4,0.0010763,0.0023203,0.0033641,0.0041517,0.0049733
175.0,1.8794E-7,1.2458E-6,6.854E-6,3.1296E-5,1.186E-4,3.7308E-4,9.7419E-4,0.0021114,0.003071,0.0037981,0.0045595
200.0,1.6723E-7,1.1137E-6,6.1559E-6,2.824E-5,1.0753E-4,3.3982E-4,8.9147E-4,0.0019411,0.0028312,0.003508,0.004219
250.0,1.3679E-7,9.1815E-7,5.1149E-6,2.3649E-5,9.0755E-5,2.8907E-4,7.6428E-4,0.0016772,0.0024577,0.0030548,0.0036854
300.0,1.1537E-7,7.7932E-7,4.3694E-6,2.0333E-5,7.8531E-5,2.5175E-4,6.6988E-4,0.0014795,0.0021763,0.002712,0.0032802
350.0,9.9384E-8,6.7502E-7,3.8053E-6,1.7804E-5,6.9141E-5,2.2286E-4,5.9623E-4,0.001324,0.001954,0.0024402,0.0029579
400.0,8.6964E-8,5.9346E-7,3.3613E-6,1.5802E-5,6.1655E-5,1.9967E-4,5.3672E-4,0.0011975,0.0017722,0.0022174,0.0026929
450.0,7.7014E-8,5.2775E-7,3.0017E-6,1.417E-5,5.552E-5,1.8055E-4,4.8736E-4,0.0010919,0.00162,0.0020303,0.0024698
500.0,6.8852E-8,4.7359E-7,2.7037E-6,1.2811E-5,5.0383E-5,1.6446E-4,4.4559E-4,0.001002,0.00149,0.0018702,0.0022785
600.0,5.6242E-8,3.8936E-7,2.2373E-6,1.067E-5,4.2236E-5,1.3876E-4,3.784E-4,8.5645E-4,0.0012785,0.0016089,0.0019652
700.0,4.6946E-8,3.2679E-7,1.8881E-6,9.0541E-6,3.6036E-5,1.1905E-4,3.2642E-4,7.4286E-4,0.0011126,0.0014032,0.0017177
800.0,3.9814E-8,2.7847E-7,1.6165E-6,7.7889E-6,3.1149E-5,1.0339E-4,2.8484E-4,6.5132E-4,9.783E-4,0.0012361,0.0015161
1000.0,2.9623E-8,2.0885E-7,1.2221E-6,5.9353E-6,2.3925E-5,8.0048E-5,2.2229E-4,5.1236E-4,7.7326E-4,9.8018E-4,0.001206
1200.0,2.2749E-8,1.6143E-7,9.5076E-7,4.6477E-6,1.8858E-5,6.3505E-5,1.775E-4,4.118E-4,6.2391E-4,7.9293E-4,9.7813E-4
1500.0,1.5918E-8,1.1386E-7,6.7598E-7,3.3309E-6,1.3623E-5,4.6244E-5,1.3029E-4,3.0469E-4,4.6385E-4,5.9139E-4,7.3184E-4
