PGA
r\m,4.0,4.5,5.0,5.5,6.0,6.5,7.0,7.5,7.8,8.0,8.2
0.0,0.40277,0.55451,0.70435,0.84564,0.96101,1.0593,1.1717,1.2654,1.298,1.3026,1.3054
1.0,0.3217,0.45537,0.5907,0.71807,0.82483,0.92173,1.0356,1.1384,1.1761,1.1859,1.193
5.0,0.12607,0.21247,0.3192,0.43799,0.55358,0.66564,0.78871,0.90531,0.95527,0.97711,0.99402
10.0,0.055652,0.099479,0.16235,0.24565,0.34396,0.45542,0.58042,0.70545,0.7689,0.80449,0.83451
15.0,0.030521,0.056288,0.095731,0.15299,0.22909,0.32525,0.43812,0.55604,0.62414,0.6648,0.70231
20.0,0.019171,0.03622,0.063433,0.10476,0.16296,0.24109,0.33749,0.44505,0.51244,0.55517,0.59468
25.0,0.013058,0.025148,0.04477,0.075424,0.12028,0.18319,0.26521,0.36318,0.42722,0.46972,0.51184
30.0,0.0095833,0.018678,0.033635,0.057485,0.093118,0.14468,0.21483,0.3021,0.36253,0.40348,0.445
40.0,0.0058737,0.011661,0.021414,0.037375,0.061695,0.098279,0.15106,0.22109,0.27083,0.30564,0.34189
50.0,0.0039658,0.0080005,0.014943,0.026527,0.044459,0.072206,0.1136,0.17106,0.21343,0.24401,0.27656
60.0,0.0030353,0.0061937,0.011683,0.020926,0.035503,0.058431,0.093152,0.1423,0.1791,0.206,0.23491
70.0,0.0024128,0.0049684,0.0094554,0.017099,0.0293,0.048679,0.078387,0.12158,0.15436,0.17869,0.20508
80.0,0.0020056,0.0041705,0.0080088,0.014595,0.025211,0.042176,0.068557,0.1072,0.13678,0.15888,0.18302
90.0,0.0016951,0.0035562,0.0068793,0.012635,0.021979,0.037054,0.060635,0.095463,0.1223,0.14246,0.16454
100.0,0.0014499,0.0030696,0.0059833,0.011061,0.019396,0.032877,0.054103,0.085723,0.11021,0.12868,0.14898
110.0,0.0012551,0.0026784,0.0052551,0.0097631,0.017201,0.029308,0.048407,0.076882,0.099079,0.11591,0.13448
120.0,0.0010957,0.002357,0.0046552,0.0086867,0.015394,0.026319,0.04356,0.069441,0.089715,0.1051,0.1221
130.0,9.58E-4,0.0020759,0.0041265,0.0077418,0.013779,0.023634,0.039254,0.062862,0.081389,0.095493,0.1111
140.0,8.3941E-4,0.0018329,0.0036702,0.006917,0.012356,0.021267,0.035478,0.057007,0.073995,0.086959,0.10134
150.0,7.3848E-4,0.0016233,0.0032714,0.0061922,0.011104,0.019206,0.032146,0.051801,0.06742,0.079428,0.092793
175.0,5.4627E-4,0.0012208,0.0025007,0.0047899,0.0086865,0.015165,0.025569,0.041515,0.054428,0.064415,0.075598
200.0,4.1469E-4,9.4276E-4,0.0019632,0.0038019,0.0069467,0.012202,0.020781,0.034071,0.04488,0.053259,0.062673
250.0,2.5659E-4,6.0014E-4,0.0012788,0.0025272,0.0047039,0.008412,0.014611,0.024461,0.032574,0.038916,0.046095
300.0,1.6969E-4,4.0739E-4,8.8724E-4,0.0017862,0.0033837,0.0061453,0.010892,0.01851,0.02483,0.029818,0.03555
350.0,1.1739E-4,2.8889E-4,6.4276E-4,0.0013189,0.0025405,0.0046808,0.0084072,0.014526,0.019623,0.023712,0.028407
400.0,8.4008E-5,2.1219E-4,4.8281E-4,0.0010062,0.0019669,0.0036763,0.0067068,0.011721,0.015964,0.019363,0.023283
450.0,6.0575E-5,1.5597E-4,3.6083E-4,7.6826E-4,0.0015309,0.0029159,0.0054025,0.009612,0.013148,0.015953,0.019187
500.0,4.4914E-5,1.1778E-4,2.767E-4,6.004E-4,0.0012185,0.0023582,0.004448,0.0080146,0.010978,0.013363,0.016124
600.0,2.7233E-5,7.3238E-5,1.767E-4,3.942E-4,8.2336E-4,0.0016366,0.0031459,0.005768,0.008028,0.009866,0.012044
700.0,1.645E-5,4.6218E-5,1.1416E-4,2.6358E-4,5.6454E-4,0.0011496,0.0022607,0.00423,0.0059309,0.0073305,0.0089813
800.0,1.0555E-5,3.0243E-5,7.6651E-5,1.8137E-4,4.0005E-4,8.3598E-4,0.0016748,0.0031799,0.0044817,0.0055559,0.0068359
1000.0,4.6208E-6,1.3949E-5,3.6877E-5,9.1367E-5,2.0902E-4,4.5655E-4,9.468E-4,0.0018381,0.0026133,0.0032543,0.0040101
1200.0,2.1553E-6,6.7473E-6,1.8555E-5,4.747E-5,1.1325E-4,2.5497E-4,5.4426E-4,0.0010798,0.0015487,0.0019374,0.0023966
1500.0,6.8379E-7,2.2809E-6,6.6155E-6,1.8228E-5,4.5794E-5,1.0841E-4,2.4042E-4,4.8992E-4,7.115E-4,8.952E-4,0.0011114
PGV
r\m,4.0,4.5,5.0,5.5,6.0,6.5,7.0,7.5,7.8,8.0,8.2
0.0,10.174,15.819,23.109,29.172,35.888,44.645,59.531,80.123,96.531,109.7,124.37
1.0,7.4543,12.861,20.04,26.337,33.113,41.755,56.152,76.496,92.546,104.77,117.61
5.0,1.4182,3.3588,7.2843,13.571,22.023,32.511,47.547,68.163,83.912,95.69,107.98
10.0,0.48835,1.2265,2.8978,6.2381,12.293,21.813,36.051,56.124,72.065,84.449,98.295
15.0,0.25188,0.64838,1.5811,3.5863,7.6612,15.019,27.044,45.239,60.474,72.642,86.9
20.0,0.15483,0.40527,1.0115,2.3551,5.2465,10.843,20.691,36.773,50.891,62.406,75.951
25.0,0.10246,0.27172,0.68825,1.6329,3.7231,7.9909,16.086,30.206,42.992,53.752,66.82
30.0,0.07437,0.19872,0.5089,1.2182,2.8078,6.1642,12.915,25.145,36.783,46.749,59.075
40.0,0.045711,0.12418,0.32267,0.7834,1.8384,4.1195,8.9666,18.477,27.736,35.884,46.2
50.0,0.031606,0.08706,0.22861,0.56014,1.3314,3.0196,6.7601,14.599,22.428,29.522,38.665
60.0,0.025908,0.072039,0.19069,0.46978,1.1225,2.562,5.7889,12.641,19.605,25.995,34.292
70.0,0.021806,0.061153,0.16301,0.40367,0.96889,2.2263,5.0669,11.21,17.522,23.341,30.943
80.0,0.018977,0.053663,0.14407,0.35829,0.86459,1.996,4.5853,10.226,16.054,21.455,28.538
90.0,0.017056,0.048588,0.13114,0.32766,0.79268,1.8409,4.2392,9.5257,14.965,20.0,26.602
100.0,0.015454,0.04434,0.12031,0.30187,0.73372,1.7095,3.9488,8.9223,14.018,18.746,24.946
110.0,0.014111,0.040755,0.11117,0.28051,0.68346,1.6032,3.7126,8.4125,13.223,17.694,23.561
120.0,0.012929,0.037656,0.10337,0.26191,0.64177,1.5098,3.4948,7.9615,12.524,16.762,22.326
130.0,0.011869,0.034795,0.095994,0.24453,0.60043,1.4132,3.2799,7.5074,11.82,15.835,21.112
140.0,0.010888,0.032189,0.089388,0.22853,0.56055,1.3236,3.0817,7.0841,11.171,14.98,19.989
150.0,0.01001,0.02978,0.083094,0.21351,0.52473,1.2476,2.9137,6.7217,10.617,14.256,19.059
175.0,0.008112,0.024537,0.069418,0.18001,0.44613,1.0704,2.5155,5.8582,9.2772,12.47,16.682
200.0,0.0066885,0.02054,0.058754,0.15349,0.38292,0.92691,2.1907,5.1436,8.1607,10.988,14.725
250.0,0.0045744,0.014381,0.042124,0.11158,0.28495,0.70302,1.6853,4.0233,6.5229,8.8826,12.028
300.0,0.0032788,0.010519,0.031434,0.084519,0.2208,0.55281,1.3527,3.2755,5.338,7.3183,9.9861
350.0,0.0024204,0.0079244,0.024188,0.066621,0.17636,0.44748,1.1104,2.7204,4.4775,6.1903,8.518
400.0,0.0018129,0.0061104,0.019176,0.053581,0.1439,0.36873,0.92916,2.2961,3.8188,5.3072,7.3414
450.0,0.0013378,0.0045909,0.014687,0.042104,0.11566,0.30339,0.77794,1.9423,3.2589,4.5677,6.3724
500.0,0.0010106,0.003528,0.011489,0.033674,0.094824,0.25297,0.65878,1.6616,2.8189,3.9702,5.5667
600.0,6.0684E-4,0.0021962,0.0073773,0.022554,0.066111,0.18246,0.4878,1.2583,2.1521,3.047,4.2955
700.0,3.8392E-4,0.0014356,0.0049623,0.015732,0.047451,0.13405,0.36745,0.96878,1.6813,2.4035,3.4221
800.0,2.5151E-4,9.695E-4,0.0034456,0.011297,0.035183,0.10221,0.28546,0.76497,1.3399,1.9272,2.761
1000.0,1.187E-4,4.8069E-4,0.0017951,0.0062214,0.020472,0.062266,0.18186,0.50802,0.91232,1.3333,1.9401
1200.0,5.9765E-5,2.5412E-4,9.9755E-4,0.0036315,0.012415,0.038954,0.1174,0.33819,0.61828,0.914,1.3468
1500.0,2.1695E-5,9.937E-5,4.1903E-4,0.0016441,0.00599,0.0198,0.062768,0.18973,0.35691,0.53735,0.80678
SA0P01
r\m,4.0,4.5,5.0,5.5,6.0,6.5,7.0,7.5,7.8,8.0,8.2
0.0,0.43391,0.59388,0.75043,0.89581,1.0129,1.1129,1.228,1.3238,1.3567,1.3617,1.3627
1.0,0.34772,0.48892,0.63046,0.76159,0.86995,0.96866,1.0855,1.1911,1.2295,1.2399,1.2458
5.0,0.13602,0.22817,0.34117,0.46534,0.58482,0.70047,0.82786,0.94843,1.0001,1.0229,1.0398
10.0,0.059665,0.10622,0.17275,0.26019,0.36262,0.47856,0.60906,0.73961,0.80593,0.84306,0.8743
15.0,0.032562,0.059822,0.10142,0.16143,0.24082,0.34115,0.45926,0.58273,0.65428,0.69698,0.73637
20.0,0.02039,0.038371,0.06698,0.11019,0.17085,0.25235,0.35324,0.46595,0.53686,0.58185,0.62344
25.0,0.013853,0.026566,0.047135,0.079098,0.12574,0.19129,0.27705,0.37978,0.44717,0.49189,0.53625
30.0,0.010147,0.01969,0.035335,0.060154,0.097139,0.15079,0.22405,0.31548,0.37903,0.42213,0.46588
40.0,0.0062013,0.012256,0.022424,0.038985,0.064167,0.10214,0.15712,0.2303,0.28247,0.31903,0.35712
50.0,0.0041778,0.008389,0.015611,0.027605,0.046134,0.074866,0.11791,0.17783,0.2222,0.25429,0.28849
60.0,0.0031948,0.0064883,0.012193,0.021757,0.036808,0.060527,0.096575,0.14774,0.18623,0.21441,0.24474
70.0,0.0025342,0.0051945,0.00985,0.017746,0.030325,0.050346,0.081138,0.12602,0.16025,0.18568,0.21333
80.0,0.0021045,0.0043559,0.0083342,0.015132,0.02607,0.043581,0.070894,0.111,0.14183,0.16491,0.19015
90.0,0.001777,0.0037106,0.007152,0.013088,0.022707,0.038253,0.06264,0.098744,0.12669,0.14771,0.17077
100.0,0.0015185,0.0031996,0.0062143,0.011446,0.020019,0.033909,0.055835,0.088577,0.11404,0.13328,0.15446
110.0,0.001313,0.0027888,0.0054522,0.010093,0.017736,0.030196,0.049899,0.079351,0.1024,0.11992,0.13926
120.0,0.0011449,0.0024515,0.0048249,0.0089714,0.015856,0.027088,0.044854,0.07159,0.092618,0.1086,0.12629
130.0,0.0010001,0.0021569,0.0042727,0.0079876,0.014179,0.0243,0.040377,0.064734,0.083922,0.098552,0.11476
140.0,8.7532E-4,0.0019024,0.003796,0.0071291,0.012701,0.021843,0.036452,0.058634,0.076201,0.089628,0.10454
150.0,7.6908E-4,0.0016828,0.0033794,0.0063749,0.011402,0.019702,0.032987,0.05321,0.069336,0.081755,0.095594
175.0,5.6737E-4,0.0012622,0.0025764,0.0049187,0.0088968,0.015515,0.026166,0.042522,0.055811,0.066103,0.07764
200.0,4.2964E-4,9.7236E-4,0.0020174,0.0038945,0.0070981,0.012455,0.021215,0.034808,0.045898,0.054508,0.064191
250.0,2.6421E-4,6.1539E-4,0.001307,0.0025756,0.0047832,0.0085455,0.014843,0.02486,0.033127,0.039594,0.046923
300.0,1.7381E-4,4.1569E-4,9.0266E-4,0.0018127,0.0034273,0.0062186,0.01102,0.018731,0.025137,0.030197,0.036015
350.0,1.1969E-4,2.9354E-4,6.5143E-4,0.0013338,0.0025646,0.0047209,0.0084769,0.014647,0.019793,0.023923,0.028666
400.0,8.5319E-5,2.1485E-4,4.8775E-4,0.0010146,0.0019802,0.0036978,0.006744,0.011786,0.016055,0.019477,0.023423
450.0,6.1321E-5,1.5746E-4,3.6356E-4,7.7278E-4,0.0015379,0.0029267,0.0054209,0.0096439,0.013194,0.016009,0.019258
500.0,4.5344E-5,1.1862E-4,2.7819E-4,6.0276E-4,0.0012218,0.0023631,0.0044556,0.0080274,0.010996,0.013387,0.016154
600.0,2.7331E-5,7.341E-5,1.769E-4,3.9434E-4,8.2316E-4,0.0016356,0.0031435,0.0057629,0.008021,0.0098573,0.012033
700.0,1.6473E-5,4.6223E-5,1.1411E-4,2.6333E-4,5.6375E-4,0.0011477,0.0022567,0.0042223,0.0059201,0.0073171,0.0089647
800.0,1.0551E-5,3.0212E-5,7.6539E-5,1.8105E-4,3.9923E-4,8.3413E-4,0.001671,0.0031728,0.0044718,0.0055436,0.0068208
1000.0,4.6129E-6,1.392E-5,3.6794E-5,9.1156E-5,2.0853E-4,4.5548E-4,9.4465E-4,0.0018341,0.0026078,0.0032476,0.004002
1200.0,2.1507E-6,6.7319E-6,1.8513E-5,4.7364E-5,1.1301E-4,2.5445E-4,5.432E-4,0.0010778,0.001546,0.0019342,0.0023927
1500.0,6.8238E-7,2.2763E-6,6.6027E-6,1.8195E-5,4.5716E-5,1.0824E-4,2.4007E-4,4.8929E-4,7.1064E-4,8.9418E-4,0.0011102
SA0P02
r\m,4.0,4.5,5.0,5.5,6.0,6.5,7.0,7.5,7.8,8.0,8.2
0.0,0.77012,1.0242,1.2583,1.451,1.5866,1.7026,1.8428,1.959,1.9947,2.0048,1.9844
1.0,0.62729,0.85594,1.0705,1.2454,1.3711,1.4868,1.6321,1.765,1.8114,1.8287,1.82
5.0,0.2414,0.39751,0.58212,0.76854,0.93235,1.0861,1.258,1.4203,1.491,1.5248,1.5406
10.0,0.10261,0.17936,0.28694,0.42126,0.56984,0.73445,0.92382,1.1139,1.2119,1.2662,1.3112
15.0,0.054657,0.098444,0.16417,0.25517,0.3712,0.51703,0.69182,0.87552,0.9851,1.0506,1.1112
20.0,0.03369,0.062026,0.10628,0.17061,0.25857,0.37692,0.52664,0.69536,0.80521,0.87535,0.94046
25.0,0.022601,0.042248,0.073448,0.12008,0.18659,0.28099,0.40756,0.56229,0.6667,0.73606,0.80533
30.0,0.016383,0.03093,0.054322,0.089991,0.14199,0.2185,0.32569,0.46289,0.56076,0.62771,0.6963
40.0,0.0098559,0.018906,0.033771,0.057074,0.091857,0.14508,0.22424,0.33188,0.41092,0.46684,0.52545
50.0,0.0065627,0.012766,0.023156,0.039767,0.064969,0.10455,0.16575,0.25273,0.31942,0.36826,0.42088
60.0,0.0050064,0.0098376,0.018009,0.031217,0.051615,0.084126,0.13487,0.20828,0.26559,0.30817,0.3545
70.0,0.0039304,0.0077926,0.014389,0.02518,0.042063,0.069269,0.11217,0.17583,0.22632,0.26429,0.30604
80.0,0.0032552,0.0065083,0.012113,0.021361,0.035996,0.059685,0.097496,0.154,0.19904,0.23321,0.27098
90.0,0.0027403,0.0055217,0.010351,0.018385,0.031193,0.052118,0.085641,0.13616,0.17669,0.20761,0.24189
100.0,0.002333,0.0047387,0.0089468,0.015992,0.027343,0.045936,0.075861,0.12136,0.15803,0.18612,0.21737
110.0,0.002007,0.0041057,0.0078017,0.014017,0.024069,0.040607,0.067259,0.10789,0.14081,0.16616,0.19445
120.0,0.0017399,0.0035868,0.0068631,0.012382,0.021362,0.036158,0.060005,0.096573,0.12634,0.14928,0.17492
130.0,0.0015121,0.003138,0.0060402,0.010951,0.018968,0.032206,0.053596,0.086595,0.11349,0.13425,0.1575
140.0,0.0013156,0.0027492,0.0053252,0.0097009,0.016866,0.028719,0.047974,0.077722,0.10207,0.12091,0.14206
150.0,0.0011466,0.0024116,0.0046981,0.008601,0.01501,0.025651,0.042968,0.069798,0.091888,0.10913,0.12854
175.0,8.3142E-4,0.0017768,0.0035123,0.0065053,0.011468,0.019751,0.033313,0.054488,0.072219,0.08612,0.10185
200.0,6.1928E-4,0.0013445,0.0026953,0.0050465,0.0089675,0.015535,0.026443,0.043617,0.058072,0.069434,0.082335
250.0,3.6268E-4,8.1017E-4,0.0016645,0.0031844,0.0057701,0.010185,0.017654,0.029651,0.039745,0.047726,0.056833
300.0,2.2798E-4,5.2323E-4,0.0011001,0.0021485,0.0039728,0.0071177,0.012565,0.021368,0.028799,0.034707,0.041553
350.0,1.5041E-4,3.5456E-4,7.6319E-4,0.0015222,0.0028633,0.0052036,0.0092989,0.016062,0.021773,0.026385,0.0317
400.0,1.0308E-4,2.4994E-4,5.5131E-4,0.0011192,0.0021398,0.0039441,0.0071559,0.012489,0.017053,0.020726,0.024972
450.0,7.1586E-5,1.7731E-4,3.9842E-4,8.2773E-4,0.0016158,0.0030362,0.0055924,0.0099286,0.013606,0.01654,0.019933
500.0,5.1312E-5,1.2972E-4,2.9661E-4,6.2925E-4,0.0012529,0.0023942,0.0044876,0.008065,0.011065,0.013488,0.016294
600.0,2.8522E-5,7.5005E-5,1.7698E-4,3.8929E-4,8.0364E-4,0.0015862,0.003038,0.0055571,0.0077354,0.0095053,0.0116
700.0,1.6664E-5,4.5567E-5,1.1135E-4,2.5409E-4,5.3915E-4,0.0010905,0.0021386,0.0039965,0.0056028,0.0069235,0.0084798
800.0,1.0345E-5,2.918E-5,7.3169E-5,1.7175E-4,3.7607E-4,7.8211E-4,0.0015648,0.0029703,0.0041879,0.0051931,0.0063901
1000.0,4.4001E-6,1.3136E-5,3.4519E-5,8.524E-5,1.9457E-4,4.2457E-4,8.8135E-4,0.0017144,0.0024412,0.0030434,0.0037546
1200.0,2.0234E-6,6.2934E-6,1.7287E-5,4.4233E-5,1.0563E-4,2.3824E-4,5.0998E-4,0.0010154,0.0014599,0.0018294,0.002267
1500.0,6.4051E-7,2.1336E-6,6.2005E-6,1.7129E-5,4.3175E-5,1.0257E-4,2.2843E-4,4.6763E-4,6.8112E-4,8.5869E-4,0.0010682
SA0P025
r\m,4.0,4.5,5.0,5.5,6.0,6.5,7.0,7.5,7.8,8.0,8.2
0.0,0.86806,1.1557,1.4192,1.6315,1.7755,1.8967,2.0436,2.1658,2.2022,2.215,2.1868
1.0,0.70705,0.96754,1.2103,1.4039,1.5375,1.6585,1.8114,1.9524,2.0013,2.022,2.0079
5.0,0.27055,0.4473,0.6569,0.86671,1.0476,1.2142,1.3996,1.5751,1.6522,1.6904,1.7058
10.0,0.11508,0.20155,0.323,0.47381,0.63878,0.81957,1.0276,1.2369,1.3454,1.4057,1.4557
15.0,0.061347,0.11055,0.18448,0.28625,0.41501,0.57595,0.76897,0.97208,1.0943,1.1676,1.2355
20.0,0.037843,0.069628,0.11925,0.19093,0.28835,0.41898,0.58457,0.77148,0.89425,0.97288,1.0461
25.0,0.025403,0.047394,0.082291,0.13407,0.20751,0.31156,0.4515,0.6233,0.74001,0.81761,0.89531
30.0,0.018417,0.034677,0.060794,0.1003,0.15756,0.24179,0.3602,0.51253,0.62181,0.69674,0.77371
40.0,0.011081,0.021178,0.037725,0.063451,0.10165,0.1601,0.24739,0.36651,0.45458,0.51704,0.58263
50.0,0.0073828,0.014296,0.025834,0.044127,0.071736,0.11509,0.18249,0.27864,0.35295,0.40753,0.46648
60.0,0.0056445,0.011035,0.020118,0.034682,0.057047,0.09267,0.14853,0.22959,0.29344,0.34103,0.39294
70.0,0.0044371,0.0087464,0.016076,0.027967,0.046468,0.076276,0.12349,0.19374,0.24999,0.29241,0.33917
80.0,0.0036836,0.0073176,0.013549,0.023747,0.039802,0.065778,0.1074,0.16977,0.21993,0.25812,0.30041
90.0,0.0031077,0.006218,0.011592,0.020456,0.034511,0.057467,0.094368,0.15014,0.19529,0.22984,0.26824
100.0,0.0026507,0.0053423,0.010027,0.017801,0.030257,0.050659,0.083592,0.13381,0.17467,0.20606,0.24107
110.0,0.002283,0.0046315,0.0087467,0.015605,0.026629,0.044762,0.074065,0.1189,0.15556,0.18387,0.21554
120.0,0.0019807,0.0040475,0.0076957,0.013783,0.023621,0.03983,0.066031,0.10635,0.13947,0.16507,0.19376
130.0,0.0017227,0.0035421,0.0067726,0.012185,0.020958,0.035448,0.058919,0.095254,0.12515,0.14829,0.17425
140.0,0.0014995,0.003103,0.0059668,0.010785,0.018618,0.031572,0.052668,0.085369,0.11237,0.13335,0.15693
150.0,0.0013065,0.0027198,0.0052579,0.0095503,0.016545,0.028147,0.047078,0.076512,0.10097,0.12012,0.14173
175.0,9.4663E-4,0.0020006,0.0039199,0.0071988,0.012588,0.02157,0.036325,0.059444,0.078975,0.094334,0.11175
200.0,7.0431E-4,0.0015104,0.0029973,0.0055612,0.0098003,0.016887,0.028693,0.047339,0.063186,0.075686,0.089914
250.0,4.0862E-4,9.0026E-4,0.0018295,0.0034659,0.0062251,0.010929,0.018902,0.031731,0.042594,0.051214,0.061069
300.0,2.5416E-4,5.7462E-4,0.0011941,0.0023089,0.0042326,0.0075387,0.01327,0.022543,0.030413,0.036683,0.043967
350.0,1.6576E-4,3.8467E-4,8.1815E-4,0.0016152,0.0030104,0.0054369,0.0096842,0.016705,0.022662,0.027483,0.033044
400.0,1.1225E-4,2.6786E-4,5.8363E-4,0.0011727,0.0022216,0.0040676,0.0073542,0.012815,0.017507,0.021289,0.025665
450.0,7.7095E-5,1.8785E-4,4.1693E-4,8.5722E-4,0.0016579,0.0030941,0.005678,0.010061,0.013792,0.016778,0.020235
500.0,5.465E-5,1.3589E-4,3.0694E-4,6.4451E-4,0.0012715,0.0024131,0.0045051,0.0080794,0.011091,0.013525,0.016347
600.0,2.9298E-5,7.6137E-5,1.7753E-4,3.8752E-4,7.9468E-4,0.0015615,0.0029825,0.0054445,0.0075768,0.0093081,0.011355
700.0,1.6875E-5,4.5408E-5,1.1023E-4,2.4972E-4,5.2666E-4,0.0010601,0.0020735,0.0038691,0.0054218,0.0066973,0.008199
800.0,1.0297E-5,2.8738E-5,7.1526E-5,1.6693E-4,3.6347E-4,7.5269E-4,0.0015032,0.0028501,0.0040177,0.0049814,0.0061278
1000.0,4.3023E-6,1.2725E-5,3.3254E-5,8.1824E-5,1.8623E-4,4.0548E-4,8.4122E-4,0.001637,0.0023321,0.0029085,0.0035897
1200.0,1.9548E-6,6.0373E-6,1.6542E-5,4.2272E-5,1.0088E-4,2.2747E-4,4.8736E-4,9.72E-4,0.0013993,0.0017552,0.0021772
1500.0,6.1493E-7,2.0411E-6,5.9315E-6,1.6396E-5,4.1386E-5,9.8484E-5,2.1982E-4,4.513E-4,6.5869E-4,8.3156E-4,0.0010359
SA0P03
r\m,4.0,4.5,5.0,5.5,6.0,6.5,7.0,7.5,7.8,8.0,8.2
0.0,0.91378,1.2233,1.5077,1.7364,1.8894,2.0153,2.1662,2.2928,2.3299,2.3452,2.3124
1.0,0.74257,1.024,1.2871,1.4965,1.6386,1.764,1.9213,2.0677,2.1186,2.1421,2.1249
5.0,0.28289,0.47115,0.69648,0.92294,1.1171,1.2928,1.4864,1.6703,1.7517,1.7932,1.8088
10.0,0.12097,0.21294,0.34286,0.50453,0.6808,0.87213,1.0913,1.3124,1.4276,1.4919,1.5455
15.0,0.064782,0.11717,0.19621,0.30505,0.44233,0.61288,0.81691,1.0317,1.1617,1.24,1.3128
20.0,0.040097,0.073981,0.12703,0.20359,0.30736,0.44582,0.62108,0.81901,0.94971,1.0336,1.112
25.0,0.026991,0.050451,0.087771,0.14305,0.2212,0.33149,0.47967,0.66192,0.78616,0.86887,0.95184
30.0,0.019606,0.036964,0.064906,0.10706,0.16795,0.25724,0.3827,0.54439,0.66069,0.74054,0.82272
40.0,0.01183,0.022622,0.040329,0.067775,0.1084,0.17037,0.26291,0.38927,0.48302,0.5496,0.61961
50.0,0.007903,0.0153,0.027649,0.047162,0.076518,0.12246,0.194,0.29608,0.3753,0.43357,0.49658
60.0,0.0060617,0.011843,0.021585,0.037154,0.060978,0.098794,0.15814,0.24428,0.31244,0.36332,0.41889
70.0,0.0047813,0.0094131,0.017287,0.030015,0.049745,0.081442,0.13168,0.20643,0.26658,0.312,0.36213
80.0,0.0039834,0.0078987,0.014606,0.025542,0.042698,0.070374,0.11474,0.1812,0.23492,0.27588,0.32128
90.0,0.0033719,0.0067303,0.012526,0.022047,0.037087,0.061586,0.10096,0.1605,0.20892,0.24602,0.28732
100.0,0.0028846,0.005796,0.010857,0.019217,0.032561,0.054362,0.089544,0.14321,0.18708,0.22085,0.25854
110.0,0.0024906,0.0050345,0.0094849,0.016869,0.028688,0.048076,0.0794,0.12735,0.16676,0.19724,0.23137
120.0,0.0021653,0.0044068,0.0083568,0.014917,0.025465,0.042807,0.070828,0.11397,0.14961,0.17719,0.20813
130.0,0.0018869,0.0038621,0.0073627,0.013197,0.022606,0.038113,0.063218,0.10211,0.13427,0.15921,0.18722
140.0,0.0016453,0.0033874,0.0064909,0.011686,0.020087,0.033948,0.05651,0.091505,0.12056,0.14316,0.1686
150.0,0.001435,0.0029709,0.005721,0.010349,0.017848,0.030252,0.050487,0.081971,0.10827,0.1289,0.15222
175.0,0.0010422,0.0021884,0.0042667,0.0077982,0.013565,0.023148,0.038894,0.06359,0.084566,0.10109,0.11984
200.0,7.7683E-4,0.0016533,0.0032606,0.0060168,0.010545,0.01809,0.030662,0.050532,0.067527,0.080956,0.096264
250.0,4.4964E-4,9.8133E-4,0.0019796,0.0037263,0.0066507,0.011622,0.020045,0.0336,0.045123,0.054287,0.064776
300.0,2.7844E-4,6.2269E-4,0.0012832,0.0024636,0.0044866,0.0079499,0.013948,0.02365,0.031914,0.038506,0.046176
350.0,1.8053E-4,4.1392E-4,8.7233E-4,0.0017089,0.0031618,0.0056785,0.010078,0.017349,0.023539,0.028553,0.034342
400.0,1.214E-4,2.8595E-4,6.1693E-4,0.0012297,0.0023117,0.0042067,0.0075767,0.013172,0.017996,0.021887,0.026391
450.0,8.2795E-5,1.9898E-4,4.3707E-4,8.9095E-4,0.0017095,0.0031696,0.0057931,0.010239,0.014035,0.01708,0.020607
500.0,5.8247E-5,1.4277E-4,3.1904E-4,6.6403E-4,0.0012992,0.0024493,0.0045527,0.0081428,0.011179,0.013636,0.016483
600.0,3.0323E-5,7.7921E-5,1.7966E-4,3.8937E-4,7.9329E-4,0.0015513,0.0029531,0.0053768,0.0074781,0.0091825,0.011195
700.0,1.7264E-5,4.5726E-5,1.1025E-4,2.4796E-4,5.1962E-4,0.0010401,0.0020279,0.0037757,0.0052864,0.0065258,0.0079833
800.0,1.037E-5,2.8622E-5,7.0672E-5,1.6391E-4,3.5464E-4,7.3063E-4,0.0014551,0.0027537,0.0038792,0.0048076,0.0059105
1000.0,4.2577E-6,1.2458E-5,3.2338E-5,7.9201E-5,1.7954E-4,3.8957E-4,8.0688E-4,0.0015692,0.0022355,0.0027882,0.0034417
1200.0,1.9083E-6,5.8405E-6,1.5941E-5,4.0634E-5,9.6791E-5,2.1794E-4,4.6685E-4,9.3187E-4,0.0013427,0.0016854,0.0020922
1500.0,5.9468E-7,1.9625E-6,5.6954E-6,1.5735E-5,3.9736E-5,9.4621E-5,2.1151E-4,4.3528E-4,6.3649E-4,8.0457E-4,0.0010036
SA0P04
r\m,4.0,4.5,5.0,5.5,6.0,6.5,7.0,7.5,7.8,8.0,8.2
0.0,0.90422,1.23,1.5356,1.7874,1.9579,2.0921,2.2473,2.3792,2.4184,2.4375,2.403
1.0,0.72953,1.0266,1.3107,1.5425,1.7013,1.8341,1.995,2.147,2.2009,2.2284,2.2105
5.0,0.27621,0.46824,0.70409,0.94732,1.1582,1.3439,1.5435,1.7349,1.8208,1.8661,1.8835
10.0,0.11997,0.21409,0.34916,0.51985,0.70722,0.90762,1.1338,1.363,1.4833,1.5512,1.6086
15.0,0.065133,0.11917,0.20167,0.31641,0.46146,0.6396,0.85057,1.0726,1.2079,1.2899,1.3667
20.0,0.040715,0.07589,0.1315,0.21236,0.322,0.4667,0.6483,0.8532,0.98903,1.0766,1.1589
25.0,0.027635,0.052132,0.091472,0.15006,0.23283,0.34829,0.50216,0.69128,0.8204,0.90652,0.99318
30.0,0.020196,0.038403,0.067986,0.1128,0.1774,0.27112,0.40182,0.56993,0.69085,0.77398,0.85969
40.0,0.012298,0.023701,0.042557,0.071879,0.11519,0.18054,0.27741,0.4092,0.50706,0.57661,0.64991
50.0,0.0082835,0.016145,0.029354,0.050275,0.081684,0.13029,0.20558,0.31257,0.39566,0.4568,0.52295
60.0,0.0064004,0.012582,0.02306,0.039847,0.065465,0.10568,0.16843,0.25913,0.33097,0.38462,0.44322
70.0,0.0050971,0.010086,0.018608,0.032412,0.053739,0.087643,0.14108,0.22022,0.28401,0.33218,0.38534
80.0,0.0042815,0.0085259,0.015828,0.027753,0.046395,0.07616,0.1236,0.19433,0.25159,0.29525,0.34363
90.0,0.003653,0.0073154,0.013661,0.024092,0.040511,0.06699,0.10929,0.17294,0.22482,0.26457,0.3088
100.0,0.0031481,0.0063397,0.011906,0.021107,0.035732,0.0594,0.097349,0.15497,0.20219,0.23853,0.27909
110.0,0.0027359,0.0055378,0.010455,0.018614,0.031612,0.052737,0.086647,0.13834,0.18093,0.21386,0.25071
120.0,0.0023926,0.004872,0.0092536,0.016527,0.02816,0.047118,0.077548,0.12422,0.16286,0.19277,0.22632
130.0,0.0020964,0.0042898,0.008186,0.014672,0.025074,0.04207,0.069406,0.11158,0.14657,0.17369,0.20414
140.0,0.0018374,0.0037787,0.0072418,0.013031,0.022339,0.037563,0.062183,0.10022,0.1319,0.15654,0.18428
150.0,0.0016096,0.003326,0.0064012,0.01157,0.019893,0.033532,0.055651,0.089935,0.11867,0.14123,0.16671
175.0,0.0011802,0.0024691,0.0048029,0.0087598,0.015173,0.025732,0.042995,0.069982,0.092986,0.1111,0.13167
200.0,8.8701E-4,0.0018771,0.0036861,0.0067794,0.011821,0.020147,0.033949,0.05569,0.074381,0.08916,0.10601
250.0,5.1751E-4,0.001119,0.0022418,0.0041965,0.0074392,0.012905,0.022116,0.036887,0.049479,0.059509,0.070993
300.0,3.2148E-4,7.0997E-4,0.0014496,0.0027625,0.0049912,0.0087709,0.015279,0.02577,0.034727,0.041875,0.050198
350.0,2.0832E-4,4.7037E-4,9.8011E-4,0.0019026,0.0034861,0.0062034,0.010927,0.018704,0.025343,0.030723,0.036933
400.0,1.396E-4,3.2298E-4,6.8756E-4,0.0013561,0.002522,0.0045423,0.008115,0.014026,0.019135,0.023257,0.028026
450.0,9.476E-5,2.232E-4,4.8294E-4,9.7258E-4,0.0018437,0.0033801,0.0061252,0.010758,0.014725,0.017916,0.021612
500.0,6.6211E-5,1.5875E-4,3.4898E-4,7.1677E-4,0.001384,0.0025781,0.0047478,0.0084364,0.011571,0.014109,0.017047
600.0,3.3144E-5,8.3546E-5,1.8898E-4,4.0462E-4,8.1479E-4,0.0015781,0.0029807,0.0053915,0.0074823,0.0091738,0.011165
700.0,1.8592E-5,4.7855E-5,1.1392E-4,2.5277E-4,5.232E-4,0.0010352,0.0020023,0.0037054,0.005174,0.0063749,0.0077829
800.0,1.0897E-5,2.9428E-5,7.1515E-5,1.6377E-4,3.4971E-4,7.1213E-4,0.0014077,0.0026483,0.0037215,0.0046046,0.0056498
1000.0,4.3396E-6,1.2409E-5,3.1719E-5,7.683E-5,1.7241E-4,3.7056E-4,7.6283E-4,0.0014778,0.0021021,0.0026195,0.0032311
1200.0,1.8925E-6,5.6677E-6,1.5305E-5,3.8709E-5,9.1592E-5,2.0497E-4,4.375E-4,8.7223E-4,0.001257,0.0015785,0.0019605
1500.0,5.7589E-7,1.8689E-6,5.3902E-6,1.4824E-5,3.7352E-5,8.8763E-5,1.9838E-4,4.0914E-4,5.998E-4,7.5954E-4,9.4918E-4
SA0P05
r\m,4.0,4.5,5.0,5.5,6.0,6.5,7.0,7.5,7.8,8.0,8.2
0.0,0.83452,1.1546,1.4622,1.7251,1.9092,2.0497,2.2058,2.3404,2.3816,2.4031,2.3724
1.0,0.66817,0.95985,1.2463,1.489,1.6606,1.7987,1.9594,2.1128,2.1686,2.1982,2.1835
5.0,0.25196,0.43457,0.66476,0.90992,1.1274,1.316,1.5139,1.7052,1.7919,1.8387,1.8583
10.0,0.11125,0.20134,0.33275,0.50218,0.69083,0.89078,1.1126,1.3383,1.4575,1.5255,1.5838
15.0,0.061279,0.11354,0.19437,0.3084,0.45366,0.63038,0.83713,1.0545,1.1873,1.2684,1.3448
20.0,0.038711,0.073015,0.12788,0.20861,0.31857,0.46221,0.64045,0.84112,0.97408,1.0601,1.1413
25.0,0.02651,0.050589,0.089701,0.14858,0.23199,0.34694,0.49836,0.68381,0.81015,0.8946,0.97973
30.0,0.019504,0.03751,0.0671,0.11236,0.17774,0.27138,0.40055,0.56577,0.6842,0.76566,0.84969
40.0,0.011998,0.023383,0.042411,0.072267,0.11643,0.18219,0.27857,0.40879,0.5052,0.57367,0.64595
50.0,0.0081546,0.016064,0.02948,0.050914,0.083127,0.13233,0.20774,0.31415,0.39645,0.45693,0.52231
60.0,0.0063457,0.012605,0.023312,0.040611,0.06703,0.10796,0.17119,0.26192,0.3335,0.38686,0.44508
70.0,0.005106,0.0102,0.018977,0.03331,0.055453,0.090209,0.14445,0.22417,0.28816,0.3364,0.38958
80.0,0.0043237,0.0086882,0.016258,0.028715,0.048182,0.078879,0.12732,0.19898,0.25679,0.30078,0.34945
90.0,0.003718,0.0075085,0.014127,0.025085,0.042322,0.069785,0.11321,0.17807,0.23074,0.27101,0.31574
100.0,0.003228,0.0065508,0.012389,0.022105,0.037533,0.062208,0.10137,0.16038,0.20858,0.24559,0.28684
110.0,0.0028247,0.0057581,0.010942,0.0196,0.033376,0.05551,0.090678,0.14387,0.18757,0.22127,0.25892
120.0,0.0024863,0.0050953,0.009737,0.01749,0.029873,0.049826,0.081519,0.12977,0.16959,0.20036,0.2348
130.0,0.0021913,0.0045104,0.0086562,0.015596,0.02671,0.044666,0.073252,0.11703,0.15325,0.18125,0.21266
140.0,0.0019319,0.0039936,0.0076929,0.013911,0.023889,0.040032,0.065872,0.10551,0.13843,0.16399,0.19271
150.0,0.0017014,0.0035321,0.0068292,0.012401,0.021352,0.035862,0.059161,0.095007,0.12499,0.14848,0.17497
175.0,0.0012624,0.0026496,0.0051715,0.0094659,0.016406,0.027712,0.046023,0.074454,0.09864,0.11765,0.13919
200.0,9.589E-4,0.0020327,0.0039998,0.0073756,0.01286,0.021823,0.036542,0.059572,0.079353,0.094968,0.11275
250.0,5.6853E-4,0.0012276,0.0024588,0.0046054,0.0081502,0.014065,0.023943,0.039681,0.053077,0.063742,0.075938
300.0,3.5729E-4,7.857E-4,0.0016001,0.0030454,0.0054851,0.0095805,0.016571,0.02777,0.037319,0.044927,0.053778
350.0,2.3342E-4,5.2333E-4,0.0010853,0.0020999,0.0038294,0.0067671,0.011831,0.020117,0.027185,0.032904,0.039496
400.0,1.5721E-4,3.602E-4,7.6142E-4,0.0014946,0.0027625,0.0049361,0.0087479,0.015018,0.020434,0.024797,0.029839
450.0,1.0706E-4,2.4912E-4,5.3423E-4,0.0010687,0.0020105,0.0036526,0.0065634,0.011445,0.015627,0.018992,0.022887
500.0,7.4866E-5,1.7693E-4,3.8482E-4,7.839E-4,0.0015,0.0027665,0.0050484,0.0089051,0.012188,0.014844,0.017915
600.0,3.6788E-5,9.138E-5,2.0376E-4,4.323E-4,8.6245E-4,0.0016554,0.0031007,0.0055671,0.0077026,0.009425,0.011446
700.0,2.0519E-5,5.1618E-5,1.2154E-4,2.6665E-4,5.4602E-4,0.0010684,0.0020482,0.0037627,0.0052354,0.0064349,0.0078366
800.0,1.1844E-5,3.1378E-5,7.5164E-5,1.7015E-4,3.5885E-4,7.2208E-4,0.0014148,0.0026416,0.003699,0.0045662,0.0055881
1000.0,4.6152E-6,1.2904E-5,3.2477E-5,7.7743E-5,1.7252E-4,3.6663E-4,7.4832E-4,0.0014405,0.0020428,0.0025408,0.0031286
1200.0,1.966E-6,5.7541E-6,1.5341E-5,3.842E-5,9.0082E-5,1.9976E-4,4.2349E-4,8.4062E-4,0.0012095,0.0015176,0.0018836
1500.0,5.8399E-7,1.8568E-6,5.3034E-6,1.4469E-5,3.6253E-5,8.565E-5,1.9067E-4,3.9272E-4,5.7614E-4,7.3003E-4,9.1293E-4
SA0P075
r\m,4.0,4.5,5.0,5.5,6.0,6.5,7.0,7.5,7.8,8.0,8.2
0.0,0.63602,0.91339,1.1923,1.4504,1.6461,1.7909,1.9414,2.0743,2.1183,2.1416,2.1249
1.0,0.50149,0.75252,1.0119,1.2505,1.4331,1.5738,1.7258,1.8735,1.9301,1.9605,1.9564
5.0,0.18806,0.33634,0.53236,0.75581,0.96589,1.1459,1.327,1.5051,1.587,1.6323,1.6563
10.0,0.085812,0.16024,0.27208,0.42288,0.59722,0.78037,0.97656,1.1774,1.2844,1.347,1.4022
15.0,0.048679,0.092888,0.16293,0.26518,0.39839,0.55805,0.73986,0.93042,1.0469,1.1189,1.1875
20.0,0.031424,0.061003,0.10938,0.18274,0.28419,0.41422,0.57126,0.74706,0.86266,0.93792,1.0096
25.0,0.021919,0.043069,0.078212,0.13265,0.21068,0.31552,0.44973,0.6123,0.72202,0.79566,0.87012
30.0,0.016357,0.032398,0.05938,0.10179,0.16367,0.24991,0.36552,0.51104,0.61413,0.68501,0.75813
40.0,0.010284,0.020655,0.038391,0.066972,0.1096,0.17125,0.25893,0.37522,0.46032,0.52062,0.58441
50.0,0.0071243,0.014459,0.027176,0.048031,0.079628,0.12648,0.19619,0.29268,0.36617,0.41994,0.47785
60.0,0.0056222,0.011506,0.021788,0.038834,0.065064,0.10452,0.16381,0.24724,0.312,0.36,0.41215
70.0,0.0046236,0.0095058,0.018092,0.032476,0.054831,0.088902,0.14063,0.21512,0.27391,0.31799,0.36634
80.0,0.003979,0.0082249,0.01574,0.028416,0.048318,0.078817,0.12563,0.19348,0.24736,0.28808,0.33293
90.0,0.0034764,0.0072163,0.013876,0.025171,0.043016,0.070653,0.11315,0.17534,0.22506,0.2628,0.3045
100.0,0.0030646,0.0063866,0.012335,0.022473,0.038634,0.063766,0.10256,0.15982,0.20585,0.24096,0.27987
110.0,0.0027212,0.0056916,0.011038,0.020181,0.034778,0.057608,0.092881,0.14507,0.18731,0.21964,0.25555
120.0,0.0024287,0.0051023,0.0099444,0.018223,0.031496,0.052311,0.084436,0.13231,0.17124,0.2011,0.23433
130.0,0.0021678,0.0045711,0.0089426,0.016428,0.02846,0.047377,0.076659,0.12055,0.15635,0.18382,0.21446
140.0,0.0019361,0.0040962,0.0080376,0.014811,0.025714,0.042894,0.069632,0.10979,0.14268,0.16802,0.19634
150.0,0.0017266,0.0036654,0.007215,0.013344,0.02322,0.03882,0.063184,0.099861,0.13013,0.15367,0.18006
175.0,0.0013169,0.0028211,0.0055973,0.01042,0.018234,0.030651,0.050209,0.079951,0.10491,0.12438,0.1463
200.0,0.0010263,0.0022154,0.0044244,0.0082861,0.014571,0.024595,0.040605,0.065142,0.085968,0.10229,0.12076
250.0,6.3727E-4,0.0013947,0.0028238,0.0053541,0.0095301,0.016327,0.027378,0.044648,0.059187,0.070701,0.083801
300.0,4.1613E-4,9.2292E-4,0.0018926,0.0036332,0.0065603,0.011359,0.019343,0.031905,0.042498,0.050883,0.060584
350.0,2.8082E-4,6.3163E-4,0.0013131,0.0025528,0.0046535,0.0081389,0.014001,0.023415,0.031372,0.037767,0.045099
400.0,1.9425E-4,4.4403E-4,9.365E-4,0.0018408,0.0033911,0.0059863,0.010426,0.017602,0.023746,0.028667,0.034324
450.0,1.3531E-4,3.1251E-4,6.6583E-4,0.0013282,0.0024822,0.004444,0.0078413,0.013437,0.018197,0.022019,0.026423
500.0,9.6261E-5,2.2471E-4,4.836E-4,9.7884E-4,0.0018539,0.0033628,0.0060167,0.010426,0.014166,0.017178,0.020644
600.0,4.756E-5,1.16E-4,2.5365E-4,5.3183E-4,0.0010462,0.0019729,0.0036237,0.0063882,0.0087618,0.010662,0.012872
700.0,2.6818E-5,6.5273E-5,1.5083E-4,3.2502E-4,6.5322E-4,0.0012496,0.0023452,0.0042276,0.0058252,0.0071136,0.0086069
800.0,1.5354E-5,3.9403E-5,9.1927E-5,2.0372E-4,4.1961E-4,8.2291E-4,0.0015765,0.0028845,0.0039981,0.004903,0.0059574
1000.0,5.8672E-6,1.5724E-5,3.8286E-5,8.9302E-5,1.9319E-4,3.9909E-4,7.9496E-4,0.0015,0.0021051,0.0026012,0.0031829
1200.0,2.4188E-6,6.7452E-6,1.7419E-5,4.2518E-5,9.7215E-5,2.0984E-4,4.3466E-4,8.4745E-4,0.001209,0.0015094,0.0018646
1500.0,6.8924E-7,2.0845E-6,5.7786E-6,1.5356E-5,3.7668E-5,8.6945E-5,1.8979E-4,3.858E-4,5.6381E-4,7.1277E-4,8.8948E-4
SA0P1
r\m,4.0,4.5,5.0,5.5,6.0,6.5,7.0,7.5,7.8,8.0,8.2
0.0,0.48849,0.72687,0.96998,1.2062,1.3951,1.5342,1.6739,1.7992,1.8429,1.8655,1.8591
1.0,0.38131,0.59503,0.82039,1.0386,1.2148,1.3491,1.4886,1.6254,1.6795,1.7083,1.7116
5.0,0.1426,0.26388,0.4277,0.62285,0.81412,0.97835,1.1398,1.3005,1.375,1.4165,1.442
10.0,0.066492,0.12814,0.22184,0.35203,0.50689,0.66946,0.83964,1.0146,1.1082,1.1638,1.2138
15.0,0.03847,0.0757,0.13521,0.22415,0.34217,0.48257,0.63942,0.80339,0.90338,0.96572,1.0256
20.0,0.025199,0.050448,0.092086,0.15661,0.24703,0.3616,0.4972,0.64829,0.74685,0.81127,0.87301
25.0,0.017799,0.036094,0.066775,0.11532,0.18567,0.27862,0.39498,0.53462,0.62805,0.69095,0.75466
30.0,0.013413,0.027432,0.051251,0.089474,0.14582,0.22285,0.32383,0.4492,0.53712,0.59754,0.65984
40.0,0.0085632,0.017773,0.033698,0.059904,0.099337,0.15518,0.23271,0.334,0.40733,0.45918,0.51412
50.0,0.0060113,0.012612,0.024179,0.043555,0.073168,0.11615,0.17854,0.26354,0.32739,0.37392,0.42389
60.0,0.0047884,0.010133,0.019573,0.035557,0.060361,0.096897,0.15053,0.22482,0.28161,0.32351,0.36886
70.0,0.0039985,0.0084967,0.016491,0.030171,0.051592,0.083541,0.13094,0.19807,0.2502,0.28911,0.33162
80.0,0.0034789,0.0074328,0.014506,0.026688,0.045939,0.074822,0.11814,0.17989,0.22818,0.26448,0.30429
90.0,0.0030726,0.0065908,0.012922,0.023883,0.041311,0.067737,0.10744,0.16456,0.20955,0.24349,0.28081
100.0,0.0027372,0.0058926,0.011601,0.021533,0.037461,0.061714,0.098301,0.15136,0.19338,0.22522,0.26037
110.0,0.0024556,0.0053039,0.010482,0.019522,0.034043,0.056298,0.089886,0.13866,0.17757,0.20715,0.23984
120.0,0.0022134,0.0048003,0.0095309,0.01779,0.031118,0.051596,0.082443,0.12759,0.16375,0.1913,0.22182
130.0,0.0019937,0.0043386,0.0086456,0.016174,0.028359,0.047119,0.075479,0.11722,0.15076,0.17634,0.20471
140.0,0.0017974,0.003923,0.0078394,0.014709,0.025836,0.043019,0.069135,0.10766,0.13874,0.16254,0.18899
150.0,0.001618,0.0035425,0.0071001,0.013368,0.023533,0.03928,0.063293,0.098765,0.12763,0.14992,0.17478
175.0,0.00126,0.0027815,0.0056174,0.01064,0.018835,0.031614,0.051255,0.080573,0.10482,0.12359,0.14462
200.0,0.0010014,0.0022257,0.0045228,0.0086143,0.015316,0.025811,0.042161,0.066756,0.08734,0.10336,0.12139
250.0,6.4668E-4,0.001454,0.0029897,0.0057566,0.010347,0.017673,0.029299,0.047154,0.061997,0.073685,0.086914
300.0,4.3726E-4,9.9384E-4,0.0020656,0.0040189,0.0073124,0.012614,0.021231,0.034569,0.045671,0.054401,0.06444
350.0,3.0468E-4,7.0014E-4,0.0014714,0.0028922,0.0053052,0.0092359,0.015698,0.025897,0.034417,0.041217,0.048972
400.0,2.1693E-4,5.0486E-4,0.001073,0.0021282,0.0039379,0.006913,0.011884,0.019788,0.026479,0.031804,0.037893
450.0,1.5513E-4,3.636E-4,7.7851E-4,0.0015627,0.0029266,0.0052018,0.0090548,0.015294,0.02055,0.02475,0.029568
500.0,1.1292E-4,2.6664E-4,5.7503E-4,0.0011682,0.0022115,0.0039764,0.0070117,0.011974,0.016149,0.019493,0.023324
600.0,5.7843E-5,1.4168E-4,3.0846E-4,6.4543E-4,0.0012631,0.0023552,0.0042596,0.0073961,0.010062,0.012183,0.014634
700.0,3.35E-5,8.125E-5,1.8617E-4,3.9827E-4,7.9311E-4,0.0014951,0.0027583,0.0048923,0.0066822,0.0081142,0.009763
800.0,1.9476E-5,4.9612E-5,1.1417E-4,2.5014E-4,5.0826E-4,9.7904E-4,0.0018406,0.0033084,0.0045429,0.0055377,0.0066863
1000.0,7.5434E-6,1.9867E-5,4.7351E-5,1.0848E-4,2.3041E-4,4.6522E-4,9.0632E-4,0.0016772,0.0023293,0.0028591,0.0034761
1200.0,3.1033E-6,8.44E-6,2.1263E-5,5.0823E-5,1.137E-4,2.3938E-4,4.8415E-4,9.2518E-4,0.0013063,0.0016206,0.0019898
1500.0,8.7525E-7,2.5629E-6,6.9109E-6,1.7891E-5,4.2899E-5,9.6478E-5,2.0556E-4,4.1003E-4,5.9452E-4,7.4789E-4,9.2887E-4
SA0P15
r\m,4.0,4.5,5.0,5.5,6.0,6.5,7.0,7.5,7.8,8.0,8.2
0.0,0.31037,0.50147,0.69455,0.88909,1.0532,1.1743,1.2924,1.4001,1.4398,1.4594,1.4631
1.0,0.2395,0.40741,0.58488,0.76402,0.91693,1.0332,1.1497,1.265,1.3124,1.3369,1.3467
5.0,0.089332,0.17914,0.30177,0.45393,0.61012,0.74531,0.87542,1.0067,1.068,1.1024,1.1269
10.0,0.042699,0.088931,0.15929,0.25975,0.38319,0.51313,0.6457,0.78259,0.85616,0.90069,0.94161
15.0,0.025273,0.053722,0.099147,0.16851,0.26252,0.3736,0.4949,0.62129,0.69803,0.74638,0.79319
20.0,0.016838,0.036426,0.068714,0.11976,0.1924,0.28331,0.38826,0.50449,0.57944,0.62865,0.67617
25.0,0.01207,0.02648,0.050681,0.089761,0.14714,0.22151,0.312,0.41926,0.49016,0.5381,0.58675
30.0,0.0092017,0.020377,0.03942,0.070611,0.11718,0.1794,0.25864,0.35527,0.4221,0.46801,0.51529
40.0,0.0059819,0.013462,0.026462,0.048321,0.081588,0.12753,0.18931,0.26845,0.3249,0.36472,0.40701
50.0,0.0042663,0.0097113,0.019309,0.035748,0.061167,0.097123,0.1476,0.21496,0.26459,0.30058,0.33909
60.0,0.0034355,0.0078908,0.015812,0.029527,0.051059,0.081974,0.12597,0.18565,0.23031,0.26307,0.29834
70.0,0.0029217,0.0067374,0.013564,0.025519,0.044437,0.07191,0.11142,0.16617,0.20772,0.23857,0.27209
80.0,0.002575,0.0059714,0.012093,0.022878,0.040084,0.065233,0.1018,0.15277,0.19179,0.22092,0.25268
90.0,0.0023036,0.0053626,0.010909,0.020735,0.036504,0.059797,0.093714,0.14143,0.17821,0.20573,0.23583
100.0,0.002078,0.0048539,0.0099133,0.018925,0.03351,0.055141,0.086776,0.1316,0.16632,0.19244,0.22108
110.0,0.0018874,0.0044227,0.0090667,0.017367,0.030826,0.050941,0.080353,0.122,0.15453,0.17904,0.20597
120.0,0.0017219,0.0040501,0.0083389,0.016011,0.028523,0.047257,0.074564,0.11356,0.14412,0.16721,0.19262
130.0,0.0015682,0.0037008,0.0076478,0.014718,0.026286,0.043633,0.069029,0.10548,0.13415,0.15583,0.17971
140.0,0.0014301,0.0033842,0.0070133,0.013536,0.024214,0.04029,0.063943,0.097978,0.12485,0.14525,0.16777
150.0,0.0013026,0.0030915,0.0064266,0.012446,0.022316,0.037239,0.05926,0.09095,0.1162,0.13551,0.15691
175.0,0.0010414,0.0024906,0.0052177,0.010165,0.018338,0.030787,0.049273,0.076162,0.097917,0.11459,0.13313
200.0,8.4861E-4,0.0020422,0.0043065,0.0084373,0.015285,0.025765,0.041529,0.064626,0.083535,0.098102,0.11438
250.0,5.777E-4,0.0014044,0.0029927,0.005924,0.010844,0.018497,0.030226,0.047799,0.062122,0.073304,0.08587
300.0,4.1028E-4,0.0010063,0.0021647,0.0043235,0.0079943,0.013767,0.022837,0.036546,0.047721,0.056421,0.066336
350.0,2.9973E-4,7.4115E-4,0.0016082,0.0032386,0.0060327,0.010478,0.017546,0.028412,0.037318,0.044348,0.052303
400.0,2.2321E-4,5.5706E-4,0.0012187,0.0024721,0.004638,0.0081191,0.013732,0.022437,0.029664,0.035358,0.04182
450.0,1.6659E-4,4.1736E-4,9.1732E-4,0.0018782,0.0035584,0.0062959,0.010776,0.017848,0.023698,0.028334,0.033615
500.0,1.2617E-4,3.1738E-4,7.0051E-4,0.0014477,0.0027651,0.0049417,0.0085587,0.014327,0.019103,0.022895,0.027209
600.0,7.0166E-5,1.8109E-4,4.0096E-4,8.4674E-4,0.0016604,0.0030623,0.0054281,0.0092327,0.01241,0.014918,0.017791
700.0,4.3084E-5,1.0958E-4,2.5277E-4,5.4219E-4,0.0010763,0.0020002,0.0036093,0.0062594,0.0084424,0.010171,0.012145
800.0,2.6339E-5,6.9633E-5,1.6046E-4,3.502E-4,7.0542E-4,0.0013338,0.0024451,0.0042875,0.0058081,0.0070197,0.0084028
1000.0,1.0873E-5,2.9315E-5,6.914E-5,1.56E-4,3.2542E-4,6.3888E-4,0.0012058,0.0021675,0.0029628,0.0035999,0.004334
1200.0,4.6638E-6,1.2822E-5,3.1653E-5,7.3915E-5,1.6087E-4,3.2691E-4,6.3694E-4,0.0011773,0.0016327,0.0020032,0.002433
1500.0,1.369E-6,3.9809E-6,1.0406E-5,2.5954E-5,6.0045E-5,1.2932E-4,2.6383E-4,5.0725E-4,7.2285E-4,8.9937E-4,0.0011052
SA0P2
r\m,4.0,4.5,5.0,5.5,6.0,6.5,7.0,7.5,7.8,8.0,8.2
0.0,0.21121,0.37288,0.53869,0.70628,0.85002,0.95596,1.0577,1.1511,1.1865,1.2035,1.2109
1.0,0.162,0.3017,0.45253,0.60621,0.73992,0.84133,0.94104,1.0401,1.0816,1.1026,1.1143
5.0,0.060357,0.13207,0.23219,0.35833,0.49034,0.60502,0.71421,0.82508,0.87711,0.90629,0.92872
10.0,0.02923,0.066347,0.12373,0.20644,0.30946,0.41799,0.52716,0.64011,0.70094,0.73812,0.77268
15.0,0.017512,0.040562,0.077898,0.1353,0.21377,0.30605,0.40551,0.50891,0.57151,0.61117,0.64975
20.0,0.011775,0.027762,0.054505,0.097072,0.158,0.23366,0.31973,0.41469,0.47551,0.51553,0.55434
25.0,0.0085084,0.020358,0.040579,0.073484,0.12203,0.18421,0.25861,0.34615,0.40358,0.44253,0.48208
30.0,0.0065275,0.015773,0.031796,0.058257,0.097945,0.15026,0.21574,0.29473,0.34892,0.38613,0.42444
40.0,0.0042859,0.010533,0.021592,0.040362,0.069051,0.10808,0.15958,0.22477,0.27087,0.30334,0.33787
50.0,0.0030835,0.0076675,0.015904,0.030155,0.052295,0.083139,0.12557,0.1815,0.22223,0.2517,0.28316
60.0,0.0024978,0.0062684,0.013105,0.025068,0.043941,0.070631,0.1079,0.15785,0.19475,0.22172,0.25069
70.0,0.0021457,0.0054059,0.011356,0.02189,0.038637,0.062577,0.096355,0.14257,0.17716,0.20276,0.2305
80.0,0.0019044,0.0048256,0.010199,0.019772,0.035107,0.057178,0.088662,0.13198,0.16472,0.18906,0.21552
90.0,0.0017158,0.0043639,0.0092643,0.018048,0.032202,0.052787,0.082196,0.12303,0.15408,0.17722,0.20244
100.0,0.0015584,0.0039769,0.0084761,0.016586,0.029767,0.049014,0.076634,0.11523,0.14473,0.16683,0.19098
110.0,0.0014253,0.0036483,0.0078049,0.015325,0.027576,0.045614,0.071484,0.10756,0.13538,0.15624,0.17908
120.0,0.001309,0.0033629,0.0072249,0.014223,0.025697,0.042616,0.066787,0.1008,0.12709,0.14687,0.16856
130.0,0.0011996,0.0030917,0.0066673,0.013157,0.023837,0.039602,0.062235,0.094239,0.11907,0.13776,0.15828
140.0,0.0011011,0.0028453,0.0061538,0.01218,0.022101,0.036813,0.058037,0.088123,0.11156,0.12926,0.14873
150.0,0.0010096,0.0026164,0.0056771,0.011275,0.020511,0.034276,0.054184,0.082383,0.10455,0.12142,0.14004
175.0,8.1929E-4,0.0021391,0.0046791,0.0093507,0.017124,0.028805,0.045784,0.070091,0.089484,0.10426,0.12062
200.0,6.7735E-4,0.0017791,0.0039191,0.0078789,0.014492,0.024477,0.039173,0.060361,0.077459,0.090555,0.10512
250.0,4.7587E-4,0.0012619,0.0028083,0.0057059,0.010607,0.018118,0.029376,0.04599,0.059358,0.069741,0.081359
300.0,3.4832E-4,9.3125E-4,0.0020915,0.0042866,0.0080432,0.013871,0.022832,0.036176,0.046904,0.055206,0.064612
350.0,2.6223E-4,7.0589E-4,0.0015977,0.0032998,0.0062392,0.010853,0.018029,0.028881,0.03766,0.044541,0.052292
400.0,2.0114E-4,5.4558E-4,0.0012434,0.0025858,0.0049225,0.0086309,0.014472,0.023386,0.030687,0.036402,0.042859
450.0,1.5453E-4,4.2016E-4,9.61E-4,0.0020153,0.0038713,0.0068558,0.011631,0.019042,0.025095,0.029864,0.035271
500.0,1.2035E-4,3.2808E-4,7.5257E-4,0.0015915,0.0030787,0.0055044,0.0094443,0.015626,0.020684,0.024673,0.029196
600.0,7.153E-5,1.9865E-4,4.5613E-4,9.8137E-4,0.0019418,0.0035709,0.0062605,0.010522,0.014038,0.0168,0.019951
700.0,4.6082E-5,1.2617E-4,2.9932E-4,6.5203E-4,0.0013029,0.0024125,0.0043019,0.0073632,0.0098561,0.01182,0.014054
800.0,2.9563E-5,8.3393E-5,1.9731E-4,4.3558E-4,8.811E-4,0.0016567,0.0029954,0.005178,0.0069582,0.0083681,0.009969
1000.0,1.3085E-5,3.735E-5,8.9814E-5,2.0349E-4,4.2355E-4,8.2156E-4,0.0015229,0.00269,0.0036416,0.0043978,0.0052639
1200.0,5.9596E-6,1.7207E-5,4.2931E-5,1.0E-4,2.1536E-4,4.2951E-4,8.1748E-4,0.0014781,0.0020251,0.0024656,0.0029725
1500.0,1.8824E-6,5.6595E-6,1.4794E-5,3.6338E-5,8.2398E-5,1.7257E-4,3.4132E-4,6.382E-4,8.9656E-4,0.0011055,0.0013466
SA0P25
r\m,4.0,4.5,5.0,5.5,6.0,6.5,7.0,7.5,7.8,8.0,8.2
0.0,0.15066,0.28829,0.4366,0.5876,0.71779,0.81324,0.90344,0.98639,1.0183,1.0333,1.0419
1.0,0.11514,0.23268,0.36621,0.50396,0.62473,0.71582,0.80387,0.89127,0.92817,0.94671,0.95868
5.0,0.042873,0.10159,0.18728,0.29695,0.41295,0.51375,0.60885,0.70557,0.75106,0.77656,0.797
10.0,0.020928,0.051404,0.10037,0.17178,0.2614,0.35569,0.44957,0.54669,0.59903,0.63121,0.66132
15.0,0.012632,0.031657,0.063633,0.1133,0.18148,0.26134,0.34659,0.43502,0.48842,0.52237,0.55549
20.0,0.0085413,0.021791,0.044784,0.081759,0.13484,0.20036,0.27412,0.35525,0.40695,0.44103,0.47416
25.0,0.0062021,0.016065,0.033534,0.06227,0.10477,0.15877,0.22262,0.29733,0.34611,0.37924,0.41291
30.0,0.0047768,0.012499,0.026395,0.049605,0.08451,0.13008,0.18644,0.25392,0.29996,0.33157,0.36411
40.0,0.0031559,0.0084017,0.018052,0.034629,0.06004,0.094258,0.13881,0.19476,0.2341,0.26178,0.29125
50.0,0.0022829,0.0061507,0.013373,0.02603,0.045758,0.072958,0.10986,0.15809,0.19296,0.21814,0.24498
60.0,0.0018561,0.0050473,0.011062,0.021723,0.038602,0.062231,0.094802,0.13809,0.16981,0.19293,0.21774
70.0,0.0016045,0.0043798,0.0096448,0.019091,0.034161,0.055475,0.08516,0.12543,0.15529,0.17735,0.20121
80.0,0.0014303,0.0039269,0.0087015,0.017324,0.031179,0.050914,0.078705,0.11661,0.14501,0.16607,0.18893
90.0,0.0012943,0.0035665,0.0079378,0.015882,0.028725,0.047211,0.073281,0.10916,0.13621,0.15631,0.17817
100.0,0.0011807,0.0032638,0.0072927,0.014657,0.026668,0.044025,0.068616,0.10267,0.12846,0.14773,0.16875
110.0,0.0010845,0.0030068,0.0067433,0.013601,0.024813,0.041159,0.064298,0.096247,0.12067,0.13893,0.15888
120.0,0.0010003,0.0027829,0.0062671,0.012674,0.023224,0.038625,0.06033,0.090574,0.11375,0.13113,0.15015
130.0,9.2017E-4,0.0025683,0.0058056,0.011771,0.021631,0.036039,0.056451,0.085029,0.10701,0.1235,0.14156
140.0,8.4806E-4,0.002373,0.0053801,0.010941,0.020138,0.033643,0.052866,0.079848,0.10068,0.11636,0.13358
150.0,7.8088E-4,0.0021912,0.0049844,0.010172,0.018772,0.031471,0.049589,0.074985,0.094778,0.10979,0.12632
175.0,6.3975E-4,0.0018081,0.0041471,0.0085173,0.015832,0.026726,0.042336,0.06445,0.08193,0.095199,0.10986
200.0,5.338E-4,0.0015174,0.0035059,0.0072456,0.01353,0.022936,0.036578,0.056037,0.07159,0.083459,0.09663
250.0,3.8272E-4,0.0010979,0.0025624,0.0053539,0.010107,0.017322,0.027977,0.043542,0.055961,0.065574,0.076304
300.0,2.8575E-4,8.2603E-4,0.0019453,0.0041001,0.0078103,0.013517,0.022165,0.034917,0.045073,0.052904,0.061743
350.0,2.1947E-4,6.3827E-4,0.0015141,0.0032153,0.0061746,0.01078,0.017839,0.028396,0.036861,0.043467,0.050886
400.0,1.7174E-4,5.0277E-4,0.0012001,0.002566,0.0049614,0.0087341,0.014582,0.023411,0.030575,0.036161,0.042453
450.0,1.346E-4,3.9465E-4,9.4486E-4,0.0020365,0.0039726,0.0070618,0.011928,0.019397,0.025442,0.030187,0.035551
500.0,1.069E-4,3.1399E-4,7.5344E-4,0.0016369,0.0032145,0.0057682,0.0098519,0.01619,0.02133,0.025369,0.029936
600.0,6.6766E-5,1.9883E-4,4.7725E-4,0.0010523,0.002109,0.0038845,0.0067723,0.011305,0.015011,0.017917,0.021223
700.0,4.4613E-5,1.312E-4,3.2333E-4,7.2069E-4,0.0014572,0.002703,0.0047913,0.0081395,0.010846,0.012973,0.015388
800.0,2.9767E-5,8.9574E-5,2.201E-4,4.96E-4,0.0010144,0.0019094,0.0034284,0.0058793,0.0078636,0.0094305,0.011206
1000.0,1.4E-5,4.2432E-5,1.0553E-4,2.4299E-4,5.0934E-4,9.8523E-4,0.0018091,0.0031641,0.0042599,0.0051269,0.0061172
1200.0,6.7572E-6,2.0614E-5,5.2836E-5,1.2449E-4,2.6834E-4,5.3106E-4,9.9728E-4,0.0017791,0.0024189,0.0029309,0.0035171
1500.0,2.3079E-6,7.2438E-6,1.9282E-5,4.7435E-5,1.0678E-4,2.2018E-4,4.269E-4,7.8314E-4,0.0010888,0.0013337,0.0016146
SA0P3
r\m,4.0,4.5,5.0,5.5,6.0,6.5,7.0,7.5,7.8,8.0,8.2
0.0,0.11148,0.22818,0.36245,0.50213,0.62357,0.71229,0.79462,0.86996,0.89913,0.91275,0.92181
1.0,0.085,0.18386,0.30371,0.43043,0.54267,0.62701,0.70707,0.78607,0.81959,0.8363,0.84806
5.0,0.03164,0.080148,0.15497,0.25309,0.35809,0.44941,0.53478,0.62143,0.66219,0.68504,0.70383
10.0,0.015527,0.040747,0.083378,0.14682,0.22711,0.31158,0.39498,0.48107,0.52745,0.55606,0.58295
15.0,0.009418,0.025215,0.053103,0.097238,0.15821,0.22945,0.30494,0.38302,0.43005,0.46002,0.48929
20.0,0.0063923,0.017424,0.037519,0.070438,0.11795,0.1764,0.24168,0.31324,0.35865,0.38861,0.41778
25.0,0.0046569,0.012891,0.028201,0.053866,0.092029,0.14026,0.19681,0.26264,0.30545,0.33456,0.36415
30.0,0.0035963,0.010058,0.022265,0.043047,0.074472,0.11526,0.16525,0.22474,0.26515,0.29289,0.32144
40.0,0.002386,0.0067913,0.0153,0.030205,0.053182,0.083927,0.12356,0.17303,0.20766,0.23202,0.25795
50.0,0.0017324,0.0049908,0.011378,0.022796,0.040702,0.065232,0.098167,0.14095,0.1717,0.19388,0.2175
60.0,0.0014122,0.004106,0.0094359,0.019074,0.034427,0.055788,0.084951,0.12347,0.15151,0.17193,0.19381
70.0,0.001226,0.0035778,0.0082612,0.016835,0.030596,0.049936,0.076613,0.11257,0.13905,0.15859,0.1797
80.0,0.0010962,0.0032175,0.0074758,0.015322,0.028008,0.045966,0.071012,0.10495,0.13022,0.14893,0.16921
90.0,9.9495E-4,0.0029307,0.0068391,0.014088,0.025879,0.042746,0.066308,0.098519,0.12265,0.14055,0.16
100.0,9.103E-4,0.0026897,0.0063008,0.013038,0.024095,0.039975,0.062263,0.092915,0.11599,0.13319,0.15193
110.0,8.3859E-4,0.002485,0.0058425,0.012133,0.022484,0.037486,0.058524,0.087357,0.10927,0.12561,0.14344
120.0,7.7572E-4,0.0023063,0.0054445,0.011337,0.021106,0.035283,0.055069,0.082441,0.10328,0.11888,0.13593
130.0,7.1552E-4,0.002134,0.0050566,0.010557,0.019713,0.03301,0.051671,0.077606,0.097425,0.11227,0.1285
140.0,6.6131E-4,0.001977,0.0046987,0.0098394,0.018402,0.030903,0.048527,0.073086,0.091926,0.10608,0.12159
150.0,6.107E-4,0.0018308,0.0043656,0.009174,0.017205,0.028999,0.045664,0.068845,0.086797,0.10038,0.11532
175.0,5.0362E-4,0.0015203,0.0036555,0.0077318,0.01461,0.024802,0.039258,0.059581,0.075539,0.087624,0.10095
200.0,4.2289E-4,0.0012837,0.0031099,0.00662,0.012568,0.021428,0.034144,0.052143,0.066431,0.077307,0.089356
250.0,3.0753E-4,9.4176E-4,0.0023041,0.0049597,0.0095216,0.016409,0.026474,0.04107,0.052645,0.061586,0.07155
300.0,2.328E-4,7.1814E-4,0.0017727,0.0038492,0.0074553,0.012977,0.021257,0.033383,0.042976,0.050355,0.058662
350.0,1.8134E-4,5.6245E-4,0.001398,0.0030582,0.0059735,0.010491,0.017343,0.027509,0.035611,0.041913,0.048979
400.0,1.4394E-4,4.4908E-4,0.0011226,0.0024726,0.0048634,0.0086147,0.014364,0.022979,0.029923,0.035322,0.041392
450.0,1.1444E-4,3.5736E-4,8.9567E-4,0.0019883,0.0039456,0.0070568,0.011904,0.019286,0.025222,0.029869,0.035112
500.0,9.2196E-5,2.8824E-4,7.2372E-4,0.0016193,0.0032341,0.0058392,0.0099597,0.016306,0.02142,0.025428,0.029954
600.0,5.976E-5,1.8879E-4,4.741E-4,0.0010749,0.0021881,0.0040493,0.0070451,0.011717,0.015514,0.018488,0.021866
700.0,4.106E-5,1.2832E-4,3.2926E-4,7.5395E-4,0.0015478,0.0028864,0.0051057,0.0086387,0.011481,0.013712,0.016245
800.0,2.8262E-5,8.9907E-5,2.3006E-4,5.318E-4,0.0011041,0.0020892,0.0037414,0.0063898,0.0085242,0.010207,0.012113
1000.0,1.3974E-5,4.4649E-5,1.1534E-4,2.7166E-4,5.7676E-4,0.0011189,0.0020465,0.0035612,0.0047805,0.0057435,0.006842
1200.0,7.097E-6,2.2756E-5,6.027E-5,1.4479E-4,3.1471E-4,6.2253E-4,0.0011613,0.0020559,0.0027825,0.0033619,0.0040235
1500.0,2.6067E-6,8.5239E-6,2.3284E-5,5.7966E-5,1.3074E-4,2.6781E-4,5.1318E-4,9.2993E-4,0.0012835,0.0015654,0.0018871
SA0P4
r\m,4.0,4.5,5.0,5.5,6.0,6.5,7.0,7.5,7.8,8.0,8.2
0.0,0.066588,0.15021,0.25993,0.3826,0.49353,0.57564,0.64937,0.71553,0.74136,0.75326,0.76246
1.0,0.050629,0.1208,0.21754,0.32776,0.42943,0.50676,0.57784,0.64653,0.67576,0.69019,0.70136
5.0,0.018842,0.052561,0.11072,0.19224,0.28277,0.36261,0.43626,0.51022,0.54494,0.56436,0.58081
10.0,0.0093071,0.02688,0.05985,0.11189,0.17977,0.25183,0.3223,0.39452,0.43332,0.45733,0.47996
15.0,0.0056802,0.016735,0.038337,0.074486,0.12575,0.18597,0.24926,0.31432,0.35329,0.37815,0.40246
20.0,0.0038736,0.01162,0.027217,0.054214,0.09415,0.14345,0.19804,0.25749,0.29496,0.31967,0.34376
25.0,0.0028339,0.0086358,0.020555,0.041668,0.073823,0.11454,0.1618,0.21636,0.25162,0.27559,0.29995
30.0,0.0021959,0.0067618,0.01629,0.03343,0.059979,0.094466,0.13629,0.18559,0.21884,0.24165,0.2651
40.0,0.0014649,0.004592,0.011261,0.023605,0.043104,0.069195,0.10244,0.14355,0.17213,0.1922,0.21358
50.0,0.0010688,0.0033911,0.0084158,0.017905,0.033159,0.054055,0.081766,0.11742,0.14285,0.16114,0.18061
60.0,8.7414E-4,0.0027993,0.0070018,0.015029,0.028137,0.046375,0.070996,0.10321,0.12647,0.14336,0.16143
70.0,7.6309E-4,0.0024523,0.0061622,0.013335,0.025137,0.041718,0.064334,0.094532,0.11657,0.1328,0.15029
80.0,6.8499E-4,0.0022138,0.0055977,0.012183,0.023094,0.038538,0.059839,0.088439,0.10955,0.12514,0.142
90.0,6.2417E-4,0.0020241,0.0051394,0.011242,0.021415,0.035965,0.05607,0.083298,0.10352,0.11848,0.1347
100.0,5.7326E-4,0.0018645,0.0047516,0.01044,0.020009,0.033749,0.052829,0.07882,0.098215,0.11263,0.12832
110.0,5.3014E-4,0.001729,0.0044216,0.0097495,0.018737,0.031765,0.049841,0.074364,0.09284,0.10658,0.12154
120.0,4.9225E-4,0.0016105,0.0041344,0.0091411,0.017652,0.030006,0.047062,0.07042,0.08805,0.10121,0.11556
130.0,4.5564E-4,0.0014951,0.0038524,0.0085397,0.016542,0.028166,0.044305,0.066511,0.083332,0.095894,0.10961
140.0,4.2266E-4,0.00139,0.0035921,0.0079866,0.015494,0.02646,0.041755,0.062856,0.078902,0.090924,0.10407
150.0,3.9179E-4,0.0012919,0.0033495,0.0074733,0.014539,0.024926,0.039444,0.05943,0.074775,0.086352,0.099051
175.0,3.2587E-4,0.0010816,0.0028276,0.0063497,0.012451,0.021505,0.034203,0.05187,0.065618,0.075995,0.087415
200.0,2.7591E-4,9.2068E-4,0.002425,0.0054809,0.010799,0.018734,0.029991,0.045761,0.058163,0.067575,0.077978
250.0,2.0436E-4,6.8758E-4,0.0018281,0.0041785,0.0083273,0.014597,0.023653,0.036659,0.046892,0.054773,0.063538
300.0,1.5753E-4,5.3357E-4,0.0014308,0.0032985,0.0066298,0.01174,0.019316,0.030312,0.038937,0.04555,0.052971
350.0,1.2499E-4,4.2534E-4,0.0011477,0.0026651,0.0054046,0.0096583,0.016038,0.025408,0.032814,0.038554,0.044975
400.0,1.0108E-4,3.457E-4,9.3749E-4,0.0021917,0.0044764,0.0080718,0.013514,0.021591,0.028045,0.033048,0.038659
450.0,8.1901E-5,2.8015E-4,7.6129E-4,0.0017934,0.0036952,0.0067277,0.011396,0.018436,0.02405,0.02843,0.033363
500.0,6.7247E-5,2.3013E-4,6.2613E-4,0.0014862,0.003082,0.0056652,0.0097027,0.015863,0.020787,0.024634,0.028971
600.0,4.5859E-5,1.579E-4,4.2964E-4,0.0010314,0.0021766,0.0040936,0.0071453,0.011871,0.015681,0.018664,0.022048
700.0,3.275E-5,1.1189E-4,3.0901E-4,7.4855E-4,0.0015926,0.0030222,0.0053643,0.0090634,0.012024,0.014347,0.016985
800.0,2.3568E-5,8.1385E-5,2.2429E-4,5.4747E-4,0.0011786,0.0022702,0.004078,0.0069568,0.0092667,0.011087,0.013151
1000.0,1.255E-5,4.341E-5,1.2042E-4,2.9857E-4,6.5571E-4,0.0012923,0.0023688,0.0041155,0.0055171,0.0066238,0.0078865
1200.0,6.9007E-6,2.3889E-5,6.7477E-5,1.6997E-4,3.8004E-4,7.6061E-4,0.0014176,0.0024983,0.00337,0.0040631,0.0048535
1500.0,2.8569E-6,9.9796E-6,2.8793E-5,7.4408E-5,1.7112E-4,3.518E-4,6.691E-4,0.0011994,0.0016429,0.0019946,0.0023947
SA0P5
r\m,4.0,4.5,5.0,5.5,6.0,6.5,7.0,7.5,7.8,8.0,8.2
0.0,0.043405,0.1041,0.19276,0.30033,0.40355,0.48297,0.55324,0.61512,0.6395,0.65074,0.66006
1.0,0.03295,0.083627,0.16122,0.25719,0.3511,0.42519,0.4923,0.55579,0.58291,0.59626,0.6071
5.0,0.012263,0.036352,0.08194,0.15063,0.23091,0.30395,0.37129,0.43815,0.46953,0.48703,0.50209
10.0,0.0060812,0.018658,0.044421,0.087854,0.14701,0.21129,0.27433,0.33856,0.37297,0.39426,0.41434
15.0,0.0037252,0.011658,0.028551,0.058664,0.10308,0.15628,0.21237,0.26982,0.30406,0.32589,0.34722
20.0,0.0025477,0.0081185,0.020328,0.042818,0.077372,0.12079,0.16897,0.22125,0.25401,0.27559,0.29663
25.0,0.0018687,0.0060502,0.015397,0.033007,0.060845,0.09668,0.13831,0.18614,0.21688,0.23777,0.25898
30.0,0.001451,0.0047478,0.01223,0.026545,0.049551,0.079903,0.11671,0.15987,0.18884,0.20867,0.22904
40.0,9.7132E-4,0.003236,0.0084859,0.018814,0.035743,0.05873,0.087993,0.12399,0.14888,0.16635,0.18493
50.0,7.1087E-4,0.0023972,0.0063614,0.014315,0.027581,0.046014,0.070417,0.10166,0.12381,0.13973,0.15664
60.0,5.8272E-4,0.0019833,0.0053036,0.01204,0.023448,0.039549,0.061257,0.089531,0.10982,0.12454,0.14025
70.0,5.1044E-4,0.0017432,0.0046827,0.010717,0.021012,0.035681,0.055661,0.08221,0.10147,0.11563,0.13087
80.0,4.5936E-4,0.0015777,0.0042641,0.0098136,0.019346,0.033028,0.051874,0.077058,0.095542,0.10917,0.12389
90.0,4.1963E-4,0.001446,0.0039239,0.0090749,0.017977,0.030885,0.048701,0.072716,0.090452,0.10355,0.11772
100.0,3.8636E-4,0.0013351,0.0036359,0.0084462,0.016831,0.029039,0.045975,0.068935,0.085972,0.098614,0.11234
110.0,3.5817E-4,0.0012411,0.003391,0.007904,0.015795,0.027391,0.043467,0.065165,0.081423,0.093491,0.10661
120.0,3.3338E-4,0.0011587,0.0031776,0.0074262,0.014912,0.025928,0.041123,0.061828,0.077368,0.088944,0.10155
130.0,3.0927E-4,0.001078,0.0029669,0.0069515,0.014002,0.024385,0.038789,0.058506,0.073359,0.084432,0.096504
140.0,2.8756E-4,0.0010045,0.0027724,0.0065147,0.013141,0.022953,0.036628,0.0554,0.069597,0.080213,0.091808
150.0,2.672E-4,9.3576E-4,0.0025911,0.0061093,0.012358,0.021671,0.034678,0.052493,0.066094,0.076336,0.087554
175.0,2.2345E-4,7.876E-4,0.0021985,0.0052166,0.010636,0.018792,0.030218,0.046037,0.058274,0.067494,0.077625
200.0,1.9019E-4,6.7383E-4,0.001895,0.0045252,0.0092697,0.01645,0.026622,0.040802,0.051887,0.060284,0.069552
250.0,1.4251E-4,5.0895E-4,0.0014441,0.0034867,0.0072242,0.012949,0.021204,0.033009,0.042251,0.049357,0.05725
300.0,1.111E-4,3.9934E-4,0.0011425,0.0027813,0.0058096,0.010519,0.017491,0.02757,0.035436,0.041457,0.048201
350.0,8.9181E-5,3.2191E-4,9.2629E-4,0.0022706,0.004786,0.0087455,0.014675,0.023345,0.030167,0.035442,0.041337
400.0,7.2973E-5,2.6461E-4,7.6476E-4,0.0018871,0.004006,0.0073876,0.012495,0.020046,0.026049,0.030695,0.0359
450.0,5.983E-5,2.1691E-4,6.2798E-4,0.001561,0.0033428,0.0062238,0.010651,0.017299,0.022577,0.026688,0.031313
500.0,4.9716E-5,1.8027E-4,5.2232E-4,0.0013081,0.0028187,0.0052989,0.009168,0.015049,0.01973,0.023382,0.027497
600.0,3.5022E-5,1.2746E-4,3.6936E-4,9.3432E-4,0.0020468,0.0039323,0.00693,0.011562,0.015283,0.018198,0.021503
700.0,2.5645E-5,9.2835E-5,2.7187E-4,6.9355E-4,0.0015317,0.0029719,0.0053274,0.0090388,0.012004,0.014333,0.016979
800.0,1.9006E-5,6.9247E-5,2.0249E-4,5.1993E-4,0.0011625,0.0022909,0.0041555,0.0071219,0.0095,0.011376,0.013507
1000.0,1.0646E-5,3.882E-5,1.141E-4,2.9711E-4,6.7699E-4,0.001364,0.0025249,0.0044083,0.0059214,0.0071182,0.0084861
1200.0,6.1931E-6,2.2594E-5,6.7334E-5,1.7774E-4,4.1102E-4,8.3923E-4,0.0015773,0.0027899,0.0037673,0.0045445,0.0054319
1500.0,2.8026E-6,1.0264E-5,3.1061E-5,8.362E-5,1.978E-4,4.1295E-4,7.8925E-4,0.0014149,0.0019344,0.0023461,0.0028147
SA0P75
r\m,4.0,4.5,5.0,5.5,6.0,6.5,7.0,7.5,7.8,8.0,8.2
0.0,0.019059,0.049224,0.10152,0.17652,0.26037,0.33411,0.40164,0.461,0.4856,0.49736,0.50775
1.0,0.014441,0.039494,0.08484,0.15111,0.22652,0.29416,0.3574,0.41653,0.4426,0.45572,0.46694
5.0,0.0053769,0.017155,0.043064,0.088373,0.14878,0.21004,0.2692,0.32792,0.35598,0.37171,0.38551
10.0,0.0026805,0.0088484,0.02344,0.051692,0.094918,0.14621,0.19894,0.25315,0.28239,0.30049,0.31756
15.0,0.0016503,0.0055568,0.015137,0.034661,0.066773,0.10838,0.15421,0.20183,0.23018,0.24827,0.26589
20.0,0.0011332,0.0038856,0.010822,0.025398,0.050288,0.08398,0.12291,0.1657,0.19243,0.21003,0.22718
25.0,8.3416E-4,0.002907,0.0082297,0.019659,0.039701,0.067434,0.10085,0.13961,0.16448,0.18137,0.19847
30.0,6.4968E-4,0.0022886,0.0065588,0.015862,0.032436,0.055887,0.085299,0.12011,0.1434,0.15934,0.17567
40.0,4.3711E-4,0.0015683,0.0045759,0.011304,0.023518,0.041267,0.064558,0.093451,0.11339,0.12736,0.14221
50.0,3.2138E-4,0.0011674,0.0034462,0.0086395,0.018225,0.032459,0.051839,0.076848,0.094532,0.10723,0.12068
60.0,2.6436E-4,9.6925E-4,0.0028829,0.0072887,0.015537,0.027968,0.045205,0.067838,0.084037,0.095766,0.10827
70.0,2.3273E-4,8.5622E-4,0.0025577,0.0065179,0.013983,0.02533,0.041219,0.062489,0.077869,0.089168,0.10131
80.0,2.1024E-4,7.7792E-4,0.0023378,0.0059893,0.012914,0.023511,0.038511,0.058709,0.073493,0.084377,0.096115
90.0,1.9278E-4,7.1569E-4,0.0021589,0.0055568,0.012036,0.022046,0.036246,0.055529,0.069733,0.080207,0.091527
100.0,1.7815E-4,6.6325E-4,0.0020074,0.0051884,0.011302,0.020784,0.034302,0.052762,0.066422,0.076548,0.087527
110.0,1.6576E-4,6.1878E-4,0.0018787,0.0048709,0.010638,0.01966,0.032517,0.049996,0.063054,0.072736,0.083243
120.0,1.5484E-4,5.7976E-4,0.0017663,0.0045907,0.010074,0.018662,0.030841,0.047548,0.06005,0.069352,0.079467
130.0,1.4413E-4,5.4122E-4,0.0016545,0.0043101,0.0094858,0.017596,0.029161,0.045098,0.057067,0.065982,0.075687
140.0,1.3447E-4,5.0605E-4,0.0015511,0.0040518,0.0089278,0.016608,0.027606,0.042807,0.054269,0.062833,0.072171
150.0,1.2539E-4,4.731E-4,0.0014547,0.0038118,0.0084214,0.015727,0.026211,0.040667,0.05167,0.059944,0.068995
175.0,1.0571E-4,4.0141E-4,0.0012439,0.0032788,0.0072991,0.01373,0.022984,0.035878,0.045818,0.053299,0.06151
200.0,9.0674E-5,3.461E-4,0.0010804,0.0028649,0.0064049,0.012096,0.02037,0.03198,0.041022,0.047864,0.055408
250.0,6.9078E-5,2.6582E-4,8.3668E-4,0.0022416,0.0050652,0.0096518,0.016432,0.026191,0.033817,0.039677,0.04618
300.0,5.4727E-5,2.1198E-4,6.7239E-4,0.001815,0.0041305,0.0079463,0.01373,0.022155,0.02872,0.033744,0.03936
350.0,4.4646E-5,1.7366E-4,5.5366E-4,0.0015038,0.0034525,0.0067002,0.011678,0.019005,0.024765,0.029216,0.034187
400.0,3.7134E-5,1.4507E-4,4.6425E-4,0.0012687,0.0029323,0.0057422,0.010081,0.016541,0.021671,0.025641,0.030088
450.0,3.0951E-5,1.2089E-4,3.8734E-4,0.0010658,0.0024837,0.0049085,0.0087166,0.014475,0.019046,0.022606,0.026611
500.0,2.6148E-5,1.0215E-4,3.274E-4,9.0716E-4,0.0021266,0.0042425,0.0076151,0.01278,0.016891,0.0201,0.023719
600.0,1.9263E-5,7.5353E-5,2.4166E-4,6.7508E-4,0.0016061,0.0032679,0.005968,0.010182,0.013571,0.016234,0.019259
700.0,1.4605E-5,5.7084E-5,1.8394E-4,5.1779E-4,0.0012415,0.0025543,0.0047455,0.0082323,0.011032,0.01324,0.015758
800.0,1.1283E-5,4.416E-5,1.4228E-4,4.0257E-4,9.7804E-4,0.0020454,0.0038452,0.0067434,0.0090821,0.010937,0.013054
1000.0,6.7959E-6,2.665E-5,8.6244E-5,2.4703E-4,6.1098E-4,0.0013058,0.0025067,0.0044838,0.0060901,0.00737,0.0088417
1200.0,4.2973E-6,1.6899E-5,5.5183E-5,1.5987E-4,3.9981E-4,8.642E-4,0.0016827,0.003047,0.0041576,0.0050461,0.006067
1500.0,2.2299E-6,8.7763E-6,2.8917E-5,8.4872E-5,2.1567E-4,4.7427E-4,9.3604E-4,0.0017122,0.0023565,0.0028709,0.0034603
SA1P0
r\m,4.0,4.5,5.0,5.5,6.0,6.5,7.0,7.5,7.8,8.0,8.2
0.0,0.010377,0.027561,0.060251,0.11259,0.17843,0.24369,0.30782,0.36653,0.39253,0.40564,0.41748
1.0,0.0078572,0.022102,0.050341,0.096369,0.15524,0.21457,0.27393,0.33118,0.35777,0.37168,0.3839
5.0,0.0029268,0.0096009,0.025547,0.056343,0.10193,0.15317,0.20623,0.26058,0.28756,0.30297,0.3167
10.0,0.0014632,0.0049655,0.013937,0.033014,0.065111,0.10671,0.15244,0.20109,0.22798,0.24477,0.26065
15.0,9.032E-4,0.0031268,0.0090239,0.022189,0.04589,0.079199,0.11825,0.16037,0.18582,0.20218,0.21816
20.0,6.2155E-4,0.0021915,0.0064664,0.016295,0.034625,0.061457,0.094343,0.13174,0.15539,0.17107,0.1864
25.0,4.5844E-4,0.0016432,0.0049288,0.012641,0.027394,0.049433,0.077505,0.11108,0.1329,0.14779,0.16289
30.0,3.5767E-4,0.0012961,0.0039358,0.01022,0.022422,0.041029,0.065634,0.095643,0.11594,0.1299,0.14423
40.0,2.4136E-4,8.9108E-4,0.0027551,0.0073069,0.016306,0.030374,0.049776,0.074533,0.0918,0.10396,0.11689
50.0,1.7794E-4,6.6524E-4,0.002081,0.0056002,0.012669,0.023945,0.040042,0.061381,0.076625,0.087614,0.099279
60.0,1.467E-4,5.5365E-4,0.001745,0.0047347,0.01082,0.020664,0.034965,0.054249,0.068189,0.078326,0.089146
70.0,1.2951E-4,4.9056E-4,0.0015527,0.0042459,0.0097629,0.018755,0.031941,0.050048,0.063271,0.073023,0.083515
80.0,1.1727E-4,4.468E-4,0.0014227,0.0039104,0.0090338,0.017437,0.029884,0.047076,0.059781,0.069171,0.079313
90.0,1.0777E-4,4.1205E-4,0.0013169,0.0036359,0.008436,0.016377,0.028164,0.044577,0.056782,0.065817,0.075597
100.0,9.9815E-5,3.8275E-4,0.0012272,0.003402,0.0079364,0.015464,0.026689,0.042403,0.05414,0.062875,0.072359
110.0,9.3076E-5,3.5791E-4,0.0011511,0.0032005,0.007484,0.014652,0.025337,0.040228,0.051451,0.059805,0.068885
120.0,8.7131E-5,3.3609E-4,0.0010846,0.0030224,0.0071003,0.013931,0.024063,0.038303,0.049051,0.05708,0.065824
130.0,8.1264E-5,3.1442E-4,0.0010181,0.0028432,0.0066974,0.013155,0.022782,0.036369,0.046664,0.054362,0.062755
140.0,7.5973E-5,2.9462E-4,9.5651E-4,0.0026781,0.0063144,0.012435,0.021596,0.034563,0.044425,0.051822,0.059901
150.0,7.0988E-5,2.7604E-4,8.9897E-4,0.0025246,0.0059672,0.011796,0.020536,0.032877,0.042348,0.049496,0.057326
175.0,6.013E-5,2.3539E-4,7.7257E-4,0.0021817,0.0051941,0.010338,0.018067,0.029089,0.037652,0.044121,0.051232
200.0,5.1809E-5,2.0393E-4,6.7426E-4,0.001915,0.0045766,0.0091408,0.016063,0.026001,0.033796,0.039719,0.046259
250.0,3.9839E-5,1.5818E-4,5.2727E-4,0.0015123,0.0036504,0.0073484,0.013042,0.02142,0.028021,0.033112,0.038772
300.0,3.1843E-5,1.2733E-4,4.2771E-4,0.0012354,0.0030007,0.0060943,0.01097,0.018231,0.023938,0.028322,0.033231
350.0,2.6205E-5,1.0527E-4,3.5539E-4,0.0010324,0.0025287,0.0051775,0.0093952,0.015738,0.020767,0.024668,0.029033
400.0,2.1985E-5,8.8741E-5,3.0065E-4,8.7849E-4,0.0021652,0.0044714,0.0081677,0.013788,0.018288,0.021785,0.025711
450.0,1.8482E-5,7.4618E-5,2.531E-4,7.4438E-4,0.0018492,0.0038519,0.0071136,0.012149,0.016181,0.019335,0.022891
500.0,1.5747E-5,6.3619E-5,2.1586E-4,6.3915E-4,0.0015965,0.0033558,0.0062618,0.010805,0.014454,0.017315,0.020551
600.0,1.1866E-5,4.7986E-5,1.6303E-4,4.8626E-4,0.0012313,0.002636,0.0049993,0.0087671,0.011827,0.014246,0.017003
700.0,9.156E-6,3.7111E-5,1.2637E-4,3.7971E-4,9.6876E-4,0.0020977,0.0040464,0.0072132,0.0097862,0.011829,0.014169
800.0,7.2225E-6,2.9264E-5,9.976E-5,3.0113E-4,7.7878E-4,0.0017147,0.0033462,0.0060323,0.0082282,0.0099817,0.011995
1000.0,4.5126E-6,1.8362E-5,6.2919E-5,1.9221E-4,5.0591E-4,0.0011382,0.002269,0.0041754,0.0057495,0.0070149,0.0084795
1200.0,2.9783E-6,1.219E-5,4.2097E-5,1.3003E-4,3.4557E-4,7.8586E-4,0.0015889,0.0029605,0.0040956,0.0050117,0.0060722
1500.0,1.6609E-6,6.8151E-6,2.3716E-5,7.4074E-5,1.9956E-4,4.6104E-4,9.4451E-4,0.0017769,0.0024759,0.0030399,0.0036922
SA1P5
r\m,4.0,4.5,5.0,5.5,6.0,6.5,7.0,7.5,7.8,8.0,8.2
0.0,0.0042891,0.011606,0.02693,0.054834,0.095741,0.14372,0.19739,0.25176,0.2788,0.29366,0.30749
1.0,0.0032456,0.0093044,0.022499,0.046939,0.083311,0.12657,0.17568,0.22749,0.25412,0.26908,0.28274
5.0,0.0012101,0.004044,0.011422,0.027452,0.054716,0.090363,0.13225,0.17894,0.20415,0.21924,0.2331
10.0,6.0681E-4,0.0020981,0.0062491,0.016123,0.035016,0.063042,0.097819,0.13808,0.1618,0.17704,0.19172
15.0,3.7569E-4,0.0013253,0.0040587,0.010867,0.024737,0.046866,0.07596,0.11017,0.1319,0.14623,0.16042
20.0,2.5919E-4,9.3145E-4,0.0029166,0.0080023,0.018709,0.036435,0.060682,0.090578,0.11036,0.12377,0.13709
25.0,1.9162E-4,7.0026E-4,0.0022293,0.0062256,0.01484,0.029367,0.049928,0.076445,0.094441,0.10698,0.11984
30.0,1.4981E-4,5.5364E-4,0.0017846,0.0050453,0.012174,0.024421,0.042344,0.065891,0.082451,0.094084,0.10615
40.0,1.0147E-4,3.8224E-4,0.0012547,0.0036229,0.0088884,0.01814,0.032198,0.051448,0.06539,0.075402,0.086137
50.0,7.5065E-5,2.8646E-4,9.5152E-4,0.0027874,0.0069303,0.014343,0.025963,0.042445,0.054658,0.06362,0.073225
60.0,6.2066E-5,2.392E-4,8.0055E-4,0.0023642,0.0059361,0.012407,0.022715,0.037571,0.048703,0.056938,0.065814
70.0,5.4988E-5,2.1276E-4,7.1513E-4,0.0021282,0.0053743,0.011294,0.020799,0.034726,0.04526,0.053158,0.061734
80.0,4.9936E-5,1.9442E-4,6.5748E-4,0.0019664,0.0049871,0.010525,0.019497,0.032712,0.042818,0.050411,0.058689
90.0,4.6026E-5,1.7988E-4,6.1058E-4,0.001834,0.00467,0.0099085,0.018409,0.03102,0.04072,0.048019,0.055994
100.0,4.2747E-5,1.6761E-4,5.7082E-4,0.0017212,0.0044054,0.0093773,0.017477,0.029549,0.038872,0.045921,0.053647
110.0,3.9971E-5,1.5721E-4,5.3709E-4,0.0016241,0.0041654,0.0089058,0.016623,0.028073,0.036987,0.043727,0.051122
120.0,3.7518E-5,1.4807E-4,5.0757E-4,0.0015381,0.0039623,0.0084866,0.015816,0.026768,0.035304,0.041781,0.048898
130.0,3.5081E-5,1.3891E-4,4.7783E-4,0.001451,0.0037469,0.0080307,0.015,0.025452,0.033626,0.039835,0.046665
140.0,3.288E-5,1.3053E-4,4.5024E-4,0.0013705,0.0035415,0.0076076,0.014244,0.024222,0.032052,0.038016,0.04459
150.0,3.0801E-5,1.2265E-4,4.244E-4,0.0012956,0.0033553,0.0072327,0.01357,0.023075,0.030593,0.036353,0.042719
175.0,2.6243E-5,1.0527E-4,3.6721E-4,0.0011269,0.0029381,0.0063717,0.011989,0.020486,0.027281,0.032492,0.038271
200.0,2.2737E-5,9.1772E-5,3.2257E-4,9.9537E-4,0.0026035,0.0056616,0.010702,0.018369,0.024556,0.029325,0.034638
250.0,1.7677E-5,7.2071E-5,2.5547E-4,7.9582E-4,0.0021002,0.0045959,0.0087601,0.015235,0.020484,0.024589,0.029192
300.0,1.4274E-5,5.8684E-5,2.0971E-4,6.576E-4,0.0017445,0.0038467,0.0074265,0.013054,0.017607,0.021154,0.025157
350.0,1.1862E-5,4.9048E-5,1.7621E-4,5.5556E-4,0.0014853,0.0032983,0.0064114,0.011346,0.015371,0.018534,0.022104
400.0,1.0046E-5,4.1778E-5,1.5067E-4,4.7775E-4,0.0012844,0.0028745,0.005618,0.01001,0.013624,0.016471,0.019694
450.0,8.522E-6,3.5488E-5,1.2818E-4,4.0903E-4,0.0011078,0.0024984,0.0049326,0.0088837,0.012137,0.014716,0.017648
500.0,7.3254E-6,3.0557E-5,1.1045E-4,3.548E-4,9.6571E-4,0.0021964,0.004378,0.0079615,0.010921,0.013273,0.015957
600.0,5.645E-6,2.3593E-5,8.5517E-5,2.7659E-4,7.6228E-4,0.0017625,0.0035648,0.0065825,0.0091022,0.011124,0.013449
700.0,4.4311E-6,1.8638E-5,6.761E-5,2.2031E-4,6.1158E-4,0.0014303,0.0029402,0.0055148,0.0076698,0.0094073,0.011418
800.0,3.5657E-6,1.4985E-5,5.4525E-5,1.7848E-4,5.0252E-4,0.0011952,0.0024844,0.0047126,0.0065908,0.0081146,0.0098849
1000.0,2.3049E-6,9.772E-6,3.5829E-5,1.1879E-4,3.4046E-4,8.2744E-4,0.0017574,0.0034054,0.0048129,0.0059652,0.0073161
1200.0,1.5824E-6,6.7851E-6,2.5086E-5,8.4179E-5,2.435E-4,5.9816E-4,0.001289,0.0025308,0.003595,0.0044702,0.0054982
1500.0,9.433E-7,4.0769E-6,1.5214E-5,5.1659E-5,1.514E-4,3.7792E-4,8.2615E-4,0.0016396,0.0023444,0.0029259,0.0036103
SA2P0
r\m,4.0,4.5,5.0,5.5,6.0,6.5,7.0,7.5,7.8,8.0,8.2
0.0,0.0022424,0.0061087,0.014637,0.031377,0.058352,0.093656,0.13717,0.18519,0.21121,0.22639,0.24086
1.0,0.0016965,0.0048972,0.01223,0.026864,0.050787,0.082496,0.1221,0.16735,0.19252,0.20745,0.22148
5.0,6.33E-4,0.0021299,0.0062129,0.015721,0.033374,0.058925,0.091938,0.13165,0.15467,0.16901,0.18256
10.0,3.1802E-4,0.0011072,0.0034055,0.0092486,0.021388,0.041155,0.06805,0.10162,0.12259,0.13648,0.15013
15.0,1.9724E-4,7.0075E-4,0.0022162,0.0062454,0.015134,0.030634,0.05289,0.081123,0.099965,0.11275,0.12562
20.0,1.3629E-4,4.9335E-4,0.0015955,0.0046072,0.011465,0.023847,0.042294,0.066738,0.083676,0.09546,0.10737
25.0,1.0091E-4,3.7153E-4,0.0012217,0.0035908,0.0091097,0.019248,0.034836,0.056365,0.071645,0.082543,0.093893
30.0,7.8997E-5,2.942E-4,9.7962E-4,0.0029149,0.0074847,0.016028,0.029576,0.048619,0.062584,0.072626,0.083193
40.0,5.3639E-5,2.037E-4,6.9086E-4,0.0020995,0.0054802,0.011934,0.022532,0.038016,0.049691,0.058262,0.067566
50.0,3.9773E-5,1.5307E-4,5.2539E-4,0.0016199,0.004284,0.0094579,0.018202,0.031406,0.041579,0.0492,0.057477
60.0,3.2954E-5,1.2812E-4,4.4314E-4,0.0013773,0.0036777,0.0081972,0.01595,0.027832,0.037084,0.044069,0.051695
70.0,2.9263E-5,1.1425E-4,3.9694E-4,0.0012431,0.0033379,0.0074774,0.01463,0.025759,0.0345,0.041181,0.048529
80.0,2.6628E-5,1.0465E-4,3.6584E-4,0.0011514,0.0031043,0.0069817,0.013734,0.024292,0.032669,0.039086,0.046167
90.0,2.4591E-5,9.7035E-5,3.4055E-4,0.0010764,0.0029131,0.0065845,0.012987,0.023061,0.031096,0.03726,0.044076
100.0,2.2883E-5,9.0614E-5,3.191E-4,0.0010125,0.0027537,0.0062426,0.012347,0.021991,0.029711,0.035659,0.042256
110.0,2.1436E-5,8.5175E-5,3.0092E-4,9.5745E-4,0.002609,0.0059393,0.011761,0.020915,0.028295,0.033981,0.040293
120.0,2.0157E-5,8.0387E-5,2.85E-4,9.0874E-4,0.0024868,0.0056695,0.011205,0.019963,0.027031,0.032493,0.038565
130.0,1.888E-5,7.5567E-5,2.6887E-4,8.5903E-4,0.0023561,0.0053737,0.010641,0.019001,0.025768,0.031002,0.036828
140.0,1.7726E-5,7.1147E-5,2.5387E-4,8.1305E-4,0.0022311,0.0050989,0.010118,0.018101,0.024583,0.029609,0.035212
150.0,1.6633E-5,6.6979E-5,2.398E-4,7.7015E-4,0.0021178,0.0048557,0.0096527,0.017262,0.023484,0.028334,0.033757
175.0,1.4227E-5,5.7752E-5,2.0849E-4,6.731E-4,0.0018627,0.0042943,0.0085551,0.015362,0.020983,0.025369,0.030289
200.0,1.2371E-5,5.0559E-5,1.8398E-4,5.9723E-4,0.0016576,0.0038297,0.0076593,0.013807,0.018923,0.022935,0.027453
250.0,9.6855E-6,4.003E-5,1.4698E-4,4.8165E-4,0.001348,0.0031306,0.0063054,0.011502,0.015846,0.019297,0.023209
300.0,7.8703E-6,3.2836E-5,1.2161E-4,4.0115E-4,0.0011279,0.0026372,0.0053743,0.0098986,0.013671,0.016658,0.020062
350.0,6.5783E-6,2.7632E-5,1.0293E-4,3.4138E-4,9.6697E-4,0.0022752,0.0046639,0.0086393,0.011979,0.014644,0.017683
400.0,5.6009E-6,2.3686E-5,8.8616E-5,2.9559E-4,8.417E-4,0.0019946,0.0041073,0.0076539,0.010657,0.013059,0.015806
450.0,4.7754E-6,2.024E-5,7.5879E-5,2.5474E-4,7.3046E-4,0.0017435,0.0036241,0.0068215,0.0095306,0.011709,0.014213
500.0,4.1243E-6,1.7526E-5,6.5783E-5,2.2235E-4,6.4065E-4,0.0015413,0.0032324,0.0061398,0.0086099,0.010602,0.012898
600.0,3.2139E-6,1.3702E-5,5.1639E-5,1.7575E-4,5.1249E-4,0.0012521,0.0026613,0.005128,0.0072459,0.0089708,0.010974
700.0,2.5434E-6,1.0942E-5,4.1269E-5,1.4157E-4,4.1579E-4,0.0010273,0.002218,0.0043382,0.0061641,0.0076586,0.0094061
800.0,2.0651E-6,8.8822E-6,3.3653E-5,1.1602E-4,3.4573E-4,8.6879E-4,0.0018958,0.0037494,0.0053573,0.0066818,0.0082375
1000.0,1.354E-6,5.8967E-6,2.2567E-5,7.8897E-5,2.3949E-4,6.1507E-4,0.0013716,0.0027718,0.0040044,0.00503,0.0062466
1200.0,9.4421E-7,4.1762E-6,1.6143E-5,5.7206E-5,1.7535E-4,4.5542E-4,0.001031,0.0021124,0.0030688,0.0038686,0.0048204
1500.0,5.7737E-7,2.5874E-6,1.0125E-5,3.6386E-5,1.1314E-4,2.9904E-4,6.8795E-4,0.0014273,0.002088,0.0026437,0.0033078
SA3P0
r\m,4.0,4.5,5.0,5.5,6.0,6.5,7.0,7.5,7.8,8.0,8.2
0.0,8.6764E-4,0.0023863,0.0059507,0.01361,0.027486,0.048337,0.077639,0.11425,0.13651,0.15052,0.16443
1.0,6.5642E-4,0.0019133,0.0049732,0.011656,0.02393,0.042592,0.069127,0.10327,0.12445,0.13795,0.15121
5.0,2.4522E-4,8.3321E-4,0.0025296,0.0068302,0.015745,0.030455,0.052094,0.081279,0.10001,0.11242,0.12465
10.0,1.2349E-4,4.3422E-4,0.0013901,0.0040278,0.010112,0.021309,0.038609,0.062786,0.079309,0.090817,0.10252
15.0,7.6764E-5,2.7552E-4,9.0702E-4,0.0027269,0.0071717,0.015892,0.030052,0.050172,0.064717,0.075063,0.085814
20.0,5.3152E-5,1.9443E-4,6.5463E-4,0.0020166,0.0054455,0.012395,0.024068,0.041321,0.054217,0.063593,0.073385
25.0,3.9431E-5,1.4676E-4,5.0251E-4,0.0015757,0.0043371,0.010025,0.019856,0.034938,0.046463,0.055029,0.064208
30.0,3.0927E-5,1.1646E-4,4.0385E-4,0.0012821,0.0035713,0.0083642,0.016885,0.030172,0.040623,0.048453,0.056924
40.0,2.1072E-5,8.0957E-5,2.8604E-4,9.2747E-4,0.0026257,0.0062506,0.012902,0.023645,0.032313,0.03893,0.046291
50.0,1.5676E-5,6.1065E-5,2.1842E-4,7.1851E-4,0.0020605,0.0049706,0.010451,0.019575,0.027084,0.032922,0.039424
60.0,1.3028E-5,5.1291E-5,1.8491E-4,6.132E-4,0.0017751,0.0043213,0.0091815,0.017381,0.024195,0.029528,0.035498
70.0,1.1605E-5,4.5905E-5,1.6628E-4,5.5564E-4,0.0016171,0.0039547,0.0084442,0.016119,0.022546,0.027633,0.033365
80.0,1.0591E-5,4.2187E-5,1.538E-4,5.1649E-4,0.0015089,0.0037034,0.0079466,0.01523,0.021382,0.026261,0.031776
90.0,9.8081E-6,3.9246E-5,1.4366E-4,4.8452E-4,0.0014206,0.0035027,0.007532,0.014484,0.020382,0.025065,0.030368
100.0,9.1515E-6,3.6764E-5,1.3507E-4,4.5729E-4,0.0013472,0.0033301,0.0071773,0.013836,0.019502,0.024017,0.029144
110.0,8.5956E-6,3.4663E-5,1.2779E-4,4.3386E-4,0.0012804,0.003177,0.006852,0.013182,0.018598,0.022915,0.027818
120.0,8.1033E-6,3.2811E-5,1.2141E-4,4.131E-4,0.0012241,0.0030408,0.0065425,0.012603,0.017791,0.021936,0.026652
130.0,7.6084E-6,3.0932E-5,1.1489E-4,3.9171E-4,0.0011631,0.0028895,0.0062263,0.012015,0.016982,0.020954,0.025475
140.0,7.1603E-6,2.9204E-5,1.0881E-4,3.7187E-4,0.0011046,0.0027487,0.0059326,0.011464,0.016223,0.020035,0.024381
150.0,6.7346E-6,2.7568E-5,1.0308E-4,3.533E-4,0.0010514,0.0026242,0.0056713,0.01095,0.015518,0.019194,0.023396
175.0,5.7919E-6,2.3923E-5,9.0249E-5,3.1095E-4,9.3096E-4,0.0023345,0.0050509,0.009781,0.013907,0.017231,0.021039
200.0,5.0619E-6,2.1069E-5,8.0162E-5,2.7773E-4,8.3362E-4,0.0020935,0.0045426,0.008821,0.012578,0.015615,0.019109
250.0,4.0005E-6,1.6869E-5,6.4825E-5,2.2676E-4,6.8591E-4,0.0017291,0.0037716,0.0073973,0.010591,0.013203,0.016223
300.0,3.2777E-6,1.3975E-5,5.4222E-5,1.9096E-4,5.7996E-4,0.0014702,0.0032397,0.0064051,0.0091843,0.011448,0.014079
350.0,2.7598E-6,1.1866E-5,4.6346E-5,1.6415E-4,5.0202E-4,0.0012794,0.002832,0.0056223,0.0080867,0.010108,0.012457
400.0,2.3653E-6,1.0253E-5,4.0257E-5,1.4344E-4,4.4086E-4,0.0011307,0.002511,0.0050083,0.0072283,0.0090521,0.011177
450.0,2.0286E-6,8.8261E-6,3.4755E-5,1.2467E-4,3.8576E-4,9.9577E-4,0.0022299,0.0044872,0.0064942,0.0081511,0.01009
500.0,1.7612E-6,7.6941E-6,3.0359E-5,1.0968E-4,3.4095E-4,8.8655E-4,0.0020012,0.0040599,0.0058943,0.0074123,0.0091935
600.0,1.3881E-6,6.0974E-6,2.4206E-5,8.8111E-5,2.7709E-4,7.3072E-4,0.0016691,0.00343,0.0050135,0.0063365,0.0079006
700.0,1.1068E-6,4.924E-6,1.9575E-5,7.1883E-5,2.2772E-4,6.0719E-4,0.0014075,0.0029328,0.004309,0.0054642,0.0068393
800.0,9.0545E-7,4.0331E-6,1.6144E-5,5.9627E-5,1.9179E-4,5.2015E-4,0.001218,0.0025652,0.0037894,0.0048236,0.0060607
1000.0,5.9917E-7,2.7172E-6,1.1029E-5,4.1413E-5,1.3587E-4,3.7684E-4,9.0196E-4,0.0019415,0.0029014,0.0037215,0.004713
1200.0,4.212E-7,1.9518E-6,8.0281E-6,3.0644E-5,1.0169E-4,2.856E-4,6.948E-4,0.0015183,0.0022835,0.0029413,0.0037403
1500.0,2.6016E-7,1.2317E-6,5.1589E-6,2.0065E-5,6.779E-5,1.9443E-4,4.8242E-4,0.0010714,0.0016252,0.0021057,0.0026938
SA4P0
r\m,4.0,4.5,5.0,5.5,6.0,6.5,7.0,7.5,7.8,8.0,8.2
0.0,4.3052E-4,0.0011964,0.0030699,0.0073385,0.015673,0.029361,0.050352,0.078926,0.097666,0.11007,0.12272
1.0,3.2575E-4,9.5948E-4,0.0025663,0.0062867,0.01365,0.025879,0.044842,0.071348,0.089052,0.10089,0.11287
5.0,1.2181E-4,4.1828E-4,0.0013068,0.0036879,0.0089907,0.018523,0.03382,0.05619,0.071598,0.082245,0.093066
10.0,6.144E-5,2.1836E-4,7.1942E-4,0.0021786,0.0057835,0.012979,0.025093,0.04344,0.05681,0.066474,0.076573
15.0,3.8252E-5,1.388E-4,4.7026E-4,0.0014776,0.0041087,0.0096931,0.019555,0.034742,0.046389,0.054972,0.064121
20.0,2.6525E-5,9.8109E-5,3.4E-4,0.0010947,0.003125,0.0075715,0.01568,0.028639,0.03889,0.0466,0.054859
25.0,1.9705E-5,7.4171E-5,2.6145E-4,8.5683E-4,0.0024931,0.0061331,0.012952,0.024238,0.033352,0.040349,0.048024
30.0,1.5476E-5,5.8947E-5,2.1046E-4,6.9833E-4,0.0020562,0.0051242,0.011027,0.02095,0.029182,0.03555,0.042597
40.0,1.0571E-5,4.1097E-5,1.4954E-4,5.068E-4,0.0015164,0.0038398,0.0084449,0.016447,0.023247,0.028599,0.034678
50.0,7.8834E-6,3.1085E-5,1.1452E-4,3.9381E-4,0.0011935,0.0030615,0.0068558,0.013639,0.019512,0.024214,0.029562
60.0,6.5662E-6,2.6178E-5,9.7225E-5,3.3704E-4,0.0010309,0.002668,0.0060353,0.01213,0.017453,0.021742,0.026643
70.0,5.8628E-6,2.3491E-5,8.7674E-5,3.0627E-4,9.4169E-4,0.0024476,0.005562,0.011268,0.016285,0.02037,0.025067
80.0,5.3618E-6,2.1641E-5,8.131E-5,2.8546E-4,8.8098E-4,0.0022973,0.0052443,0.010662,0.015464,0.019379,0.023895
90.0,4.9758E-6,2.0181E-5,7.6148E-5,2.6849E-4,8.3149E-4,0.0021777,0.00498,0.010154,0.014758,0.018516,0.022856
100.0,4.652E-6,1.8948E-5,7.177E-5,2.5404E-4,7.904E-4,0.0020749,0.0047541,0.0097136,0.014137,0.017759,0.021952
110.0,4.3779E-6,1.7905E-5,6.8067E-5,2.4161E-4,7.5294E-4,0.0019836,0.0045467,0.009267,0.013497,0.01696,0.020971
120.0,4.135E-6,1.6986E-5,6.4822E-5,2.306E-4,7.2149E-4,0.0019025,0.0043487,0.0088717,0.012926,0.016251,0.020107
130.0,3.8894E-6,1.6046E-5,6.1479E-5,2.1916E-4,6.8708E-4,0.0018114,0.0041453,0.0084686,0.012351,0.015537,0.019234
140.0,3.6668E-6,1.5181E-5,5.8354E-5,2.0853E-4,6.5388E-4,0.0017264,0.0039562,0.0080906,0.011811,0.014869,0.018422
150.0,3.4547E-6,1.4359E-5,5.5402E-5,1.9855E-4,6.2373E-4,0.0016514,0.003788,0.0077373,0.011309,0.014258,0.017691
175.0,2.9831E-6,1.2519E-5,4.8752E-5,1.7566E-4,5.5504E-4,0.0014757,0.0033863,0.0069314,0.010159,0.012825,0.015936
200.0,2.6167E-6,1.1074E-5,4.351E-5,1.5766E-4,4.9932E-4,0.0013289,0.0030561,0.006268,0.0092083,0.011645,0.014497
250.0,2.082E-6,8.9375E-6,3.5494E-5,1.2988E-4,4.1439E-4,0.001106,0.0025537,0.0052826,0.0077858,0.0098809,0.012345
300.0,1.7157E-6,7.4561E-6,2.9918E-5,1.1025E-4,3.5305E-4,9.4687E-4,0.0022062,0.0045945,0.0067768,0.0085957,0.010743
350.0,1.4518E-6,6.3694E-6,2.5747E-5,9.5435E-5,3.0769E-4,8.2907E-4,0.0019386,0.0040493,0.0059871,0.0076113,0.0095292
400.0,1.2497E-6,5.5336E-6,2.25E-5,8.3922E-5,2.7186E-4,7.3678E-4,0.001727,0.0036206,0.0053683,0.0068352,0.0085712
450.0,1.0757E-6,4.786E-6,1.953E-5,7.3356E-5,2.3921E-4,6.5217E-4,0.0015403,0.0032552,0.0048374,0.0061711,0.0077551
500.0,9.3696E-7,4.1897E-6,1.7143E-5,6.487E-5,2.1249E-4,5.8334E-4,0.0013879,0.0029549,0.004403,0.0056263,0.0070829
600.0,7.4285E-7,3.3459E-6,1.3794E-5,5.2619E-5,1.7435E-4,4.8509E-4,0.0011666,0.002513,0.0037676,0.0048369,0.0061192
700.0,5.9434E-7,2.7175E-6,1.1229E-5,4.3242E-5,1.4437E-4,4.0604E-4,9.9034E-4,0.0021615,0.0032561,0.0041933,0.0053247
800.0,4.8747E-7,2.2348E-6,9.312E-6,3.6098E-5,1.2242E-4,3.5024E-4,8.6264E-4,0.0019023,0.0028808,0.0037237,0.0047467
1000.0,3.2276E-7,1.5124E-6,6.4094E-6,2.5308E-5,8.7655E-5,2.566E-4,6.4616E-4,0.0014567,0.0022323,0.0029084,0.0037381
1200.0,2.2635E-7,1.0885E-6,4.6874E-6,1.886E-5,6.6176E-5,1.9644E-4,5.0334E-4,0.0011532,0.0017799,0.0023302,0.0030093
1500.0,1.3862E-7,6.8544E-7,3.0208E-6,1.2438E-5,4.4587E-5,1.356E-4,3.5557E-4,8.3076E-4,0.0012956,0.0017086,0.0022235
SA5P0
r\m,4.0,4.5,5.0,5.5,6.0,6.5,7.0,7.5,7.8,8.0,8.2
0.0,2.4411E-4,6.861E-4,0.0018032,0.0044646,0.0099618,0.019605,0.035396,0.058342,0.074266,0.085197,0.096597
1.0,1.8473E-4,5.5031E-4,0.0015077,0.0038256,0.0086781,0.017284,0.031529,0.052749,0.067725,0.078097,0.088847
5.0,6.914E-5,2.4013E-4,7.6852E-4,0.0022464,0.0057213,0.012381,0.023796,0.041565,0.054475,0.063691,0.073283
10.0,3.4916E-5,1.2553E-4,4.2369E-4,0.0013289,0.0036852,0.0086858,0.017673,0.032157,0.043249,0.051503,0.060318
15.0,2.1765E-5,7.99E-5,2.7735E-4,9.0264E-4,0.0026217,0.0064948,0.013786,0.025738,0.035337,0.042613,0.05053
20.0,1.511E-5,5.6552E-5,2.0081E-4,6.6965E-4,0.0019966,0.0050793,0.011066,0.021233,0.029643,0.036143,0.043251
25.0,1.1238E-5,4.2808E-5,1.5462E-4,5.2488E-4,0.0015951,0.0041193,0.0091496,0.017984,0.025438,0.031312,0.037879
30.0,8.8354E-6,3.4063E-5,1.2463E-4,4.2836E-4,0.0013173,0.0034457,0.0077973,0.015556,0.022272,0.027602,0.033614
40.0,6.0478E-6,2.3805E-5,8.8778E-5,3.1168E-4,9.7383E-4,0.0025878,0.005983,0.012231,0.017764,0.022229,0.02739
50.0,4.519E-6,1.8046E-5,6.8155E-5,2.4278E-4,7.6825E-4,0.0020677,0.004866,0.010158,0.014928,0.01884,0.02337
60.0,3.771E-6,1.5229E-5,5.7994E-5,2.0826E-4,6.651E-4,0.0018056,0.004291,0.0090462,0.013368,0.016934,0.02108
70.0,3.3733E-6,1.3696E-5,5.2416E-5,1.8969E-4,6.0888E-4,0.0016598,0.0039613,0.0084143,0.012488,0.01588,0.019849
80.0,3.0905E-6,1.2643E-5,4.8717E-5,1.7719E-4,5.7082E-4,0.0015608,0.003741,0.007972,0.01187,0.015122,0.018935
90.0,2.873E-6,1.1812E-5,4.5719E-5,1.6701E-4,5.3986E-4,0.0014823,0.0035581,0.0076019,0.01134,0.014461,0.018125
100.0,2.6904E-6,1.1112E-5,4.3178E-5,1.5835E-4,5.1419E-4,0.0014148,0.0034018,0.0072805,0.010873,0.013882,0.017421
110.0,2.536E-6,1.052E-5,4.1031E-5,1.509E-4,4.9077E-4,0.001355,0.0032582,0.0069539,0.010391,0.013268,0.016654
120.0,2.3989E-6,9.9971E-6,3.9149E-5,1.443E-4,4.7114E-4,0.0013017,0.0031207,0.0066647,0.0099605,0.012724,0.015979
130.0,2.2599E-6,9.4604E-6,3.7199E-5,1.374E-4,4.4948E-4,0.0012414,0.0029789,0.0063687,0.0095261,0.012174,0.015295
140.0,2.1336E-6,8.965E-6,3.5372E-5,1.3098E-4,4.2852E-4,0.0011851,0.0028468,0.0060909,0.0091173,0.011659,0.014659
150.0,2.013E-6,8.4937E-6,3.3641E-5,1.2493E-4,4.0946E-4,0.0011353,0.0027294,0.005831,0.0087376,0.011188,0.014086
175.0,1.7439E-6,7.4336E-6,2.9726E-5,1.11E-4,3.6585E-4,0.0010183,0.0024475,0.0052363,0.0078651,0.010081,0.012706
200.0,1.5344E-6,6.5987E-6,2.6632E-5,1.0002E-4,3.3037E-4,9.2009E-4,0.0022153,0.0047458,0.0071419,0.009168,0.011575
250.0,1.2275E-6,5.3599E-6,2.1878E-5,8.2988E-5,2.7608E-4,7.7059E-4,0.0018608,0.004016,0.0060591,0.0078019,0.009881
300.0,1.0162E-6,4.4964E-6,1.8554E-5,7.0886E-5,2.3664E-4,6.6332E-4,0.001615,0.0035055,0.0052895,0.0068045,0.0086169
350.0,8.6335E-7,3.8596E-6,1.6053E-5,6.1703E-5,2.0735E-4,5.8364E-4,0.001425,0.0030995,0.0046854,0.006039,0.0076583
400.0,7.4561E-7,3.3672E-6,1.4095E-5,5.4526E-5,1.8408E-4,5.2093E-4,0.0012741,0.0027793,0.0042112,0.0054344,0.0069006
450.0,6.4365E-7,2.9228E-6,1.2285E-5,4.7868E-5,1.6266E-4,4.6289E-4,0.0011401,0.0025052,0.003803,0.0049158,0.0062539
500.0,5.6191E-7,2.5666E-6,1.0823E-5,4.2493E-5,1.4504E-4,4.1548E-4,0.0010304,0.0022796,0.0034685,0.0044899,0.005721
600.0,4.4725E-7,2.0606E-6,8.7644E-6,3.4706E-5,1.1982E-4,3.4768E-4,8.7081E-4,0.0019475,0.0029799,0.0038741,0.0049594
700.0,3.5851E-7,1.6797E-6,7.1656E-6,2.8663E-5,9.9722E-5,2.9247E-4,7.4255E-4,0.0016815,0.0025844,0.0033698,0.0043291
800.0,2.9431E-7,1.3842E-6,5.9619E-6,2.402E-5,8.4925E-5,2.5336E-4,6.4942E-4,0.0014854,0.0022947,0.0030031,0.0038729
1000.0,1.9442E-7,9.3747E-7,4.1162E-6,1.692E-5,6.1154E-5,1.8678E-4,4.896E-4,0.0011451,0.0017904,0.0023622,0.0030724
1200.0,1.3556E-7,6.7304E-7,3.0101E-6,1.2633E-5,4.6324E-5,1.4364E-4,3.8351E-4,9.1255E-4,0.0014381,0.0019074,0.0024943
1500.0,8.1811E-8,4.1987E-7,1.93E-6,8.3199E-6,3.1267E-5,9.9631E-5,2.7305E-4,6.6461E-4,0.0010602,0.0014185,0.0018719
SA7P5
r\m,4.0,4.5,5.0,5.5,6.0,6.5,7.0,7.5,7.8,8.0,8.2
0.0,8.1512E-5,2.3585E-4,6.5175E-4,0.0017282,0.0041897,0.0090442,0.017983,0.032591,0.043785,0.05197,0.060863
1.0,6.1705E-5,1.8925E-4,5.4522E-4,0.0014816,0.0036516,0.007977,0.016025,0.029476,0.039939,0.04765,0.05599
5.0,2.3135E-5,8.2738E-5,2.7846E-4,8.7175E-4,0.0024122,0.0057248,0.012113,0.023255,0.032158,0.038895,0.046216
10.0,1.1711E-5,4.3368E-5,1.5394E-4,5.1711E-4,0.0015578,0.0040255,0.0090143,0.018019,0.025563,0.031486,0.038074
15.0,7.3175E-6,2.7675E-5,1.0105E-4,3.5221E-4,0.0011111,0.0030172,0.0070458,0.014445,0.020914,0.026081,0.031926
20.0,5.0914E-6,1.9637E-5,7.3356E-5,2.62E-4,8.484E-4,0.0023651,0.0056667,0.011936,0.017567,0.022146,0.027353
25.0,3.795E-6,1.4901E-5,5.6633E-5,2.0591E-4,6.7951E-4,0.0019226,0.0046948,0.010125,0.015095,0.019208,0.023979
30.0,2.9901E-6,1.1886E-5,4.5766E-5,1.6848E-4,5.6256E-4,0.0016119,0.0040088,0.008772,0.013233,0.016951,0.021299
40.0,2.0551E-6,8.3445E-6,3.276E-5,1.232E-4,4.1789E-4,0.0012159,0.0030876,0.0069178,0.010582,0.013682,0.017389
50.0,1.5417E-6,6.354E-6,2.5268E-5,9.6423E-5,3.3119E-4,9.756E-4,0.0025203,0.0057617,0.0089138,0.01162,0.014863
60.0,1.2913E-6,5.3849E-6,2.1598E-5,8.3091E-5,2.8799E-4,8.5533E-4,0.0022301,0.0051455,0.008001,0.010466,0.01343
70.0,1.1595E-6,4.8627E-6,1.9607E-5,7.6022E-5,2.6479E-4,7.8935E-4,0.0020657,0.0047991,0.0074912,0.0098344,0.012667
80.0,1.066E-6,4.5068E-6,1.8301E-5,7.1317E-5,2.4926E-4,7.451E-4,0.0019572,0.0045585,0.0071363,0.0093823,0.012104
90.0,9.9435E-7,4.227E-6,1.7245E-5,6.7499E-5,2.3668E-4,7.1018E-4,0.0018673,0.0043578,0.0068318,0.0089884,0.011604
100.0,9.3425E-7,3.9912E-6,1.6352E-5,6.4256E-5,2.263E-4,6.8024E-4,0.0017907,0.0041836,0.0065637,0.0086435,0.01117
110.0,8.8343E-7,3.7921E-6,1.5598E-5,6.1475E-5,2.1681E-4,6.5371E-4,0.0017201,0.0040052,0.006285,0.0082753,0.010693
120.0,8.3827E-7,3.6164E-6,1.4939E-5,5.9009E-5,2.089E-4,6.3011E-4,0.0016522,0.0038473,0.0060358,0.0079488,0.010274
130.0,7.9202E-7,3.4338E-6,1.4246E-5,5.6394E-5,2.0E-4,6.0285E-4,0.0015815,0.0036845,0.005783,0.0076174,0.0098473
140.0,7.4992E-7,3.2647E-6,1.3594E-5,5.3948E-5,1.9133E-4,5.7729E-4,0.0015154,0.0035312,0.0055446,0.0073064,0.0094498
150.0,7.0952E-7,3.1029E-6,1.2973E-5,5.1637E-5,1.8343E-4,5.5474E-4,0.0014567,0.0033874,0.0053228,0.0070216,0.0090916
175.0,6.1872E-7,2.7361E-6,1.1556E-5,4.6257E-5,1.652E-4,5.0115E-4,0.0013143,0.0030567,0.0048105,0.0063488,0.0082252
200.0,5.4769E-7,2.4458E-6,1.0432E-5,4.2001E-5,1.5028E-4,4.5587E-4,0.0011963,0.0027828,0.0043843,0.0057918,0.0075124
250.0,4.4289E-7,2.0117E-6,8.6865E-6,3.5335E-5,1.2727E-4,3.8643E-4,0.0010152,0.0023738,0.0037442,0.0049569,0.0064439
300.0,3.7002E-7,1.7058E-6,7.4538E-6,3.0548E-5,1.1036E-4,3.3615E-4,8.8898E-4,0.0020864,0.0032873,0.0043443,0.0056424
350.0,3.1679E-7,1.4778E-6,6.5152E-6,2.6871E-5,9.7686E-5,2.9851E-4,7.9047E-4,0.0018559,0.0029262,0.0038718,0.0050324
400.0,2.7535E-7,1.2995E-6,5.771E-6,2.3964E-5,8.7498E-5,2.6859E-4,7.1157E-4,0.0016729,0.0026414,0.003497,0.0045484
450.0,2.3895E-7,1.1356E-6,5.0685E-6,2.1206E-5,7.7919E-5,2.4035E-4,6.4053E-4,0.0015149,0.0023943,0.0031735,0.0041334
500.0,2.0949E-7,1.0028E-6,4.4943E-6,1.8955E-5,6.995E-5,2.1707E-4,5.8191E-4,0.0013841,0.0021911,0.002907,0.0037906
600.0,1.6779E-7,8.123E-7,3.679E-6,1.5662E-5,5.8457E-5,1.8357E-4,4.9623E-4,0.001191,0.0018939,0.0025219,0.0033018
700.0,1.3481E-7,6.6561E-7,3.0283E-6,1.3036E-5,4.9043E-5,1.556E-4,4.2599E-4,0.001034,0.0016505,0.0022035,0.0028942
800.0,1.1063E-7,5.4963E-7,2.53E-6,1.0982E-5,4.2012E-5,1.3559E-4,3.7458E-4,9.1781E-4,0.0014722,0.0019723,0.0026003
1000.0,7.2396E-8,3.7082E-7,1.7475E-6,7.7622E-6,3.0412E-5,1.0059E-4,2.8433E-4,7.1264E-4,0.0011575,0.0015639,0.0020806
1200.0,4.9552E-8,2.6296E-7,1.2681E-6,5.7735E-6,2.3016E-5,7.7473E-5,2.2354E-4,5.7132E-4,9.3666E-4,0.0012737,0.0017058
1500.0,2.8623E-8,1.5863E-7,7.9301E-7,3.7369E-6,1.5371E-5,5.3516E-5,1.5953E-4,4.1992E-4,6.9975E-4,9.628E-4,0.0013055
SA10P0
r\m,4.0,4.5,5.0,5.5,6.0,6.5,7.0,7.5,7.8,8.0,8.2
0.0,3.5885E-5,1.067E-4,3.0715E-4,8.5846E-4,0.002214,0.005115,0.010913,0.021197,0.029629,0.036064,0.04326
1.0,2.7173E-5,8.5647E-5,2.5705E-4,7.3628E-4,0.0019304,0.0045131,0.0097276,0.019176,0.027032,0.033073,0.039804
5.0,1.0202E-5,3.7499E-5,1.3149E-4,4.339E-4,0.0012771,0.0032435,0.0073621,0.015144,0.021784,0.027016,0.032876
10.0,5.1738E-6,1.9695E-5,7.2842E-5,2.5792E-4,8.264E-4,0.0022848,0.0054871,0.011749,0.017335,0.02189,0.027105
15.0,3.2385E-6,1.2593E-5,4.7912E-5,1.7603E-4,5.906E-4,0.0017156,0.0042955,0.0094303,0.014197,0.018149,0.022746
20.0,2.2571E-6,8.9521E-6,3.4851E-5,1.3121E-4,4.5184E-4,0.0013472,0.00346,0.0078019,0.011938,0.015425,0.019504
25.0,1.6852E-6,6.8059E-6,2.6959E-5,1.0332E-4,3.6258E-4,0.0010971,0.0028709,0.0066265,0.010269,0.013391,0.017111
30.0,1.33E-6,5.4384E-6,2.1827E-5,8.4705E-5,3.0074E-4,9.2132E-4,0.0024551,0.0057479,0.0090114,0.011828,0.015211
40.0,9.1703E-7,3.8316E-6,1.5682E-5,6.2171E-5,2.2421E-4,6.9729E-4,0.0018964,0.0045436,0.0072202,0.0095637,0.012437
50.0,6.9003E-7,2.9275E-6,1.214E-5,4.8836E-5,1.7832E-4,5.6129E-4,0.0015522,0.0037928,0.0060937,0.0081363,0.010646
60.0,5.7968E-7,2.4891E-6,1.0412E-5,4.223E-5,1.5557E-4,4.936E-4,0.0013772,0.0033945,0.0054797,0.0073396,0.0096326
70.0,5.2197E-7,2.2549E-6,9.484E-6,3.8768E-5,1.4351E-4,4.5689E-4,0.001279,0.0031726,0.0051397,0.0069076,0.0090978
80.0,4.8122E-7,2.0962E-6,8.8807E-6,3.6488E-5,1.3552E-4,4.3252E-4,0.0012148,0.0030197,0.0049045,0.0065999,0.0087042
90.0,4.5007E-7,1.9719E-6,8.3947E-6,3.4643E-5,1.2907E-4,4.1339E-4,0.0011618,0.0028923,0.004703,0.0063319,0.0083551
100.0,4.2395E-7,1.8672E-6,7.9838E-6,3.308E-5,1.2377E-4,3.9704E-4,0.0011167,0.0027818,0.0045256,0.0060973,0.0080519
110.0,4.0188E-7,1.779E-6,7.6384E-6,3.1742E-5,1.1892E-4,3.8255E-4,0.0010751,0.0026681,0.0043399,0.0058454,0.0077171
120.0,3.8226E-7,1.7011E-6,7.3362E-6,3.0556E-5,1.149E-4,3.6967E-4,0.0010349,0.0025674,0.004174,0.0056219,0.0074226
130.0,3.6201E-7,1.6194E-6,7.0152E-6,2.9284E-5,1.103E-4,3.5455E-4,9.9272E-4,0.0024629,0.0040049,0.0053942,0.0071221
140.0,3.4354E-7,1.5436E-6,6.7121E-6,2.809E-5,1.0579E-4,3.4032E-4,9.5318E-4,0.0023643,0.003845,0.0051801,0.0068415
150.0,3.2574E-7,1.4707E-6,6.4223E-6,2.6957E-5,1.0168E-4,3.2778E-4,9.1807E-4,0.0022716,0.0036961,0.0049839,0.0065886
175.0,2.8552E-7,1.3044E-6,5.7563E-6,2.4299E-5,9.2124E-5,2.9774E-4,8.322E-4,0.0020575,0.0033508,0.0045185,0.0059742
200.0,2.5394E-7,1.1722E-6,5.2259E-6,2.2192E-5,8.4275E-5,2.7221E-4,7.608E-4,0.0018795,0.0030626,0.0041322,0.0054678
250.0,2.0708E-7,9.7341E-7,4.3965E-6,1.8866E-5,7.2089E-5,2.3286E-4,6.5064E-4,0.001613,0.0026286,0.0035518,0.0047071
300.0,1.7424E-7,8.3222E-7,3.8062E-6,1.6457E-5,6.3054E-5,2.0415E-4,5.7352E-4,0.0014251,0.0023176,0.0031241,0.004134
350.0,1.5006E-7,7.2605E-7,3.3524E-6,1.459E-5,5.6234E-5,1.8253E-4,5.1289E-4,0.0012732,0.0020705,0.0027927,0.0036962
400.0,1.3107E-7,6.4225E-7,2.9889E-6,1.3099E-5,5.0697E-5,1.652E-4,4.6396E-4,0.001152,0.0018746,0.0025288,0.0033478
450.0,1.142E-7,5.6403E-7,2.6397E-6,1.1658E-5,4.5399E-5,1.4857E-4,4.194E-4,0.0010466,0.0017036,0.0022998,0.0030476
500.0,1.0043E-7,5.001E-7,2.3516E-6,1.0472E-5,4.095E-5,1.3476E-4,3.8238E-4,9.5875E-4,0.0015624,0.0021105,0.0027989
600.0,8.0783E-8,4.0753E-7,1.939E-6,8.7204E-6,3.4483E-5,1.1474E-4,3.2794E-4,8.2856E-4,0.0013552,0.0018364,0.0024441
700.0,6.4972E-8,3.3496E-7,1.6027E-6,7.2932E-6,2.9072E-5,9.7708E-5,2.8259E-4,7.2141E-4,0.0011838,0.0016077,0.0021461
800.0,5.325E-8,2.767E-7,1.3413E-6,6.1597E-6,2.4976E-5,8.5382E-5,2.4909E-4,6.4163E-4,0.0010577,0.0014414,0.0019311
1000.0,3.4496E-8,1.8553E-7,9.235E-7,4.3486E-6,1.8083E-5,6.3398E-5,1.893E-4,4.9896E-4,8.3315E-4,0.0011454,0.0015491
1200.0,2.3175E-8,1.297E-7,6.6295E-7,3.2088E-6,1.3606E-5,4.8638E-5,1.4852E-4,3.9991E-4,6.7486E-4,9.3464E-4,0.0012738
1500.0,1.2816E-8,7.5489E-8,4.0266E-7,2.0292E-6,8.9264E-6,3.3177E-5,1.0522E-4,2.9346E-4,5.0515E-4,7.0968E-4,9.819E-4
