PGA
r\m,4.0,4.5,5.0,5.5,6.0,6.5,7.0,7.5,7.8,8.0,8.2
0.0,1.096,1.096,1.096,1.096,1.096,1.096,1.096,1.096,1.096,1.096,1.096
1.0,1.0144,1.0568,1.0836,1.094,1.094,1.094,1.094,1.094,1.094,1.094,1.094
5.0,0.3168,0.46386,0.62527,0.77829,0.89959,0.97672,1.0231,1.0461,1.0568,1.058,1.058
10.0,0.0971,0.16479,0.2652,0.40089,0.55714,0.70073,0.816,0.8988,0.93927,0.9597,0.97729
15.0,0.044107,0.078371,0.13429,0.22055,0.33967,0.47607,0.6112,0.7299,0.79446,0.8324,0.86997
20.0,0.02465,0.04472,0.07882,0.1345,0.2186,0.3281,0.4532,0.5801,0.6561,0.7036,0.75218
25.0,0.01503,0.02753,0.04913,0.08562,0.1438,0.2275,0.3339,0.4574,0.536,0.5879,0.64288
30.0,0.01015,0.01871,0.03363,0.05932,0.1014,0.1657,0.253,0.3636,0.4402,0.4933,0.55113
40.0,0.005593,0.01041,0.01895,0.03381,0.05892,0.0996,0.1605,0.2445,0.3069,0.3525,0.40343
50.0,0.003534,0.006637,0.01221,0.02195,0.03866,0.06662,0.1109,0.1751,0.2258,0.2644,0.30894
60.0,0.002584,0.004901,0.009084,0.01641,0.02903,0.0503,0.08439,0.1349,0.1755,0.2069,0.24329
70.0,0.00196,0.003757,0.007017,0.01274,0.02269,0.03965,0.06746,0.1103,0.1462,0.1749,0.20873
80.0,0.00175,0.003388,0.006373,0.01163,0.02077,0.03638,0.062,0.1017,0.135,0.1617,0.19328
90.0,0.001574,0.003079,0.005832,0.01068,0.01913,0.0336,0.05732,0.09427,0.1253,0.1502,0.17975
100.0,0.001426,0.002815,0.00537,0.009869,0.01773,0.03122,0.05331,0.08793,0.117,0.1404,0.16813
110.0,0.001299,0.002589,0.004973,0.009173,0.01653,0.02916,0.04984,0.08242,0.1097,0.1317,0.15784
120.0,0.00119,0.002394,0.004626,0.008563,0.01547,0.02737,0.04681,0.07757,0.1034,0.1241,0.14862
130.0,0.001091,0.002212,0.004301,0.007997,0.01448,0.02565,0.04389,0.07269,0.09678,0.1162,0.13938
140.0,9.633E-4,0.001971,0.003849,0.007202,0.01308,0.0232,0.03978,0.06606,0.08813,0.1059,0.12698
150.0,8.558E-4,0.001766,0.003468,0.006523,0.01188,0.02111,0.03627,0.06033,0.08069,0.09712,0.1167
175.0,6.514E-4,0.001372,0.002728,0.005203,0.009543,0.01702,0.02938,0.04909,0.06595,0.07966,0.096039
200.0,5.089E-4,0.001093,0.0022,0.004251,0.00785,0.01406,0.02438,0.04089,0.05513,0.06676,0.080729
250.0,3.189E-4,7.099E-4,0.001469,0.002896,0.005431,0.009835,0.01732,0.02934,0.03975,0.04828,0.058555
300.0,2.12E-4,4.882E-4,0.001037,0.002085,0.003968,0.007263,0.01296,0.02215,0.03013,0.0367,0.04463
350.0,1.469E-4,3.498E-4,7.629E-4,0.001562,0.003013,0.005576,0.01004,0.01734,0.02369,0.02895,0.035319
400.0,1.05E-4,2.58E-4,5.78E-4,0.001203,0.002353,0.0044,0.007985,0.01394,0.01913,0.02344,0.028682
450.0,7.641E-5,1.937E-4,4.452E-4,9.421E-4,0.001867,0.003529,0.006455,0.01139,0.01569,0.01929,0.023681
500.0,5.688E-5,1.485E-4,3.499E-4,7.525E-4,0.001511,0.002886,0.005318,0.009472,0.0131,0.01615,0.01987
600.0,3.329E-5,9.174E-5,2.26E-4,5.029E-4,0.001039,0.002022,0.00378,0.006821,0.009514,0.01179,0.014586
700.0,2.06E-5,5.967E-5,1.533E-4,3.524E-4,7.479E-4,0.001482,0.00281,0.005131,0.007209,0.008978,0.011164
800.0,1.331E-5,4.036E-5,1.078E-4,2.558E-4,5.572E-4,0.001124,0.00216,0.0039915,0.0056425,0.007055,0.0088109
1000.0,6.115E-6,2.015E-5,5.776E-5,1.461E-4,3.324E-4,6.949E-4,0.001371,0.0025875,0.0037025,0.0046645,0.0058673
1200.0,3.102E-6,1.097E-5,3.353E-5,8.983E-5,2.131E-4,4.61E-4,9.334E-4,0.0017955,0.0025975,0.0032955,0.0041732
1500.0,1.0336E-6,4.173E-6,1.428E-5,4.2406E-5,1.0896E-4,2.5084E-4,5.2955E-4,0.0010521,0.001552,0.0019926,0.0025532
PGV
r\m,4.0,4.5,5.0,5.5,6.0,6.5,7.0,7.5,7.8,8.0,8.2
0.0,10.288,15.376,21.32,24.82,28.28,33.29,42.51,54.3,64.77,73.44,83.292
1.0,8.4128,13.696,20.111,24.392,28.38,33.589,42.701,54.471,64.931,73.36,82.674
5.0,1.737,3.8721,7.8825,13.725,20.816,28.755,39.188,51.98,62.86,71.47,81.001
10.0,0.58458,1.4021,3.1544,6.48,12.07,20.221,31.373,45.483,57.072,66.29,76.91
15.0,0.29995,0.73971,1.7242,3.7519,7.615,14.174,24.238,38.259,49.996,59.47,70.728
20.0,0.1853,0.4646,1.105,2.477,5.255,10.37,18.92,31.92,43.21,52.39,63.385
25.0,0.1213,0.3071,0.7438,1.706,3.723,7.693,14.94,26.64,37.15,45.89,56.547
30.0,0.08743,0.2227,0.5457,1.27,2.813,5.974,12.09,22.46,32.2,40.49,50.796
40.0,0.05377,0.1391,0.3459,0.8206,1.873,4.101,8.61,16.93,24.98,32.02,40.962
50.0,0.03745,0.09825,0.247,0.594,1.385,3.083,6.598,13.44,20.25,26.34,34.188
60.0,0.02984,0.07902,0.2001,0.4843,1.136,2.543,5.486,11.29,17.14,22.42,29.276
70.0,0.02448,0.06543,0.1669,0.4067,0.9606,2.171,4.752,9.993,15.43,20.46,27.093
80.0,0.02345,0.06323,0.1624,0.398,0.9439,2.141,4.697,9.907,15.3,20.3,26.884
90.0,0.02247,0.06114,0.1579,0.3896,0.9269,2.109,4.637,9.838,15.18,20.11,26.586
100.0,0.02155,0.05916,0.1537,0.3816,0.9106,2.079,4.579,9.769,15.05,19.93,26.328
110.0,0.02069,0.05728,0.1497,0.3739,0.895,2.05,4.523,9.699,14.93,19.76,26.11
120.0,0.01987,0.05548,0.1458,0.3665,0.88,2.022,4.47,9.63,14.82,19.59,25.862
130.0,0.01904,0.05362,0.1417,0.3583,0.8623,1.987,4.396,9.491,14.57,19.23,25.346
140.0,0.01755,0.04983,0.1325,0.3368,0.8124,1.879,4.172,9.046,13.89,18.35,24.197
150.0,0.01622,0.04645,0.1242,0.3175,0.7678,1.783,3.969,8.644,13.28,17.55,23.152
175.0,0.01349,0.03941,0.1069,0.2769,0.6737,1.579,3.541,7.786,11.98,15.84,20.9
200.0,0.01138,0.03388,0.0932,0.2445,0.5985,1.415,3.195,7.087,10.93,14.46,19.105
250.0,0.008092,0.0249,0.07068,0.1889,0.4752,1.144,2.623,5.889,9.211,12.31,16.416
300.0,0.005978,0.01897,0.05542,0.1509,0.3889,0.9512,2.212,5.021,7.952,10.72,14.435
350.0,0.004544,0.01485,0.0446,0.1237,0.3252,0.8075,1.906,4.367,6.983,9.471,12.825
400.0,0.003527,0.01186,0.03654,0.1032,0.2761,0.6954,1.667,3.85,6.208,8.465,11.524
450.0,0.002771,0.009561,0.0302,0.08683,0.2362,0.6031,1.467,3.416,5.552,7.61,10.415
500.0,0.002213,0.007826,0.0253,0.07399,0.2045,0.5291,1.304,3.061,5.011,6.902,9.4904
600.0,0.001469,0.005441,0.01825,0.05524,0.1574,0.417,1.051,2.518,4.166,5.78,8.0065
700.0,0.001018,0.003927,0.01362,0.04256,0.1248,0.3379,0.869,2.12,3.543,4.945,6.8909
800.0,7.289E-4,0.002917,0.01043,0.0336,0.1011,0.2796,0.7325,1.818,3.064,4.301,6.0281
1000.0,4.032E-4,0.001716,0.006517,0.02216,0.06995,0.2003,0.5416,1.386,2.374,3.367,4.766
1200.0,2.413E-4,0.00108,0.004314,0.0154,0.05072,0.15,0.4174,1.098,1.907,2.729,3.896
1500.0,1.0806E-4,5.2764E-4,0.0022819,0.0088285,0.03112,0.096842,0.28258,0.77653,1.3768,1.9963,2.8873
SA0P01
r\m,4.0,4.5,5.0,5.5,6.0,6.5,7.0,7.5,7.8,8.0,8.2
0.0,1.096,1.096,1.096,1.096,1.096,1.096,1.096,1.096,1.096,1.096,1.096
1.0,1.0144,1.0568,1.0836,1.094,1.094,1.094,1.094,1.094,1.094,1.094,1.094
5.0,0.3168,0.46386,0.62527,0.77829,0.89959,0.97672,1.0231,1.0461,1.0568,1.058,1.058
10.0,0.0971,0.16479,0.2652,0.40089,0.55714,0.70073,0.816,0.8988,0.93927,0.9597,0.97729
15.0,0.044107,0.078371,0.13429,0.22055,0.33967,0.47607,0.6112,0.7299,0.79446,0.8324,0.86997
20.0,0.02465,0.04472,0.07882,0.1345,0.2186,0.3281,0.4532,0.5801,0.6561,0.7036,0.75218
25.0,0.01503,0.02753,0.04913,0.08562,0.1438,0.2275,0.3339,0.4574,0.536,0.5879,0.64288
30.0,0.01015,0.01871,0.03363,0.05932,0.1014,0.1657,0.253,0.3636,0.4402,0.4933,0.55113
40.0,0.005593,0.01041,0.01895,0.03381,0.05892,0.0996,0.1605,0.2445,0.3069,0.3525,0.40343
50.0,0.003534,0.006637,0.01221,0.02195,0.03866,0.06662,0.1109,0.1751,0.2258,0.2644,0.30894
60.0,0.002584,0.004901,0.009084,0.01641,0.02903,0.0503,0.08439,0.1349,0.1755,0.2069,0.24329
70.0,0.00196,0.003757,0.007017,0.01274,0.02269,0.03965,0.06746,0.1103,0.1462,0.1749,0.20873
80.0,0.00175,0.003388,0.006373,0.01163,0.02077,0.03638,0.062,0.1017,0.135,0.1617,0.19328
90.0,0.001574,0.003079,0.005832,0.01068,0.01913,0.0336,0.05732,0.09427,0.1253,0.1502,0.17975
100.0,0.001426,0.002815,0.00537,0.009869,0.01773,0.03122,0.05331,0.08793,0.117,0.1404,0.16813
110.0,0.001299,0.002589,0.004973,0.009173,0.01653,0.02916,0.04984,0.08242,0.1097,0.1317,0.15784
120.0,0.00119,0.002394,0.004626,0.008563,0.01547,0.02737,0.04681,0.07757,0.1034,0.1241,0.14862
130.0,0.001091,0.002212,0.004301,0.007997,0.01448,0.02565,0.04389,0.07269,0.09678,0.1162,0.13938
140.0,9.633E-4,0.001971,0.003849,0.007202,0.01308,0.0232,0.03978,0.06606,0.08813,0.1059,0.12698
150.0,8.558E-4,0.001766,0.003468,0.006523,0.01188,0.02111,0.03627,0.06033,0.08069,0.09712,0.1167
175.0,6.514E-4,0.001372,0.002728,0.005203,0.009543,0.01702,0.02938,0.04909,0.06595,0.07966,0.096039
200.0,5.089E-4,0.001093,0.0022,0.004251,0.00785,0.01406,0.02438,0.04089,0.05513,0.06676,0.080729
250.0,3.189E-4,7.099E-4,0.001469,0.002896,0.005431,0.009835,0.01732,0.02934,0.03975,0.04828,0.058555
300.0,2.12E-4,4.882E-4,0.001037,0.002085,0.003968,0.007263,0.01296,0.02215,0.03013,0.0367,0.04463
350.0,1.469E-4,3.498E-4,7.629E-4,0.001562,0.003013,0.005576,0.01004,0.01734,0.02369,0.02895,0.035319
400.0,1.05E-4,2.58E-4,5.78E-4,0.001203,0.002353,0.0044,0.007985,0.01394,0.01913,0.02344,0.028682
450.0,7.641E-5,1.937E-4,4.452E-4,9.421E-4,0.001867,0.003529,0.006455,0.01139,0.01569,0.01929,0.023681
500.0,5.688E-5,1.485E-4,3.499E-4,7.525E-4,0.001511,0.002886,0.005318,0.009472,0.0131,0.01615,0.01987
600.0,3.329E-5,9.174E-5,2.26E-4,5.029E-4,0.001039,0.002022,0.00378,0.006821,0.009514,0.01179,0.014586
700.0,2.06E-5,5.967E-5,1.533E-4,3.524E-4,7.479E-4,0.001482,0.00281,0.005131,0.007209,0.008978,0.011164
800.0,1.331E-5,4.036E-5,1.078E-4,2.558E-4,5.572E-4,0.001124,0.00216,0.0039915,0.0056425,0.007055,0.0088109
1000.0,6.115E-6,2.015E-5,5.776E-5,1.461E-4,3.324E-4,6.949E-4,0.001371,0.0025875,0.0037025,0.0046645,0.0058673
1200.0,3.102E-6,1.097E-5,3.353E-5,8.983E-5,2.131E-4,4.61E-4,9.334E-4,0.0017955,0.0025975,0.0032955,0.0041732
1500.0,1.0336E-6,4.173E-6,1.428E-5,4.2406E-5,1.0896E-4,2.5084E-4,5.2955E-4,0.0010521,0.001552,0.0019926,0.0025532
SA0P02
r\m,4.0,4.5,5.0,5.5,6.0,6.5,7.0,7.5,7.8,8.0,8.2
0.0,1.612,1.612,1.612,1.612,1.612,1.612,1.612,1.612,1.612,1.612,1.612
1.0,1.4763,1.5455,1.586,1.609,1.609,1.609,1.609,1.609,1.609,1.609,1.609
5.0,0.44375,0.66284,0.90235,1.1307,1.3109,1.4264,1.4965,1.5336,1.5515,1.557,1.5571
10.0,0.13851,0.23678,0.38228,0.58036,0.80921,1.0217,1.194,1.3206,1.3831,1.416,1.4452
15.0,0.064355,0.1141,0.19488,0.32015,0.49356,0.69416,0.89518,1.0749,1.1737,1.232,1.2896
20.0,0.03666,0.06593,0.1153,0.1962,0.3185,0.4791,0.6646,0.8559,0.9716,1.044,1.1177
25.0,0.02282,0.04124,0.07292,0.1263,0.2116,0.335,0.4932,0.6779,0.7964,0.8745,0.95713
30.0,0.01564,0.02838,0.05045,0.08831,0.1504,0.2456,0.3755,0.5406,0.6555,0.7349,0.82123
40.0,0.008823,0.01607,0.02878,0.05086,0.08813,0.1485,0.2391,0.3641,0.4569,0.5245,0.60022
50.0,0.005651,0.01032,0.01861,0.03304,0.05776,0.0991,0.1645,0.2592,0.3339,0.3904,0.45506
60.0,0.004149,0.007606,0.01377,0.0245,0.04298,0.07406,0.1238,0.1973,0.2563,0.3017,0.35431
70.0,0.00314,0.005784,0.01051,0.01877,0.03309,0.05745,0.09734,0.1586,0.2097,0.2505,0.2987
80.0,0.002779,0.005145,0.009389,0.01682,0.0297,0.05166,0.08765,0.1431,0.1896,0.2267,0.27059
90.0,0.002468,0.004593,0.00842,0.01512,0.02675,0.04663,0.07916,0.1297,0.1719,0.2057,0.24573
100.0,0.002197,0.004114,0.007581,0.01365,0.02421,0.04229,0.07184,0.118,0.1566,0.1875,0.22412
110.0,0.001961,0.003698,0.006853,0.01238,0.02201,0.03853,0.0655,0.1078,0.1432,0.1716,0.20526
120.0,0.001756,0.003337,0.006222,0.01127,0.0201,0.03528,0.06003,0.09905,0.1316,0.1578,0.18871
130.0,0.001572,0.003011,0.005648,0.01028,0.01838,0.0323,0.05496,0.09067,0.1204,0.1443,0.17271
140.0,0.001355,0.002619,0.00494,0.00905,0.01623,0.02858,0.04874,0.0806,0.1073,0.1288,0.15424
150.0,0.001176,0.002292,0.004355,0.008023,0.01444,0.02547,0.04354,0.07216,0.09628,0.1157,0.13863
175.0,8.449E-4,0.001689,0.003258,0.006106,0.01109,0.01965,0.0338,0.05628,0.07547,0.09104,0.10964
200.0,6.273E-4,0.001287,0.002524,0.004806,0.008804,0.01569,0.02713,0.04539,0.06112,0.07393,0.089267
250.0,3.639E-4,7.841E-4,0.001595,0.003115,0.005813,0.01049,0.01844,0.0312,0.04224,0.0513,0.062197
300.0,2.306E-4,5.192E-4,0.00109,0.00218,0.004135,0.007555,0.01346,0.02298,0.03124,0.03804,0.046247
350.0,1.552E-4,3.637E-4,7.873E-4,0.001605,0.00309,0.00571,0.01027,0.01773,0.02422,0.02958,0.036062
400.0,1.089E-4,2.648E-4,5.896E-4,0.001224,0.002389,0.004464,0.008096,0.01413,0.01939,0.02375,0.029035
450.0,7.845E-5,1.972E-4,4.512E-4,9.525E-4,0.001886,0.003561,0.006511,0.01149,0.01582,0.01945,0.023862
500.0,5.801E-5,1.504E-4,3.532E-4,7.582E-4,0.001521,0.002903,0.005349,0.009526,0.01318,0.01624,0.019984
600.0,3.371E-5,9.248E-5,2.272E-4,5.05E-4,0.001043,0.002028,0.003791,0.006841,0.009543,0.01183,0.014652
700.0,2.078E-5,6.0E-5,1.538E-4,3.533E-4,7.495E-4,0.001485,0.002815,0.00514,0.007223,0.008995,0.011186
800.0,1.339E-5,4.052E-5,1.081E-4,2.562E-4,5.579E-4,0.001125,0.002162,0.003993,0.005648,0.007064,0.0088223
1000.0,6.139E-6,2.02E-5,5.783E-5,1.462E-4,3.326E-4,6.954E-4,0.001372,0.0025875,0.0037025,0.004665,0.0058692
1200.0,3.11E-6,1.099E-5,3.353E-5,8.987E-5,2.131E-4,4.612E-4,9.337E-4,0.0017955,0.0025975,0.0032955,0.0041732
1500.0,1.0336E-6,4.173E-6,1.428E-5,4.2406E-5,1.0896E-4,2.5084E-4,5.2955E-4,0.0010521,0.001552,0.0019926,0.0025532
SA0P025
r\m,4.0,4.5,5.0,5.5,6.0,6.5,7.0,7.5,7.8,8.0,8.2
0.0,1.725,1.725,1.725,1.725,1.725,1.725,1.725,1.725,1.725,1.725,1.725
1.0,1.565,1.6472,1.6939,1.7206,1.722,1.722,1.722,1.722,1.722,1.722,1.722
5.0,0.44947,0.6835,0.94276,1.1928,1.3912,1.5194,1.5973,1.6393,1.6603,1.668,1.6721
10.0,0.14174,0.24457,0.39769,0.60795,0.85306,1.0835,1.2718,1.4116,1.4819,1.519,1.5534
15.0,0.066917,0.11929,0.20439,0.33684,0.52106,0.73625,0.95375,1.1506,1.2605,1.326,1.3927
20.0,0.03864,0.06973,0.1221,0.208,0.3381,0.5101,0.7102,0.9189,1.047,1.128,1.2125
25.0,0.0243,0.04402,0.07791,0.135,0.2264,0.359,0.53,0.7316,0.862,0.9486,1.0406
30.0,0.01681,0.03054,0.05433,0.09509,0.1621,0.2648,0.4059,0.5864,0.7128,0.8007,0.89652
40.0,0.009622,0.01753,0.0314,0.05546,0.09611,0.1621,0.2614,0.3989,0.5015,0.5765,0.66073
50.0,0.006247,0.0114,0.02054,0.03644,0.0637,0.1093,0.1816,0.2866,0.3697,0.4326,0.50472
60.0,0.004643,0.008499,0.01535,0.02728,0.04782,0.08238,0.1378,0.2198,0.2858,0.3367,0.39566
70.0,0.003553,0.006526,0.01182,0.02107,0.03709,0.06436,0.1091,0.1778,0.2353,0.2812,0.33534
80.0,0.003176,0.005855,0.01064,0.01899,0.03349,0.05819,0.09871,0.1612,0.2136,0.2555,0.30487
90.0,0.002845,0.005263,0.009592,0.01716,0.03029,0.05272,0.08946,0.1465,0.1943,0.2325,0.2778
100.0,0.002551,0.00474,0.008671,0.01554,0.02747,0.0479,0.08131,0.1335,0.1771,0.2121,0.25352
110.0,0.002292,0.004277,0.007858,0.01411,0.025,0.04366,0.07414,0.122,0.162,0.1941,0.23236
120.0,0.002062,0.003869,0.007139,0.01285,0.02281,0.03992,0.06782,0.1118,0.1486,0.1781,0.21315
130.0,0.001852,0.003494,0.006476,0.0117,0.02081,0.03645,0.06192,0.102,0.1355,0.1623,0.19413
140.0,0.0016,0.003037,0.005653,0.01027,0.01831,0.03212,0.05469,0.09031,0.1202,0.1442,0.17287
150.0,0.001388,0.002654,0.004963,0.009063,0.01622,0.02849,0.0486,0.08042,0.1072,0.1289,0.1546
175.0,9.934E-4,0.001936,0.00367,0.006801,0.01227,0.02165,0.03714,0.06175,0.08274,0.09975,0.12004
200.0,7.294E-4,0.001453,0.002799,0.005268,0.009584,0.01701,0.02934,0.04899,0.06591,0.0797,0.09621
250.0,4.096E-4,8.571E-4,0.001714,0.003314,0.00615,0.01107,0.01941,0.0328,0.04438,0.05385,0.065251
300.0,2.511E-4,5.519E-4,0.001144,0.002271,0.004292,0.007824,0.01392,0.02375,0.03227,0.0393,0.047786
350.0,1.648E-4,3.793E-4,8.135E-4,0.00165,0.00317,0.00585,0.01051,0.01814,0.02476,0.03024,0.036887
400.0,1.136E-4,2.726E-4,6.031E-4,0.001247,0.002431,0.004538,0.008225,0.01435,0.01968,0.02411,0.02949
450.0,8.086E-5,2.012E-4,4.582E-4,9.648E-4,0.001908,0.0036,0.006578,0.0116,0.01598,0.01964,0.024099
500.0,5.93E-5,1.526E-4,3.57E-4,7.648E-4,0.001533,0.002924,0.005385,0.009589,0.01326,0.01634,0.020107
600.0,3.413E-5,9.322E-5,2.285E-4,5.072E-4,0.001046,0.002035,0.003803,0.006862,0.009571,0.01186,0.01468
700.0,2.095E-5,6.03E-5,1.543E-4,3.542E-4,7.51E-4,0.001488,0.00282,0.005149,0.007234,0.009009,0.011202
800.0,1.347E-5,4.067E-5,1.083E-4,2.567E-4,5.586E-4,0.001127,0.002165,0.003997,0.005654,0.007071,0.008829
1000.0,6.16E-6,2.024E-5,5.791E-5,1.463E-4,3.328E-4,6.958E-4,0.001373,0.0025875,0.003703,0.004667,0.0058711
1200.0,3.117E-6,1.1E-5,3.356E-5,8.991E-5,2.132E-4,4.613E-4,9.34E-4,0.0017955,0.0025975,0.0032955,0.0041732
1500.0,1.0336E-6,4.173E-6,1.428E-5,4.2406E-5,1.0896E-4,2.5084E-4,5.2955E-4,0.0010521,0.001552,0.0019926,0.0025532
SA0P03
r\m,4.0,4.5,5.0,5.5,6.0,6.5,7.0,7.5,7.8,8.0,8.2
0.0,1.779,1.779,1.779,1.779,1.779,1.779,1.779,1.779,1.779,1.781,1.783
1.0,1.5995,1.6925,1.7439,1.773,1.778,1.778,1.778,1.778,1.778,1.778,1.778
5.0,0.44127,0.68189,0.95147,1.2146,1.4249,1.5613,1.6444,1.6898,1.7124,1.723,1.7293
10.0,0.14048,0.24457,0.40013,0.61549,0.86893,1.1093,1.3072,1.4554,1.5303,1.572,1.6111
15.0,0.067227,0.12055,0.20717,0.34245,0.53165,0.75418,0.98089,1.188,1.3045,1.375,1.4461
20.0,0.03926,0.07117,0.1248,0.2129,0.3467,0.5244,0.7325,0.9514,1.087,1.174,1.265
25.0,0.02488,0.04526,0.08023,0.1392,0.2336,0.3712,0.5493,0.7606,0.8986,0.9908,1.0892
30.0,0.01733,0.03161,0.05631,0.09861,0.1682,0.2753,0.4227,0.6124,0.7461,0.8395,0.94155
40.0,0.01005,0.01836,0.03291,0.05815,0.1008,0.1701,0.2748,0.4203,0.5293,0.6092,0.69906
50.0,0.006597,0.01207,0.02174,0.03858,0.06746,0.1158,0.1926,0.3046,0.3933,0.4608,0.5384
60.0,0.004953,0.009082,0.0164,0.02914,0.05108,0.08802,0.1474,0.2354,0.3064,0.3612,0.42471
70.0,0.003828,0.007037,0.01273,0.02269,0.03993,0.0693,0.1175,0.1917,0.254,0.3037,0.36245
80.0,0.003454,0.006366,0.01155,0.0206,0.0363,0.06307,0.107,0.175,0.232,0.2776,0.33158
90.0,0.00312,0.005767,0.01049,0.01873,0.03304,0.05748,0.09754,0.1598,0.2121,0.2539,0.30331
100.0,0.002821,0.00523,0.009539,0.01705,0.03012,0.05248,0.08906,0.1463,0.1942,0.2326,0.27816
110.0,0.002553,0.004749,0.008689,0.01556,0.02752,0.04801,0.08149,0.1341,0.1781,0.2134,0.25531
120.0,0.002313,0.004318,0.007928,0.01422,0.02519,0.04402,0.07474,0.1232,0.1637,0.1963,0.23503
130.0,0.002089,0.003917,0.007216,0.01298,0.02302,0.04026,0.06832,0.1126,0.1494,0.179,0.21402
140.0,0.001815,0.003417,0.006313,0.01141,0.02028,0.0355,0.06036,0.09962,0.1325,0.159,0.1904
150.0,0.001582,0.002994,0.00555,0.01007,0.01795,0.03146,0.0536,0.08862,0.1181,0.1419,0.17011
175.0,0.001141,0.002189,0.004101,0.007536,0.01352,0.02379,0.04073,0.06763,0.09058,0.1092,0.13145
200.0,8.392E-4,0.001639,0.003109,0.005793,0.01047,0.01851,0.03186,0.05312,0.07143,0.08634,0.10418
250.0,4.664E-4,9.492E-4,0.001864,0.003565,0.006572,0.01178,0.02061,0.03477,0.047,0.05702,0.069064
300.0,2.795E-4,5.97E-4,0.001217,0.002392,0.004495,0.008168,0.0145,0.02472,0.03358,0.04087,0.049652
350.0,1.789E-4,4.016E-4,8.497E-4,0.001711,0.003274,0.006028,0.01082,0.01865,0.02545,0.03107,0.037877
400.0,1.208E-4,2.839E-4,6.221E-4,0.00128,0.002489,0.004638,0.008397,0.01464,0.02007,0.02458,0.030052
450.0,8.459E-5,2.073E-4,4.686E-4,9.83E-4,0.00194,0.003657,0.006678,0.01177,0.01621,0.01992,0.024451
500.0,6.132E-5,1.56E-4,3.628E-4,7.751E-4,0.001551,0.002956,0.005441,0.009686,0.0134,0.01651,0.020325
600.0,3.479E-5,9.436E-5,2.305E-4,5.106E-4,0.001052,0.002045,0.003822,0.006895,0.009616,0.01192,0.014766
700.0,2.12E-5,6.075E-5,1.551E-4,3.555E-4,7.533E-4,0.001492,0.002827,0.005161,0.007252,0.00903,0.011228
800.0,1.358E-5,4.087E-5,1.087E-4,2.573E-4,5.596E-4,0.001128,0.002168,0.004003,0.005662,0.007081,0.0088441
1000.0,6.188E-6,2.03E-5,5.801E-5,1.465E-4,3.331E-4,6.963E-4,0.001374,0.002589,0.003706,0.00467,0.0058768
1200.0,3.127E-6,1.103E-5,3.36E-5,8.998E-5,2.133E-4,4.615E-4,9.344E-4,0.0017955,0.0025975,0.0032955,0.0041732
1500.0,1.0336E-6,4.173E-6,1.428E-5,4.2406E-5,1.0896E-4,2.5084E-4,5.2955E-4,0.0010521,0.001552,0.0019926,0.0025532
SA0P04
r\m,4.0,4.5,5.0,5.5,6.0,6.5,7.0,7.5,7.8,8.0,8.2
0.0,1.791,1.791,1.791,1.791,1.791,1.791,1.791,1.791,1.794,1.803,1.811
1.0,1.5836,1.6927,1.751,1.7831,1.7919,1.7919,1.7919,1.7919,1.7949,1.801,1.8034
5.0,0.40959,0.65036,0.92572,1.1989,1.4196,1.5641,1.6523,1.7022,1.7289,1.746,1.7577
10.0,0.13251,0.23453,0.38816,0.60308,0.85926,1.106,1.3115,1.4681,1.5486,1.597,1.6425
15.0,0.064744,0.11757,0.20345,0.33809,0.52766,0.75336,0.98612,1.2024,1.3253,1.403,1.4827
20.0,0.03846,0.07048,0.1242,0.2125,0.347,0.5271,0.7402,0.9678,1.11,1.203,1.3006
25.0,0.02467,0.04533,0.08071,0.1403,0.2361,0.3762,0.5593,0.7785,0.9229,1.021,1.1263
30.0,0.01737,0.03196,0.0572,0.1003,0.1715,0.2812,0.4336,0.6308,0.771,0.8699,0.97828
40.0,0.01026,0.01891,0.03401,0.06019,0.1045,0.1766,0.286,0.4387,0.554,0.6392,0.73571
50.0,0.006852,0.01264,0.02283,0.04056,0.07097,0.1219,0.2032,0.3222,0.417,0.4894,0.57273
60.0,0.005223,0.009651,0.01746,0.03106,0.05447,0.09392,0.1575,0.2522,0.3289,0.3883,0.45732
70.0,0.004097,0.007585,0.01375,0.02451,0.04314,0.0749,0.1272,0.208,0.2759,0.3303,0.39484
80.0,0.00375,0.006957,0.01263,0.02254,0.03971,0.069,0.1172,0.192,0.2549,0.3053,0.36505
90.0,0.003436,0.006385,0.01161,0.02073,0.03655,0.06359,0.108,0.1773,0.2355,0.2822,0.33762
100.0,0.003149,0.005863,0.01068,0.01909,0.03368,0.05866,0.09961,0.1638,0.2177,0.2609,0.31221
110.0,0.002887,0.005387,0.009839,0.01759,0.03107,0.05417,0.09196,0.1515,0.2014,0.2415,0.28917
120.0,0.002648,0.004953,0.009067,0.01623,0.02869,0.05008,0.08502,0.1403,0.1865,0.2237,0.26794
130.0,0.002421,0.00454,0.008329,0.01493,0.02642,0.04612,0.07825,0.129,0.1713,0.2053,0.24561
140.0,0.002127,0.003998,0.007347,0.01321,0.02342,0.04091,0.06951,0.1148,0.1527,0.1833,0.21977
150.0,0.001875,0.003534,0.006506,0.01174,0.02084,0.03643,0.062,0.1025,0.1367,0.1642,0.19702
175.0,0.001383,0.002629,0.00487,0.008868,0.01581,0.02771,0.04735,0.07857,0.1052,0.1268,0.15256
200.0,0.001036,0.00199,0.003714,0.006832,0.01225,0.02154,0.03695,0.06153,0.08268,0.09988,0.12046
250.0,5.867E-4,0.001156,0.00221,0.004147,0.007554,0.01344,0.02341,0.03939,0.05319,0.06449,0.078079
300.0,3.498E-4,7.132E-4,0.001407,0.002706,0.005021,0.009052,0.016,0.02719,0.03689,0.04486,0.054446
350.0,2.188E-4,4.657E-4,9.525E-4,0.00188,0.003556,0.006502,0.01162,0.01999,0.02725,0.03326,0.040556
400.0,1.431E-4,3.192E-4,6.783E-4,0.001373,0.002645,0.004903,0.008849,0.0154,0.02109,0.02583,0.031581
450.0,9.692E-5,2.268E-4,5.0E-4,0.001036,0.00203,0.003813,0.006946,0.01223,0.01683,0.02066,0.025326
500.0,6.824E-5,1.671E-4,3.81E-4,8.062E-4,0.001606,0.003051,0.005606,0.00997,0.01378,0.01697,0.020849
600.0,3.713E-5,9.827E-5,2.371E-4,5.222E-4,0.001073,0.002082,0.003886,0.007005,0.009768,0.0121,0.014966
700.0,2.207E-5,6.228E-5,1.577E-4,3.6E-4,7.612E-4,0.001506,0.002852,0.005205,0.007312,0.009104,0.011318
800.0,1.394E-5,4.154E-5,1.098E-4,2.592E-4,5.63E-4,0.001134,0.002178,0.004021,0.005687,0.007112,0.0088793
1000.0,6.273E-6,2.047E-5,5.831E-5,1.47E-4,3.339E-4,6.979E-4,0.001377,0.002594,0.003713,0.004679,0.0058881
1200.0,3.153E-6,1.109E-5,3.37E-5,9.017E-5,2.136E-4,4.621E-4,9.354E-4,0.001797,0.0026,0.003298,0.0041756
1500.0,1.0336E-6,4.173E-6,1.428E-5,4.2406E-5,1.0896E-4,2.5084E-4,5.2955E-4,0.0010521,0.001552,0.0019926,0.0025532
SA0P05
r\m,4.0,4.5,5.0,5.5,6.0,6.5,7.0,7.5,7.8,8.0,8.2
0.0,1.75,1.75,1.75,1.75,1.75,1.75,1.75,1.75,1.758,1.773,1.7891
1.0,1.5231,1.6443,1.7065,1.7407,1.7516,1.7516,1.7516,1.7516,1.7598,1.771,1.7795
5.0,0.37395,0.60851,0.87977,1.1532,1.3758,1.5228,1.6126,1.6639,1.6964,1.718,1.7347
10.0,0.12248,0.2205,0.3683,0.57705,0.82821,1.0732,1.2787,1.4369,1.522,1.574,1.6234
15.0,0.06075,0.11191,0.19483,0.32541,0.51013,0.73215,0.96312,1.1801,1.3061,1.386,1.4675
20.0,0.03653,0.06783,0.1201,0.2062,0.3376,0.5147,0.7258,0.9536,1.098,1.192,1.2896
25.0,0.02365,0.04397,0.07871,0.1372,0.2313,0.3696,0.5513,0.7706,0.9162,1.015,1.1213
30.0,0.01677,0.03123,0.05618,0.09876,0.1691,0.278,0.4297,0.6275,0.7686,0.8686,0.97843
40.0,0.01004,0.01871,0.03382,0.05997,0.1043,0.1765,0.2864,0.4405,0.5572,0.6438,0.74172
50.0,0.006786,0.01266,0.02295,0.04087,0.0716,0.1232,0.2056,0.3266,0.4233,0.4974,0.58309
60.0,0.005228,0.009766,0.01773,0.03161,0.05551,0.09582,0.1609,0.258,0.3369,0.3983,0.4699
70.0,0.004144,0.007754,0.0141,0.02519,0.04439,0.07714,0.1311,0.2147,0.2852,0.3418,0.4089
80.0,0.003834,0.007183,0.01308,0.02339,0.04124,0.07172,0.122,0.1999,0.2658,0.3187,0.38147
90.0,0.003547,0.006657,0.01214,0.02171,0.03831,0.06669,0.1134,0.1862,0.2477,0.2971,0.35577
100.0,0.003283,0.006172,0.01128,0.02017,0.03562,0.06205,0.1054,0.1735,0.2308,0.277,0.33205
110.0,0.00304,0.005724,0.01048,0.01875,0.03313,0.05777,0.09814,0.1618,0.2152,0.2583,0.30942
120.0,0.002816,0.00531,0.009741,0.01744,0.03083,0.05382,0.0914,0.1509,0.2008,0.241,0.28868
130.0,0.002599,0.004911,0.009022,0.01617,0.02861,0.04993,0.08472,0.1397,0.1857,0.2227,0.26671
140.0,0.002305,0.004363,0.008023,0.01442,0.02554,0.04458,0.07575,0.1251,0.1666,0.2001,0.24003
150.0,0.00205,0.003888,0.007158,0.0129,0.02287,0.03995,0.06797,0.1124,0.1499,0.1803,0.2166
175.0,0.001546,0.002948,0.005449,0.009889,0.01759,0.03077,0.05254,0.08716,0.1167,0.1407,0.16921
200.0,0.001181,0.002268,0.004212,0.007703,0.01376,0.02412,0.04132,0.06876,0.09241,0.1117,0.13475
250.0,6.909E-4,0.001348,0.002544,0.004722,0.008537,0.01511,0.02624,0.04408,0.0595,0.07212,0.087275
300.0,4.205E-4,8.389E-4,0.001619,0.003064,0.005625,0.01007,0.01772,0.03005,0.04073,0.04951,0.060065
350.0,2.65E-4,5.449E-4,0.001083,0.002096,0.003915,0.007104,0.01264,0.02168,0.02953,0.03601,0.043857
400.0,1.724E-4,3.678E-4,7.566E-4,0.0015,0.002856,0.005256,0.009444,0.0164,0.02244,0.02746,0.033558
450.0,1.15E-4,2.56E-4,5.465E-4,0.001111,0.002155,0.004022,0.0073,0.01282,0.01763,0.02165,0.026551
500.0,7.928E-5,1.846E-4,4.088E-4,8.515E-4,0.001682,0.00318,0.005827,0.01034,0.01429,0.01759,0.021637
600.0,4.123E-5,1.048E-4,2.477E-4,5.402E-4,0.001104,0.002136,0.00398,0.00717,0.009993,0.01238,0.015317
700.0,2.366E-5,6.491E-5,1.622E-4,3.678E-4,7.748E-4,0.00153,0.002894,0.005278,0.007413,0.00923,0.011475
800.0,1.46E-5,4.268E-5,1.118E-4,2.627E-4,5.69E-4,0.001145,0.002197,0.004054,0.005733,0.007169,0.0089505
1000.0,6.415E-6,2.074E-5,5.88E-5,1.479E-4,3.354E-4,7.004E-4,0.001381,0.002602,0.003724,0.004692,0.0059033
1200.0,3.194E-6,1.117E-5,3.387E-5,9.045E-5,2.141E-4,4.63E-4,9.369E-4,0.001799,0.002603,0.003303,0.0041832
1500.0,1.0336E-6,4.173E-6,1.428E-5,4.2406E-5,1.0896E-4,2.5084E-4,5.2955E-4,0.0010521,0.001552,0.0019926,0.0025532
SA0P075
r\m,4.0,4.5,5.0,5.5,6.0,6.5,7.0,7.5,7.8,8.0,8.2
0.0,1.3985,1.598,1.598,1.598,1.598,1.598,1.598,1.598,1.614,1.636,1.6582
1.0,1.2029,1.4814,1.5501,1.5867,1.6002,1.6002,1.6002,1.6002,1.6159,1.634,1.6483
5.0,0.29107,0.50958,0.76203,1.0224,1.2373,1.3816,1.4696,1.521,1.559,1.587,1.61
10.0,0.098684,0.18622,0.31828,0.50709,0.73764,0.96772,1.1633,1.3163,1.4022,1.458,1.512
15.0,0.050293,0.096471,0.171,0.28885,0.45668,0.66196,0.87862,1.0858,1.2086,1.289,1.3719
20.0,0.03087,0.05954,0.1071,0.1855,0.3054,0.469,0.6664,0.883,1.022,1.115,1.213
25.0,0.0203,0.03915,0.07117,0.1249,0.2116,0.34,0.5105,0.7186,0.8588,0.9551,1.0593
30.0,0.01458,0.02812,0.05139,0.0909,0.1563,0.2581,0.4013,0.5896,0.7254,0.8225,0.92977
40.0,0.008911,0.01721,0.03155,0.0563,0.09826,0.1669,0.2719,0.4204,0.5336,0.618,0.71389
50.0,0.006138,0.01186,0.0218,0.03907,0.06869,0.1185,0.1984,0.3165,0.4113,0.4843,0.56875
60.0,0.004807,0.0093,0.0171,0.0307,0.05409,0.0936,0.1576,0.2538,0.3322,0.3934,0.46486
70.0,0.003873,0.007503,0.01382,0.02485,0.04393,0.07652,0.1304,0.2143,0.2853,0.3425,0.41063
80.0,0.00364,0.007063,0.01302,0.02343,0.04144,0.07223,0.1232,0.2026,0.2698,0.324,0.38846
90.0,0.003422,0.006648,0.01228,0.02208,0.03908,0.06817,0.1162,0.1914,0.255,0.3063,0.36733
100.0,0.003217,0.006258,0.01158,0.02082,0.03687,0.06436,0.1096,0.1809,0.241,0.2895,0.34707
110.0,0.003026,0.005893,0.01092,0.01964,0.03479,0.06078,0.1035,0.171,0.2278,0.2737,0.32832
120.0,0.002846,0.00555,0.0103,0.01853,0.03284,0.05741,0.09769,0.1617,0.2155,0.2588,0.31043
130.0,0.002668,0.00521,0.009677,0.01743,0.0309,0.05399,0.09176,0.1516,0.2018,0.2423,0.29047
140.0,0.002403,0.004697,0.00873,0.01575,0.02795,0.04884,0.08311,0.1375,0.1833,0.2203,0.26411
150.0,0.00217,0.004247,0.007899,0.01428,0.02536,0.04432,0.0755,0.1251,0.167,0.2009,0.24133
175.0,0.001699,0.003337,0.006218,0.0113,0.0201,0.03515,0.06005,0.09971,0.1336,0.1612,0.19411
200.0,0.001346,0.002653,0.004957,0.009052,0.01613,0.02825,0.04839,0.08052,0.1083,0.1309,0.15812
250.0,8.432E-4,0.001674,0.003153,0.005805,0.01043,0.01836,0.03179,0.05333,0.07195,0.08721,0.10556
300.0,5.451E-4,0.001093,0.002079,0.003867,0.007009,0.01244,0.02175,0.03676,0.04976,0.06047,0.073363
350.0,3.609E-4,7.327E-4,0.001415,0.002664,0.00488,0.008738,0.01541,0.02631,0.03576,0.04357,0.053011
400.0,2.433E-4,5.022E-4,9.88E-4,0.001888,0.003506,0.006348,0.01129,0.01948,0.0266,0.03251,0.039698
450.0,1.659E-4,3.494E-4,7.03E-4,0.001369,0.002582,0.004735,0.008499,0.01484,0.02035,0.02495,0.030543
500.0,1.151E-4,2.484E-4,5.134E-4,0.001021,0.00196,0.003644,0.006605,0.01166,0.01606,0.01975,0.02426
600.0,5.832E-5,1.337E-4,2.938E-4,6.14E-4,0.001225,0.00234,0.004325,0.007755,0.01079,0.01335,0.016495
700.0,3.158E-5,7.793E-5,1.828E-4,4.014E-4,8.313E-4,0.001627,0.003061,0.005567,0.007809,0.009714,0.012066
800.0,1.824E-5,4.868E-5,1.216E-4,2.79E-4,5.97E-4,0.001194,0.002283,0.004204,0.00594,0.007424,0.0092639
1000.0,7.239E-6,2.22E-5,6.132E-5,1.522E-4,3.429E-4,7.137E-4,0.001405,0.002643,0.003781,0.004764,0.0059945
1200.0,3.412E-6,1.16E-5,3.465E-5,9.182E-5,2.164E-4,4.671E-4,9.441E-4,0.001812,0.002621,0.003325,0.0042126
1500.0,1.0336E-6,4.173E-6,1.428E-5,4.2406E-5,1.0896E-4,2.5084E-4,5.2955E-4,0.0010521,0.001552,0.0019926,0.0025532
SA0P1
r\m,4.0,4.5,5.0,5.5,6.0,6.5,7.0,7.5,7.8,8.0,8.2
0.0,1.0863,1.452,1.452,1.452,1.452,1.452,1.452,1.452,1.474,1.5,1.5263
1.0,0.93293,1.3294,1.4013,1.4389,1.4545,1.4545,1.4545,1.4545,1.4763,1.498,1.516
5.0,0.2295,0.43153,0.66433,0.90817,1.1117,1.2498,1.3337,1.3834,1.4253,1.456,1.4824
10.0,0.079855,0.15854,0.27701,0.44778,0.65847,0.87199,1.0549,1.1993,1.284,1.339,1.3924
15.0,0.041424,0.083203,0.15031,0.25674,0.40906,0.59758,0.79829,0.99233,1.1096,1.187,1.2675
20.0,0.02576,0.05194,0.0951,0.1663,0.2754,0.4255,0.608,0.8104,0.9417,1.03,1.1238
25.0,0.01712,0.03448,0.06384,0.113,0.1923,0.3103,0.4682,0.6624,0.7941,0.8854,0.9844
30.0,0.01239,0.02495,0.04647,0.08278,0.143,0.2369,0.3701,0.5457,0.6736,0.7654,0.86714
40.0,0.007673,0.01547,0.02887,0.0519,0.09095,0.1549,0.2532,0.3928,0.4998,0.5799,0.67125
50.0,0.005346,0.01078,0.02016,0.03641,0.06427,0.1111,0.1866,0.2985,0.3886,0.4583,0.539
60.0,0.004226,0.008537,0.01597,0.02889,0.05108,0.0886,0.1496,0.2414,0.3166,0.3754,0.44396
70.0,0.003437,0.006953,0.01302,0.02359,0.04186,0.07309,0.1249,0.2057,0.2743,0.3297,0.39557
80.0,0.003262,0.006606,0.01238,0.02245,0.03985,0.06962,0.119,0.1962,0.2617,0.3146,0.37749
90.0,0.003094,0.006274,0.01178,0.02135,0.03793,0.0663,0.1132,0.187,0.2495,0.3,0.36016
100.0,0.002936,0.005961,0.01121,0.02032,0.03611,0.06315,0.1078,0.1783,0.2379,0.2861,0.34351
110.0,0.002786,0.005663,0.01067,0.01934,0.03438,0.06017,0.1026,0.17,0.2268,0.2728,0.32771
120.0,0.002644,0.005382,0.01015,0.01841,0.03274,0.05733,0.09775,0.1621,0.2163,0.2602,0.31258
130.0,0.002502,0.005098,0.009627,0.01746,0.03107,0.05438,0.0926,0.1534,0.2044,0.2456,0.29472
140.0,0.002274,0.004638,0.008764,0.01593,0.02834,0.04962,0.08459,0.1402,0.1872,0.2252,0.27045
150.0,0.002073,0.004232,0.008001,0.01456,0.02593,0.04541,0.07748,0.1286,0.1719,0.207,0.24883
175.0,0.001661,0.0034,0.006438,0.01176,0.02098,0.03675,0.06287,0.1046,0.1403,0.1694,0.20418
200.0,0.001346,0.002763,0.005242,0.009619,0.01718,0.03011,0.05162,0.08601,0.1158,0.14,0.16906
250.0,8.817E-4,0.001819,0.003471,0.006405,0.01151,0.02026,0.03506,0.05886,0.07945,0.09633,0.11662
300.0,5.949E-4,0.001235,0.002371,0.004406,0.007964,0.01409,0.02461,0.04158,0.05629,0.06839,0.082973
350.0,4.103E-4,8.584E-4,0.001662,0.003111,0.005664,0.01009,0.01773,0.03021,0.04104,0.04998,0.060787
400.0,2.874E-4,6.069E-4,0.001188,0.002244,0.004119,0.007394,0.01307,0.02249,0.03066,0.03745,0.045677
450.0,2.029E-4,4.33E-4,8.59E-4,0.00164,0.003043,0.005514,0.009821,0.01706,0.02336,0.02861,0.034991
500.0,1.451E-4,3.137E-4,6.32E-4,0.001223,0.002298,0.004211,0.007561,0.01327,0.01824,0.0224,0.02749
600.0,7.688E-5,1.714E-4,3.59E-4,7.208E-4,0.0014,0.002628,0.004807,0.008566,0.01188,0.01469,0.018139
700.0,4.242E-5,9.867E-5,2.172E-4,4.562E-4,9.198E-4,0.001773,0.003305,0.005979,0.008366,0.0104,0.012911
800.0,2.434E-5,5.978E-5,1.394E-4,3.072E-4,6.428E-4,0.001271,0.002413,0.004426,0.006244,0.007797,0.0097235
1000.0,9.036E-6,2.531E-5,6.636E-5,1.605E-4,3.57E-4,7.383E-4,0.001447,0.002718,0.003886,0.004893,0.006154
1200.0,3.933E-6,1.254E-5,3.627E-5,9.462E-5,2.213E-4,4.756E-4,9.591E-4,0.001838,0.002658,0.003371,0.0042677
1500.0,1.0336E-6,4.173E-6,1.428E-5,4.2406E-5,1.0896E-4,2.5084E-4,5.2955E-4,9.6014E-4,0.001552,0.0019926,0.0025532
SA0P15
r\m,4.0,4.5,5.0,5.5,6.0,6.5,7.0,7.5,7.8,8.0,8.2
0.0,0.6759,1.0815,1.219,1.219,1.219,1.219,1.222,1.229,1.257,1.285,1.3155
1.0,0.58236,0.98335,1.1664,1.2046,1.2195,1.2241,1.2269,1.2316,1.2593,1.283,1.305
5.0,0.14918,0.31448,0.52335,0.73866,0.91963,1.0443,1.1217,1.1723,1.2165,1.247,1.2742
10.0,0.053768,0.11821,0.21779,0.36176,0.54096,0.72657,0.88779,1.0184,1.0978,1.15,1.2024
15.0,0.028524,0.063289,0.11971,0.2093,0.33785,0.49976,0.67437,0.84597,0.95166,1.022,1.096
20.0,0.01803,0.04013,0.07674,0.1371,0.2295,0.3583,0.5166,0.6944,0.811,0.8901,0.97446
25.0,0.01215,0.02699,0.05225,0.09419,0.1619,0.2634,0.4005,0.5705,0.6871,0.7686,0.85743
30.0,0.008884,0.01973,0.03843,0.06965,0.1214,0.2025,0.3186,0.4728,0.5857,0.6674,0.75835
40.0,0.005591,0.01243,0.02424,0.04436,0.0784,0.1342,0.2206,0.3439,0.439,0.5105,0.59215
50.0,0.003948,0.008791,0.01715,0.03154,0.05613,0.0975,0.1644,0.2642,0.3449,0.4075,0.48043
60.0,0.003156,0.007034,0.01373,0.02529,0.04509,0.07856,0.1332,0.2159,0.2838,0.3372,0.39974
70.0,0.002594,0.005791,0.01131,0.02088,0.03735,0.0655,0.1124,0.1859,0.2484,0.2991,0.35955
80.0,0.002488,0.005561,0.01087,0.02007,0.03593,0.06305,0.1082,0.179,0.2394,0.2883,0.3467
90.0,0.002385,0.005337,0.01045,0.0193,0.03456,0.06068,0.104,0.1725,0.2306,0.2778,0.33414
100.0,0.002287,0.005123,0.01005,0.01856,0.03325,0.05841,0.1001,0.1661,0.2221,0.2676,0.32187
110.0,0.002192,0.004918,0.009664,0.01785,0.03199,0.05623,0.09627,0.16,0.214,0.2578,0.31025
120.0,0.002102,0.004722,0.009294,0.01716,0.03078,0.05413,0.09263,0.1542,0.2061,0.2483,0.29866
130.0,0.00201,0.00452,0.008906,0.01646,0.02952,0.05188,0.08866,0.1473,0.1967,0.2367,0.28424
140.0,0.001847,0.004156,0.008196,0.01517,0.02721,0.04783,0.08182,0.1361,0.182,0.2193,0.26393
150.0,0.001702,0.003833,0.007563,0.01401,0.02515,0.04422,0.0757,0.126,0.1688,0.2036,0.24527
175.0,0.0014,0.003161,0.006249,0.01161,0.02087,0.0367,0.06298,0.105,0.1412,0.1707,0.20597
200.0,0.001165,0.002637,0.005222,0.009735,0.01752,0.03081,0.05297,0.08849,0.1193,0.1445,0.17475
250.0,8.049E-4,0.00183,0.003637,0.00681,0.01231,0.02172,0.03766,0.06335,0.08563,0.1039,0.12584
300.0,5.723E-4,0.001307,0.002608,0.004905,0.008904,0.01577,0.02754,0.0466,0.06314,0.07677,0.093214
350.0,4.154E-4,9.536E-4,0.001913,0.003612,0.006583,0.01171,0.02055,0.03502,0.04758,0.05799,0.070564
400.0,3.06E-4,7.064E-4,0.001425,0.002703,0.004947,0.008842,0.01558,0.02676,0.03648,0.04455,0.054334
450.0,2.268E-4,5.267E-4,0.00107,0.002039,0.003751,0.006743,0.01194,0.02067,0.02827,0.0346,0.04228
500.0,1.701E-4,3.975E-4,8.128E-4,0.001559,0.002886,0.005221,0.00929,0.01622,0.02225,0.02729,0.033421
600.0,9.836E-5,2.326E-4,4.838E-4,9.439E-4,0.001781,0.003271,0.005894,0.01041,0.01438,0.01774,0.021863
700.0,5.856E-5,1.406E-4,2.988E-4,5.967E-4,0.001153,0.00216,0.003953,0.007067,0.009845,0.0122,0.015089
800.0,3.568E-5,8.732E-5,1.907E-4,3.927E-4,7.819E-4,0.001498,0.00279,0.005059,0.007103,0.008848,0.011007
1000.0,1.405E-5,3.63E-5,8.538E-5,1.91E-4,4.057E-4,8.181E-4,0.001581,0.002945,0.004195,0.005275,0.0066221
1200.0,5.963E-6,1.668E-5,4.321E-5,1.058E-4,2.396E-4,5.065E-4,0.001012,0.001931,0.002786,0.00353,0.0044642
1500.0,1.566E-6,4.7395E-6,1.428E-5,4.2406E-5,1.0896E-4,2.5084E-4,5.2955E-4,8.909E-4,0.001552,0.0019926,0.0025532
SA0P2
r\m,4.0,4.5,5.0,5.5,6.0,6.5,7.0,7.5,7.8,8.0,8.2
0.0,0.43902,0.79468,1.046,1.046,1.046,1.046,1.055,1.072,1.102,1.13,1.1585
1.0,0.38044,0.72356,0.99326,1.0308,1.0454,1.0503,1.0594,1.0745,1.1042,1.129,1.1512
5.0,0.10133,0.23661,0.42692,0.61971,0.78262,0.89548,0.96942,1.0234,1.0673,1.098,1.1253
10.0,0.0374,0.090891,0.17745,0.30254,0.45943,0.62395,0.76922,0.89042,0.9643,1.013,1.0611
15.0,0.020124,0.049363,0.09839,0.17619,0.2883,0.43106,0.58662,0.74151,0.83761,0.9022,0.97017
20.0,0.01285,0.03163,0.06362,0.1163,0.1971,0.3107,0.4514,0.6106,0.7157,0.7874,0.86397
25.0,0.008741,0.02148,0.04376,0.08064,0.1401,0.2295,0.3514,0.5032,0.608,0.6816,0.76209
30.0,0.006431,0.0158,0.03242,0.06001,0.1057,0.1774,0.2807,0.4185,0.5199,0.5936,0.67587
40.0,0.004087,0.01006,0.02065,0.03861,0.06891,0.1186,0.1958,0.3064,0.392,0.4567,0.53061
50.0,0.00291,0.007178,0.01472,0.02769,0.04974,0.0868,0.1469,0.2368,0.3098,0.3666,0.4328
60.0,0.00234,0.00578,0.01186,0.02234,0.0402,0.07037,0.1197,0.1947,0.2564,0.3051,0.36225
70.0,0.001936,0.004787,0.009834,0.01855,0.0335,0.05902,0.1016,0.1686,0.2258,0.2722,0.32765
80.0,0.001869,0.004625,0.009507,0.01794,0.03243,0.05716,0.09844,0.1634,0.2188,0.264,0.31785
90.0,0.001802,0.004465,0.00919,0.01736,0.03138,0.05535,0.09524,0.1584,0.2121,0.2558,0.30805
100.0,0.001737,0.004311,0.008896,0.01679,0.0309,0.0536,0.09216,0.1535,0.2056,0.2479,0.29854
110.0,0.001676,0.004164,0.008605,0.01625,0.0294,0.05191,0.08919,0.1487,0.1992,0.2402,0.28922
120.0,0.001617,0.004021,0.008325,0.01572,0.02847,0.05028,0.08633,0.1441,0.193,0.2328,0.28046
130.0,0.001555,0.003872,0.008026,0.01517,0.02746,0.04849,0.08312,0.1385,0.1853,0.2233,0.2686
140.0,0.001438,0.003583,0.007433,0.01406,0.02547,0.04497,0.07718,0.1287,0.1725,0.208,0.25033
150.0,0.001333,0.003324,0.006902,0.01307,0.02369,0.04183,0.07185,0.1199,0.1609,0.1943,0.23414
175.0,0.001114,0.002784,0.005793,0.011,0.01996,0.03524,0.06067,0.1014,0.1366,0.1653,0.19967
200.0,9.41E-4,0.002358,0.004917,0.00936,0.017,0.03003,0.05178,0.08672,0.1171,0.1419,0.1717
250.0,6.705E-4,0.001688,0.003531,0.006748,0.0123,0.0218,0.03788,0.06387,0.08645,0.105,0.1273
300.0,4.915E-4,0.001242,0.002609,0.005003,0.009158,0.01627,0.02847,0.04826,0.06546,0.07967,0.096821
350.0,3.678E-4,9.342E-4,0.001969,0.003789,0.006956,0.0124,0.02178,0.03718,0.05057,0.06167,0.075085
400.0,2.792E-4,7.127E-4,0.001509,0.002912,0.005361,0.009595,0.0169,0.02907,0.03964,0.04844,0.059112
450.0,2.133E-4,5.47E-4,0.001163,0.002253,0.004161,0.007479,0.01322,0.0229,0.03132,0.03835,0.046896
500.0,1.647E-4,4.245E-4,9.073E-4,0.001763,0.00327,0.005903,0.01048,0.01827,0.02505,0.03073,0.037657
600.0,1.009E-4,2.623E-4,5.664E-4,0.001112,0.002086,0.003804,0.006812,0.01198,0.01654,0.02038,0.025084
700.0,6.35E-5,1.666E-4,3.64E-4,7.237E-4,0.001378,0.002546,0.004609,0.008184,0.01137,0.01407,0.017379
800.0,4.081E-5,1.081E-4,2.396E-4,4.844E-4,9.402E-4,0.001765,0.003237,0.005812,0.008129,0.01011,0.012564
1000.0,1.767E-5,4.796E-5,1.103E-4,2.348E-4,4.773E-4,9.344E-4,0.001772,0.003263,0.004628,0.005804,0.0072697
1200.0,8.045E-6,2.26E-5,5.486E-5,1.253E-4,2.704E-4,5.561E-4,0.001094,0.002067,0.002972,0.003759,0.0047471
1500.0,2.4341E-6,7.0894E-6,1.819E-5,4.4597E-5,1.0896E-4,2.5084E-4,5.2955E-4,9.0613E-4,0.001552,0.0019926,0.0025532
SA0P25
r\m,4.0,4.5,5.0,5.5,6.0,6.5,7.0,7.5,7.8,8.0,8.2
0.0,0.29567,0.5986,0.8794,0.9144,0.9144,0.916,0.9327,0.9563,0.9871,1.015,1.0436
1.0,0.25795,0.54627,0.83201,0.8994,0.91307,0.91988,0.93662,0.95859,0.98906,1.014,1.0366
5.0,0.071275,0.18275,0.35281,0.53265,0.68061,0.78473,0.85756,0.91326,0.95613,0.9862,1.0129
10.0,0.026788,0.071416,0.14758,0.25959,0.39952,0.54823,0.68179,0.79542,0.86451,0.9109,0.95711
15.0,0.014561,0.039199,0.082509,0.15197,0.25177,0.3803,0.52148,0.66353,0.75191,0.8119,0.87503
20.0,0.009364,0.02531,0.05373,0.1009,0.173,0.2753,0.4026,0.5476,0.6436,0.7097,0.78038
25.0,0.006408,0.01731,0.03726,0.07039,0.1237,0.2042,0.3145,0.4523,0.548,0.6154,0.68924
30.0,0.004736,0.01279,0.02776,0.05265,0.09378,0.1583,0.2519,0.3771,0.4695,0.5369,0.61219
40.0,0.00303,0.008212,0.01782,0.03413,0.06158,0.1065,0.1767,0.2773,0.3555,0.4147,0.48265
50.0,0.00217,0.005893,0.01277,0.02463,0.04471,0.0784,0.1332,0.2153,0.2821,0.3342,0.39501
60.0,0.001752,0.004764,0.01033,0.01995,0.03628,0.06382,0.109,0.1777,0.2344,0.2792,0.33184
70.0,0.001456,0.003962,0.008599,0.01663,0.03035,0.05375,0.09288,0.1545,0.2072,0.2501,0.30146
80.0,0.001411,0.003844,0.008346,0.01615,0.0295,0.05226,0.09031,0.1503,0.2016,0.2434,0.29338
90.0,0.001366,0.003725,0.008105,0.01569,0.02867,0.05081,0.08773,0.1463,0.1962,0.2369,0.28576
100.0,0.001322,0.003611,0.007871,0.01525,0.02786,0.04941,0.08523,0.1423,0.1909,0.2304,0.2776
110.0,0.00128,0.003501,0.007644,0.0148,0.02708,0.04804,0.08281,0.1385,0.1857,0.2242,0.27027
120.0,0.00124,0.003394,0.007424,0.01438,0.02632,0.04672,0.08048,0.1347,0.1807,0.2181,0.26277
130.0,0.001197,0.003282,0.007188,0.01393,0.0255,0.04523,0.0778,0.13,0.1742,0.21,0.2528
140.0,0.001111,0.003049,0.006685,0.01297,0.02375,0.04213,0.07254,0.1213,0.1628,0.1965,0.2368
150.0,0.001035,0.00284,0.006235,0.01211,0.02217,0.03935,0.0678,0.1135,0.1525,0.1843,0.22259
175.0,8.735E-4,0.002403,0.005288,0.01029,0.01887,0.03349,0.05783,0.09693,0.1307,0.1583,0.19157
200.0,7.457E-4,0.002056,0.004535,0.008846,0.01624,0.02882,0.04986,0.08368,0.1131,0.1373,0.16645
250.0,5.424E-4,0.001502,0.003325,0.00651,0.012,0.02135,0.0372,0.06286,0.08518,0.1036,0.12584
300.0,4.059E-4,0.001129,0.002507,0.004925,0.009107,0.01625,0.02849,0.04839,0.06573,0.08005,0.097349
350.0,3.099E-4,8.663E-4,0.00193,0.003803,0.007051,0.01262,0.0222,0.03798,0.05169,0.06307,0.07684
400.0,2.401E-4,6.743E-4,0.001508,0.002979,0.005535,0.00994,0.01754,0.0302,0.04121,0.05037,0.061486
450.0,1.871E-4,5.279E-4,0.001185,0.002348,0.004373,0.00788,0.01394,0.02417,0.03308,0.04051,0.049546
500.0,1.474E-4,4.178E-4,9.418E-4,0.001871,0.003494,0.006319,0.01121,0.01956,0.02683,0.03293,0.040373
600.0,9.394E-5,2.682E-4,6.097E-4,0.001219,0.002297,0.004186,0.007481,0.01314,0.01813,0.02234,0.027487
700.0,6.146E-5,1.767E-4,4.053E-4,8.173E-4,0.001556,0.002861,0.005155,0.009124,0.01266,0.01566,0.019344
800.0,4.102E-5,1.188E-4,2.75E-4,5.605E-4,0.00108,0.002009,0.003656,0.006526,0.009107,0.01131,0.014043
1000.0,1.911E-5,5.622E-5,1.329E-4,2.798E-4,5.56E-4,0.001066,0.001992,0.003631,0.005129,0.006418,0.0080209
1200.0,9.303E-6,2.789E-5,6.788E-5,1.497E-4,3.109E-4,6.217E-4,0.001201,0.002244,0.003212,0.004052,0.005105
1500.0,3.1394E-6,9.6311E-6,2.4216E-5,5.583E-5,1.2143E-4,2.5406E-4,5.2955E-4,9.7701E-4,0.001552,0.0019926,0.0025532
SA0P3
r\m,4.0,4.5,5.0,5.5,6.0,6.5,7.0,7.5,7.8,8.0,8.2
0.0,0.20748,0.45983,0.7246,0.8046,0.8095,0.8152,0.8384,0.8665,0.8977,0.9249,0.95313
1.0,0.18191,0.42067,0.68567,0.79004,0.80784,0.81872,0.84182,0.8687,0.89958,0.9238,0.94604
5.0,0.051697,0.14383,0.2941,0.46366,0.60098,0.69914,0.77116,0.8279,0.86985,0.8989,0.92535
10.0,0.019695,0.056999,0.12452,0.22616,0.35334,0.48987,0.61416,0.72169,0.787,0.8307,0.87467
15.0,0.010787,0.031546,0.070181,0.13306,0.22359,0.34107,0.47089,0.60287,0.68521,0.7412,0.80057
20.0,0.006974,0.02049,0.04598,0.08878,0.1543,0.2478,0.3645,0.4984,0.5873,0.6486,0.71442
25.0,0.004797,0.01409,0.0321,0.06232,0.1109,0.1844,0.2855,0.4123,0.5007,0.5632,0.63167
30.0,0.003556,0.01045,0.02402,0.04679,0.08437,0.1434,0.2293,0.3444,0.4297,0.492,0.56186
40.0,0.002287,0.00675,0.01551,0.03053,0.05573,0.09696,0.1614,0.2542,0.3264,0.3811,0.44343
50.0,0.001644,0.004867,0.01117,0.02213,0.04065,0.07165,0.1221,0.198,0.2597,0.308,0.36431
60.0,0.001332,0.003946,0.009057,0.01798,0.03308,0.05849,0.1002,0.1639,0.2164,0.258,0.30678
70.0,0.00111,0.003292,0.00756,0.01503,0.02775,0.0494,0.08567,0.1429,0.1918,0.2318,0.27975
80.0,0.001079,0.003203,0.007358,0.01464,0.02705,0.04817,0.08354,0.1394,0.1873,0.2263,0.2731
90.0,0.001047,0.003113,0.007166,0.01426,0.02637,0.04698,0.08138,0.136,0.1827,0.2208,0.26644
100.0,0.001017,0.003026,0.00698,0.01389,0.0257,0.04581,0.07929,0.1327,0.1783,0.2154,0.25989
110.0,9.874E-4,0.002941,0.006798,0.01354,0.02505,0.04468,0.07727,0.1295,0.174,0.2102,0.25352
120.0,9.591E-4,0.00286,0.00662,0.01319,0.02442,0.04358,0.07531,0.1264,0.1697,0.2051,0.24752
130.0,9.29E-4,0.002773,0.006429,0.01281,0.02373,0.04231,0.07302,0.1223,0.1641,0.198,0.23852
140.0,8.65E-4,0.002584,0.005998,0.01196,0.02216,0.03953,0.06828,0.1145,0.1538,0.1858,0.22405
150.0,8.076E-4,0.002414,0.005611,0.0112,0.02076,0.03703,0.06401,0.1074,0.1445,0.1748,0.21127
175.0,6.869E-4,0.002057,0.004796,0.009592,0.0178,0.03175,0.055,0.09241,0.1247,0.1512,0.1831
200.0,5.908E-4,0.001773,0.004144,0.008306,0.01542,0.02751,0.04777,0.08035,0.1087,0.1321,0.16035
250.0,4.363E-4,0.001316,0.003085,0.006205,0.01157,0.0207,0.03617,0.06126,0.08308,0.1011,0.12286
300.0,3.313E-4,0.001003,0.002361,0.004765,0.008915,0.01598,0.02808,0.04782,0.06501,0.07922,0.096386
350.0,2.568E-4,7.814E-4,0.001844,0.003733,0.007001,0.01259,0.02219,0.03803,0.05182,0.06327,0.077141
400.0,2.018E-4,6.172E-4,0.001462,0.002966,0.005572,0.01005,0.01776,0.03064,0.04185,0.05119,0.062547
450.0,1.596E-4,4.904E-4,0.001165,0.002371,0.004463,0.008074,0.01431,0.02484,0.03401,0.04168,0.051026
500.0,1.276E-4,3.938E-4,9.391E-4,0.001915,0.003613,0.006556,0.01165,0.02034,0.02791,0.03426,0.04198
600.0,8.367E-5,2.6E-4,6.248E-4,0.001281,0.002434,0.004445,0.007944,0.01396,0.01926,0.02373,0.029206
700.0,5.631E-5,1.761E-4,4.265E-4,8.8E-4,0.001685,0.003099,0.005575,0.009856,0.01367,0.0169,0.020864
800.0,3.865E-5,1.217E-4,2.968E-4,6.17E-4,0.001192,0.002211,0.004009,0.007136,0.009944,0.01234,0.015306
1000.0,1.903E-5,6.062E-5,1.5E-4,3.193E-4,6.299E-4,0.001195,0.00221,0.004,0.005633,0.007039,0.0087844
1200.0,9.769E-6,3.153E-5,7.947E-5,1.744E-4,3.548E-4,6.952E-4,0.001322,0.002446,0.003486,0.004388,0.0055152
1500.0,3.5791E-6,1.1763E-5,3.0332E-5,6.8638E-5,1.4417E-4,2.9223E-4,5.7083E-4,0.0010807,0.0015635,0.0019926,0.0025532
SA0P4
r\m,4.0,4.5,5.0,5.5,6.0,6.5,7.0,7.5,7.8,8.0,8.2
0.0,0.11256,0.28496,0.5106,0.6155,0.6511,0.6694,0.7012,0.735,0.7663,0.7923,0.81937
1.0,0.099371,0.26191,0.48351,0.60407,0.64928,0.67213,0.70413,0.73688,0.76796,0.7914,0.81326
5.0,0.029396,0.092995,0.212,0.35757,0.48332,0.57493,0.64578,0.70258,0.74283,0.7703,0.79568
10.0,0.011421,0.037669,0.091562,0.17694,0.28594,0.40485,0.51592,0.61331,0.67272,0.7125,0.7528
15.0,0.0063238,0.021107,0.05227,0.10529,0.18238,0.28356,0.39716,0.51346,0.58661,0.6365,0.68953
20.0,0.00412,0.01383,0.03457,0.07089,0.1268,0.2072,0.3087,0.4256,0.5038,0.5579,0.61609
25.0,0.002854,0.009598,0.02439,0.05024,0.09186,0.1551,0.2427,0.3531,0.4304,0.4854,0.54593
30.0,0.002126,0.007157,0.01839,0.03797,0.07033,0.1211,0.1957,0.2957,0.3702,0.4249,0.48623
40.0,0.001378,0.004662,0.01198,0.02501,0.04688,0.08256,0.1386,0.2194,0.2825,0.3305,0.38579
50.0,9.962E-4,0.003383,0.008676,0.01826,0.03443,0.06139,0.1054,0.1717,0.2258,0.2682,0.31801
60.0,8.105E-4,0.002755,0.007064,0.01489,0.02813,0.05032,0.08682,0.1426,0.1888,0.2255,0.26865
70.0,6.782E-4,0.002307,0.00592,0.0125,0.0237,0.04266,0.0745,0.1248,0.168,0.2033,0.24551
80.0,6.62E-4,0.002254,0.005784,0.01222,0.02319,0.04177,0.07293,0.1223,0.1647,0.1993,0.24084
90.0,6.451E-4,0.002199,0.005655,0.01195,0.02269,0.0409,0.07133,0.1198,0.1613,0.1952,0.23581
100.0,6.289E-4,0.002145,0.005529,0.01169,0.02221,0.04004,0.06977,0.1174,0.158,0.1912,0.23087
110.0,6.131E-4,0.002094,0.005405,0.01144,0.02174,0.03921,0.06826,0.115,0.1548,0.1873,0.22629
120.0,5.978E-4,0.002043,0.005285,0.01118,0.02127,0.03839,0.06679,0.1126,0.1516,0.1835,0.22182
130.0,5.813E-4,0.001989,0.005153,0.01091,0.02075,0.03743,0.06502,0.1095,0.1472,0.1779,0.21453
140.0,5.435E-4,0.001861,0.004828,0.01023,0.01946,0.03511,0.06105,0.1029,0.1385,0.1676,0.20243
150.0,5.096E-4,0.001746,0.004536,0.009615,0.01831,0.03303,0.05748,0.09688,0.1306,0.1583,0.19157
175.0,4.38E-4,0.001503,0.003919,0.008319,0.01585,0.02861,0.0499,0.0842,0.1139,0.1383,0.16768
200.0,3.806E-4,0.001309,0.003422,0.007277,0.01388,0.02506,0.04377,0.07395,0.1003,0.1221,0.14854
250.0,2.87E-4,9.914E-4,0.002601,0.005553,0.01064,0.01924,0.03381,0.05751,0.07819,0.09527,0.11589
300.0,2.225E-4,7.719E-4,0.002032,0.004353,0.008367,0.01517,0.02679,0.04582,0.0624,0.07614,0.092767
350.0,1.76E-4,6.135E-4,0.00162,0.003481,0.006703,0.01218,0.02159,0.03714,0.0507,0.06196,0.075607
400.0,1.411E-4,4.944E-4,0.001309,0.002822,0.005441,0.009918,0.01761,0.03049,0.04171,0.05106,0.062422
450.0,1.139E-4,4.008E-4,0.001065,0.0023,0.004443,0.00812,0.01445,0.02517,0.03451,0.04233,0.051842
500.0,9.293E-5,3.283E-4,8.751E-4,0.001895,0.003666,0.006716,0.01198,0.02098,0.02882,0.03541,0.04344
600.0,6.338E-5,2.254E-4,6.053E-4,0.001316,0.00256,0.004716,0.008452,0.01488,0.02054,0.02533,0.031209
700.0,4.435E-5,1.587E-4,4.291E-4,9.375E-4,0.001834,0.003396,0.006116,0.01081,0.015,0.01855,0.022915
800.0,3.165E-5,1.139E-4,3.099E-4,6.804E-4,0.001339,0.002494,0.004515,0.008024,0.01117,0.01386,0.017177
1000.0,1.682E-5,6.115E-5,1.68E-4,3.749E-4,7.461E-4,0.001409,0.002584,0.004643,0.006519,0.008131,0.010132
1200.0,9.316E-6,3.417E-5,9.489E-5,2.156E-4,4.359E-4,8.387E-4,0.001567,0.002858,0.00405,0.005081,0.0063669
1500.0,3.8281E-6,1.4252E-5,4.0217E-5,9.3188E-5,1.918E-4,3.7701E-4,7.1637E-4,0.0013267,0.0019022,0.0024058,0.0030394
SA0P5
r\m,4.0,4.5,5.0,5.5,6.0,6.5,7.0,7.5,7.8,8.0,8.2
0.0,0.068697,0.18684,0.3724,0.4865,0.5383,0.5674,0.6046,0.6418,0.6727,0.6977,0.7236
1.0,0.060732,0.1723,0.35296,0.47731,0.53647,0.56963,0.60705,0.64349,0.67416,0.6969,0.71827
5.0,0.018235,0.062954,0.15795,0.28485,0.40041,0.48813,0.55725,0.61378,0.65225,0.6785,0.70308
10.0,0.007166,0.025911,0.069315,0.14267,0.23856,0.34528,0.44636,0.5364,0.59114,0.6279,0.66534
15.0,0.0039961,0.014648,0.039953,0.085682,0.15324,0.24304,0.34471,0.44983,0.5161,0.5615,0.61003
20.0,0.002617,0.009658,0.02661,0.0581,0.1072,0.1784,0.2688,0.3736,0.4439,0.4928,0.54571
25.0,0.001823,0.00675,0.01893,0.04149,0.0782,0.1341,0.212,0.3105,0.3799,0.4294,0.48413
30.0,0.001362,0.005053,0.01435,0.03152,0.06017,0.1051,0.1714,0.2606,0.3273,0.3763,0.43127
40.0,8.87E-4,0.003311,0.009406,0.02092,0.04039,0.07209,0.122,0.1941,0.2505,0.2936,0.34309
50.0,6.441E-4,0.002414,0.006845,0.01536,0.02982,0.05385,0.09311,0.1524,0.2008,0.2389,0.28351
60.0,5.254E-4,0.001971,0.005588,0.01255,0.02443,0.04425,0.0769,0.1269,0.1684,0.2014,0.24051
70.0,4.409E-4,0.001655,0.004694,0.01057,0.02063,0.03762,0.06615,0.1114,0.1502,0.182,0.2201
80.0,4.316E-4,0.001621,0.004598,0.01036,0.02024,0.03693,0.06493,0.1094,0.1476,0.1789,0.21657
90.0,4.217E-4,0.001586,0.004507,0.01016,0.01986,0.03625,0.06367,0.1074,0.145,0.1757,0.21267
100.0,4.121E-4,0.001551,0.004418,0.009958,0.01949,0.03559,0.06245,0.1055,0.1424,0.1726,0.20887
110.0,4.028E-4,0.001518,0.00433,0.009765,0.01913,0.03494,0.06125,0.1037,0.1399,0.1695,0.20507
120.0,3.938E-4,0.001485,0.004244,0.009576,0.01877,0.0343,0.06009,0.1018,0.1374,0.1665,0.20163
130.0,3.84E-4,0.001449,0.004149,0.009365,0.01836,0.03354,0.05866,0.09923,0.1337,0.1618,0.19549
140.0,3.601E-4,0.00136,0.0039,0.008804,0.01727,0.03155,0.05523,0.09348,0.1261,0.1529,0.18501
150.0,3.386E-4,0.001279,0.003674,0.0083,0.01628,0.02976,0.05214,0.08829,0.1193,0.1447,0.17521
175.0,2.93E-4,0.001109,0.003197,0.00723,0.0142,0.02596,0.04558,0.07725,0.1047,0.1273,0.15437
200.0,2.564E-4,9.721E-4,0.002812,0.006367,0.01252,0.02289,0.04025,0.0683,0.09284,0.1131,0.1377
250.0,1.961E-4,7.468E-4,0.002168,0.004929,0.00973,0.01783,0.03152,0.05385,0.07337,0.08951,0.10904
300.0,1.541E-4,5.895E-4,0.001717,0.003918,0.007763,0.01425,0.02531,0.04348,0.05934,0.07249,0.088409
350.0,1.236E-4,4.749E-4,0.001387,0.003176,0.006305,0.0116,0.02067,0.03571,0.04884,0.05976,0.072999
400.0,1.005E-4,3.879E-4,0.001136,0.00261,0.005187,0.009572,0.01708,0.0297,0.04069,0.04986,0.060994
450.0,8.224E-5,3.188E-4,9.364E-4,0.002157,0.004292,0.007941,0.0142,0.02482,0.03409,0.04186,0.051335
500.0,6.8E-5,2.646E-4,7.797E-4,0.0018,0.003588,0.006653,0.01192,0.02095,0.02882,0.03544,0.043524
600.0,4.762E-5,1.865E-4,5.537E-4,0.001283,0.002569,0.004789,0.00862,0.01521,0.02103,0.02595,0.031969
700.0,3.421E-5,1.348E-4,4.028E-4,9.375E-4,0.001886,0.003531,0.006382,0.01131,0.0157,0.01943,0.024034
800.0,2.505E-5,9.921E-5,2.983E-4,6.974E-4,0.00141,0.002651,0.004813,0.008561,0.01193,0.0148,0.018354
1000.0,1.402E-5,5.604E-5,1.7E-4,4.027E-4,8.204E-4,0.001558,0.002856,0.005121,0.007182,0.008954,0.011153
1200.0,8.171E-6,3.291E-5,1.007E-4,2.418E-4,4.975E-4,9.566E-4,0.001776,0.003219,0.004547,0.005696,0.0071274
1500.0,3.6255E-6,1.4803E-5,4.595E-5,1.121E-4,2.335E-4,4.5615E-4,8.5743E-4,0.0015708,0.0022404,0.0028262,0.0035612
SA0P75
r\m,4.0,4.5,5.0,5.5,6.0,6.5,7.0,7.5,7.8,8.0,8.2
0.0,0.028475,0.079779,0.1874,0.2931,0.3624,0.4062,0.4501,0.4914,0.5212,0.5439,0.56744
1.0,0.02485,0.073726,0.17803,0.2874,0.36064,0.40755,0.45168,0.4927,0.5223,0.5434,0.56365
5.0,0.0072243,0.027805,0.082939,0.17482,0.27094,0.35054,0.4154,0.47033,0.50553,0.5292,0.55177
10.0,0.0028632,0.011707,0.037474,0.089669,0.16383,0.25026,0.33456,0.41197,0.45877,0.4903,0.5227
15.0,0.0016112,0.00671,0.021968,0.054763,0.10668,0.17786,0.26002,0.34659,0.40136,0.4392,0.47991
20.0,0.001063,0.004469,0.01481,0.03761,0.0755,0.1317,0.204,0.2889,0.3461,0.3862,0.42977
25.0,7.467E-4,0.003163,0.01069,0.02726,0.05583,0.09992,0.162,0.2409,0.297,0.3373,0.38188
30.0,5.608E-4,0.002383,0.008176,0.0209,0.04336,0.07884,0.1317,0.203,0.2567,0.2964,0.34134
40.0,3.68E-4,0.001577,0.005421,0.01406,0.0295,0.0547,0.09447,0.1522,0.1975,0.2323,0.27245
50.0,2.689E-4,0.001158,0.003973,0.01041,0.02198,0.04119,0.07258,0.1201,0.1591,0.1898,0.22583
60.0,2.202E-4,9.496E-4,0.003256,0.008544,0.01807,0.03398,0.06017,0.1004,0.1339,0.1606,0.19221
70.0,1.855E-4,8.008E-4,0.002746,0.007218,0.01532,0.029,0.05196,0.08847,0.1199,0.1458,0.17707
80.0,1.823E-4,7.877E-4,0.0027,0.007104,0.01509,0.02858,0.0512,0.08723,0.1183,0.1438,0.1746
90.0,1.788E-4,7.734E-4,0.002657,0.006992,0.01487,0.02817,0.0504,0.08603,0.1167,0.1418,0.17214
100.0,1.754E-4,7.596E-4,0.002614,0.006883,0.01465,0.02776,0.04963,0.08484,0.115,0.1399,0.17003
110.0,1.721E-4,7.46E-4,0.002572,0.006776,0.01443,0.02736,0.04887,0.08366,0.1134,0.1379,0.1673
120.0,1.689E-4,7.328E-4,0.002531,0.006671,0.01422,0.02697,0.04812,0.0825,0.1119,0.136,0.16519
130.0,1.653E-4,7.181E-4,0.002484,0.00655,0.01397,0.02648,0.04717,0.08073,0.1093,0.1328,0.16103
140.0,1.557E-4,6.767E-4,0.002345,0.006184,0.01319,0.02501,0.04461,0.07637,0.1036,0.1259,0.15275
150.0,1.47E-4,6.393E-4,0.00222,0.005854,0.01249,0.0237,0.04229,0.07242,0.09834,0.1197,0.14542
175.0,1.285E-4,5.601E-4,0.001953,0.005153,0.01101,0.02089,0.03737,0.06402,0.08724,0.1064,0.12957
200.0,1.136E-4,4.961E-4,0.001736,0.004585,0.009805,0.01862,0.03336,0.05719,0.07813,0.09546,0.11645
250.0,8.878E-5,3.895E-4,0.001368,0.003628,0.007797,0.01483,0.02668,0.04607,0.06306,0.07717,0.0943
300.0,7.129E-5,3.14E-4,0.001107,0.002947,0.006358,0.01212,0.02187,0.03799,0.05208,0.0638,0.078057
350.0,5.839E-5,2.583E-4,9.127E-4,0.00244,0.005274,0.01008,0.01823,0.03184,0.04373,0.05365,0.06573
400.0,4.849E-5,2.154E-4,7.626E-4,0.002047,0.00443,0.008484,0.01538,0.02701,0.03716,0.04565,0.055989
450.0,4.052E-5,1.807E-4,6.412E-4,0.001727,0.003742,0.007185,0.01305,0.02303,0.03175,0.03906,0.047987
500.0,3.421E-5,1.531E-4,5.447E-4,0.001471,0.003192,0.006143,0.01117,0.01981,0.02736,0.0337,0.041441
600.0,2.495E-5,1.123E-4,4.025E-4,0.001092,0.002377,0.004598,0.008399,0.01494,0.02073,0.02562,0.031624
700.0,1.865E-5,8.439E-5,3.045E-4,8.29E-4,0.001813,0.003521,0.006455,0.01152,0.01603,0.01988,0.024631
800.0,1.421E-5,6.458E-5,2.345E-4,6.408E-4,0.001407,0.002742,0.005045,0.009028,0.01261,0.01567,0.019464
1000.0,8.609E-6,3.941E-5,1.442E-4,3.988E-4,8.811E-4,0.001727,0.003197,0.005749,0.008072,0.01007,0.012556
1200.0,5.421E-6,2.498E-5,9.201E-5,2.573E-4,5.714E-4,0.001128,0.002104,0.003807,0.00537,0.006721,0.0084025
1500.0,2.7057E-6,1.2602E-5,4.702E-5,1.3336E-4,2.9855E-4,5.9589E-4,0.0011211,0.0020403,0.0028999,0.0036504,0.0045898
SA1P0
r\m,4.0,4.5,5.0,5.5,6.0,6.5,7.0,7.5,7.8,8.0,8.2
0.0,0.016073,0.042466,0.1058,0.1896,0.2608,0.3105,0.357,0.3997,0.4283,0.4494,0.47137
1.0,0.013658,0.039065,0.10067,0.18591,0.2593,0.31138,0.35812,0.40073,0.42914,0.449,0.46836
5.0,0.0036715,0.01459,0.048065,0.11491,0.196,0.26872,0.32989,0.38274,0.41546,0.4373,0.45838
10.0,0.0014491,0.0061896,0.022122,0.06001,0.11993,0.19332,0.26686,0.33583,0.37742,0.4055,0.43456
15.0,8.1792E-4,0.0035733,0.013111,0.03709,0.078909,0.13845,0.20844,0.28321,0.33071,0.3636,0.39909
20.0,5.414E-4,0.002394,0.008908,0.0257,0.05632,0.1032,0.1643,0.2367,0.2857,0.3202,0.35782
25.0,3.821E-4,0.00171,0.006483,0.01881,0.04206,0.07884,0.1311,0.1979,0.2457,0.2802,0.31853
30.0,2.877E-4,0.001294,0.004989,0.01452,0.03289,0.06253,0.1071,0.1673,0.2128,0.2466,0.28497
40.0,1.895E-4,8.606E-4,0.003333,0.009852,0.02259,0.04375,0.07726,0.126,0.1644,0.1939,0.22803
50.0,1.389E-4,6.35E-4,0.002454,0.007342,0.01694,0.03314,0.05962,0.09979,0.1328,0.1589,0.18978
60.0,1.14E-4,5.219E-4,0.002016,0.006038,0.01396,0.0274,0.04953,0.08361,0.112,0.1347,0.16154
70.0,9.614E-5,4.411E-4,0.001704,0.005112,0.01186,0.02343,0.04287,0.07382,0.1005,0.1225,0.14893
80.0,9.462E-5,4.349E-4,0.001679,0.005042,0.0117,0.02314,0.04233,0.07294,0.09937,0.1212,0.14767
90.0,9.297E-5,4.28E-4,0.001656,0.004974,0.01156,0.02286,0.04177,0.0721,0.09823,0.1197,0.14542
100.0,9.138E-5,4.213E-4,0.001633,0.004908,0.01142,0.02258,0.04121,0.07127,0.09709,0.1184,0.14416
110.0,8.983E-5,4.147E-4,0.00161,0.004842,0.01127,0.02231,0.04067,0.07044,0.09597,0.117,0.14227
120.0,8.832E-5,4.083E-4,0.001588,0.004778,0.01113,0.02204,0.04014,0.06962,0.09486,0.1157,0.14102
130.0,8.664E-5,4.01E-4,0.001563,0.004702,0.01096,0.02169,0.03944,0.06829,0.09292,0.1132,0.1378
140.0,8.173E-5,3.788E-4,0.001479,0.00445,0.01038,0.02054,0.03739,0.06475,0.08826,0.1076,0.13097
150.0,7.731E-5,3.588E-4,0.001404,0.004223,0.009851,0.01951,0.03555,0.06156,0.08402,0.1025,0.12478
175.0,6.796E-5,3.162E-4,0.001243,0.00374,0.008733,0.01731,0.0316,0.05475,0.07497,0.09169,0.11195
200.0,6.042E-5,2.818E-4,0.001112,0.003348,0.007827,0.01553,0.02839,0.0492,0.06759,0.08276,0.10123
250.0,4.776E-5,2.241E-4,8.88E-4,0.002685,0.00631,0.01254,0.02299,0.04016,0.05522,0.06775,0.083001
300.0,3.881E-5,1.83E-4,7.275E-4,0.002208,0.005213,0.01038,0.01909,0.03352,0.04617,0.05671,0.069546
350.0,3.218E-5,1.524E-4,6.071E-4,0.001851,0.00438,0.008736,0.01611,0.02844,0.03923,0.04826,0.05929
400.0,2.705E-5,1.287E-4,5.132E-4,0.001572,0.003723,0.007449,0.01375,0.02441,0.03372,0.04153,0.051072
450.0,2.288E-5,1.093E-4,4.366E-4,0.001342,0.003184,0.006386,0.01181,0.02106,0.02915,0.03595,0.044287
500.0,1.955E-5,9.371E-5,3.752E-4,0.001157,0.002749,0.005526,0.01024,0.01833,0.02541,0.03138,0.038691
600.0,1.46E-5,7.035E-5,2.837E-4,8.789E-4,0.002095,0.004234,0.007878,0.01415,0.01969,0.02439,0.030169
700.0,1.118E-5,5.409E-5,2.196E-4,6.829E-4,0.001634,0.003317,0.006193,0.01115,0.01557,0.01934,0.024003
800.0,8.718E-6,4.235E-5,1.729E-4,5.399E-4,0.001296,0.002642,0.004948,0.008927,0.01251,0.01557,0.019368
1000.0,5.531E-6,2.703E-5,1.112E-4,3.511E-4,8.479E-4,0.001736,0.00327,0.005924,0.008335,0.01041,0.012987
1200.0,3.645E-6,1.791E-5,7.411E-5,2.365E-4,5.749E-4,0.001182,0.002239,0.004072,0.005753,0.007205,0.0090156
1500.0,1.9512E-6,9.6602E-6,4.0442E-5,1.3089E-4,3.2048E-4,6.6558E-4,0.0012707,0.0023194,0.003299,0.0041524,0.0052224
SA1P5
r\m,4.0,4.5,5.0,5.5,6.0,6.5,7.0,7.5,7.8,8.0,8.2
0.0,0.0075845,0.017743,0.04355,0.09129,0.1503,0.2017,0.2488,0.2914,0.3182,0.3372,0.35703
1.0,0.0060904,0.016038,0.041434,0.089484,0.14926,0.2021,0.24939,0.29211,0.31878,0.3368,0.35454
5.0,0.0014199,0.005608,0.02005,0.056539,0.11406,0.17535,0.23034,0.2793,0.30877,0.3282,0.34726
10.0,5.5362E-4,0.0023737,0.0093926,0.030245,0.071111,0.12769,0.18769,0.24583,0.28098,0.3047,0.32947
15.0,3.1255E-4,0.0013786,0.0056373,0.018988,0.047498,0.092508,0.14775,0.20816,0.2468,0.2737,0.30294
20.0,2.072E-4,9.293E-4,0.003867,0.01331,0.03431,0.06964,0.1173,0.1747,0.2138,0.2415,0.2719
25.0,1.464E-4,6.71E-4,0.002841,0.009875,0.02597,0.05376,0.09434,0.1466,0.1844,0.2119,0.2427
30.0,1.105E-4,5.105E-4,0.002201,0.007687,0.02051,0.04298,0.07755,0.1245,0.1602,0.1869,0.21739
40.0,7.293E-5,3.417E-4,0.001487,0.005277,0.01427,0.03044,0.05645,0.09438,0.1244,0.1476,0.17462
50.0,5.36E-5,2.533E-4,0.001102,0.003964,0.0108,0.02325,0.04383,0.07514,0.1009,0.1213,0.14538
60.0,4.399E-5,2.086E-4,9.072E-4,0.003268,0.008918,0.01926,0.0365,0.0631,0.0853,0.1031,0.12429
70.0,3.714E-5,1.767E-4,7.688E-4,0.002774,0.007595,0.01652,0.03167,0.05585,0.07675,0.09405,0.11506
80.0,3.659E-5,1.746E-4,7.597E-4,0.002743,0.007514,0.01635,0.03135,0.05532,0.07607,0.09325,0.1141
90.0,3.6E-5,1.722E-4,7.511E-4,0.002714,0.007441,0.0162,0.03101,0.05483,0.0754,0.09244,0.11313
100.0,3.543E-5,1.699E-4,7.426E-4,0.002685,0.007368,0.01604,0.03068,0.05434,0.07473,0.09162,0.11212
110.0,3.488E-5,1.676E-4,7.342E-4,0.002656,0.007295,0.01589,0.03035,0.05385,0.07407,0.0908,0.11112
120.0,3.435E-5,1.654E-4,7.259E-4,0.002628,0.007223,0.01574,0.03003,0.05336,0.07341,0.08999,0.11012
130.0,3.375E-5,1.628E-4,7.163E-4,0.002593,0.007131,0.01553,0.02959,0.05249,0.07211,0.08831,0.10793
140.0,3.188E-5,1.542E-4,6.801E-4,0.002462,0.006772,0.01475,0.02814,0.04992,0.06869,0.08421,0.10306
150.0,3.02E-5,1.464E-4,6.474E-4,0.002343,0.006448,0.01406,0.02683,0.04759,0.06558,0.08047,0.098536
175.0,2.666E-5,1.299E-4,5.776E-4,0.00209,0.005758,0.01257,0.02403,0.04263,0.05893,0.07247,0.088958
200.0,2.38E-5,1.165E-4,5.208E-4,0.001884,0.005198,0.01135,0.02175,0.03858,0.05348,0.06588,0.081011
250.0,1.902E-5,9.4E-5,4.223E-4,0.001535,0.004261,0.009323,0.01789,0.03199,0.04441,0.05477,0.067434
300.0,1.564E-5,7.785E-5,3.512E-4,0.001281,0.003576,0.007839,0.01507,0.02712,0.03769,0.04653,0.057354
350.0,1.313E-5,6.577E-5,2.972E-4,0.00109,0.003049,0.006703,0.01291,0.02334,0.03248,0.04015,0.049554
400.0,1.117E-5,5.632E-5,2.548E-4,9.387E-4,0.00263,0.005799,0.01119,0.02032,0.02831,0.03502,0.043257
450.0,9.577E-6,4.852E-5,2.197E-4,8.133E-4,0.002283,0.005045,0.009749,0.01778,0.02481,0.03073,0.038012
500.0,8.295E-6,4.22E-5,1.914E-4,7.111E-4,0.001999,0.004429,0.008571,0.01569,0.02192,0.02718,0.033644
600.0,6.365E-6,3.256E-5,1.488E-4,5.548E-4,0.001564,0.003489,0.006783,0.01244,0.01745,0.02171,0.026965
700.0,5.006E-6,2.573E-5,1.182E-4,4.427E-4,0.001252,0.002807,0.005479,0.01007,0.01417,0.01766,0.021979
800.0,4.011E-6,2.069E-5,9.559E-5,3.591E-4,0.00102,0.002296,0.004494,0.008273,0.01167,0.01458,0.018171
1000.0,2.687E-6,1.392E-5,6.471E-5,2.457E-4,7.022E-4,0.001588,0.003126,0.00577,0.008171,0.01024,0.012822
1200.0,1.867E-6,9.716E-6,4.538E-5,1.74E-4,5.0E-4,0.001136,0.002247,0.004159,0.005908,0.007419,0.0093039
1500.0,1.087E-6,5.6746E-6,2.6726E-5,1.0385E-4,3.004E-4,6.8998E-4,0.0013762,0.0025509,0.0036442,0.0045968,0.0057914
SA2P0
r\m,4.0,4.5,5.0,5.5,6.0,6.5,7.0,7.5,7.8,8.0,8.2
0.0,0.0043092,0.0097341,0.0227,0.05049,0.09439,0.1417,0.1871,0.2285,0.2538,0.2714,0.28989
1.0,0.0033597,0.0086504,0.02155,0.049474,0.093656,0.14187,0.1874,0.22902,0.2542,0.2711,0.28801
5.0,7.3333E-4,0.002832,0.010293,0.031574,0.072182,0.12359,0.17341,0.21915,0.24632,0.2642,0.28197
10.0,2.8376E-4,0.0011903,0.0048398,0.01711,0.045623,0.090817,0.14209,0.19337,0.22447,0.2455,0.26758
15.0,1.599E-4,6.9225E-4,0.0029223,0.010841,0.030797,0.066361,0.11252,0.16425,0.19755,0.2208,0.24613
20.0,1.059E-4,4.676E-4,0.002015,0.007653,0.02243,0.05032,0.08982,0.1383,0.1715,0.1952,0.22137
25.0,7.452E-5,3.385E-4,0.001485,0.005724,0.01714,0.03916,0.07269,0.1164,0.1483,0.1715,0.19778
30.0,5.628E-5,2.583E-4,0.001154,0.004479,0.01363,0.03149,0.06007,0.09922,0.1291,0.1515,0.17716
40.0,3.709E-5,1.732E-4,7.858E-4,0.003098,0.009564,0.0225,0.04402,0.07558,0.1006,0.1201,0.14291
50.0,2.727E-5,1.287E-4,5.848E-4,0.002338,0.007277,0.01728,0.03433,0.06039,0.08182,0.09892,0.11931
60.0,2.237E-5,1.06E-4,4.822E-4,0.001931,0.006019,0.01434,0.02863,0.05079,0.06929,0.08422,0.1021
70.0,1.888E-5,8.986E-5,4.092E-4,0.001641,0.005134,0.01231,0.02487,0.04501,0.06244,0.07691,0.094565
80.0,1.859E-5,8.883E-5,4.049E-4,0.001625,0.005087,0.01221,0.02466,0.04465,0.06198,0.07637,0.093909
90.0,1.83E-5,8.769E-5,4.008E-4,0.001611,0.005045,0.01211,0.02443,0.04432,0.06153,0.07583,0.093281
100.0,1.802E-5,8.659E-5,3.967E-4,0.001596,0.005003,0.01201,0.0242,0.04399,0.06108,0.07528,0.092588
110.0,1.775E-5,8.552E-5,3.927E-4,0.001582,0.004962,0.01191,0.02397,0.04366,0.06064,0.07473,0.091923
120.0,1.749E-5,8.448E-5,3.888E-4,0.001567,0.00492,0.01182,0.02375,0.04333,0.06019,0.07418,0.091257
130.0,1.719E-5,8.327E-5,3.842E-4,0.00155,0.004865,0.01168,0.02344,0.04269,0.05923,0.07292,0.089609
140.0,1.624E-5,7.893E-5,3.653E-4,0.001473,0.004629,0.01112,0.02234,0.04067,0.05651,0.06965,0.085673
150.0,1.539E-5,7.503E-5,3.483E-4,0.001405,0.004415,0.01061,0.02134,0.03885,0.05405,0.06668,0.08208
175.0,1.359E-5,6.675E-5,3.12E-4,0.001258,0.00396,0.009531,0.0192,0.03495,0.04878,0.06031,0.074427
200.0,1.215E-5,6.006E-5,2.825E-4,0.001139,0.00359,0.00865,0.01746,0.03177,0.04446,0.05505,0.068032
250.0,9.747E-6,4.878E-5,2.312E-4,9.368E-4,0.002973,0.007178,0.0145,0.0266,0.03728,0.04621,0.057157
300.0,8.052E-6,4.069E-5,1.94E-4,7.894E-4,0.00252,0.006096,0.01232,0.02276,0.03194,0.03962,0.049046
350.0,6.793E-6,3.463E-5,1.656E-4,6.773E-4,0.002168,0.00526,0.01065,0.01977,0.02776,0.03448,0.042739
400.0,5.817E-6,2.987E-5,1.431E-4,5.884E-4,0.001886,0.004592,0.009314,0.01735,0.02439,0.03032,0.037619
450.0,5.018E-6,2.594E-5,1.244E-4,5.142E-4,0.001651,0.004031,0.00819,0.01532,0.02155,0.02682,0.033326
500.0,4.375E-6,2.274E-5,1.092E-4,4.533E-4,0.001458,0.00357,0.007264,0.01363,0.0192,0.02391,0.029709
600.0,3.404E-6,1.782E-5,8.629E-5,3.595E-4,0.001159,0.002859,0.005847,0.01099,0.01554,0.01941,0.024209
700.0,2.717E-6,1.43E-5,6.969E-5,2.913E-4,9.425E-4,0.002338,0.004801,0.009034,0.01282,0.01604,0.020041
800.0,2.21E-6,1.168E-5,5.722E-5,2.399E-4,7.789E-4,0.001941,0.004001,0.007539,0.01072,0.01345,0.016841
1000.0,1.527E-6,8.112E-6,3.994E-5,1.691E-4,5.527E-4,0.001384,0.002869,0.005417,0.007729,0.009719,0.012205
1200.0,1.095E-6,5.837E-6,2.886E-5,1.233E-4,4.053E-4,0.001021,0.002124,0.004019,0.005749,0.007245,0.0091184
1500.0,6.6976E-7,3.5767E-6,1.7789E-5,7.69E-5,2.5433E-4,6.4828E-4,0.0013618,0.0025772,0.0037047,0.004688,0.0059255
SA3P0
r\m,4.0,4.5,5.0,5.5,6.0,6.5,7.0,7.5,7.8,8.0,8.2
0.0,0.0018294,0.0042027,0.009188,0.02056,0.04384,0.07882,0.1189,0.1567,0.1798,0.1954,0.21199
1.0,0.0014115,0.0036676,0.0086787,0.020121,0.043469,0.078819,0.11895,0.15697,0.18002,0.1952,0.21087
5.0,2.9789E-4,0.0011118,0.0039641,0.012819,0.033858,0.069068,0.11034,0.15041,0.17455,0.1904,0.20684
10.0,1.1407E-4,4.6151E-4,0.0018512,0.0069922,0.021765,0.051427,0.091074,0.13328,0.15944,0.1771,0.19614
15.0,6.3925E-5,2.6771E-4,0.0011208,0.0044648,0.014884,0.038039,0.072721,0.11379,0.14075,0.1596,0.18056
20.0,4.216E-5,1.806E-4,7.754E-4,0.003173,0.01095,0.02914,0.0585,0.09631,0.1226,0.1414,0.1625
25.0,2.933E-5,1.294E-4,5.699E-4,0.002392,0.008461,0.02294,0.04777,0.08152,0.1064,0.1247,0.14561
30.0,2.215E-5,9.9E-5,4.427E-4,0.001881,0.006779,0.0186,0.03978,0.06982,0.09295,0.1104,0.13061
40.0,1.452E-5,6.63E-5,3.041E-4,0.001312,0.004809,0.01345,0.02945,0.05359,0.07285,0.08789,0.10566
50.0,1.066E-5,4.927E-5,2.277E-4,9.958E-4,0.003686,0.01041,0.02312,0.04304,0.05945,0.07261,0.088417
60.0,8.732E-6,4.058E-5,1.88E-4,8.236E-4,0.003054,0.008656,0.01931,0.03625,0.05043,0.06193,0.075822
70.0,7.36E-6,3.437E-5,1.597E-4,7.014E-4,0.002609,0.007444,0.0168,0.03217,0.04552,0.05665,0.070338
80.0,7.241E-6,3.398E-5,1.582E-4,6.957E-4,0.00259,0.007391,0.01668,0.03197,0.04527,0.05636,0.070005
90.0,7.126E-6,3.356E-5,1.567E-4,6.908E-4,0.002573,0.007345,0.01655,0.03179,0.04502,0.05607,0.069672
100.0,7.016E-6,3.316E-5,1.552E-4,6.86E-4,0.002557,0.007298,0.01642,0.03161,0.04478,0.05577,0.069301
110.0,6.91E-6,3.277E-5,1.537E-4,6.811E-4,0.00254,0.007251,0.0163,0.03142,0.04453,0.05546,0.068921
120.0,6.809E-6,3.239E-5,1.523E-4,6.762E-4,0.002523,0.007204,0.01617,0.03124,0.04428,0.05516,0.068551
130.0,6.689E-6,3.194E-5,1.507E-4,6.698E-4,0.0025,0.007135,0.016,0.03084,0.04366,0.05433,0.067424
140.0,6.314E-6,3.029E-5,1.434E-4,6.382E-4,0.002384,0.006807,0.01528,0.02944,0.04175,0.05201,0.064648
150.0,5.979E-6,2.881E-5,1.369E-4,6.096E-4,0.002278,0.006512,0.01463,0.02818,0.04002,0.0499,0.062074
175.0,5.274E-6,2.566E-5,1.23E-4,5.487E-4,0.002055,0.00588,0.01324,0.02549,0.03631,0.04536,0.056536
200.0,4.712E-6,2.313E-5,1.117E-4,4.993E-4,0.001872,0.005366,0.0121,0.02329,0.03326,0.04162,0.051958
250.0,3.781E-6,1.887E-5,9.23E-5,4.15E-4,0.00157,0.004512,0.01017,0.01975,0.02824,0.03538,0.044239
300.0,3.131E-6,1.583E-5,7.819E-5,3.535E-4,0.001346,0.003877,0.008744,0.0171,0.02448,0.03069,0.03839
350.0,2.65E-6,1.356E-5,6.734E-5,3.065E-4,0.001171,0.003384,0.007641,0.01501,0.0215,0.02697,0.033748
400.0,2.279E-6,1.177E-5,5.871E-5,2.69E-4,0.00103,0.002987,0.006755,0.01332,0.01909,0.02396,0.030007
450.0,1.975E-6,1.03E-5,5.152E-5,2.375E-4,9.111E-4,0.002651,0.006007,0.01188,0.01704,0.0214,0.026808
500.0,1.733E-6,9.098E-6,4.565E-5,2.115E-4,8.129E-4,0.002372,0.005385,0.01068,0.01533,0.01927,0.024187
600.0,1.366E-6,7.246E-6,3.673E-5,1.71E-4,6.586E-4,0.001938,0.004425,0.008787,0.01266,0.01595,0.020067
700.0,1.106E-6,5.912E-6,3.021E-5,1.412E-4,5.45E-4,0.001615,0.003706,0.007365,0.01064,0.01344,0.016944
800.0,9.134E-7,4.912E-6,2.526E-5,1.184E-4,4.584E-4,0.001366,0.003147,0.006261,0.009066,0.01147,0.014476
1000.0,6.52E-7,3.532E-6,1.828E-5,8.645E-5,3.369E-4,0.00101,0.00234,0.004663,0.006769,0.008575,0.010833
1200.0,4.839E-7,2.633E-6,1.368E-5,6.522E-5,2.556E-4,7.697E-4,0.001793,0.00358,0.005209,0.006614,0.0083826
1500.0,3.1239E-7,1.7052E-6,8.9077E-6,4.2875E-5,1.687E-4,5.148E-4,0.0012136,0.0024199,0.0035362,0.0045053,0.0057296
SA4P0
r\m,4.0,4.5,5.0,5.5,6.0,6.5,7.0,7.5,7.8,8.0,8.2
0.0,9.8553E-4,0.0023195,0.00495,0.01074,0.02383,0.04827,0.08209,0.1164,0.1377,0.1519,0.16716
1.0,7.6495E-4,0.0020173,0.0046614,0.010498,0.023612,0.048225,0.08206,0.11656,0.13785,0.1518,0.16646
5.0,1.6106E-4,5.9298E-4,0.0020513,0.0065956,0.018456,0.042421,0.076231,0.1118,0.13373,0.1481,0.16318
10.0,6.1156E-5,2.4338E-4,9.4744E-4,0.0035793,0.011947,0.03186,0.063226,0.099387,0.12238,0.1379,0.1547
15.0,3.4082E-5,1.4037E-4,5.7208E-4,0.002287,0.0082199,0.023755,0.050768,0.085192,0.1083,0.1245,0.14257
20.0,2.238E-5,9.428E-5,3.952E-4,0.001628,0.006078,0.01832,0.04106,0.07238,0.09457,0.1105,0.12842
25.0,1.541E-5,6.645E-5,2.882E-4,0.001229,0.004725,0.01454,0.03374,0.0615,0.08221,0.09765,0.11539
30.0,1.162E-5,5.078E-5,2.229E-4,9.673E-4,0.003801,0.01186,0.02826,0.05289,0.07207,0.08659,0.1035
40.0,7.581E-6,3.389E-5,1.534E-4,6.768E-4,0.002712,0.008635,0.02107,0.04081,0.05672,0.0692,0.084103
50.0,5.555E-6,2.515E-5,1.153E-4,5.153E-4,0.002087,0.006721,0.01662,0.03289,0.04641,0.05728,0.070448
60.0,4.544E-6,2.07E-5,9.523E-5,4.265E-4,0.001731,0.005592,0.01389,0.02773,0.0394,0.0489,0.06048
70.0,3.826E-6,1.752E-5,8.09E-5,3.634E-4,0.001481,0.004813,0.0121,0.02463,0.0356,0.04478,0.056178
80.0,3.76E-6,1.731E-5,8.015E-5,3.608E-4,0.001471,0.004784,0.01202,0.0245,0.03543,0.04459,0.055941
90.0,3.698E-6,1.709E-5,7.936E-5,3.586E-4,0.001463,0.004758,0.01194,0.02439,0.03528,0.04441,0.055741
100.0,3.639E-6,1.689E-5,7.86E-5,3.564E-4,0.001455,0.004733,0.01186,0.02427,0.03513,0.04422,0.055504
110.0,3.583E-6,1.669E-5,7.786E-5,3.542E-4,0.001447,0.004707,0.01178,0.02415,0.03497,0.04403,0.055266
120.0,3.529E-6,1.65E-5,7.714E-5,3.52E-4,0.001439,0.00468,0.0117,0.02403,0.03481,0.04384,0.055057
130.0,3.464E-6,1.627E-5,7.629E-5,3.49E-4,0.001428,0.004642,0.01159,0.02376,0.03437,0.04323,0.054195
140.0,3.267E-6,1.542E-5,7.26E-5,3.328E-4,0.001363,0.004435,0.01108,0.02271,0.03291,0.04144,0.052039
150.0,3.09E-6,1.466E-5,6.928E-5,3.183E-4,0.001304,0.004248,0.01062,0.02177,0.03158,0.03981,0.050035
175.0,2.72E-6,1.305E-5,6.224E-5,2.872E-4,0.00118,0.003849,0.009648,0.01975,0.02875,0.03631,0.045715
200.0,2.426E-6,1.176E-5,5.656E-5,2.62E-4,0.001078,0.003524,0.00885,0.01811,0.02642,0.03343,0.042184
250.0,1.941E-6,9.593E-6,4.692E-5,2.189E-4,9.11E-4,0.002986,0.007494,0.01548,0.02262,0.02864,0.036156
300.0,1.605E-6,8.057E-6,3.991E-5,1.875E-4,7.87E-4,0.002587,0.00649,0.01351,0.01975,0.02503,0.031619
350.0,1.358E-6,6.907E-6,3.451E-5,1.635E-4,6.893E-4,0.002274,0.005712,0.01194,0.01747,0.02215,0.028002
400.0,1.168E-6,6.01E-6,3.021E-5,1.444E-4,6.101E-4,0.00202,0.005084,0.01066,0.0156,0.01979,0.025021
450.0,1.014E-6,5.27E-6,2.662E-5,1.282E-4,5.432E-4,0.001806,0.004553,0.009574,0.01402,0.01778,0.022487
500.0,8.907E-7,4.671E-6,2.37E-5,1.149E-4,4.877E-4,0.001626,0.004109,0.008664,0.01269,0.01611,0.020389
600.0,7.059E-7,3.747E-6,1.925E-5,9.393E-5,3.997E-4,0.001345,0.00342,0.007218,0.01061,0.0135,0.017114
700.0,5.752E-7,3.082E-6,1.599E-5,7.841E-5,3.344E-4,0.001134,0.002899,0.006122,0.009026,0.01151,0.014628
800.0,4.784E-7,2.582E-6,1.35E-5,6.649E-5,2.842E-4,9.695E-4,0.002491,0.005264,0.007779,0.009935,0.012654
1000.0,3.47E-7,1.891E-6,9.971E-6,4.957E-5,2.133E-4,7.317E-4,0.001893,0.004006,0.005933,0.00759,0.0096854
1200.0,2.622E-7,1.437E-6,7.618E-6,3.817E-5,1.652E-4,5.692E-4,0.001481,0.003139,0.004659,0.005969,0.0076285
1500.0,1.7414E-7,9.5918E-7,5.122E-6,2.5915E-5,1.124E-4,3.9262E-4,0.0010357,0.0021908,0.0032644,0.0041954,0.0053808
SA5P0
r\m,4.0,4.5,5.0,5.5,6.0,6.5,7.0,7.5,7.8,8.0,8.2
0.0,6.1256E-4,0.001463,0.003106,0.006531,0.01452,0.03158,0.05953,0.09044,0.1102,0.1234,0.13774
1.0,4.7898E-4,0.0012759,0.0029215,0.0063805,0.014382,0.031539,0.059455,0.090539,0.11029,0.1233,0.13718
5.0,1.0115E-4,3.7141E-4,0.0012544,0.0039486,0.011234,0.027814,0.055266,0.086918,0.10705,0.1203,0.13441
10.0,3.8147E-5,1.5096E-4,5.7315E-4,0.0021255,0.0072799,0.021009,0.045972,0.077476,0.098127,0.1122,0.12772
15.0,2.1156E-5,8.6523E-5,3.444E-4,0.0013551,0.0050191,0.015748,0.037051,0.066624,0.087019,0.1014,0.11764
20.0,1.384E-5,5.782E-5,2.371E-4,9.638E-4,0.003719,0.0122,0.03008,0.05678,0.07615,0.09019,0.10626
25.0,9.456E-6,4.016E-5,1.714E-4,7.256E-4,0.002899,0.009727,0.02485,0.0484,0.06639,0.07981,0.095447
30.0,7.118E-6,3.059E-5,1.32E-4,5.709E-4,0.002336,0.007965,0.02089,0.04174,0.05828,0.0709,0.085801
40.0,4.626E-6,2.034E-5,9.059E-5,3.996E-4,0.001671,0.005831,0.01567,0.03234,0.04601,0.05677,0.069712
50.0,3.382E-6,1.507E-5,6.828E-5,3.046E-4,0.001289,0.004554,0.0124,0.02614,0.03772,0.04706,0.058468
60.0,2.764E-6,1.239E-5,5.637E-5,2.521E-4,0.00107,0.003792,0.01038,0.02205,0.03205,0.0402,0.050211
70.0,2.325E-6,1.048E-5,4.788E-5,2.149E-4,9.158E-4,0.003266,0.009041,0.0196,0.02897,0.03684,0.046673
80.0,2.284E-6,1.035E-5,4.743E-5,2.134E-4,9.105E-4,0.003248,0.00899,0.0195,0.02886,0.03671,0.04655
90.0,2.245E-6,1.022E-5,4.694E-5,2.122E-4,9.062E-4,0.003233,0.008934,0.01943,0.02875,0.03659,0.046407
100.0,2.208E-6,1.009E-5,4.646E-5,2.11E-4,9.019E-4,0.003217,0.008879,0.01935,0.02865,0.03646,0.046256
110.0,2.173E-6,9.972E-6,4.601E-5,2.097E-4,8.975E-4,0.003202,0.008826,0.01927,0.02854,0.03633,0.046104
120.0,2.139E-6,9.856E-6,4.557E-5,2.085E-4,8.93E-4,0.003186,0.008773,0.01918,0.02842,0.0362,0.045952
130.0,2.098E-6,9.713E-6,4.504E-5,2.069E-4,8.865E-4,0.003162,0.008693,0.01898,0.02809,0.03573,0.045278
140.0,1.977E-6,9.201E-6,4.283E-5,1.973E-4,8.469E-4,0.003024,0.008321,0.01816,0.02692,0.03428,0.043503
150.0,1.868E-6,8.742E-6,4.085E-5,1.888E-4,8.112E-4,0.002899,0.007985,0.01742,0.02586,0.03296,0.041851
175.0,1.641E-6,7.773E-6,3.666E-5,1.705E-4,7.352E-4,0.002633,0.007268,0.01584,0.02359,0.03013,0.03834
200.0,1.461E-6,6.997E-6,3.329E-5,1.557E-4,6.734E-4,0.002416,0.006682,0.01456,0.02173,0.0278,0.035416
250.0,1.164E-6,5.699E-6,2.765E-5,1.305E-4,5.715E-4,0.002059,0.00569,0.01252,0.01871,0.02396,0.030576
300.0,9.601E-7,4.782E-6,2.356E-5,1.121E-4,4.96E-4,0.001793,0.004953,0.01099,0.01644,0.02106,0.026883
350.0,8.107E-7,4.097E-6,2.04E-5,9.807E-5,4.365E-4,0.001584,0.004382,0.009759,0.01461,0.01872,0.023893
400.0,6.964E-7,3.564E-6,1.789E-5,8.689E-5,3.881E-4,0.001414,0.003919,0.008754,0.0131,0.0168,0.021473
450.0,6.042E-7,3.127E-6,1.58E-5,7.745E-5,3.471E-4,0.00127,0.003527,0.0079,0.01183,0.01517,0.019384
500.0,5.31E-7,2.775E-6,1.41E-5,6.964E-5,3.13E-4,0.001149,0.003198,0.007182,0.01076,0.0138,0.017657
600.0,4.217E-7,2.234E-6,1.151E-5,5.736E-5,2.586E-4,9.586E-4,0.002687,0.006037,0.009073,0.01167,0.014952
700.0,3.447E-7,1.845E-6,9.615E-6,4.823E-5,2.18E-4,8.145E-4,0.002297,0.005165,0.007784,0.01003,0.012883
800.0,2.878E-7,1.553E-6,8.169E-6,4.119E-5,1.866E-4,7.019E-4,0.001989,0.004476,0.006763,0.008727,0.011225
1000.0,2.106E-7,1.15E-6,6.108E-6,3.114E-5,1.422E-4,5.375E-4,0.001534,0.003458,0.005235,0.006765,0.0087129
1200.0,1.608E-7,8.839E-7,4.728E-6,2.431E-5,1.116E-4,4.239E-4,0.001217,0.002749,0.004169,0.005394,0.0069558
1500.0,1.0864E-7,6.0107E-7,3.2451E-6,1.6876E-5,7.7588E-5,2.9871E-4,8.7047E-4,0.0019619,0.0029862,0.0038739,0.005009
SA7P5
r\m,4.0,4.5,5.0,5.5,6.0,6.5,7.0,7.5,7.8,8.0,8.2
0.0,2.6143E-4,6.3789E-4,0.00136,0.002722,0.005825,0.01346,0.03026,0.05359,0.07014,0.08147,0.094064
1.0,2.0738E-4,5.6135E-4,0.0012805,0.0026608,0.0057657,0.013429,0.030179,0.053611,0.070183,0.08139,0.093679
5.0,4.4238E-5,1.631E-4,5.3473E-4,0.0016015,0.0044631,0.011862,0.028055,0.051546,0.068198,0.07949,0.091916
10.0,1.6479E-5,6.5098E-5,2.3918E-4,8.4518E-4,0.0028681,0.0090049,0.02341,0.046175,0.062725,0.07426,0.087307
15.0,9.0584E-6,3.683E-5,1.4187E-4,5.3386E-4,0.0019712,0.0067877,0.018959,0.039941,0.055858,0.06732,0.080622
20.0,5.885E-6,2.436E-5,9.671E-5,3.774E-4,0.001459,0.005286,0.01548,0.03423,0.04908,0.06005,0.072957
25.0,3.974E-6,1.656E-5,6.864E-5,2.806E-4,0.001138,0.004243,0.01289,0.02936,0.04296,0.0533,0.065666
30.0,2.977E-6,1.25E-5,5.255E-5,2.199E-4,9.165E-4,0.003492,0.01093,0.02545,0.03783,0.04746,0.059128
40.0,1.923E-6,8.241E-6,3.556E-5,1.531E-4,6.555E-4,0.002573,0.008267,0.01985,0.03003,0.03817,0.04822
50.0,1.399E-6,6.087E-6,2.682E-5,1.166E-4,5.062E-4,0.002019,0.006586,0.01612,0.02469,0.03171,0.040467
60.0,1.143E-6,5.0E-6,2.213E-5,9.649E-5,4.205E-4,0.001683,0.005514,0.01361,0.021,0.02712,0.034832
70.0,9.602E-7,4.225E-6,1.879E-5,8.222E-5,3.601E-4,0.001451,0.00481,0.01211,0.019,0.02487,0.032368
80.0,9.422E-7,4.167E-6,1.86E-5,8.162E-5,3.583E-4,0.001445,0.004787,0.01206,0.01894,0.02481,0.032312
90.0,9.249E-7,4.11E-6,1.838E-5,8.114E-5,3.568E-4,0.001439,0.004763,0.01203,0.01889,0.02476,0.032295
100.0,9.086E-7,4.056E-6,1.817E-5,8.067E-5,3.553E-4,0.001433,0.004739,0.01199,0.01884,0.02469,0.03217
110.0,8.931E-7,4.004E-6,1.797E-5,8.02E-5,3.537E-4,0.001427,0.004715,0.01195,0.01879,0.02463,0.032114
120.0,8.784E-7,3.954E-6,1.778E-5,7.973E-5,3.521E-4,0.001421,0.004692,0.01191,0.01873,0.02456,0.032019
130.0,8.606E-7,3.892E-6,1.755E-5,7.908E-5,3.498E-4,0.001412,0.004655,0.01179,0.01854,0.02428,0.031638
140.0,8.095E-7,3.682E-6,1.666E-5,7.545E-5,3.344E-4,0.001353,0.004461,0.0113,0.01779,0.02333,0.030423
150.0,7.639E-7,3.493E-6,1.586E-5,7.217E-5,3.206E-4,0.001299,0.004287,0.01086,0.01712,0.02246,0.029313
175.0,6.685E-7,3.095E-6,1.418E-5,6.521E-5,2.912E-4,0.001184,0.003915,0.009917,0.01567,0.02061,0.02696
200.0,5.93E-7,2.778E-6,1.284E-5,5.957E-5,2.672E-4,0.00109,0.003611,0.009147,0.01449,0.01909,0.025005
250.0,4.682E-7,2.248E-6,1.064E-5,4.989E-5,2.28E-4,9.367E-4,0.003104,0.007941,0.0126,0.01662,0.021805
300.0,3.833E-7,1.878E-6,9.06E-6,4.292E-5,1.99E-4,8.222E-4,0.002726,0.007032,0.01117,0.01474,0.019335
350.0,3.216E-7,1.602E-6,7.847E-6,3.766E-5,1.762E-4,7.322E-4,0.002431,0.006297,0.01001,0.01321,0.01734
400.0,2.749E-7,1.388E-6,6.884E-6,3.348E-5,1.576E-4,6.587E-4,0.002191,0.005692,0.009046,0.01193,0.015638
450.0,2.375E-7,1.215E-6,6.087E-6,2.996E-5,1.419E-4,5.962E-4,0.001988,0.005178,0.008228,0.01086,0.014261
500.0,2.082E-7,1.077E-6,5.439E-6,2.706E-5,1.288E-4,5.435E-4,0.001816,0.004743,0.007538,0.009946,0.013053
600.0,1.651E-7,8.678E-7,4.458E-6,2.248E-5,1.078E-4,4.595E-4,0.001549,0.004048,0.006456,0.008538,0.011229
700.0,1.352E-7,7.195E-7,3.746E-6,1.908E-5,9.196E-5,3.955E-4,0.001342,0.003512,0.005617,0.007443,0.0098075
800.0,1.133E-7,6.088E-7,3.205E-6,1.646E-5,7.962E-5,3.451E-4,0.001178,0.003084,0.004946,0.006564,0.0086652
1000.0,8.369E-8,4.563E-7,2.435E-6,1.269E-5,6.203E-5,2.705E-4,9.304E-4,0.002442,0.003921,0.00521,0.0068855
1200.0,6.472E-8,3.56E-7,1.918E-6,1.01E-5,4.977E-5,2.181E-4,7.549E-4,0.001985,0.003193,0.004247,0.0056198
1500.0,4.4601E-8,2.4785E-7,1.3532E-6,7.247E-6,3.5844E-5,1.5915E-4,5.5992E-4,0.0014693,0.0023715,0.0031616,0.0041947
SA10P0
r\m,4.0,4.5,5.0,5.5,6.0,6.5,7.0,7.5,7.8,8.0,8.2
0.0,1.4396E-4,3.5475E-4,7.637E-4,0.001493,0.003083,0.007064,0.01733,0.03462,0.04848,0.05834,0.069633
1.0,1.1532E-4,3.1402E-4,7.2023E-4,0.001462,0.0030525,0.0070485,0.017273,0.034619,0.048503,0.05829,0.069391
5.0,2.4822E-5,9.1664E-5,2.9806E-4,8.6723E-4,0.0023401,0.0062183,0.016048,0.033323,0.047172,0.05696,0.068102
10.0,9.175E-6,3.6186E-5,1.3146E-4,4.5117E-4,0.0014864,0.0047134,0.013396,0.029955,0.043494,0.05329,0.064706
15.0,5.0142E-6,2.0301E-5,7.7196E-5,2.825E-4,0.0010148,0.0035518,0.010869,0.026016,0.038848,0.04841,0.059824
20.0,3.243E-6,1.334E-5,5.222E-5,1.984E-4,7.478E-4,0.002767,0.008899,0.02238,0.03423,0.04329,0.05428
25.0,2.176E-6,8.99E-6,3.664E-5,1.456E-4,5.801E-4,0.002221,0.007439,0.01928,0.03003,0.03849,0.048866
30.0,1.624E-6,6.739E-6,2.799E-5,1.137E-4,4.663E-4,0.001829,0.006323,0.01676,0.02651,0.03431,0.044021
40.0,1.045E-6,4.417E-6,1.871E-5,7.853E-5,3.318E-4,0.00135,0.004819,0.01313,0.0211,0.02767,0.035995
50.0,7.58E-7,3.255E-6,1.406E-5,5.97E-5,2.558E-4,0.001061,0.003854,0.01069,0.01739,0.02302,0.030224
60.0,6.186E-7,2.672E-6,1.16E-5,4.938E-5,2.125E-4,8.85E-4,0.003229,0.009032,0.0148,0.01969,0.025985
70.0,5.196E-7,2.257E-6,9.841E-6,4.205E-5,1.821E-4,7.634E-4,0.002818,0.008041,0.0134,0.01807,0.024214
80.0,5.097E-7,2.226E-6,9.739E-6,4.173E-5,1.812E-4,7.604E-4,0.002807,0.008013,0.01336,0.01804,0.024187
90.0,4.999E-7,2.193E-6,9.613E-6,4.144E-5,1.803E-4,7.574E-4,0.002794,0.007991,0.01333,0.018,0.024119
100.0,4.907E-7,2.163E-6,9.494E-6,4.116E-5,1.795E-4,7.545E-4,0.002782,0.007968,0.0133,0.01797,0.024122
110.0,4.82E-7,2.133E-6,9.382E-6,4.089E-5,1.787E-4,7.515E-4,0.00277,0.007945,0.01327,0.01793,0.024055
120.0,4.737E-7,2.105E-6,9.275E-6,4.063E-5,1.779E-4,7.486E-4,0.002758,0.007921,0.01323,0.01789,0.024018
130.0,4.637E-7,2.071E-6,9.146E-6,4.027E-5,1.767E-4,7.442E-4,0.002738,0.007852,0.0131,0.0177,0.023751
140.0,4.358E-7,1.956E-6,8.672E-6,3.84E-5,1.689E-4,7.132E-4,0.002626,0.007534,0.01259,0.01702,0.022847
150.0,4.109E-7,1.854E-6,8.247E-6,3.671E-5,1.619E-4,6.853E-4,0.002524,0.007247,0.01212,0.0164,0.02203
175.0,3.588E-7,1.639E-6,7.352E-6,3.314E-5,1.47E-4,6.258E-4,0.002309,0.006633,0.01113,0.01508,0.020292
200.0,3.175E-7,1.467E-6,6.635E-6,3.024E-5,1.35E-4,5.773E-4,0.002133,0.006133,0.01031,0.014,0.018866
250.0,2.49E-7,1.181E-6,5.473E-6,2.524E-5,1.151E-4,4.977E-4,0.001845,0.005355,0.009022,0.01226,0.016525
300.0,2.026E-7,9.821E-7,4.647E-6,2.166E-5,1.006E-4,4.386E-4,0.001629,0.004768,0.008046,0.01094,0.014762
350.0,1.691E-7,8.331E-7,4.014E-6,1.899E-5,8.921E-5,3.922E-4,0.00146,0.004292,0.007244,0.009853,0.013305
400.0,1.437E-7,7.184E-7,3.514E-6,1.688E-5,8.001E-5,3.544E-4,0.001322,0.003898,0.006577,0.008946,0.012082
450.0,1.236E-7,6.259E-7,3.102E-6,1.512E-5,7.224E-5,3.222E-4,0.001206,0.003564,0.006013,0.008178,0.011045
500.0,1.079E-7,5.53E-7,2.77E-6,1.366E-5,6.576E-5,2.95E-4,0.001107,0.003281,0.005535,0.007527,0.010162
600.0,8.513E-8,4.441E-7,2.267E-6,1.138E-5,5.538E-5,2.514E-4,9.528E-4,0.002828,0.004788,0.006526,0.0088311
700.0,6.954E-8,3.679E-7,1.907E-6,9.695E-6,4.755E-5,2.181E-4,8.33E-4,0.002475,0.004204,0.005742,0.0077861
800.0,5.824E-8,3.115E-7,1.635E-6,8.396E-6,4.143E-5,1.917E-4,7.367E-4,0.002192,0.003733,0.005107,0.0069367
1000.0,4.309E-8,2.343E-7,1.25E-6,6.531E-6,3.267E-5,1.525E-4,5.905E-4,0.001762,0.003006,0.004115,0.0055951
1200.0,3.348E-8,1.84E-7,9.921E-7,5.252E-6,2.654E-5,1.246E-4,4.858E-4,0.001453,0.002482,0.003401,0.0046264
1500.0,2.3157E-8,1.2904E-7,7.0828E-7,3.8321E-6,1.9528E-5,9.2979E-5,3.6858E-4,0.0011009,0.001887,0.002591,0.003532
