PGA
r\m,4.0,4.5,5.0,5.5,6.0,6.5,7.0,7.5,7.8,8.0,8.2
0.0,0.15069,0.297,0.5039,0.75002,0.97811,1.15,1.3841,1.5303,1.5494,1.5316,1.4901
1.0,0.12389,0.2463,0.42415,0.64304,0.85676,1.0281,1.2475,1.3885,1.4116,1.3992,1.3649
5.0,0.066589,0.13612,0.24481,0.39116,0.55402,0.70507,0.87906,1.0009,1.0316,1.0318,1.0157
10.0,0.038047,0.079798,0.14864,0.24749,0.36377,0.48897,0.62647,0.72913,0.76139,0.76825,0.76294
15.0,0.024823,0.052384,0.099457,0.16967,0.26069,0.36596,0.47784,0.56592,0.59718,0.60678,0.60679
20.0,0.017135,0.036979,0.071979,0.12625,0.19972,0.28754,0.38119,0.45804,0.48755,0.49827,0.50117
25.0,0.012734,0.027927,0.055308,0.098842,0.1595,0.2338,0.31392,0.38191,0.40955,0.42062,0.42518
30.0,0.0099005,0.021995,0.044156,0.080062,0.13116,0.195,0.26474,0.32558,0.35142,0.36249,0.368
40.0,0.0065304,0.014808,0.030363,0.056284,0.094339,0.14336,0.19825,0.2483,0.27095,0.28154,0.28792
50.0,0.0046511,0.010718,0.022342,0.042123,0.071838,0.11102,0.15588,0.19818,0.21823,0.22812,0.23469
60.0,0.0034868,0.0081432,0.017208,0.032898,0.056903,0.089165,0.12681,0.16331,0.18121,0.19039,0.19689
70.0,0.0027129,0.0064092,0.013702,0.026507,0.0464,0.073569,0.10581,0.13778,0.15391,0.16243,0.16872
80.0,0.002171,0.0051811,0.01119,0.021871,0.038685,0.061971,0.090012,0.11837,0.13301,0.14093,0.14697
90.0,0.0017762,0.0042773,0.0093223,0.018388,0.032826,0.053068,0.077765,0.10317,0.11655,0.12393,0.12969
100.0,0.0014794,0.0035917,0.0078924,0.015696,0.028254,0.046055,0.068031,0.090987,0.10328,0.11017,0.11566
110.0,0.0012506,0.0030587,0.0067714,0.013568,0.024608,0.040414,0.060138,0.081021,0.09237,0.098821,0.10405
120.0,0.0010703,0.0026356,0.005875,0.011853,0.021647,0.035796,0.053628,0.07274,0.083265,0.08932,0.094303
130.0,9.2572E-4,0.0022941,0.0051461,0.010449,0.019205,0.03196,0.048182,0.065762,0.075561,0.081259,0.086007
140.0,8.08E-4,0.0020142,0.0045449,0.0092831,0.017163,0.028732,0.043569,0.059814,0.068967,0.074341,0.078869
150.0,7.1088E-4,0.0017818,0.0040429,0.0083034,0.015437,0.025986,0.039621,0.054691,0.063267,0.068346,0.072667
175.0,5.312E-4,0.001348,0.0030967,0.0064397,0.012123,0.020661,0.031892,0.044568,0.051938,0.056384,0.060244
200.0,4.1022E-4,0.0010523,0.0024437,0.0051372,0.009776,0.016844,0.02628,0.037122,0.043541,0.047472,0.050941
250.0,2.6276E-4,6.8643E-4,0.0016233,0.0034754,0.0067357,0.011819,0.018778,0.027011,0.032029,0.035175,0.03802
300.0,1.8006E-4,4.775E-4,0.0011463,0.0024913,0.0049016,0.0087309,0.014081,0.02056,0.024599,0.027178,0.029552
350.0,1.2937E-4,3.4748E-4,8.4491E-4,0.0018599,0.0037063,0.0066866,0.010923,0.016153,0.019474,0.021625,0.023635
400.0,9.6264E-5,2.6144E-4,6.4281E-4,0.0014308,0.0028831,0.0052597,0.0086875,0.012991,0.015767,0.017586,0.019306
450.0,7.3587E-5,2.0183E-4,5.0114E-4,0.0011265,0.0022924,0.0042233,0.0070445,0.010638,0.012987,0.014543,0.016028
500.0,5.747E-5,1.5902E-4,3.9834E-4,9.0334E-4,0.0018546,0.003447,0.0058005,0.0088368,0.010846,0.012188,0.01348
600.0,3.6822E-5,1.0346E-4,2.6316E-4,6.0599E-4,0.0012633,0.0023843,0.004074,0.0063022,0.0078062,0.008826,0.0098215
700.0,2.4782E-5,7.0539E-5,1.8177E-4,4.2404E-4,8.9555E-4,0.0017123,0.002964,0.004645,0.0057985,0.0065901,0.0073716
800.0,1.7325E-5,4.9881E-5,1.3E-4,3.0666E-4,6.5482E-4,0.0012657,0.0022144,0.0035076,0.0044083,0.0050327,0.0056549
1000.0,9.1583E-6,2.6867E-5,7.1112E-5,1.7041E-4,3.7005E-4,7.2823E-4,0.0012982,0.0020951,0.0026637,0.0030629,0.003466
1200.0,5.1539E-6,1.5218E-5,4.0741E-5,9.8668E-5,2.1616E-4,4.2941E-4,7.7356E-4,0.0012595,0.0016097,0.0018592,0.002114
1500.0,2.2742E-6,6.8088E-6,1.8393E-5,4.506E-5,1.0012E-4,2.0178E-4,3.6884E-4,6.0935E-4,7.8387E-4,9.0927E-4,0.0010384
PGV
r\m,4.0,4.5,5.0,5.5,6.0,6.5,7.0,7.5,7.8,8.0,8.2
0.0,1.8631,5.0222,11.228,21.437,35.08,51.109,75.49,100.12,111.81,117.42,120.92
1.0,1.4611,3.9898,9.1369,17.959,30.354,45.518,67.97,90.978,102.16,107.69,111.3
5.0,0.72458,2.0561,5.0066,10.587,19.43,31.435,48.592,66.979,76.548,81.643,85.381
10.0,0.40859,1.1974,3.0463,6.7754,13.036,22.437,35.807,50.689,58.866,63.457,67.074
15.0,0.27039,0.80114,2.0877,4.781,9.6458,17.369,28.332,40.935,48.124,52.302,55.737
20.0,0.19136,0.58123,1.5562,3.6706,7.6355,14.118,23.427,34.413,40.859,44.702,47.953
25.0,0.146,0.45137,1.2314,2.9632,6.2933,11.859,19.96,29.731,35.596,39.161,42.244
30.0,0.11651,0.3653,1.0114,2.4714,5.3331,10.201,17.38,26.2,31.595,34.926,37.857
40.0,0.080741,0.25883,0.73307,1.834,4.054,7.9353,13.795,21.215,25.892,28.851,31.522
50.0,0.060178,0.19627,0.56576,1.4411,3.2441,6.464,11.423,17.853,22.002,24.677,27.138
60.0,0.047038,0.15562,0.45512,1.1764,2.6879,5.4343,9.7359,15.427,19.169,21.617,23.903
70.0,0.038038,0.12739,0.37716,0.98709,2.2838,4.6748,8.4752,13.589,17.006,19.269,21.407
80.0,0.031552,0.1068,0.31962,0.84558,1.9778,4.0924,7.4972,12.147,15.296,17.404,19.417
90.0,0.026696,0.091226,0.27562,0.7362,1.7386,3.6321,6.7163,10.984,13.909,15.884,17.787
100.0,0.02295,0.079097,0.24103,0.64939,1.547,3.2596,6.0785,10.025,12.758,14.62,16.427
110.0,0.019989,0.06943,0.21323,0.579,1.3901,2.9521,5.5476,9.2195,11.788,13.549,15.271
120.0,0.017602,0.061574,0.19046,0.52089,1.2596,2.6942,5.0989,8.5338,10.958,12.631,14.275
130.0,0.015644,0.055086,0.17152,0.4722,1.1495,2.475,4.7147,7.9424,10.238,11.832,13.408
140.0,0.014015,0.049652,0.15555,0.43088,1.0554,2.2864,4.3819,7.4269,9.6087,11.132,12.645
150.0,0.012642,0.045047,0.14193,0.39542,0.97415,2.1225,4.091,6.9733,9.0526,10.511,11.967
175.0,0.010019,0.036159,0.1154,0.32569,0.81276,1.7938,3.5019,6.0459,7.9091,9.2305,10.563
200.0,0.0081688,0.029815,0.096226,0.27462,0.69307,1.5469,3.0537,5.3312,7.0209,8.2305,9.4606
250.0,0.0057751,0.021478,0.070638,0.20543,0.52832,1.2016,2.417,4.2995,5.7263,6.7635,7.8329
300.0,0.0043261,0.01634,0.054577,0.1612,0.42104,0.97253,1.9867,3.5891,4.8246,5.7337,6.6814
350.0,0.0033743,0.012913,0.043702,0.13079,0.34613,0.81007,1.6767,3.069,4.158,4.9675,5.8191
400.0,0.0027114,0.010496,0.035929,0.10876,0.29114,0.6892,1.4429,2.6713,3.6441,4.3734,5.1465
450.0,0.0022293,0.0087171,0.030142,0.09217,0.24923,0.59599,1.2604,2.3571,3.235,3.8982,4.6058
500.0,0.0018665,0.0073646,0.025697,0.079293,0.21636,0.52209,1.1141,2.1025,2.9013,3.5087,4.1607
600.0,0.0013641,0.0054674,0.019379,0.060743,0.16837,0.41271,0.89465,1.715,2.389,2.9073,3.4692
700.0,0.0010392,0.004221,0.015162,0.04816,0.13528,0.33604,0.7382,1.434,2.0136,2.4636,2.9554
800.0,8.1622E-4,0.0033538,0.012187,0.03916,0.11128,0.27963,0.6214,1.2212,1.7266,2.1222,2.5577
1000.0,5.3754E-4,0.0022518,0.0083421,0.027329,0.079174,0.20284,0.45955,0.92072,1.317,1.6313,1.9813
1200.0,3.7624E-4,0.0016013,0.0060266,0.020058,0.059036,0.15366,0.35368,0.7199,1.0395,1.2958,1.5838
1500.0,2.3756E-4,0.0010308,0.0039557,0.013423,0.040282,0.1069,0.25087,0.52063,0.76059,0.95547,1.1769
SA0P02
r\m,4.0,4.5,5.0,5.5,6.0,6.5,7.0,7.5,7.8,8.0,8.2
0.0,0.27895,0.54758,0.93671,1.4158,1.8839,2.254,2.7222,3.0221,3.0709,3.0442,2.9711
1.0,0.23753,0.46928,0.81095,1.241,1.6757,2.0344,2.4725,2.7597,2.8135,2.795,2.7338
5.0,0.13789,0.27853,0.49717,0.79103,1.1182,1.4201,1.7651,2.0078,2.0703,2.0723,2.0424
10.0,0.081236,0.1677,0.30823,0.50743,0.73837,0.98358,1.2526,1.4524,1.5149,1.5281,1.5176
15.0,0.053146,0.1101,0.2056,0.34558,0.52397,0.72739,0.94256,1.1104,1.1693,1.187,1.1863
20.0,0.03631,0.076819,0.14688,0.2535,0.39536,0.56241,0.73919,0.88269,0.93706,0.95639,0.96104
25.0,0.026587,0.057121,0.11105,0.19518,0.31034,0.44929,0.59775,0.72224,0.77217,0.79181,0.79942
30.0,0.020334,0.044235,0.087141,0.15535,0.25071,0.36807,0.49493,0.60428,0.65011,0.66944,0.6787
40.0,0.012965,0.028778,0.057887,0.10548,0.17415,0.26127,0.35775,0.44466,0.48354,0.50149,0.51207
50.0,0.0089371,0.020158,0.041221,0.076397,0.12835,0.19585,0.27224,0.34347,0.37687,0.39319,0.4039
60.0,0.0064979,0.014855,0.030798,0.057886,0.098651,0.15266,0.21496,0.27472,0.30376,0.31855,0.32891
70.0,0.0049144,0.011367,0.023846,0.045361,0.078251,0.12255,0.17453,0.22557,0.25111,0.26453,0.27436
80.0,0.0038309,0.0089526,0.018977,0.036481,0.063605,0.10067,0.14482,0.18905,0.21172,0.22393,0.23319
90.0,0.0030589,0.0072148,0.015436,0.029954,0.052722,0.08423,0.12227,0.16107,0.18137,0.19252,0.20121
100.0,0.0024908,0.0059242,0.012782,0.025015,0.044407,0.07155,0.10473,0.13909,0.1574,0.16763,0.17577
110.0,0.0020615,0.0049409,0.010743,0.021187,0.037907,0.061551,0.090774,0.12148,0.13809,0.14751,0.15514
120.0,0.0017299,0.0041754,0.0091429,0.018161,0.032726,0.053519,0.079481,0.10711,0.12226,0.13097,0.13813
130.0,0.0014689,0.0035686,0.0078656,0.015727,0.028529,0.046964,0.0702,0.095217,0.10911,0.11718,0.12391
140.0,0.00126,0.0030799,0.0068301,0.013741,0.02508,0.041541,0.062472,0.085249,0.098046,0.10555,0.11188
150.0,0.0010905,0.0026809,0.0059796,0.012099,0.022212,0.037002,0.055963,0.076802,0.088631,0.095636,0.1016
175.0,7.8516E-4,0.0019553,0.0044178,0.009056,0.016842,0.028424,0.043543,0.060528,0.070391,0.076344,0.081523
200.0,5.8687E-4,0.0014781,0.0033776,0.0070026,0.013172,0.022483,0.034833,0.048968,0.057332,0.062461,0.066999
250.0,3.558E-4,9.134E-4,0.0021275,0.0044962,0.0086212,0.015,0.023686,0.033937,0.040191,0.044121,0.047688
300.0,2.3315E-4,6.0806E-4,0.0014389,0.0030893,0.0060181,0.010638,0.017065,0.024839,0.029695,0.032805,0.035681
350.0,1.6138E-4,4.2659E-4,0.0010232,0.0022265,0.0043963,0.0078766,0.012806,0.018892,0.022769,0.025289,0.027654
400.0,1.1635E-4,3.1118E-4,7.5515E-4,0.0016627,0.0033219,0.0060219,0.009906,0.014786,0.017946,0.020026,0.022002
450.0,8.6558E-5,2.3392E-4,5.736E-4,0.0012762,0.0025763,0.0047192,0.0078442,0.011831,0.014449,0.01619,0.017862
500.0,6.6027E-5,1.8011E-4,4.458E-4,0.0010012,0.00204,0.0037719,0.0063284,0.0096341,0.011832,0.013308,0.014737
600.0,4.0701E-5,1.1284E-4,2.8386E-4,6.4792E-4,0.0013419,0.0025217,0.0042999,0.006653,0.0082506,0.0093401,0.01041
700.0,2.6579E-5,7.4711E-5,1.9055E-4,4.4097E-4,9.2595E-4,0.0017642,0.00305,0.0047845,0.0059827,0.0068101,0.0076324
800.0,1.8112E-5,5.1524E-5,1.3299E-4,3.1148E-4,6.6193E-4,0.0012764,0.0022332,0.0035453,0.0044651,0.0051071,0.0057512
1000.0,9.214E-6,2.6867E-5,7.1112E-5,1.7041E-4,3.7005E-4,7.2823E-4,0.0012982,0.0020951,0.0026637,0.0030629,0.003466
1200.0,5.1539E-6,1.5218E-5,4.0741E-5,9.8668E-5,2.1616E-4,4.2941E-4,7.7356E-4,0.0012595,0.0016097,0.0018592,0.002114
1500.0,2.2742E-6,6.8088E-6,1.8393E-5,4.506E-5,1.0012E-4,2.0178E-4,3.6884E-4,6.0935E-4,7.8387E-4,9.0927E-4,0.0010384
SA0P025
r\m,4.0,4.5,5.0,5.5,6.0,6.5,7.0,7.5,7.8,8.0,8.2
0.0,0.28109,0.5535,0.9543,1.4582,1.9671,2.3867,2.8988,3.2349,3.2984,3.2775,3.2067
1.0,0.24299,0.48127,0.83711,1.2928,1.7662,2.1704,2.6511,2.9731,3.0405,3.0271,2.9676
5.0,0.14721,0.29751,0.53264,0.85143,1.2112,1.5492,1.9317,2.2046,2.2783,2.2843,2.2551
10.0,0.089424,0.18445,0.3392,0.5594,0.81669,1.0915,1.3924,1.618,1.6904,1.7071,1.6975
15.0,0.059584,0.12326,0.23005,0.38676,0.58695,0.81578,1.058,1.2482,1.3158,1.3369,1.3374
20.0,0.041211,0.086984,0.16604,0.2863,0.44638,0.63507,0.83494,0.99786,1.0602,1.0827,1.0888
25.0,0.030409,0.065145,0.12636,0.22173,0.35221,0.50966,0.67797,0.81952,0.87666,0.89939,0.90856
30.0,0.023378,0.050691,0.09959,0.17717,0.28552,0.4188,0.56289,0.68734,0.73974,0.762,0.7729
40.0,0.014996,0.03316,0.066487,0.12084,0.1991,0.29827,0.40805,0.50702,0.55141,0.57198,0.58421
50.0,0.010366,0.023285,0.047447,0.087679,0.14696,0.22385,0.31079,0.39187,0.42994,0.4486,0.46089
60.0,0.0075446,0.017174,0.035471,0.066461,0.11297,0.17448,0.24535,0.31329,0.34635,0.36321,0.37505
70.0,0.0057061,0.013139,0.027456,0.052057,0.089559,0.13996,0.19903,0.25698,0.286,0.30126,0.31247
80.0,0.0044452,0.010341,0.021832,0.041826,0.07272,0.11484,0.16493,0.21508,0.2408,0.25465,0.26518
90.0,0.0035456,0.0083239,0.017737,0.034298,0.060195,0.095947,0.13904,0.18296,0.20593,0.21857,0.22842
100.0,0.0028833,0.0068255,0.014666,0.0286,0.050622,0.081371,0.11889,0.15772,0.1784,0.18996,0.19918
110.0,0.0023828,0.0056837,0.012306,0.024184,0.043139,0.069878,0.10287,0.13749,0.15622,0.16685,0.17547
120.0,0.0019962,0.0047951,0.010456,0.020694,0.037177,0.06065,0.089905,0.12101,0.13806,0.14786,0.15593
130.0,0.001692,0.0040911,0.0089791,0.017889,0.03235,0.053123,0.079259,0.10737,0.12298,0.13205,0.13961
140.0,0.0014489,0.0035245,0.007783,0.015601,0.028387,0.046902,0.070401,0.095945,0.11029,0.11871,0.12582
150.0,0.0012517,0.0030624,0.0068013,0.013712,0.025093,0.041699,0.062947,0.086274,0.099512,0.10735,0.11404
175.0,8.9709E-4,0.0022232,0.0050017,0.010215,0.018939,0.031882,0.048749,0.067675,0.078661,0.085295,0.09107
200.0,6.6746E-4,0.0016729,0.0038065,0.0078627,0.014744,0.025104,0.038818,0.054498,0.063774,0.069465,0.074502
250.0,4.0105E-4,0.0010246,0.0023764,0.0050037,0.0095649,0.016601,0.026164,0.037439,0.044316,0.048639,0.052566
300.0,2.6056E-4,6.7628E-4,0.0015936,0.0034091,0.0066209,0.011675,0.018694,0.027175,0.032473,0.035867,0.039008
350.0,1.7888E-4,4.7061E-4,0.001124,0.0024373,0.0047981,0.0085759,0.013918,0.020508,0.024704,0.027434,0.029998
400.0,1.2796E-4,3.4062E-4,8.232E-4,0.0018062,0.0035979,0.0065069,0.010685,0.01593,0.019326,0.021563,0.023689
450.0,9.4482E-5,2.5415E-4,6.2067E-4,0.0013761,0.00277,0.0050623,0.0084002,0.012655,0.015449,0.017309,0.019096
500.0,7.1551E-5,1.9428E-4,4.7893E-4,0.0010719,0.002178,0.0040179,0.0067298,0.010234,0.012564,0.01413,0.015647
600.0,4.35E-5,1.2006E-4,3.0083E-4,6.8435E-4,0.0014134,0.0026503,0.0045122,0.0069746,0.0086467,0.0097877,0.010909
700.0,2.8037E-5,7.8461E-5,1.9934E-4,4.5981E-4,9.6293E-4,0.0018308,0.0031605,0.0049533,0.0061921,0.0070481,0.0078994
800.0,1.8867E-5,5.3439E-5,1.3742E-4,3.2082E-4,6.7999E-4,0.0013085,0.0022863,0.0036266,0.0045664,0.0052228,0.0058819
1000.0,9.373E-6,2.709E-5,7.1112E-5,1.7041E-4,3.7005E-4,7.2823E-4,0.0012982,0.0020951,0.0026637,0.0030629,0.003466
1200.0,5.1539E-6,1.5218E-5,4.0741E-5,9.8668E-5,2.1616E-4,4.2941E-4,7.7356E-4,0.0012595,0.0016097,0.0018592,0.002114
1500.0,2.2742E-6,6.8088E-6,1.8393E-5,4.506E-5,1.0012E-4,2.0178E-4,3.6884E-4,6.0935E-4,7.8387E-4,9.0927E-4,0.0010384
SA0P03
r\m,4.0,4.5,5.0,5.5,6.0,6.5,7.0,7.5,7.8,8.0,8.2
0.0,0.27365,0.53928,0.93148,1.4269,1.9317,2.3535,2.8649,3.2047,3.2728,3.2555,3.1889
1.0,0.23723,0.47021,0.81925,1.2683,1.7384,2.1445,2.6253,2.951,3.0225,3.0125,2.9566
5.0,0.14512,0.29344,0.52603,0.84244,1.2016,1.5417,1.9263,2.203,2.2799,2.2881,2.2612
10.0,0.088999,0.18362,0.33799,0.5582,0.81679,1.0943,1.3983,1.628,1.7029,1.7213,1.7132
15.0,0.059754,0.12366,0.23096,0.38877,0.59095,0.82277,1.0686,1.2629,1.3329,1.3553,1.357
20.0,0.041612,0.087837,0.16774,0.28947,0.45185,0.64373,0.84743,1.0144,1.0789,1.1026,1.1097
25.0,0.030874,0.066133,0.1283,0.22527,0.35815,0.51884,0.69098,0.83643,0.89563,0.91951,0.92958
30.0,0.023846,0.051692,0.10156,0.18075,0.29149,0.42794,0.57577,0.70398,0.75834,0.78168,0.79341
40.0,0.015413,0.034064,0.068286,0.12412,0.20458,0.30669,0.41991,0.52233,0.5685,0.59005,0.60304
50.0,0.010719,0.024061,0.049007,0.090551,0.1518,0.23132,0.32137,0.40558,0.44529,0.46485,0.47784
60.0,0.0078402,0.017831,0.036808,0.068945,0.1172,0.18104,0.25471,0.32549,0.36004,0.37774,0.39025
70.0,0.0059544,0.013697,0.028601,0.054204,0.093239,0.14573,0.2073,0.26784,0.29823,0.31427,0.3261
80.0,0.004655,0.010817,0.022817,0.043689,0.075937,0.11992,0.17226,0.22476,0.25174,0.26632,0.27744
90.0,0.0037243,0.0087326,0.018589,0.035923,0.063021,0.10044,0.14557,0.19162,0.21577,0.22908,0.23948
100.0,0.0030366,0.0071787,0.015408,0.030025,0.053117,0.085362,0.12472,0.16551,0.18727,0.19946,0.2092
110.0,0.0025152,0.005991,0.012957,0.02544,0.045352,0.07344,0.1081,0.14452,0.16425,0.17547,0.18458
120.0,0.0021114,0.0050641,0.011029,0.021807,0.03915,0.063842,0.094623,0.12737,0.14536,0.15571,0.16424
130.0,0.0017928,0.0043278,0.0094863,0.018879,0.034116,0.055996,0.083526,0.11315,0.12963,0.13921,0.14722
140.0,0.0015375,0.0037339,0.008234,0.016487,0.029974,0.049496,0.074273,0.10122,0.11637,0.12527,0.13279
150.0,0.0013301,0.0032485,0.0072042,0.014507,0.026525,0.04405,0.066472,0.091097,0.10508,0.11338,0.12045
175.0,9.5586E-4,0.0023644,0.0053108,0.010832,0.020061,0.033745,0.05157,0.071574,0.083193,0.090213,0.09633
200.0,7.1255E-4,0.0017823,0.0040484,0.00835,0.015639,0.026603,0.04111,0.057694,0.067508,0.073531,0.078866
250.0,4.2904E-4,0.0010936,0.0025315,0.0053213,0.010158,0.017609,0.027729,0.039655,0.046928,0.051501,0.055655
300.0,2.7887E-4,7.2205E-4,0.0016978,0.0036251,0.0070291,0.012378,0.019798,0.028759,0.034353,0.037937,0.041254
350.0,1.9132E-4,5.0202E-4,0.0011963,0.0025887,0.005087,0.0090786,0.014716,0.021662,0.026084,0.028959,0.031659
400.0,1.3664E-4,3.6273E-4,8.7448E-4,0.0019145,0.0038063,0.0068726,0.01127,0.016784,0.020352,0.0227,0.024933
450.0,1.0067E-4,2.7001E-4,6.5769E-4,0.0014548,0.0029225,0.0053315,0.0088336,0.013292,0.016217,0.018163,0.020032
500.0,7.6022E-5,2.0581E-4,5.0598E-4,0.0011297,0.0022904,0.0042174,0.0070527,0.010711,0.013141,0.014772,0.016353
600.0,4.5905E-5,1.2629E-4,3.1554E-4,7.1594E-4,0.0014752,0.0027604,0.0046912,0.0072402,0.008969,0.010148,0.011306
700.0,2.9351E-5,8.1864E-5,2.0735E-4,4.7696E-4,9.9632E-4,0.0018901,0.0032563,0.0050949,0.0063635,0.0072394,0.0081098
800.0,1.9576E-5,5.5253E-5,1.4163E-4,3.2967E-4,6.9691E-4,0.0013379,0.0023326,0.0036933,0.004646,0.0053107,0.0059776
1000.0,9.534E-6,2.7452E-5,7.1786E-5,1.7047E-4,3.7005E-4,7.2823E-4,0.0012982,0.0020951,0.0026637,0.0030629,0.003466
1200.0,5.1539E-6,1.5218E-5,4.0741E-5,9.8668E-5,2.1616E-4,4.2941E-4,7.7356E-4,0.0012595,0.0016097,0.0018592,0.002114
1500.0,2.2742E-6,6.8088E-6,1.8393E-5,4.506E-5,1.0012E-4,2.0178E-4,3.6884E-4,6.0935E-4,7.8387E-4,9.0927E-4,0.0010384
SA0P04
r\m,4.0,4.5,5.0,5.5,6.0,6.5,7.0,7.5,7.8,8.0,8.2
0.0,0.26577,0.52323,0.90142,1.3765,1.8571,2.2581,2.7549,3.0907,3.1627,3.1507,3.0908
1.0,0.2288,0.45322,0.7883,1.2179,1.6659,2.0534,2.5201,2.842,2.9171,2.9119,2.8625
5.0,0.13781,0.27878,0.49995,0.80123,1.1441,1.4713,1.8443,2.1175,2.1969,2.2088,2.1869
10.0,0.08411,0.1737,0.32023,0.52998,0.77778,1.0459,1.3414,1.5683,1.645,1.666,1.6616
15.0,0.05658,0.11727,0.21948,0.37046,0.56505,0.78974,1.0297,1.2221,1.2935,1.3179,1.3223
20.0,0.039621,0.083763,0.1603,0.27739,0.43444,0.62128,0.82103,0.98702,1.0527,1.0781,1.0873
25.0,0.029588,0.063471,0.12339,0.21721,0.34643,0.50369,0.67334,0.81855,0.87891,0.90411,0.91588
30.0,0.023007,0.04994,0.098303,0.17538,0.28368,0.41791,0.56435,0.69287,0.74839,0.7729,0.78605
40.0,0.01507,0.033338,0.066932,0.12191,0.20147,0.30295,0.41619,0.51969,0.56706,0.58961,0.60372
50.0,0.01061,0.023832,0.048598,0.089948,0.15112,0.23091,0.32178,0.40753,0.44848,0.46895,0.48291
60.0,0.0078486,0.017856,0.036889,0.06919,0.11783,0.18245,0.25738,0.32996,0.36577,0.38434,0.39771
70.0,0.0060221,0.013853,0.02894,0.054902,0.094582,0.14812,0.21121,0.27367,0.30532,0.32219,0.33482
80.0,0.0047519,0.011038,0.023288,0.044622,0.07765,0.12282,0.17681,0.23129,0.25952,0.2749,0.28676
90.0,0.003834,0.0089841,0.019123,0.036967,0.06491,0.10359,0.15041,0.19844,0.22381,0.23789,0.24901
100.0,0.0031501,0.0074403,0.015963,0.031109,0.055068,0.088592,0.12964,0.17238,0.19532,0.20826,0.21867
110.0,0.0026276,0.0062513,0.01351,0.026523,0.047297,0.07665,0.11297,0.1513,0.17217,0.1841,0.19386
120.0,0.0022199,0.0053167,0.011568,0.022863,0.041049,0.066975,0.099367,0.13396,0.15305,0.16408,0.17324
130.0,0.001896,0.0045693,0.010004,0.019896,0.035946,0.059018,0.088101,0.1195,0.13703,0.14728,0.15588
140.0,0.0016348,0.0039627,0.0087262,0.017456,0.031723,0.052389,0.078656,0.1073,0.12347,0.133,0.14109
150.0,0.0014213,0.0034639,0.0076693,0.015426,0.028187,0.046804,0.07065,0.096901,0.11186,0.12076,0.12838
175.0,0.0010324,0.002547,0.0057087,0.011624,0.021504,0.036149,0.055233,0.076682,0.089167,0.096728,0.10333
200.0,7.7637E-4,0.001936,0.004386,0.0090274,0.016881,0.028683,0.044296,0.062156,0.072739,0.079244,0.085017
250.0,4.7359E-4,0.0012025,0.0027741,0.0058144,0.011072,0.019158,0.030124,0.04304,0.050917,0.055872,0.060376
300.0,3.1046E-4,8.002E-4,0.0018739,0.0039868,0.0077067,0.013536,0.021605,0.031332,0.037399,0.041285,0.04488
350.0,2.1412E-4,5.5897E-4,0.0013258,0.002857,0.0055937,0.009951,0.016086,0.023628,0.02842,0.031532,0.034453
400.0,1.5335E-4,4.048E-4,9.7085E-4,0.0021155,0.0041884,0.0075344,0.012316,0.018292,0.022148,0.024683,0.02709
450.0,1.1307E-4,3.0143E-4,7.301E-4,0.0016067,0.0032125,0.0058362,0.0096342,0.01445,0.017601,0.019693,0.021698
500.0,8.5329E-5,2.2949E-4,5.6079E-4,0.0012451,0.0025116,0.0046034,0.0076667,0.011601,0.014206,0.015951,0.017637
600.0,5.1259E-5,1.4E-4,3.474E-4,7.8326E-4,0.0016045,0.0029864,0.0050507,0.0077611,0.0095914,0.010836,0.012055
700.0,3.2483E-5,8.9883E-5,2.2597E-4,5.1619E-4,0.0010713,0.0020202,0.0034615,0.0053889,0.0067121,0.0076227,0.008525
800.0,2.1413E-5,5.9926E-5,1.5238E-4,3.5205E-4,7.3899E-4,0.0014094,0.0024425,0.0038459,0.004823,0.0055022,0.0061814
1000.0,1.0126E-5,2.8882E-5,7.4851E-5,1.7625E-4,3.7708E-4,7.3301E-4,0.0012982,0.0020951,0.0026637,0.0030629,0.003466
1200.0,5.1824E-6,1.5218E-5,4.0741E-5,9.8668E-5,2.1616E-4,4.2941E-4,7.7356E-4,0.0012595,0.0016097,0.0018592,0.002114
1500.0,2.2742E-6,6.8088E-6,1.8393E-5,4.506E-5,1.0012E-4,2.0178E-4,3.6884E-4,6.0935E-4,7.8387E-4,9.0927E-4,0.0010384
SA0P05
r\m,4.0,4.5,5.0,5.5,6.0,6.5,7.0,7.5,7.8,8.0,8.2
0.0,0.26807,0.5276,0.90647,1.379,1.8521,2.2449,2.7447,3.0887,3.167,3.1594,3.104
1.0,0.22868,0.45302,0.78665,1.2124,1.6537,2.0349,2.5038,2.8327,2.9139,2.9131,2.8682
5.0,0.1349,0.27318,0.49028,0.78635,1.1239,1.4478,1.8211,2.0989,2.1832,2.1989,2.1811
10.0,0.081628,0.16886,0.31189,0.51737,0.76143,1.0274,1.3228,1.5531,1.6335,1.6574,1.6562
15.0,0.054873,0.11396,0.21382,0.36196,0.55396,0.77718,1.0173,1.2126,1.2869,1.3137,1.3207
20.0,0.038551,0.081667,0.15667,0.27192,0.42733,0.6134,0.81376,0.98242,1.0507,1.078,1.0893
25.0,0.028921,0.062159,0.12112,0.21382,0.34216,0.49927,0.66994,0.81778,0.88042,0.90734,0.9209
30.0,0.022602,0.049148,0.096957,0.17344,0.28141,0.41599,0.56378,0.69492,0.75254,0.77857,0.7933
40.0,0.014958,0.033138,0.066652,0.12167,0.20162,0.3041,0.41913,0.52527,0.57452,0.59835,0.61373
50.0,0.010636,0.023915,0.048838,0.090562,0.1525,0.23363,0.32652,0.4149,0.45757,0.47919,0.49422
60.0,0.00794,0.018076,0.037384,0.070223,0.11982,0.18595,0.26299,0.33815,0.37558,0.39519,0.40952
70.0,0.0061433,0.014136,0.029554,0.056131,0.096848,0.15196,0.21717,0.28213,0.31531,0.33315,0.34666
80.0,0.0048846,0.011346,0.023949,0.045924,0.080014,0.12676,0.18283,0.23972,0.26939,0.28568,0.29836
90.0,0.0039686,0.0092968,0.01979,0.038277,0.06727,0.10749,0.15633,0.20667,0.2334,0.24834,0.26022
100.0,0.0032815,0.0077462,0.016616,0.032389,0.057368,0.092383,0.13537,0.18031,0.20455,0.21829,0.22943
110.0,0.0027532,0.0065445,0.014138,0.027752,0.049506,0.080288,0.11846,0.15887,0.18098,0.19367,0.20411
120.0,0.0023384,0.0055945,0.012164,0.024033,0.043152,0.070438,0.10459,0.14117,0.16143,0.17319,0.18299
130.0,0.0020071,0.0048306,0.010566,0.021002,0.037937,0.0623,0.093054,0.12634,0.14498,0.15591,0.16512
140.0,0.0017385,0.0042073,0.0092539,0.018497,0.033601,0.055489,0.083339,0.11377,0.131,0.14118,0.14985
150.0,0.0015178,0.0036923,0.0081636,0.016404,0.029955,0.049727,0.075071,0.10302,0.11898,0.12849,0.13667
175.0,0.0011126,0.0027385,0.0061262,0.012456,0.023016,0.03866,0.059049,0.081979,0.095345,0.10345,0.11054
200.0,8.43E-4,0.0020964,0.0047381,0.009733,0.018171,0.030838,0.047585,0.066741,0.078099,0.085085,0.091291
250.0,5.2017E-4,0.0013161,0.0030267,0.0063263,0.012018,0.020753,0.03258,0.046492,0.054969,0.060301,0.065148
300.0,3.437E-4,8.8215E-4,0.0020579,0.0043634,0.0084089,0.01473,0.023457,0.033953,0.04049,0.044671,0.048538
350.0,2.3829E-4,6.191E-4,0.001462,0.0031378,0.0061213,0.010854,0.017497,0.025636,0.030795,0.03414,0.037276
400.0,1.7122E-4,4.4958E-4,0.001073,0.0023275,0.004589,0.0082241,0.013398,0.019839,0.023984,0.026703,0.029279
450.0,1.2646E-4,3.3518E-4,8.075E-4,0.0017682,0.0035192,0.0063665,0.01047,0.015649,0.019025,0.021261,0.0234
500.0,9.5467E-5,2.5518E-4,6.1998E-4,0.0013691,0.0027479,0.0050133,0.0083141,0.012533,0.015313,0.017171,0.018962
600.0,5.7225E-5,1.5522E-4,3.8267E-4,8.5752E-4,0.0017466,0.0032335,0.0054416,0.0083235,0.01026,0.011572,0.012855
700.0,3.6076E-5,9.9076E-5,2.4732E-4,5.6115E-4,0.0011573,0.0021693,0.0036962,0.0057245,0.0071092,0.0080585,0.008996
800.0,2.3604E-5,6.5529E-5,1.6535E-4,3.7925E-4,7.9063E-4,0.0014981,0.0025804,0.0040397,0.0050495,0.0057485,0.0064451
1000.0,1.0943E-5,3.0935E-5,7.9487E-5,1.8564E-4,3.9408E-4,7.6038E-4,0.0013336,0.002126,0.0026864,0.0030805,0.0034789
1200.0,5.4657E-6,1.5682E-5,4.0897E-5,9.8668E-5,2.1616E-4,4.2941E-4,7.7356E-4,0.0012595,0.0016097,0.0018592,0.002114
1500.0,2.2742E-6,6.8088E-6,1.8393E-5,4.506E-5,1.0012E-4,2.0178E-4,3.6884E-4,6.0935E-4,7.8387E-4,9.0927E-4,0.0010384
SA0P075
r\m,4.0,4.5,5.0,5.5,6.0,6.5,7.0,7.5,7.8,8.0,8.2
0.0,0.24582,0.48482,0.82938,1.2523,1.6662,2.0064,2.4651,2.7912,2.8729,2.8734,2.8305
1.0,0.20518,0.40771,0.70684,1.0852,1.4724,1.8066,2.2353,2.5459,2.6297,2.6364,2.6032
5.0,0.11565,0.23544,0.42428,0.68299,0.97964,1.2681,1.607,1.8668,1.9513,1.9718,1.9624
10.0,0.068913,0.14346,0.26671,0.44545,0.6605,0.89856,1.1664,1.3811,1.4601,1.4867,1.491
15.0,0.046382,0.097001,0.18336,0.31288,0.48291,0.68338,0.90194,1.0842,1.1568,1.185,1.1956
20.0,0.032874,0.070123,0.13552,0.23704,0.37562,0.54374,0.7272,0.88526,0.95164,0.97981,0.99356
25.0,0.024931,0.053937,0.10584,0.18824,0.30361,0.44661,0.60397,0.7432,0.80411,0.83149,0.8468
30.0,0.019707,0.04312,0.085631,0.15426,0.25216,0.37561,0.51286,0.63705,0.69316,0.71946,0.73547
40.0,0.013338,0.029711,0.060107,0.1104,0.18415,0.27963,0.388,0.48967,0.53789,0.56186,0.57802
50.0,0.0096848,0.021878,0.044903,0.083711,0.14177,0.21849,0.30719,0.39278,0.43486,0.45661,0.47221
60.0,0.0073697,0.016844,0.034984,0.066017,0.1132,0.17658,0.25106,0.32461,0.36179,0.38158,0.39637
70.0,0.0058021,0.013395,0.028104,0.053583,0.092843,0.14633,0.21008,0.27426,0.30745,0.32553,0.33946
80.0,0.004687,0.010916,0.023107,0.044455,0.077729,0.12361,0.179,0.23569,0.26558,0.28216,0.29524
90.0,0.0038636,0.0090692,0.01935,0.037525,0.066143,0.10603,0.15472,0.2053,0.2324,0.24767,0.25995
100.0,0.0032374,0.0076533,0.016446,0.032123,0.057032,0.092083,0.13531,0.1808,0.20552,0.21963,0.23117
110.0,0.0027496,0.0065421,0.01415,0.027819,0.049716,0.080798,0.11949,0.16067,0.18334,0.19643,0.20728
120.0,0.0023619,0.0056531,0.0123,0.024328,0.043739,0.071512,0.10638,0.14389,0.16477,0.17695,0.18715
130.0,0.0020485,0.0049301,0.010786,0.021452,0.038785,0.063763,0.095371,0.1297,0.14901,0.16037,0.16999
140.0,0.0017916,0.0043339,0.0095307,0.019053,0.034625,0.057219,0.086018,0.11757,0.13549,0.14612,0.1552
150.0,0.0015783,0.0038363,0.0084769,0.017028,0.031095,0.051633,0.077991,0.10711,0.12378,0.13374,0.14232
175.0,0.0011804,0.0029001,0.0064777,0.013154,0.024282,0.040759,0.062227,0.086379,0.10047,0.10902,0.11651
200.0,9.0977E-4,0.0022563,0.0050873,0.010428,0.019434,0.032929,0.050746,0.071104,0.083166,0.090582,0.097169
250.0,5.7691E-4,0.0014536,0.0033299,0.0069349,0.013131,0.022606,0.035391,0.050377,0.059483,0.065197,0.070381
300.0,3.8914E-4,9.9336E-4,0.0023054,0.0048646,0.009332,0.016277,0.025817,0.037231,0.044305,0.048815,0.052971
350.0,2.7409E-4,7.0747E-4,0.0016603,0.0035424,0.0068716,0.01212,0.019437,0.028342,0.033952,0.037575,0.040955
400.0,1.9933E-4,5.1951E-4,0.001231,0.002652,0.0051944,0.0092505,0.014979,0.022054,0.026573,0.029521,0.032301
450.0,1.4859E-4,3.9058E-4,9.3344E-4,0.0020282,0.0040068,0.0071968,0.011754,0.017453,0.021137,0.023563,0.02587
500.0,1.1295E-4,2.9919E-4,7.2053E-4,0.0015777,0.0031407,0.0056846,0.0093555,0.013999,0.017032,0.019045,0.020974
600.0,6.8276E-5,1.8327E-4,4.4729E-4,9.9251E-4,0.0020023,0.0036727,0.0061253,0.0092882,0.011391,0.012805,0.014178
700.0,4.3169E-5,1.172E-4,2.8927E-4,6.4915E-4,0.0013245,0.002457,0.0041443,0.0063556,0.0078475,0.0088617,0.0098556
800.0,2.8213E-5,7.7347E-5,1.9279E-4,4.3692E-4,9.0024E-4,0.0016865,0.0028726,0.0044487,0.0055254,0.0062639,0.0069939
1000.0,1.2936E-5,3.6051E-5,9.1348E-5,2.1044E-4,4.4079E-4,8.3943E-4,0.0014535,0.0022882,0.0028701,0.0032752,0.0036809
1200.0,6.3369E-6,1.79E-5,4.5969E-5,1.0733E-4,2.2786E-4,4.3982E-4,7.7356E-4,0.0012595,0.0016097,0.0018592,0.002114
1500.0,2.3584E-6,6.8088E-6,1.8393E-5,4.506E-5,1.0012E-4,2.0178E-4,3.6884E-4,6.0935E-4,7.8387E-4,9.0927E-4,0.0010384
SA0P1
r\m,4.0,4.5,5.0,5.5,6.0,6.5,7.0,7.5,7.8,8.0,8.2
0.0,0.21093,0.4192,0.72001,1.0895,1.4511,1.7517,2.1665,2.4695,2.5515,2.5584,2.5263
1.0,0.17427,0.34908,0.60856,0.93822,1.2772,1.5739,1.961,2.2488,2.3319,2.3438,2.3201
5.0,0.09666,0.19851,0.36068,0.5851,0.84556,1.1031,1.4083,1.6475,1.729,1.7518,1.748
10.0,0.057662,0.1211,0.22713,0.38264,0.57244,0.78547,1.027,1.2244,1.2996,1.3267,1.3338
15.0,0.039109,0.082532,0.1574,0.27093,0.42176,0.60166,0.79961,0.96752,1.0361,1.064,1.0761
20.0,0.028009,0.060258,0.11743,0.20708,0.33077,0.4824,0.64939,0.79542,0.8581,0.88553,0.89996
25.0,0.021457,0.046798,0.092556,0.16588,0.26952,0.39922,0.54322,0.67232,0.72983,0.75629,0.77183
30.0,0.017123,0.037755,0.075533,0.13704,0.22557,0.33819,0.46444,0.58003,0.63307,0.6584,0.67436
40.0,0.011792,0.026448,0.053861,0.099559,0.16707,0.25513,0.35581,0.45116,0.49692,0.51994,0.53578
50.0,0.0086934,0.019761,0.040799,0.076489,0.13023,0.2017,0.28484,0.3657,0.40581,0.42673,0.44192
60.0,0.0067051,0.015411,0.03218,0.06103,0.10514,0.16472,0.23511,0.30505,0.34065,0.35973,0.37412
70.0,0.0053429,0.012397,0.026136,0.050055,0.087089,0.13778,0.19847,0.25988,0.29181,0.30929,0.32284
80.0,0.0043632,0.010209,0.021703,0.041919,0.073564,0.11737,0.17045,0.22501,0.25389,0.26996,0.2827
90.0,0.0036323,0.0085619,0.018338,0.035688,0.063106,0.10145,0.1484,0.19732,0.22362,0.23847,0.25045
100.0,0.0030712,0.0072877,0.015714,0.03079,0.054817,0.088722,0.13064,0.17485,0.19893,0.2127,0.22397
110.0,0.0026301,0.0062792,0.013623,0.026856,0.04811,0.078349,0.11606,0.15627,0.17844,0.19124,0.20186
120.0,0.0022767,0.0054658,0.011925,0.023642,0.042593,0.069756,0.1039,0.14068,0.16116,0.17311,0.18313
130.0,0.0019888,0.0047993,0.010525,0.020976,0.037988,0.06254,0.093634,0.12742,0.14643,0.1576,0.16706
140.0,0.0017509,0.0042457,0.0093561,0.018736,0.034098,0.056408,0.084857,0.11603,0.13372,0.1442,0.15314
150.0,0.0015521,0.0037806,0.0083687,0.016835,0.030777,0.051145,0.077284,0.10615,0.12265,0.1325,0.14098
175.0,0.0011771,0.0028962,0.0064764,0.013161,0.024307,0.040806,0.062283,0.086405,0.10045,0.10895,0.11638
200.0,9.1831E-4,0.0022795,0.0051424,0.010543,0.019645,0.033272,0.051231,0.071699,0.083789,0.091203,0.097766
250.0,5.9416E-4,0.0014969,0.0034274,0.0071324,0.013489,0.023189,0.036238,0.051471,0.060686,0.066446,0.071651
300.0,4.0729E-4,0.0010387,0.0024076,0.0050718,0.0097103,0.016898,0.026731,0.038433,0.045646,0.050224,0.054422
350.0,2.907E-4,7.4911E-4,0.0017545,0.0037346,0.007225,0.012704,0.020306,0.0295,0.035255,0.038952,0.042383
400.0,2.1378E-4,5.5589E-4,0.0013137,0.0028218,0.0055088,0.0097746,0.015765,0.02311,0.027769,0.030791,0.033625
450.0,1.6087E-4,4.2166E-4,0.0010045,0.002175,0.0042801,0.0076554,0.012446,0.018391,0.022204,0.0247,0.027059
500.0,1.2328E-4,3.2546E-4,7.8092E-4,0.001703,0.0033754,0.0060808,0.0099571,0.014819,0.017969,0.020045,0.022023
600.0,7.5504E-5,2.0182E-4,4.9032E-4,0.0010827,0.0021727,0.0039632,0.0065707,0.0099013,0.012096,0.013561,0.014973
700.0,4.8218E-5,1.3025E-4,3.1979E-4,7.1362E-4,0.0014473,0.002668,0.0044702,0.0068075,0.0083688,0.0094222,0.010447
800.0,3.1755E-5,8.6569E-5,2.145E-4,4.8306E-4,9.8872E-4,0.0018394,0.0031102,0.0047799,0.0059086,0.0066767,0.0074302
1000.0,1.4711E-5,4.0723E-5,1.0246E-4,2.3431E-4,4.87E-4,9.1999E-4,0.0015796,0.0024651,0.0030754,0.0034966,0.0039151
1200.0,7.2469E-6,2.0315E-5,5.1759E-5,1.1986E-4,2.5227E-4,4.8258E-4,8.3905E-4,0.0013259,0.0016667,0.0019045,0.0021432
1500.0,2.704E-6,7.6975E-6,1.9916E-5,4.6835E-5,1.0012E-4,2.0178E-4,3.6884E-4,6.0935E-4,7.8387E-4,9.0927E-4,0.0010384
SA0P15
r\m,4.0,4.5,5.0,5.5,6.0,6.5,7.0,7.5,7.8,8.0,8.2
0.0,0.17433,0.35364,0.61154,0.9242,1.2228,1.4693,1.8365,2.1144,2.1957,2.208,2.186
1.0,0.13887,0.28425,0.50135,0.77702,1.0584,1.3056,1.6453,1.9067,1.9876,2.004,1.9891
5.0,0.072046,0.15148,0.28064,0.46261,0.6773,0.89383,1.1561,1.3678,1.4437,1.4677,1.469
10.0,0.042091,0.090535,0.1735,0.29795,0.45335,0.63151,0.83678,1.0088,1.0769,1.103,1.1123
15.0,0.028523,0.061646,0.12016,0.21095,0.33423,0.48417,0.65182,0.79722,0.8584,0.88432,0.89691
20.0,0.020565,0.045289,0.090154,0.16208,0.26337,0.38986,0.53135,0.6575,0.71293,0.7379,0.7519
25.0,0.015894,0.035463,0.0716,0.13073,0.21596,0.32448,0.44675,0.55826,0.60889,0.63269,0.64723
30.0,0.012805,0.028863,0.058912,0.10882,0.18199,0.2766,0.38413,0.48408,0.53067,0.55329,0.56792
40.0,0.0089849,0.020578,0.042703,0.080269,0.13669,0.21135,0.29774,0.38054,0.4207,0.4411,0.45532
50.0,0.0067417,0.015632,0.032853,0.062567,0.10799,0.16916,0.24108,0.31166,0.34693,0.36542,0.37894
60.0,0.0052851,0.01238,0.026289,0.050598,0.088276,0.13976,0.20111,0.26252,0.29393,0.31079,0.32353
70.0,0.0042749,0.010101,0.021637,0.042019,0.073974,0.11816,0.17147,0.2257,0.25397,0.26944,0.28143
80.0,0.0035396,0.0084268,0.01819,0.035598,0.063163,0.10168,0.14864,0.19709,0.22276,0.23703,0.2483
90.0,0.0029848,0.0071538,0.015547,0.030635,0.054732,0.088708,0.13054,0.17423,0.1977,0.21091,0.22152
100.0,0.0025541,0.0061586,0.013466,0.026697,0.047992,0.078262,0.11585,0.15555,0.17713,0.18942,0.19942
110.0,0.0022119,0.005363,0.011791,0.023507,0.042494,0.069684,0.10372,0.14001,0.15995,0.17142,0.18086
120.0,0.001935,0.0047152,0.010419,0.020878,0.037936,0.062526,0.093527,0.12689,0.14539,0.15613,0.16506
130.0,0.0017072,0.0041795,0.0092788,0.01868,0.034103,0.056473,0.084863,0.11566,0.1329,0.14298,0.15143
140.0,0.0015173,0.0037306,0.0083184,0.01682,0.030841,0.051294,0.077412,0.10596,0.12207,0.13155,0.13956
150.0,0.0013571,0.0033503,0.0075006,0.015228,0.028036,0.04682,0.070943,0.097497,0.11259,0.12152,0.12914
175.0,0.0010507,0.0026174,0.0059134,0.012116,0.022511,0.037937,0.058005,0.080437,0.093388,0.10117,0.10789
200.0,8.3504E-4,0.0020967,0.0047746,0.0098603,0.018467,0.031369,0.048341,0.067565,0.078814,0.085647,0.091629
250.0,5.5812E-4,0.0014201,0.0032772,0.0068586,0.013018,0.022409,0.034993,0.049561,0.058273,0.063661,0.068468
300.0,3.9342E-4,0.001012,0.0023611,0.0049957,0.0095862,0.016684,0.026338,0.03771,0.04463,0.048969,0.052897
350.0,2.8781E-4,7.4727E-4,0.0017596,0.0037578,0.0072781,0.012785,0.02037,0.029437,0.035033,0.038581,0.041831
400.0,2.164E-4,5.664E-4,0.0013445,0.0028946,0.0056516,0.010008,0.016075,0.023417,0.028004,0.03094,0.033653
450.0,1.6617E-4,4.3804E-4,0.0010472,0.0022707,0.0044652,0.0079638,0.012883,0.018901,0.0227,0.025151,0.027435
500.0,1.2975E-4,3.4421E-4,8.282E-4,0.0018073,0.0035767,0.0064199,0.010452,0.015433,0.018605,0.020667,0.022601
600.0,8.2191E-5,2.2048E-4,5.3639E-4,0.0011835,0.0023684,0.0042985,0.0070759,0.010564,0.012821,0.014304,0.015713
700.0,5.4093E-5,1.4647E-4,3.597E-4,8.0115E-4,0.0016183,0.0029649,0.0049266,0.0074246,0.0090613,0.010148,0.011189
800.0,3.6614E-5,9.9952E-5,2.4747E-4,5.5569E-4,0.0011317,0.0020902,0.0035016,0.0053203,0.0065248,0.0073313,0.0081096
1000.0,1.7812E-5,4.9293E-5,1.2372E-4,2.8162E-4,5.8141E-4,0.0010886,0.0018487,0.0028474,0.0035208,0.0039776,0.0044239
1200.0,9.1646E-6,2.5646E-5,6.5091E-5,1.4983E-4,3.1279E-4,5.9225E-4,0.001017,0.001584,0.0019718,0.0022375,0.0024998
1500.0,3.6248E-6,1.0283E-5,2.6459E-5,6.1743E-5,1.3067E-4,2.5083E-4,4.3667E-4,6.8946E-4,8.653E-4,9.8731E-4,0.0011091
SA0P2
r\m,4.0,4.5,5.0,5.5,6.0,6.5,7.0,7.5,7.8,8.0,8.2
0.0,0.1393,0.29121,0.51377,0.78719,1.0514,1.2743,1.6135,1.8769,1.9579,1.9735,1.9573
1.0,0.1089,0.22977,0.41471,0.65426,0.90333,1.1274,1.4398,1.6859,1.7655,1.7842,1.7742
5.0,0.055059,0.11937,0.22712,0.38309,0.57189,0.76715,1.0057,1.2019,1.2742,1.2983,1.3016
10.0,0.032163,0.071295,0.14036,0.24678,0.38328,0.54306,0.72892,0.88712,0.9508,0.97585,0.98549
15.0,0.021955,0.048888,0.097849,0.17582,0.28418,0.41841,0.57022,0.70357,0.76032,0.78465,0.79677
20.0,0.015983,0.036236,0.074013,0.13607,0.22537,0.33882,0.46717,0.58282,0.63402,0.6572,0.6703
25.0,0.012468,0.028617,0.059243,0.11054,0.18598,0.28361,0.39481,0.49711,0.54378,0.56574,0.57916
30.0,0.010131,0.023478,0.049105,0.092641,0.1577,0.24309,0.34116,0.43298,0.47589,0.49669,0.51008
40.0,0.0072188,0.016982,0.036074,0.069179,0.11978,0.18767,0.26691,0.34323,0.38023,0.39894,0.41186
50.0,0.0054898,0.013064,0.028081,0.054513,0.09558,0.15158,0.21793,0.28324,0.31579,0.33274,0.34498
60.0,0.0043551,0.010462,0.022706,0.044515,0.078839,0.12627,0.18318,0.24022,0.26927,0.28475,0.29628
70.0,0.0035604,0.0086218,0.018865,0.037292,0.066603,0.10756,0.15725,0.20782,0.23404,0.24825,0.25911
80.0,0.0029766,0.0072587,0.015995,0.031846,0.057291,0.093186,0.13717,0.18252,0.20638,0.21952,0.22974
90.0,0.0025323,0.0062137,0.013778,0.027606,0.049981,0.081812,0.12116,0.1622,0.18408,0.19627,0.20591
100.0,0.0021846,0.0053904,0.01202,0.02422,0.044102,0.072599,0.10811,0.14552,0.16569,0.17705,0.18616
110.0,0.0019063,0.0047276,0.010596,0.021461,0.03928,0.064994,0.097271,0.13159,0.15028,0.1609,0.16951
120.0,0.0016794,0.0041843,0.0094221,0.019173,0.035259,0.058615,0.088129,0.11977,0.13716,0.14712,0.15528
130.0,0.0014915,0.0037322,0.0084403,0.01725,0.03186,0.053195,0.08032,0.10962,0.12585,0.13523,0.14297
140.0,0.0013339,0.0033511,0.0076088,0.015613,0.028954,0.048536,0.073576,0.10081,0.11602,0.12486,0.13221
150.0,0.0012001,0.0030263,0.006897,0.014206,0.026443,0.044494,0.067697,0.093102,0.10738,0.11573,0.12273
175.0,9.4181E-4,0.0023948,0.0055036,0.011431,0.021458,0.036411,0.055862,0.077464,0.089789,0.097094,0.10331
200.0,7.5762E-4,0.0019405,0.0044922,0.0093986,0.017772,0.030378,0.046943,0.065569,0.076331,0.08278,0.088333
250.0,5.1714E-4,0.0013408,0.0031421,0.0066549,0.012739,0.022043,0.03448,0.04875,0.057168,0.0623,0.066803
300.0,3.7115E-4,9.7198E-4,0.0023007,0.0049221,0.0095175,0.016635,0.026282,0.037532,0.044278,0.048446,0.052156
350.0,2.7585E-4,7.2857E-4,0.0017393,0.0037529,0.0073188,0.012901,0.020557,0.029608,0.035107,0.038543,0.041636
400.0,2.1037E-4,5.5976E-4,0.0013462,0.0029263,0.0057493,0.01021,0.016389,0.023779,0.028321,0.031185,0.033787
450.0,1.6364E-4,4.3828E-4,0.001061,0.0023214,0.0045908,0.008206,0.013259,0.019364,0.023153,0.02556,0.027766
500.0,1.2931E-4,3.4836E-4,8.4824E-4,0.0018668,0.0037136,0.006677,0.010852,0.015941,0.019128,0.021166,0.023046
600.0,8.3698E-5,2.2778E-4,5.6031E-4,0.0012458,0.0025034,0.0045471,0.0074655,0.011079,0.013374,0.01486,0.016245
700.0,5.6155E-5,1.5415E-4,3.8245E-4,8.5766E-4,0.0017384,0.0031849,0.0052741,0.0078943,0.0095794,0.01068,0.011716
800.0,3.8681E-5,1.0698E-4,2.6741E-4,6.0416E-4,0.0012338,0.0022773,0.0037994,0.0057295,0.0069837,0.0078095,0.0085927
1000.0,1.9417E-5,5.4375E-5,1.3763E-4,3.1486E-4,6.5107E-4,0.0012169,0.0020557,0.003139,0.0038549,0.0043323,0.0047907
1200.0,1.0273E-5,2.9063E-5,7.4317E-5,1.7177E-4,3.5883E-4,6.7756E-4,0.0011564,0.0017839,0.0022042,0.0024874,0.0027618
1500.0,4.2183E-6,1.2085E-5,3.1291E-5,7.3235E-5,1.5492E-4,2.9622E-4,5.1194E-4,7.9969E-4,9.9557E-4,0.0011291,0.00126
SA0P25
r\m,4.0,4.5,5.0,5.5,6.0,6.5,7.0,7.5,7.8,8.0,8.2
0.0,0.10883,0.2342,0.42424,0.66538,0.9065,1.1163,1.4286,1.6737,1.7502,1.766,1.7522
1.0,0.085389,0.18541,0.34339,0.55419,0.78005,0.98865,1.2758,1.504,1.5788,1.597,1.5886
5.0,0.043614,0.097202,0.18952,0.32651,0.49614,0.67497,0.89343,1.0742,1.1411,1.1634,1.1664
10.0,0.025684,0.05848,0.11787,0.21145,0.33395,0.47935,0.6492,0.79439,0.85274,0.8755,0.88395
15.0,0.017637,0.040322,0.082573,0.15129,0.24844,0.3703,0.50895,0.63106,0.68282,0.70477,0.71535
20.0,0.012905,0.030022,0.062705,0.11748,0.19758,0.30056,0.41776,0.52354,0.57011,0.59095,0.60238
25.0,0.010108,0.023797,0.050357,0.095709,0.16345,0.2521,0.35366,0.44717,0.48955,0.50925,0.52096
30.0,0.008242,0.019587,0.041861,0.080417,0.1389,0.2165,0.3061,0.39001,0.42894,0.44756,0.45925
40.0,0.0059087,0.014246,0.030907,0.060321,0.10592,0.16771,0.2402,0.30994,0.34348,0.36022,0.3715
50.0,0.0045168,0.011012,0.024164,0.047722,0.084824,0.13589,0.19666,0.25638,0.28588,0.30104,0.31175
60.0,0.0035998,0.0088563,0.019616,0.03911,0.070195,0.11353,0.16573,0.21794,0.24428,0.25813,0.26823
70.0,0.0029553,0.0073271,0.016357,0.032873,0.059483,0.096978,0.14263,0.18896,0.21275,0.22548,0.23501
80.0,0.0024804,0.0061914,0.013916,0.028162,0.051315,0.084242,0.12472,0.16632,0.18799,0.19976,0.20875
90.0,0.0021179,0.0053183,0.012026,0.024486,0.044893,0.07415,0.11042,0.14812,0.16801,0.17895,0.18744
100.0,0.0018335,0.0046289,0.010524,0.021545,0.039719,0.065964,0.098753,0.13317,0.15153,0.16174,0.16977
110.0,0.0016053,0.0040726,0.0093048,0.019144,0.035468,0.059197,0.089051,0.12066,0.1377,0.14726,0.15487
120.0,0.0014188,0.0036156,0.0082978,0.01715,0.031919,0.053515,0.08086,0.11005,0.12592,0.1349,0.14213
130.0,0.001264,0.0032345,0.007454,0.01547,0.028914,0.048679,0.073856,0.10093,0.11577,0.12423,0.1311
140.0,0.0011338,0.0029125,0.006738,0.014038,0.02634,0.044519,0.067801,0.093009,0.10693,0.11492,0.12145
150.0,0.0010231,0.0026376,0.006124,0.012805,0.024114,0.040903,0.062517,0.086065,0.099157,0.10672,0.11295
175.0,8.0857E-4,0.0021013,0.0049184,0.010368,0.019683,0.033659,0.051859,0.071965,0.08331,0.089949,0.095506
200.0,6.5482E-4,0.0017137,0.0040394,0.0085751,0.016395,0.028234,0.043804,0.061212,0.071159,0.077044,0.082032
250.0,4.5269E-4,0.0011988,0.0028591,0.0061415,0.011881,0.020704,0.032501,0.045953,0.053797,0.05852,0.062602
300.0,3.2884E-4,8.7924E-4,0.0021174,0.0045925,0.0089714,0.015785,0.02502,0.035718,0.042058,0.045927,0.04932
350.0,2.4725E-4,6.6654E-4,0.0016184,0.0035392,0.0069709,0.012367,0.019762,0.028444,0.033658,0.036875,0.039729
400.0,1.907E-4,5.1776E-4,0.0012661,0.0027887,0.005532,0.0098843,0.015908,0.023061,0.027404,0.030109,0.032532
450.0,1.4998E-4,4.0979E-4,0.0010084,0.0022351,0.004462,0.0080229,0.012994,0.018955,0.02261,0.024905,0.026976
500.0,1.198E-4,3.2917E-4,8.1464E-4,0.0018158,0.0036455,0.0065919,0.010737,0.015751,0.018852,0.020812,0.022594
600.0,7.9197E-5,2.1975E-4,5.4919E-4,0.0012362,0.0025062,0.0045765,0.0075273,0.011151,0.013425,0.014879,0.016217
700.0,5.4242E-5,1.5176E-4,3.8244E-4,8.6801E-4,0.0017745,0.0032672,0.0054186,0.0080941,0.0097934,0.01089,0.011908
800.0,3.8129E-5,1.0745E-4,2.7273E-4,6.2348E-4,0.0012838,0.0023809,0.0039771,0.0059837,0.0072712,0.0081087,0.0088925
1000.0,1.9918E-5,5.6809E-5,1.4594E-4,3.3768E-4,7.0372E-4,0.0013209,0.0022332,0.0034007,0.0041624,0.0046642,0.0051398
1200.0,1.0958E-5,3.1564E-5,8.1889E-5,1.9135E-4,4.0273E-4,7.6343E-4,0.0013035,0.0020046,0.0024681,0.0027766,0.0030718
1500.0,4.7676E-6,1.39E-5,3.65E-5,8.6326E-5,1.839E-4,3.5284E-4,6.0976E-4,9.4912E-4,0.0011771,0.0013306,0.0014792
SA0P3
r\m,4.0,4.5,5.0,5.5,6.0,6.5,7.0,7.5,7.8,8.0,8.2
0.0,0.078422,0.1769,0.33444,0.54482,0.7668,0.96933,1.262,1.4948,1.5693,1.5856,1.574
1.0,0.061952,0.14092,0.27216,0.45575,0.66202,0.86058,1.1293,1.3456,1.4176,1.4358,1.4287
5.0,0.032247,0.075167,0.1525,0.27192,0.42532,0.5921,0.79599,0.96627,1.0295,1.0504,1.0531
10.0,0.019276,0.045846,0.096,0.17795,0.28884,0.4235,0.58188,0.71815,0.77274,0.79371,0.80098
15.0,0.013379,0.031931,0.067877,0.12836,0.21635,0.32896,0.45832,0.57276,0.62094,0.64099,0.6501
20.0,0.0098777,0.023968,0.051919,0.10031,0.17298,0.26821,0.37769,0.47676,0.51998,0.53893,0.54879
25.0,0.0077916,0.019122,0.041939,0.082144,0.14375,0.22585,0.32082,0.40839,0.44767,0.46554,0.47566
30.0,0.0063916,0.015826,0.035038,0.069329,0.12264,0.19462,0.27852,0.35711,0.39315,0.41003,0.42015
40.0,0.0046279,0.011616,0.026086,0.052398,0.094155,0.15167,0.2197,0.28508,0.31612,0.33127,0.34107
50.0,0.0035668,0.009047,0.020537,0.041717,0.07583,0.12352,0.18069,0.23674,0.26405,0.27778,0.28711
60.0,0.0028628,0.0073241,0.016773,0.034378,0.063068,0.10366,0.15289,0.20196,0.22636,0.23891,0.24774
70.0,0.0023649,0.0060948,0.014062,0.02904,0.053685,0.088908,0.13206,0.17568,0.19773,0.20928,0.21763
80.0,0.0019962,0.0051773,0.012022,0.02499,0.046505,0.077522,0.11586,0.15509,0.17521,0.1859,0.1938
90.0,0.0017133,0.0044689,0.010436,0.021819,0.040841,0.068475,0.10291,0.13851,0.157,0.16695,0.17443
100.0,0.0014904,0.0039072,0.0091712,0.019274,0.036265,0.061116,0.092311,0.12487,0.14196,0.15126,0.15834
110.0,0.0013108,0.0034521,0.0081409,0.017189,0.032494,0.055019,0.08348,0.11344,0.12931,0.13804,0.14477
120.0,0.0011634,0.003077,0.0072871,0.015452,0.029337,0.049886,0.07601,0.10372,0.11853,0.12674,0.13314
130.0,0.0010406,0.0027631,0.0065695,0.013985,0.026658,0.045509,0.069609,0.095351,0.10922,0.11697,0.12306
140.0,9.3707E-4,0.0024972,0.0059588,0.012732,0.024357,0.041735,0.064066,0.088073,0.1011,0.10843,0.11424
150.0,8.4871E-4,0.0022694,0.0054336,0.011649,0.022363,0.038448,0.059219,0.081684,0.093959,0.1009,0.10646
175.0,6.7655E-4,0.0018228,0.0043978,0.0095008,0.018379,0.031841,0.049415,0.068676,0.079355,0.085473,0.090453
200.0,5.523E-4,0.0014979,0.0036379,0.0079115,0.015407,0.02687,0.041975,0.058721,0.068119,0.073565,0.078055
250.0,3.874E-4,0.0010624,0.0026091,0.0057376,0.011299,0.019926,0.031474,0.044521,0.05199,0.056396,0.060103
300.0,2.8514E-4,7.8914E-4,0.0019557,0.0043404,0.0086259,0.015352,0.024471,0.034931,0.041015,0.044652,0.047761
350.0,2.1704E-4,6.0533E-4,0.0015119,0.0033814,0.0067724,0.012147,0.019512,0.028069,0.033111,0.036159,0.038797
400.0,1.6934E-4,4.7549E-4,0.0011956,0.0026921,0.0054283,0.0098021,0.015852,0.022957,0.02719,0.029773,0.03203
450.0,1.3466E-4,3.8037E-4,9.6213E-4,0.0021794,0.0044206,0.0080301,0.013063,0.019031,0.022621,0.024829,0.026775
500.0,1.0871E-4,3.0871E-4,7.8503E-4,0.0017877,0.0036456,0.0066577,0.010889,0.015948,0.019016,0.020917,0.022604
600.0,7.3338E-5,2.1019E-4,5.3947E-4,0.0012399,0.002552,0.0047038,0.0077645,0.011477,0.013762,0.015193,0.01648
700.0,5.1209E-5,1.4792E-4,3.8264E-4,8.8636E-4,0.0018387,0.0034156,0.0056824,0.0084656,0.010198,0.011294,0.012289
800.0,3.6673E-5,1.0666E-4,2.7777E-4,6.4783E-4,0.001353,0.0025306,0.0042387,0.0063578,0.0076905,0.0085401,0.0093176
1000.0,1.9854E-5,5.84E-5,1.5383E-4,3.6288E-4,7.6656E-4,0.0014501,0.0024567,0.003727,0.004539,0.0050635,0.0055496
1200.0,1.1304E-5,3.3561E-5,8.9232E-5,2.1246E-4,4.53E-4,8.6497E-4,0.001479,0.0022648,0.0027737,0.0031057,0.0034166
1500.0,5.169E-6,1.5523E-5,4.1744E-5,1.0053E-4,2.1681E-4,4.1872E-4,7.242E-4,0.0011217,0.0013831,0.0015557,0.0017193
SA0P4
r\m,4.0,4.5,5.0,5.5,6.0,6.5,7.0,7.5,7.8,8.0,8.2
0.0,0.061784,0.15028,0.29624,0.49317,0.69927,0.88846,1.1828,1.4217,1.4982,1.5143,1.5015
1.0,0.04567,0.11213,0.22819,0.39585,0.58732,0.77485,1.0409,1.2591,1.3318,1.3497,1.3415
5.0,0.021461,0.054075,0.11702,0.21983,0.35795,0.51346,0.7079,0.87267,0.93367,0.95338,0.95487
10.0,0.012433,0.031962,0.071542,0.14021,0.23796,0.36109,0.50886,0.63752,0.68872,0.70782,0.71352
15.0,0.0085689,0.022092,0.0502,0.10041,0.17711,0.2789,0.39834,0.50502,0.54949,0.56741,0.57471
20.0,0.0063316,0.016587,0.038389,0.078418,0.14149,0.22712,0.32765,0.41932,0.45883,0.47558,0.48351
25.0,0.005013,0.013274,0.031086,0.064339,0.11773,0.1914,0.27838,0.35904,0.39471,0.4104,0.41854
30.0,0.004132,0.011032,0.026064,0.054464,0.10069,0.16524,0.24198,0.31418,0.34676,0.36151,0.36966
40.0,0.0030233,0.0081736,0.019567,0.041461,0.077778,0.12943,0.19166,0.25158,0.2795,0.29266,0.30057
50.0,0.0023546,0.0064269,0.015538,0.033263,0.063063,0.10603,0.1584,0.20976,0.23427,0.24617,0.25371
60.0,0.0019088,0.005251,0.012796,0.027619,0.052804,0.089508,0.13472,0.17972,0.20161,0.21247,0.21963
70.0,0.0015918,0.0044079,0.010814,0.023501,0.045244,0.077218,0.11696,0.15703,0.17682,0.18682,0.19361
80.0,0.0013556,0.0037754,0.0093159,0.020365,0.039441,0.067713,0.10314,0.13924,0.15732,0.16658,0.17302
90.0,0.0011733,0.0032844,0.0081459,0.0179,0.034849,0.06014,0.092061,0.1249,0.14154,0.15017,0.15628
100.0,0.0010288,0.002893,0.0072082,0.015913,0.031126,0.053964,0.082977,0.11308,0.12848,0.13656,0.14237
110.0,9.1171E-4,0.0025743,0.0064408,0.014278,0.028047,0.04883,0.07539,0.10316,0.1175,0.12509,0.13062
120.0,8.1509E-4,0.0023102,0.005802,0.012912,0.02546,0.044496,0.068955,0.094704,0.10811,0.11527,0.12055
130.0,7.3417E-4,0.0020881,0.0052626,0.011752,0.023256,0.040789,0.063428,0.087414,0.099995,0.10676,0.11181
140.0,6.6551E-4,0.001899,0.0048015,0.010758,0.021358,0.037582,0.058629,0.081058,0.092903,0.099318,0.10414
150.0,6.0664E-4,0.0017362,0.0044032,0.0098955,0.019706,0.03478,0.054422,0.075467,0.08665,0.092744,0.097365
175.0,4.9094E-4,0.0014146,0.003612,0.0081728,0.016387,0.02912,0.045872,0.06404,0.073826,0.07923,0.083402
200.0,4.0643E-4,0.001178,0.0030256,0.0068865,0.01389,0.024829,0.039341,0.055245,0.063911,0.068749,0.072539
250.0,2.9245E-4,8.5604E-4,0.0022205,0.0051044,0.010398,0.018772,0.030037,0.042596,0.049569,0.053532,0.056705
300.0,2.2029E-4,6.5004E-4,0.0016999,0.0039393,0.0080901,0.014724,0.023752,0.033955,0.039706,0.043019,0.045716
350.0,1.7129E-4,5.0894E-4,0.0013401,0.0031269,0.006466,0.011849,0.019246,0.027703,0.032528,0.035338,0.037657
400.0,1.3635E-4,4.0754E-4,0.0010795,0.002534,0.0052712,0.0097177,0.015878,0.022991,0.027091,0.029503,0.031513
450.0,1.105E-4,3.3203E-4,8.8413E-4,0.0020863,0.004363,0.0080858,0.013281,0.019332,0.022852,0.024938,0.026694
500.0,9.084E-5,2.7424E-4,7.3369E-4,0.0017395,0.0036549,0.0068056,0.011231,0.016425,0.019471,0.021289,0.022831
600.0,6.3423E-5,1.9304E-4,5.2069E-4,0.0012446,0.0026366,0.0049499,0.0082356,0.012143,0.014466,0.015868,0.017073
700.0,4.5742E-5,1.4019E-4,3.8077E-4,9.1651E-4,0.001955,0.0036957,0.0061916,0.0091928,0.010997,0.012096,0.01305
800.0,3.3787E-5,1.0417E-4,2.8464E-4,6.8926E-4,0.0014791,0.002813,0.0047411,0.0070815,0.0085015,0.0093738,0.010138
1000.0,1.9396E-5,6.0407E-5,1.6672E-4,4.078E-4,8.8395E-4,0.0016981,0.0028908,0.0043615,0.0052677,0.0058316,0.0063323
1200.0,1.1676E-5,3.6664E-5,1.0203E-4,2.5161E-4,5.4991E-4,0.0010651,0.0018282,0.002781,0.0033754,0.0037491,0.0040843
1500.0,5.783E-6,1.8343E-5,5.1561E-5,1.2844E-4,2.8355E-4,5.5476E-4,9.6187E-4,0.001478,0.0018047,0.0020126,0.0022014
SA0P5
r\m,4.0,4.5,5.0,5.5,6.0,6.5,7.0,7.5,7.8,8.0,8.2
0.0,0.035886,0.094775,0.20407,0.36969,0.56586,0.76359,1.0477,1.2824,1.3596,1.3772,1.3661
1.0,0.027861,0.074146,0.16351,0.30564,0.48479,0.67463,0.9328,1.148,1.2211,1.2395,1.2321
5.0,0.014273,0.038832,0.090064,0.17981,0.30835,0.46094,0.65199,0.8159,0.87658,0.89578,0.89643
10.0,0.008609,0.02384,0.056968,0.11808,0.20997,0.33028,0.47654,0.60506,0.65575,0.67401,0.67843
15.0,0.0060569,0.016807,0.040702,0.08592,0.15835,0.25783,0.37659,0.48336,0.52726,0.5443,0.55024
20.0,0.0045375,0.012778,0.031477,0.067759,0.12755,0.21144,0.31171,0.40354,0.44249,0.45836,0.46497
25.0,0.0036263,0.010314,0.025687,0.055977,0.10678,0.17912,0.26604,0.3469,0.38202,0.39686,0.40374
30.0,0.0030102,0.0086278,0.021664,0.047635,0.091738,0.15526,0.23207,0.30447,0.33654,0.35047,0.35743
40.0,0.0022257,0.0064543,0.016407,0.036549,0.071359,0.12235,0.18478,0.2449,0.27235,0.28478,0.29161
50.0,0.0017469,0.0051113,0.013113,0.029494,0.058159,0.10068,0.15332,0.20488,0.22896,0.2402,0.24677
60.0,0.0014251,0.0042,0.010856,0.024605,0.048902,0.085308,0.13081,0.17601,0.19751,0.20778,0.21405
70.0,0.0011946,0.0035427,0.0092147,0.021019,0.042049,0.073826,0.11388,0.15414,0.17359,0.18304,0.18901
80.0,0.001022,0.0030472,0.0079689,0.018278,0.036771,0.064918,0.10066,0.13696,0.15472,0.16349,0.16918
90.0,8.8825E-4,0.0026609,0.0069922,0.016116,0.032582,0.057802,0.090049,0.12309,0.13944,0.14761,0.15303
100.0,7.8175E-4,0.0023519,0.0062069,0.014368,0.029176,0.051987,0.08133,0.11164,0.12678,0.13444,0.13961
110.0,6.9516E-4,0.0020995,0.0055625,0.012927,0.026354,0.047144,0.074036,0.10201,0.11612,0.12332,0.12826
120.0,6.2349E-4,0.0018897,0.0050246,0.011719,0.023978,0.043048,0.067841,0.093805,0.107,0.1138,0.11852
130.0,5.6329E-4,0.0017129,0.0045693,0.010693,0.021951,0.039539,0.062514,0.086718,0.09911,0.10554,0.11006
140.0,5.1208E-4,0.0015619,0.0041794,0.0098103,0.020201,0.0365,0.057882,0.080536,0.09221,0.098311,0.10264
150.0,4.6806E-4,0.0014317,0.0038418,0.0090439,0.018677,0.033841,0.053818,0.075092,0.086122,0.091924,0.096084
175.0,3.8123E-4,0.0011735,0.0031692,0.0075085,0.015606,0.028459,0.045545,0.063951,0.073623,0.078782,0.082556
200.0,3.1747E-4,9.827E-4,0.0026686,0.0063576,0.013288,0.024367,0.039212,0.055362,0.063945,0.068577,0.07202
250.0,2.3093E-4,7.2149E-4,0.0019776,0.0047555,0.010032,0.01857,0.03016,0.042978,0.049918,0.053732,0.056638
300.0,1.7569E-4,5.5309E-4,0.0015276,0.0037016,0.007869,0.014677,0.02402,0.034489,0.040242,0.043448,0.045938
350.0,1.379E-4,4.3693E-4,0.0012146,0.0029623,0.0063384,0.011899,0.0196,0.028325,0.033177,0.035913,0.038069
400.0,1.1075E-4,3.529E-4,9.8655E-4,0.0024196,0.0052065,0.0098292,0.016281,0.023661,0.027808,0.030169,0.032052
450.0,9.0535E-5,2.8992E-4,8.1451E-4,0.0020076,0.0043415,0.0082371,0.013712,0.020026,0.023606,0.025661,0.027317
500.0,7.5051E-5,2.414E-4,6.8124E-4,0.0016866,0.0036636,0.0069819,0.011674,0.017126,0.020242,0.022043,0.023507
600.0,5.3257E-5,1.7263E-4,4.9092E-4,0.0012249,0.0026812,0.0051492,0.0086765,0.012827,0.01523,0.016637,0.017797
700.0,3.9018E-5,1.273E-4,3.644E-4,9.1513E-4,0.0020163,0.0038978,0.0066108,0.009837,0.011726,0.012842,0.013774
800.0,2.9265E-5,9.6022E-5,2.7642E-4,6.9814E-4,0.001547,0.0030074,0.0051297,0.0076765,0.0091818,0.010079,0.010834
1000.0,1.7309E-5,5.7335E-5,1.6662E-4,4.2484E-4,9.5036E-4,0.0018652,0.0032117,0.004852,0.0058365,0.006431,0.0069392
1200.0,1.0728E-5,3.5811E-5,1.0488E-4,2.695E-4,6.0756E-4,0.0012017,0.0020853,0.0031749,0.0038369,0.0042408,0.0045902
1500.0,5.5454E-6,1.8689E-5,5.5258E-5,1.4334E-4,3.2624E-4,6.5143E-4,0.0011412,0.0017541,0.002132,0.0023654,0.00257
SA0P75
r\m,4.0,4.5,5.0,5.5,6.0,6.5,7.0,7.5,7.8,8.0,8.2
0.0,0.016123,0.050338,0.12405,0.25037,0.41664,0.59974,0.86941,1.1011,1.179,1.1967,1.1854
1.0,0.012153,0.038227,0.096917,0.20308,0.35241,0.52541,0.76759,0.97715,1.0495,1.0674,1.0595
5.0,0.0059936,0.019251,0.051518,0.11598,0.21919,0.35305,0.52733,0.68174,0.739,0.75633,0.75534
10.0,0.0035968,0.011742,0.032353,0.075613,0.14826,0.25142,0.38262,0.50119,0.54759,0.56338,0.56561
15.0,0.0025402,0.0083006,0.023154,0.055059,0.11179,0.19609,0.30176,0.39912,0.4386,0.453,0.45655
20.0,0.0019152,0.0063441,0.017979,0.043553,0.090233,0.16099,0.2498,0.33293,0.36755,0.38077,0.38493
25.0,0.0015407,0.0051496,0.014741,0.036114,0.075749,0.13665,0.21344,0.28627,0.31724,0.32949,0.33394
30.0,0.0012872,0.0043317,0.012492,0.030854,0.065287,0.11873,0.18649,0.25149,0.2796,0.29102,0.29558
40.0,9.632E-4,0.0032751,0.0095484,0.023862,0.05112,0.094061,0.14909,0.20284,0.22672,0.23682,0.2414
50.0,7.6429E-4,0.0026192,0.0076986,0.019403,0.041937,0.077826,0.12425,0.17027,0.19113,0.20022,0.20467
60.0,6.2975E-4,0.002172,0.0064258,0.016305,0.035487,0.066303,0.1065,0.14681,0.1654,0.17368,0.17796
70.0,5.3286E-4,0.0018477,0.0054966,0.014026,0.030701,0.057686,0.093139,0.12906,0.14585,0.15346,0.15757
80.0,4.5985E-4,0.001602,0.0047883,0.012278,0.027007,0.050991,0.082703,0.11512,0.13044,0.13751,0.14144
90.0,4.0295E-4,0.0014096,0.0042308,0.010894,0.024067,0.045633,0.074314,0.10386,0.11797,0.12456,0.12833
100.0,3.5742E-4,0.001255,0.0037808,0.0097723,0.021671,0.041247,0.067415,0.094558,0.10764,0.11381,0.11743
110.0,3.202E-4,0.0011281,0.00341,0.0088442,0.019681,0.037587,0.061636,0.086739,0.098935,0.10475,0.10822
120.0,2.8924E-4,0.0010222,0.0030994,0.0080637,0.018,0.034485,0.056723,0.080067,0.091491,0.096985,0.10032
130.0,2.6312E-4,9.3247E-4,0.0028356,0.0073984,0.016563,0.031823,0.052491,0.074301,0.085045,0.090253,0.093464
140.0,2.4079E-4,8.5561E-4,0.0026087,0.0068247,0.01532,0.029512,0.048806,0.069266,0.079406,0.084356,0.087448
150.0,2.2152E-4,7.8904E-4,0.0024117,0.0063249,0.014233,0.027487,0.045568,0.064828,0.074426,0.079143,0.082124
175.0,1.8321E-4,6.5621E-4,0.0020168,0.0053186,0.012035,0.023372,0.038959,0.055728,0.064189,0.068407,0.071138
200.0,1.548E-4,5.5709E-4,0.0017204,0.0045588,0.010366,0.020227,0.033877,0.04869,0.056243,0.060052,0.062569
250.0,1.1569E-4,4.1968E-4,0.0013065,0.0034901,0.0080001,0.015737,0.026568,0.038492,0.044676,0.047855,0.05002
300.0,9.0252E-5,3.2958E-4,0.0010328,0.0027771,0.006408,0.012689,0.021563,0.031446,0.036642,0.039352,0.041241
350.0,7.2547E-5,2.6641E-4,8.3949E-4,0.00227,0.0052674,0.010489,0.017924,0.026284,0.03073,0.033077,0.034741
400.0,5.9614E-5,2.1997E-4,6.9654E-4,0.0018927,0.0044131,0.0088303,0.015163,0.022344,0.026199,0.028254,0.029733
450.0,4.982E-5,1.8462E-4,5.8712E-4,0.0016022,0.0037518,0.0075394,0.013002,0.019241,0.022619,0.024435,0.025758
500.0,4.2196E-5,1.5697E-4,5.0109E-4,0.0013727,0.0032268,0.0065093,0.011268,0.01674,0.019724,0.02134,0.02253
600.0,3.1212E-5,1.1688E-4,3.7561E-4,0.0010358,0.0024511,0.0049776,0.0086743,0.012972,0.015345,0.016647,0.017622
700.0,2.3802E-5,8.9639E-5,2.8969E-4,8.0337E-4,0.0019119,0.0039043,0.0068424,0.01029,0.012214,0.01328,0.01409
800.0,1.8563E-5,7.0252E-5,2.2814E-4,6.3579E-4,0.0015205,0.0031202,0.005495,0.0083043,0.0098857,0.010769,0.011448
1000.0,1.1845E-5,4.5193E-5,1.4797E-4,4.1574E-4,0.0010024,0.0020739,0.0036823,0.0056105,0.0067117,0.0073356,0.0078235
1200.0,7.9024E-6,3.0353E-5,1.0005E-4,2.8299E-4,6.8687E-4,0.0014307,0.0025572,0.0039224,0.0047112,0.0051628,0.005521
1500.0,4.5506E-6,1.7623E-5,5.8564E-5,1.6701E-4,4.087E-4,8.5828E-4,0.0015467,0.0023919,0.0028871,0.0031742,0.0034056
SA1P0
r\m,4.0,4.5,5.0,5.5,6.0,6.5,7.0,7.5,7.8,8.0,8.2
0.0,0.0065245,0.0236,0.066357,0.15017,0.27524,0.42775,0.6527,0.85321,0.92261,0.93912,0.92999
1.0,0.0049827,0.018144,0.052395,0.12286,0.23434,0.37656,0.57874,0.76006,0.82418,0.84049,0.83387
5.0,0.0025394,0.0094225,0.028619,0.071804,0.14848,0.25677,0.40278,0.53643,0.58658,0.60155,0.60016
10.0,0.0015605,0.005876,0.018337,0.047644,0.10199,0.18517,0.29552,0.39829,0.43865,0.45199,0.45309
15.0,0.0011201,0.0042191,0.013314,0.035151,0.077762,0.14577,0.23501,0.31952,0.35375,0.36579,0.36797
20.0,8.5571E-4,0.0032639,0.010452,0.028077,0.063298,0.12056,0.19584,0.26811,0.29807,0.30907,0.31177
25.0,6.9543E-4,0.0026745,0.008644,0.023464,0.053509,0.10296,0.16826,0.23169,0.25846,0.26861,0.27159
30.0,5.8591E-4,0.0022674,0.0073781,0.020179,0.046392,0.089939,0.14773,0.20441,0.2287,0.23815,0.24125
40.0,4.4445E-4,0.0017362,0.0057064,0.015775,0.036683,0.071884,0.11905,0.16605,0.18669,0.19503,0.19821
50.0,3.5654E-4,0.0014028,0.0046447,0.01294,0.030335,0.059911,0.099872,0.14021,0.15825,0.16575,0.16889
60.0,2.9648E-4,0.0011733,0.0039079,0.010954,0.025844,0.051357,0.086084,0.12151,0.13759,0.14442,0.14748
70.0,2.5287E-4,0.0010056,0.0033661,0.0094839,0.022492,0.044925,0.075658,0.10729,0.12183,0.12812,0.13108
80.0,2.1976E-4,8.7763E-4,0.0029505,0.0083495,0.01989,0.039904,0.067477,0.096086,0.10937,0.11521,0.11806
90.0,1.9379E-4,7.7682E-4,0.0026215,0.0074471,0.017809,0.035868,0.060876,0.087002,0.099251,0.1047,0.10745
100.0,1.7289E-4,6.9535E-4,0.0023545,0.0067118,0.016107,0.032551,0.055428,0.079477,0.090845,0.095957,0.098605
110.0,1.5571E-4,6.2817E-4,0.0021336,0.0061009,0.014687,0.029773,0.050851,0.073132,0.083743,0.08856,0.091113
120.0,1.4135E-4,5.7184E-4,0.0019477,0.0055851,0.013483,0.027412,0.046947,0.067703,0.077654,0.082211,0.084674
130.0,1.2918E-4,5.2393E-4,0.0017891,0.0051438,0.012451,0.025378,0.043575,0.063,0.072369,0.076694,0.079072
140.0,1.1873E-4,4.8271E-4,0.0016523,0.0047619,0.011554,0.023608,0.040631,0.058883,0.067736,0.071852,0.074149
150.0,1.0967E-4,4.4687E-4,0.0015331,0.0044282,0.010769,0.022053,0.038038,0.055246,0.063636,0.067563,0.069784
175.0,9.1559E-5,3.7493E-4,0.0012927,0.0037528,0.0091725,0.018878,0.032724,0.047764,0.055181,0.058702,0.060752
200.0,7.8008E-5,3.2083E-4,0.001111,0.0032393,0.0079521,0.016438,0.028617,0.04195,0.04859,0.051779,0.053679
250.0,5.9155E-5,2.4507E-4,8.5484E-4,0.0025107,0.0062086,0.012928,0.02267,0.033473,0.03894,0.041616,0.043269
300.0,4.6735E-5,1.9477E-4,6.8347E-4,0.0020194,0.0050237,0.010524,0.018564,0.027573,0.032191,0.034485,0.03594
350.0,3.7992E-5,1.5913E-4,5.6124E-4,0.0016667,0.0041674,0.008774,0.015556,0.023222,0.027193,0.02919,0.030483
400.0,3.1539E-5,1.3269E-4,4.7002E-4,0.0014019,0.0035209,0.0074456,0.013258,0.01988,0.023341,0.025098,0.026256
450.0,2.6607E-5,1.1237E-4,3.9962E-4,0.0011966,0.0030168,0.0064044,0.011449,0.017233,0.02028,0.021841,0.022884
500.0,2.2735E-5,9.6353E-5,3.4384E-4,0.0010331,0.0026138,0.0055683,0.0099886,0.015087,0.017792,0.019188,0.020132
600.0,1.7092E-5,7.2873E-5,2.6162E-4,7.9085E-4,0.0020129,0.0043141,0.0077855,0.01183,0.014002,0.015137,0.01592
700.0,1.3229E-5,5.6691E-5,2.0457E-4,6.2154E-4,0.0015901,0.0034253,0.0062131,0.0094893,0.011265,0.012203,0.012861
800.0,1.046E-5,4.5025E-5,1.6319E-4,4.9802E-4,0.0012797,0.002769,0.0050448,0.0077392,0.009212,0.0099968,0.010554
1000.0,6.8454E-6,2.9685E-5,1.0839E-4,3.3324E-4,8.6267E-4,0.0018804,0.0034514,0.005334,0.0063774,0.0069412,0.0073498
1200.0,4.6746E-6,2.0394E-5,7.4918E-5,2.3173E-4,6.0353E-4,0.0013236,0.002444,0.0038001,0.00456,0.0049751,0.0052808
1500.0,2.7804E-6,1.222E-5,4.5226E-5,1.4093E-4,3.6978E-4,8.1697E-4,0.0015198,0.0023807,0.0028694,0.00314,0.0033428
SA1P5
r\m,4.0,4.5,5.0,5.5,6.0,6.5,7.0,7.5,7.8,8.0,8.2
0.0,0.0018355,0.0082492,0.028241,0.076042,0.1619,0.28447,0.4746,0.6609,0.73336,0.75565,0.75444
1.0,0.0014273,0.0064497,0.022621,0.062927,0.13902,0.25198,0.42306,0.59142,0.6578,0.67884,0.6788
5.0,7.61E-4,0.0034926,0.012817,0.037919,0.090239,0.17506,0.29919,0.42318,0.47398,0.49144,0.49371
10.0,4.8317E-4,0.0022448,0.0084365,0.025756,0.063228,0.12828,0.22257,0.31794,0.35824,0.37291,0.37612
15.0,3.5462E-4,0.0016464,0.0062456,0.019335,0.048912,0.10218,0.17882,0.25732,0.29121,0.30402,0.30754
20.0,2.7587E-4,0.0012948,0.004976,0.015644,0.040255,0.085307,0.15024,0.21745,0.24694,0.25841,0.262
25.0,2.2735E-4,0.0010746,0.0041631,0.013209,0.034337,0.073428,0.12998,0.18902,0.21528,0.2257,0.22929
30.0,1.9378E-4,9.2081E-4,0.003588,0.011459,0.03,0.064574,0.11479,0.16762,0.19138,0.20097,0.20449
40.0,1.4977E-4,7.1737E-4,0.0028191,0.0090869,0.024026,0.052196,0.09343,0.13735,0.15744,0.16578,0.16914
50.0,1.2196E-4,5.8767E-4,0.0023239,0.0075404,0.020075,0.043905,0.079023,0.1168,0.13432,0.14175,0.14493
60.0,1.027E-4,4.9728E-4,0.0019764,0.0064461,0.017254,0.037935,0.06859,0.10184,0.11744,0.12415,0.12717
70.0,8.855E-5,4.3053E-4,0.0017182,0.0056284,0.015132,0.033414,0.060653,0.090406,0.1045,0.11064,0.11351
80.0,7.7702E-5,3.7913E-4,0.0015186,0.0049927,0.013474,0.029862,0.054393,0.081353,0.094227,0.099904,0.10263
90.0,6.9115E-5,3.3829E-4,0.0013593,0.0044836,0.01214,0.026993,0.049317,0.073986,0.08585,0.091134,0.093739
100.0,6.2148E-5,3.0505E-4,0.0012292,0.0040661,0.011042,0.024622,0.04511,0.06786,0.078872,0.083818,0.086309
110.0,5.638E-5,2.7744E-4,0.0011208,0.0037173,0.010121,0.022628,0.041561,0.062678,0.072958,0.077611,0.079996
120.0,5.1526E-5,2.5415E-4,0.0010291,0.0034213,0.0093375,0.020926,0.038523,0.058229,0.067873,0.072268,0.074558
130.0,4.7384E-5,2.3422E-4,9.5052E-4,0.0031668,0.0086619,0.019454,0.03589,0.054365,0.063449,0.067615,0.069816
140.0,4.381E-5,2.1698E-4,8.8233E-4,0.0029456,0.0080732,0.018169,0.033584,0.050973,0.05956,0.063521,0.065641
150.0,4.0693E-5,2.0192E-4,8.2261E-4,0.0027514,0.0075552,0.017035,0.031547,0.047968,0.056112,0.059887,0.061931
175.0,3.4407E-5,1.7144E-4,7.0137E-4,0.0023557,0.0064962,0.014709,0.027352,0.041762,0.048973,0.052354,0.054231
200.0,2.9649E-5,1.4827E-4,6.0878E-4,0.0020522,0.0056799,0.012908,0.024089,0.036913,0.04338,0.046441,0.048175
250.0,2.2933E-5,1.1538E-4,4.7664E-4,0.0016166,0.0045016,0.010293,0.019325,0.029792,0.035139,0.03771,0.039212
300.0,1.843E-5,9.3189E-5,3.8688E-4,0.0013187,0.0036906,0.0084807,0.016002,0.024792,0.029329,0.031537,0.032859
350.0,1.5211E-5,7.7236E-5,3.2201E-4,0.0011022,0.0030979,0.0071489,0.013546,0.021075,0.024995,0.026922,0.028098
400.0,1.2802E-5,6.5244E-5,2.7301E-4,9.3797E-4,0.0026459,0.0061282,0.011655,0.018199,0.021631,0.023333,0.024388
450.0,1.0938E-5,5.5925E-5,2.3477E-4,8.0923E-4,0.0022901,0.0053215,0.010153,0.015906,0.018942,0.020459,0.021411
500.0,9.4573E-6,4.8495E-5,2.0417E-4,7.0579E-4,0.0020032,0.0046684,0.008933,0.014035,0.016743,0.018105,0.018969
600.0,7.2657E-6,3.7445E-5,1.5845E-4,5.5048E-4,0.0015703,0.0036779,0.0070731,0.011169,0.013364,0.01448,0.015202
700.0,5.7358E-6,2.9686E-5,1.2615E-4,4.4015E-4,0.0012609,0.002966,0.0057283,0.0090836,0.010897,0.011827,0.012438
800.0,4.6192E-6,2.3996E-5,1.0235E-4,3.5842E-4,0.0010306,0.0024331,0.0047165,0.0075069,0.0090254,0.0098103,0.010332
1000.0,3.1263E-6,1.6341E-5,7.013E-5,2.4712E-4,7.1496E-4,0.0016984,0.0033127,0.0053053,0.0064021,0.006976,0.0073654
1200.0,2.2016E-6,1.1566E-5,4.9889E-5,1.7668E-4,5.1377E-4,0.0012267,0.0024047,0.0038706,0.004685,0.0051153,0.0054118
1500.0,1.3665E-6,7.2236E-6,3.1352E-5,1.1172E-4,3.269E-4,7.8534E-4,0.0015491,0.0025089,0.0030481,0.0033363,0.0035384
SA2P0
r\m,4.0,4.5,5.0,5.5,6.0,6.5,7.0,7.5,7.8,8.0,8.2
0.0,7.0283E-4,0.0036484,0.014253,0.043216,0.10211,0.19598,0.35077,0.51631,0.5882,0.61502,0.62164
1.0,5.5153E-4,0.0028763,0.011495,0.035947,0.087995,0.17402,0.31326,0.46266,0.52814,0.55297,0.55968
5.0,3.0083E-4,0.0015898,0.0066273,0.021963,0.057708,0.1218,0.22282,0.33243,0.38181,0.40138,0.40791
10.0,1.9418E-4,0.0010371,0.0044188,0.015078,0.040785,0.089831,0.16659,0.2507,0.28943,0.30532,0.31136
15.0,1.4414E-4,7.6871E-4,0.003302,0.01141,0.031752,0.071903,0.13437,0.2035,0.23584,0.24942,0.255
20.0,1.1318E-4,6.0957E-4,0.0026497,0.0092878,0.026263,0.060271,0.11326,0.1724,0.20039,0.21236,0.21755
25.0,9.3954E-5,5.0922E-4,0.0022296,0.0078811,0.022495,0.052055,0.098259,0.15018,0.17501,0.18577,0.19062
30.0,8.0568E-5,4.3873E-4,0.001931,0.0068659,0.019725,0.045917,0.086994,0.13344,0.15583,0.16564,0.17021
40.0,6.2896E-5,3.4491E-4,0.0015295,0.0054834,0.015894,0.037308,0.071109,0.10971,0.12857,0.13699,0.1411
50.0,5.1637E-5,2.8465E-4,0.0012693,0.0045772,0.013349,0.031521,0.060368,0.093578,0.10997,0.11739,0.12114
60.0,4.3788E-5,2.4241E-4,0.0010857,0.0039331,0.011525,0.027341,0.052572,0.081815,0.096375,0.10304,0.1065
70.0,3.7989E-5,2.1106E-4,9.4874E-4,0.00345,0.010149,0.024168,0.04663,0.072814,0.085947,0.092015,0.095231
80.0,3.3521E-5,1.8682E-4,8.424E-4,0.0030732,0.0090707,0.02167,0.041935,0.065678,0.077662,0.083244,0.086256
90.0,2.9969E-5,1.6748E-4,7.5728E-4,0.0027705,0.0082008,0.019648,0.038123,0.059865,0.070901,0.076077,0.078914
100.0,2.7075E-5,1.5167E-4,6.8753E-4,0.0025216,0.0074833,0.017974,0.034959,0.055028,0.065265,0.070097,0.07278
110.0,2.467E-5,1.3851E-4,6.2926E-4,0.0023132,0.0068804,0.016564,0.032286,0.050931,0.060485,0.065019,0.067567
120.0,2.264E-5,1.2737E-4,5.7983E-4,0.0021359,0.0063663,0.015358,0.029996,0.047412,0.056373,0.060648,0.063074
130.0,2.0902E-5,1.1781E-4,5.3733E-4,0.0019831,0.0059223,0.014314,0.028008,0.044353,0.052794,0.056839,0.059156
140.0,1.9397E-5,1.0952E-4,5.0039E-4,0.00185,0.0055347,0.013401,0.026266,0.041665,0.049646,0.053486,0.055705
150.0,1.8082E-5,1.0226E-4,4.6797E-4,0.001733,0.0051931,0.012594,0.024725,0.039283,0.046852,0.050509,0.052638
175.0,1.5417E-5,8.7503E-5,4.019E-4,0.0014938,0.0044928,0.010936,0.021547,0.034356,0.041065,0.044333,0.046268
200.0,1.3388E-5,7.6224E-5,3.5121E-4,0.0013095,0.0039511,0.009648,0.019069,0.0305,0.036524,0.03948,0.041255
250.0,1.05E-5,6.0103E-5,2.7839E-4,0.0010435,0.0031654,0.0077705,0.015439,0.024824,0.029821,0.032302,0.033825
300.0,8.5458E-6,4.9126E-5,2.2854E-4,8.6039E-4,0.0026212,0.0064627,0.012896,0.020825,0.025081,0.027215,0.028548
350.0,7.1359E-6,4.1172E-5,1.9224E-4,7.264E-4,0.0022212,0.0054966,0.011008,0.017842,0.021536,0.023403,0.024584
400.0,6.0724E-6,3.5148E-5,1.6464E-4,6.2408E-4,0.0019144,0.0047526,0.0095487,0.015526,0.018776,0.020429,0.021487
450.0,5.243E-6,3.0432E-5,1.4295E-4,5.434E-4,0.0016717,0.0041616,0.0083848,0.013672,0.016561,0.01804,0.018996
500.0,4.5791E-6,2.6646E-5,1.2548E-4,4.782E-4,0.0014748,0.0036808,0.0074348,0.012153,0.014744,0.016077,0.016946
600.0,3.5861E-6,2.0959E-5,9.9133E-5,3.7945E-4,0.0011754,0.0029464,0.0059773,0.0098133,0.011937,0.013038,0.013767
700.0,2.8831E-6,1.6913E-5,8.0291E-5,3.0847E-4,9.5904E-4,0.002413,0.0049134,0.0080965,0.0098703,0.010797,0.011418
800.0,2.363E-6,1.3906E-5,6.623E-5,2.5526E-4,7.9618E-4,0.0020097,0.0041053,0.0067866,0.0082893,0.0090793,0.0096134
1000.0,1.6539E-6,9.7859E-6,4.6857E-5,1.8157E-4,5.6937E-4,0.0014449,0.0029675,0.0049321,0.0060436,0.0066338,0.0070391
1200.0,1.2029E-6,7.1485E-6,3.4379E-5,1.338E-4,4.2143E-4,0.0010742,0.0022158,0.003699,0.0045446,0.0049971,0.0053118
1500.0,7.8227E-7,4.6739E-6,2.2599E-5,8.8432E-5,2.8003E-4,7.1763E-4,0.0014883,0.0024979,0.0030788,0.0033927,0.0036141
SA3P0
r\m,4.0,4.5,5.0,5.5,6.0,6.5,7.0,7.5,7.8,8.0,8.2
0.0,1.8009E-4,0.0011123,0.0050555,0.017522,0.046689,0.10011,0.19935,0.32253,0.38647,0.41685,0.43374
1.0,1.3782E-4,8.5463E-4,0.0039919,0.014361,0.039882,0.088449,0.17713,0.28741,0.345,0.37255,0.3881
5.0,7.3657E-5,4.6197E-4,0.0022559,0.00864,0.025895,0.061522,0.12508,0.2047,0.24699,0.26763,0.27976
10.0,4.7872E-5,3.0293E-4,0.0015099,0.0059496,0.018351,0.045474,0.093584,0.15426,0.18692,0.20312,0.21294
15.0,3.5914E-5,2.267E-4,0.0011379,0.0045354,0.014371,0.036563,0.075736,0.12549,0.15253,0.1661,0.17448
20.0,2.8514E-5,1.8155E-4,9.2095E-4,0.0037189,0.011958,0.030799,0.064091,0.10663,0.12992,0.14171,0.14911
25.0,2.3899E-5,1.5298E-4,7.8091E-4,0.0031769,0.010302,0.026729,0.055824,0.093186,0.11377,0.12426,0.13092
30.0,2.067E-5,1.3283E-4,6.8103E-4,0.0027847,0.0090813,0.023685,0.049615,0.083058,0.10158,0.11107,0.11716
40.0,1.6375E-5,1.0583E-4,5.4603E-4,0.0022482,0.0073877,0.019405,0.040846,0.0687,0.084259,0.092302,0.097544
50.0,1.3611E-5,8.8346E-5,4.5787E-4,0.0018944,0.006257,0.016516,0.034899,0.058919,0.072425,0.079458,0.084097
60.0,1.1667E-5,7.5987E-5,3.9522E-4,0.0016413,0.0054425,0.014421,0.030569,0.05177,0.063758,0.070037,0.074219
70.0,1.0219E-5,6.6746E-5,3.4818E-4,0.0014504,0.0048247,0.012824,0.027257,0.046286,0.057097,0.062788,0.066608
80.0,9.0946E-6,5.9551E-5,3.1143E-4,0.0013007,0.0043384,0.011561,0.024633,0.041928,0.051794,0.05701,0.060536
90.0,8.1947E-6,5.3775E-5,2.8185E-4,0.0011798,0.0039444,0.010535,0.022495,0.038369,0.047457,0.052281,0.055561
100.0,7.4568E-6,4.9029E-5,2.5748E-4,0.00108,0.003618,0.0096833,0.020715,0.0354,0.043835,0.048327,0.051398
110.0,6.8402E-6,4.5054E-5,2.3703E-4,9.9601E-4,0.0033428,0.0089631,0.019207,0.032881,0.040757,0.044965,0.047855
120.0,6.3166E-6,4.1672E-5,2.196E-4,9.2428E-4,0.0031073,0.0083453,0.017912,0.030711,0.038104,0.042064,0.044797
130.0,5.8661E-6,3.8758E-5,2.0454E-4,8.6223E-4,0.0029031,0.0078089,0.016785,0.028821,0.035791,0.039533,0.042126
140.0,5.4741E-6,3.6218E-5,1.914E-4,8.0797E-4,0.0027243,0.0073381,0.015795,0.027158,0.033752,0.037302,0.03977
150.0,5.1298E-6,3.3983E-5,1.7983E-4,7.6009E-4,0.0025662,0.0069214,0.014916,0.02568,0.03194,0.035317,0.037673
175.0,4.4271E-6,2.9412E-5,1.5609E-4,6.6168E-4,0.0022405,0.0060606,0.013098,0.022615,0.028175,0.03119,0.033308
200.0,3.8867E-6,2.5886E-5,1.3772E-4,5.8528E-4,0.0019868,0.0053879,0.011674,0.020204,0.02521,0.027935,0.029861
250.0,3.1078E-6,2.0785E-5,1.1105E-4,4.7391E-4,0.0016156,0.0043996,0.0095721,0.016636,0.020809,0.023097,0.024731
300.0,2.5721E-6,1.7262E-5,9.2538E-5,3.9628E-4,0.0013556,0.0037043,0.0080869,0.014103,0.017677,0.019647,0.021065
350.0,2.1803E-6,1.4675E-5,7.89E-5,3.3886E-4,0.0011626,0.0031861,0.0069757,0.0122,0.015319,0.017045,0.018297
400.0,1.8811E-6,1.2693E-5,6.8415E-5,2.9457E-4,0.0010132,0.0027837,0.0061101,0.010713,0.013472,0.015005,0.016124
450.0,1.645E-6,1.1124E-5,6.0095E-5,2.5933E-4,8.9394E-4,0.0024616,0.0054151,0.0095157,0.011982,0.013358,0.014366
500.0,1.454E-6,9.8524E-6,5.333E-5,2.3059E-4,7.9647E-4,0.0021976,0.0048439,0.008529,0.010752,0.011996,0.012912
600.0,1.1642E-6,7.9157E-6,4.2995E-5,1.8655E-4,6.4657E-4,0.0017902,0.0039595,0.0069958,0.0088376,0.0098739,0.010642
700.0,9.5512E-7,6.5133E-6,3.5481E-5,1.544E-4,5.3671E-4,0.0014904,0.003306,0.0058582,0.0074135,0.0082925,0.0089483
800.0,7.9777E-7,5.4541E-6,2.9786E-5,1.2995E-4,4.5286E-4,0.0012607,0.0028037,0.0049807,0.0063126,0.0070682,0.0076349
1000.0,5.7826E-7,3.9702E-6,2.1774E-5,9.5397E-5,3.3387E-4,9.334E-4,0.0020846,0.003719,0.0047255,0.0053001,0.0057347
1200.0,4.3435E-7,2.9925E-6,1.6469E-5,7.2405E-5,2.5428E-4,7.1337E-4,0.0015987,0.0028621,0.0036442,0.0040931,0.0044349
1500.0,2.9549E-7,2.0444E-6,1.13E-5,4.9889E-5,1.7595E-4,4.9572E-4,0.0011157,0.0020058,0.0025605,0.0028807,0.0031266
SA4P0
r\m,4.0,4.5,5.0,5.5,6.0,6.5,7.0,7.5,7.8,8.0,8.2
0.0,7.4052E-5,5.0285E-4,0.0024644,0.0091474,0.02605,0.059912,0.12927,0.2264,0.28421,0.31607,0.33898
1.0,5.4599E-5,3.7173E-4,0.0018873,0.0073433,0.021988,0.052583,0.11412,0.20039,0.25196,0.28051,0.30117
5.0,2.8196E-5,1.9377E-4,0.0010336,0.0043136,0.014053,0.036213,0.079761,0.14114,0.17829,0.19911,0.21443
10.0,1.8318E-5,1.2685E-4,6.9047E-4,0.0029651,0.009947,0.026747,0.05959,0.10611,0.13454,0.15063,0.16263
15.0,1.3818E-5,9.5391E-5,5.2255E-4,0.0022686,0.007813,0.021557,0.048304,0.086403,0.10985,0.1232,0.13325
20.0,1.1044E-5,7.6843E-5,4.2512E-4,0.0018684,0.0065255,0.018214,0.040979,0.073557,0.093713,0.10525,0.114
25.0,9.313E-6,6.5109E-5,3.6225E-4,0.001603,0.0056425,0.015858,0.03579,0.064427,0.082223,0.092453,0.10025
30.0,8.0991E-6,5.6818E-5,3.1737E-4,0.0014109,0.004992,0.014095,0.031895,0.057556,0.073562,0.082795,0.089868
40.0,6.4786E-6,4.5677E-5,2.5654E-4,0.0011475,0.0040879,0.011616,0.026394,0.047818,0.061262,0.069061,0.07508
50.0,5.43E-6,3.8424E-5,2.1665E-4,9.7318E-4,0.0034826,0.0099388,0.022657,0.041179,0.052857,0.059662,0.064944
60.0,4.6884E-6,3.3273E-5,1.8818E-4,8.4804E-4,0.0030452,0.0087191,0.01993,0.036319,0.046694,0.052761,0.057494
70.0,4.1331E-6,2.9404E-5,1.6672E-4,7.5329E-4,0.0027124,0.007787,0.01784,0.032585,0.041951,0.047445,0.051748
80.0,3.7E-6,2.6378E-5,1.4988E-4,6.7874E-4,0.0024495,0.0070483,0.016181,0.029613,0.038169,0.043203,0.047158
90.0,3.3518E-6,2.394E-5,1.3628E-4,6.1835E-4,0.002236,0.0064465,0.014825,0.027181,0.035072,0.039725,0.043393
100.0,3.0651E-6,2.1928E-5,1.2504E-4,5.6831E-4,0.0020587,0.0059455,0.013695,0.025149,0.032481,0.036814,0.040239
110.0,2.8245E-6,2.0237E-5,1.1558E-4,5.2609E-4,0.0019087,0.005521,0.012736,0.023421,0.030276,0.034335,0.037551
120.0,2.6195E-6,1.8794E-5,1.0748E-4,4.8993E-4,0.0017801,0.005156,0.01191,0.021932,0.028373,0.032194,0.035228
130.0,2.4426E-6,1.7546E-5,1.0047E-4,4.5857E-4,0.0016683,0.0048385,0.01119,0.020632,0.026711,0.030323,0.033197
140.0,2.2881E-6,1.6456E-5,9.4338E-5,4.3108E-4,0.0015702,0.0045593,0.010557,0.019486,0.025245,0.028671,0.031403
150.0,2.152E-6,1.5493E-5,8.8918E-5,4.0676E-4,0.0014832,0.0043116,0.0099938,0.018466,0.023939,0.027201,0.029805
175.0,1.8728E-6,1.3516E-5,7.7759E-5,3.5659E-4,0.0013035,0.0037985,0.0088255,0.016347,0.021222,0.024136,0.026472
200.0,1.6566E-6,1.1981E-5,6.9073E-5,3.1743E-4,0.0011628,0.0033958,0.0079063,0.014675,0.019075,0.021712,0.023834
250.0,1.3424E-6,9.7429E-6,5.6367E-5,2.5996E-4,9.5568E-4,0.0028008,0.0065438,0.012188,0.015876,0.018096,0.019892
300.0,1.124E-6,8.1814E-6,4.747E-5,2.1956E-4,8.095E-4,0.0023792,0.0055749,0.010413,0.013587,0.015505,0.017064
350.0,9.6281E-7,7.0251E-6,4.086E-5,1.8945E-4,7.0021E-4,0.0020631,0.0048458,0.0090734,0.011856,0.013543,0.014919
400.0,8.3864E-7,6.132E-6,3.5742E-5,1.6607E-4,6.151E-4,0.0018161,0.0042748,0.0080212,0.010495,0.011998,0.013228
450.0,7.3992E-7,5.4203E-6,3.1652E-5,1.4734E-4,5.4676E-4,0.0016174,0.0038141,0.0071701,0.0093917,0.010745,0.011855
500.0,6.5947E-7,4.839E-6,2.8305E-5,1.3198E-4,4.9059E-4,0.0014537,0.0034337,0.0064658,0.0084777,0.0097056,0.010716
600.0,5.3619E-7,3.9458E-6,2.3148E-5,1.0825E-4,4.0353E-4,0.0011992,0.0028408,0.0053648,0.0070463,0.0080763,0.0089271
700.0,4.4616E-7,3.2913E-6,1.9356E-5,9.0737E-5,3.3908E-4,0.0010101,0.0023989,0.0045413,0.0059735,0.0068533,0.0075827
800.0,3.776E-7,2.7915E-6,1.6451E-5,7.7285E-5,2.8943E-4,8.6405E-4,0.0020563,0.0039011,0.0051379,0.0058997,0.0065332
1000.0,2.8045E-7,2.0807E-6,1.2306E-5,5.8017E-5,2.1805E-4,6.5327E-4,0.0015602,0.0029705,0.0039206,0.0045083,0.0049995
1200.0,2.1545E-7,1.6031E-6,9.5088E-6,4.4961E-5,1.6947E-4,5.0921E-4,0.0012197,0.0023289,0.0030792,0.0035449,0.0039357
1500.0,1.5125E-7,1.1294E-6,6.723E-6,3.1902E-5,1.2068E-4,3.639E-4,8.7475E-4,0.0016762,0.002221,0.0025605,0.0028468
SA5P0
r\m,4.0,4.5,5.0,5.5,6.0,6.5,7.0,7.5,7.8,8.0,8.2
0.0,3.5528E-5,2.5443E-4,0.0013205,0.0052099,0.015809,0.038809,0.089397,0.16756,0.21937,0.25104,0.27715
1.0,2.6371E-5,1.8923E-4,0.0010163,0.0041971,0.013375,0.03411,0.079003,0.14843,0.1946,0.2229,0.24633
5.0,1.3815E-5,9.9918E-5,5.6266E-4,0.0024863,0.0086,0.02359,0.055397,0.10479,0.13795,0.15845,0.17558
10.0,9.0602E-6,6.5965E-5,3.7863E-4,0.0017194,0.006117,0.017486,0.041503,0.078944,0.10427,0.12003,0.1333
15.0,6.8771E-6,4.9893E-5,2.8802E-4,0.0013213,0.0048214,0.01413,0.033715,0.064385,0.085244,0.098279,0.10932
20.0,5.5241E-6,4.0371E-5,2.3523E-4,0.0010918,0.0040378,0.011965,0.028652,0.054887,0.072804,0.08404,0.093596
25.0,4.6767E-6,3.4327E-5,2.0106E-4,9.3921E-4,0.0034993,0.010437,0.025062,0.048131,0.063941,0.073884,0.082369
30.0,4.0804E-6,3.0044E-5,1.7662E-4,8.2853E-4,0.0031019,0.0092922,0.022365,0.043045,0.057257,0.066218,0.073886
40.0,3.2816E-6,2.4271E-5,1.4339E-4,6.7649E-4,0.0025487,0.0076794,0.018552,0.035831,0.047762,0.055315,0.061807
50.0,2.7626E-6,2.05E-5,1.2154E-4,5.7558E-4,0.0021775,0.0065868,0.015958,0.030909,0.041271,0.047851,0.053528
60.0,2.3944E-6,1.7814E-5,1.059E-4,5.0299E-4,0.0019088,0.0057913,0.014065,0.027305,0.03651,0.042371,0.047442
70.0,2.118E-6,1.5791E-5,9.4088E-5,4.4794E-4,0.0017041,0.0051826,0.012612,0.024534,0.032845,0.038148,0.042748
80.0,1.9019E-6,1.4206E-5,8.4807E-5,4.0456E-4,0.0015422,0.0046997,0.011457,0.022327,0.029922,0.034778,0.038999
90.0,1.7277E-6,1.2927E-5,7.7297E-5,3.6937E-4,0.0014106,0.0043061,0.010514,0.020522,0.027528,0.032016,0.035924
100.0,1.5841E-6,1.1869E-5,7.108E-5,3.4018E-4,0.0013011,0.0039781,0.0097273,0.019012,0.025525,0.029703,0.033348
110.0,1.4634E-6,1.0979E-5,6.5838E-5,3.1553E-4,0.0012085,0.0037,0.009059,0.017729,0.02382,0.027733,0.031152
120.0,1.3603E-6,1.0219E-5,6.1351E-5,2.9439E-4,0.001129,0.0034608,0.0084833,0.016622,0.022349,0.026032,0.029255
130.0,1.2712E-6,9.5601E-6,5.7462E-5,2.7604E-4,0.0010598,0.0032526,0.0079815,0.015656,0.021063,0.024546,0.027597
140.0,1.1934E-6,8.9837E-6,5.4053E-5,2.5994E-4,9.9905E-4,0.0030694,0.0075396,0.014804,0.019929,0.023233,0.026132
150.0,1.1247E-6,8.4746E-6,5.1039E-5,2.4568E-4,9.452E-4,0.0029067,0.0071469,0.014046,0.01892,0.022065,0.024827
175.0,9.835E-7,7.4267E-6,4.4825E-5,2.1624E-4,8.3374E-4,0.0025696,0.0063313,0.012469,0.016817,0.019629,0.022105
200.0,8.7389E-7,6.6112E-6,3.9977E-5,1.9321E-4,7.4638E-4,0.0023047,0.005689,0.011225,0.015156,0.017703,0.019951
250.0,7.14E-7,5.4184E-6,3.2867E-5,1.5935E-4,6.1749E-4,0.0019127,0.004736,0.0093735,0.012679,0.014829,0.016732
300.0,6.0238E-7,4.583E-6,2.787E-5,1.3547E-4,5.2631E-4,0.0016344,0.0040573,0.0080506,0.010906,0.012768,0.014422
350.0,5.1967E-7,3.9623E-6,2.4147E-5,1.1763E-4,4.5799E-4,0.0014253,0.0035458,0.0070508,0.0095644,0.011207,0.012669
400.0,4.5572E-7,3.4812E-6,2.1255E-5,1.0373E-4,4.0465E-4,0.0012617,0.0031446,0.0062647,0.0085075,0.0099758,0.011286
450.0,4.0469E-7,3.0965E-6,1.8938E-5,9.2575E-5,3.6172E-4,0.0011297,0.0028203,0.0056279,0.0076503,0.0089765,0.010162
500.0,3.6296E-7,2.7813E-6,1.7035E-5,8.3399E-5,3.2635E-4,0.0010208,0.0025521,0.0051002,0.0069391,0.0081468,0.009228
600.0,2.987E-7,2.2948E-6,1.4091E-5,6.9164E-5,2.7134E-4,8.5089E-4,0.0021328,0.0042732,0.0058228,0.0068433,0.0077594
700.0,2.5145E-7,1.936E-6,1.1914E-5,5.8603E-5,2.3041E-4,7.241E-4,0.001819,0.0036522,0.0049832,0.0058616,0.006652
800.0,2.1523E-7,1.6602E-6,1.0236E-5,5.0444E-5,1.987E-4,6.2564E-4,0.0015746,0.0031675,0.0043266,0.0050931,0.0057843
1000.0,1.6338E-7,1.2642E-6,7.819E-6,3.8655E-5,1.5274E-4,4.8245E-4,0.001218,0.0024579,0.0033637,0.0039646,0.0045083
1200.0,1.2819E-7,9.9446E-7,6.1665E-6,3.0564E-5,1.2108E-4,3.8343E-4,9.7052E-4,0.0019635,0.0026913,0.0031753,0.0036145
1500.0,9.2806E-8,7.2224E-7,4.4926E-6,2.2338E-5,8.8775E-5,2.82E-4,7.1604E-4,0.0014532,0.0019956,0.0023575,0.002687
SA7P5
r\m,4.0,4.5,5.0,5.5,6.0,6.5,7.0,7.5,7.8,8.0,8.2
0.0,1.1687E-5,8.8175E-5,4.7817E-4,0.0019884,0.0064615,0.017364,0.045051,0.096593,0.13803,0.16792,0.19755
1.0,8.256E-6,6.2298E-5,3.5379E-4,0.0015616,0.0053905,0.015146,0.039517,0.084902,0.12147,0.1479,0.17414
5.0,4.1575E-6,3.155E-5,1.8897E-4,9.0036E-4,0.0034046,0.010356,0.027384,0.059176,0.08496,0.10368,0.12236
10.0,2.7245E-6,2.0787E-5,1.2684E-4,6.2112E-4,0.002417,0.0076652,0.020469,0.044435,0.06397,0.078211,0.092467
15.0,2.0786E-6,1.5792E-5,9.6846E-5,4.7878E-4,0.0019098,0.0062052,0.016645,0.036251,0.052291,0.064015,0.075781
20.0,1.6801E-6,1.2848E-5,7.9469E-5,3.9719E-4,0.0016046,0.0052681,0.014175,0.030948,0.044709,0.054787,0.064923
25.0,1.4305E-6,1.0981E-5,6.8236E-5,3.4304E-4,0.0013953,0.0046082,0.012428,0.027189,0.039327,0.048232,0.057201
30.0,1.2546E-6,9.6565E-6,6.0194E-5,3.0375E-4,0.0012409,0.0041144,0.011117,0.024364,0.035277,0.043295,0.051382
40.0,1.0183E-6,7.867E-6,4.9247E-5,2.4973E-4,0.0010259,0.0034187,0.0092646,0.020362,0.029532,0.036285,0.043111
50.0,8.641E-7,6.6935E-6,4.2023E-5,2.1379E-4,8.8131E-4,0.0029468,0.0080045,0.017632,0.025608,0.031492,0.03745
60.0,7.5421E-7,5.8547E-6,3.6839E-5,1.8786E-4,7.7647E-4,0.0026027,0.0070834,0.015632,0.022729,0.027973,0.03329
70.0,6.7136E-7,5.2207E-6,3.2909E-5,1.6815E-4,6.9641E-4,0.002339,0.0063761,0.014094,0.020512,0.02526,0.030081
80.0,6.0634E-7,4.7221E-6,2.9813E-5,1.5258E-4,6.3298E-4,0.0021295,0.0058132,0.012868,0.018743,0.023095,0.027518
90.0,5.5377E-7,4.3184E-6,2.7301E-5,1.3991E-4,5.8129E-4,0.0019583,0.0053527,0.011863,0.017293,0.021319,0.025415
100.0,5.1026E-7,3.9837E-6,2.5215E-5,1.2939E-4,5.3823E-4,0.0018155,0.004968,0.011023,0.016079,0.019831,0.023652
110.0,4.7358E-7,3.7013E-6,2.3452E-5,1.2047E-4,5.0172E-4,0.0016943,0.004641,0.010308,0.015045,0.018564,0.022149
120.0,4.4218E-7,3.4592E-6,2.194E-5,1.1282E-4,4.7031E-4,0.0015898,0.0043589,0.0096906,0.014152,0.017468,0.02085
130.0,4.1496E-7,3.2491E-6,2.0626E-5,1.0616E-4,4.4296E-4,0.0014987,0.0041128,0.0091512,0.013371,0.01651,0.019713
140.0,3.911E-7,3.0648E-6,1.9472E-5,1.003E-4,4.1889E-4,0.0014185,0.0038957,0.0086752,0.012682,0.015664,0.018709
150.0,3.7E-7,2.9017E-6,1.845E-5,9.5111E-5,3.9752E-4,0.0013472,0.0037027,0.0082515,0.012068,0.01491,0.017814
175.0,3.2647E-7,2.5646E-6,1.6335E-5,8.4355E-5,3.5318E-4,0.001199,0.003301,0.0073687,0.010788,0.013337,0.015945
200.0,2.9249E-7,2.3011E-6,1.4678E-5,7.5912E-5,3.1831E-4,0.0010823,0.0029839,0.0066707,0.0097742,0.012091,0.014464
250.0,2.4258E-7,1.9132E-6,1.2234E-5,6.3429E-5,2.6664E-4,9.0883E-4,0.0025119,0.0056293,0.0082604,0.010229,0.012248
300.0,2.0744E-7,1.6394E-6,1.0504E-5,5.4572E-5,2.2988E-4,7.8512E-4,0.0021744,0.0048826,0.0071734,0.0088898,0.010653
350.0,1.812E-7,1.4345E-6,9.2072E-6,4.7916E-5,2.0218E-4,6.9173E-4,0.001919,0.0043165,0.0063482,0.0078725,0.0094407
400.0,1.6078E-7,1.2746E-6,8.1935E-6,4.2704E-5,1.8046E-4,6.1834E-4,0.0017179,0.0038699,0.0056965,0.0070685,0.0084815
450.0,1.4437E-7,1.1461E-6,7.3767E-6,3.8497E-5,1.629E-4,5.5889E-4,0.0015548,0.0035071,0.0051664,0.0064141,0.0077003
500.0,1.3087E-7,1.0401E-6,6.7027E-6,3.5021E-5,1.4836E-4,5.0962E-4,0.0014194,0.0032054,0.0047252,0.0058691,0.0070494
600.0,1.099E-7,8.7523E-7,5.6515E-6,2.9589E-5,1.2561E-4,4.3233E-4,0.0012066,0.0027303,0.0040298,0.0050094,0.0060216
700.0,9.4302E-8,7.523E-7,4.8661E-6,2.552E-5,1.0852E-4,3.7417E-4,0.001046,0.0023711,0.0035033,0.0043579,0.0052421
800.0,8.2208E-8,6.568E-7,4.2547E-6,2.2347E-5,9.517E-5,3.2863E-4,9.2008E-4,0.0020887,0.0030888,0.0038446,0.0046274
1000.0,6.4621E-8,5.1757E-7,3.3612E-6,1.7698E-5,7.556E-5,2.6156E-4,7.3414E-4,0.0016708,0.0024744,0.0030829,0.0037144
1200.0,5.242E-8,4.207E-7,2.7377E-6,1.4445E-5,6.1795E-5,2.1435E-4,6.0285E-4,0.0013748,0.0020385,0.0025419,0.003065
1500.0,3.9816E-8,3.2035E-7,2.0898E-6,1.1054E-5,4.7407E-5,1.6485E-4,4.6481E-4,0.0010626,0.001578,0.0019697,0.0023774
SA10P0
r\m,4.0,4.5,5.0,5.5,6.0,6.5,7.0,7.5,7.8,8.0,8.2
0.0,5.1668E-6,3.8602E-5,2.1136E-4,9.0414E-4,0.0030766,0.0088059,0.024734,0.058444,0.089294,0.114,0.14113
1.0,3.6662E-6,2.7389E-5,1.5691E-4,7.1173E-4,0.0025702,0.0076879,0.021712,0.051402,0.078625,0.10045,0.12445
5.0,1.8615E-6,1.3978E-5,8.4362E-5,4.1245E-4,0.0016294,0.0052707,0.01508,0.035893,0.055079,0.07052,0.08756
10.0,1.2261E-6,9.2533E-6,5.6865E-5,2.8554E-4,0.0011602,0.0039103,0.011294,0.026996,0.041533,0.053267,0.066251
15.0,9.3866E-7,7.0527E-6,4.3548E-5,2.2069E-4,9.1868E-4,0.0031711,0.0091986,0.022054,0.033991,0.043647,0.054351
20.0,7.6082E-7,5.7527E-6,3.5816E-5,1.8345E-4,7.7322E-4,0.0026963,0.0078437,0.01885,0.029093,0.037392,0.046607
25.0,6.4923E-7,4.9267E-6,3.0811E-5,1.5871E-4,6.7338E-4,0.0023617,0.0068851,0.016578,0.025616,0.032948,0.041099
30.0,5.705E-7,4.3401E-6,2.7224E-5,1.4074E-4,5.9968E-4,0.0021112,0.0061657,0.01487,0.022999,0.029601,0.036948
40.0,4.6455E-7,3.5466E-6,2.2336E-5,1.1601E-4,4.9693E-4,0.001758,0.0051485,0.012449,0.019285,0.024848,0.031048
50.0,3.953E-7,3.0255E-6,1.9107E-5,9.9542E-5,4.2782E-4,0.0015183,0.0044563,0.010798,0.016749,0.021598,0.027009
60.0,3.4588E-7,2.6526E-6,1.6787E-5,8.7655E-5,3.7766E-4,0.0013434,0.0039501,0.0095882,0.014888,0.019212,0.024042
70.0,3.0859E-7,2.3704E-6,1.5027E-5,7.8609E-5,3.3934E-4,0.0012094,0.0035614,0.0086576,0.013455,0.017373,0.021754
80.0,2.793E-7,2.1484E-6,1.3639E-5,7.1459E-5,3.0896E-4,0.0011028,0.0032519,0.0079157,0.012312,0.015905,0.019926
90.0,2.5559E-7,1.9685E-6,1.2513E-5,6.5643E-5,2.842E-4,0.0010158,0.0029988,0.0073081,0.011375,0.014701,0.018427
100.0,2.3596E-7,1.8193E-6,1.1577E-5,6.0806E-5,2.6357E-4,9.4317E-4,0.0027873,0.0067999,0.01059,0.013693,0.01717
110.0,2.194E-7,1.6933E-6,1.0786E-5,5.671E-5,2.4608E-4,8.8148E-4,0.0026075,0.0063673,0.009922,0.012834,0.0161
120.0,2.0522E-7,1.5853E-6,1.0107E-5,5.3189E-5,2.3102E-4,8.2833E-4,0.0024525,0.0059939,0.009345,0.012092,0.015174
130.0,1.9292E-7,1.4915E-6,9.5173E-6,5.0127E-5,2.1791E-4,7.8199E-4,0.0023171,0.0056677,0.0088407,0.011443,0.014364
140.0,1.8213E-7,1.4092E-6,8.9991E-6,4.7435E-5,2.0637E-4,7.4117E-4,0.0021978,0.0053798,0.0083955,0.01087,0.013649
150.0,1.7259E-7,1.3363E-6,8.5397E-6,4.5046E-5,1.9612E-4,7.0488E-4,0.0020917,0.0051236,0.007999,0.01036,0.013012
175.0,1.5289E-7,1.1856E-6,7.5891E-6,4.0096E-5,1.7486E-4,6.2948E-4,0.0018709,0.0045899,0.0071726,0.0092952,0.011682
200.0,1.375E-7,1.0677E-6,6.8439E-6,3.621E-5,1.5813E-4,5.7007E-4,0.0016966,0.0041681,0.0065186,0.0084524,0.010628
250.0,1.1487E-7,8.9405E-7,5.744E-6,3.0461E-5,1.3334E-4,4.8181E-4,0.0014372,0.0035389,0.0055422,0.0071928,0.0090529
300.0,9.8913E-8,7.7132E-7,4.9649E-6,2.6379E-5,1.1569E-4,4.1884E-4,0.0012517,0.0030879,0.0048414,0.006288,0.0079201
350.0,8.6985E-8,6.7939E-7,4.3801E-6,2.331E-5,1.024E-4,3.7129E-4,0.0011114,0.0027461,0.0043096,0.0056008,0.007059
400.0,7.7688E-8,6.0761E-7,3.9228E-6,2.0905E-5,9.1959E-5,3.3391E-4,0.0010009,0.0024765,0.0038896,0.0050579,0.0063782
450.0,7.021E-8,5.4981E-7,3.5539E-6,1.8962E-5,8.3516E-5,3.0363E-4,9.1122E-4,0.0022573,0.0035481,0.004616,0.0058238
500.0,6.405E-8,5.0211E-7,3.2492E-6,1.7356E-5,7.6523E-5,2.7851E-4,8.3674E-4,0.0020751,0.0032638,0.004248,0.0053618
600.0,5.4461E-8,4.2775E-7,2.7732E-6,1.4841E-5,6.5561E-5,2.3907E-4,7.196E-4,0.001788,0.0028154,0.0036671,0.0046321
700.0,4.7306E-8,3.7215E-7,2.4166E-6,1.2954E-5,5.7315E-5,2.0933E-4,6.3111E-4,0.0015706,0.0024755,0.0032264,0.0040781
800.0,4.174E-8,3.2882E-7,2.1382E-6,1.1477E-5,5.0853E-5,1.8599E-4,5.6151E-4,0.0013993,0.0022074,0.0028786,0.0036405
1000.0,3.36E-8,2.6531E-7,1.7292E-6,9.3036E-6,4.1318E-5,1.5147E-4,4.5836E-4,0.0011449,0.0018086,0.0023607,0.0029883
1200.0,2.7903E-8,2.2074E-7,1.4415E-6,7.7703E-6,3.4574E-5,1.2699E-4,3.85E-4,9.6353E-4,0.0015238,0.0019905,0.0025215
1500.0,2.1944E-8,1.7401E-7,1.139E-6,6.1537E-6,2.7445E-5,1.0104E-4,3.0704E-4,7.702E-4,0.0012197,0.0015948,0.0020222
