PGA
r\m,4.0,4.5,5.0,5.5,6.0,6.5,7.0,7.5,7.8,8.0,8.2
0.0,0.77822,1.2031,1.6996,2.194,2.5879,2.7894,2.8026,2.8026,2.8026,2.8026,2.8026
1.0,0.75609,1.1716,1.6589,2.1463,2.5374,2.7412,2.7568,2.7568,2.7568,2.7568,2.7568
5.0,0.43612,0.70583,1.0438,1.4106,1.7418,1.9654,2.0287,2.0287,2.0287,2.0287,2.0287
10.0,0.168,0.29308,0.4672,0.68056,0.90586,1.1018,1.2245,1.2494,1.2494,1.2494,1.2494
15.0,0.074137,0.13786,0.23425,0.36371,0.51602,0.66899,0.79252,0.85791,0.86347,0.86347,0.86347
20.0,0.038227,0.074818,0.13381,0.21868,0.32656,0.44561,0.55564,0.63308,0.65564,0.65913,0.65913
25.0,0.022117,0.045142,0.08419,0.14348,0.22343,0.31793,0.41339,0.49117,0.52163,0.53327,0.53736
30.0,0.013906,0.029399,0.056795,0.10026,0.16172,0.23837,0.32105,0.39513,0.42858,0.44436,0.45412
40.0,0.0065152,0.014578,0.029806,0.055687,0.095068,0.1483,0.21141,0.27537,0.30903,0.32776,0.34264
50.0,0.0035467,0.0082982,0.017741,0.034659,0.061872,0.10093,0.15044,0.2049,0.23619,0.25502,0.2714
60.0,0.0021603,0.0052388,0.011609,0.023506,0.043493,0.073533,0.1136,0.16037,0.18888,0.20688,0.22335
70.0,0.0019807,0.0048418,0.010815,0.022075,0.041173,0.07017,0.10928,0.15551,0.18403,0.20222,0.21901
80.0,0.0018241,0.0044901,0.0101,0.020758,0.038987,0.066908,0.10493,0.15035,0.17867,0.19687,0.21382
90.0,0.0016857,0.004175,0.0094486,0.01954,0.036924,0.063758,0.1006,0.14505,0.173,0.1911,0.20806
100.0,0.001562,0.00389,0.0088523,0.018408,0.034976,0.060728,0.096349,0.13968,0.16715,0.18504,0.20191
110.0,0.0014506,0.0036307,0.0083033,0.017352,0.033136,0.05782,0.092192,0.13432,0.16122,0.17883,0.19552
120.0,0.001348,0.0033897,0.0077884,0.016352,0.031372,0.054999,0.088104,0.12897,0.15523,0.1725,0.18896
130.0,0.0011788,0.0029949,0.0069528,0.014749,0.02859,0.050641,0.081965,0.12122,0.14682,0.16383,0.1802
140.0,0.0010371,0.0026601,0.0062347,0.013353,0.026132,0.046732,0.076364,0.11403,0.13889,0.15558,0.17178
150.0,9.1711E-4,0.0023734,0.0056125,0.012128,0.023947,0.043206,0.071234,0.10732,0.13142,0.14773,0.1637
175.0,6.8711E-4,0.0018139,0.0043756,0.009645,0.019427,0.035756,0.060134,0.092414,0.11453,0.12978,0.14495
200.0,5.2569E-4,0.0014119,0.0034651,0.0077707,0.015924,0.029818,0.05102,0.079771,0.099887,0.11397,0.12817
250.0,3.2176E-4,8.8946E-4,0.0022467,0.0051858,0.010938,0.02108,0.037123,0.059739,0.076108,0.087845,0.099938
300.0,2.0531E-4,5.8106E-4,0.0015027,0.0035512,0.0076684,0.015131,0.027282,0.04495,0.058082,0.067672,0.077718
350.0,1.3482E-4,3.8924E-4,0.0010269,0.0024755,0.0054531,0.010977,0.020189,0.033933,0.044373,0.052114,0.060328
400.0,9.0412E-5,2.6557E-4,7.1283E-4,0.0017483,0.0039183,0.0080243,0.015016,0.025677,0.033927,0.040121,0.046767
450.0,6.1614E-5,1.8376E-4,5.008E-4,0.0012471,0.0028379,0.0059009,0.011212,0.019466,0.025956,0.030883,0.036218
500.0,4.2525E-5,1.2857E-4,3.5518E-4,8.9662E-4,0.0020683,0.0043596,0.0083969,0.014778,0.019867,0.023767,0.028026
600.0,2.0853E-5,6.437E-5,1.8137E-4,4.6739E-4,0.0010778,0.0022548,0.004308,0.0075176,0.010079,0.012038,0.01402
700.0,1.3523E-5,3.2873E-5,9.1895E-5,2.3475E-4,5.4767E-4,0.0011669,0.0022706,0.0040214,0.0053511,0.0063534,0.0074449
800.0,5.1952E-6,1.6114E-5,4.5791E-5,1.1884E-4,2.8168E-4,6.0974E-4,0.0011886,0.0020892,0.0028059,0.0033622,0.0039701
1000.0,1.2744E-6,4.0514E-6,1.1785E-5,3.0844E-5,7.3452E-5,1.5933E-4,3.1666E-4,5.743E-4,7.8556E-4,9.5043E-4,0.0011332
1200.0,3.1566E-7,1.0114E-6,2.9569E-6,7.8885E-6,1.9204E-5,4.2663E-5,8.6484E-5,1.5998E-4,2.2144E-4,2.7004E-4,3.2452E-4
1500.0,3.9641E-8,1.3012E-7,3.8974E-7,1.0653E-6,2.6569E-6,6.0469E-6,1.2558E-5,2.3799E-5,3.3425E-5,4.0664E-5,4.8468E-5
SA0P02
r\m,4.0,4.5,5.0,5.5,6.0,6.5,7.0,7.5,7.8,8.0,8.2
0.0,1.2142,1.8612,2.6185,3.3814,4.008,4.3605,4.4031,4.4031,4.4031,4.4031,4.4031
1.0,1.1807,1.8137,2.5572,3.3093,3.931,4.2858,4.332,4.332,4.332,4.332,4.332
5.0,0.69119,1.106,1.6245,2.19,2.7099,3.0778,3.2085,3.2085,3.2085,3.2085,3.2085
10.0,0.27146,0.46635,0.73536,1.0643,1.4139,1.724,1.9295,1.9851,1.9851,1.9851,1.9851
15.0,0.12142,0.22164,0.37136,0.5711,0.80615,1.0445,1.2421,1.3558,1.3714,1.3714,1.3714
20.0,0.063243,0.12122,0.21326,0.34436,0.51039,0.69435,0.86702,0.9937,1.035,1.0454,1.0454
25.0,0.036897,0.073603,0.13477,0.2265,0.34939,0.4947,0.64291,0.7669,0.81813,0.83966,0.85002
30.0,0.023366,0.048204,0.091277,0.15864,0.25308,0.37058,0.49806,0.61441,0.66881,0.69569,0.71381
40.0,0.011084,0.024138,0.048251,0.088529,0.14909,0.23045,0.32696,0.42579,0.4788,0.50895,0.53364
50.0,0.006099,0.013861,0.028914,0.055362,0.097294,0.15694,0.23237,0.31579,0.3643,0.3939,0.42011
60.0,0.0037482,0.0088135,0.019022,0.037684,0.068521,0.11436,0.17519,0.24632,0.29003,0.3179,0.34371
70.0,0.0033673,0.0079539,0.017245,0.034317,0.062682,0.10509,0.16171,0.22841,0.26967,0.29612,0.32074
80.0,0.0030491,0.0072305,0.015738,0.031442,0.057656,0.097043,0.14992,0.21259,0.25158,0.27669,0.30016
90.0,0.0027776,0.0066097,0.014437,0.028943,0.053258,0.089952,0.13945,0.19843,0.23531,0.25916,0.28153
100.0,0.0025426,0.0060692,0.013297,0.026741,0.04936,0.083629,0.13005,0.18563,0.22055,0.2432,0.26452
110.0,0.0023365,0.0055929,0.012288,0.024782,0.045873,0.077939,0.12154,0.17398,0.20705,0.22857,0.2489
120.0,0.0021504,0.0051617,0.011372,0.022998,0.042687,0.072727,0.11373,0.16324,0.19459,0.21506,0.23444
130.0,0.0018243,0.0044306,0.0098766,0.020208,0.037951,0.065419,0.10351,0.15031,0.18045,0.20036,0.21944
140.0,0.0015612,0.0038328,0.0086371,0.017865,0.033916,0.059101,0.094529,0.13877,0.16768,0.187,0.2057
150.0,0.001346,0.003338,0.0075985,0.015876,0.030446,0.053593,0.086589,0.12841,0.1561,0.17479,0.19304
175.0,9.5419E-4,0.0024204,0.0056355,0.012044,0.023624,0.042533,0.070289,0.10662,0.13138,0.14844,0.16543
200.0,6.9717E-4,0.0018034,0.0042818,0.0093313,0.018665,0.03427,0.057751,0.08933,0.11138,0.12683,0.14245
250.0,3.9691E-4,0.0010608,0.0026025,0.0058601,0.012112,0.022976,0.040007,0.063939,0.081299,0.093796,0.10674
300.0,2.3991E-4,6.5859E-4,0.0016594,0.0038379,0.0081469,0.015874,0.028388,0.0466,0.060209,0.070211,0.08076
350.0,1.5114E-4,4.2438E-4,0.0010937,0.0025874,0.005618,0.011196,0.020481,0.034389,0.045039,0.052998,0.061514
400.0,9.814E-5,2.8102E-4,7.3858E-4,0.0017817,0.0039452,0.0080181,0.014957,0.025611,0.033938,0.04025,0.047085
450.0,6.5218E-5,1.9E-4,5.0807E-4,0.001247,0.0028093,0.005809,0.011025,0.019207,0.025717,0.030711,0.036176
500.0,4.4139E-5,1.3059E-4,3.5465E-4,8.84E-4,0.0020225,0.0042473,0.0081866,0.014484,0.019574,0.02352,0.027876
600.0,2.1079E-5,6.437E-5,1.8137E-4,4.6739E-4,0.0010778,0.0022548,0.004308,0.0075176,0.010079,0.012038,0.01402
700.0,1.3523E-5,3.2873E-5,9.1895E-5,2.3475E-4,5.4767E-4,0.0011669,0.0022706,0.0040214,0.0053511,0.0063534,0.0074449
800.0,5.1952E-6,1.6114E-5,4.5791E-5,1.1884E-4,2.8168E-4,6.0974E-4,0.0011886,0.0020892,0.0028059,0.0033622,0.0039701
1000.0,1.2744E-6,4.0514E-6,1.1785E-5,3.0844E-5,7.3452E-5,1.5933E-4,3.1666E-4,5.743E-4,7.8556E-4,9.5043E-4,0.0011332
1200.0,3.1566E-7,1.0114E-6,2.9569E-6,7.8885E-6,1.9204E-5,4.2663E-5,8.6484E-5,1.5998E-4,2.2144E-4,2.7004E-4,3.2452E-4
1500.0,3.9641E-8,1.3012E-7,3.8974E-7,1.0653E-6,2.6569E-6,6.0469E-6,1.2558E-5,2.3799E-5,3.3425E-5,4.0664E-5,4.8468E-5
SA0P025
r\m,4.0,4.5,5.0,5.5,6.0,6.5,7.0,7.5,7.8,8.0,8.2
0.0,1.1807,1.8342,2.6153,3.423,4.1123,4.5349,4.6152,4.6152,4.6152,4.6152,4.6152
1.0,1.148,1.7871,2.5537,3.3495,4.0328,4.4567,4.5416,4.5416,4.5416,4.5416,4.5416
5.0,0.67205,1.0899,1.6224,2.2169,2.7805,3.2011,3.3827,3.3853,3.3853,3.3853,3.3853
10.0,0.26673,0.46405,0.74105,1.0863,1.4616,1.8051,2.0463,2.1294,2.1294,2.1294,2.1294
15.0,0.12107,0.22356,0.37893,0.58954,0.84193,1.1037,1.328,1.4667,1.4941,1.4941,1.4941
20.0,0.063933,0.12383,0.22016,0.35928,0.53819,0.74002,0.93399,1.082,1.1343,1.1506,1.153
25.0,0.03775,0.07603,0.14056,0.23852,0.37152,0.53119,0.69714,0.83981,0.90124,0.92863,0.94382
30.0,0.024157,0.050276,0.096045,0.16842,0.27108,0.40051,0.54315,0.67614,0.74002,0.77258,0.79559
40.0,0.011658,0.02558,0.051518,0.095241,0.16162,0.25174,0.35992,0.47236,0.53364,0.56902,0.59849
50.0,0.0065039,0.014876,0.031234,0.060193,0.10648,0.1729,0.2577,0.35257,0.40837,0.44275,0.47349
60.0,0.0040436,0.0095605,0.020749,0.041334,0.075582,0.12686,0.19545,0.2764,0.32658,0.3588,0.38883
70.0,0.0037315,0.0088333,0.019194,0.038282,0.070086,0.11778,0.18168,0.25723,0.30415,0.33432,0.36247
80.0,0.0034584,0.0081953,0.017826,0.035592,0.065228,0.10973,0.16944,0.24016,0.28414,0.31245,0.33891
90.0,0.0032159,0.0076277,0.016607,0.033188,0.060879,0.10251,0.15843,0.22477,0.26608,0.2927,0.3176
100.0,0.0029982,0.0071174,0.015509,0.031019,0.056948,0.095968,0.14845,0.21078,0.24964,0.27471,0.29818
110.0,0.0028013,0.0066549,0.014512,0.029047,0.053367,0.090002,0.13932,0.19797,0.23458,0.25821,0.28036
120.0,0.0026166,0.0062217,0.013579,0.027205,0.050029,0.084447,0.13084,0.18609,0.22062,0.24293,0.26386
130.0,0.002203,0.005301,0.011708,0.023738,0.044175,0.07546,0.11832,0.17029,0.20334,0.22497,0.24552
140.0,0.0018719,0.0045542,0.010171,0.020849,0.039229,0.067754,0.10742,0.15631,0.18789,0.2088,0.22887
150.0,0.0016032,0.0039408,0.0088915,0.018415,0.035008,0.061088,0.097847,0.14386,0.17399,0.19414,0.21369
175.0,0.0011198,0.0028164,0.0065022,0.013779,0.026803,0.047858,0.078437,0.118,0.14469,0.16295,0.18101
200.0,8.0758E-4,0.002072,0.0048798,0.010549,0.020933,0.038127,0.063743,0.097823,0.12139,0.1378,0.15429
250.0,4.4979E-4,0.0011931,0.0029049,0.006492,0.013318,0.025078,0.043345,0.06877,0.087059,0.10015,0.11364
300.0,2.6697E-4,7.2767E-4,0.0018205,0.0041808,0.008813,0.017053,0.030287,0.049375,0.063535,0.073887,0.084757
350.0,1.6558E-4,4.6181E-4,0.0011823,0.0027782,0.0059925,0.011865,0.021563,0.035971,0.046929,0.05508,0.063767
400.0,1.0605E-4,3.0174E-4,7.8801E-4,0.001889,0.0041565,0.0083951,0.015564,0.026486,0.034971,0.041373,0.048281
450.0,6.9618E-5,2.0158E-4,5.3578E-4,0.0013071,0.0029272,0.006017,0.011353,0.019662,0.026236,0.031258,0.036734
500.0,4.6596E-5,1.3706E-4,3.7005E-4,9.171E-4,0.0020863,0.0043564,0.00835,0.014691,0.019788,0.023724,0.028057
600.0,2.182E-5,6.5951E-5,1.8298E-4,4.6739E-4,0.0010778,0.0022548,0.004308,0.0075176,0.010079,0.012038,0.01402
700.0,1.3523E-5,3.2873E-5,9.1895E-5,2.3475E-4,5.4767E-4,0.0011669,0.0022706,0.0040214,0.0053511,0.0063534,0.0074449
800.0,5.1952E-6,1.6114E-5,4.5791E-5,1.1884E-4,2.8168E-4,6.0974E-4,0.0011886,0.0020892,0.0028059,0.0033622,0.0039701
1000.0,1.2744E-6,4.0514E-6,1.1785E-5,3.0844E-5,7.3452E-5,1.5933E-4,3.1666E-4,5.743E-4,7.8556E-4,9.5043E-4,0.0011332
1200.0,3.1566E-7,1.0114E-6,2.9569E-6,7.8885E-6,1.9204E-5,4.2663E-5,8.6484E-5,1.5998E-4,2.2144E-4,2.7004E-4,3.2452E-4
1500.0,3.9641E-8,1.3012E-7,3.8974E-7,1.0653E-6,2.6569E-6,6.0469E-6,1.2558E-5,2.3799E-5,3.3425E-5,4.0664E-5,4.8468E-5
SA0P03
r\m,4.0,4.5,5.0,5.5,6.0,6.5,7.0,7.5,7.8,8.0,8.2
0.0,1.1541,1.8124,2.6127,3.4573,4.1995,4.6825,4.8031,4.8031,4.8031,4.8031,4.8031
1.0,1.1219,1.7657,2.5508,3.3828,4.1179,4.6014,4.7282,4.7282,4.7282,4.7282,4.7282
5.0,0.65681,1.0769,1.6207,2.2391,2.8395,3.3054,3.5321,3.5427,3.5427,3.5427,3.5427
10.0,0.26293,0.46218,0.74573,1.1045,1.5017,1.8741,2.147,2.2578,2.2578,2.2578,2.2578
15.0,0.12078,0.22514,0.38522,0.60505,0.87234,1.1545,1.4026,1.5641,1.6026,1.6046,1.6046
20.0,0.064502,0.12601,0.22596,0.37196,0.56203,0.77955,0.99253,1.16,1.2225,1.2445,1.2497
25.0,0.038462,0.078072,0.14547,0.24881,0.39065,0.56301,0.74482,0.9045,0.97538,1.0083,1.0281
30.0,0.024823,0.052035,0.10012,0.17685,0.28674,0.42675,0.58302,0.73114,0.8038,0.84167,0.86933
40.0,0.012149,0.026821,0.054351,0.1011,0.17263,0.27058,0.38931,0.51416,0.58309,0.62333,0.65729
50.0,0.0068545,0.015761,0.033266,0.064453,0.11463,0.18714,0.28044,0.38578,0.44832,0.48714,0.52211
60.0,0.0043022,0.010218,0.022275,0.044578,0.081888,0.13808,0.21374,0.30369,0.35984,0.39609,0.43006
70.0,0.0040582,0.0096236,0.020949,0.04186,0.07678,0.12928,0.1998,0.28346,0.33557,0.36916,0.40058
80.0,0.0038333,0.0090785,0.019736,0.039386,0.072148,0.12132,0.18726,0.26532,0.31385,0.34508,0.37425
90.0,0.0036248,0.0085748,0.01862,0.037115,0.067909,0.11406,0.17585,0.24887,0.29419,0.32331,0.35048
100.0,0.0034305,0.0081069,0.017586,0.035017,0.064005,0.10739,0.1654,0.23384,0.27624,0.30347,0.32883
110.0,0.003249,0.0076706,0.016624,0.033071,0.060391,0.10123,0.15577,0.22002,0.25977,0.28526,0.30899
120.0,0.0030717,0.0072476,0.015697,0.031208,0.056955,0.095414,0.14672,0.20711,0.24445,0.26837,0.29062
130.0,0.00257,0.0061376,0.013455,0.027075,0.050012,0.084799,0.13199,0.18857,0.22418,0.24731,0.26912
140.0,0.0021711,0.0052433,0.011623,0.023653,0.044182,0.075757,0.11924,0.17228,0.20619,0.22848,0.24974
150.0,0.0018495,0.0045132,0.01011,0.020788,0.039237,0.067983,0.10812,0.15785,0.19011,0.21154,0.23219
175.0,0.0012761,0.0031875,0.0073084,0.015382,0.029717,0.0527,0.085791,0.1282,0.15657,0.17585,0.19482
200.0,9.1065E-4,0.002321,0.00543,0.011661,0.022988,0.041598,0.069098,0.10536,0.13024,0.14747,0.1647
250.0,4.9818E-4,0.0013133,0.0031778,0.0070586,0.014392,0.026937,0.046279,0.072986,0.092067,0.10566,0.11961
300.0,2.9133E-4,7.8945E-4,0.0019637,0.0044837,0.0093976,0.01808,0.031931,0.051766,0.066387,0.077033,0.08817
350.0,1.784E-4,4.9483E-4,0.0012599,0.0029445,0.006317,0.01244,0.022489,0.037317,0.048532,0.056842,0.065669
400.0,1.1299E-4,3.198E-4,8.3084E-4,0.0019814,0.0043376,0.0087163,0.016078,0.027224,0.035837,0.042314,0.049282
450.0,7.3433E-5,2.1157E-4,5.5954E-4,0.0013584,0.0030272,0.0061924,0.011628,0.020042,0.026667,0.031712,0.037197
500.0,4.8704E-5,1.4258E-4,3.8313E-4,9.4507E-4,0.0021399,0.0044477,0.0084858,0.014862,0.019964,0.023892,0.028205
600.0,2.2444E-5,6.754E-5,1.8657E-4,4.7307E-4,0.0010778,0.0022548,0.004308,0.0075176,0.010079,0.012038,0.01402
700.0,1.3523E-5,3.2873E-5,9.1895E-5,2.3475E-4,5.4767E-4,0.0011669,0.0022706,0.0040214,0.0053511,0.0063534,0.0074449
800.0,5.1952E-6,1.6114E-5,4.5791E-5,1.1884E-4,2.8168E-4,6.0974E-4,0.0011886,0.0020892,0.0028059,0.0033622,0.0039701
1000.0,1.2744E-6,4.0514E-6,1.1785E-5,3.0844E-5,7.3452E-5,1.5933E-4,3.1666E-4,5.743E-4,7.8556E-4,9.5043E-4,0.0011332
1200.0,3.1566E-7,1.0114E-6,2.9569E-6,7.8885E-6,1.9204E-5,4.2663E-5,8.6484E-5,1.5998E-4,2.2144E-4,2.7004E-4,3.2452E-4
1500.0,3.9641E-8,1.3012E-7,3.8974E-7,1.0653E-6,2.6569E-6,6.0469E-6,1.2558E-5,2.3799E-5,3.3425E-5,4.0664E-5,4.8468E-5
SA0P04
r\m,4.0,4.5,5.0,5.5,6.0,6.5,7.0,7.5,7.8,8.0,8.2
0.0,0.96465,1.5553,2.2985,3.1139,3.8669,4.4019,4.5933,4.5933,4.5933,4.5933,4.5933
1.0,0.93736,1.5147,2.2435,3.0462,3.7914,4.3256,4.5239,4.5239,4.5239,4.5239,4.5239
5.0,0.54793,0.92327,1.4261,2.0192,2.6207,3.1179,3.4003,3.4356,3.4356,3.4356,3.4356
10.0,0.22273,0.40245,0.66658,1.0121,1.4085,1.797,2.1015,2.2528,2.2606,2.2606,2.2606
15.0,0.10456,0.20023,0.35149,0.56558,0.83424,1.128,1.398,1.5883,1.6446,1.6542,1.6542
20.0,0.056962,0.11424,0.21001,0.35389,0.54667,0.77408,1.0048,1.1955,1.2726,1.3039,1.3174
25.0,0.034543,0.071931,0.1373,0.24025,0.38534,0.56656,0.76358,0.94336,1.0271,1.0683,1.0958
30.0,0.022611,0.048593,0.095726,0.17286,0.28614,0.43418,0.6039,0.76998,0.85437,0.89991,0.93477
40.0,0.011313,0.025578,0.053007,0.1007,0.17536,0.27992,0.40959,0.54938,0.62843,0.67548,0.71603
50.0,0.0064872,0.015263,0.032917,0.065074,0.11793,0.1959,0.2983,0.41638,0.48781,0.53276,0.57381
60.0,0.0041241,0.010014,0.02229,0.04548,0.085064,0.14584,0.2292,0.33019,0.39424,0.43604,0.47561
70.0,0.0040746,0.0098432,0.021797,0.044245,0.082327,0.14042,0.21955,0.31466,0.37453,0.4134,0.44998
80.0,0.0040031,0.0096272,0.021223,0.042888,0.079446,0.1349,0.20998,0.2996,0.35564,0.39184,0.42576
90.0,0.0039158,0.0093801,0.020597,0.041458,0.076493,0.12937,0.20058,0.28506,0.33758,0.37136,0.40286
100.0,0.0038173,0.0091118,0.019937,0.039988,0.07352,0.12391,0.19142,0.27108,0.32035,0.3519,0.38121
110.0,0.003711,0.0088296,0.019258,0.038502,0.07056,0.11854,0.18254,0.25768,0.30392,0.33343,0.36074
120.0,0.0035905,0.0085199,0.018532,0.036951,0.067537,0.11315,0.17378,0.24465,0.28809,0.31572,0.34121
130.0,0.0030176,0.0072385,0.015916,0.032081,0.059273,0.10039,0.15585,0.2218,0.26289,0.28934,0.31406
140.0,0.0025586,0.0061991,0.013768,0.028031,0.052312,0.08949,0.14033,0.20173,0.24054,0.26581,0.28968
150.0,0.0021858,0.0053457,0.011984,0.024627,0.046391,0.080106,0.1268,0.18398,0.2206,0.24469,0.26766
175.0,0.0015152,0.0037838,0.0086615,0.018175,0.034958,0.061636,0.099618,0.14759,0.1792,0.20044,0.22109
200.0,0.0010831,0.0027539,0.0064189,0.013715,0.026861,0.048224,0.079363,0.11972,0.14695,0.16556,0.18394
250.0,5.9068E-4,0.001548,0.0037189,0.0081896,0.016532,0.030591,0.051889,0.08068,0.10084,0.11499,0.12931
300.0,3.4233E-4,9.196E-4,0.0022645,0.0051114,0.010576,0.02006,0.034877,0.055584,0.070512,0.081205,0.092226
350.0,2.069E-4,5.6754E-4,0.001427,0.0032891,0.0069492,0.013459,0.023894,0.038884,0.049949,0.058006,0.066432
400.0,1.2895E-4,3.6018E-4,9.2219E-4,0.0021643,0.0046563,0.0091827,0.0166,0.027508,0.035721,0.041785,0.048201
450.0,8.2282E-5,2.3352E-4,6.0751E-4,0.0014487,0.0031669,0.006346,0.011657,0.019627,0.025732,0.030293,0.035169
500.0,5.3483E-5,1.5397E-4,4.0632E-4,9.8289E-4,0.0021795,0.0044302,0.0082545,0.014099,0.018643,0.022073,0.025773
600.0,2.3574E-5,6.9565E-5,1.8817E-4,4.6658E-4,0.0010778,0.0022548,0.004308,0.0075176,0.010079,0.012038,0.01402
700.0,1.3523E-5,3.2873E-5,9.1895E-5,2.3475E-4,5.4767E-4,0.0011669,0.0022706,0.0040214,0.0053511,0.0063534,0.0074449
800.0,5.1952E-6,1.6114E-5,4.5791E-5,1.1884E-4,2.8168E-4,6.0974E-4,0.0011886,0.0020892,0.0028059,0.0033622,0.0039701
1000.0,1.2744E-6,4.0514E-6,1.1785E-5,3.0844E-5,7.3452E-5,1.5933E-4,3.1666E-4,5.743E-4,7.8556E-4,9.5043E-4,0.0011332
1200.0,3.1566E-7,1.0114E-6,2.9569E-6,7.8885E-6,1.9204E-5,4.2663E-5,8.6484E-5,1.5998E-4,2.2144E-4,2.7004E-4,3.2452E-4
1500.0,3.9641E-8,1.3012E-7,3.8974E-7,1.0653E-6,2.6569E-6,6.0469E-6,1.2558E-5,2.3799E-5,3.3425E-5,4.0664E-5,4.8468E-5
SA0P05
r\m,4.0,4.5,5.0,5.5,6.0,6.5,7.0,7.5,7.8,8.0,8.2
0.0,0.81673,1.34,2.0121,2.7651,3.4775,4.0027,4.2164,4.2164,4.2164,4.2164,4.2164
1.0,0.79322,1.3045,1.9634,2.7044,3.4093,3.9333,4.153,4.154,4.154,4.154,4.154
5.0,0.46161,0.79278,1.2461,1.7924,2.3596,2.8429,3.1347,3.1855,3.1855,3.1855,3.1855
10.0,0.18874,0.34802,0.5873,0.90704,1.282,1.6584,1.9633,2.1272,2.1427,2.1427,2.1427
15.0,0.089572,0.17513,0.31336,0.51314,0.76904,1.0548,1.3241,1.5211,1.5843,1.5992,1.5992
20.0,0.049288,0.10094,0.18918,0.32449,0.50939,0.73182,0.96221,1.1578,1.2399,1.2751,1.2928
25.0,0.030137,0.064087,0.12473,0.22216,0.36214,0.54025,0.73762,0.92168,1.0096,1.054,1.0848
30.0,0.019858,0.043582,0.087539,0.16092,0.27072,0.41681,0.58733,0.75741,0.84552,0.8939,0.93175
40.0,0.01003,0.023158,0.048933,0.094629,0.16748,0.27127,0.40212,0.54554,0.62781,0.67733,0.72047
50.0,0.0057849,0.013899,0.030563,0.061506,0.11328,0.19094,0.29454,0.41582,0.49011,0.53726,0.58066
60.0,0.0036909,0.0091529,0.020772,0.043145,0.082013,0.14267,0.22716,0.33099,0.39758,0.44138,0.4831
70.0,0.0037439,0.0092338,0.020842,0.043055,0.081399,0.14084,0.22301,0.32319,0.38695,0.42864,0.46814
80.0,0.0037589,0.0092271,0.020729,0.04262,0.080195,0.1381,0.21765,0.31393,0.3748,0.4144,0.45173
90.0,0.0037444,0.0091533,0.020478,0.041927,0.078564,0.13473,0.21145,0.30372,0.36171,0.39925,0.43449
100.0,0.0037068,0.0090276,0.020121,0.041044,0.076622,0.13091,0.20469,0.29291,0.34805,0.3836,0.41684
110.0,0.0036512,0.008862,0.019685,0.040019,0.074457,0.12678,0.19756,0.28176,0.33412,0.36775,0.39907
120.0,0.0035733,0.0086479,0.019154,0.038827,0.072029,0.12229,0.19002,0.27022,0.31988,0.35167,0.38118
130.0,0.0030478,0.0074422,0.016631,0.034014,0.063666,0.10906,0.17098,0.24531,0.29195,0.32211,0.35039
140.0,0.002618,0.0064457,0.014524,0.02995,0.056524,0.097628,0.15432,0.22325,0.26702,0.29558,0.32258
150.0,0.0022626,0.0056137,0.012747,0.026488,0.050375,0.087679,0.13967,0.20361,0.24465,0.27165,0.29738
175.0,0.0016059,0.0040533,0.0093629,0.019794,0.038296,0.06781,0.10989,0.16297,0.19785,0.2212,0.24382
200.0,0.0011682,0.0029928,0.0070168,0.015056,0.029567,0.053139,0.087403,0.13157,0.16116,0.18125,0.20099
250.0,6.5154E-4,0.0017112,0.0041131,0.0090481,0.018216,0.033563,0.056595,0.087339,0.10859,0.12335,0.13815
300.0,3.8159E-4,0.0010228,0.0025089,0.0056325,0.011573,0.02176,0.037447,0.058976,0.074226,0.085006,0.09598
350.0,2.3116E-4,6.3034E-4,0.001573,0.0035927,0.0075096,0.014366,0.02515,0.040296,0.051242,0.059089,0.067177
400.0,1.4354E-4,3.9728E-4,0.0010063,0.0023329,0.0049494,0.00961,0.017077,0.027772,0.035633,0.041334,0.047274
450.0,9.083E-5,2.5472E-4,6.5375E-4,0.0015356,0.0033009,0.006494,0.011692,0.019267,0.024916,0.029055,0.033405
500.0,5.834E-5,1.6554E-4,4.2989E-4,0.0010217,0.0022222,0.0044236,0.0080588,0.013436,0.017499,0.020502,0.023682
600.0,2.4902E-5,7.2111E-5,1.9111E-4,4.6353E-4,0.0010778,0.0022548,0.004308,0.0075176,0.010079,0.012038,0.01402
700.0,1.3523E-5,3.2873E-5,9.1895E-5,2.3475E-4,5.4767E-4,0.0011669,0.0022706,0.0040214,0.0053511,0.0063534,0.0074449
800.0,5.1952E-6,1.6114E-5,4.5791E-5,1.1884E-4,2.8168E-4,6.0974E-4,0.0011886,0.0020892,0.0028059,0.0033622,0.0039701
1000.0,1.2744E-6,4.0514E-6,1.1785E-5,3.0844E-5,7.3452E-5,1.5933E-4,3.1666E-4,5.743E-4,7.8556E-4,9.5043E-4,0.0011332
1200.0,3.1566E-7,1.0114E-6,2.9569E-6,7.8885E-6,1.9204E-5,4.2663E-5,8.6484E-5,1.5998E-4,2.2144E-4,2.7004E-4,3.2452E-4
1500.0,3.9641E-8,1.3012E-7,3.8974E-7,1.0653E-6,2.6569E-6,6.0469E-6,1.2558E-5,2.3799E-5,3.3425E-5,4.0664E-5,4.8468E-5
SA0P075
r\m,4.0,4.5,5.0,5.5,6.0,6.5,7.0,7.5,7.8,8.0,8.2
0.0,0.59139,1.018,1.5898,2.2523,2.8948,3.3752,3.5702,3.5702,3.5702,3.5702,3.5702
1.0,0.57443,0.99119,1.5516,2.2034,2.8386,3.3176,3.5176,3.5177,3.5177,3.5177,3.5177
5.0,0.33594,0.60555,0.99025,1.4691,1.9771,2.414,2.6738,2.7131,2.7131,2.7131,2.7131
10.0,0.13945,0.26986,0.47375,0.7545,1.0901,1.4288,1.699,1.8328,1.8391,1.8391,1.8391
15.0,0.067177,0.13778,0.25634,0.43268,0.66256,0.9204,1.1599,1.3261,1.3714,1.3761,1.3761
20.0,0.037398,0.080303,0.15643,0.27643,0.44317,0.64454,0.85041,1.0179,1.0821,1.1053,1.1116
25.0,0.023067,0.05141,0.10395,0.19066,0.31727,0.47896,0.65594,0.81494,0.88589,0.91853,0.93763
30.0,0.015297,0.035172,0.073367,0.13884,0.23835,0.3712,0.52446,0.67223,0.74456,0.78167,0.80795
40.0,0.0077879,0.018826,0.041287,0.082142,0.14826,0.24275,0.36059,0.48592,0.55461,0.59404,0.62643
50.0,0.0045078,0.011334,0.025853,0.053499,0.10043,0.17104,0.26426,0.37039,0.43284,0.47096,0.50451
60.0,0.0028773,0.0074654,0.017572,0.037522,0.072688,0.12774,0.20366,0.29456,0.35078,0.3865,0.41927
70.0,0.0029298,0.0076037,0.017902,0.038238,0.074094,0.13025,0.20771,0.3005,0.35791,0.3944,0.42789
80.0,0.0029462,0.0076481,0.018011,0.038479,0.074579,0.13113,0.20917,0.30268,0.36056,0.39735,0.43113
90.0,0.0029345,0.0076191,0.017947,0.03835,0.074343,0.13074,0.20859,0.30191,0.35968,0.39642,0.43015
100.0,0.0029007,0.0075327,0.017746,0.037929,0.07354,0.12936,0.20642,0.29881,0.35604,0.39243,0.42586
110.0,0.0028496,0.0074015,0.01744,0.03728,0.072295,0.12719,0.20299,0.2939,0.35022,0.38604,0.41895
120.0,0.0027812,0.0072256,0.01703,0.036412,0.070628,0.12428,0.1984,0.28733,0.34244,0.37751,0.40973
130.0,0.0024728,0.0064603,0.015311,0.03292,0.064213,0.11363,0.18241,0.26565,0.31766,0.35097,0.38177
140.0,0.0022053,0.0057911,0.013796,0.029817,0.058462,0.10399,0.1678,0.24563,0.29464,0.32621,0.35558
150.0,0.0019718,0.0052031,0.012455,0.027049,0.053289,0.095243,0.15443,0.22716,0.27326,0.30312,0.33105
175.0,0.0015047,0.0040134,0.0097114,0.021318,0.042454,0.076698,0.1257,0.1869,0.22629,0.25211,0.27652
200.0,0.0011605,0.0031242,0.0076306,0.016907,0.033985,0.061973,0.10252,0.15386,0.18734,0.20948,0.23063
250.0,7.0595E-4,0.0019304,0.0047889,0.010778,0.022004,0.040756,0.068481,0.10439,0.12829,0.14436,0.15992
300.0,4.3857E-4,0.0012146,0.0030518,0.0069562,0.014384,0.026984,0.045922,0.070898,0.087801,0.0993,0.11057
350.0,2.7643E-4,7.7389E-4,0.0019655,0.0045286,0.0094657,0.017949,0.030877,0.048187,0.060062,0.068222,0.076292
400.0,1.761E-4,4.9762E-4,0.0012757,0.0029668,0.0062593,0.01198,0.020802,0.032769,0.041074,0.046828,0.052563
450.0,1.131E-4,3.2223E-4,8.3287E-4,0.001953,0.0041544,0.0080174,0.014036,0.022293,0.028081,0.032121,0.036174
500.0,7.3099E-5,2.0981E-4,5.4631E-4,0.0012905,0.0027655,0.0053763,0.0094821,0.015171,0.019195,0.022021,0.024873
600.0,3.0989E-5,9.0085E-5,2.3758E-4,5.6839E-4,0.0012337,0.0024291,0.0043391,0.0075176,0.010079,0.012038,0.01402
700.0,1.3523E-5,3.9168E-5,1.0441E-4,2.5251E-4,5.54E-4,0.0011669,0.0022706,0.0040214,0.0053511,0.0063534,0.0074449
800.0,5.7947E-6,1.7187E-5,4.6247E-5,1.1884E-4,2.8168E-4,6.0974E-4,0.0011886,0.0020892,0.0028059,0.0033622,0.0039701
1000.0,1.2744E-6,4.0514E-6,1.1785E-5,3.0844E-5,7.3452E-5,1.5933E-4,3.1666E-4,5.743E-4,7.8556E-4,9.5043E-4,0.0011332
1200.0,3.1566E-7,1.0114E-6,2.9569E-6,7.8885E-6,1.9204E-5,4.2663E-5,8.6484E-5,1.5998E-4,2.2144E-4,2.7004E-4,3.2452E-4
1500.0,3.9641E-8,1.3012E-7,3.8974E-7,1.0653E-6,2.6569E-6,6.0469E-6,1.2558E-5,2.3799E-5,3.3425E-5,4.0664E-5,4.8468E-5
SA0P1
r\m,4.0,4.5,5.0,5.5,6.0,6.5,7.0,7.5,7.8,8.0,8.2
0.0,0.45164,0.82573,1.3535,1.989,2.6205,3.0954,3.2779,3.2779,3.2779,3.2779,3.2779
1.0,0.43907,0.80457,1.3218,1.9468,2.5707,3.0434,3.2302,3.2302,3.2302,3.2302,3.2302
5.0,0.26068,0.49796,0.8528,1.3094,1.8025,2.2245,2.4613,2.4858,2.4858,2.4858,2.4858
10.0,0.11058,0.22604,0.41425,0.68062,1.0026,1.324,1.5676,1.664,1.664,1.664,1.664
15.0,0.054132,0.11698,0.22662,0.39362,0.61295,0.85573,1.0711,1.2019,1.2222,1.2222,1.2222
20.0,0.030495,0.068856,0.13939,0.25297,0.4116,0.60043,0.78526,0.92074,0.96126,0.96789,0.96789
25.0,0.018981,0.044413,0.093171,0.17523,0.29548,0.44668,0.6054,0.73563,0.78462,0.80139,0.80461
30.0,0.012679,0.030566,0.066064,0.12802,0.2224,0.34639,0.4837,0.60556,0.65756,0.67967,0.69036
40.0,0.0065248,0.016503,0.03742,0.076073,0.13865,0.22656,0.33191,0.43593,0.48718,0.51331,0.53148
50.0,0.0038055,0.0099943,0.023532,0.049675,0.094013,0.15952,0.24265,0.33093,0.37829,0.40464,0.42532
60.0,0.0024409,0.0066073,0.016035,0.034888,0.068056,0.11902,0.18661,0.26232,0.30535,0.33059,0.35171
70.0,0.0024369,0.0066311,0.016177,0.035383,0.069384,0.12198,0.19226,0.27168,0.31724,0.34418,0.36695
80.0,0.0024077,0.0065817,0.01613,0.035441,0.069814,0.1233,0.19522,0.27712,0.32448,0.35268,0.37669
90.0,0.00236,0.0064773,0.015938,0.03516,0.069541,0.12331,0.19603,0.27939,0.32792,0.357,0.38191
100.0,0.0022987,0.0063318,0.015637,0.034619,0.068717,0.12229,0.19511,0.27908,0.32827,0.35789,0.38342
110.0,0.0022276,0.006156,0.015252,0.033878,0.067465,0.12045,0.1928,0.27669,0.32609,0.35598,0.38187
120.0,0.0021479,0.0059535,0.014794,0.03296,0.065834,0.11789,0.18927,0.27243,0.32165,0.35155,0.37758
130.0,0.001968,0.0054744,0.013653,0.030526,0.06119,0.10997,0.17718,0.25595,0.30284,0.33147,0.35651
140.0,0.0018041,0.0050352,0.012599,0.028263,0.056844,0.1025,0.16569,0.24014,0.28471,0.31203,0.33606
150.0,0.0016547,0.0046323,0.011627,0.026163,0.052782,0.095467,0.15481,0.22506,0.26732,0.29334,0.31632
175.0,0.0013352,0.0037638,0.0095122,0.021553,0.043783,0.079738,0.1302,0.19059,0.22732,0.25014,0.27047
200.0,0.0010794,0.003061,0.0077824,0.017739,0.036252,0.066419,0.1091,0.16067,0.19232,0.21213,0.22992
250.0,7.0826E-4,0.0020287,0.0052097,0.011995,0.024758,0.045817,0.076014,0.11307,0.13616,0.15078,0.16409
300.0,4.6648E-4,0.0013471,0.0034878,0.008096,0.016848,0.031435,0.052581,0.078853,0.095422,0.10602,0.11575
350.0,3.0804E-4,8.9573E-4,0.0023352,0.0054581,0.011437,0.021487,0.036191,0.05465,0.066408,0.073986,0.081002
400.0,2.038E-4,5.9617E-4,0.0015636,0.0036765,0.0077502,0.014648,0.024819,0.037703,0.04598,0.05135,0.056354
450.0,1.3503E-4,3.9709E-4,0.0010469,0.0024748,0.0052446,0.0099645,0.016973,0.025921,0.031711,0.03549,0.039031
500.0,8.9564E-5,2.6464E-4,7.0105E-4,0.001665,0.0035451,0.0067675,0.011582,0.017772,0.021803,0.024448,0.026937
600.0,3.9511E-5,1.177E-4,3.1436E-4,7.5272E-4,0.0016159,0.00311,0.0053663,0.0083015,0.010235,0.012038,0.01402
700.0,1.7475E-5,5.242E-5,1.4097E-4,3.399E-4,7.3473E-4,0.0014239,0.002474,0.0040214,0.0053511,0.0063534,0.0074449
800.0,7.744E-6,2.3369E-5,6.3223E-5,1.5335E-4,3.3348E-4,6.5015E-4,0.0011886,0.0020892,0.0028059,0.0033622,0.0039701
1000.0,1.5269E-6,4.654E-6,1.2718E-5,3.1158E-5,7.3452E-5,1.5933E-4,3.1666E-4,5.743E-4,7.8556E-4,9.5043E-4,0.0011332
1200.0,3.1566E-7,1.0114E-6,2.9569E-6,7.8885E-6,1.9204E-5,4.2663E-5,8.6484E-5,1.5998E-4,2.2144E-4,2.7004E-4,3.2452E-4
1500.0,3.9641E-8,1.3012E-7,3.8974E-7,1.0653E-6,2.6569E-6,6.0469E-6,1.2558E-5,2.3799E-5,3.3425E-5,4.0664E-5,4.8468E-5
SA0P15
r\m,4.0,4.5,5.0,5.5,6.0,6.5,7.0,7.5,7.8,8.0,8.2
0.0,0.26633,0.54693,0.98765,1.5684,2.1901,2.6893,2.9039,2.9039,2.9039,2.9039,2.9039
1.0,0.25932,0.5336,0.96553,1.5363,2.1497,2.6451,2.862,2.8629,2.8629,2.8629,2.8629
5.0,0.15786,0.33723,0.63351,1.0465,1.5202,1.942,2.1815,2.2046,2.2046,2.2046,2.2046
10.0,0.069162,0.15716,0.31403,0.55179,0.85261,1.1585,1.3842,1.455,1.455,1.455,1.455
15.0,0.034633,0.082814,0.17414,0.322,0.52357,0.74865,0.94133,1.0408,1.0457,1.0457,1.0457
20.0,0.019847,0.049416,0.1082,0.20831,0.35269,0.52511,0.6875,0.79152,0.8098,0.8098,0.8098
25.0,0.012526,0.032231,0.072928,0.14511,0.25389,0.39064,0.52853,0.62884,0.65618,0.65875,0.65875
30.0,0.0084673,0.022395,0.052087,0.10653,0.1916,0.30303,0.42144,0.51542,0.54679,0.55432,0.55432
40.0,0.0044456,0.01229,0.029878,0.063873,0.12007,0.1985,0.28856,0.36887,0.40185,0.41466,0.41917
50.0,0.0026369,0.0075479,0.018998,0.042052,0.08185,0.1401,0.21086,0.27909,0.31045,0.32483,0.33296
60.0,0.0017147,0.005048,0.013069,0.029752,0.059561,0.10485,0.16232,0.22097,0.24998,0.26452,0.27421
70.0,0.0016567,0.0049316,0.012909,0.029716,0.060153,0.10707,0.1676,0.2307,0.26273,0.27925,0.29076
80.0,0.0015923,0.0047856,0.012648,0.029396,0.06008,0.10798,0.17065,0.23716,0.27165,0.28984,0.30295
90.0,0.0015242,0.00462,0.012315,0.028865,0.059498,0.10784,0.17189,0.24093,0.27737,0.29695,0.31144
100.0,0.0014544,0.0044421,0.011931,0.028179,0.058525,0.10689,0.17167,0.24246,0.28041,0.30112,0.31677
110.0,0.0013841,0.0042568,0.011512,0.027378,0.057255,0.10529,0.17028,0.24215,0.28121,0.30281,0.31943
120.0,0.0013144,0.0040676,0.011069,0.026487,0.055737,0.10314,0.16783,0.24015,0.27993,0.30218,0.31955
130.0,0.0012418,0.0038442,0.010464,0.025049,0.052726,0.097598,0.15886,0.2274,0.26512,0.28622,0.30272
140.0,0.0011718,0.0036283,0.0098796,0.023656,0.04981,0.092228,0.15017,0.21501,0.25072,0.27072,0.28636
150.0,0.0011044,0.0034207,0.009317,0.022315,0.047,0.087048,0.14177,0.20305,0.23681,0.25573,0.27053
175.0,9.4874E-4,0.0029404,0.0080136,0.019205,0.040475,0.075011,0.12225,0.17519,0.2044,0.22078,0.23361
200.0,8.114E-4,0.0025161,0.0068609,0.016452,0.034691,0.064325,0.10489,0.15039,0.17552,0.18963,0.2007
250.0,5.8788E-4,0.0018246,0.0049799,0.011952,0.025225,0.046816,0.076405,0.10965,0.12805,0.13839,0.14652
300.0,4.2221E-4,0.0013114,0.0035818,0.0086027,0.01817,0.033746,0.055116,0.079159,0.092477,0.099975,0.10588
350.0,3.0139E-4,9.3669E-4,0.00256,0.0061524,0.013003,0.024165,0.039491,0.056753,0.066327,0.071722,0.075977
400.0,2.1419E-4,6.6604E-4,0.0018213,0.0043795,0.0092605,0.01722,0.028156,0.040486,0.04733,0.051191,0.05424
450.0,1.517E-4,4.7196E-4,0.0012912,0.0031063,0.0065714,0.012225,0.019999,0.02877,0.033644,0.036395,0.03857
500.0,1.0716E-4,3.3352E-4,9.1283E-4,0.002197,0.0046498,0.0086539,0.014163,0.020383,0.023842,0.025797,0.027343
600.0,5.3143E-5,1.6552E-4,4.5336E-4,0.001092,0.0023128,0.0043075,0.0070549,0.010161,0.01189,0.012869,0.01402
700.0,2.6196E-5,8.1642E-5,2.2375E-4,5.3926E-4,0.0011429,0.0021299,0.0034906,0.0050304,0.0058889,0.006375,0.0074449
800.0,1.2855E-5,4.0087E-5,1.0992E-4,2.6507E-4,5.6207E-4,0.0010481,0.0017185,0.002478,0.0029018,0.0033622,0.0039701
1000.0,3.0669E-6,9.5721E-6,2.6272E-5,6.3408E-5,1.3458E-4,2.5116E-4,4.1221E-4,5.9491E-4,7.8556E-4,9.5043E-4,0.0011332
1200.0,7.2523E-7,2.2652E-6,6.2217E-6,1.5027E-5,3.1917E-5,5.9613E-5,9.7909E-5,1.5998E-4,2.2144E-4,2.7004E-4,3.2452E-4
1500.0,8.2496E-8,2.579E-7,7.0901E-7,1.714E-6,3.6438E-6,6.8118E-6,1.2558E-5,2.3799E-5,3.3425E-5,4.0664E-5,4.8468E-5
SA0P2
r\m,4.0,4.5,5.0,5.5,6.0,6.5,7.0,7.5,7.8,8.0,8.2
0.0,0.1649,0.3735,0.7316,1.2392,1.8152,2.2993,2.5187,2.5207,2.5207,2.5207,2.5207
1.0,0.16075,0.36478,0.71585,1.2148,1.7828,2.2624,2.4829,2.4858,2.4858,2.4858,2.4858
5.0,0.099642,0.23415,0.47582,0.83617,1.2707,1.6699,1.8978,1.9178,1.9178,1.9178,1.9178
10.0,0.044503,0.11087,0.23885,0.44498,0.71689,0.99878,1.2033,1.258,1.258,1.258,1.258
15.0,0.022542,0.058961,0.13336,0.26086,0.44124,0.64543,0.81644,0.89309,0.89354,0.89354,0.89354
20.0,0.013029,0.035426,0.083295,0.16936,0.2978,0.45282,0.59543,0.67707,0.68436,0.68436,0.68436
25.0,0.0082847,0.023249,0.056418,0.1184,0.21486,0.33719,0.45762,0.53706,0.55137,0.55137,0.55137
30.0,0.0056395,0.01625,0.040493,0.087256,0.1626,0.26202,0.36514,0.44002,0.45898,0.4601,0.4601
40.0,0.003001,0.0090237,0.023464,0.052761,0.1026,0.17252,0.25088,0.31548,0.3376,0.34308,0.34308
50.0,0.0018037,0.0056083,0.015079,0.035062,0.070501,0.12259,0.18433,0.2397,0.2617,0.26954,0.27123
60.0,0.0011881,0.0037957,0.010487,0.025055,0.051766,0.092489,0.1429,0.19094,0.21189,0.22062,0.22442
70.0,0.0011376,0.0036815,0.010303,0.024936,0.052188,0.094453,0.14783,0.20008,0.22377,0.23419,0.23946
80.0,0.0010867,0.0035564,0.010065,0.024634,0.052136,0.095422,0.15103,0.20671,0.23274,0.24467,0.2513
90.0,0.0010362,0.003425,0.0097896,0.024198,0.051722,0.095606,0.15282,0.21125,0.23926,0.25252,0.2604
100.0,9.8674E-4,0.0032905,0.0094888,0.023663,0.051029,0.095163,0.15347,0.21403,0.2437,0.25812,0.26712
110.0,9.3856E-4,0.003155,0.0091714,0.023055,0.050119,0.09422,0.15317,0.21533,0.24637,0.26179,0.27178
120.0,8.9195E-4,0.00302,0.0088423,0.022389,0.049023,0.092824,0.15199,0.21522,0.24731,0.26355,0.27439
130.0,8.494E-4,0.0028754,0.0084178,0.02131,0.046654,0.088324,0.1446,0.20472,0.23522,0.25064,0.26094
140.0,8.0817E-4,0.0027354,0.0080067,0.020267,0.044362,0.083973,0.13746,0.19458,0.22354,0.23819,0.24796
150.0,7.6835E-4,0.0026003,0.0076102,0.01926,0.042153,0.07978,0.13057,0.18481,0.2123,0.2262,0.23547
175.0,6.7535E-4,0.0022848,0.0066848,0.016913,0.037004,0.070012,0.11455,0.16208,0.18616,0.19832,0.20642
200.0,5.9179E-4,0.0020016,0.0058545,0.014808,0.03239,0.061266,0.10021,0.14176,0.16279,0.1734,0.18046
250.0,4.5145E-4,0.0015262,0.0044621,0.011281,0.024664,0.046631,0.07624,0.10779,0.12375,0.1318,0.13714
300.0,3.4232E-4,0.0011568,0.0033809,0.0085443,0.018674,0.035292,0.05768,0.081522,0.09357,0.099638,0.10366
350.0,2.5848E-4,8.7325E-4,0.0025513,0.0064456,0.014082,0.026607,0.043471,0.061421,0.070485,0.075046,0.078067
400.0,1.9458E-4,6.572E-4,0.0019195,0.0048482,0.01059,0.020002,0.032671,0.046149,0.05295,0.05637,0.058633
450.0,1.4614E-4,4.9346E-4,0.0014409,0.0036386,0.0079454,0.015004,0.024502,0.034601,0.039694,0.042255,0.043946
500.0,1.0955E-4,3.6984E-4,0.0010797,0.0027259,0.0059512,0.011236,0.018344,0.025899,0.029708,0.031622,0.032885
600.0,6.1309E-5,2.069E-4,6.0379E-4,0.0015238,0.0033255,0.006276,0.010243,0.014456,0.016578,0.017643,0.018345
700.0,3.4167E-5,1.1527E-4,3.3628E-4,8.4839E-4,0.0018509,0.0034921,0.0056975,0.0080385,0.0092169,0.0098078,0.010197
800.0,1.8983E-5,6.4024E-5,1.8673E-4,4.7098E-4,0.0010272,0.0019375,0.0031603,0.0044576,0.0051103,0.0054373,0.0056523
1000.0,5.822E-6,1.9627E-5,5.7217E-5,1.4425E-4,3.1447E-4,5.9287E-4,9.6658E-4,0.0013628,0.0015618,0.0016615,0.0017269
1200.0,1.7747E-6,5.9806E-6,1.7429E-5,4.3922E-5,9.5718E-5,1.8039E-4,2.9398E-4,4.1432E-4,4.7475E-4,5.0496E-4,5.2475E-4
1500.0,2.9647E-7,9.9862E-7,2.9088E-6,7.3271E-6,1.5961E-5,3.0065E-5,4.8976E-5,6.8992E-5,7.9032E-5,8.4046E-5,8.7324E-5
SA0P25
r\m,4.0,4.5,5.0,5.5,6.0,6.5,7.0,7.5,7.8,8.0,8.2
0.0,0.11104,0.26973,0.56019,0.9947,1.5101,1.96,2.175,2.1794,2.1794,2.1794,2.1794
1.0,0.10822,0.26338,0.54801,0.97489,1.4828,1.9281,2.1436,2.1487,2.1487,2.1487,2.1487
5.0,0.066904,0.16859,0.3632,0.66898,1.0535,1.4184,1.6328,1.6532,1.6532,1.6532,1.6532
10.0,0.029875,0.079772,0.18211,0.35545,0.59316,0.84628,1.0323,1.081,1.081,1.081,1.081
15.0,0.015177,0.042528,0.10188,0.20868,0.36544,0.54715,0.70038,0.76651,0.76651,0.76651,0.76651
20.0,0.0088094,0.025649,0.063848,0.13589,0.24726,0.38466,0.51163,0.58181,0.58621,0.58621,0.58621
25.0,0.0056285,0.016907,0.043422,0.095344,0.17899,0.28728,0.39423,0.46252,0.47217,0.47217,0.47217
30.0,0.0038509,0.011874,0.031304,0.070558,0.13597,0.22402,0.31556,0.38004,0.39411,0.39411,0.39411
40.0,0.002071,0.0066605,0.018314,0.043052,0.08653,0.14869,0.21845,0.27439,0.29182,0.29467,0.29467
50.0,0.0012584,0.0041832,0.011889,0.028888,0.060014,0.10659,0.16187,0.21016,0.22799,0.23328,0.23376
60.0,8.377E-4,0.0028604,0.0083507,0.020843,0.044479,0.081151,0.12659,0.16882,0.18612,0.19249,0.19416
70.0,8.0321E-4,0.0027794,0.0082227,0.020798,0.044978,0.08316,0.13146,0.17766,0.19743,0.20529,0.20817
80.0,7.694E-4,0.0026933,0.0080606,0.020625,0.045121,0.084394,0.13496,0.18451,0.20647,0.21568,0.21972
90.0,7.3646E-4,0.0026044,0.0078746,0.020356,0.044988,0.085009,0.13733,0.18969,0.21357,0.224,0.22913
100.0,7.0453E-4,0.0025144,0.007672,0.020014,0.044639,0.085123,0.13878,0.19345,0.21899,0.23054,0.23668
110.0,6.7366E-4,0.0024242,0.0074582,0.019618,0.044119,0.084831,0.13945,0.196,0.22299,0.23552,0.24259
120.0,6.4389E-4,0.0023343,0.0072354,0.019174,0.043443,0.084152,0.13937,0.19734,0.22552,0.2389,0.24681
130.0,6.152E-4,0.00223,0.0069112,0.018312,0.041485,0.08035,0.13305,0.18837,0.21525,0.22802,0.23555
140.0,5.8763E-4,0.0021298,0.0065998,0.017485,0.039606,0.076702,0.127,0.17978,0.20542,0.21759,0.22477
150.0,5.6116E-4,0.0020337,0.0063011,0.016692,0.037805,0.073206,0.1212,0.17155,0.196,0.2076,0.21444
175.0,4.9967E-4,0.0018104,0.0056079,0.014852,0.033629,0.065102,0.10775,0.15248,0.17419,0.18448,0.19054
200.0,4.445E-4,0.0016101,0.0049865,0.013203,0.02989,0.057851,0.09573,0.13544,0.1547,0.16382,0.16919
250.0,3.5106E-4,0.0012712,0.0039354,0.010416,0.023572,0.045607,0.075441,0.10669,0.12184,0.12901,0.13322
300.0,2.7675E-4,0.0010018,0.0031006,0.0082043,0.018561,0.0359,0.059367,0.083935,0.095834,0.10146,0.10476
350.0,2.179E-4,7.8858E-4,0.00244,0.0064547,0.014599,0.02823,0.046671,0.065968,0.075309,0.079721,0.082303
400.0,1.714E-4,6.2016E-4,0.0019184,0.0050739,0.011473,0.022181,0.036663,0.051812,0.05914,0.0626,0.064621
450.0,1.3473E-4,4.8738E-4,0.0015074,0.003986,0.0090116,0.017419,0.028786,0.040671,0.046419,0.04913,0.050713
500.0,1.0584E-4,3.8282E-4,0.0011838,0.0031298,0.0070747,0.013672,0.022591,0.031913,0.036419,0.038544,0.039783
600.0,6.5241E-5,2.359E-4,7.2927E-4,0.0019275,0.0043556,0.0084151,0.0139,0.01963,0.022398,0.023702,0.024461
700.0,4.0163E-5,1.4519E-4,4.4872E-4,0.0011857,0.0026787,0.0051739,0.0085441,0.012063,0.013762,0.014562,0.015026
800.0,2.4702E-5,8.9278E-5,2.7586E-4,7.2878E-4,0.0016461,0.0031787,0.0052482,0.0074081,0.0084502,0.0089405,0.0092251
1000.0,9.3262E-6,3.3694E-5,1.0407E-4,2.7484E-4,6.2056E-4,0.0011979,0.0019771,0.0027897,0.0031815,0.0033656,0.0034722
1200.0,3.5144E-6,1.2693E-5,3.9195E-5,1.0348E-4,2.3357E-4,4.5074E-4,7.4369E-4,0.0010491,0.0011962,0.0012652,0.0013052
1500.0,8.1114E-7,2.9285E-6,9.0397E-6,2.3857E-5,5.3829E-5,1.0384E-4,1.7127E-4,2.4151E-4,2.7531E-4,2.9117E-4,3.0031E-4
SA0P3
r\m,4.0,4.5,5.0,5.5,6.0,6.5,7.0,7.5,7.8,8.0,8.2
0.0,0.080923,0.20561,0.44369,0.81314,1.2656,1.673,1.8783,1.8849,1.8849,1.8849,1.8849
1.0,0.078853,0.20073,0.43397,0.79684,1.2426,1.6457,1.851,1.8583,1.8583,1.8583,1.8583
5.0,0.048581,0.1281,0.28689,0.54566,0.88142,1.2092,1.4089,1.4307,1.4307,1.4307,1.4307
10.0,0.021614,0.060436,0.14352,0.28945,0.49578,0.72122,0.89104,0.93817,0.93817,0.93817,0.93817
15.0,0.010967,0.032196,0.080274,0.16998,0.30569,0.46689,0.60563,0.6672,0.6672,0.6672,0.6672
20.0,0.0063673,0.019431,0.050358,0.11084,0.20721,0.32897,0.44356,0.50794,0.51226,0.51226,0.51226
25.0,0.0040731,0.012828,0.03431,0.077939,0.15036,0.24637,0.34283,0.40516,0.4141,0.4141,0.4141
30.0,0.0027917,0.0090274,0.024792,0.057826,0.11455,0.19271,0.27534,0.33411,0.34694,0.34694,0.34694
40.0,0.0015086,0.0050899,0.014585,0.035495,0.073363,0.12878,0.19199,0.24308,0.25893,0.26138,0.26138
50.0,9.219E-4,0.0032161,0.0095288,0.023977,0.05124,0.092999,0.14335,0.18766,0.20395,0.20865,0.20898
60.0,6.1748E-4,0.0022133,0.0067378,0.01742,0.03825,0.071329,0.11297,0.15195,0.16784,0.17359,0.17489
70.0,5.9403E-4,0.0021577,0.006656,0.017438,0.038801,0.073323,0.11768,0.1604,0.17859,0.18568,0.18807
80.0,5.7135E-4,0.0020993,0.006551,0.017362,0.039078,0.074702,0.12128,0.16722,0.18747,0.19582,0.19926
90.0,5.4945E-4,0.0020395,0.0064294,0.017214,0.039141,0.075586,0.12397,0.17268,0.19477,0.20427,0.20871
100.0,5.2832E-4,0.001979,0.0062958,0.01701,0.039032,0.076066,0.1259,0.17697,0.20071,0.21126,0.21664
110.0,5.0796E-4,0.0019185,0.0061538,0.016764,0.038786,0.076213,0.12718,0.18026,0.20545,0.21697,0.22323
120.0,4.8831E-4,0.001858,0.0060041,0.016478,0.038408,0.07603,0.12782,0.18251,0.20895,0.22132,0.22838
130.0,4.672E-4,0.0017778,0.0057456,0.01577,0.036761,0.072777,0.12236,0.17473,0.20005,0.21191,0.21867
140.0,4.4714E-4,0.0017017,0.0054998,0.015097,0.035194,0.069681,0.11717,0.16733,0.19159,0.20294,0.20943
150.0,4.2806E-4,0.0016291,0.0052658,0.014456,0.033702,0.066732,0.11222,0.16027,0.18351,0.1944,0.20061
175.0,3.8417E-4,0.0014624,0.0047276,0.01298,0.030268,0.059942,0.10082,0.14401,0.16491,0.17471,0.18031
200.0,3.4515E-4,0.001314,0.0042486,0.011667,0.027209,0.053892,0.090656,0.12952,0.14833,0.15714,0.16219
250.0,2.792E-4,0.0010632,0.0034385,0.0094446,0.022032,0.043649,0.073443,0.10495,0.12021,0.12737,0.13147
300.0,2.2631E-4,8.6199E-4,0.0027883,0.0076603,0.017873,0.035417,0.059604,0.085192,0.097592,0.10341,0.10675
350.0,1.8371E-4,6.9983E-4,0.0022642,0.0062214,0.014518,0.028774,0.048433,0.069237,0.079323,0.084059,0.08678
400.0,1.4928E-4,5.6876E-4,0.0018404,0.0050577,0.011805,0.023399,0.039391,0.05632,0.06453,0.068387,0.070605
450.0,1.214E-4,4.626E-4,0.0014971,0.0041148,0.0096049,0.019041,0.03206,0.045843,0.052531,0.055673,0.057482
500.0,9.8791E-5,3.7649E-4,0.0012185,0.0033496,0.0078197,0.015504,0.026107,0.037336,0.042785,0.045347,0.046822
600.0,6.5513E-5,2.4972E-4,8.0841E-4,0.0022226,0.0051899,0.010292,0.017334,0.024794,0.028417,0.030121,0.031103
700.0,4.3507E-5,1.6587E-4,5.3705E-4,0.0014768,0.003449,0.0068408,0.011523,0.016486,0.018896,0.020031,0.020685
800.0,2.8924E-5,1.1029E-4,3.5714E-4,9.8222E-4,0.0022942,0.0045511,0.0076676,0.010971,0.012576,0.013332,0.013769
1000.0,1.2812E-5,4.8863E-5,1.5827E-4,4.354E-4,0.0010172,0.0020184,0.0034014,0.0048681,0.0055811,0.0059171,0.0061115
1200.0,5.6864E-6,2.1692E-5,7.0277E-5,1.9337E-4,4.5186E-4,8.9677E-4,0.0015115,0.0021637,0.002481,0.0026306,0.0027172
1500.0,1.6857E-6,6.4322E-6,2.0844E-5,5.7366E-5,1.3409E-4,2.6618E-4,4.4876E-4,6.4256E-4,7.3688E-4,7.8138E-4,8.072E-4
SA0P4
r\m,4.0,4.5,5.0,5.5,6.0,6.5,7.0,7.5,7.8,8.0,8.2
0.0,0.042164,0.11783,0.27703,0.54794,0.91173,1.2762,1.5029,1.5287,1.5287,1.5287,1.5287
1.0,0.041147,0.11519,0.27128,0.53747,0.89584,1.2562,1.4818,1.5082,1.5082,1.5082,1.5082
5.0,0.025948,0.075023,0.18248,0.37339,0.64277,0.93085,1.1341,1.1751,1.1751,1.1751,1.1751
10.0,0.011844,0.036169,0.092923,0.20084,0.36517,0.55857,0.71879,0.77815,0.77815,0.77815,0.77815
15.0,0.0061028,0.019515,0.052499,0.11881,0.22621,0.36232,0.48821,0.55343,0.55583,0.55583,0.55583
20.0,0.0035837,0.011889,0.033181,0.077905,0.15388,0.2557,0.35745,0.42037,0.42735,0.42735,0.42735
25.0,0.0023148,0.0079134,0.022758,0.055063,0.11208,0.19191,0.27645,0.33502,0.34603,0.34603,0.34603
30.0,0.0016009,0.0056123,0.016552,0.041069,0.085724,0.15053,0.22237,0.27636,0.28979,0.29037,0.29037
40.0,8.7982E-4,0.0032121,0.0098654,0.02549,0.055408,0.10132,0.15587,0.20173,0.21674,0.21964,0.21964
50.0,5.4651E-4,0.0020599,0.0065316,0.017423,0.0391,0.073818,0.11724,0.15665,0.17156,0.17608,0.17655
60.0,3.7215E-4,0.0014394,0.0046834,0.01282,0.029522,0.057194,0.093214,0.1278,0.14215,0.14742,0.14871
70.0,3.6217E-4,0.0014167,0.004662,0.012906,0.030059,0.058895,0.097077,0.13461,0.15075,0.15704,0.15913
80.0,3.5257E-4,0.0013927,0.0046283,0.01294,0.030433,0.060217,0.10023,0.14036,0.15811,0.16536,0.16822
90.0,3.433E-4,0.0013679,0.0045856,0.012932,0.030679,0.061232,0.10281,0.14523,0.16444,0.17258,0.17617
100.0,3.3435E-4,0.0013426,0.0045358,0.012891,0.030822,0.061996,0.10491,0.14934,0.16989,0.17885,0.18314
110.0,3.2568E-4,0.001317,0.0044808,0.012824,0.030879,0.062548,0.10659,0.1528,0.17457,0.18429,0.18924
120.0,3.1715E-4,0.0012907,0.0044191,0.012728,0.030842,0.062871,0.10782,0.15555,0.17838,0.18879,0.19436
130.0,3.0279E-4,0.0012335,0.0042275,0.012189,0.029563,0.060325,0.10355,0.14955,0.1716,0.18169,0.18712
140.0,2.8955E-4,0.0011806,0.00405,0.011688,0.028375,0.057952,0.099574,0.14393,0.16525,0.17503,0.18033
150.0,2.7726E-4,0.0011315,0.0038848,0.01122,0.027264,0.055732,0.095842,0.13866,0.15927,0.16876,0.17393
175.0,2.5E-4,0.0010223,0.0035164,0.010176,0.024774,0.050739,0.087424,0.12672,0.14573,0.15453,0.15938
200.0,2.2669E-4,9.2846E-4,0.0031991,0.0092732,0.022614,0.046392,0.080066,0.11625,0.13382,0.14199,0.14656
250.0,1.886E-4,7.7461E-4,0.0026765,0.0077799,0.019025,0.039139,0.067737,0.098623,0.11372,0.1208,0.12482
300.0,1.5866E-4,6.5311E-4,0.0022618,0.0065895,0.016151,0.033301,0.057765,0.084297,0.097334,0.10349,0.10703
350.0,1.3449E-4,5.5469E-4,0.0019246,0.0056181,0.013796,0.028502,0.049535,0.072425,0.083723,0.089084,0.092203
400.0,1.1464E-4,4.7361E-4,0.0016461,0.004813,0.011839,0.024499,0.042649,0.062461,0.072277,0.076957,0.079705
450.0,9.8139E-5,4.0604E-4,0.0014133,0.0041384,0.010195,0.021127,0.036834,0.054024,0.06257,0.06666,0.069081
500.0,8.4297E-5,3.4923E-4,0.0012172,0.0035688,0.008803,0.018267,0.03189,0.046834,0.054285,0.057864,0.059997
600.0,6.2675E-5,2.6025E-4,9.091E-4,0.0026716,0.006605,0.013737,0.024036,0.035381,0.041066,0.043813,0.04547
700.0,4.6957E-5,1.9536E-4,6.8374E-4,0.0020132,0.0049868,0.010392,0.018218,0.026868,0.031221,0.033335,0.034622
800.0,3.5378E-5,1.4743E-4,5.1686E-4,0.0015244,0.0037823,0.0078949,0.013864,0.02048,0.023822,0.025453,0.026453
1000.0,2.0323E-5,8.4927E-5,2.9857E-4,8.8303E-4,0.0021971,0.0045988,0.0080981,0.011997,0.013978,0.014951,0.015556
1200.0,1.1803E-5,4.9438E-5,1.742E-4,5.1638E-4,0.0012877,0.0027016,0.0047681,0.0070797,0.00826,0.0088432,0.0092094
1500.0,5.2961E-6,2.2245E-5,7.8601E-5,2.3365E-4,5.843E-4,0.0012292,0.0021756,0.0032393,0.0037857,0.0040576,0.0042303
SA0P5
r\m,4.0,4.5,5.0,5.5,6.0,6.5,7.0,7.5,7.8,8.0,8.2
0.0,0.026813,0.079063,0.19544,0.405,0.7036,1.0247,1.2511,1.2959,1.2959,1.2959,1.2959
1.0,0.026178,0.077317,0.19144,0.39738,0.6915,1.0088,1.2337,1.2791,1.2791,1.2791,1.2791
5.0,0.016617,0.050645,0.1294,0.27718,0.49774,0.7493,0.94563,1.0033,1.0033,1.0033,1.0033
10.0,0.0076357,0.024555,0.066201,0.14962,0.28349,0.45029,0.59961,0.66936,0.66992,0.66992,0.66992
15.0,0.0039503,0.013293,0.0375,0.088687,0.17583,0.29225,0.40722,0.47568,0.48179,0.48179,0.48179
20.0,0.0023273,0.008121,0.023756,0.058259,0.11978,0.20643,0.29827,0.36129,0.37243,0.37243,0.37243
25.0,0.0015081,0.0054209,0.016335,0.041265,0.08739,0.15515,0.23092,0.28813,0.30234,0.30293,0.30293
30.0,0.0010464,0.0038562,0.011913,0.030852,0.066985,0.12192,0.18604,0.23798,0.25348,0.25524,0.25524
40.0,5.7913E-4,0.0022214,0.0071434,0.019257,0.04352,0.082452,0.13096,0.17437,0.19025,0.19464,0.1948
50.0,3.6241E-4,0.0014347,0.0047612,0.013246,0.030896,0.06041,0.099023,0.13608,0.1513,0.15676,0.1579
60.0,2.4876E-4,0.0010102,0.0034389,0.0098144,0.023481,0.047098,0.079193,0.11163,0.12604,0.13192,0.13424
70.0,2.4411E-4,0.0010009,0.0034402,0.0099132,0.023947,0.048496,0.082333,0.11718,0.13307,0.13982,0.14282
80.0,2.3966E-4,9.9086E-4,0.0034344,0.0099795,0.02431,0.049644,0.08499,0.12198,0.13921,0.14676,0.15042
90.0,2.3537E-4,9.8035E-4,0.0034232,0.010021,0.024591,0.05059,0.087252,0.12615,0.14461,0.15291,0.15718
100.0,2.3122E-4,9.6947E-4,0.0034077,0.010041,0.024805,0.05137,0.089186,0.1298,0.14939,0.15838,0.16324
110.0,2.272E-4,9.5834E-4,0.0033888,0.010046,0.024965,0.052012,0.090842,0.13301,0.15363,0.16327,0.16868
120.0,2.2315E-4,9.4637E-4,0.0033646,0.010028,0.025057,0.052488,0.092171,0.13569,0.15724,0.16746,0.17339
130.0,2.1193E-4,9.0077E-4,0.0032096,0.0095875,0.024009,0.050403,0.088706,0.13088,0.15186,0.16188,0.16776
140.0,2.0181E-4,8.5952E-4,0.0030689,0.0091861,0.023051,0.048491,0.085517,0.12643,0.14689,0.1567,0.16253
150.0,1.9262E-4,8.2195E-4,0.0029404,0.0088181,0.02217,0.046727,0.082564,0.1223,0.14225,0.15187,0.15763
175.0,1.7286E-4,7.4078E-4,0.0026614,0.0080155,0.020238,0.042838,0.076016,0.11308,0.13186,0.14103,0.14663
200.0,1.5658E-4,6.735E-4,0.0024286,0.0073417,0.018606,0.039529,0.070404,0.10512,0.12285,0.13158,0.13701
250.0,1.3106E-4,5.6724E-4,0.0020581,0.0062603,0.015964,0.034126,0.061158,0.091883,0.10778,0.11573,0.1208
300.0,1.1175E-4,4.8612E-4,0.0017728,0.0054196,0.01389,0.029843,0.053754,0.081169,0.095503,0.10275,0.10747
350.0,9.6515E-5,4.2164E-4,0.0015442,0.0047411,0.012203,0.026331,0.047632,0.072232,0.085206,0.091829,0.096214
400.0,8.4141E-5,3.6894E-4,0.0013562,0.0041794,0.010797,0.023384,0.042458,0.064625,0.076403,0.082463,0.086529
450.0,7.388E-5,3.2501E-4,0.0011986,0.0037059,0.0096052,0.020871,0.038018,0.058057,0.068772,0.074325,0.078091
500.0,6.5237E-5,2.8783E-4,0.0010646,0.0033012,0.0085814,0.018701,0.034165,0.052325,0.062091,0.067183,0.07067
600.0,5.1529E-5,2.285E-4,8.4946E-4,0.0026474,0.0069167,0.015149,0.027817,0.04282,0.050966,0.055257,0.058243
700.0,4.1225E-5,1.836E-4,6.8545E-4,0.0021454,0.0056292,0.012382,0.022834,0.035299,0.042122,0.045747,0.048301
800.0,3.3293E-5,1.4882E-4,5.5768E-4,0.0017519,0.0046139,0.010187,0.018855,0.029256,0.034989,0.038056,0.040241
1000.0,2.2152E-5,9.9634E-5,3.7568E-4,0.0011875,0.0031469,0.006991,0.01302,0.020328,0.024402,0.026607,0.028204
1200.0,1.5014E-5,6.787E-5,2.5721E-4,8.1717E-4,0.0021765,0.0048597,0.0090966,0.014275,0.017188,0.018779,0.019946
1500.0,8.5708E-6,3.8986E-5,1.4867E-4,4.7526E-4,0.0012737,0.0028616,0.0053899,0.0085106,0.010285,0.011266,0.011996
SA0P75
r\m,4.0,4.5,5.0,5.5,6.0,6.5,7.0,7.5,7.8,8.0,8.2
0.0,0.012499,0.039342,0.1038,0.22954,0.42547,0.66106,0.86092,0.93979,0.93979,0.93979,0.93979
1.0,0.012183,0.038416,0.10153,0.22493,0.41768,0.65011,0.84816,0.92751,0.92751,0.92751,0.92751
5.0,0.0075593,0.024639,0.067315,0.15415,0.2959,0.47609,0.64206,0.7258,0.72823,0.72823,0.72823
10.0,0.0034187,0.011774,0.033988,0.082239,0.1668,0.28356,0.40407,0.48263,0.4933,0.4933,0.4933
15.0,0.0017671,0.0063708,0.019251,0.048762,0.10353,0.18423,0.27481,0.3436,0.36097,0.36181,0.36181
20.0,0.0010455,0.0039086,0.012248,0.03217,0.070827,0.1307,0.20218,0.26213,0.28145,0.28488,0.28488
25.0,6.8143E-4,0.0026239,0.0084691,0.022913,0.051959,0.098763,0.15735,0.21014,0.22967,0.23523,0.23556
30.0,4.7577E-4,0.001878,0.0062136,0.017232,0.040057,0.078051,0.12747,0.17451,0.19358,0.20025,0.20152
40.0,2.6663E-4,0.0010953,0.003771,0.010883,0.026327,0.053383,0.090731,0.12926,0.14685,0.15435,0.15771
50.0,1.6889E-4,7.1582E-4,0.002543,0.0075726,0.018901,0.039545,0.069349,0.10194,0.11801,0.1256,0.12995
60.0,1.1717E-4,5.0929E-4,0.0018556,0.0056669,0.014506,0.031125,0.055979,0.084389,0.099187,0.10663,0.11145
70.0,1.1598E-4,5.0805E-4,0.0018655,0.0057413,0.014811,0.032026,0.058047,0.088186,0.10413,0.1123,0.11773
80.0,1.1485E-4,5.0651E-4,0.0018723,0.0058013,0.015067,0.032799,0.059848,0.091537,0.10852,0.11735,0.12336
90.0,1.1377E-4,5.0474E-4,0.0018769,0.0058501,0.015284,0.03347,0.061436,0.094525,0.11247,0.1219,0.12845
100.0,1.1273E-4,5.0279E-4,0.0018796,0.0058898,0.01547,0.034057,0.062848,0.097212,0.11603,0.12604,0.13309
110.0,1.1173E-4,5.007E-4,0.0018808,0.005922,0.015629,0.034575,0.064111,0.099645,0.11928,0.12982,0.13735
120.0,1.1065E-4,4.9805E-4,0.0018791,0.0059426,0.015753,0.035001,0.065187,0.10176,0.12214,0.13316,0.14113
130.0,1.0433E-4,4.7118E-4,0.0017837,0.0056599,0.015054,0.03356,0.062713,0.09823,0.11814,0.12897,0.13687
140.0,9.8746E-5,4.4736E-4,0.0016988,0.0054072,0.014426,0.032262,0.060475,0.095019,0.11449,0.12514,0.13297
150.0,9.377E-5,4.2605E-4,0.0016226,0.0051796,0.013859,0.031083,0.058435,0.092079,0.11114,0.12162,0.12938
175.0,8.3382E-5,3.8131E-4,0.0014616,0.0046961,0.012647,0.028549,0.054019,0.085674,0.10381,0.11389,0.12148
200.0,7.514E-5,3.4555E-4,0.001332,0.0043037,0.011655,0.026459,0.050345,0.080296,0.097622,0.10735,0.11475
250.0,6.2779E-5,2.9142E-4,0.0011339,0.0036983,0.01011,0.023167,0.044497,0.071637,0.087586,0.096672,0.10373
300.0,5.3857E-5,2.5193E-4,9.878E-4,0.0032464,0.0089432,0.020651,0.039969,0.064842,0.079644,0.088176,0.094903
350.0,4.7054E-5,2.2154E-4,8.7429E-4,0.0028921,0.0080188,0.018636,0.036305,0.059281,0.073096,0.081137,0.087554
400.0,4.1664E-5,1.9727E-4,7.8288E-4,0.0026043,0.0072615,0.016971,0.033247,0.054594,0.067544,0.075142,0.081268
450.0,3.7271E-5,1.7734E-4,7.0729E-4,0.0023645,0.0066256,0.015562,0.030638,0.050559,0.062738,0.069934,0.075785
500.0,3.361E-5,1.6063E-4,6.435E-4,0.0021608,0.0060817,0.014348,0.028373,0.047029,0.058513,0.06534,0.070932
600.0,2.784E-5,1.3408E-4,5.4126E-4,0.0018315,0.0051945,0.012349,0.024608,0.041103,0.051376,0.057546,0.062663
700.0,2.3486E-5,1.1385E-4,4.6258E-4,0.0015754,0.0044973,0.010761,0.021583,0.036285,0.04553,0.05113,0.055821
800.0,2.008E-5,9.7886E-5,3.9996E-4,0.0013698,0.0039324,0.0094625,0.019085,0.032266,0.040624,0.045724,0.050031
1000.0,1.5103E-5,7.4317E-5,3.0652E-4,0.0010597,0.0030708,0.0074588,0.015186,0.025916,0.032813,0.037071,0.040716
1200.0,1.1663E-5,5.7832E-5,2.4036E-4,8.3738E-4,0.0024453,0.0059852,0.01228,0.021117,0.026861,0.03044,0.033535
1500.0,8.177E-6,4.0929E-5,1.7172E-4,6.0388E-4,0.0017801,0.0043982,0.0091087,0.015812,0.020227,0.023008,0.025443
SA1P0
r\m,4.0,4.5,5.0,5.5,6.0,6.5,7.0,7.5,7.8,8.0,8.2
0.0,0.00707,0.023041,0.063192,0.14585,0.2833,0.46308,0.63703,0.73748,0.74509,0.74509,0.74509
1.0,0.0068863,0.022483,0.061773,0.14284,0.27794,0.45516,0.62727,0.7275,0.73554,0.73554,0.73554
5.0,0.0042318,0.014288,0.040596,0.097071,0.19534,0.33079,0.47143,0.56541,0.58046,0.58046,0.58046
10.0,0.0019042,0.0067924,0.020391,0.051513,0.10952,0.19595,0.29505,0.37387,0.3967,0.39907,0.39907
15.0,9.8576E-4,0.0036793,0.011557,0.030549,0.067959,0.12723,0.20045,0.26577,0.28976,0.29654,0.2969
20.0,5.8513E-4,0.0022637,0.0073699,0.020193,0.04656,0.090347,0.14754,0.20276,0.22587,0.23449,0.23682
25.0,3.8274E-4,0.0015245,0.0051101,0.014415,0.034222,0.06837,0.11495,0.16265,0.18438,0.19367,0.19788
30.0,2.6818E-4,0.0010946,0.0037597,0.010868,0.026437,0.054122,0.093243,0.13519,0.15552,0.16495,0.1702
40.0,1.513E-4,6.4221E-4,0.0022941,0.0068965,0.017447,0.037146,0.066556,0.10036,0.11819,0.12735,0.13347
50.0,9.6414E-5,4.2205E-4,0.0015548,0.0048202,0.012576,0.027612,0.051021,0.079339,0.095185,0.10383,0.11017
60.0,6.7222E-5,3.0165E-4,0.0011392,0.0036203,0.0096827,0.021794,0.041281,0.065805,0.080131,0.088277,0.094603
70.0,6.6642E-5,3.0095E-4,0.0011437,0.003658,0.0098456,0.022301,0.042511,0.068195,0.083358,0.092065,0.098913
80.0,6.6106E-5,3.0018E-4,0.0011471,0.0036889,0.0099836,0.022738,0.043583,0.070301,0.086216,0.095431,0.10276
90.0,6.5603E-5,2.9934E-4,0.0011495,0.0037146,0.010102,0.02312,0.044531,0.07218,0.088778,0.098458,0.10622
100.0,6.5127E-5,2.9847E-4,0.0011511,0.0037361,0.010205,0.023457,0.045377,0.073871,0.091096,0.10121,0.10937
110.0,6.4673E-5,2.9755E-4,0.0011521,0.0037541,0.010294,0.023757,0.046137,0.075406,0.093209,0.10372,0.11226
120.0,6.4176E-5,2.9633E-4,0.0011515,0.0037657,0.010364,0.024003,0.046784,0.076738,0.095061,0.10593,0.11483
130.0,6.0221E-5,2.791E-4,0.0010886,0.003573,0.0098696,0.022943,0.044883,0.073894,0.09174,0.10238,0.11114
140.0,5.6758E-5,2.6395E-4,0.001033,0.0034023,0.0094301,0.021996,0.043179,0.07133,0.08874,0.099166,0.1078
150.0,5.3697E-5,2.5051E-4,9.8353E-4,0.0032496,0.0090358,0.021144,0.041637,0.069003,0.086009,0.096237,0.10475
175.0,4.7385E-5,2.2264E-4,8.8035E-4,0.0029295,0.0082037,0.019334,0.038345,0.064,0.080114,0.089896,0.098127
200.0,4.2458E-5,2.0072E-4,7.9859E-4,0.0026738,0.0075341,0.017866,0.035652,0.059873,0.075226,0.08462,0.092596
250.0,3.5214E-5,1.682E-4,6.7614E-4,0.0022873,0.0065117,0.015601,0.031455,0.053373,0.067474,0.076214,0.083742
300.0,3.0105E-5,1.4501E-4,5.8785E-4,0.0020054,0.0057575,0.013911,0.028284,0.048398,0.061495,0.069695,0.076837
350.0,2.628E-5,1.2749E-4,5.2052E-4,0.0017884,0.0051712,0.012583,0.025769,0.044409,0.056667,0.064406,0.071209
400.0,2.3295E-5,1.1371E-4,4.6713E-4,0.0016149,0.0046984,0.011504,0.023703,0.041101,0.052642,0.059978,0.066478
450.0,2.0892E-5,1.0254E-4,4.2352E-4,0.0014722,0.0043064,0.010601,0.021963,0.038292,0.049204,0.056184,0.062408
500.0,1.891E-5,9.3265E-5,3.871E-4,0.0013521,0.0039746,0.0098323,0.020469,0.035862,0.046216,0.052875,0.058846
600.0,1.5823E-5,7.8701E-5,3.2941E-4,0.0011604,0.0034398,0.0085812,0.018016,0.03183,0.041228,0.047328,0.052851
700.0,1.352E-5,6.7727E-5,2.8551E-4,0.0010129,0.0030241,0.0075981,0.016066,0.028588,0.037187,0.042811,0.047943
800.0,1.1731E-5,5.9127E-5,2.508E-4,8.9525E-4,0.0026894,0.006799,0.014465,0.025899,0.033814,0.039024,0.04381
1000.0,9.124E-6,4.6464E-5,1.9913E-4,7.1817E-4,0.0021798,0.0055678,0.011969,0.021651,0.028444,0.032961,0.037157
1200.0,7.3139E-6,3.7561E-5,1.6234E-4,5.9045E-4,0.0018073,0.0046554,0.010092,0.018411,0.02431,0.028266,0.031972
1500.0,5.4489E-6,2.8274E-5,1.2347E-4,4.5373E-4,0.0014032,0.0036521,0.0079993,0.014745,0.01959,0.022872,0.025978
SA1P5
r\m,4.0,4.5,5.0,5.5,6.0,6.5,7.0,7.5,7.8,8.0,8.2
0.0,0.0032055,0.01056,0.02967,0.071109,0.14537,0.25347,0.37699,0.47825,0.51108,0.5175,0.5175
1.0,0.0031138,0.010279,0.028941,0.069506,0.14238,0.24878,0.37078,0.47135,0.50435,0.5111,0.5111
5.0,0.0018468,0.006328,0.018495,0.046106,0.098038,0.17781,0.27508,0.36298,0.39718,0.40855,0.41042
10.0,8.1389E-4,0.0029568,0.0091625,0.024218,0.054598,0.10499,0.17221,0.24094,0.27306,0.28752,0.29515
15.0,4.216E-4,0.0016053,0.0052135,0.014443,0.034126,0.068779,0.11824,0.17338,0.2021,0.21685,0.22682
20.0,2.5186E-4,9.9488E-4,0.0033521,0.0096339,0.023616,0.04938,0.088069,0.13397,0.15966,0.17384,0.18453
25.0,1.66E-4,6.7552E-4,0.0023448,0.0069423,0.017532,0.037765,0.069387,0.10874,0.13192,0.14536,0.15614
30.0,1.1719E-4,4.889E-4,0.0017397,0.0052803,0.01367,0.030187,0.056858,0.091347,0.11248,0.12518,0.13581
40.0,6.7039E-5,2.9104E-4,0.0010777,0.0034039,0.0091704,0.021073,0.041304,0.069055,0.087088,0.098475,0.10855
50.0,4.3246E-5,1.937E-4,7.4002E-4,0.0024115,0.006703,0.015892,0.032138,0.055435,0.071234,0.08156,0.091037
60.0,3.0438E-5,1.3981E-4,5.4773E-4,0.0018304,0.0052172,0.012684,0.026304,0.046528,0.060698,0.070199,0.079148
70.0,3.0292E-5,1.3979E-4,5.5027E-4,0.0018475,0.005291,0.012925,0.026929,0.047859,0.062611,0.072549,0.081952
80.0,3.0161E-5,1.3976E-4,5.524E-4,0.0018623,0.0053552,0.013135,0.02748,0.049038,0.064312,0.074642,0.084454
90.0,3.0042E-5,1.3971E-4,5.5422E-4,0.0018752,0.0054118,0.013322,0.027972,0.050098,0.065844,0.076531,0.086717
100.0,2.9933E-5,1.3966E-4,5.5578E-4,0.0018866,0.0054624,0.01349,0.028417,0.05106,0.067239,0.078253,0.088784
110.0,2.9831E-5,1.3959E-4,5.5715E-4,0.0018968,0.005508,0.013643,0.028823,0.051941,0.06852,0.079838,0.090688
120.0,2.9707E-5,1.3939E-4,5.5785E-4,0.0019043,0.0055449,0.013771,0.029174,0.052715,0.069654,0.081247,0.092388
130.0,2.7771E-5,1.3088E-4,5.261E-4,0.0018039,0.0052756,0.01316,0.028003,0.050823,0.067331,0.078676,0.089623
140.0,2.6088E-5,1.2345E-4,4.9827E-4,0.0017154,0.0050375,0.012618,0.026958,0.049127,0.065244,0.076362,0.087129
150.0,2.4611E-5,1.169E-4,4.7365E-4,0.0016369,0.0048251,0.012132,0.026018,0.047595,0.063354,0.074262,0.084862
175.0,2.1598E-5,1.0347E-4,4.2279E-4,0.0014736,0.0043809,0.011109,0.024028,0.044328,0.059307,0.069756,0.079984
200.0,1.9281E-5,9.3049E-5,3.8303E-4,0.0013449,0.0040277,0.010289,0.022418,0.041664,0.05599,0.066048,0.075956
250.0,1.5934E-5,7.785E-5,3.2443E-4,0.0011532,0.0034965,0.0090424,0.019946,0.03753,0.050808,0.060231,0.069607
300.0,1.3622E-5,6.7224E-5,2.8298E-4,0.001016,0.0031117,0.0081287,0.018112,0.034423,0.046883,0.055802,0.06475
350.0,1.192E-5,5.9328E-5,2.5187E-4,9.1208E-4,0.0028172,0.0074221,0.016679,0.03197,0.043765,0.052268,0.060856
400.0,1.0611E-5,5.3202E-5,2.2754E-4,8.3005E-4,0.0025828,0.0068548,0.015518,0.029964,0.041201,0.049352,0.057629
450.0,9.5694E-6,4.8295E-5,2.0789E-4,7.6333E-4,0.0023906,0.0063863,0.014552,0.028281,0.039039,0.046884,0.05489
500.0,8.7198E-6,4.4263E-5,1.9165E-4,7.0779E-4,0.0022296,0.0059909,0.01373,0.026841,0.03718,0.044755,0.05252
600.0,7.4128E-6,3.8009E-5,1.6624E-4,6.2014E-4,0.0019733,0.0053556,0.012398,0.024482,0.034119,0.041235,0.048584
700.0,6.4508E-6,3.3359E-5,1.4714E-4,5.5361E-4,0.0017766,0.0048631,0.011354,0.022612,0.031673,0.03841,0.04541
800.0,5.7105E-6,2.9749E-5,1.3219E-4,5.0103E-4,0.0016198,0.0044665,0.010506,0.021077,0.029653,0.036067,0.042766
1000.0,4.6412E-6,2.4478E-5,1.1012E-4,4.2253E-4,0.0013829,0.0038607,0.0091931,0.018672,0.026465,0.032348,0.038545
1200.0,3.9016E-6,2.0786E-5,9.4453E-5,3.661E-4,0.0012103,0.0034131,0.0082094,0.016843,0.024017,0.029474,0.035263
1500.0,3.1354E-6,1.6911E-5,7.7798E-5,3.0528E-4,0.0010218,0.0029172,0.0071037,0.014755,0.021196,0.026141,0.03143
SA2P0
r\m,4.0,4.5,5.0,5.5,6.0,6.5,7.0,7.5,7.8,8.0,8.2
0.0,0.0018623,0.0061132,0.0173,0.042208,0.088776,0.16097,0.25163,0.33909,0.37768,0.39394,0.40127
1.0,0.0018061,0.0059424,0.016855,0.041215,0.086882,0.15789,0.24737,0.33411,0.37264,0.38904,0.39663
5.0,0.0010489,0.0035922,0.010606,0.026996,0.059238,0.11206,0.18275,0.25694,0.29355,0.31142,0.32264
10.0,4.5516E-4,0.0016579,0.0052061,0.014094,0.032892,0.066177,0.11478,0.17164,0.20348,0.22126,0.23495
15.0,2.3471E-4,8.9775E-4,0.0029604,0.0084156,0.020624,0.043575,0.079367,0.12462,0.15214,0.1687,0.18268
20.0,1.4006E-4,5.5655E-4,0.0019065,0.0056303,0.014334,0.031462,0.05953,0.097107,0.12129,0.13656,0.15014
25.0,9.2327E-5,3.7833E-4,0.0013365,0.0040702,0.010686,0.024187,0.047196,0.079392,0.10101,0.11513,0.12815
30.0,6.5221E-5,2.742E-4,9.9382E-4,0.0031053,0.0083646,0.019425,0.038887,0.067115,0.086715,0.099859,0.1123
40.0,3.737E-5,1.6371E-4,6.1823E-4,0.0020128,0.0056493,0.013669,0.028514,0.051277,0.067906,0.079496,0.09088
50.0,2.415E-5,1.0926E-4,4.2611E-4,0.0014327,0.004153,0.010378,0.022357,0.041522,0.05606,0.06648,0.076986
60.0,1.7018E-5,7.9012E-5,3.1625E-4,0.0010913,0.0032463,0.0083254,0.018406,0.035082,0.048109,0.057645,0.067451
70.0,1.6925E-5,7.8875E-5,3.1689E-4,0.0010976,0.0032773,0.0084363,0.018722,0.035817,0.049227,0.059073,0.069225
80.0,1.6844E-5,7.8756E-5,3.1744E-4,0.0011031,0.0033044,0.0085337,0.018999,0.036467,0.050217,0.06034,0.070802
90.0,1.6774E-5,7.865E-5,3.1792E-4,0.0011079,0.0033285,0.0086206,0.019248,0.03705,0.051108,0.061481,0.072224
100.0,1.671E-5,7.8554E-5,3.1836E-4,0.0011123,0.0033501,0.008699,0.019473,0.037579,0.051919,0.06252,0.07352
110.0,1.6653E-5,7.8467E-5,3.1874E-4,0.0011162,0.0033698,0.0087705,0.019679,0.038065,0.052663,0.063476,0.074713
120.0,1.6585E-5,7.8315E-5,3.1881E-4,0.0011189,0.0033853,0.0088298,0.019855,0.038489,0.053319,0.064322,0.075774
130.0,1.5419E-5,7.3193E-5,2.9953E-4,0.0010568,0.0032141,0.0084277,0.01905,0.037124,0.051591,0.062369,0.073628
140.0,1.4412E-5,6.8748E-5,2.8272E-4,0.0010023,0.0030634,0.0080716,0.018335,0.035904,0.050041,0.060612,0.071694
150.0,1.3534E-5,6.4851E-5,2.679E-4,9.5411E-4,0.0029293,0.0077535,0.017692,0.034803,0.048639,0.059021,0.069939
175.0,1.1759E-5,5.6921E-5,2.3754E-4,8.5459E-4,0.0026505,0.0070869,0.016336,0.032462,0.045645,0.055613,0.066168
200.0,1.041E-5,5.0837E-5,2.1402E-4,7.7677E-4,0.0024304,0.0065557,0.015245,0.030561,0.043198,0.052817,0.063063
250.0,8.4917E-6,4.2081E-5,1.7978E-4,6.6214E-4,0.0021024,0.0057548,0.01358,0.027627,0.039396,0.048452,0.058191
300.0,7.1889E-6,3.6055E-5,1.5589E-4,5.811E-4,0.0018673,0.005173,0.012355,0.025437,0.036535,0.04515,0.054486
350.0,6.2441E-6,3.1636E-5,1.3818E-4,5.2032E-4,0.0016891,0.004727,0.011404,0.02372,0.034277,0.042531,0.051535
400.0,5.5263E-6,2.8247E-5,1.2447E-4,4.7281E-4,0.0015484,0.0043715,0.01064,0.022325,0.032432,0.040384,0.049105
450.0,4.9617E-6,2.5558E-5,1.135E-4,4.345E-4,0.001434,0.00408,0.010008,0.021162,0.030886,0.038578,0.047055
500.0,4.5055E-6,2.337E-5,1.045E-4,4.0284E-4,0.0013388,0.0038356,0.0094736,0.020172,0.029564,0.037029,0.045291
600.0,3.8125E-6,2.0014E-5,9.0574E-5,3.5337E-4,0.0011885,0.0034463,0.0086148,0.018565,0.027405,0.03449,0.042389
700.0,3.31E-6,1.7553E-5,8.0247E-5,3.1628E-4,0.0010746,0.0031478,0.0079488,0.017304,0.0257,0.032476,0.040076
800.0,2.9282E-6,1.5666E-5,7.2251E-5,2.8727E-4,9.8469E-4,0.0029098,0.0074128,0.01628,0.024306,0.030823,0.03817
1000.0,2.3853E-6,1.295E-5,6.0609E-5,2.4455E-4,8.5066E-4,0.0025509,0.0065946,0.014697,0.022138,0.028239,0.035176
1200.0,2.0164E-6,1.1079E-5,5.2482E-5,2.1432E-4,7.5449E-4,0.0022899,0.0059914,0.013514,0.020503,0.026279,0.032893
1500.0,1.6407E-6,9.1487E-6,4.3979E-5,1.8225E-4,6.5113E-4,0.0020054,0.0053249,0.012189,0.018656,0.024053,0.030284
SA3P0
r\m,4.0,4.5,5.0,5.5,6.0,6.5,7.0,7.5,7.8,8.0,8.2
0.0,8.8391E-4,0.0028396,0.0080337,0.020017,0.043924,0.084885,0.14447,0.21654,0.25972,0.28584,0.30825
1.0,8.5522E-4,0.0027543,0.007812,0.019513,0.042926,0.083163,0.14189,0.21321,0.25612,0.28215,0.30458
5.0,4.8103E-4,0.0016183,0.0047946,0.01251,0.028748,0.05818,0.10369,0.16276,0.2007,0.22499,0.24715
10.0,2.0361E-4,7.3113E-4,0.0023121,0.0064393,0.015794,0.034116,0.064901,0.10873,0.13943,0.16043,0.18089
15.0,1.04E-4,3.9296E-4,0.0013076,0.0038321,0.0098905,0.022481,0.045002,0.079336,0.10489,0.12318,0.14174
20.0,6.1794E-5,2.4289E-4,8.408E-4,0.0025633,0.0068821,0.016273,0.033886,0.062145,0.084129,0.10037,0.11734
25.0,4.0639E-5,1.649E-4,5.8924E-4,0.0018544,0.0051396,0.012545,0.026967,0.051053,0.070445,0.08512,0.10078
30.0,2.8667E-5,1.1944E-4,4.3825E-4,0.0014162,0.0040304,0.010102,0.022297,0.043344,0.060765,0.074205,0.088794
40.0,1.6399E-5,7.1283E-5,2.7288E-4,9.1996E-4,0.0027314,0.0071422,0.016447,0.033356,0.047967,0.059577,0.072508
50.0,1.0589E-5,4.758E-5,1.8829E-4,6.5619E-4,0.002014,0.005444,0.01296,0.02717,0.039857,0.050165,0.06187
60.0,7.4537E-6,3.4399E-5,1.3981E-4,5.0042E-4,0.0015775,0.0043793,0.010707,0.023055,0.034366,0.043719,0.054498
70.0,7.4252E-6,3.4344E-5,1.399E-4,5.0187E-4,0.0015856,0.0044118,0.010811,0.02333,0.034824,0.044341,0.055323
80.0,7.4009E-6,3.4298E-5,1.3998E-4,5.0316E-4,0.0015928,0.0044404,0.010902,0.023573,0.035227,0.04489,0.056051
90.0,7.3797E-6,3.4259E-5,1.4006E-4,5.0432E-4,0.0015992,0.0044659,0.010984,0.02379,0.035588,0.045381,0.056704
100.0,7.361E-6,3.4225E-5,1.4014E-4,5.0537E-4,0.001605,0.0044891,0.011058,0.023987,0.035916,0.045828,0.057297
110.0,7.3443E-6,3.4195E-5,1.4021E-4,5.0634E-4,0.0016103,0.0045102,0.011125,0.024168,0.036217,0.046237,0.057841
120.0,7.322E-6,3.4136E-5,1.4016E-4,5.0682E-4,0.001614,0.0045266,0.011181,0.024321,0.036475,0.046591,0.058316
130.0,6.7588E-6,3.1704E-5,1.3098E-4,4.7652E-4,0.0015268,0.0043085,0.010707,0.023434,0.035275,0.04517,0.056675
140.0,6.276E-6,2.9608E-5,1.2301E-4,4.5009E-4,0.0014504,0.004116,0.010287,0.022643,0.0342,0.043892,0.055198
150.0,5.8577E-6,2.7781E-5,1.1603E-4,4.268E-4,0.0013826,0.0039445,0.0099108,0.02193,0.033229,0.042736,0.053858
175.0,5.0212E-6,2.4096E-5,1.0184E-4,3.7906E-4,0.0012425,0.003587,0.0091197,0.020419,0.03116,0.040265,0.050984
200.0,4.3941E-6,2.1304E-5,9.0964E-5,3.4206E-4,0.0011328,0.0033039,0.0084862,0.019197,0.029475,0.038244,0.048623
250.0,3.5166E-6,1.7344E-5,7.5334E-5,2.8817E-4,9.7082E-4,0.0028803,0.007526,0.017318,0.026865,0.035097,0.044929
300.0,2.9321E-6,1.4665E-5,6.4595E-5,2.5057E-4,8.5603E-4,0.0025755,0.0068244,0.015925,0.024912,0.032728,0.042131
350.0,2.515E-6,1.2728E-5,5.6731E-5,2.2269E-4,7.6981E-4,0.0023437,0.0062839,0.014838,0.023377,0.030857,0.039911
400.0,2.2023E-6,1.1261E-5,5.0707E-5,2.0109E-4,7.0231E-4,0.0021602,0.0058516,0.01396,0.022128,0.029329,0.03809
450.0,1.9593E-6,1.0109E-5,4.5934E-5,1.8382E-4,6.4781E-4,0.0020107,0.005496,0.01323,0.021086,0.028049,0.03656
500.0,1.765E-6,9.1805E-6,4.2054E-5,1.6965E-4,6.0275E-4,0.001886,0.005197,0.012612,0.020199,0.026956,0.035248
600.0,1.4738E-6,7.7738E-6,3.6112E-5,1.4773E-4,5.3227E-4,0.0016889,0.0047195,0.011615,0.018758,0.025173,0.033103
700.0,1.266E-6,6.7571E-6,3.1762E-5,1.3149E-4,4.7937E-4,0.0015391,0.0043522,0.010838,0.017629,0.02377,0.031405
800.0,1.1103E-6,5.987E-6,2.8432E-5,1.1891E-4,4.3799E-4,0.0014208,0.0040588,0.010212,0.016712,0.022627,0.030018
1000.0,8.9247E-7,4.8956E-6,2.3651E-5,1.0062E-4,3.7703E-4,0.0012441,0.0036156,0.0092538,0.015301,0.020858,0.027862
1200.0,7.4735E-7,4.1574E-6,2.0367E-5,8.7876E-5,3.3391E-4,0.0011174,0.003293,0.008547,0.014251,0.019537,0.026243
1500.0,6.0239E-7,3.409E-6,1.699E-5,7.457E-5,2.8825E-4,9.8126E-4,0.0029419,0.0077676,0.013086,0.018062,0.024429
SA4P0
r\m,4.0,4.5,5.0,5.5,6.0,6.5,7.0,7.5,7.8,8.0,8.2
0.0,4.8705E-4,0.0015388,0.0043509,0.011008,0.024925,0.050504,0.091576,0.14859,0.18836,0.21577,0.24281
1.0,4.7202E-4,0.001495,0.004237,0.010746,0.024391,0.049542,0.090048,0.14647,0.18593,0.2132,0.24015
5.0,2.7134E-4,8.9689E-4,0.002653,0.0070225,0.016635,0.035263,0.066892,0.11355,0.14789,0.1725,0.19767
10.0,1.1672E-4,4.1177E-4,0.0012999,0.0036725,0.0092845,0.021005,0.042527,0.077048,0.10434,0.12492,0.14692
15.0,5.9949E-5,2.2264E-4,7.3995E-4,0.0022007,0.0058572,0.01395,0.029734,0.056712,0.079211,0.0968,0.11621
20.0,3.5692E-5,1.3797E-4,4.7725E-4,0.0014773,0.0040924,0.010145,0.022505,0.044677,0.063916,0.079369,0.096822
25.0,2.349E-5,9.3777E-5,3.3503E-4,0.0010711,0.0030643,0.0078454,0.017975,0.036853,0.053755,0.067618,0.083558
30.0,1.6573E-5,6.7965E-5,2.4943E-4,8.1917E-4,0.0024075,0.0063318,0.014902,0.031387,0.046526,0.059158,0.073894
40.0,9.4768E-6,4.0575E-5,1.5546E-4,5.3305E-4,0.0016356,0.004491,0.011035,0.024265,0.036911,0.047748,0.060679
50.0,6.1139E-6,2.7076E-5,1.073E-4,3.8055E-4,0.0012078,0.0034302,0.008718,0.019828,0.030779,0.040357,0.051984
60.0,4.3014E-6,1.9573E-5,7.9702E-5,2.9044E-4,9.4711E-4,0.0027639,0.0072177,0.016867,0.026612,0.035275,0.045933
70.0,4.2847E-6,1.9538E-5,7.9724E-5,2.9112E-4,9.5131E-4,0.0027819,0.0072798,0.017048,0.026931,0.035726,0.04656
80.0,4.2698E-6,1.9505E-5,7.9733E-5,2.9168E-4,9.5484E-4,0.0027973,0.0073333,0.017204,0.027207,0.036119,0.047105
90.0,4.2561E-6,1.9473E-5,7.9731E-5,2.9214E-4,9.5787E-4,0.0028106,0.00738,0.017341,0.02745,0.036464,0.047586
100.0,4.2435E-6,1.9443E-5,7.9722E-5,2.9252E-4,9.6049E-4,0.0028223,0.0074213,0.017463,0.027666,0.036773,0.048016
110.0,4.2318E-6,1.9414E-5,7.9706E-5,2.9284E-4,9.6278E-4,0.0028327,0.0074582,0.017573,0.027861,0.037051,0.048405
120.0,4.2162E-6,1.9367E-5,7.9609E-5,2.9284E-4,9.64E-4,0.0028398,0.0074861,0.01766,0.028021,0.037283,0.048731
130.0,3.8855E-6,1.7949E-5,7.4198E-5,2.7448E-4,9.0866E-4,0.0026919,0.0071364,0.016931,0.026955,0.035944,0.047087
140.0,3.6022E-6,1.6727E-5,6.9511E-5,2.5849E-4,8.6019E-4,0.0025616,0.0068267,0.01628,0.026001,0.034745,0.045612
150.0,3.3568E-6,1.5664E-5,6.5408E-5,2.4442E-4,8.1733E-4,0.0024459,0.0065499,0.015696,0.025142,0.033662,0.044276
175.0,2.8664E-6,1.3521E-5,5.7078E-5,2.1562E-4,7.2891E-4,0.0022051,0.0059697,0.014462,0.023316,0.031354,0.04142
200.0,2.4989E-6,1.1899E-5,5.0707E-5,1.9336E-4,6.5986E-4,0.0020151,0.0055069,0.013467,0.021835,0.029473,0.039082
250.0,1.9852E-6,9.6034E-6,4.1572E-5,1.6104E-4,5.5828E-4,0.0017319,0.0048081,0.011945,0.019551,0.026556,0.035437
300.0,1.6435E-6,8.0529E-6,3.5311E-5,1.3856E-4,4.8657E-4,0.001529,0.0042997,0.01082,0.017847,0.024367,0.032683
350.0,1.3997E-6,6.9337E-6,3.0736E-5,1.2193E-4,4.3284E-4,0.001375,0.003909,0.0099446,0.01651,0.02264,0.030499
400.0,1.2172E-6,6.0868E-6,2.7237E-5,1.0907E-4,3.9086E-4,0.0012534,0.0035971,0.0092376,0.015423,0.02123,0.028707
450.0,1.0755E-6,5.4229E-6,2.4469E-5,9.8803E-5,3.5702E-4,0.0011545,0.0033407,0.0086509,0.014516,0.020047,0.027198
500.0,9.6226E-7,4.8881E-6,2.2221E-5,9.0394E-5,3.2907E-4,0.001072,0.0031253,0.0081535,0.013742,0.019035,0.025903
600.0,7.927E-7,4.0789E-6,1.8782E-5,7.7396E-5,2.854E-4,9.4181E-4,0.0027812,0.0073498,0.012484,0.017381,0.023774
700.0,6.7187E-7,3.495E-6,1.6269E-5,6.7775E-5,2.5266E-4,8.4287E-4,0.0025163,0.0067223,0.011493,0.016071,0.022078
800.0,5.8143E-7,3.0532E-6,1.4347E-5,6.0334E-5,2.2705E-4,7.6461E-4,0.0023043,0.0062142,0.010684,0.014997,0.02068
1000.0,4.552E-7,2.4283E-6,1.1592E-5,4.952E-5,1.8931E-4,6.4765E-4,0.0019827,0.005432,0.0094282,0.013318,0.01848
1200.0,3.7132E-7,2.0065E-6,9.7025E-6,4.1986E-5,1.6259E-4,5.6344E-4,0.0017473,0.004849,0.0084815,0.012042,0.016797
1500.0,2.8782E-7,1.58E-6,7.7616E-6,3.4121E-5,1.3423E-4,4.7256E-4,0.0014888,0.0041972,0.0074112,0.010589,0.014863
SA5P0
r\m,4.0,4.5,5.0,5.5,6.0,6.5,7.0,7.5,7.8,8.0,8.2
0.0,2.9308E-4,9.3382E-4,0.0026832,0.0069527,0.016247,0.034236,0.06506,0.11149,0.14658,0.17231,0.19923
1.0,2.8442E-4,9.0833E-4,0.002616,0.0067943,0.015913,0.033612,0.064022,0.10997,0.14478,0.17035,0.19715
5.0,1.6642E-4,5.5397E-4,0.001663,0.0045018,0.01099,0.024195,0.048035,0.086002,0.11607,0.13886,0.16339
10.0,7.2489E-5,2.5731E-4,8.2367E-4,0.0023777,0.0061898,0.014531,0.030763,0.058733,0.082384,0.10112,0.12208
15.0,3.7355E-5,1.3957E-4,4.7024E-4,0.0014288,0.0039151,0.0096741,0.021557,0.04332,0.062661,0.078504,0.096739
20.0,2.2252E-5,8.6531E-5,3.0345E-4,9.5966E-4,0.0027369,0.0070389,0.016325,0.034145,0.05059,0.064403,0.080644
25.0,1.4638E-5,5.8793E-5,2.1295E-4,6.9559E-4,0.002049,0.0054428,0.013038,0.028166,0.042548,0.054871,0.069602
30.0,1.0319E-5,4.258E-5,1.5845E-4,5.317E-4,0.001609,0.0043909,0.010806,0.023982,0.036819,0.047998,0.061544
40.0,5.8897E-6,2.5377E-5,9.8601E-5,3.4549E-4,0.0010917,0.0031109,0.0079941,0.018525,0.029189,0.038715,0.050507
50.0,3.7923E-6,1.6903E-5,6.7942E-5,2.4628E-4,8.0503E-4,0.0023731,0.0063085,0.015123,0.024318,0.032695,0.043235
60.0,2.6643E-6,1.2203E-5,5.0401E-5,1.8773E-4,6.3058E-4,0.0019101,0.0052177,0.012853,0.021008,0.028554,0.038173
70.0,2.6532E-6,1.2174E-5,5.0371E-5,1.8795E-4,6.3245E-4,0.0019192,0.0052518,0.01296,0.021206,0.028843,0.038586
80.0,2.6429E-6,1.2145E-5,5.0331E-5,1.8809E-4,6.3389E-4,0.0019265,0.0052801,0.01305,0.021373,0.029087,0.038938
90.0,2.6332E-6,1.2117E-5,5.0282E-5,1.8817E-4,6.3501E-4,0.0019326,0.0053039,0.013127,0.021516,0.029298,0.039241
100.0,2.624E-6,1.2089E-5,5.0228E-5,1.8819E-4,6.3588E-4,0.0019376,0.0053241,0.013193,0.02164,0.029481,0.039506
110.0,2.6151E-6,1.2062E-5,5.0169E-5,1.8818E-4,6.3654E-4,0.0019417,0.0053413,0.01325,0.021748,0.029643,0.039739
120.0,2.6036E-6,1.2021E-5,5.0055E-5,1.8795E-4,6.3645E-4,0.0019435,0.005352,0.013291,0.021829,0.029766,0.039922
130.0,2.3929E-6,1.1109E-5,4.6505E-5,1.7557E-4,5.9775E-4,0.0018352,0.0050813,0.012687,0.020905,0.028567,0.038397
140.0,2.2127E-6,1.0324E-5,4.3436E-5,1.6481E-4,5.6392E-4,0.0017401,0.004842,0.01215,0.020081,0.027496,0.037032
150.0,2.0568E-6,9.6413E-6,4.0755E-5,1.5536E-4,5.3407E-4,0.0016557,0.0046286,0.011669,0.01934,0.026531,0.035798
175.0,1.746E-6,8.2701E-6,3.5325E-5,1.3607E-4,4.7267E-4,0.0014807,0.0041828,0.010656,0.017771,0.024481,0.03317
200.0,1.5139E-6,7.2356E-6,3.1187E-5,1.2122E-4,4.249E-4,0.0013431,0.0038287,0.0098422,0.016503,0.022816,0.031027
250.0,1.1906E-6,5.7771E-6,2.5279E-5,9.9753E-5,3.5498E-4,0.0011392,0.0032967,0.0086035,0.014558,0.020248,0.027702
300.0,9.765E-7,4.797E-6,2.1251E-5,8.49E-5,3.0587E-4,9.9376E-4,0.0029116,0.007693,0.013114,0.01833,0.025202
350.0,8.2444E-7,4.0925E-6,1.832E-5,7.3959E-5,2.6925E-4,8.8395E-4,0.002617,0.0069872,0.011985,0.016823,0.023226
400.0,7.1098E-7,3.5614E-6,1.6088E-5,6.5534E-5,2.4075E-4,7.9755E-4,0.0023827,0.0064193,0.011071,0.015596,0.02161
450.0,6.2316E-7,3.1465E-6,1.4327E-5,5.883E-5,2.1785E-4,7.2747E-4,0.0021907,0.0059494,0.01031,0.01457,0.020253
500.0,5.5321E-7,2.8133E-6,1.2902E-5,5.3356E-5,1.9899E-4,6.6926E-4,0.0020299,0.005552,0.0096625,0.013694,0.01909
600.0,4.4892E-7,2.3113E-6,1.0731E-5,4.4931E-5,1.6965E-4,5.7767E-4,0.0017738,0.004912,0.0086122,0.012266,0.017184
700.0,3.7501E-7,1.951E-6,9.1535E-6,3.8728E-5,1.4776E-4,5.0842E-4,0.0015776,0.0044143,0.0077883,0.011139,0.01567
800.0,3.2E-7,1.6799E-6,7.9531E-6,3.3955E-5,1.3073E-4,4.5389E-4,0.0014212,0.0040128,0.0071184,0.010218,0.014426
1000.0,2.4377E-7,1.2992E-6,6.2444E-6,2.7065E-5,1.0579E-4,3.729E-4,0.0011853,0.0033979,0.0060825,0.0087838,0.012477
1200.0,1.9364E-7,1.0449E-6,5.0843E-6,2.2311E-5,8.8293E-5,3.1509E-4,0.001014,0.002943,0.0053073,0.0077024,0.010995
1500.0,1.4437E-7,7.9091E-7,3.9073E-6,1.7408E-5,6.9938E-5,2.5339E-4,8.2791E-4,0.0024394,0.0044393,0.0064818,0.0093088
SA7P5
r\m,4.0,4.5,5.0,5.5,6.0,6.5,7.0,7.5,7.8,8.0,8.2
0.0,1.0026E-4,3.3178E-4,9.9622E-4,0.0027143,0.0067105,0.015054,0.030644,0.056602,0.078067,0.094867,0.1135
1.0,9.7454E-5,3.2322E-4,9.7276E-4,0.0026564,0.0065825,0.014801,0.030197,0.055904,0.07721,0.093912,0.11246
5.0,5.8385E-5,2.0179E-4,6.3286E-4,0.0018009,0.0046504,0.010896,0.023167,0.044693,0.063272,0.078238,0.095251
10.0,2.6059E-5,9.6102E-5,3.2159E-4,9.765E-4,0.0026905,0.0067265,0.01526,0.031412,0.046235,0.058674,0.073311
15.0,1.3615E-5,5.2898E-5,1.8649E-4,5.9661E-4,0.0017318,0.0045617,0.010903,0.023645,0.03591,0.046532,0.059365
20.0,8.1823E-6,3.3118E-5,1.2163E-4,4.0535E-4,0.0012258,0.0033634,0.0083742,0.01892,0.029446,0.038786,0.050299
25.0,5.4173E-6,2.2664E-5,8.6039E-5,2.9638E-4,9.2638E-4,0.0026274,0.0067619,0.015791,0.02507,0.033461,0.043971
30.0,3.8381E-6,1.6507E-5,6.442E-5,2.2813E-4,7.3303E-4,0.0021373,0.0056546,0.013575,0.021912,0.029571,0.039291
40.0,2.2069E-6,9.9217E-6,4.0475E-5,1.4982E-4,5.0324E-4,0.0015338,0.0042417,0.010644,0.017645,0.024238,0.032782
50.0,1.4287E-6,6.6503E-6,2.8089E-5,1.0765E-4,3.7439E-4,0.0011814,0.0033829,0.0087897,0.014877,0.020723,0.02842
60.0,1.0085E-6,4.8268E-6,2.0963E-5,8.2614E-5,2.9542E-4,9.5858E-4,0.0028224,0.0075404,0.012978,0.01828,0.02535
70.0,1.0133E-6,4.8562E-6,2.1119E-5,8.3337E-5,2.984E-4,9.6954E-4,0.0028584,0.0076468,0.013171,0.018562,0.025756
80.0,1.017E-6,4.8798E-6,2.1246E-5,8.3935E-5,3.0089E-4,9.7874E-4,0.0028889,0.0077371,0.013336,0.018803,0.026102
90.0,1.02E-6,4.8989E-6,2.1351E-5,8.4435E-5,3.0299E-4,9.8658E-4,0.0029149,0.0078149,0.013478,0.019011,0.026402
100.0,1.0223E-6,4.9145E-6,2.1438E-5,8.4858E-5,3.0478E-4,9.9332E-4,0.0029375,0.0078826,0.013603,0.019193,0.026664
110.0,1.0241E-6,4.9272E-6,2.1511E-5,8.5217E-5,3.0633E-4,9.9916E-4,0.0029572,0.007942,0.013712,0.019354,0.026896
120.0,1.0241E-6,4.9313E-6,2.1547E-5,8.543E-5,3.0735E-4,0.0010033,0.002972,0.0079883,0.013799,0.019483,0.027085
130.0,9.3798E-7,4.5437E-6,1.9972E-5,7.9661E-5,2.8831E-4,9.468E-4,0.0028214,0.0076288,0.013225,0.018718,0.026082
140.0,8.645E-7,4.211E-6,1.8613E-5,7.4648E-5,2.7166E-4,8.9708E-4,0.002688,0.0073085,0.012712,0.018031,0.025182
150.0,8.011E-7,3.9223E-6,1.7426E-5,7.0249E-5,2.5697E-4,8.5295E-4,0.002569,0.0070209,0.012249,0.017411,0.024366
175.0,6.7512E-7,3.3437E-6,1.5027E-5,6.1281E-5,2.2676E-4,7.6137E-4,0.0023197,0.0064129,0.011266,0.016087,0.022617
200.0,5.8148E-7,2.9088E-6,1.3204E-5,5.4383E-5,2.0325E-4,6.8928E-4,0.0021211,0.0059226,0.010467,0.015006,0.021181
250.0,4.5188E-7,2.2985E-6,1.0608E-5,4.4428E-5,1.6883E-4,5.8218E-4,0.0018216,0.0051719,0.0092322,0.013324,0.018933
300.0,3.6666E-7,1.8906E-6,8.8455E-6,3.7553E-5,1.4466E-4,5.0567E-4,0.0016039,0.0046162,0.0083079,0.012056,0.017224
350.0,3.0653E-7,1.5988E-6,7.567E-6,3.2497E-5,1.2664E-4,4.4779E-4,0.0014368,0.004183,0.0075804,0.011051,0.015861
400.0,2.6191E-7,1.3798E-6,6.5959E-6,2.861E-5,1.1261E-4,4.0218E-4,0.0013033,0.0038326,0.0069872,0.010227,0.014737
450.0,2.2755E-7,1.2094E-6,5.8324E-6,2.5522E-5,1.0134E-4,3.6514E-4,0.0011938,0.0035414,0.0064905,0.0095331,0.013786
500.0,2.0032E-7,1.0731E-6,5.2159E-6,2.3005E-5,9.2069E-5,3.3435E-4,0.0011017,0.0032942,0.006066,0.0089378,0.012966
600.0,1.5999E-7,8.688E-7,4.2809E-6,1.914E-5,7.765E-5,2.8585E-4,9.5486E-4,0.0028942,0.0053732,0.0079601,0.011611
700.0,1.3166E-7,7.232E-7,3.6047E-6,1.6303E-5,6.6909E-5,2.4917E-4,8.4195E-4,0.0025815,0.0048259,0.0071824,0.010525
800.0,1.1073E-7,6.1435E-7,3.0929E-6,1.4129E-5,5.8566E-5,2.2028E-4,7.5181E-4,0.0023283,0.0043786,0.0065427,0.0096256
1000.0,8.2062E-8,4.6295E-7,2.3698E-6,1.1008E-5,4.6396E-5,1.7744E-4,6.1578E-4,0.0019391,0.0036832,0.0055405,0.0082058
1200.0,6.3493E-8,3.6311E-7,1.8843E-6,8.8726E-6,3.791E-5,1.4698E-4,5.1706E-4,0.0016505,0.003161,0.0047809,0.0071194
1500.0,4.5578E-8,2.6505E-7,1.3986E-6,6.6963E-6,2.9093E-5,1.1469E-4,4.1027E-4,0.0013317,0.0025761,0.0039223,0.0058801
SA10P0
r\m,4.0,4.5,5.0,5.5,6.0,6.5,7.0,7.5,7.8,8.0,8.2
0.0,5.4424E-5,1.8338E-4,5.6096E-4,0.001558,0.0039284,0.008993,0.018691,0.035269,0.049284,0.060421,0.072938
1.0,5.2808E-5,1.7837E-4,5.47E-4,0.0015229,0.0038495,0.0088342,0.018406,0.034818,0.048725,0.059795,0.072254
5.0,3.0851E-5,1.0889E-4,3.4894E-4,0.0010152,0.0026815,0.0064305,0.014001,0.027674,0.039765,0.049665,0.061078
10.0,1.3437E-5,5.0764E-5,1.7412E-4,5.4219E-4,0.0015329,0.0039345,0.0091687,0.019398,0.029033,0.037261,0.047086
15.0,6.9302E-6,2.7637E-5,1.0006E-4,3.2891E-4,9.8156E-4,0.0026595,0.006542,0.01461,0.022588,0.029624,0.038255
20.0,4.1312E-6,1.7185E-5,6.4903E-5,2.2254E-4,6.9278E-4,0.001958,0.0050241,0.011704,0.01856,0.024755,0.032512
25.0,2.719E-6,1.1703E-5,4.5732E-5,1.6225E-4,5.226E-4,0.0015283,0.0040575,0.0097805,0.01583,0.021404,0.028497
30.0,1.9173E-6,8.4905E-6,3.4136E-5,1.246E-4,4.1293E-4,0.0012424,0.0033937,0.0084165,0.013857,0.018951,0.025519
40.0,1.0943E-6,5.0722E-6,2.1344E-5,8.1544E-5,2.8284E-4,8.907E-4,0.0025465,0.0066101,0.011185,0.015578,0.021363
50.0,7.0431E-7,3.3833E-6,1.4755E-5,5.8424E-5,2.1002E-4,6.8546E-4,0.0020311,0.005464,0.0094458,0.013345,0.018566
60.0,4.9477E-7,2.4457E-6,1.0976E-5,4.4723E-5,1.6544E-4,5.5564E-4,0.0016942,0.0046902,0.0082486,0.011788,0.016588
70.0,5.0544E-7,2.4979E-6,1.1208E-5,4.5656E-5,1.6885E-4,5.6697E-4,0.0017284,0.0047836,0.0084117,0.01202,0.016913
80.0,5.1459E-7,2.5426E-6,1.1406E-5,4.6454E-5,1.7177E-4,5.7664E-4,0.0017575,0.0048633,0.0085508,0.012218,0.01719
90.0,5.2253E-7,2.5814E-6,1.1578E-5,4.7146E-5,1.743E-4,5.8502E-4,0.0017828,0.0049323,0.0086711,0.012389,0.017429
100.0,5.2949E-7,2.6154E-6,1.1729E-5,4.7751E-5,1.7651E-4,5.9235E-4,0.0018048,0.0049925,0.0087761,0.012538,0.017638
110.0,5.3565E-7,2.6454E-6,1.1861E-5,4.8286E-5,1.7846E-4,5.9881E-4,0.0018242,0.0050454,0.0088685,0.012669,0.017822
120.0,5.404E-7,2.6687E-6,1.1965E-5,4.8707E-5,1.8001E-4,6.0398E-4,0.0018399,0.0050885,0.0089439,0.012777,0.017972
130.0,4.955E-7,2.4613E-6,1.11E-5,4.5449E-5,1.6895E-4,5.702E-4,0.0017471,0.0048603,0.0085728,0.012275,0.017307
140.0,4.571E-7,2.2829E-6,1.0351E-5,4.2613E-5,1.5926E-4,5.4042E-4,0.0016649,0.0046566,0.0082401,0.011825,0.016708
150.0,4.239E-7,2.1277E-6,9.6965E-6,4.0118E-5,1.507E-4,5.1394E-4,0.0015913,0.0044732,0.0079395,0.011416,0.016163
175.0,3.5772E-7,1.8159E-6,8.3689E-6,3.5017E-5,1.3303E-4,4.588E-4,0.0014366,0.0040841,0.007298,0.010541,0.014992
200.0,3.0833E-7,1.5805E-6,7.3555E-6,3.1078E-5,1.1922E-4,4.1521E-4,0.0013129,0.0037688,0.0067742,0.0098227,0.014025
250.0,2.3965E-7,1.2486E-6,5.9063E-6,2.5365E-5,9.8901E-5,3.501E-4,0.0011252,0.0032832,0.0059592,0.0086975,0.012499
300.0,1.9424E-7,1.0256E-6,4.9166E-6,2.1398E-5,8.455E-5,3.0332E-4,9.8789E-4,0.0029212,0.0053447,0.0078423,0.01133
350.0,1.6208E-7,8.6546E-7,4.1958E-6,1.8468E-5,7.3798E-5,2.6774E-4,8.819E-4,0.0026373,0.004858,0.0071603,0.010392
400.0,1.3813E-7,7.4485E-7,3.6464E-6,1.6207E-5,6.54E-5,2.396E-4,7.9693E-4,0.0024066,0.004459,0.0065979,0.0096131
450.0,1.1965E-7,6.5077E-7,3.2134E-6,1.4406E-5,5.8634E-5,2.1667E-4,7.2689E-4,0.002214,0.0041235,0.0061225,0.0089511
500.0,1.0498E-7,5.7538E-7,2.8631E-6,1.2934E-5,5.3052E-5,1.9755E-4,6.6789E-4,0.00205,0.0038358,0.0057128,0.008378
600.0,8.3208E-8,4.6216E-7,2.3306E-6,1.067E-5,4.435E-5,1.6737E-4,5.7342E-4,0.0017837,0.0033642,0.0050372,0.0074266
700.0,6.7892E-8,3.8137E-7,1.9449E-6,9.0051E-6,3.7855E-5,1.4447E-4,5.0058E-4,0.0015747,0.0029902,0.0044976,0.0066609
800.0,5.6584E-8,3.2096E-7,1.6529E-6,7.7282E-6,3.2805E-5,1.2643E-4,4.4236E-4,0.0014052,0.002684,0.0040528,0.0060257
1000.0,4.1124E-8,2.371E-7,1.2411E-6,5.8982E-6,2.5449E-5,9.9689E-5,3.5454E-4,0.0011448,0.002208,0.0033558,0.0050221
1200.0,3.1166E-8,1.821E-7,9.6599E-7,4.6524E-6,2.0343E-5,8.0758E-5,2.9106E-4,9.5242E-4,0.0018518,0.0028295,0.004257
1500.0,2.1654E-8,1.2861E-7,6.9346E-7,3.3948E-6,1.5088E-5,6.0884E-5,2.2305E-4,7.4187E-4,0.0014566,0.0022403,0.0033926
