PGA
r\m,4.0,4.5,5.0,5.5,6.0,6.5,7.0,7.5,7.8,8.0,8.2
0.0,0.55822,0.8527,1.2219,1.6442,2.0628,2.4482,2.8068,3.0101,3.0342,3.0212,3.0064
1.0,0.48859,0.77088,1.1403,1.5832,2.0438,2.4763,2.8627,3.0575,3.0654,3.0408,3.0139
5.0,0.25168,0.4516,0.74767,1.1503,1.617,2.086,2.5072,2.7352,2.768,2.7618,2.747
10.0,0.13056,0.2319,0.40658,0.67791,1.0394,1.4569,1.8718,2.1226,2.2112,2.254,2.2877
15.0,0.06466,0.12072,0.22237,0.39345,0.64763,0.97429,1.3244,1.6202,1.7383,1.8034,1.8623
20.0,0.037232,0.072952,0.13962,0.25818,0.44505,0.70255,0.99755,1.2769,1.4049,1.4814,1.5506
25.0,0.024024,0.048707,0.095307,0.18127,0.32273,0.52743,0.77674,1.0358,1.1638,1.2451,1.3242
30.0,0.016923,0.035071,0.069716,0.13541,0.24657,0.41353,0.62697,0.86118,0.98651,1.0677,1.1486
40.0,0.0097713,0.020875,0.042558,0.085429,0.16025,0.27818,0.44013,0.63323,0.74134,0.81409,0.88858
50.0,0.0063435,0.013855,0.028798,0.059271,0.1139,0.20323,0.33153,0.49322,0.58741,0.65288,0.72133
60.0,0.0046213,0.010259,0.021592,0.045189,0.088603,0.1615,0.26898,0.40866,0.49172,0.55031,0.61228
70.0,0.0036447,0.0081764,0.017342,0.036785,0.073147,0.13517,0.22849,0.3538,0.42985,0.48465,0.54328
80.0,0.003067,0.0069413,0.014837,0.031816,0.063928,0.11938,0.20425,0.3196,0.39021,0.44135,0.49633
90.0,0.0026238,0.0059832,0.012863,0.027866,0.056544,0.10669,0.18441,0.29123,0.35697,0.40472,0.45624
100.0,0.002271,0.005217,0.011281,0.02466,0.050529,0.096147,0.16762,0.26716,0.32847,0.3733,0.42181
110.0,0.0019871,0.0045948,0.0099858,0.02199,0.045376,0.086958,0.15262,0.24473,0.30164,0.34339,0.38869
120.0,0.0017523,0.0040784,0.0089083,0.019749,0.041043,0.079135,0.13972,0.22541,0.27846,0.31747,0.35991
130.0,0.0015238,0.0035713,0.0078487,0.017553,0.036755,0.071403,0.127,0.2064,0.25576,0.29221,0.33197
140.0,0.0013297,0.003139,0.0069453,0.015652,0.033012,0.064564,0.11565,0.18914,0.23512,0.26916,0.30636
150.0,0.0011616,0.0027602,0.0061426,0.013941,0.029601,0.058359,0.10522,0.17309,0.21592,0.24797,0.28314
175.0,8.4798E-4,0.0020457,0.0046186,0.010682,0.023086,0.046274,0.084617,0.1411,0.17746,0.20472,0.23481
200.0,6.3669E-4,0.0015605,0.0035753,0.0084129,0.018438,0.037434,0.069313,0.11704,0.14832,0.17196,0.19822
250.0,3.9116E-4,9.8831E-4,0.0023227,0.0056081,0.012554,0.025877,0.049048,0.085123,0.10946,0.12816,0.14919
300.0,2.573E-4,6.6856E-4,0.0016108,0.0039696,0.0090055,0.018917,0.036831,0.065266,0.084654,0.099653,0.11667
350.0,1.7758E-4,4.7255E-4,0.0011632,0.0029225,0.0067684,0.014462,0.028637,0.051659,0.067629,0.080166,0.094472
400.0,1.2687E-4,3.4587E-4,8.696E-4,0.0022206,0.0052255,0.011378,0.022898,0.041937,0.055421,0.066039,0.078232
450.0,9.5769E-5,2.6815E-4,6.9252E-4,0.0017789,0.0042118,0.0092077,0.018623,0.034466,0.045865,0.054841,0.065188
500.0,7.3544E-5,2.1087E-4,5.5725E-4,0.0014447,0.0034421,0.0075713,0.015453,0.028769,0.038486,0.046222,0.055182
600.0,4.5376E-5,1.3533E-4,3.718E-4,9.8316E-4,0.0023926,0.005355,0.011012,0.020642,0.028102,0.034053,0.041159
700.0,2.8895E-5,8.968E-5,2.5556E-4,6.9245E-4,0.0017098,0.0038686,0.0080296,0.01523,0.020921,0.025553,0.03101
800.0,1.9181E-5,6.1288E-5,1.7977E-4,4.9639E-4,0.001254,0.0028824,0.0060642,0.011581,0.016048,0.019707,0.024039
1000.0,8.946E-6,3.0143E-5,9.3112E-5,2.6701E-4,6.9721E-4,0.0016605,0.0035793,0.006894,0.0096775,0.011952,0.014641
1200.0,4.3545E-6,1.5211E-5,4.8421E-5,1.4558E-4,3.9341E-4,9.623E-4,0.0021201,0.0041748,0.0059103,0.0073424,0.0090432
1500.0,1.5186E-6,5.583E-6,1.8695E-5,5.8674E-5,1.6606E-4,4.2636E-4,9.7719E-4,0.0019861,0.002857,0.0035801,0.0044406
PGV
r\m,4.0,4.5,5.0,5.5,6.0,6.5,7.0,7.5,7.8,8.0,8.2
0.0,2.8004,6.8454,15.255,29.064,49.599,79.471,124.08,178.78,213.7,237.74,261.67
1.0,2.4338,6.1213,14.025,27.49,48.102,78.389,123.2,177.37,211.21,234.15,256.66
5.0,1.4284,3.8633,9.6298,20.757,39.376,67.874,110.1,161.7,193.52,215.13,236.47
10.0,0.90849,2.2974,5.8204,13.147,26.73,49.721,85.89,130.38,160.46,182.25,205.32
15.0,0.46997,1.2439,3.3183,7.9351,17.306,34.644,63.053,102.3,130.03,150.57,172.87
20.0,0.26976,0.76453,2.1448,5.3775,12.369,26.023,49.363,83.839,109.42,128.88,150.03
25.0,0.17648,0.52592,1.5214,3.9425,9.3876,20.443,40.155,71.162,94.775,113.26,134.03
30.0,0.12623,0.38919,1.1544,3.0619,7.4749,16.724,33.938,61.868,83.961,101.4,121.23
40.0,0.074969,0.2429,0.74865,2.0669,5.231,12.124,25.747,49.338,68.424,83.812,101.62
50.0,0.050282,0.16868,0.53494,1.5223,3.9618,9.4325,20.771,41.423,58.251,72.024,88.131
60.0,0.037246,0.12805,0.4145,1.2058,3.2085,7.8084,17.587,35.88,51.208,63.982,79.117
70.0,0.031517,0.10972,0.35766,1.0496,2.8172,6.9257,15.73,32.541,46.768,58.663,72.826
80.0,0.027999,0.098052,0.32131,0.94894,2.5671,6.352,14.572,30.332,43.682,54.889,68.259
90.0,0.025277,0.08895,0.29267,0.86964,2.366,5.9036,13.602,28.47,41.071,51.627,64.221
100.0,0.023022,0.081385,0.26884,0.8031,2.2017,5.5219,12.783,26.867,38.781,48.812,60.797
110.0,0.021145,0.075054,0.2488,0.74846,2.0618,5.2169,12.128,25.511,36.887,46.473,57.942
120.0,0.019488,0.069577,0.23186,0.70082,1.9467,4.9473,11.508,24.311,35.203,44.4,55.416
130.0,0.017433,0.062789,0.2111,0.64594,1.8118,4.6354,10.884,23.21,33.771,42.745,53.54
140.0,0.015628,0.0569,0.19328,0.5971,1.6848,4.3511,10.31,22.185,32.45,41.208,51.778
150.0,0.014085,0.051704,0.17701,0.55287,1.5735,4.1165,9.838,21.337,31.36,39.973,50.419
175.0,0.011066,0.041463,0.14483,0.46214,1.3474,3.6013,8.7656,19.373,28.761,36.866,46.764
200.0,0.0089164,0.033994,0.12062,0.39179,1.1649,3.1733,7.8491,17.635,26.395,34.033,43.426
250.0,0.0061518,0.02419,0.088414,0.29468,0.90196,2.5328,6.4284,14.898,22.89,29.918,38.656
300.0,0.0045108,0.018145,0.067838,0.23134,0.72695,2.0878,5.463,12.978,20.071,26.452,34.501
350.0,0.0034234,0.014068,0.053755,0.18892,0.60338,1.766,4.7121,11.43,17.902,23.841,31.417
400.0,0.0026442,0.011195,0.044005,0.15738,0.51138,1.5169,4.1261,10.172,16.144,21.645,28.718
450.0,0.0021365,0.0092377,0.037132,0.13416,0.44056,1.3267,3.644,9.0696,14.544,19.696,26.393
500.0,0.0017516,0.0077148,0.031603,0.11551,0.38518,1.1704,3.2428,8.1447,13.229,18.013,24.269
600.0,0.00122,0.0055659,0.023613,0.088494,0.3022,0.93788,2.6382,6.7329,11.048,15.144,20.543
700.0,8.8402E-4,0.0041545,0.018151,0.069602,0.24092,0.75602,2.1591,5.5958,9.3401,12.949,17.762
800.0,6.5699E-4,0.0031712,0.014229,0.055763,0.19683,0.6285,1.8111,4.7376,7.9891,11.151,15.401
1000.0,3.9267E-4,0.0019716,0.0092121,0.037319,0.13609,0.44701,1.3261,3.5722,6.18,8.7729,12.311
1200.0,2.3475E-4,0.0012216,0.0059183,0.024855,0.093007,0.31312,0.95388,2.6384,4.6397,6.6577,9.4525
1500.0,1.176E-4,6.3948E-4,0.0032418,0.014254,0.055453,0.1937,0.61161,1.7527,3.158,4.6045,6.6426
SA0P01
r\m,4.0,4.5,5.0,5.5,6.0,6.5,7.0,7.5,7.8,8.0,8.2
0.0,0.58112,0.88317,1.2605,1.6905,2.1177,2.5131,2.8849,3.0974,3.1272,3.1171,3.1038
1.0,0.5094,0.79962,1.178,1.6303,2.1017,2.5464,2.9474,3.1511,3.164,3.1419,3.1159
5.0,0.26174,0.46816,0.77302,1.1863,1.6664,2.1506,2.5868,2.8233,2.8618,2.8584,2.8451
10.0,0.13551,0.23994,0.41977,0.69863,1.0703,1.5007,1.9318,2.194,2.2888,2.3349,2.3714
15.0,0.067069,0.12485,0.22952,0.40538,0.66681,1.0039,1.3675,1.676,1.8013,1.8706,1.9334
20.0,0.038621,0.075439,0.144,0.26574,0.45804,0.72393,1.0302,1.3212,1.4563,1.5372,1.6106
25.0,0.024921,0.050331,0.098225,0.18642,0.33188,0.54317,0.80186,1.0715,1.2063,1.2918,1.375
30.0,0.017549,0.036222,0.07181,0.13918,0.25343,0.42567,0.64684,0.89043,1.022,1.1073,1.1923
40.0,0.01013,0.021548,0.043796,0.087709,0.16457,0.28622,0.45375,0.65409,0.76721,0.84341,0.92142
50.0,0.0065734,0.014293,0.029617,0.060809,0.11689,0.20895,0.34146,0.50878,0.60724,0.67576,0.74745
60.0,0.0047862,0.010577,0.022192,0.04634,0.090882,0.16593,0.27677,0.42108,0.50774,0.56898,0.6338
70.0,0.0037682,0.0084177,0.017801,0.037672,0.074926,0.13868,0.23475,0.36396,0.44314,0.50026,0.56141
80.0,0.0031696,0.0071423,0.01522,0.032563,0.065444,0.1224,0.20968,0.32849,0.40185,0.45507,0.51231
90.0,0.0027104,0.0061537,0.013189,0.028507,0.057854,0.10932,0.18916,0.29906,0.36727,0.4169,0.47049
100.0,0.0023448,0.005363,0.011562,0.025214,0.051673,0.098464,0.17182,0.2741,0.33764,0.38417,0.43456
110.0,0.0020505,0.0047208,0.010229,0.022473,0.046378,0.088999,0.15633,0.25086,0.30976,0.35305,0.40005
120.0,0.0018072,0.0041879,0.0091205,0.020173,0.041927,0.080944,0.14301,0.23084,0.28569,0.32609,0.37006
130.0,0.0015706,0.003665,0.0080313,0.01792,0.037524,0.072981,0.12988,0.2112,0.26217,0.29985,0.34097
140.0,0.0013698,0.0032198,0.007103,0.015971,0.033683,0.065946,0.11818,0.19338,0.24079,0.27592,0.31434
150.0,0.0011956,0.0028288,0.0062771,0.014214,0.03018,0.059554,0.10742,0.17679,0.22087,0.25388,0.29011
175.0,8.7112E-4,0.002093,0.004712,0.010873,0.023494,0.047119,0.086197,0.14379,0.1811,0.2091,0.24003
200.0,6.5304E-4,0.0015941,0.0036417,0.0085503,0.018733,0.038049,0.070489,0.11908,0.15108,0.17528,0.20217
250.0,3.9975E-4,0.0010063,0.0023587,0.0056828,0.012717,0.026234,0.04974,0.08632,0.11107,0.13009,0.15146
300.0,2.6219E-4,6.7883E-4,0.0016315,0.0040128,0.0091042,0.019135,0.037248,0.065977,0.085618,0.10081,0.11806
350.0,1.8047E-4,4.787E-4,0.0011757,0.0029489,0.0068282,0.014596,0.02889,0.052097,0.068222,0.080884,0.095326
400.0,1.2864E-4,3.4967E-4,8.774E-4,0.0022372,0.0052634,0.011461,0.023058,0.042211,0.055794,0.066487,0.078764
450.0,9.6929E-5,2.7069E-4,6.978E-4,0.0017901,0.0042371,0.0092638,0.018729,0.034643,0.046104,0.055126,0.065524
500.0,7.4318E-5,2.1258E-4,5.6087E-4,0.0014523,0.0034595,0.0076095,0.015523,0.028883,0.03864,0.046404,0.055395
600.0,4.5712E-5,1.361E-4,3.7344E-4,9.8657E-4,0.0024003,0.0053716,0.011042,0.020689,0.028163,0.034124,0.041239
700.0,2.9058E-5,9.0051E-5,2.5637E-4,6.9413E-4,0.0017136,0.0038766,0.0080433,0.01525,0.020946,0.025582,0.031042
800.0,1.9261E-5,6.1475E-5,1.8018E-4,4.9723E-4,0.0012558,0.002886,0.00607,0.011589,0.016057,0.019717,0.024049
1000.0,8.9698E-6,3.0199E-5,9.323E-5,2.6724E-4,6.9766E-4,0.0016613,0.0035802,0.0068948,0.009678,0.011953,0.01464
1200.0,4.3603E-6,1.5224E-5,4.8446E-5,1.4563E-4,3.9349E-4,9.624E-4,0.0021201,0.0041744,0.0059096,0.0073414,0.0090419
1500.0,1.5194E-6,5.5845E-6,1.8698E-5,5.8675E-5,1.6605E-4,4.2633E-4,9.7706E-4,0.0019858,0.0028565,0.0035795,0.0044398
SA0P02
r\m,4.0,4.5,5.0,5.5,6.0,6.5,7.0,7.5,7.8,8.0,8.2
0.0,0.89957,1.3192,1.8234,2.3737,2.9323,3.4718,4.0273,4.3621,4.4631,4.4893,4.4901
1.0,0.79622,1.2083,1.726,2.3226,2.957,3.5784,4.179,4.4986,4.5733,4.5796,4.5615
5.0,0.39657,0.6979,1.1333,1.7077,2.3871,3.0884,3.7324,4.08,4.19,4.2193,4.2207
10.0,0.20138,0.35141,0.60707,0.99819,1.5211,2.1374,2.7946,3.208,3.3829,3.4713,3.5417
15.0,0.099674,0.18272,0.33195,0.57905,0.94795,1.4358,1.9883,2.471,2.6903,2.8145,2.9264
20.0,0.057673,0.11063,0.20733,0.37674,0.64962,1.0372,1.5022,1.9528,2.1828,2.3217,2.4493
25.0,0.037336,0.073519,0.14074,0.26265,0.4677,0.77509,1.1666,1.5821,1.8076,1.9488,2.0856
30.0,0.026269,0.052759,0.1025,0.19529,0.35573,0.60534,0.93659,1.3108,1.526,1.6662,1.8056
40.0,0.01518,0.031299,0.062117,0.12196,0.22964,0.40586,0.65369,0.95558,1.1369,1.2595,1.3845
50.0,0.0098418,0.020701,0.041817,0.084093,0.16225,0.29467,0.48799,0.73522,0.89209,1.0019,1.117
60.0,0.0071493,0.015263,0.031213,0.06387,0.12562,0.2327,0.39251,0.60283,0.73926,0.83656,0.93978
70.0,0.0055631,0.012017,0.024778,0.051353,0.10236,0.19222,0.32875,0.51426,0.63694,0.72595,0.82158
80.0,0.0046737,0.010166,0.021091,0.044173,0.089013,0.16878,0.29194,0.46098,0.57299,0.65489,0.74321
90.0,0.0039904,0.0087381,0.018228,0.038533,0.078363,0.15008,0.26165,0.41657,0.5196,0.59547,0.67765
100.0,0.003446,0.0075931,0.015923,0.03395,0.069706,0.13454,0.23631,0.37895,0.47427,0.54462,0.62104
110.0,0.0030037,0.006658,0.014031,0.030137,0.062271,0.12098,0.21369,0.344,0.43142,0.49643,0.56724
120.0,0.0026371,0.0058823,0.012462,0.02694,0.056037,0.10946,0.19405,0.31399,0.39479,0.4548,0.52033
130.0,0.0022832,0.005126,0.010924,0.023806,0.049869,0.098012,0.1749,0.28507,0.35932,0.41454,0.47495
140.0,0.0019849,0.0044854,0.0096156,0.021116,0.044505,0.087984,0.15807,0.25904,0.3272,0.37808,0.43386
150.0,0.0017199,0.0039121,0.0084345,0.018666,0.039591,0.078748,0.1423,0.23442,0.29688,0.34374,0.39522
175.0,0.0012341,0.0028511,0.0062323,0.014041,0.030232,0.060926,0.1116,0.18631,0.23765,0.27661,0.31973
200.0,9.1326E-4,0.0021405,0.0047387,0.010854,0.023668,0.048236,0.089656,0.15178,0.19461,0.22715,0.26331
250.0,5.4054E-4,0.0013067,0.0029713,0.0069714,0.015521,0.032295,0.061297,0.10597,0.13714,0.16097,0.18762
300.0,3.4454E-4,8.5542E-4,0.0019919,0.0047779,0.010846,0.022933,0.044382,0.077976,0.10165,0.11995,0.1407
350.0,2.3044E-4,5.872E-4,0.0013993,0.0034266,0.0079093,0.016969,0.033342,0.05964,0.078321,0.092967,0.10959
400.0,1.6003E-4,4.1849E-4,0.0010203,0.0025435,0.0059613,0.012977,0.025922,0.047014,0.062237,0.074172,0.087813
450.0,1.1806E-4,3.1777E-4,7.9687E-4,0.0019999,0.0047122,0.010299,0.020652,0.037766,0.050278,0.060073,0.071289
500.0,8.8772E-5,2.4518E-4,6.3012E-4,0.0015973,0.0037899,0.0083235,0.016809,0.030911,0.041319,0.049559,0.059033
600.0,5.2292E-5,1.5129E-4,4.058E-4,0.001053,0.0025488,0.0056821,0.011578,0.021465,0.029143,0.035232,0.042439
700.0,3.2379E-5,9.7623E-5,2.7267E-4,7.2642E-4,0.0017846,0.0040208,0.0082671,0.015518,0.021259,0.025905,0.031345
800.0,2.0963E-5,6.5387E-5,1.8837E-4,5.1254E-4,0.0012868,0.0029415,0.0061351,0.011612,0.016046,0.019661,0.023918
1000.0,9.5013E-6,3.137E-5,9.5467E-5,2.7057E-4,7.0181E-4,0.0016612,0.0035561,0.0068073,0.0095344,0.011758,0.014379
1200.0,4.4871E-6,1.5448E-5,4.8678E-5,1.4515E-4,3.9071E-4,9.5215E-4,0.0020881,0.0040957,0.005792,0.0071899,0.008848
1500.0,1.5338E-6,5.5815E-6,1.8568E-5,5.7982E-5,1.6371E-4,4.1938E-4,9.5873E-4,0.0019449,0.0027965,0.0035034,0.0043442
SA0P025
r\m,4.0,4.5,5.0,5.5,6.0,6.5,7.0,7.5,7.8,8.0,8.2
0.0,1.0424,1.5202,2.0855,2.6929,3.3117,3.9154,4.5516,4.9372,5.0684,5.1096,5.1146
1.0,0.92353,1.3961,1.9814,2.6472,3.3575,4.0578,4.7452,5.1113,5.2114,5.2292,5.2121
5.0,0.45334,0.7991,1.2965,1.9481,2.7216,3.5219,4.2562,4.6482,4.7874,4.8296,4.8353
10.0,0.22859,0.40009,0.69132,1.1356,1.7298,2.4314,3.1892,3.6675,3.8757,3.9812,4.0647
15.0,0.11351,0.20847,0.37868,0.65963,1.0793,1.6372,2.2751,2.8341,3.0935,3.2407,3.3726
20.0,0.065945,0.12653,0.23656,0.42871,0.73988,1.1843,1.7218,2.2432,2.5143,2.6777,2.8281
25.0,0.042817,0.084118,0.16055,0.29862,0.53214,0.88473,1.3372,1.8183,2.0834,2.2485,2.4079
30.0,0.030166,0.060386,0.11692,0.22194,0.40454,0.69075,1.0729,1.5061,1.7582,1.922,2.0846
40.0,0.017477,0.03586,0.070822,0.1384,0.26102,0.46331,0.74861,1.0967,1.3084,1.4513,1.5965
50.0,0.01135,0.023733,0.04767,0.095365,0.1843,0.33611,0.55803,0.84187,1.025,1.1531,1.2871
60.0,0.0082534,0.017503,0.03558,0.072431,0.14264,0.26523,0.44822,0.68896,0.84795,0.96131,1.0814
70.0,0.0064155,0.01376,0.028194,0.058105,0.11595,0.21857,0.37443,0.58613,0.72877,0.83217,0.94313
80.0,0.0053975,0.011648,0.023996,0.049959,0.10079,0.19182,0.33225,0.52486,0.65474,0.74969,0.85197
90.0,0.0046142,0.010019,0.020747,0.043576,0.0887,0.17049,0.29746,0.47364,0.59291,0.68082,0.77594
100.0,0.0039888,0.008709,0.018122,0.038379,0.078866,0.15274,0.26839,0.43022,0.54046,0.62182,0.71012
110.0,0.0034783,0.0076356,0.015963,0.034053,0.070403,0.13724,0.24241,0.38982,0.49074,0.56586,0.6476
120.0,0.003054,0.0067442,0.014173,0.030421,0.063304,0.12404,0.21976,0.35513,0.44828,0.51748,0.59297
130.0,0.0026443,0.0058746,0.012416,0.026852,0.05626,0.11087,0.19768,0.32176,0.40714,0.47062,0.53998
140.0,0.0022992,0.0051385,0.010918,0.023792,0.050134,0.099359,0.17834,0.29178,0.36989,0.42822,0.49208
150.0,0.0019898,0.0044743,0.0095585,0.020993,0.044508,0.088693,0.16008,0.26324,0.33455,0.38796,0.44659
175.0,0.0014238,0.0032498,0.0070334,0.015712,0.033782,0.068131,0.12464,0.2077,0.26586,0.31004,0.35891
200.0,0.0010513,0.0024313,0.0053221,0.012079,0.026285,0.053587,0.099555,0.16833,0.21644,0.25299,0.29354
250.0,6.169E-4,0.0014695,0.003302,0.0076637,0.017022,0.03551,0.067314,0.11595,0.15024,0.17637,0.20548
300.0,3.9001E-4,9.5246E-4,0.0021884,0.0051915,0.011785,0.024961,0.048102,0.084053,0.10968,0.12945,0.15183
350.0,2.5845E-4,6.475E-4,0.0015222,0.0036857,0.0084923,0.018234,0.035649,0.063417,0.083313,0.098882,0.1165
400.0,1.7786E-4,4.5709E-4,0.0010992,0.0027096,0.0063365,0.013779,0.027387,0.049365,0.065345,0.077834,0.092064
450.0,1.3025E-4,3.4449E-4,8.5195E-4,0.0021137,0.0049666,0.010844,0.021621,0.039245,0.05222,0.062338,0.073876
500.0,9.7215E-5,2.6385E-4,6.688E-4,0.0016756,0.0039655,0.0086943,0.017438,0.03182,0.042489,0.050904,0.060535
600.0,5.6191E-5,1.6003E-4,4.2363E-4,0.0010874,0.0026228,0.0058293,0.011802,0.021717,0.029424,0.035509,0.04267
700.0,3.4383E-5,1.0199E-4,2.8149E-4,7.42E-4,0.0018165,0.0040789,0.0083299,0.015517,0.021213,0.025802,0.031149
800.0,2.1999E-5,6.7628E-5,1.9258E-4,5.1885E-4,0.0012967,0.0029516,0.0061147,0.011493,0.015843,0.019376,0.023519
1000.0,9.8321E-6,3.2021E-5,9.6414E-5,2.7084E-4,6.9877E-4,0.0016453,0.0035008,0.0066639,0.0093134,0.011468,0.014003
1200.0,4.5599E-6,1.5523E-5,4.8512E-5,1.4363E-4,3.852E-4,9.3534E-4,0.0020417,0.0039884,0.0056332,0.0069867,0.0085898
1500.0,1.5386E-6,5.5479E-6,1.8341E-5,5.698E-5,1.6046E-4,4.1E-4,9.344E-4,0.0018908,0.0027172,0.0034025,0.0042172
SA0P03
r\m,4.0,4.5,5.0,5.5,6.0,6.5,7.0,7.5,7.8,8.0,8.2
0.0,1.1455,1.6702,2.2836,2.9352,3.599,4.2488,4.9418,5.3607,5.5122,5.5633,5.5692
1.0,1.0143,1.5356,2.1745,2.8946,3.6622,4.4197,5.1672,5.5624,5.6788,5.7035,5.6851
5.0,0.49146,0.87086,1.4161,2.1279,2.9738,3.8471,4.6442,5.064,5.2219,5.2718,5.2786
10.0,0.24644,0.4343,0.75262,1.2379,1.8866,2.6519,3.4819,4.0047,4.2348,4.3509,4.4422
15.0,0.12291,0.22697,0.41324,0.72038,1.1792,1.7899,2.4902,3.1031,3.3898,3.552,3.6968
20.0,0.071723,0.13816,0.25849,0.46832,0.80916,1.2968,1.888,2.46,2.7596,2.9396,3.1049
25.0,0.046721,0.09198,0.17558,0.32629,0.58201,0.96923,1.4673,1.9958,2.2888,2.4701,2.6447
30.0,0.032982,0.066102,0.12795,0.24259,0.44257,0.75699,1.1775,1.6538,1.9321,2.1122,2.2907
40.0,0.019171,0.039334,0.077573,0.15129,0.28576,0.50839,0.82218,1.2043,1.4379,1.5951,1.7544
50.0,0.01248,0.026074,0.05226,0.1043,0.20185,0.36891,0.6128,0.92395,1.1262,1.2674,1.4147
60.0,0.0090936,0.019253,0.03904,0.079281,0.15632,0.29121,0.49213,0.75577,0.93139,1.0564,1.1885
70.0,0.0070761,0.015142,0.030936,0.06357,0.12698,0.23984,0.41084,0.64249,0.80008,0.91405,1.0361
80.0,0.0059666,0.012837,0.026354,0.05469,0.11045,0.2106,0.36471,0.57543,0.71882,0.82348,0.93598
90.0,0.0051115,0.011058,0.022814,0.047741,0.097259,0.18729,0.32653,0.51921,0.65088,0.74784,0.85253
100.0,0.0044269,0.0096246,0.019944,0.042069,0.086513,0.16783,0.29464,0.47146,0.59321,0.68293,0.7801
110.0,0.0038654,0.0084452,0.017577,0.037341,0.077243,0.15082,0.26608,0.42694,0.53836,0.62121,0.71119
120.0,0.0033973,0.0074637,0.015613,0.033365,0.069458,0.13631,0.24108,0.38867,0.49149,0.56779,0.65085
130.0,0.0029444,0.0065044,0.013679,0.029443,0.061703,0.12175,0.21666,0.35182,0.44597,0.51584,0.59205
140.0,0.0025625,0.0056918,0.012028,0.026082,0.054952,0.10902,0.19531,0.3187,0.4047,0.46882,0.5389
150.0,0.0022176,0.0049536,0.010521,0.022993,0.048734,0.097179,0.17503,0.28702,0.36537,0.42392,0.48806
175.0,0.0015867,0.0035943,0.0077273,0.017162,0.036859,0.074327,0.13567,0.22548,0.2891,0.33742,0.39077
200.0,0.0011714,0.0026856,0.0058323,0.01315,0.02857,0.058217,0.10799,0.18216,0.23453,0.27427,0.31827
250.0,6.8486E-4,0.0016144,0.0035952,0.0082753,0.018343,0.03832,0.072481,0.12433,0.16112,0.18906,0.22008
300.0,4.3119E-4,0.0010399,0.0023643,0.0055589,0.012619,0.026743,0.051301,0.08913,0.11631,0.13723,0.16087
350.0,2.8415E-4,7.0241E-4,0.0016329,0.0039168,0.0090092,0.019344,0.03762,0.066534,0.087379,0.10365,0.122
400.0,1.944E-4,4.925E-4,0.0011706,0.0028578,0.0066688,0.014478,0.028624,0.051261,0.067809,0.080699,0.095338
450.0,1.4169E-4,3.6925E-4,9.0212E-4,0.0022155,0.0051913,0.011316,0.022428,0.040399,0.0537,0.064032,0.075766
500.0,1.0523E-4,2.813E-4,7.0422E-4,0.0017455,0.00412,0.0090132,0.017949,0.032488,0.043319,0.051827,0.06152
600.0,5.9936E-5,1.6826E-4,4.3988E-4,0.0011173,0.0026852,0.005947,0.011958,0.021828,0.029502,0.035534,0.042587
700.0,3.6337E-5,1.0612E-4,2.8949E-4,7.5504E-4,0.0018413,0.0041189,0.0083493,0.015425,0.021033,0.02553,0.030742
800.0,2.3021E-5,6.9761E-5,1.9633E-4,5.2357E-4,0.001302,0.0029491,0.0060636,0.011306,0.015542,0.018966,0.022962
1000.0,1.0168E-5,3.265E-5,9.7194E-5,2.704E-4,6.9337E-4,0.0016225,0.0034274,0.0064799,0.0090319,0.011101,0.013528
1200.0,4.6347E-6,1.5584E-5,4.8246E-5,1.4165E-4,3.782E-4,9.1418E-4,0.0019838,0.0038545,0.0054349,0.0067328,0.0082666
1500.0,1.544E-6,5.5071E-6,1.8067E-5,5.5765E-5,1.565E-4,3.9845E-4,9.0416E-4,0.001823,0.0026172,0.003275,0.004056
SA0P04
r\m,4.0,4.5,5.0,5.5,6.0,6.5,7.0,7.5,7.8,8.0,8.2
0.0,1.2335,1.8146,2.4843,3.1872,3.8973,4.5881,5.3256,5.7618,5.9239,5.9788,5.9788
1.0,1.0882,1.6674,2.3692,3.1531,3.981,4.7894,5.5811,5.9866,6.1085,6.134,6.1071
5.0,0.51587,0.92903,1.5255,2.305,3.2284,4.1704,5.0148,5.4451,5.6098,5.6603,5.6612
10.0,0.25671,0.4613,0.80777,1.3374,2.0444,2.8719,3.762,4.3151,4.5563,4.676,4.7684
15.0,0.12931,0.24283,0.44604,0.78184,1.2829,1.9468,2.7028,3.3574,3.6614,3.8315,3.9819
20.0,0.076138,0.14875,0.28024,0.50979,0.88312,1.4153,2.0562,2.6699,2.9894,3.1795,3.3529
25.0,0.049931,0.099471,0.19101,0.35611,0.63661,1.0603,1.6019,2.1715,2.4852,2.6772,2.8611
30.0,0.035423,0.071732,0.13958,0.26534,0.48505,0.82972,1.2879,1.8028,2.1013,2.293,2.4819
40.0,0.020741,0.042926,0.084986,0.16601,0.31435,0.55948,0.90239,1.3161,1.5679,1.7359,1.9055
50.0,0.013584,0.028588,0.057459,0.11478,0.22265,0.40698,0.67407,1.0116,1.2306,1.3823,1.5397
60.0,0.0099503,0.021196,0.043072,0.08753,0.17293,0.3221,0.54249,0.82891,1.0197,1.1545,1.2962
70.0,0.0077883,0.016743,0.034247,0.070368,0.1408,0.26595,0.454,0.70631,0.87827,1.0018,1.1333
80.0,0.0066047,0.01426,0.029284,0.060733,0.12287,0.23425,0.40419,0.63427,0.79111,0.9049,1.0266
90.0,0.0056891,0.01234,0.02545,0.053187,0.10851,0.20893,0.36272,0.57352,0.71794,0.82372,0.93732
100.0,0.0049518,0.010782,0.022319,0.046996,0.096765,0.18768,0.32799,0.52167,0.65561,0.75372,0.85943
110.0,0.0043418,0.0094912,0.019723,0.041814,0.086578,0.16901,0.29674,0.47304,0.59588,0.68674,0.78487
120.0,0.0038297,0.008412,0.017563,0.037437,0.077995,0.15301,0.26917,0.43106,0.54467,0.62849,0.71927
130.0,0.0033307,0.0073498,0.015418,0.033079,0.069356,0.13676,0.24201,0.39033,0.49444,0.57124,0.65457
140.0,0.0029086,0.0064471,0.013579,0.029337,0.06181,0.12252,0.21824,0.35365,0.44872,0.51923,0.59591
150.0,0.0025226,0.0056181,0.011884,0.025872,0.054824,0.10917,0.19547,0.31824,0.40482,0.46914,0.53924
175.0,0.0018134,0.0040881,0.0087384,0.019305,0.041403,0.083299,0.15114,0.24939,0.3196,0.37274,0.43111
200.0,0.0013446,0.0030605,0.0065939,0.014767,0.032014,0.065063,0.12005,0.20113,0.25877,0.30231,0.35028
250.0,7.882E-4,0.0018379,0.0040506,0.0092303,0.020397,0.042605,0.080088,0.13612,0.17604,0.20614,0.23935
300.0,4.9642E-4,0.0011796,0.0026455,0.0061475,0.013947,0.029525,0.0561,0.09636,0.12549,0.14779,0.17288
350.0,3.2624E-4,7.9258E-4,0.0018142,0.0042945,0.0098478,0.021103,0.040603,0.07097,0.092985,0.11007,0.12921
400.0,2.2225E-4,5.5204E-4,0.0012898,0.0031042,0.0072155,0.015597,0.0305,0.053919,0.071129,0.084436,0.099453
450.0,1.6153E-4,4.1198E-4,9.8794E-4,0.0023878,0.0055664,0.01208,0.023653,0.041971,0.055611,0.066124,0.077967
500.0,1.1946E-4,3.121E-4,7.6605E-4,0.001866,0.0043813,0.009532,0.018716,0.033342,0.044288,0.05282,0.06245
600.0,6.6843E-5,1.833E-4,4.6921E-4,0.0011703,0.002792,0.0061354,0.012165,0.021847,0.029364,0.03522,0.041978
700.0,4.0086E-5,1.1399E-4,3.0455E-4,7.7904E-4,0.0018848,0.0041799,0.0083434,0.015151,0.020542,0.02482,0.029724
800.0,2.5054E-5,7.3997E-5,2.0378E-4,5.3288E-4,0.0013114,0.0029387,0.0059451,0.010896,0.014884,0.018074,0.021756
1000.0,1.0888E-5,3.4032E-5,9.9065E-5,2.7024E-4,6.8384E-4,0.0015781,0.0032792,0.0061035,0.0084522,0.010342,0.012543
1200.0,4.8196E-6,1.5803E-5,4.7957E-5,1.3824E-4,3.6524E-4,8.7312E-4,0.0018679,0.003581,0.0050264,0.0062069,0.0075939
1500.0,1.5701E-6,5.4668E-6,1.762E-5,5.3546E-5,1.4893E-4,3.7559E-4,8.4244E-4,0.0016812,0.0024062,0.0030043,0.0037118
SA0P05
r\m,4.0,4.5,5.0,5.5,6.0,6.5,7.0,7.5,7.8,8.0,8.2
0.0,1.2136,1.8124,2.4991,3.2189,3.9361,4.6219,5.3416,5.7528,5.8986,5.9432,5.9316
1.0,1.0653,1.6611,2.3816,3.1858,4.0236,4.8257,5.5939,5.9698,6.0739,6.0887,6.0501
5.0,0.49639,0.91102,1.5153,2.3106,3.2467,4.1857,5.008,5.4125,5.5578,5.5968,5.5864
10.0,0.24586,0.4517,0.80125,1.3389,2.0551,2.8839,3.7576,4.2895,4.514,4.6226,4.7046
15.0,0.12509,0.23957,0.44505,0.78647,1.295,1.9623,2.71,3.3469,3.6355,3.7946,3.934
20.0,0.074268,0.14766,0.28114,0.51519,0.89487,1.4313,2.068,2.6691,2.9755,3.1558,3.3189
25.0,0.049012,0.099268,0.1925,0.36131,0.64742,1.0757,1.6158,2.1769,2.4797,2.6634,2.8385
30.0,0.034951,0.07188,0.14119,0.27007,0.49472,0.84411,1.3028,1.8118,2.1017,2.2861,2.467
40.0,0.020614,0.043289,0.086456,0.16987,0.32227,0.57195,0.91703,1.328,1.5744,1.7375,1.9013
50.0,0.013587,0.028986,0.058727,0.11795,0.22919,0.41759,0.68766,1.0248,1.2403,1.3884,1.5411
60.0,0.010011,0.021599,0.044218,0.090318,0.17872,0.33179,0.55552,0.84276,1.0315,1.1639,1.3021
70.0,0.0078995,0.017175,0.035362,0.072991,0.14624,0.27537,0.46731,0.72174,0.89311,1.0152,1.1445
80.0,0.0067403,0.014709,0.030386,0.063283,0.12819,0.24363,0.41783,0.65082,0.80791,0.92101,1.0412
90.0,0.0058407,0.012795,0.026534,0.055658,0.11368,0.21817,0.37642,0.59073,0.73605,0.84168,0.95442
100.0,0.005112,0.011232,0.023368,0.049367,0.10174,0.1967,0.34156,0.53913,0.67448,0.77288,0.87827
110.0,0.0045045,0.0099298,0.020728,0.04408,0.091338,0.17773,0.31003,0.49043,0.61507,0.70656,0.80475
120.0,0.0039911,0.0088348,0.018523,0.039592,0.082535,0.1614,0.28203,0.44815,0.56384,0.64857,0.73978
130.0,0.0034864,0.0077476,0.016312,0.035073,0.073571,0.14459,0.25412,0.40665,0.51296,0.59081,0.67479
140.0,0.0030573,0.0068193,0.014405,0.031181,0.065706,0.1298,0.22961,0.3691,0.46642,0.53809,0.61558
150.0,0.0026615,0.00596,0.012637,0.027555,0.058391,0.11586,0.206,0.33264,0.42147,0.48701,0.55806
175.0,0.001929,0.004365,0.009339,0.020639,0.044236,0.088654,0.15971,0.26137,0.33375,0.38817,0.4476
200.0,0.0014408,0.0032857,0.0070739,0.015829,0.034278,0.069382,0.12714,0.21124,0.27082,0.31556,0.36458
250.0,8.5353E-4,0.001987,0.0043653,0.0099127,0.021861,0.045527,0.084938,0.143,0.18418,0.21504,0.24889
300.0,5.415E-4,0.0012804,0.0028542,0.0065963,0.014951,0.031541,0.059368,0.10088,0.13087,0.15368,0.17921
350.0,3.5745E-4,8.6173E-4,0.0019565,0.0045982,0.010516,0.022447,0.042748,0.07388,0.096417,0.1138,0.13314
400.0,2.4411E-4,6.001E-4,0.001388,0.003312,0.0076722,0.016494,0.031913,0.055732,0.073219,0.086642,0.1017
450.0,1.7794E-4,4.482E-4,0.0010621,0.0025402,0.0058944,0.012719,0.024617,0.043083,0.056838,0.067362,0.079132
500.0,1.3177E-4,3.3934E-4,8.2184E-4,0.0019776,0.0046202,0.0099861,0.019349,0.033969,0.044914,0.053378,0.062853
600.0,7.3297E-5,1.9773E-4,4.9821E-4,0.0012253,0.0029028,0.0063256,0.012372,0.02188,0.029232,0.03491,0.041384
700.0,4.3824E-5,1.2212E-4,3.2093E-4,8.0787E-4,0.0019393,0.0042608,0.0083786,0.014965,0.020162,0.024245,0.028875
800.0,2.721E-5,7.8733E-5,2.129E-4,5.4736E-4,0.0013333,0.0029543,0.005881,0.010595,0.014374,0.017364,0.020777
1000.0,1.1733E-5,3.5834E-5,1.0223E-4,2.7383E-4,6.8378E-4,0.0015551,0.0031758,0.0058131,0.0079915,0.0097292,0.011737
1200.0,5.0849E-6,1.6288E-5,4.8484E-5,1.372E-4,3.5835E-4,8.4597E-4,0.0017812,0.0033627,0.0046934,0.0057729,0.007032
1500.0,1.6289E-6,5.5356E-6,1.7513E-5,5.2321E-5,1.4398E-4,3.5887E-4,7.9353E-4,0.0015631,0.0022273,0.002772,0.0034131
SA0P075
r\m,4.0,4.5,5.0,5.5,6.0,6.5,7.0,7.5,7.8,8.0,8.2
0.0,1.01,1.5754,2.2292,2.926,3.5958,4.2008,4.7888,5.0886,5.1632,5.1681,5.1288
1.0,0.87492,1.4314,2.1125,2.8842,3.661,4.3617,4.9804,5.2425,5.2792,5.2587,5.1962
5.0,0.39589,0.76108,1.3085,2.0475,2.9027,3.7223,4.3972,4.7009,4.7736,4.7754,4.739
10.0,0.19499,0.37788,0.69239,1.1854,1.84,2.5741,3.2978,3.713,3.8664,3.9348,3.9824
15.0,0.10134,0.2038,0.38962,0.70396,1.1702,1.7639,2.3948,2.9082,3.1205,3.2326,3.3287
20.0,0.061186,0.12723,0.24946,0.4671,0.81626,1.2952,1.8382,2.3318,2.5651,2.6986,2.8164
25.0,0.040895,0.086641,0.17282,0.33122,0.59668,0.9818,1.4467,1.914,2.1493,2.2897,2.4223
30.0,0.029495,0.063358,0.12794,0.24971,0.45954,0.77602,1.1756,1.603,1.8327,1.9758,2.1147
40.0,0.017667,0.038726,0.079516,0.15945,0.30348,0.53202,0.83715,1.1881,1.3877,1.5174,1.6467
50.0,0.011808,0.026265,0.054661,0.112,0.21819,0.39236,0.63478,0.92788,1.105,1.2242,1.3457
60.0,0.0088162,0.019811,0.041618,0.086671,0.17194,0.31507,0.51839,0.77134,0.92872,1.0368,1.1482
70.0,0.0071048,0.016045,0.033848,0.071193,0.14296,0.2657,0.44307,0.67087,0.81655,0.91841,1.0248
80.0,0.0061466,0.013925,0.02946,0.062484,0.12682,0.2379,0.40083,0.61199,0.74751,0.84326,0.94367
90.0,0.0053991,0.012264,0.02603,0.055576,0.1137,0.21537,0.36511,0.56163,0.68866,0.77911,0.87431
100.0,0.0047859,0.010893,0.023174,0.049808,0.10279,0.19613,0.33462,0.51781,0.63744,0.72277,0.8129
110.0,0.0042679,0.0097349,0.020765,0.044909,0.093168,0.17894,0.30667,0.47579,0.5873,0.66743,0.75221
120.0,0.003824,0.0087501,0.018734,0.040704,0.08494,0.16398,0.28157,0.43883,0.54335,0.61843,0.69811
130.0,0.0033772,0.0077491,0.016646,0.036355,0.076317,0.14807,0.25571,0.40119,0.49817,0.56787,0.64202
140.0,0.0029923,0.0068834,0.014821,0.032565,0.068661,0.13392,0.2327,0.36672,0.45632,0.5211,0.59019
150.0,0.0026333,0.0060734,0.013111,0.029003,0.061481,0.12047,0.2104,0.33291,0.41553,0.47551,0.5397
175.0,0.0019544,0.0045409,0.0098684,0.022086,0.047334,0.093704,0.16575,0.26571,0.33438,0.38502,0.43956
200.0,0.001491,0.0034815,0.0075958,0.017182,0.037186,0.074351,0.13365,0.21728,0.27475,0.31721,0.36316
250.0,9.1707E-4,0.0021722,0.0048122,0.010999,0.024196,0.049729,0.090924,0.14971,0.19025,0.22022,0.25271
300.0,5.9915E-4,0.0014334,0.0032068,0.0074273,0.016776,0.034911,0.064339,0.10682,0.13676,0.15919,0.18397
350.0,4.0514E-4,9.8243E-4,0.002228,0.0052269,0.01189,0.025027,0.046604,0.078588,0.10125,0.11844,0.13732
400.0,2.8207E-4,6.9348E-4,0.0015947,0.0037856,0.0087093,0.018438,0.034839,0.059273,0.07687,0.09015,0.10485
450.0,2.0956E-4,5.2519E-4,0.001232,0.0029176,0.0067071,0.014236,0.026863,0.045696,0.059513,0.069921,0.081389
500.0,1.5751E-4,4.0169E-4,9.5934E-4,0.0022762,0.0052593,0.011166,0.021039,0.035839,0.046781,0.055099,0.064253
600.0,8.8886E-5,2.3574E-4,5.8153E-4,0.0014013,0.0032703,0.0069787,0.01325,0.022679,0.029849,0.035282,0.041321
700.0,5.3794E-5,1.4605E-4,3.7427E-4,9.1788E-4,0.0021644,0.004646,0.0088423,0.015239,0.020212,0.024029,0.028256
800.0,3.3497E-5,9.4097E-5,2.4684E-4,6.1585E-4,0.0014665,0.0031632,0.006073,0.010532,0.014047,0.016757,0.019774
1000.0,1.4504E-5,4.2645E-5,1.1724E-4,3.0301E-4,7.345E-4,0.0016135,0.0031631,0.0055645,0.0075076,0.0090242,0.010741
1200.0,6.1437E-6,1.8848E-5,5.3942E-5,1.4666E-4,3.7227E-4,8.5067E-4,0.0017204,0.0031229,0.0042891,0.005217,0.0062776
1500.0,1.9313E-6,6.2428E-6,1.8932E-5,5.4296E-5,1.4516E-4,3.5009E-4,7.4412E-4,0.0014119,0.0019834,0.0024435,0.0029755
SA0P1
r\m,4.0,4.5,5.0,5.5,6.0,6.5,7.0,7.5,7.8,8.0,8.2
0.0,0.80549,1.3136,1.9088,2.5574,3.1642,3.6832,4.1447,4.3507,4.3684,4.3437,4.2887
1.0,0.69031,1.1836,1.7972,2.506,3.2012,3.7947,4.2747,4.4463,4.4328,4.3884,4.3149
5.0,0.30675,0.61591,1.0902,1.7461,2.4948,3.1846,3.722,3.9447,3.9638,3.9407,3.8908
10.0,0.15078,0.30682,0.57831,1.0113,1.5851,2.2114,2.7888,3.1017,3.1991,3.2376,3.2611
15.0,0.079604,0.16757,0.32865,0.60562,1.0152,1.5223,2.0341,2.4332,2.5821,2.657,2.7201
20.0,0.04863,0.1056,0.21276,0.40639,0.71357,1.1232,1.5675,1.9582,2.1282,2.2232,2.3049
25.0,0.032796,0.072655,0.14883,0.29098,0.52641,0.85762,1.2409,1.6152,1.7904,1.894,1.9913
30.0,0.023856,0.05355,0.11105,0.221,0.40821,0.68204,1.0151,1.3598,1.5344,1.6413,1.7445
40.0,0.01445,0.033113,0.069885,0.14302,0.27274,0.47203,0.72982,1.0174,1.1724,1.2716,1.3702
50.0,0.0097594,0.022686,0.04852,0.10148,0.19796,0.35113,0.55882,0.8031,0.94208,1.0342,1.1273
60.0,0.0073608,0.01728,0.037286,0.07922,0.15739,0.28456,0.46075,0.6741,0.79918,0.88371,0.96992
70.0,0.0060369,0.014221,0.030788,0.06607,0.13286,0.24355,0.39962,0.59463,0.71235,0.79344,0.87734
80.0,0.0052781,0.012474,0.02709,0.058614,0.11908,0.22034,0.36521,0.54794,0.65891,0.73612,0.81629
90.0,0.004685,0.011098,0.02417,0.052639,0.1078,0.20135,0.33595,0.50782,0.61301,0.68661,0.76324
100.0,0.0041942,0.0099511,0.021717,0.047605,0.098309,0.185,0.31064,0.47255,0.57252,0.64271,0.71607
110.0,0.0037761,0.0089743,0.01963,0.043296,0.089881,0.17026,0.28721,0.43829,0.53248,0.59891,0.66842
120.0,0.0034144,0.0081366,0.017858,0.039565,0.082611,0.15731,0.26604,0.40785,0.49685,0.55975,0.62575
130.0,0.0030427,0.0072671,0.015995,0.035612,0.074795,0.14317,0.24349,0.37564,0.45898,0.51797,0.58004
140.0,0.0027188,0.0065066,0.014349,0.032129,0.067781,0.13044,0.22316,0.3458,0.42355,0.47887,0.53722
150.0,0.0024158,0.0057927,0.012802,0.028845,0.061176,0.11833,0.20347,0.31645,0.38889,0.4408,0.49582
175.0,0.0018314,0.0044166,0.0098144,0.02236,0.047964,0.093803,0.16326,0.25712,0.31857,0.36308,0.41046
200.0,0.0014241,0.0034475,0.0076852,0.017684,0.038308,0.07568,0.13363,0.21308,0.26551,0.30369,0.34458
250.0,9.0909E-4,0.0022249,0.0050209,0.011654,0.025623,0.051861,0.093083,0.15047,0.18859,0.2165,0.24651
300.0,6.125E-4,0.0015103,0.0034341,0.008053,0.018121,0.037132,0.067274,0.1097,0.13852,0.15981,0.18308
350.0,4.2584E-4,0.0010602,0.0024356,0.0057687,0.013071,0.027095,0.049564,0.081972,0.10419,0.12081,0.13886
400.0,3.0376E-4,7.6375E-4,0.0017731,0.0042382,0.0097021,0.020234,0.037506,0.062533,0.080016,0.093024,0.10727
450.0,2.3102E-4,5.8988E-4,0.0013924,0.0033079,0.0075527,0.015768,0.029165,0.04858,0.062443,0.072764,0.084014
500.0,1.7716E-4,4.5868E-4,0.0010988,0.002607,0.0059703,0.012458,0.022981,0.038292,0.049354,0.057649,0.066668
600.0,1.0324E-4,2.7602E-4,6.7861E-4,0.0016252,0.0037487,0.0078494,0.014561,0.024318,0.031573,0.036993,0.042907
700.0,6.4031E-5,1.7406E-4,4.4253E-4,0.0010729,0.0024935,0.0052409,0.009725,0.016315,0.021331,0.025112,0.029225
800.0,4.0551E-5,1.1354E-4,2.9407E-4,7.2218E-4,0.0016895,0.0035607,0.0066438,0.011186,0.014693,0.017341,0.020231
1000.0,1.7952E-5,5.2198E-5,1.407E-4,3.557E-4,8.426E-4,0.0017981,0.0034078,0.0058013,0.0076957,0.0091459,0.010758
1200.0,7.6462E-6,2.3034E-5,6.4328E-5,1.6997E-4,4.2088E-4,9.3358E-4,0.0018228,0.0031957,0.0043195,0.005197,0.0061805
1500.0,2.4174E-6,7.6058E-6,2.2374E-5,6.2102E-5,1.6159E-4,3.774E-4,7.7262E-4,0.0014136,0.001955,0.0023821,0.0028668
SA0P15
r\m,4.0,4.5,5.0,5.5,6.0,6.5,7.0,7.5,7.8,8.0,8.2
0.0,0.52592,0.94014,1.44,2.0027,2.5114,2.9113,3.213,3.3124,3.2726,3.2215,3.1572
1.0,0.44414,0.83683,1.3417,1.9422,2.5117,2.959,3.2682,3.3417,3.2815,3.2186,3.1423
5.0,0.19334,0.42384,0.7914,1.317,1.9063,2.4189,2.7852,2.9173,2.8859,2.843,2.7867
10.0,0.094939,0.21242,0.42178,0.76389,1.2161,1.6906,2.0831,2.2764,2.3153,2.3246,2.3258
15.0,0.051137,0.11795,0.24283,0.46255,0.78608,1.1701,1.527,1.7874,1.8665,1.9024,1.9317
20.0,0.031701,0.075226,0.1596,0.31544,0.5584,0.86858,1.1823,1.4448,1.543,1.5958,1.6392
25.0,0.02162,0.052484,0.11318,0.22904,0.41745,0.66999,0.94334,1.1994,1.3048,1.3667,1.4245
30.0,0.0159,0.039098,0.085375,0.17579,0.32689,0.53744,0.77895,1.0169,1.1259,1.1912,1.2537
40.0,0.009769,0.024553,0.054673,0.11601,0.22206,0.37676,0.56751,0.7709,0.87104,0.93397,0.99641
50.0,0.0066874,0.017051,0.038486,0.083504,0.16336,0.28371,0.44065,0.61797,0.709,0.76817,0.82728
60.0,0.0051111,0.013161,0.029957,0.065994,0.13153,0.23294,0.36834,0.52597,0.60936,0.6645,0.72008
70.0,0.0042949,0.011082,0.025292,0.056316,0.1136,0.20381,0.32646,0.47365,0.55395,0.60825,0.66374
80.0,0.0038075,0.0098635,0.022601,0.050744,0.10334,0.18714,0.30271,0.44277,0.51998,0.57261,0.62661
90.0,0.0034266,0.0088959,0.020438,0.046206,0.094855,0.17333,0.28246,0.41623,0.4906,0.54132,0.59345
100.0,0.0031082,0.008082,0.018605,0.042341,0.087619,0.16131,0.26456,0.39261,0.46412,0.51326,0.56395
110.0,0.0028348,0.0073823,0.01703,0.038999,0.08114,0.15036,0.2478,0.36928,0.43767,0.48462,0.53304
120.0,0.0025955,0.0067757,0.01568,0.036073,0.075483,0.14063,0.2326,0.34825,0.41356,0.45869,0.50536
130.0,0.0023416,0.0061251,0.014211,0.032853,0.069149,0.12956,0.21547,0.32443,0.38642,0.42941,0.474
140.0,0.0021167,0.0055465,0.012891,0.029966,0.063378,0.11939,0.19965,0.30195,0.36066,0.40152,0.44402
150.0,0.0019071,0.0050052,0.011654,0.027249,0.057933,0.1098,0.18454,0.27994,0.33554,0.37476,0.41579
175.0,0.001491,0.0039307,0.0091969,0.021747,0.046825,0.089855,0.15268,0.23426,0.28295,0.31725,0.35319
200.0,0.0011922,0.003154,0.0074057,0.017688,0.038478,0.074606,0.12816,0.19847,0.24138,0.27199,0.30434
250.0,8.0608E-4,0.0021509,0.0050995,0.012285,0.027075,0.05337,0.093093,0.14652,0.17953,0.20344,0.22888
300.0,5.7056E-4,0.0015329,0.0036591,0.0088805,0.01988,0.039668,0.070144,0.11157,0.13764,0.15651,0.17679
350.0,4.158E-4,0.0011237,0.002701,0.0066006,0.014901,0.030083,0.053676,0.086388,0.10731,0.12261,0.139
400.0,3.0962E-4,8.4192E-4,0.0020372,0.0050097,0.011412,0.023224,0.041888,0.067922,0.084927,0.097321,0.11071
450.0,2.4553E-4,6.7517E-4,0.0016547,0.0040261,0.0091252,0.018537,0.033338,0.054027,0.067898,0.078071,0.089013
500.0,1.9551E-4,5.4292E-4,0.0013451,0.0032557,0.0073732,0.014955,0.02682,0.043438,0.054807,0.063168,0.072132
600.0,1.2226E-4,3.4723E-4,8.7549E-4,0.0021197,0.0048195,0.0097976,0.017606,0.028477,0.036185,0.041834,0.047868
700.0,8.0053E-5,2.2942E-4,5.9389E-4,0.0014448,0.0032941,0.0066994,0.012019,0.019478,0.024892,0.028873,0.033112
800.0,5.301E-5,1.5531E-4,4.0682E-4,9.9557E-4,0.0022781,0.004639,0.0083299,0.013492,0.017307,0.020108,0.023084
1000.0,2.4925E-5,7.5023E-5,2.0243E-4,5.047E-4,0.0011626,0.0023819,0.0043069,0.0070073,0.0090568,0.010581,0.012233
1200.0,1.1152E-5,3.4355E-5,9.5109E-5,2.4481E-4,5.8554E-4,0.0012408,0.0023014,0.0038348,0.0050464,0.0059637,0.0069602
1500.0,3.7061E-6,1.1743E-5,3.3823E-5,9.0508E-5,2.2606E-4,5.0114E-4,9.6722E-4,0.0016697,0.0022451,0.0026827,0.0031628
SA0P2
r\m,4.0,4.5,5.0,5.5,6.0,6.5,7.0,7.5,7.8,8.0,8.2
0.0,0.35956,0.70275,1.138,1.6422,2.0907,2.4239,2.6435,2.6945,2.6339,2.5755,2.5121
1.0,0.30092,0.62058,1.0527,1.5807,2.0735,2.4397,2.6632,2.6943,2.6199,2.5541,2.4823
5.0,0.12954,0.30941,0.61032,1.0533,1.5461,1.9592,2.2372,2.3272,2.2791,2.232,2.1778
10.0,0.063616,0.15573,0.3264,0.61159,0.98912,1.3754,1.6709,1.8061,1.8208,1.819,1.8123
15.0,0.034674,0.087343,0.18939,0.37284,0.6429,0.95469,1.2281,1.4183,1.466,1.4853,1.5005
20.0,0.021678,0.0561,0.12566,0.2569,0.45969,0.71114,0.95331,1.1492,1.2138,1.2474,1.274
25.0,0.014881,0.039476,0.089866,0.1882,0.3466,0.55206,0.76432,0.95763,1.0295,1.0716,1.1111
30.0,0.011016,0.0296,0.068256,0.14543,0.2731,0.44526,0.63484,0.81547,0.89206,0.93726,0.98053
40.0,0.006825,0.018764,0.044191,0.097187,0.18748,0.3146,0.4663,0.62322,0.69542,0.74029,0.7849
50.0,0.0047094,0.013139,0.031376,0.070595,0.1391,0.23873,0.36526,0.50448,0.57058,0.61304,0.65527
60.0,0.003628,0.010224,0.024619,0.056223,0.11289,0.19761,0.30799,0.43316,0.49441,0.53437,0.57441
70.0,0.0030951,0.0087349,0.021087,0.048711,0.098992,0.17541,0.27683,0.3953,0.4551,0.49511,0.53576
80.0,0.0027668,0.0078452,0.019028,0.044333,0.090914,0.1626,0.25906,0.37289,0.43115,0.47039,0.51039
90.0,0.0025108,0.0071354,0.017354,0.040727,0.084195,0.15189,0.24396,0.35375,0.41042,0.44844,0.48724
100.0,0.0022956,0.0065354,0.015928,0.037639,0.078415,0.14253,0.2304,0.3366,0.39144,0.42865,0.46676
110.0,0.0021104,0.0060176,0.014697,0.034955,0.073225,0.13396,0.21762,0.3195,0.37243,0.40813,0.44468
120.0,0.0019471,0.0055659,0.013636,0.032589,0.068662,0.12629,0.20607,0.30397,0.35481,0.38944,0.425
130.0,0.0017701,0.0050703,0.012453,0.029914,0.063397,0.11729,0.19243,0.28532,0.33401,0.36735,0.40169
140.0,0.0016115,0.0046244,0.011379,0.027485,0.058552,0.10892,0.17962,0.26751,0.3141,0.34608,0.37909
150.0,0.001465,0.0042105,0.01038,0.025213,0.053993,0.10112,0.16759,0.25023,0.29485,0.32605,0.35847
175.0,0.0011682,0.0033718,0.0083546,0.020537,0.044591,0.084647,0.14169,0.21376,0.25365,0.28121,0.30984
200.0,9.5105E-4,0.002756,0.0068595,0.017044,0.037408,0.071755,0.12109,0.18393,0.21992,0.24525,0.27182
250.0,6.6833E-4,0.0019533,0.0049056,0.012313,0.027348,0.052979,0.090698,0.14032,0.1692,0.19002,0.21206
300.0,4.8942E-4,0.0014419,0.00365,0.0092205,0.020671,0.040526,0.070605,0.1106,0.13414,0.15096,0.16884
350.0,3.6889E-4,0.0010919,0.0027799,0.0070634,0.015999,0.031734,0.055774,0.08824,0.10776,0.12182,0.13676
400.0,2.8358E-4,8.4352E-4,0.0021585,0.0055127,0.012591,0.025225,0.044737,0.071306,0.087631,0.099374,0.11195
450.0,2.3201E-4,6.9671E-4,0.0018028,0.0045453,0.010315,0.020576,0.036383,0.058028,0.071704,0.081654,0.092284
500.0,1.9021E-4,5.7576E-4,0.0015032,0.0037634,0.008508,0.016937,0.029889,0.047633,0.059155,0.067529,0.076444
600.0,1.2627E-4,3.8885E-4,0.0010288,0.0025628,0.0058079,0.011587,0.020436,0.03246,0.040617,0.046532,0.05279
700.0,8.6657E-5,2.6847E-4,7.2597E-4,0.0018096,0.0040982,0.0081599,0.014364,0.022842,0.02872,0.032983,0.037476
800.0,5.9863E-5,1.8867E-4,5.1434E-4,0.0012841,0.0029168,0.0058177,0.010223,0.016212,0.020458,0.023528,0.026747
1000.0,2.9862E-5,9.6124E-5,2.6839E-4,6.7822E-4,0.0015483,0.0031004,0.0054565,0.0086518,0.01099,0.0127,0.014525
1200.0,1.4243E-5,4.6539E-5,1.3238E-4,3.4229E-4,8.0563E-4,0.0016591,0.0029839,0.0048219,0.0062239,0.007263,0.0083688
1500.0,5.0698E-6,1.6856E-5,4.9409E-5,1.3167E-4,3.218E-4,6.8915E-4,0.0012803,0.002127,0.0027987,0.0032956,0.0038271
SA0P25
r\m,4.0,4.5,5.0,5.5,6.0,6.5,7.0,7.5,7.8,8.0,8.2
0.0,0.25537,0.53936,0.92332,1.3848,1.7964,2.0929,2.2695,2.2981,2.2308,2.1717,2.1118
1.0,0.21245,0.47374,0.84988,1.3258,1.771,2.092,2.2709,2.2838,2.2066,2.1427,2.0764
5.0,0.090837,0.23383,0.48713,0.87301,1.3045,1.6594,1.8888,1.9582,1.9054,1.8589,1.8085
10.0,0.044619,0.11805,0.26115,0.50734,0.83618,1.1683,1.4092,1.5139,1.5178,1.5115,1.5018
15.0,0.024508,0.066642,0.15231,0.31065,0.54546,0.81243,1.0374,1.1886,1.2207,1.232,1.2406
20.0,0.015406,0.043,0.10169,0.21554,0.39171,0.6065,0.80657,0.96454,1.0116,1.0354,1.0536
25.0,0.01062,0.030431,0.073139,0.15886,0.29705,0.47283,0.6487,0.80574,0.85965,0.89129,0.92094
30.0,0.0078954,0.022917,0.055806,0.12331,0.23504,0.38273,0.54091,0.68805,0.74689,0.78126,0.81415
40.0,0.0049182,0.014617,0.036395,0.083108,0.16248,0.27181,0.39943,0.52865,0.58516,0.62002,0.65476
50.0,0.0034114,0.010291,0.025989,0.060738,0.12124,0.2073,0.3147,0.4307,0.48262,0.51572,0.54855
60.0,0.0026417,0.0080508,0.020501,0.04862,0.098921,0.17254,0.2669,0.37197,0.42044,0.45178,0.48309
70.0,0.0022765,0.0069461,0.017732,0.042564,0.087643,0.15466,0.24218,0.3425,0.39024,0.42198,0.45411
80.0,0.0020461,0.006276,0.016106,0.039003,0.081008,0.14428,0.22803,0.32504,0.37198,0.40333,0.43518
90.0,0.0018669,0.00574,0.014771,0.036044,0.075472,0.13555,0.21606,0.31024,0.35617,0.38665,0.41762
100.0,0.0017158,0.0052857,0.013634,0.033502,0.070683,0.12789,0.20517,0.29693,0.34155,0.37157,0.40219
110.0,0.0015856,0.004893,0.012648,0.031287,0.066379,0.12087,0.19489,0.28359,0.32691,0.35577,0.38518
120.0,0.0014704,0.0045492,0.011795,0.029326,0.062578,0.11457,0.18565,0.27141,0.31314,0.34132,0.3701
130.0,0.0013435,0.0041654,0.010828,0.027065,0.058093,0.107,0.17432,0.25607,0.29628,0.3236,0.35161
140.0,0.0012289,0.0038175,0.0099435,0.024992,0.053936,0.09989,0.16354,0.2413,0.28005,0.3064,0.33349
150.0,0.0011239,0.0034971,0.0091266,0.023067,0.050043,0.093353,0.15359,0.22712,0.26451,0.29054,0.31747
175.0,9.0823E-4,0.0028381,0.0074469,0.019061,0.041964,0.079402,0.13184,0.19683,0.23072,0.25382,0.27768
200.0,7.4848E-4,0.0023496,0.0061984,0.016048,0.03573,0.068314,0.1141,0.17121,0.20231,0.224,0.24665
250.0,5.402E-4,0.001711,0.0045546,0.011932,0.026864,0.0516,0.087376,0.13375,0.15948,0.17801,0.19755
300.0,4.0512E-4,0.0012953,0.0034804,0.0091749,0.020746,0.040319,0.06969,0.10817,0.12962,0.14481,0.16084
350.0,3.1281E-4,0.0010046,0.0027135,0.0071928,0.01646,0.032358,0.056419,0.088325,0.10656,0.11955,0.13329
400.0,2.4611E-4,7.9401E-4,0.0021545,0.0057384,0.013236,0.026326,0.046255,0.072961,0.08855,0.099664,0.11151
450.0,2.0604E-4,6.7056E-4,0.0018385,0.0048288,0.011057,0.021853,0.038285,0.060507,0.073853,0.083522,0.093813
500.0,1.7264E-4,5.6592E-4,0.0015642,0.0040761,0.0092764,0.01829,0.032012,0.050563,0.062074,0.070378,0.079187
600.0,1.2012E-4,3.9937E-4,0.0011162,0.0028855,0.0065781,0.013001,0.022701,0.035699,0.044186,0.050305,0.056753
700.0,8.5595E-5,2.8602E-4,8.1477E-4,0.0021028,0.0047786,0.0094093,0.016406,0.025834,0.032112,0.036628,0.04137
800.0,6.1266E-5,2.0758E-4,5.9502E-4,0.0015341,0.0034983,0.0069078,0.012008,0.018836,0.023507,0.026854,0.030347
1000.0,3.216E-5,1.1094E-4,3.2469E-4,8.4417E-4,0.0019352,0.0038374,0.0066602,0.010419,0.013086,0.015018,0.017065
1200.0,1.632E-5,5.6848E-5,1.6871E-4,4.462E-4,0.0010483,0.0021267,0.0037626,0.0059789,0.0076143,0.0088098,0.010067
1500.0,6.2306E-6,2.1926E-5,6.6604E-5,1.8041E-4,4.382E-4,9.2026E-4,0.0016724,0.0027149,0.0035167,0.0040985,0.0047102
SA0P3
r\m,4.0,4.5,5.0,5.5,6.0,6.5,7.0,7.5,7.8,8.0,8.2
0.0,0.18742,0.42176,0.76021,1.1852,1.5719,1.8481,2.0027,2.0223,1.9547,1.8976,1.8416
1.0,0.15528,0.36905,0.69724,1.1304,1.5428,1.838,1.9941,2.0008,1.9258,1.8653,1.8043
5.0,0.066092,0.1809,0.39646,0.73806,1.1264,1.445,1.6467,1.7065,1.654,1.6098,1.5633
10.0,0.032475,0.091536,0.21293,0.42918,0.72307,1.0195,1.2276,1.3157,1.3147,1.3067,1.2963
15.0,0.017933,0.051909,0.12463,0.2636,0.47286,0.70978,0.90466,1.0327,1.0565,1.0638,1.0689
20.0,0.011316,0.033602,0.083578,0.1838,0.3406,0.53066,0.7041,0.83886,0.87603,0.89438,0.90791
25.0,0.0078235,0.023875,0.060356,0.13605,0.25935,0.41494,0.56752,0.70192,0.74539,0.77092,0.79487
30.0,0.0058338,0.018035,0.046201,0.10594,0.20582,0.33671,0.47451,0.60057,0.64881,0.67677,0.70351
40.0,0.0036479,0.011554,0.030288,0.071838,0.14298,0.23998,0.35168,0.46313,0.51006,0.53885,0.5676
50.0,0.0025395,0.0081649,0.021716,0.05273,0.10712,0.18368,0.27821,0.37902,0.4222,0.44958,0.47667
60.0,0.0019737,0.0064122,0.017194,0.042362,0.087725,0.15346,0.2369,0.32868,0.36918,0.39519,0.42111
70.0,0.001713,0.0055711,0.014977,0.037363,0.078304,0.13852,0.21641,0.30455,0.34466,0.37121,0.398
80.0,0.0015455,0.0050549,0.013667,0.034402,0.072705,0.1298,0.20464,0.29024,0.32992,0.35628,0.38299
90.0,0.0014156,0.0046414,0.012584,0.031927,0.068024,0.12243,0.19473,0.2782,0.31721,0.34287,0.36887
100.0,0.0013058,0.0042904,0.01166,0.029797,0.063957,0.11596,0.18564,0.26736,0.30533,0.33072,0.35654
110.0,0.0012111,0.0039866,0.010859,0.027937,0.060305,0.11003,0.17704,0.25646,0.29347,0.31789,0.3427
120.0,0.0011272,0.0037202,0.010164,0.026287,0.05707,0.10469,0.16936,0.24648,0.28219,0.30614,0.33052
130.0,0.0010336,0.0034188,0.0093653,0.024354,0.053184,0.098165,0.15965,0.2334,0.26794,0.29129,0.31513
140.0,9.4857E-4,0.0031439,0.0086306,0.02257,0.049566,0.091987,0.15031,0.22072,0.25418,0.27679,0.29994
150.0,8.7121E-4,0.0028927,0.0079571,0.020923,0.046193,0.086378,0.14183,0.20868,0.24114,0.26367,0.2869
175.0,7.1076E-4,0.0023703,0.0065571,0.017472,0.039169,0.074328,0.1231,0.18274,0.21243,0.23246,0.25306
200.0,5.9085E-4,0.0019803,0.0055123,0.014866,0.033715,0.064647,0.10752,0.16019,0.18778,0.2069,0.2268
250.0,4.3472E-4,0.0014709,0.0041321,0.011292,0.025885,0.049655,0.083676,0.12733,0.15069,0.16749,0.18517
300.0,3.3171E-4,0.0011345,0.0032211,0.008859,0.020314,0.039418,0.067966,0.10499,0.12477,0.13868,0.15329
350.0,2.6073E-4,8.9569E-4,0.0025563,0.0070695,0.016428,0.032237,0.056068,0.087276,0.1044,0.1165,0.12925
400.0,2.087E-4,7.2032E-4,0.0020647,0.0057373,0.013435,0.026709,0.046761,0.07335,0.088237,0.098782,0.10998
450.0,1.7776E-4,6.187E-4,0.0017915,0.004906,0.011397,0.022478,0.039248,0.061757,0.074721,0.084092,0.094044
500.0,1.5143E-4,5.3068E-4,0.0015484,0.0042057,0.009693,0.019067,0.033291,0.052367,0.063769,0.071949,0.080614
600.0,1.0931E-4,3.8783E-4,0.0011429,0.0030742,0.0070947,0.013993,0.024345,0.038105,0.046811,0.053066,0.059651
700.0,8.0255E-5,2.8614E-4,8.5793E-4,0.002301,0.0052837,0.010369,0.018027,0.028273,0.034864,0.039583,0.044536
800.0,5.9134E-5,2.133E-4,6.4292E-4,0.0017199,0.0039662,0.0078157,0.01354,0.021146,0.026193,0.029795,0.03355
1000.0,3.2388E-5,1.1875E-4,3.6485E-4,9.8209E-4,0.0022798,0.0045171,0.0078006,0.012135,0.015135,0.017296,0.019581
1200.0,1.7372E-5,6.4107E-5,1.9912E-4,5.4321E-4,0.001286,0.0025956,0.0045627,0.0071956,0.0090816,0.010449,0.011878
1500.0,7.0784E-6,2.6265E-5,8.3113E-5,2.312E-4,5.6407E-4,0.0011747,0.0021127,0.0033884,0.0043416,0.0050246,0.005735
SA0P4
r\m,4.0,4.5,5.0,5.5,6.0,6.5,7.0,7.5,7.8,8.0,8.2
0.0,0.10988,0.27057,0.53101,0.88961,1.2379,1.4954,1.636,1.6573,1.5972,1.5469,1.4992
1.0,0.090559,0.23559,0.48473,0.84403,1.2078,1.477,1.6183,1.63,1.5653,1.5133,1.462
5.0,0.038331,0.11448,0.27281,0.54504,0.8717,1.1476,1.3238,1.3806,1.335,1.2971,1.2581
10.0,0.018845,0.058107,0.14689,0.31723,0.56061,0.81195,0.98581,1.0604,1.058,1.0505,1.041
15.0,0.010479,0.033149,0.086382,0.19563,0.36781,0.56609,0.72735,0.83201,0.84914,0.85359,0.85643
20.0,0.0066454,0.021549,0.058266,0.1373,0.26599,0.42403,0.56681,0.67661,0.70456,0.71798,0.72744
25.0,0.0046118,0.015392,0.042301,0.1022,0.20363,0.33284,0.45813,0.56734,0.60043,0.6199,0.6381
30.0,0.0034525,0.011674,0.032519,0.079921,0.16222,0.27097,0.38438,0.4866,0.52386,0.54522,0.56557
40.0,0.0021697,0.0075219,0.021466,0.054629,0.11342,0.19401,0.28622,0.37699,0.4136,0.43588,0.45812
50.0,0.0015178,0.0053428,0.015473,0.040329,0.085418,0.14916,0.2276,0.31031,0.34391,0.36504,0.38586
60.0,0.0011853,0.0042171,0.012312,0.032553,0.070292,0.12523,0.19481,0.27048,0.30213,0.32226,0.34223
70.0,0.0010384,0.0036979,0.010824,0.028997,0.063361,0.11408,0.17952,0.25266,0.28417,0.30488,0.32569
80.0,9.4154E-4,0.003374,0.0099381,0.026869,0.059179,0.10751,0.17069,0.24209,0.27349,0.29418,0.31504
90.0,8.6674E-4,0.003114,0.0091989,0.025074,0.055675,0.10193,0.16333,0.23331,0.26432,0.28448,0.3048
100.0,8.0332E-4,0.002893,0.0085678,0.023527,0.052615,0.097032,0.15648,0.2254,0.25564,0.27569,0.29598
110.0,7.4868E-4,0.0027016,0.0080193,0.022174,0.049872,0.092537,0.14999,0.21741,0.24702,0.2663,0.28579
120.0,7.0006E-4,0.0025332,0.0075427,0.02097,0.047433,0.088481,0.14427,0.21009,0.2387,0.2577,0.27694
130.0,6.4494E-4,0.0023392,0.0069836,0.019527,0.044428,0.083395,0.13669,0.19987,0.22767,0.24631,0.26526
140.0,5.9447E-4,0.0021609,0.006466,0.018182,0.041612,0.078532,0.12928,0.18988,0.21698,0.23512,0.2536
150.0,5.4907E-4,0.0019998,0.005997,0.016956,0.039009,0.074209,0.12275,0.18057,0.20703,0.22531,0.24407
175.0,4.5358E-4,0.0016596,0.0050073,0.014358,0.033573,0.064851,0.1081,0.16029,0.18475,0.201,0.21762
200.0,3.8139E-4,0.0014036,0.004266,0.012392,0.029324,0.057227,0.095566,0.14195,0.16503,0.18088,0.19729
250.0,2.8787E-4,0.0010706,0.0032851,0.0096915,0.023161,0.04495,0.075986,0.11546,0.13559,0.15005,0.16523
300.0,2.2481E-4,8.4689E-4,0.0026317,0.0078166,0.01858,0.036456,0.063263,0.097744,0.11512,0.12724,0.13985
350.0,1.8099E-4,6.8508E-4,0.0021403,0.0063939,0.015433,0.030605,0.053569,0.083282,0.098696,0.10947,0.12076
400.0,1.4834E-4,5.6432E-4,0.0017707,0.0053164,0.012925,0.026016,0.04577,0.071726,0.085433,0.095061,0.10524
450.0,1.2937E-4,4.9625E-4,0.0015728,0.0046514,0.011208,0.022328,0.039187,0.061718,0.073946,0.082763,0.092106
500.0,1.1276E-4,4.3547E-4,0.0013903,0.0040775,0.0097226,0.019309,0.033942,0.053472,0.064532,0.072415,0.080757
600.0,8.5784E-5,3.3475E-4,0.0010785,0.0031264,0.0074626,0.014868,0.026,0.040741,0.049653,0.056034,0.062763
700.0,6.5752E-5,2.5806E-4,8.4414E-4,0.0024378,0.005774,0.011424,0.019996,0.031449,0.03845,0.043444,0.048699
800.0,5.0581E-5,2.003E-4,6.5823E-4,0.0018928,0.0045108,0.008984,0.015668,0.024549,0.030182,0.034194,0.038392
1000.0,2.9544E-5,1.1879E-4,3.9743E-4,0.0011478,0.0027628,0.005552,0.0096451,0.01505,0.018659,0.021255,0.024004
1200.0,1.7327E-5,6.9906E-5,2.3571E-4,6.8727E-4,0.0016747,0.0034066,0.0060189,0.0095084,0.011894,0.013611,0.015403
1500.0,7.8736E-6,3.1799E-5,1.0864E-4,3.2142E-4,8.039E-4,0.0016805,0.0030253,0.004836,0.0061257,0.0070393,0.0079825
SA0P5
r\m,4.0,4.5,5.0,5.5,6.0,6.5,7.0,7.5,7.8,8.0,8.2
0.0,0.070485,0.18359,0.38355,0.68233,0.99504,1.2413,1.383,1.4165,1.368,1.3259,1.2862
1.0,0.057904,0.15937,0.34909,0.64527,0.96722,1.2208,1.3624,1.388,1.3363,1.2931,1.2506
5.0,0.024431,0.077049,0.19527,0.41389,0.69304,0.94153,1.1079,1.1705,1.1347,1.1037,1.0716
10.0,0.012018,0.039188,0.10532,0.24106,0.44627,0.66734,0.82447,0.89688,0.89764,0.89251,0.88549
15.0,0.0067116,0.02244,0.062119,0.14904,0.29339,0.46568,0.60874,0.70351,0.7198,0.72437,0.72739
20.0,0.0042693,0.014626,0.042055,0.10503,0.21269,0.34921,0.47474,0.57248,0.59744,0.60942,0.61781
25.0,0.0029699,0.010482,0.030634,0.078462,0.16338,0.27477,0.38435,0.48061,0.5096,0.52666,0.54254
30.0,0.0022289,0.0079705,0.023615,0.06152,0.13047,0.22415,0.32317,0.41282,0.44522,0.46372,0.48126
40.0,0.0014052,0.0051549,0.015657,0.042265,0.091594,0.16093,0.24132,0.32072,0.3524,0.3716,0.39073
50.0,9.8603E-4,0.0036735,0.011325,0.031315,0.069205,0.12408,0.1925,0.2649,0.29381,0.3119,0.32965
60.0,7.724E-4,0.0029089,0.00904,0.025353,0.057123,0.10449,0.16528,0.23161,0.25883,0.27604,0.29305
70.0,6.8062E-4,0.0025657,0.0079943,0.022725,0.051808,0.095714,0.15312,0.21742,0.24453,0.26227,0.28002
80.0,6.1909E-4,0.0023493,0.0073685,0.021143,0.048567,0.090523,0.14607,0.20898,0.2361,0.25385,0.27169
90.0,5.717E-4,0.0021753,0.0068431,0.0198,0.045849,0.086099,0.14024,0.20206,0.22889,0.24618,0.26356
100.0,5.3146E-4,0.0020273,0.0063944,0.01864,0.043467,0.08221,0.13476,0.19582,0.22199,0.23924,0.25662
110.0,4.9681E-4,0.0018992,0.0060042,0.017626,0.041336,0.078646,0.12957,0.18952,0.21519,0.23177,0.24846
120.0,4.6592E-4,0.0017863,0.0056647,0.016722,0.039436,0.075425,0.12505,0.18374,0.20854,0.22491,0.24143
130.0,4.3048E-4,0.0016545,0.005261,0.015622,0.037055,0.071317,0.11884,0.17529,0.19945,0.21556,0.23187
140.0,3.9788E-4,0.0015327,0.0048855,0.01459,0.034814,0.067361,0.11271,0.16698,0.1906,0.20632,0.22227
150.0,3.6878E-4,0.0014237,0.0045483,0.013657,0.032757,0.063902,0.10743,0.15936,0.18249,0.19842,0.21471
175.0,3.0704E-4,0.0011911,0.0038295,0.011667,0.028457,0.056384,0.095454,0.14265,0.16412,0.17826,0.19267
200.0,2.6002E-4,0.0010151,0.0032903,0.010161,0.025086,0.050209,0.085019,0.12709,0.14753,0.16148,0.17588
250.0,1.9943E-4,7.8742E-4,0.0025777,0.0080967,0.020176,0.039992,0.0685,0.10486,0.12297,0.13597,0.14959
300.0,1.5803E-4,6.3305E-4,0.0021017,0.0066484,0.016414,0.032874,0.057924,0.090248,0.10606,0.11702,0.12837
350.0,1.2919E-4,5.2017E-4,0.0017366,0.0055269,0.013872,0.028068,0.049878,0.078119,0.09234,0.10221,0.11253
400.0,1.0748E-4,4.3521E-4,0.0014595,0.0046696,0.011801,0.024264,0.043293,0.068358,0.081177,0.090137,0.099583
450.0,9.5175E-5,3.8863E-4,0.0013165,0.0041481,0.010384,0.021094,0.037552,0.059672,0.071279,0.079642,0.088494
500.0,8.42E-5,3.4618E-4,0.0011812,0.0036914,0.0091274,0.018476,0.032984,0.052453,0.063144,0.070739,0.078776
600.0,6.632E-5,2.7532E-4,9.4795E-4,0.0029255,0.0072396,0.014706,0.02609,0.041266,0.050204,0.056601,0.063366
700.0,5.2323E-5,2.1872E-4,7.6375E-4,0.0023476,0.0057543,0.011592,0.020614,0.032776,0.039987,0.04513,0.050563
800.0,4.1458E-5,1.7462E-4,6.1257E-4,0.0018737,0.004628,0.0094037,0.016668,0.026425,0.032451,0.036753,0.041281
1000.0,2.5326E-5,1.0834E-4,3.8693E-4,0.0011881,0.0029733,0.0061164,0.010805,0.01708,0.021189,0.024152,0.027309
1200.0,1.5864E-5,6.8053E-5,2.4467E-4,7.5736E-4,0.0019091,0.003958,0.0071151,0.011392,0.014229,0.016273,0.018416
1500.0,7.836E-6,3.3617E-5,1.2217E-4,3.8294E-4,9.8853E-4,0.0021021,0.0038452,0.0062202,0.0078568,0.0090161,0.010217
SA0P75
r\m,4.0,4.5,5.0,5.5,6.0,6.5,7.0,7.5,7.8,8.0,8.2
0.0,0.030265,0.084379,0.19347,0.38186,0.61227,0.8255,0.97327,1.0391,1.0197,0.99659,0.97423
1.0,0.024759,0.072957,0.1754,0.35954,0.59215,0.80717,0.95344,1.0132,0.99155,0.96799,0.94357
5.0,0.010406,0.035045,0.097344,0.2286,0.42029,0.61647,0.76929,0.84943,0.83705,0.82146,0.80386
10.0,0.0051242,0.01788,0.052643,0.13331,0.27117,0.43806,0.57198,0.64876,0.6605,0.66293,0.66304
15.0,0.0028788,0.010293,0.031183,0.082726,0.1788,0.30609,0.42274,0.50865,0.52902,0.53714,0.5435
20.0,0.0018391,0.0067347,0.021222,0.058636,0.13008,0.22992,0.33002,0.41427,0.43925,0.45198,0.46155
25.0,0.0012838,0.0048494,0.015533,0.044029,0.1004,0.18151,0.2678,0.34836,0.3751,0.39107,0.40588
30.0,9.6682E-4,0.0037012,0.012021,0.034655,0.080452,0.14849,0.22583,0.2998,0.3283,0.34481,0.36039
40.0,6.1239E-4,0.0024068,0.0080216,0.023984,0.056811,0.10703,0.16928,0.23376,0.2607,0.27715,0.29345
50.0,4.3163E-4,0.0017235,0.0058319,0.017866,0.043128,0.082849,0.13561,0.19395,0.2181,0.23326,0.24807
60.0,3.396E-4,0.0013712,0.0046772,0.014529,0.035754,0.07006,0.11693,0.17027,0.19281,0.2071,0.22115
70.0,3.0168E-4,0.0012194,0.0041708,0.013138,0.032707,0.064678,0.10911,0.16088,0.18323,0.19786,0.21243
80.0,2.7563E-4,0.0011222,0.0038659,0.012293,0.030821,0.061467,0.10455,0.15528,0.17763,0.19226,0.2069
90.0,2.5566E-4,0.0010441,0.0036074,0.01157,0.029237,0.058717,0.10082,0.15078,0.17289,0.18713,0.20136
100.0,2.3867E-4,9.7745E-4,0.0033868,0.010945,0.027842,0.056299,0.097272,0.14672,0.16828,0.18248,0.19673
110.0,2.2405E-4,9.198E-4,0.0031947,0.010398,0.026598,0.054087,0.09391,0.14262,0.16379,0.17743,0.1911
120.0,2.1099E-4,8.6889E-4,0.0030273,0.0099096,0.025486,0.052085,0.091029,0.13885,0.15931,0.1728,0.18634
130.0,1.9573E-4,8.0827E-4,0.0028239,0.0093,0.024053,0.049461,0.086864,0.13295,0.15288,0.16617,0.17956
140.0,1.8159E-4,7.5177E-4,0.0026334,0.0087222,0.022696,0.04691,0.08269,0.12709,0.14662,0.15958,0.17268
150.0,1.6913E-4,7.0192E-4,0.0024648,0.0082075,0.021465,0.044739,0.079217,0.12185,0.141,0.15418,0.1676
175.0,1.4234E-4,5.9388E-4,0.0020998,0.0071,0.01889,0.039997,0.071233,0.11026,0.12808,0.13975,0.1516
200.0,1.2172E-4,5.1163E-4,0.0018257,0.0062623,0.016868,0.036059,0.064074,0.099012,0.11605,0.12765,0.13959
250.0,9.5434E-5,4.0629E-4,0.0014653,0.005123,0.013912,0.029269,0.052534,0.083213,0.098546,0.10957,0.12111
300.0,7.7143E-5,3.3406E-4,0.0012246,0.0043142,0.011539,0.024503,0.045362,0.073216,0.086764,0.096136,0.10578
350.0,6.439E-5,2.8056E-4,0.0010348,0.0036694,0.0099929,0.021414,0.039965,0.064738,0.077112,0.085659,0.094579
400.0,5.4693E-5,2.3991E-4,8.8927E-4,0.0031717,0.0086911,0.018951,0.035449,0.057898,0.069225,0.077133,0.085448
450.0,4.945E-5,2.1888E-4,8.1984E-4,0.0028794,0.0078077,0.016772,0.031306,0.051555,0.061994,0.069539,0.077532
500.0,4.4655E-5,1.9913E-4,7.5141E-4,0.0026184,0.0069928,0.014958,0.028044,0.046249,0.056082,0.063074,0.070493
600.0,3.6941E-5,1.6631E-4,6.3358E-4,0.0021784,0.00582,0.012493,0.023238,0.03812,0.046764,0.052983,0.059617
700.0,3.0363E-5,1.3802E-4,5.3273E-4,0.0018248,0.0048147,0.010227,0.01911,0.031598,0.038848,0.044054,0.049616
800.0,2.5109E-5,1.1488E-4,4.4578E-4,0.0015188,0.0040487,0.0087003,0.016222,0.026802,0.033225,0.037866,0.042829
1000.0,1.6374E-5,7.6255E-5,3.0169E-4,0.0010323,0.0028039,0.0061383,0.011434,0.018903,0.023758,0.027314,0.031168
1200.0,1.1355E-5,5.3119E-5,2.1163E-4,7.3003E-4,0.0019821,0.0043444,0.0082553,0.013873,0.017504,0.020155,0.022993
1500.0,6.4059E-6,3.0057E-5,1.2098E-4,4.2244E-4,0.0011717,0.0026302,0.0050929,0.0086626,0.011043,0.012762,0.014584
SA1P0
r\m,4.0,4.5,5.0,5.5,6.0,6.5,7.0,7.5,7.8,8.0,8.2
0.0,0.01642,0.046983,0.11297,0.23738,0.40659,0.58348,0.72553,0.80956,0.81074,0.80168,0.79206
1.0,0.013406,0.040546,0.10224,0.22304,0.39227,0.5689,0.70881,0.7874,0.78666,0.7771,0.76565
5.0,0.0056253,0.019421,0.056537,0.14124,0.27719,0.43249,0.56978,0.65831,0.6622,0.65764,0.65046
10.0,0.0027721,0.009927,0.030625,0.082443,0.17907,0.30779,0.42353,0.50205,0.52191,0.53021,0.53602
15.0,0.0015623,0.005731,0.018185,0.051269,0.11828,0.21524,0.31322,0.39356,0.4178,0.42925,0.43892
20.0,0.0010003,0.0037577,0.012411,0.036454,0.086222,0.16184,0.24468,0.32069,0.34697,0.36124,0.3727
25.0,6.9955E-4,0.0027127,0.0091082,0.027449,0.066718,0.12801,0.1988,0.2699,0.29647,0.31274,0.32797
30.0,5.2784E-4,0.0020747,0.0070643,0.021652,0.053568,0.10489,0.1679,0.23251,0.25971,0.27593,0.29135
40.0,3.3522E-4,0.0013534,0.0047313,0.015047,0.037952,0.075774,0.12612,0.18164,0.20657,0.2221,0.23755
50.0,2.3686E-4,9.7182E-4,0.00345,0.011243,0.028891,0.058785,0.10127,0.15105,0.1731,0.18718,0.201
60.0,1.8681E-4,7.7528E-4,0.0027745,0.0091669,0.024011,0.049828,0.087516,0.13288,0.1533,0.16643,0.17941
70.0,1.6665E-4,6.9247E-4,0.0024852,0.0083291,0.022066,0.046187,0.081963,0.12596,0.14609,0.15943,0.17276
80.0,1.5263E-4,6.3908E-4,0.0023107,0.0078185,0.020853,0.044009,0.078717,0.12182,0.14191,0.1552,0.16856
90.0,1.4191E-4,5.961E-4,0.002162,0.0073791,0.019834,0.042138,0.076088,0.11853,0.13837,0.15131,0.16429
100.0,1.3278E-4,5.5946E-4,0.0020351,0.0069994,0.018934,0.040493,0.073557,0.11557,0.13491,0.14778,0.16075
110.0,1.2492E-4,5.2776E-4,0.0019246,0.0066667,0.018133,0.038989,0.071163,0.11258,0.13156,0.14393,0.15638
120.0,1.1789E-4,4.9973E-4,0.0018282,0.0063692,0.017416,0.037627,0.069133,0.10983,0.12819,0.14041,0.15272
130.0,1.096E-4,4.6595E-4,0.0017094,0.0059923,0.016476,0.035813,0.066105,0.10534,0.12321,0.13523,0.14738
140.0,1.0188E-4,4.3432E-4,0.0015978,0.005633,0.015582,0.034038,0.063045,0.10087,0.11835,0.13006,0.14194
150.0,9.5131E-5,4.0662E-4,0.0014998,0.0053156,0.014777,0.032552,0.06055,0.096931,0.11405,0.12593,0.13807
175.0,8.0505E-5,3.4609E-4,0.0012858,0.004629,0.013094,0.029297,0.054772,0.088165,0.10408,0.1146,0.12531
200.0,6.9189E-5,2.9984E-4,0.001125,0.0041104,0.01177,0.02658,0.049506,0.079456,0.094636,0.10506,0.11582
250.0,5.4848E-5,2.4101E-4,9.1435E-4,0.0034092,0.0098348,0.021781,0.040934,0.067357,0.08105,0.090974,0.1014
300.0,4.4777E-5,2.0045E-4,7.7403E-4,0.002909,0.0082392,0.018401,0.035707,0.059889,0.072045,0.080517,0.089249
350.0,3.7762E-5,1.7023E-4,6.6167E-4,0.0025037,0.0072251,0.01627,0.031813,0.053494,0.064648,0.072405,0.080527
400.0,3.2403E-5,1.4718E-4,5.7518E-4,0.0021898,0.0063554,0.014569,0.028521,0.048347,0.058615,0.065837,0.073453
450.0,2.9599E-5,1.3574E-4,5.3624E-4,0.0020105,0.0057702,0.013009,0.025409,0.043465,0.052984,0.059923,0.067305
500.0,2.6999E-5,1.2482E-4,4.9688E-4,0.0018488,0.0052176,0.011707,0.022983,0.039381,0.048421,0.054902,0.061818
600.0,2.2889E-5,1.0689E-4,4.2987E-4,0.0015779,0.004453,0.010023,0.019501,0.033233,0.041354,0.047259,0.053614
700.0,1.9201E-5,9.0719E-5,3.6958E-4,0.0013521,0.0037619,0.0083667,0.01637,0.028161,0.035104,0.040149,0.045594
800.0,1.6225E-5,7.7148E-5,3.1625E-4,0.0011509,0.0032398,0.0073016,0.014264,0.024552,0.03089,0.035537,0.040575
1000.0,1.0931E-5,5.3029E-5,2.22E-4,8.1215E-4,0.0023374,0.0053865,0.010531,0.018188,0.023255,0.027031,0.031186
1200.0,8.0028E-6,3.9097E-5,1.6505E-4,6.0949E-4,0.0017464,0.0040147,0.0080246,0.014133,0.018115,0.021073,0.024302
1500.0,4.8533E-6,2.3883E-5,1.0204E-4,3.8204E-4,0.0011175,0.0026308,0.0053729,0.0096138,0.012453,0.014553,0.016834
SA1P5
r\m,4.0,4.5,5.0,5.5,6.0,6.5,7.0,7.5,7.8,8.0,8.2
0.0,0.0069236,0.020152,0.050781,0.11456,0.21335,0.33423,0.45163,0.54325,0.56521,0.5718,0.577
1.0,0.0056425,0.017362,0.045878,0.10743,0.20537,0.325,0.44009,0.52715,0.54728,0.55321,0.55673
5.0,0.0023647,0.0082961,0.025293,0.067791,0.14455,0.24606,0.35259,0.43963,0.45951,0.46697,0.47173
10.0,0.0011666,0.00425,0.01373,0.039627,0.093546,0.17544,0.26212,0.33488,0.36181,0.37618,0.38843
15.0,6.5963E-4,0.0024614,0.008175,0.024706,0.06192,0.12284,0.19403,0.26254,0.28952,0.30435,0.31777
20.0,4.2343E-4,0.0016178,0.0055973,0.017628,0.045247,0.092495,0.15171,0.21407,0.24053,0.25618,0.26983
25.0,2.9673E-4,0.0011712,0.00412,0.013315,0.035115,0.073315,0.12345,0.18035,0.20567,0.22193,0.23761
30.0,2.2437E-4,8.9785E-4,0.0032036,0.01053,0.028259,0.060186,0.10445,0.15555,0.18034,0.19595,0.21118
40.0,1.4292E-4,5.8785E-4,0.0021549,0.0073528,0.0201,0.043606,0.078661,0.12177,0.1437,0.15798,0.17242
50.0,1.0128E-4,4.2351E-4,0.0015769,0.0055147,0.015353,0.033924,0.06333,0.10152,0.12064,0.13332,0.14603
60.0,8.01E-5,3.3893E-4,0.0012724,0.0045107,0.012799,0.028835,0.054869,0.089508,0.10702,0.11872,0.13051
70.0,7.1777E-5,3.0417E-4,0.0011454,0.00412,0.011822,0.026848,0.05159,0.085127,0.10228,0.11402,0.12597
80.0,6.5914E-5,2.8161E-4,0.0010687,0.0038816,0.011209,0.025659,0.049674,0.082512,0.099548,0.1112,0.12311
90.0,6.1444E-5,2.6345E-4,0.0010031,0.0036754,0.010694,0.024633,0.048136,0.080457,0.09725,0.10858,0.12015
100.0,5.763E-5,2.4795E-4,9.4705E-4,0.0034971,0.010238,0.023732,0.046639,0.078606,0.094975,0.10621,0.11772
110.0,5.4354E-5,2.3455E-4,8.9821E-4,0.0033407,0.0098331,0.022908,0.045222,0.076736,0.092786,0.10361,0.11467
120.0,5.1415E-5,2.2267E-4,8.5554E-4,0.0032007,0.0094695,0.022161,0.044035,0.075015,0.090556,0.10122,0.11214
130.0,4.7908E-5,2.0815E-4,8.0214E-4,0.0030199,0.0089822,0.021145,0.042198,0.072073,0.087166,0.097618,0.10836
140.0,4.4627E-5,1.9448E-4,7.5169E-4,0.0028462,0.0085171,0.020144,0.040323,0.069131,0.083855,0.094019,0.10449
150.0,4.1778E-5,1.8261E-4,7.0777E-4,0.0026941,0.0081008,0.019321,0.038828,0.066574,0.080969,0.091207,0.10183
175.0,3.5556E-5,1.5641E-4,6.1094E-4,0.0023632,0.0072311,0.017513,0.035335,0.060856,0.074206,0.083301,0.092694
200.0,3.0714E-5,1.3632E-4,5.3815E-4,0.0021136,0.0065465,0.015992,0.032094,0.055031,0.067687,0.07661,0.085949
250.0,2.4616E-5,1.1094E-4,4.432E-4,0.0017785,0.0055447,0.013233,0.026757,0.047024,0.058408,0.066835,0.075812
300.0,2.029E-5,9.3343E-5,3.8013E-4,0.0015382,0.0046929,0.011282,0.023569,0.042215,0.052357,0.059595,0.067156
350.0,1.7281E-5,8.0145E-5,3.2877E-4,0.00134,0.0041675,0.01009,0.021224,0.038055,0.047378,0.054011,0.06105
400.0,1.4972E-5,7.0045E-5,2.8907E-4,0.001186,0.0037073,0.0091403,0.019219,0.034723,0.04333,0.049525,0.056138
450.0,1.3807E-5,6.5277E-5,2.7248E-4,0.001101,0.0034011,0.0082307,0.01726,0.031484,0.039487,0.045444,0.051868
500.0,1.2711E-5,6.0637E-5,2.5518E-4,0.0010237,0.0031041,0.0074698,0.015752,0.028781,0.03641,0.042002,0.048055
600.0,1.1025E-5,5.3181E-5,2.2637E-4,8.9597E-4,0.0027151,0.0065503,0.013667,0.024822,0.031782,0.036964,0.042638
700.0,9.4211E-6,4.6104E-5,1.9883E-4,7.849E-4,0.0023405,0.0055688,0.011695,0.021467,0.027514,0.032018,0.036972
800.0,8.1192E-6,4.0004E-5,1.7383E-4,6.8283E-4,0.0020633,0.0049819,0.010451,0.019221,0.024886,0.029156,0.033889
1000.0,5.6264E-6,2.8383E-5,1.2627E-4,4.9944E-4,0.0015487,0.0038383,0.0080731,0.014943,0.019712,0.023375,0.027505
1200.0,4.3354E-6,2.2115E-5,9.9486E-5,3.9812E-4,0.001224,0.0030143,0.0065001,0.012321,0.016268,0.019293,0.022695
1500.0,2.8138E-6,1.4558E-5,6.6528E-5,2.7087E-4,8.5011E-4,0.0021451,0.0047467,0.0091968,0.012282,0.014658,0.017336
SA2P0
r\m,4.0,4.5,5.0,5.5,6.0,6.5,7.0,7.5,7.8,8.0,8.2
0.0,0.0037481,0.010964,0.028303,0.066536,0.13063,0.21713,0.31168,0.39731,0.42653,0.43993,0.45207
1.0,0.0030521,0.0094385,0.025552,0.062342,0.12561,0.21088,0.30336,0.38512,0.41261,0.42526,0.43581
5.0,0.0012786,0.0045062,0.014071,0.039288,0.088276,0.15939,0.24272,0.32086,0.34606,0.35857,0.36885
10.0,6.3129E-4,0.0023117,0.0076486,0.02299,0.057197,0.11379,0.1805,0.24432,0.2724,0.28879,0.30364
15.0,3.5761E-4,0.0013412,0.0045618,0.014356,0.037912,0.079749,0.13371,0.19159,0.21798,0.23361,0.24832
20.0,2.2989E-4,8.8286E-4,0.0031292,0.010264,0.027745,0.060106,0.10463,0.15631,0.18115,0.19668,0.21088
25.0,1.613E-4,6.4021E-4,0.0023074,0.0077675,0.021569,0.047706,0.085219,0.13178,0.15497,0.17046,0.18578
30.0,1.2211E-4,4.9145E-4,0.0017969,0.006152,0.017383,0.03921,0.07218,0.11373,0.13597,0.15057,0.16516
40.0,7.793E-5,3.225E-4,0.0012118,0.0043084,0.012395,0.028463,0.05445,0.08916,0.10846,0.1215,0.13496
50.0,5.5318E-5,2.3282E-4,8.8881E-4,0.0032389,0.0094882,0.022184,0.043913,0.074446,0.091152,0.10262,0.11436
60.0,4.3824E-5,1.8668E-4,7.1862E-4,0.0026547,0.0079256,0.018891,0.038107,0.065721,0.080952,0.091462,0.10227
70.0,3.9367E-5,1.6798E-4,6.4873E-4,0.002432,0.0073416,0.017634,0.03591,0.062618,0.07748,0.087957,0.098833
80.0,3.6208E-5,1.5582E-4,6.0663E-4,0.0022964,0.0069754,0.016883,0.034628,0.06077,0.075492,0.085864,0.096668
90.0,3.3803E-5,1.4602E-4,5.7042E-4,0.0021787,0.0066676,0.016235,0.033606,0.059327,0.073822,0.083911,0.094409
100.0,3.175E-5,1.3766E-4,5.3953E-4,0.0020768,0.0063943,0.015665,0.032604,0.058028,0.072159,0.082141,0.09256
110.0,2.9986E-5,1.3042E-4,5.1258E-4,0.0019875,0.0061518,0.015144,0.031655,0.056713,0.070563,0.08019,0.090219
120.0,2.8402E-5,1.2401E-4,4.8903E-4,0.0019075,0.0059339,0.014671,0.030865,0.055502,0.068925,0.078399,0.088281
130.0,2.6498E-5,1.1609E-4,4.5923E-4,0.0018027,0.0056375,0.014019,0.029614,0.053374,0.066394,0.07566,0.085355
140.0,2.4712E-5,1.0862E-4,4.31E-4,0.0017016,0.0053537,0.013373,0.028329,0.05124,0.063919,0.072917,0.082349
150.0,2.3166E-5,1.0215E-4,4.0652E-4,0.0016135,0.0051006,0.012848,0.027317,0.049399,0.061777,0.070799,0.080326
175.0,1.9776E-5,8.7801E-5,3.5225E-4,0.0014211,0.0045716,0.01169,0.024939,0.045269,0.056731,0.064764,0.073202
200.0,1.7128E-5,7.6764E-5,3.1142E-4,0.001276,0.0041549,0.010713,0.022709,0.041003,0.05182,0.05964,0.067959
250.0,1.3803E-5,6.2877E-5,2.5828E-4,0.001082,0.0035446,0.0089109,0.019012,0.035167,0.04486,0.052191,0.06012
300.0,1.143E-5,5.3212E-5,2.2302E-4,9.4244E-4,0.0030161,0.0076317,0.016825,0.031706,0.040354,0.046671,0.053374
350.0,9.7791E-6,4.5932E-5,1.9401E-4,8.2599E-4,0.0026953,0.0068641,0.015227,0.028695,0.036639,0.042424,0.048652
400.0,8.509E-6,4.0349E-5,1.7153E-4,7.3531E-4,0.0024109,0.0062518,0.013851,0.026287,0.033624,0.039023,0.044867
450.0,7.8796E-6,3.7783E-5,1.6253E-4,6.863E-4,0.0022227,0.0056512,0.012481,0.023917,0.030736,0.035914,0.041577
500.0,7.2832E-6,3.5257E-5,1.5296E-4,6.4144E-4,0.0020373,0.005148,0.011434,0.021942,0.028438,0.033301,0.038641
600.0,6.3792E-6,3.1254E-5,1.3726E-4,5.6795E-4,0.0018023,0.004563,0.010017,0.019094,0.025042,0.029565,0.034593
700.0,5.4914E-6,2.7341E-5,1.217E-4,5.0248E-4,0.0015674,0.0039094,0.0086387,0.01665,0.021845,0.025799,0.030214
800.0,4.7694E-6,2.3922E-5,1.0738E-4,4.4133E-4,0.0013961,0.0035356,0.0078049,0.015078,0.01999,0.023777,0.028045
1000.0,3.3363E-6,1.7173E-5,7.9064E-5,3.2754E-4,0.0010653,0.0027745,0.0061453,0.011965,0.016179,0.019494,0.023299
1200.0,2.6244E-6,1.3698E-5,6.3892E-5,2.6826E-4,8.6328E-4,0.0022293,0.0050697,0.010132,0.0137,0.016503,0.01972
1500.0,1.7476E-6,9.2952E-6,4.4171E-5,1.8918E-4,6.2162E-4,0.0016455,0.0038504,0.0078959,0.010805,0.013113,0.015781
SA3P0
r\m,4.0,4.5,5.0,5.5,6.0,6.5,7.0,7.5,7.8,8.0,8.2
0.0,0.0015718,0.0046171,0.012262,0.030325,0.063696,0.11458,0.1789,0.24801,0.27911,0.29656,0.31347
1.0,0.001279,0.0039723,0.011064,0.028394,0.061196,0.11117,0.17395,0.24018,0.26977,0.28644,0.30197
5.0,5.3583E-4,0.0018957,0.0060888,0.017879,0.042965,0.083925,0.13906,0.19997,0.22608,0.24132,0.25534
10.0,2.6486E-4,9.7424E-4,0.0033157,0.010479,0.027886,0.060019,0.10349,0.15228,0.17797,0.19437,0.21019
15.0,1.5035E-4,5.6648E-4,0.0019817,0.006557,0.018518,0.042122,0.076752,0.11948,0.14245,0.15724,0.17188
20.0,9.6821E-5,3.7356E-4,0.0013624,0.0046996,0.013578,0.031791,0.060121,0.097558,0.11845,0.13244,0.146
25.0,6.8034E-5,2.7142E-4,0.0010067,0.0035643,0.010578,0.025277,0.049034,0.082326,0.10141,0.11486,0.12869
30.0,5.1583E-5,2.0871E-4,7.8548E-4,0.0028285,0.0085405,0.020807,0.04159,0.071125,0.089047,0.10152,0.11447
40.0,3.2998E-5,1.3736E-4,5.3151E-4,0.0019881,0.00611,0.015144,0.031446,0.055859,0.071134,0.082023,0.093628
50.0,2.3476E-5,9.9419E-5,3.9097E-4,0.0014991,0.0046904,0.011833,0.025417,0.046729,0.059866,0.06935,0.079396
60.0,1.8637E-5,7.9916E-5,3.1695E-4,0.001232,0.0039283,0.010101,0.022103,0.041322,0.053237,0.061876,0.071065
70.0,1.6788E-5,7.2136E-5,2.8708E-4,0.0011327,0.0036514,0.0094575,0.020884,0.039455,0.051042,0.059594,0.068762
80.0,1.5471E-5,6.7068E-5,2.6916E-4,0.0010725,0.0034782,0.009076,0.020178,0.038348,0.049795,0.058239,0.067316
90.0,1.447E-5,6.2987E-5,2.5369E-4,0.00102,0.0033327,0.0087459,0.019619,0.037493,0.048751,0.056968,0.06579
100.0,1.3614E-5,5.95E-5,2.4049E-4,9.7464E-4,0.0032031,0.0084556,0.019065,0.036721,0.047701,0.055813,0.064545
110.0,1.2879E-5,5.6483E-5,2.2896E-4,9.3479E-4,0.0030883,0.0081899,0.01854,0.035937,0.046695,0.054533,0.062952
120.0,1.2217E-5,5.3803E-5,2.1888E-4,8.9902E-4,0.0029848,0.0079484,0.018107,0.035214,0.045653,0.053355,0.061636
130.0,1.1415E-5,5.0456E-5,2.0594E-4,8.5136E-4,0.0028412,0.0076084,0.017398,0.033899,0.044012,0.051526,0.059625
140.0,1.066E-5,4.7285E-5,1.9363E-4,8.0516E-4,0.0027032,0.00727,0.016665,0.032576,0.042405,0.049689,0.057553
150.0,1.0008E-5,4.4551E-5,1.83E-4,7.6504E-4,0.0025805,0.0069972,0.016095,0.031443,0.041023,0.048287,0.056182
175.0,8.5725E-6,3.8445E-5,1.5928E-4,6.7701E-4,0.0023238,0.0063948,0.014746,0.02889,0.037746,0.044233,0.051246
200.0,7.4459E-6,3.3733E-5,1.414E-4,6.106E-4,0.0021213,0.0058831,0.013465,0.026211,0.034523,0.040778,0.047617
250.0,6.0344E-6,2.7821E-5,1.1817E-4,5.2212E-4,0.001824,0.0049216,0.011323,0.022557,0.029967,0.035767,0.042208
300.0,5.0194E-6,2.3683E-5,1.0275E-4,4.5811E-4,0.0015609,0.0042352,0.010066,0.020413,0.027028,0.032044,0.037511
350.0,4.3124E-6,2.0549E-5,8.9904E-5,4.0397E-4,0.0014036,0.0038298,0.0091504,0.018533,0.024597,0.029179,0.034236
400.0,3.7661E-6,1.8135E-5,7.9909E-5,3.6164E-4,0.0012621,0.0035057,0.0083555,0.017028,0.022622,0.026887,0.031615
450.0,3.4992E-6,1.7053E-5,7.6073E-5,3.392E-4,0.0011687,0.0031791,0.0075484,0.015528,0.020713,0.02478,0.029334
500.0,3.2439E-6,1.5973E-5,7.1897E-5,3.1847E-4,0.0010751,0.0029046,0.0069345,0.014278,0.019201,0.023013,0.027298
600.0,2.8621E-6,1.4281E-5,6.514E-5,2.8479E-4,9.6012E-4,0.0025968,0.006118,0.012498,0.016998,0.020535,0.024561
700.0,2.4747E-6,1.2573E-5,5.816E-5,2.5387E-4,8.4046E-4,0.0022363,0.0053021,0.01095,0.014885,0.01798,0.021519
800.0,2.1588E-6,1.1059E-5,5.1647E-5,2.245E-4,7.5418E-4,0.0020382,0.0048268,0.0099927,0.013726,0.016702,0.020139
1000.0,1.5124E-6,7.9748E-6,3.828E-5,1.6794E-4,5.8111E-4,0.0016176,0.0038444,0.0080275,0.011255,0.013881,0.016972
1200.0,1.2032E-6,6.4554E-6,3.1468E-5,1.402E-4,4.7903E-4,0.001319,0.0032224,0.0069209,0.0096917,0.011944,0.014601
1500.0,8.0865E-7,4.4467E-6,2.2167E-5,1.0106E-4,3.5271E-4,9.9596E-4,0.0025104,0.0055553,0.0078772,0.0097915,0.012077
SA4P0
r\m,4.0,4.5,5.0,5.5,6.0,6.5,7.0,7.5,7.8,8.0,8.2
0.0,8.4448E-4,0.0024899,0.0067403,0.017238,0.037878,0.071895,0.119,0.1751,0.20395,0.22152,0.23914
1.0,6.8702E-4,0.0021417,0.0060804,0.016136,0.03638,0.069724,0.11566,0.16951,0.19706,0.21389,0.23029
5.0,2.879E-4,0.0010222,0.0033464,0.010161,0.025538,0.052625,0.092446,0.14113,0.16512,0.18016,0.19467
10.0,1.4243E-4,5.2597E-4,0.0018246,0.005962,0.016596,0.03768,0.068853,0.1075,0.13001,0.14514,0.16028
15.0,8.0956E-5,3.0625E-4,0.001092,0.0037356,0.011034,0.026471,0.051106,0.084392,0.10411,0.11744,0.13108
20.0,5.2189E-5,2.0219E-4,7.5183E-4,0.0026815,0.0081011,0.019999,0.040066,0.068951,0.086608,0.098958,0.11137
25.0,3.6708E-5,1.4709E-4,5.5629E-4,0.0020366,0.0063201,0.015919,0.032707,0.058225,0.074183,0.085859,0.098211
30.0,2.7859E-5,1.1323E-4,4.3456E-4,0.0016182,0.0051088,0.013119,0.027768,0.050338,0.065179,0.075926,0.087384
40.0,1.785E-5,7.4664E-5,2.947E-4,0.0011401,0.0036629,0.009566,0.021029,0.039585,0.052122,0.061397,0.071527
50.0,1.2718E-5,5.4138E-5,2.172E-4,8.6147E-4,0.0028173,0.0074873,0.017024,0.033157,0.043907,0.05195,0.060688
60.0,1.0111E-5,4.3589E-5,1.764E-4,7.0929E-4,0.0023638,0.0064018,0.014826,0.029354,0.039081,0.046385,0.054351
70.0,9.1233E-6,3.9421E-5,1.6011E-4,6.5355E-4,0.0022019,0.0060057,0.014031,0.028064,0.037509,0.044715,0.052628
80.0,8.4178E-6,3.6707E-5,1.5037E-4,6.199E-4,0.002101,0.0057723,0.013574,0.027304,0.036622,0.043727,0.051549
90.0,7.8825E-6,3.4522E-5,1.4194E-4,5.9053E-4,0.0020163,0.0055701,0.013214,0.02672,0.03588,0.042797,0.050402
100.0,7.4244E-6,3.2654E-5,1.3475E-4,5.6511E-4,0.0019407,0.0053923,0.012855,0.026193,0.03513,0.041952,0.049468
110.0,7.0307E-6,3.1036E-5,1.2847E-4,5.4279E-4,0.0018737,0.0052293,0.012514,0.025655,0.034411,0.041009,0.048263
120.0,6.6762E-6,2.9599E-5,1.2297E-4,5.2272E-4,0.0018134,0.005081,0.012234,0.025158,0.033662,0.040141,0.04727
130.0,6.2436E-6,2.7788E-5,1.1585E-4,4.9565E-4,0.0017283,0.0048692,0.011766,0.024234,0.032468,0.038779,0.04574
140.0,5.8356E-6,2.6069E-5,1.0905E-4,4.6932E-4,0.0016463,0.0046575,0.01128,0.023302,0.031296,0.03741,0.04416
150.0,5.484E-6,2.4589E-5,1.0319E-4,4.465E-4,0.0015735,0.0044879,0.010904,0.022507,0.030292,0.03637,0.043123
175.0,4.7065E-6,2.127E-5,9.0054E-5,3.9627E-4,0.001421,0.0041123,0.010012,0.02071,0.0279,0.033339,0.039347
200.0,4.0948E-6,1.8702E-5,8.0145E-5,3.5834E-4,0.0013005,0.0037919,0.0091567,0.018807,0.025533,0.030748,0.036571
250.0,3.3286E-6,1.5484E-5,6.7268E-5,3.0787E-4,0.0011233,0.0031826,0.0077186,0.016212,0.022187,0.026989,0.03243
300.0,2.775E-6,1.3222E-5,5.871E-5,2.712E-4,9.642E-4,0.0027457,0.0068766,0.014693,0.020028,0.024187,0.028813
350.0,2.3886E-6,1.1501E-5,5.152E-5,2.3989E-4,8.698E-4,0.0024894,0.0062635,0.013353,0.018235,0.022026,0.02629
400.0,2.0891E-6,1.0171E-5,4.5905E-5,2.1533E-4,7.8398E-4,0.0022837,0.0057277,0.012279,0.016774,0.020293,0.024267
450.0,1.9432E-6,9.5801E-6,4.379E-5,2.024E-4,7.2736E-4,0.0020734,0.0051779,0.011201,0.015356,0.018695,0.022503
500.0,1.8029E-6,8.9852E-6,4.1454E-5,1.9037E-4,6.6998E-4,0.001896,0.0047598,0.0103,0.014232,0.017355,0.020927
600.0,1.5937E-6,8.0554E-6,3.7686E-5,1.7084E-4,6.0028E-4,0.0016996,0.004206,0.0090219,0.012601,0.015482,0.018821
700.0,1.3781E-6,7.1012E-6,3.3703E-5,1.526E-4,5.2619E-4,0.0014644,0.0036455,0.0079018,0.011024,0.013538,0.016462
800.0,1.2018E-6,6.2477E-6,2.9957E-5,1.351E-4,4.7283E-4,0.0013366,0.0033221,0.0072166,0.010171,0.012582,0.015416
1000.0,8.3746E-7,4.4894E-6,2.2154E-5,1.0091E-4,3.6403E-4,0.0010603,0.0026442,0.0057928,0.0083335,0.010449,0.012985
1200.0,6.6484E-7,3.634E-6,1.8237E-5,8.4451E-5,3.0052E-4,8.6467E-4,0.0022171,0.0049994,0.0071774,0.0089896,0.011167
1500.0,4.4268E-7,2.4885E-6,1.2799E-5,6.076E-5,2.2089E-4,6.5178E-4,0.0017263,0.0040179,0.0058412,0.0073829,0.0092612
SA5P0
r\m,4.0,4.5,5.0,5.5,6.0,6.5,7.0,7.5,7.8,8.0,8.2
0.0,5.1629E-4,0.0015286,0.0042023,0.01103,0.025094,0.04964,0.085972,0.13254,0.15863,0.17534,0.19251
1.0,4.1998E-4,0.0013147,0.0037906,0.010325,0.024098,0.048132,0.083541,0.12828,0.15325,0.16928,0.18536
5.0,1.7605E-4,6.2767E-4,0.0020867,0.0065024,0.016919,0.036331,0.066782,0.10682,0.12842,0.14259,0.15669
10.0,8.7155E-5,3.2326E-4,0.0011389,0.003819,0.011005,0.026038,0.04977,0.081392,0.10115,0.1149,0.12903
15.0,4.9586E-5,1.8841E-4,6.823E-4,0.0023953,0.0073245,0.018307,0.036968,0.063929,0.081018,0.092997,0.10554
20.0,3.1993E-5,1.245E-4,4.7025E-4,0.0017214,0.0053828,0.013843,0.029001,0.05226,0.067429,0.078387,0.089696
25.0,2.2519E-5,9.0658E-5,3.4829E-4,0.0013088,0.0042037,0.011029,0.023692,0.044156,0.057781,0.068037,0.079124
30.0,1.7103E-5,6.9848E-5,2.7233E-4,0.0010409,0.0034011,0.0090958,0.020129,0.038195,0.050791,0.060189,0.070422
40.0,1.0972E-5,4.6125E-5,1.8499E-4,7.3465E-4,0.0024426,0.0066423,0.015264,0.030066,0.04065,0.048705,0.057676
50.0,7.8267E-6,3.349E-5,1.3655E-4,5.5599E-4,0.0018816,0.005206,0.012371,0.025209,0.03427,0.041236,0.048958
60.0,6.2289E-6,2.6999E-5,1.1105E-4,4.5842E-4,0.0015809,0.004457,0.010786,0.022338,0.030524,0.03684,0.043865
70.0,5.6275E-6,2.4452E-5,1.0095E-4,4.2308E-4,0.001475,0.0041872,0.01022,0.021377,0.029319,0.035537,0.042498
80.0,5.1973E-6,2.2795E-5,9.493E-5,4.0183E-4,0.0014092,0.0040291,0.0098974,0.020814,0.028643,0.034769,0.041643
90.0,4.8711E-6,2.146E-5,8.9716E-5,3.8327E-4,0.001354,0.0038922,0.0096437,0.020383,0.028078,0.034045,0.04073
100.0,4.5919E-6,2.0319E-5,8.5266E-5,3.6719E-4,0.0013047,0.0037717,0.0093897,0.019993,0.027505,0.033385,0.039986
110.0,4.3518E-6,1.9331E-5,8.1376E-5,3.5307E-4,0.001261,0.0036612,0.0091477,0.019595,0.026955,0.032647,0.039022
120.0,4.1354E-6,1.8452E-5,7.7969E-5,3.4036E-4,0.0012215,0.0035605,0.0089498,0.019226,0.026378,0.031966,0.038227
130.0,3.8702E-6,1.7338E-5,7.3518E-5,3.2305E-4,0.0011653,0.003415,0.0086136,0.018529,0.025452,0.03089,0.036996
140.0,3.6195E-6,1.6278E-5,6.9264E-5,3.0617E-4,0.001111,0.0032691,0.0082627,0.017825,0.024541,0.029805,0.035724
150.0,3.4037E-6,1.5366E-5,6.5602E-5,2.9155E-4,0.0010628,0.0031526,0.0079931,0.017225,0.023762,0.028985,0.034892
175.0,2.9254E-6,1.3315E-5,5.7364E-5,2.5929E-4,9.6183E-4,0.0028942,0.0073496,0.015865,0.021901,0.026581,0.031842
200.0,2.5482E-6,1.1725E-5,5.1143E-5,2.3492E-4,8.8189E-4,0.002673,0.0067298,0.014416,0.02005,0.02452,0.029597
250.0,2.0757E-6,9.7336E-6,4.3055E-5,2.025E-4,7.6404E-4,0.0022487,0.0056823,0.01244,0.017432,0.021528,0.026245
300.0,1.733E-6,8.3286E-6,3.7671E-5,1.7884E-4,6.5723E-4,0.0019433,0.0050692,0.011283,0.015739,0.01929,0.023305
350.0,1.4933E-6,7.2557E-6,3.3118E-5,1.5851E-4,5.9404E-4,0.0017646,0.0046222,0.010258,0.014328,0.017559,0.021249
400.0,1.307E-6,6.4245E-6,2.9552E-5,1.425E-4,5.3618E-4,0.0016208,0.0042294,0.0094333,0.013176,0.016168,0.019597
450.0,1.2162E-6,6.056E-6,2.822E-5,1.341E-4,4.9794E-4,0.0014722,0.0038237,0.0086023,0.012054,0.014882,0.018153
500.0,1.1286E-6,5.6828E-6,2.6734E-5,1.2624E-4,4.589E-4,0.0013465,0.0035147,0.0079068,0.011164,0.013801,0.016862
600.0,9.978E-7,5.0987E-6,2.4334E-5,1.1344E-4,4.1162E-4,0.0012078,0.0031052,0.0069186,0.0098687,0.01229,0.015134
700.0,8.6176E-7,4.4929E-6,2.176E-5,1.0134E-4,3.6069E-4,0.0010396,0.0026877,0.0060485,0.0086131,0.010717,0.013197
800.0,7.5016E-7,3.9479E-6,1.9325E-5,8.9652E-5,3.2392E-4,9.482E-4,0.0024465,0.0055158,0.0079329,0.0099417,0.012335
1000.0,5.1909E-7,2.8205E-6,1.4221E-5,6.666E-5,2.4835E-4,7.4912E-4,0.0019384,0.0044054,0.006466,0.0082131,0.010334
1200.0,4.0955E-7,2.2722E-6,1.1663E-5,5.5614E-5,2.0422E-4,6.0794E-4,0.0016173,0.003784,0.0055389,0.0070251,0.0088348
1500.0,2.6866E-7,1.5366E-6,8.0953E-6,3.9617E-5,1.4863E-4,4.5367E-4,0.0012472,0.0030145,0.0044679,0.0057197,0.0072673
SA7P5
r\m,4.0,4.5,5.0,5.5,6.0,6.5,7.0,7.5,7.8,8.0,8.2
0.0,2.0413E-4,6.1122E-4,0.0017329,0.0047775,0.011592,0.024745,0.046591,0.078313,0.098626,0.11267,0.12771
1.0,1.6605E-4,5.2572E-4,0.0015632,0.004472,0.011131,0.023991,0.045269,0.075788,0.095266,0.10876,0.12295
5.0,6.9663E-5,2.5118E-4,8.6121E-4,0.0028186,0.0078207,0.018119,0.036208,0.063138,0.079859,0.091632,0.10394
10.0,3.4535E-5,1.2959E-4,4.7089E-4,0.0016584,0.0050963,0.013009,0.02702,0.048153,0.062947,0.07389,0.085644
15.0,1.9681E-5,7.5665E-5,2.8264E-4,0.0010421,0.003398,0.0091611,0.020098,0.03786,0.050461,0.059842,0.070086
20.0,1.2717E-5,5.0082E-5,1.9517E-4,7.504E-4,0.0025017,0.0069378,0.015788,0.030983,0.042034,0.050478,0.0596
25.0,8.9635E-6,3.6529E-5,1.4481E-4,5.7161E-4,0.0019573,0.0055363,0.012915,0.026206,0.036051,0.043846,0.05261
30.0,6.8166E-6,2.8187E-5,1.1342E-4,4.5538E-4,0.0015862,0.004573,0.010988,0.022693,0.031718,0.038817,0.046851
40.0,4.3835E-6,1.8665E-5,7.7281E-5,3.2246E-4,0.0011427,0.0033488,0.0083521,0.017898,0.025425,0.031454,0.038415
50.0,3.1337E-6,1.3587E-5,5.7202E-5,2.4475E-4,8.8278E-4,0.0026314,0.0067849,0.015035,0.021466,0.026663,0.03264
60.0,2.4991E-6,1.0979E-5,4.6642E-5,2.0234E-4,7.4366E-4,0.0022583,0.0059279,0.013344,0.019146,0.023847,0.02927
70.0,2.2627E-6,9.9684E-6,4.2514E-5,1.8727E-4,6.9573E-4,0.0021269,0.0056293,0.012792,0.018415,0.02303,0.028384
80.0,2.0935E-6,9.3125E-6,4.0073E-5,1.783E-4,6.6628E-4,0.0020511,0.0054613,0.012473,0.018012,0.022554,0.027834
90.0,1.9654E-6,8.7846E-6,3.7954E-5,1.7045E-4,6.4158E-4,0.0019853,0.0053305,0.012231,0.017675,0.022102,0.02724
100.0,1.8556E-6,8.3329E-6,3.6145E-5,1.6364E-4,6.1948E-4,0.0019274,0.0051982,0.012012,0.017329,0.02169,0.026757
110.0,1.7612E-6,7.9414E-6,3.4562E-5,1.5766E-4,5.9989E-4,0.0018742,0.0050716,0.011785,0.016997,0.021224,0.026124
120.0,1.6759E-6,7.5925E-6,3.3174E-5,1.5227E-4,5.8218E-4,0.0018256,0.0049688,0.011575,0.016646,0.020793,0.025602
130.0,1.5704E-6,7.145E-6,3.1333E-5,1.4478E-4,5.5634E-4,0.0017537,0.0047883,0.011166,0.016072,0.020103,0.024785
140.0,1.4704E-6,6.7176E-6,2.9567E-5,1.3744E-4,5.3127E-4,0.0016812,0.0045985,0.01075,0.015506,0.019405,0.023939
150.0,1.3844E-6,6.3504E-6,2.8048E-5,1.311E-4,5.0902E-4,0.0016237,0.0044537,0.010397,0.015023,0.01888,0.023389
175.0,1.1929E-6,5.5203E-6,2.4613E-5,1.1702E-4,4.6233E-4,0.0014955,0.0041058,0.0095926,0.013861,0.017325,0.021349
200.0,1.0414E-6,4.8743E-6,2.2011E-5,1.0637E-4,4.2525E-4,0.001385,0.0037672,0.0087266,0.012698,0.015987,0.019844
250.0,8.5125E-7,4.0645E-6,1.8626E-5,9.2196E-5,3.7034E-4,0.0011699,0.0031898,0.0075419,0.011047,0.014037,0.017586
300.0,7.1234E-7,3.4893E-6,1.6361E-5,8.1769E-5,3.1967E-4,0.0010137,0.0028513,0.0068464,0.009973,0.012567,0.015593
350.0,6.1475E-7,3.0469E-6,1.4425E-5,7.2691E-5,2.8977E-4,9.2254E-4,0.0026031,0.0062241,0.0090712,0.011423,0.014189
400.0,5.3846E-7,2.7019E-6,1.2897E-5,6.549E-5,2.6203E-4,8.4853E-4,0.0023829,0.0057201,0.0083296,0.010497,0.013053
450.0,5.0114E-7,2.549E-6,1.233E-5,6.1709E-5,2.4359E-4,7.709E-4,0.002153,0.0052089,0.0076045,0.0096383,0.012056
500.0,4.6479E-7,2.3923E-6,1.1687E-5,5.8129E-5,2.2453E-4,7.0479E-4,0.0019771,0.0047789,0.0070256,0.0089129,0.011163
600.0,4.1022E-7,2.145E-6,1.0639E-5,5.225E-5,2.0134E-4,6.3141E-4,0.001742,0.0041634,0.0061772,0.0078888,0.0099523
700.0,3.5278E-7,1.8845E-6,9.4903E-6,4.6569E-5,1.7592E-4,5.4132E-4,0.0015002,0.0036173,0.0053524,0.0068252,0.0086053
800.0,3.0534E-7,1.6478E-6,8.3931E-6,4.1035E-5,1.5734E-4,4.9148E-4,0.0013582,0.0032778,0.0048953,0.0062849,0.0079814
1000.0,2.0751E-7,1.1586E-6,6.0864E-6,3.0081E-5,1.1895E-4,3.8269E-4,0.0010592,0.0025733,0.0039189,0.0050969,0.0065615
1200.0,1.6052E-7,9.1724E-7,4.9118E-6,2.4718E-5,9.6224E-5,3.0501E-4,8.6738E-4,0.0021683,0.003289,0.0042683,0.0054895
1500.0,1.0096E-7,5.9691E-7,3.2885E-6,1.7009E-5,6.7633E-5,2.1966E-4,6.4551E-4,0.0016678,0.0025601,0.0033536,0.0043592
SA10P0
r\m,4.0,4.5,5.0,5.5,6.0,6.5,7.0,7.5,7.8,8.0,8.2
0.0,1.0371E-4,3.1392E-4,9.1173E-4,0.0026068,0.0066271,0.014943,0.02987,0.053417,0.069787,0.081646,0.094716
1.0,8.4367E-5,2.7004E-4,8.2257E-4,0.0024403,0.0063646,0.014488,0.029023,0.051696,0.06741,0.078814,0.091183
5.0,3.542E-5,1.2912E-4,4.5353E-4,0.0015393,0.004475,0.010949,0.023228,0.043091,0.056533,0.066429,0.077112
10.0,1.7577E-5,6.6697E-5,2.4831E-4,9.0691E-4,0.00292,0.0078714,0.017352,0.032889,0.044591,0.053598,0.063569
15.0,1.0029E-5,3.8994E-5,1.4924E-4,5.7068E-4,0.0019495,0.0055498,0.01292,0.02588,0.03577,0.043433,0.052045
20.0,6.487E-6,2.584E-5,1.0319E-4,4.1149E-4,0.0014371,0.0042078,0.01016,0.021197,0.029817,0.036658,0.04428
25.0,4.577E-6,1.8869E-5,7.6662E-5,3.1386E-4,0.0011259,0.0033617,0.0083195,0.017943,0.02559,0.031861,0.039107
30.0,3.4841E-6,1.4576E-5,6.0115E-5,2.5035E-4,9.1352E-4,0.0027799,0.0070851,0.01555,0.022529,0.028223,0.034843
40.0,2.2445E-6,9.672E-6,4.1053E-5,1.7769E-4,6.596E-4,0.0020399,0.0053952,0.012282,0.018082,0.022894,0.028595
50.0,1.6071E-6,7.0537E-6,3.0449E-5,1.3516E-4,5.106E-4,0.001606,0.0043903,0.010332,0.015284,0.019425,0.024314
60.0,1.2836E-6,5.71E-6,2.4875E-5,1.1196E-4,4.3096E-4,0.0013807,0.0038417,0.0091816,0.013645,0.017388,0.021819
70.0,1.164E-6,5.1933E-6,2.2716E-5,1.0382E-4,4.0396E-4,0.0013027,0.0036538,0.0088125,0.013138,0.016807,0.021173
80.0,1.0784E-6,4.8591E-6,2.1449E-5,9.9024E-5,3.8753E-4,0.0012582,0.0035496,0.0086017,0.012861,0.016471,0.020775
90.0,1.0137E-6,4.5903E-6,2.0346E-5,9.4816E-5,3.7375E-4,0.0012197,0.0034689,0.0084429,0.01263,0.016152,0.020341
100.0,9.5814E-7,4.3601E-6,1.9405E-5,9.1171E-5,3.6142E-4,0.0011857,0.0033868,0.0082989,0.012392,0.015859,0.019989
110.0,9.1037E-7,4.1606E-6,1.8581E-5,8.7965E-5,3.5048E-4,0.0011544,0.0033078,0.0081494,0.012162,0.015526,0.019523
120.0,8.6716E-7,3.9825E-6,1.7858E-5,8.5072E-5,3.4058E-4,0.0011258,0.0032441,0.0080103,0.011918,0.015217,0.019138
130.0,8.1334E-7,3.752E-6,1.6888E-5,8.0992E-5,3.2586E-4,0.0010827,0.0031291,0.0077322,0.011512,0.014717,0.018533
140.0,7.6224E-7,3.5312E-6,1.5954E-5,7.6977E-5,3.1154E-4,0.001039,0.0030076,0.0074487,0.011112,0.014211,0.017903
150.0,7.1826E-7,3.3416E-6,1.5152E-5,7.3508E-5,2.9883E-4,0.0010045,0.0029154,0.0072082,0.01077,0.013831,0.017495
175.0,6.2008E-7,2.9114E-6,1.333E-5,6.5789E-5,2.7211E-4,9.2732E-4,0.0026926,0.0066588,0.0099454,0.012698,0.015973
200.0,5.4214E-7,2.5756E-6,1.1947E-5,5.9937E-5,2.5084E-4,8.6049E-4,0.0024741,0.0060627,0.0091152,0.01172,0.014846
250.0,4.4427E-7,2.1545E-6,1.0145E-5,5.2146E-5,2.1922E-4,7.2886E-4,0.0020991,0.0052451,0.0079329,0.01029,0.01315
300.0,3.7236E-7,1.8537E-6,8.9353E-6,4.6376E-5,1.8968E-4,6.3275E-4,0.0018787,0.0047633,0.0071595,0.0092055,0.011645
350.0,3.2165E-7,1.621E-6,7.8917E-6,4.1305E-5,1.7224E-4,5.7658E-4,0.0017162,0.0043291,0.0065063,0.0083562,0.010578
400.0,2.8183E-7,1.4387E-6,7.0638E-6,3.7259E-5,1.5591E-4,5.3066E-4,0.0015709,0.0039752,0.0059661,0.0076655,0.0097106
450.0,2.6225E-7,1.3576E-6,6.7572E-6,3.5127E-5,1.4498E-4,4.8204E-4,0.0014184,0.0036149,0.0054364,0.0070226,0.0089463
500.0,2.4307E-7,1.2739E-6,6.4046E-6,3.3092E-5,1.3361E-4,4.4041E-4,0.001301,0.0033106,0.0050113,0.0064774,0.0082593
600.0,2.1405E-7,1.1405E-6,5.824E-6,2.9714E-5,1.1965E-4,3.9373E-4,0.0011426,0.0028713,0.0043829,0.0057,0.0073174
700.0,1.8332E-7,9.9865E-7,5.1796E-6,2.6407E-5,1.0418E-4,3.3615E-4,9.7913E-4,0.0024799,0.0037722,0.0048959,0.0062782
800.0,1.5782E-7,8.6902E-7,4.5605E-6,2.3166E-5,9.2756E-5,3.0367E-4,8.8132E-4,0.0022322,0.0034252,0.0044742,0.0057773
1000.0,1.0557E-7,6.022E-7,3.2618E-6,1.6752E-5,6.916E-5,2.3305E-4,6.7659E-4,0.0017228,0.0026933,0.0035621,0.0046603
1200.0,8.0114E-8,4.6835E-7,2.5881E-6,1.3539E-5,5.4983E-5,1.8232E-4,5.434E-4,0.0014226,0.002213,0.0029189,0.0038133
1500.0,4.8431E-8,2.9363E-7,1.6715E-6,8.9934E-6,3.7293E-5,1.2661E-4,3.8971E-4,0.001054,0.0016583,0.0022074,0.0029146
