PGA
r\m,4.0,4.5,5.0,5.5,6.0,6.5,7.0,7.5,7.8,8.0,8.2
0.0,1.273,1.273,1.273,1.273,1.273,1.273,1.273,1.273,1.273,1.273,1.273
1.0,1.1734,1.2272,1.2613,1.272,1.272,1.272,1.272,1.272,1.272,1.272,1.272
5.0,0.34829,0.51607,0.70576,0.89004,1.0381,1.1323,1.1884,1.2161,1.2289,1.229,1.229
10.0,0.10651,0.18203,0.29561,0.45156,0.63413,0.80377,0.94083,1.0403,1.0894,1.115,1.1379
15.0,0.048765,0.087269,0.1505,0.24879,0.38583,0.54405,0.7021,0.84265,0.92022,0.9672,1.0149
20.0,0.02745,0.05023,0.08906,0.1527,0.2493,0.3757,0.5211,0.6703,0.761,0.8182,0.87677
25.0,0.01668,0.03084,0.0554,0.09702,0.1637,0.2601,0.3838,0.5291,0.623,0.6853,0.75132
30.0,0.01125,0.02099,0.03799,0.06736,0.1156,0.1898,0.2915,0.4219,0.5137,0.5777,0.64744
40.0,0.006246,0.0118,0.02166,0.03887,0.06801,0.1155,0.1872,0.2875,0.363,0.4186,0.48126
50.0,0.004012,0.007662,0.01423,0.02573,0.04551,0.07875,0.1318,0.2098,0.2722,0.3201,0.37536
60.0,0.003,0.005795,0.01085,0.0197,0.03501,0.0609,0.1027,0.1654,0.2165,0.2564,0.3029
70.0,0.002339,0.004565,0.008605,0.0157,0.02799,0.04887,0.08284,0.1344,0.177,0.2106,0.24998
80.0,0.001881,0.003707,0.007034,0.01288,0.02304,0.04034,0.0686,0.112,0.148,0.1766,0.21039
90.0,0.001551,0.003083,0.005884,0.0108,0.01937,0.03401,0.05796,0.09504,0.126,0.1507,0.17997
100.0,0.001303,0.002612,0.005013,0.009228,0.01658,0.02918,0.0498,0.08199,0.1089,0.1304,0.15579
110.0,0.001113,0.002247,0.004334,0.008,0.0144,0.0254,0.04338,0.07168,0.09534,0.1143,0.13674
120.0,9.618E-4,0.001957,0.003795,0.007021,0.01266,0.02237,0.03824,0.06335,0.08438,0.1013,0.12141
130.0,8.372E-4,0.001716,0.003341,0.006203,0.01121,0.01983,0.03393,0.05631,0.07511,0.09027,0.10828
140.0,7.328E-4,0.001512,0.002955,0.005511,0.009978,0.01767,0.03028,0.05034,0.06729,0.081,0.097338
150.0,6.464E-4,0.001343,0.002633,0.004933,0.008947,0.01586,0.02722,0.04533,0.06071,0.07318,0.088063
175.0,4.861E-4,0.001026,0.002028,0.00384,0.006996,0.01242,0.02141,0.03578,0.04811,0.05816,0.070195
200.0,3.773E-4,8.081E-4,0.001611,0.003079,0.005634,0.01002,0.01733,0.02905,0.0392,0.0475,0.05748
250.0,2.361E-4,5.194E-4,0.001056,0.002045,0.003778,0.006769,0.01184,0.02001,0.0271,0.03293,0.039969
300.0,1.585E-4,3.573E-4,7.393E-4,0.00145,0.002703,0.004874,0.008611,0.01464,0.01989,0.02422,0.029462
350.0,1.117E-4,2.581E-4,5.439E-4,0.001078,0.002026,0.003675,0.006531,0.01119,0.01525,0.01862,0.022683
400.0,8.165E-5,1.93E-4,4.144E-4,8.29E-4,0.001569,0.002863,0.00511,0.008829,0.01207,0.01477,0.018052
450.0,6.105E-5,1.475E-4,3.223E-4,6.506E-4,0.00124,0.002276,0.004079,0.007103,0.00974,0.01194,0.014621
500.0,4.681E-5,1.155E-4,2.565E-4,5.225E-4,0.001003,0.001851,0.003329,0.005836,0.008024,0.00986,0.012099
600.0,2.924E-5,7.488E-5,1.711E-4,3.554E-4,6.933E-4,0.001291,0.002337,0.004128,0.005707,0.007041,0.0086759
700.0,1.939E-5,5.138E-5,1.205E-4,2.55E-4,5.05E-4,9.477E-4,0.001727,0.003068,0.004262,0.005275,0.006522
800.0,1.344E-5,3.678E-5,8.84E-5,1.904E-4,3.823E-4,7.231E-4,0.001325,0.0023675,0.0033,0.004096,0.0050799
1000.0,7.124E-6,2.064E-5,5.183E-5,1.159E-4,2.376E-4,4.567E-4,8.458E-4,0.0015245,0.0021385,0.0026655,0.0033182
1200.0,4.152E-6,1.265E-5,3.3065E-5,7.65E-5,1.598E-4,3.118E-4,5.833E-4,0.001059,0.0014935,0.001868,0.0023344
1500.0,1.9132E-6,6.2233E-6,1.731E-5,4.2196E-5,9.1349E-5,1.817E-4,3.4299E-4,6.276E-4,8.9222E-4,0.0011226,0.0014109
PGV
r\m,4.0,4.5,5.0,5.5,6.0,6.5,7.0,7.5,7.8,8.0,8.2
0.0,11.996,17.741,24.47,28.61,32.74,38.69,49.57,63.36,75.6,85.75,97.3
1.0,9.5005,15.583,22.977,28.101,32.879,39.065,49.822,63.591,75.818,85.65,96.482
5.0,1.8697,4.2384,8.7711,15.553,23.928,33.339,45.659,60.659,73.394,83.45,94.558
10.0,0.64731,1.5667,3.554,7.3665,13.848,23.376,36.466,53.016,66.596,77.4,89.856
15.0,0.33977,0.84248,1.9718,4.3068,8.7791,16.406,28.162,44.576,58.327,69.44,82.667
20.0,0.2135,0.537,1.279,2.869,6.094,12.04,22.01,37.21,50.43,61.18,74.05
25.0,0.141,0.3575,0.8657,1.985,4.329,8.948,17.4,31.07,43.37,53.62,66.137
30.0,0.1025,0.2613,0.6392,1.485,3.283,6.965,14.1,26.22,37.63,47.35,59.443
40.0,0.06415,0.1658,0.4106,0.9698,2.205,4.812,10.09,19.83,29.26,37.53,48.016
50.0,0.04548,0.1189,0.2972,0.71,1.646,3.643,7.771,15.81,23.82,31.0,40.267
60.0,0.03689,0.0972,0.2441,0.5858,1.363,3.03,6.505,13.35,20.25,26.49,34.566
70.0,0.0308,0.08175,0.2063,0.4971,1.16,2.588,5.581,11.52,17.56,23.05,30.192
80.0,0.02628,0.07023,0.1781,0.4307,1.008,2.255,4.878,10.12,15.47,20.34,26.709
90.0,0.02278,0.06131,0.1561,0.3792,0.8887,1.993,4.32,9.03,13.8,18.15,23.83
100.0,0.02001,0.05422,0.1385,0.3381,0.7936,1.784,3.873,8.143,12.44,16.36,21.473
110.0,0.01777,0.04845,0.1243,0.3046,0.716,1.613,3.505,7.41,11.31,14.88,19.555
120.0,0.01592,0.04368,0.1124,0.2768,0.6514,1.47,3.199,6.794,10.37,13.63,17.881
130.0,0.01432,0.03955,0.1022,0.2525,0.595,1.346,2.932,6.252,9.535,12.53,16.437
140.0,0.01293,0.03595,0.09323,0.2312,0.5452,1.236,2.699,5.775,8.81,11.58,15.192
150.0,0.01174,0.03285,0.08552,0.2128,0.5022,1.141,2.497,5.36,8.179,10.76,14.135
175.0,0.00942,0.02675,0.07029,0.1764,0.417,0.9532,2.094,4.53,6.916,9.098,11.951
200.0,0.007736,0.02228,0.05907,0.1494,0.354,0.8133,1.794,3.906,5.966,7.852,10.32
250.0,0.005315,0.01567,0.04245,0.1084,0.2618,0.6079,1.354,2.969,4.592,6.096,8.0829
300.0,0.003859,0.01163,0.03212,0.08282,0.2033,0.4765,1.07,2.361,3.688,4.931,6.582
350.0,0.002915,0.008965,0.02523,0.06574,0.1633,0.386,0.8749,1.94,3.053,4.103,5.5056
400.0,0.002266,0.007106,0.02036,0.05358,0.1344,0.3203,0.7329,1.631,2.583,3.485,4.6966
450.0,0.001792,0.005723,0.01667,0.04431,0.1122,0.2694,0.6221,1.39,2.214,2.998,4.0544
500.0,0.001446,0.004698,0.0139,0.0373,0.09532,0.2304,0.5365,1.203,1.925,2.617,3.553
600.0,9.872E-4,0.003316,0.01003,0.02748,0.07144,0.1747,0.4119,0.9348,1.506,2.057,2.8066
700.0,7.079E-4,0.002449,0.007563,0.02111,0.05576,0.1379,0.3284,0.7531,1.22,1.673,2.2931
800.0,5.265E-4,0.001871,0.00589,0.01673,0.04484,0.112,0.2692,0.6231,1.014,1.395,1.917
1000.0,3.151E-4,0.001174,0.003844,0.01128,0.03102,0.07863,0.1918,0.451,0.7405,1.024,1.4137
1200.0,2.04E-4,7.905E-4,0.002681,0.008099,0.02279,0.05859,0.1447,0.3449,0.5704,0.7929,1.1009
1500.0,1.0778E-4,4.4599E-4,0.0015909,0.0050423,0.014711,0.03863,0.097506,0.23751,0.39648,0.55453,0.77468
SA0P01
r\m,4.0,4.5,5.0,5.5,6.0,6.5,7.0,7.5,7.8,8.0,8.2
0.0,1.273,1.273,1.273,1.273,1.273,1.273,1.273,1.273,1.273,1.273,1.273
1.0,1.1734,1.2272,1.2613,1.272,1.272,1.272,1.272,1.272,1.272,1.272,1.272
5.0,0.34829,0.51607,0.70576,0.89004,1.0381,1.1323,1.1884,1.2161,1.2289,1.229,1.229
10.0,0.10651,0.18203,0.29561,0.45156,0.63413,0.80377,0.94083,1.0403,1.0894,1.115,1.1379
15.0,0.048765,0.087269,0.1505,0.24879,0.38583,0.54405,0.7021,0.84265,0.92022,0.9672,1.0149
20.0,0.02745,0.05023,0.08906,0.1527,0.2493,0.3757,0.5211,0.6703,0.761,0.8182,0.87677
25.0,0.01668,0.03084,0.0554,0.09702,0.1637,0.2601,0.3838,0.5291,0.623,0.6853,0.75132
30.0,0.01125,0.02099,0.03799,0.06736,0.1156,0.1898,0.2915,0.4219,0.5137,0.5777,0.64744
40.0,0.006246,0.0118,0.02166,0.03887,0.06801,0.1155,0.1872,0.2875,0.363,0.4186,0.48126
50.0,0.004012,0.007662,0.01423,0.02573,0.04551,0.07875,0.1318,0.2098,0.2722,0.3201,0.37536
60.0,0.003,0.005795,0.01085,0.0197,0.03501,0.0609,0.1027,0.1654,0.2165,0.2564,0.3029
70.0,0.002339,0.004565,0.008605,0.0157,0.02799,0.04887,0.08284,0.1344,0.177,0.2106,0.24998
80.0,0.001881,0.003707,0.007034,0.01288,0.02304,0.04034,0.0686,0.112,0.148,0.1766,0.21039
90.0,0.001551,0.003083,0.005884,0.0108,0.01937,0.03401,0.05796,0.09504,0.126,0.1507,0.17997
100.0,0.001303,0.002612,0.005013,0.009228,0.01658,0.02918,0.0498,0.08199,0.1089,0.1304,0.15579
110.0,0.001113,0.002247,0.004334,0.008,0.0144,0.0254,0.04338,0.07168,0.09534,0.1143,0.13674
120.0,9.618E-4,0.001957,0.003795,0.007021,0.01266,0.02237,0.03824,0.06335,0.08438,0.1013,0.12141
130.0,8.372E-4,0.001716,0.003341,0.006203,0.01121,0.01983,0.03393,0.05631,0.07511,0.09027,0.10828
140.0,7.328E-4,0.001512,0.002955,0.005511,0.009978,0.01767,0.03028,0.05034,0.06729,0.081,0.097338
150.0,6.464E-4,0.001343,0.002633,0.004933,0.008947,0.01586,0.02722,0.04533,0.06071,0.07318,0.088063
175.0,4.861E-4,0.001026,0.002028,0.00384,0.006996,0.01242,0.02141,0.03578,0.04811,0.05816,0.070195
200.0,3.773E-4,8.081E-4,0.001611,0.003079,0.005634,0.01002,0.01733,0.02905,0.0392,0.0475,0.05748
250.0,2.361E-4,5.194E-4,0.001056,0.002045,0.003778,0.006769,0.01184,0.02001,0.0271,0.03293,0.039969
300.0,1.585E-4,3.573E-4,7.393E-4,0.00145,0.002703,0.004874,0.008611,0.01464,0.01989,0.02422,0.029462
350.0,1.117E-4,2.581E-4,5.439E-4,0.001078,0.002026,0.003675,0.006531,0.01119,0.01525,0.01862,0.022683
400.0,8.165E-5,1.93E-4,4.144E-4,8.29E-4,0.001569,0.002863,0.00511,0.008829,0.01207,0.01477,0.018052
450.0,6.105E-5,1.475E-4,3.223E-4,6.506E-4,0.00124,0.002276,0.004079,0.007103,0.00974,0.01194,0.014621
500.0,4.681E-5,1.155E-4,2.565E-4,5.225E-4,0.001003,0.001851,0.003329,0.005836,0.008024,0.00986,0.012099
600.0,2.924E-5,7.488E-5,1.711E-4,3.554E-4,6.933E-4,0.001291,0.002337,0.004128,0.005707,0.007041,0.0086759
700.0,1.939E-5,5.138E-5,1.205E-4,2.55E-4,5.05E-4,9.477E-4,0.001727,0.003068,0.004262,0.005275,0.006522
800.0,1.344E-5,3.678E-5,8.84E-5,1.904E-4,3.823E-4,7.231E-4,0.001325,0.0023675,0.0033,0.004096,0.0050799
1000.0,7.124E-6,2.064E-5,5.183E-5,1.159E-4,2.376E-4,4.567E-4,8.458E-4,0.0015245,0.0021385,0.0026655,0.0033182
1200.0,4.152E-6,1.265E-5,3.3065E-5,7.65E-5,1.598E-4,3.118E-4,5.833E-4,0.001059,0.0014935,0.001868,0.0023344
1500.0,1.9132E-6,6.2233E-6,1.731E-5,4.2196E-5,9.1349E-5,1.817E-4,3.4299E-4,6.276E-4,8.9222E-4,0.0011226,0.0014109
SA0P02
r\m,4.0,4.5,5.0,5.5,6.0,6.5,7.0,7.5,7.8,8.0,8.2
0.0,1.956,1.956,1.956,1.956,1.956,1.956,1.956,1.956,1.956,1.956,1.956
1.0,1.7802,1.8706,1.9236,1.953,1.953,1.953,1.953,1.953,1.953,1.953,1.953
5.0,0.51444,0.77676,1.0691,1.3524,1.5786,1.7246,1.8132,1.8611,1.8838,1.89,1.89
10.0,0.16067,0.27614,0.44866,0.68615,0.96424,1.2257,1.4396,1.5988,1.6776,1.719,1.755
15.0,0.075189,0.13383,0.22946,0.37856,0.58673,0.82998,1.0762,1.2995,1.423,1.497,1.5704
20.0,0.04311,0.07782,0.1365,0.2329,0.3794,0.5732,0.799,1.035,1.179,1.27,1.3628
25.0,0.02691,0.04881,0.08652,0.1502,0.2524,0.4011,0.5935,0.8206,0.9677,1.065,1.1679
30.0,0.0185,0.03369,0.06005,0.1053,0.1799,0.2947,0.4528,0.6556,0.7983,0.8976,1.0059
40.0,0.01051,0.01923,0.03454,0.06116,0.1062,0.1795,0.2903,0.4445,0.5602,0.645,0.74043
50.0,0.00679,0.01246,0.02255,0.04013,0.07031,0.121,0.2016,0.3195,0.4133,0.4848,0.56696
60.0,0.005036,0.009291,0.01688,0.03012,0.05296,0.09151,0.1536,0.2461,0.3211,0.3791,0.44629
70.0,0.003856,0.007155,0.01306,0.02337,0.04121,0.07144,0.1205,0.1945,0.2552,0.3028,0.35846
80.0,0.003026,0.005652,0.01036,0.01861,0.0329,0.05719,0.09675,0.1571,0.207,0.2464,0.29263
90.0,0.002424,0.004559,0.008405,0.01513,0.02681,0.04673,0.07922,0.1293,0.1708,0.2038,0.24258
100.0,0.001975,0.003742,0.006939,0.01253,0.02225,0.03888,0.06601,0.1082,0.1433,0.1712,0.20409
110.0,0.001632,0.003119,0.005818,0.01054,0.01876,0.03286,0.05586,0.09186,0.1219,0.1458,0.17417
120.0,0.001367,0.002634,0.004945,0.008987,0.01604,0.02816,0.04791,0.07905,0.105,0.1258,0.15054
130.0,0.001154,0.002244,0.004237,0.007734,0.01384,0.02433,0.04146,0.06856,0.09123,0.1094,0.13093
140.0,9.806E-4,0.001925,0.003654,0.006706,0.01203,0.02119,0.03617,0.05994,0.07996,0.09609,0.11528
150.0,8.416E-4,0.001667,0.003182,0.005872,0.01056,0.01862,0.03187,0.05291,0.07074,0.08514,0.1023
175.0,5.964E-4,0.001209,0.002338,0.004371,0.007911,0.01399,0.02405,0.04013,0.05388,0.06507,0.078455
200.0,4.42E-4,9.154E-4,0.001793,0.003393,0.006175,0.01095,0.0189,0.03164,0.04266,0.05166,0.062438
250.0,2.603E-4,5.598E-4,0.001124,0.002164,0.003984,0.007124,0.01245,0.02101,0.02844,0.03456,0.041919
300.0,1.689E-4,3.75E-4,7.694E-4,0.001502,0.002794,0.00503,0.008877,0.01508,0.02049,0.02495,0.030355
350.0,1.169E-4,2.669E-4,5.589E-4,0.001104,0.002071,0.003752,0.006663,0.01142,0.01556,0.01899,0.023148
400.0,8.451E-5,1.979E-4,4.227E-4,8.432E-4,0.001594,0.002906,0.005183,0.008955,0.01224,0.01497,0.018272
450.0,6.276E-5,1.505E-4,3.273E-4,6.592E-4,0.001256,0.002303,0.004124,0.00718,0.009845,0.01207,0.014773
500.0,4.791E-5,1.174E-4,2.597E-4,5.28E-4,0.001013,0.001868,0.003358,0.005887,0.008093,0.009944,0.012202
600.0,2.975E-5,7.58E-5,1.726E-4,3.581E-4,6.98E-4,0.001299,0.002351,0.004152,0.005741,0.007083,0.0087272
700.0,1.965E-5,5.187E-5,1.213E-4,2.565E-4,5.075E-4,9.522E-4,0.001734,0.003081,0.00428,0.005298,0.0065495
800.0,1.359E-5,3.706E-5,8.889E-5,1.913E-4,3.837E-4,7.258E-4,0.001329,0.002374,0.003311,0.00411,0.0050961
1000.0,7.181E-6,2.076E-5,5.203E-5,1.163E-4,2.381E-4,4.578E-4,8.478E-4,0.001527,0.002142,0.00267,0.0033239
1200.0,4.178E-6,1.271E-5,3.314E-5,7.666E-5,1.601E-4,3.123E-4,5.842E-4,0.001059,0.001494,0.001869,0.0023354
1500.0,1.9132E-6,6.2233E-6,1.731E-5,4.2196E-5,9.1349E-5,1.817E-4,3.4299E-4,6.276E-4,8.9222E-4,0.0011226,0.0014109
SA0P025
r\m,4.0,4.5,5.0,5.5,6.0,6.5,7.0,7.5,7.8,8.0,8.2
0.0,2.122,2.122,2.122,2.122,2.122,2.122,2.122,2.122,2.123,2.125,2.127
1.0,1.9048,2.0174,2.081,2.1168,2.122,2.122,2.122,2.122,2.122,2.122,2.122
5.0,0.5186,0.80128,1.1222,1.4389,1.6938,1.8596,1.9607,2.0162,2.044,2.056,2.061
10.0,0.16477,0.28635,0.46926,0.72426,1.0264,1.3146,1.5531,1.7331,1.824,1.875,1.9216
15.0,0.078876,0.14122,0.24295,0.40244,0.62648,0.8912,1.1624,1.4123,1.5528,1.639,1.7251
20.0,0.04608,0.08345,0.1465,0.2503,0.4084,0.6191,0.8671,1.13,1.293,1.399,1.5091
25.0,0.02915,0.05299,0.09399,0.1633,0.2746,0.4373,0.6492,0.9026,1.069,1.18,1.2982
30.0,0.02029,0.03699,0.06594,0.1156,0.1976,0.3241,0.4994,0.7264,0.8873,1.0,1.1231
40.0,0.01177,0.02151,0.03861,0.06831,0.1186,0.2007,0.3251,0.4993,0.6306,0.7274,0.83652
50.0,0.007743,0.01419,0.02561,0.04551,0.07969,0.1371,0.2287,0.3632,0.4706,0.5526,0.64725
60.0,0.005836,0.01073,0.01942,0.03458,0.06071,0.1049,0.1761,0.2825,0.369,0.436,0.51389
70.0,0.004532,0.008363,0.01518,0.02709,0.04767,0.08255,0.1392,0.2249,0.2953,0.3505,0.41503
80.0,0.003599,0.006669,0.01215,0.02172,0.03829,0.06646,0.1124,0.1825,0.2406,0.2864,0.34015
90.0,0.002911,0.005417,0.009903,0.01773,0.03132,0.05448,0.09227,0.1506,0.1989,0.2373,0.28247
100.0,0.002389,0.004467,0.008198,0.01471,0.02602,0.04535,0.0769,0.126,0.1668,0.1993,0.23768
110.0,0.001985,0.003731,0.006876,0.01236,0.02191,0.03827,0.06495,0.1067,0.1415,0.1693,0.20224
120.0,0.001667,0.003151,0.005834,0.01051,0.01867,0.03267,0.0555,0.09146,0.1214,0.1454,0.17378
130.0,0.001408,0.002678,0.00498,0.009006,0.01603,0.02808,0.04776,0.07888,0.1049,0.1258,0.15054
140.0,0.001194,0.002288,0.004272,0.007764,0.01385,0.02429,0.0414,0.06851,0.09131,0.1097,0.13149
150.0,0.001022,0.001971,0.003697,0.006752,0.01207,0.0212,0.0362,0.06002,0.08017,0.09645,0.11584
175.0,7.135E-4,0.001403,0.002665,0.004928,0.008863,0.01562,0.02679,0.0446,0.05985,0.07225,0.087082
200.0,5.182E-4,0.001041,0.002002,0.003749,0.006782,0.01199,0.02065,0.03451,0.04649,0.05626,0.067983
250.0,2.923E-4,6.119E-4,0.001211,0.002312,0.004238,0.007559,0.01319,0.02224,0.0301,0.03655,0.044298
300.0,1.832E-4,3.983E-4,8.086E-4,0.001569,0.00291,0.005229,0.009219,0.01566,0.02126,0.02588,0.031468
350.0,1.237E-4,2.782E-4,5.78E-4,0.001137,0.002128,0.003851,0.006833,0.0117,0.01594,0.01945,0.0237
400.0,8.802E-5,2.038E-4,4.327E-4,8.604E-4,0.001624,0.002958,0.005272,0.009104,0.01244,0.01522,0.018594
450.0,6.469E-5,1.537E-4,3.328E-4,6.687E-4,0.001272,0.002331,0.004173,0.007264,0.009958,0.01221,0.014962
500.0,4.905E-5,1.194E-4,2.63E-4,5.337E-4,0.001023,0.001885,0.003387,0.005937,0.008161,0.01003,0.012314
600.0,3.022E-5,7.664E-5,1.741E-4,3.605E-4,7.021E-4,0.001306,0.002364,0.004174,0.00577,0.007119,0.0087727
700.0,1.988E-5,5.23E-5,1.221E-4,2.577E-4,5.096E-4,9.559E-4,0.001741,0.003093,0.004296,0.005317,0.0065733
800.0,1.372E-5,3.73E-5,8.931E-5,1.92E-4,3.85E-4,7.279E-4,0.001333,0.002381,0.00332,0.004121,0.0051094
1000.0,7.23E-6,2.085E-5,5.22E-5,1.166E-4,2.386E-4,4.587E-4,8.493E-4,0.001529,0.002146,0.002675,0.0033315
1200.0,4.2E-6,1.275E-5,3.322E-5,7.68E-5,1.603E-4,3.128E-4,5.85E-4,0.001061,0.001496,0.001871,0.0023373
1500.0,1.9132E-6,6.2233E-6,1.731E-5,4.2196E-5,9.1349E-5,1.817E-4,3.4299E-4,6.276E-4,8.9222E-4,0.0011226,0.0014109
SA0P03
r\m,4.0,4.5,5.0,5.5,6.0,6.5,7.0,7.5,7.8,8.0,8.2
0.0,2.2,2.2,2.2,2.2,2.2,2.2,2.2,2.2,2.204,2.215,2.227
1.0,1.9494,2.0807,2.1527,2.1927,2.2022,2.2022,2.2022,2.2022,2.2058,2.212,2.2137
5.0,0.50561,0.79647,1.1322,1.4685,1.7418,1.9204,2.0297,2.0907,2.1239,2.144,2.1566
10.0,0.1632,0.28647,0.47298,0.7355,1.0499,1.353,1.6063,1.7993,1.8996,1.96,2.0162
15.0,0.07958,0.1434,0.24757,0.41155,0.6432,0.91915,1.2048,1.4706,1.6232,1.72,1.8181
20.0,0.04719,0.08587,0.151,0.2584,0.4224,0.6421,0.9029,1.182,1.358,1.473,1.5917
25.0,0.03015,0.05503,0.09779,0.17,0.2863,0.4569,0.6805,0.9429,1.128,1.249,1.3782
30.0,0.02117,0.03875,0.06918,0.1214,0.2076,0.341,0.5267,0.7689,0.9419,1.064,1.1974
40.0,0.01248,0.02289,0.04111,0.07275,0.1264,0.214,0.3472,0.5347,0.6769,0.782,0.90083
50.0,0.008338,0.01531,0.02763,0.04909,0.08597,0.148,0.2472,0.3934,0.5104,0.6001,0.70362
60.0,0.006369,0.01172,0.0212,0.03773,0.06623,0.1144,0.1923,0.309,0.4041,0.478,0.56387
70.0,0.005009,0.009242,0.01675,0.02986,0.05252,0.09096,0.1535,0.2482,0.3263,0.3876,0.45946
80.0,0.004025,0.00745,0.01353,0.02416,0.04256,0.07385,0.1249,0.203,0.2678,0.3191,0.37952
90.0,0.003291,0.006108,0.01113,0.01988,0.03507,0.06097,0.1033,0.1686,0.2229,0.266,0.31665
100.0,0.002728,0.005079,0.009279,0.0166,0.02931,0.05105,0.08654,0.1418,0.1878,0.2245,0.26793
110.0,0.002286,0.004272,0.007829,0.01402,0.02479,0.04325,0.07337,0.1206,0.1599,0.1914,0.22869
120.0,0.001935,0.003629,0.006672,0.01197,0.02119,0.03703,0.06285,0.1035,0.1375,0.1647,0.19698
130.0,0.001645,0.003098,0.005713,0.01027,0.01822,0.03187,0.05414,0.08938,0.1189,0.1425,0.17043
140.0,0.001403,0.002655,0.00491,0.008866,0.01575,0.02757,0.04692,0.0776,0.1034,0.1242,0.14898
150.0,0.001205,0.002292,0.004251,0.007707,0.01372,0.02403,0.04097,0.06788,0.09064,0.109,0.13083
175.0,8.457E-4,0.001631,0.003052,0.005592,0.01,0.01757,0.03008,0.05002,0.0671,0.08097,0.097547
200.0,6.128E-4,0.001201,0.002272,0.00421,0.00757,0.01333,0.02292,0.03824,0.05148,0.0623,0.075267
250.0,3.387E-4,6.885E-4,0.001338,0.002527,0.004605,0.008184,0.01425,0.024,0.03245,0.0394,0.047776
300.0,2.061E-4,4.355E-4,8.701E-4,0.001673,0.003087,0.005533,0.009739,0.01653,0.02243,0.0273,0.033188
350.0,1.353E-4,2.97E-4,6.093E-4,0.00119,0.002219,0.004008,0.007101,0.01215,0.01655,0.0202,0.024612
400.0,9.412E-5,2.139E-4,4.494E-4,8.885E-4,0.001673,0.003043,0.005418,0.009352,0.01278,0.01563,0.019098
450.0,6.804E-5,1.593E-4,3.422E-4,6.848E-4,0.0013,0.002379,0.004256,0.007404,0.01015,0.01244,0.015238
500.0,5.098E-5,1.226E-4,2.685E-4,5.431E-4,0.001039,0.001913,0.003435,0.006019,0.008273,0.01016,0.012456
600.0,3.096E-5,7.793E-5,1.762E-4,3.642E-4,7.085E-4,0.001317,0.002383,0.004207,0.005815,0.007174,0.0088393
700.0,2.023E-5,5.291E-5,1.231E-4,2.595E-4,5.126E-4,9.612E-4,0.00175,0.003108,0.004317,0.005344,0.0066074
800.0,1.39E-5,3.764E-5,8.989E-5,1.929E-4,3.866E-4,7.308E-4,0.001338,0.00239,0.003332,0.004136,0.0051293
1000.0,7.294E-6,2.098E-5,5.242E-5,1.17E-4,2.393E-4,4.598E-4,8.513E-4,0.001533,0.00215,0.002681,0.00334
1200.0,4.228E-6,1.281E-5,3.333E-5,7.699E-5,1.606E-4,3.133E-4,5.859E-4,0.001062,0.001498,0.001874,0.0023401
1500.0,1.9132E-6,6.2233E-6,1.731E-5,4.2196E-5,9.1349E-5,1.817E-4,3.4299E-4,6.276E-4,8.9222E-4,0.0011226,0.0014109
SA0P04
r\m,4.0,4.5,5.0,5.5,6.0,6.5,7.0,7.5,7.8,8.0,8.2
0.0,2.229,2.229,2.229,2.229,2.229,2.229,2.229,2.229,2.242,2.265,2.2892
1.0,1.9278,2.0883,2.1731,2.2187,2.2322,2.2322,2.2322,2.2322,2.2453,2.262,2.2742
5.0,0.46364,0.75416,1.0983,1.4507,1.7417,1.9343,2.0524,2.1207,2.1646,2.195,2.2189
10.0,0.1534,0.27436,0.45887,0.72161,1.0415,1.3558,1.6222,1.8295,1.9417,2.012,2.0795
15.0,0.076819,0.1404,0.24423,0.40825,0.64192,0.92426,1.2207,1.5025,1.6673,1.774,1.8845
20.0,0.04653,0.0857,0.1515,0.26,0.4263,0.6512,0.9213,1.216,1.404,1.529,1.661
25.0,0.03015,0.05567,0.09939,0.1732,0.2924,0.4682,0.7008,0.9843,1.174,1.305,1.4477
30.0,0.02145,0.03966,0.07115,0.1251,0.2143,0.353,0.5476,0.8033,0.9877,1.12,1.2671
40.0,0.01294,0.02396,0.04318,0.07654,0.1331,0.2258,0.3674,0.568,0.7212,0.8354,0.96495
50.0,0.008827,0.01635,0.02959,0.05264,0.09226,0.159,0.2661,0.4248,0.5526,0.6511,0.7652
60.0,0.006872,0.01275,0.02311,0.04116,0.0723,0.125,0.2104,0.3391,0.4443,0.5265,0.62225
70.0,0.005505,0.01023,0.01857,0.03312,0.05826,0.1009,0.1705,0.2765,0.3641,0.4332,0.51425
80.0,0.004505,0.008389,0.01525,0.02721,0.04793,0.08318,0.1409,0.2294,0.3031,0.3615,0.43015
90.0,0.003747,0.00699,0.01273,0.02272,0.04006,0.06963,0.118,0.193,0.2556,0.3053,0.364
100.0,0.003157,0.0059,0.01076,0.01923,0.03391,0.05903,0.1001,0.1643,0.2179,0.2606,0.31113
110.0,0.002688,0.005034,0.009201,0.01644,0.02903,0.05059,0.08585,0.1412,0.1875,0.2245,0.26819
120.0,0.002309,0.004333,0.007936,0.01419,0.02508,0.04375,0.07427,0.1225,0.1627,0.195,0.23324
130.0,0.001991,0.003744,0.00687,0.0123,0.02176,0.03799,0.06453,0.1066,0.1418,0.1701,0.20354
140.0,0.001722,0.003245,0.005961,0.01071,0.01895,0.03311,0.05632,0.09317,0.1242,0.1492,0.17878
150.0,0.001497,0.00283,0.005205,0.009375,0.01661,0.02903,0.04945,0.08194,0.1094,0.1317,0.15837
175.0,0.001079,0.002054,0.003794,0.006884,0.01224,0.02141,0.03659,0.06083,0.08157,0.09843,0.11857
200.0,7.975E-4,0.001531,0.002844,0.0052,0.009276,0.01626,0.02787,0.04645,0.06251,0.07562,0.091329
250.0,4.486E-4,8.788E-4,0.001662,0.00308,0.005551,0.009802,0.017,0.02858,0.0386,0.04684,0.056761
300.0,2.705E-4,5.45E-4,0.001051,0.00198,0.00361,0.006424,0.01126,0.01906,0.02584,0.03143,0.038171
350.0,1.728E-4,3.591E-4,7.117E-4,0.001362,0.002511,0.004506,0.007954,0.01359,0.01849,0.02254,0.027436
400.0,1.16E-4,2.496E-4,5.081E-4,9.875E-4,0.001841,0.003329,0.005909,0.01018,0.0139,0.017,0.02077
450.0,8.086E-5,1.802E-4,3.765E-4,7.425E-4,0.001398,0.002548,0.004546,0.007898,0.01082,0.01326,0.016218
500.0,5.864E-5,1.352E-4,2.893E-4,5.781E-4,0.001099,0.002016,0.003613,0.006323,0.008686,0.01067,0.013091
600.0,3.393E-5,8.289E-5,1.845E-4,3.783E-4,7.328E-4,0.001359,0.002455,0.004331,0.005985,0.007382,0.0090939
700.0,2.151E-5,5.512E-5,1.269E-4,2.658E-4,5.235E-4,9.799E-4,0.001783,0.003165,0.004394,0.005438,0.0067224
800.0,1.452E-5,3.875E-5,9.177E-5,1.961E-4,3.921E-4,7.403E-4,0.001355,0.002418,0.003371,0.004184,0.0051863
1000.0,7.489E-6,2.135E-5,5.308E-5,1.181E-4,2.412E-4,4.631E-4,8.57E-4,0.001543,0.002164,0.002698,0.003359
1200.0,4.308E-6,1.297E-5,3.362E-5,7.75E-5,1.615E-4,3.148E-4,5.886E-4,0.001067,0.001504,0.001882,0.0023534
1500.0,1.9132E-6,6.2233E-6,1.731E-5,4.2196E-5,9.1349E-5,1.817E-4,3.4299E-4,6.276E-4,8.9222E-4,0.0011226,0.0014109
SA0P05
r\m,4.0,4.5,5.0,5.5,6.0,6.5,7.0,7.5,7.8,8.0,8.2
0.0,2.183,2.183,2.183,2.183,2.183,2.183,2.183,2.183,2.203,2.235,2.2673
1.0,1.8466,2.0285,2.1209,2.1708,2.1872,2.1872,2.1872,2.1872,2.2071,2.232,2.2512
5.0,0.41955,0.70125,1.0398,1.3941,1.6892,1.8864,2.0075,2.078,2.1296,2.167,2.1969
10.0,0.14127,0.25739,0.43479,0.69046,1.0045,1.3174,1.5852,1.7954,1.9142,1.991,2.0662
15.0,0.072019,0.13372,0.23412,0.39373,0.62188,0.90031,1.1956,1.4794,1.6493,1.76,1.8756
20.0,0.04424,0.08268,0.1469,0.2532,0.4162,0.6381,0.9068,1.203,1.395,1.523,1.6595
25.0,0.02897,0.05418,0.0973,0.17,0.2876,0.4619,0.694,0.9791,1.172,1.305,1.4501
30.0,0.02078,0.03891,0.07021,0.1237,0.2124,0.3506,0.5456,0.8035,0.9907,1.125,1.2744
40.0,0.01272,0.02385,0.04321,0.07675,0.1337,0.2271,0.3705,0.5744,0.7308,0.8478,0.98086
50.0,0.008797,0.0165,0.02998,0.05347,0.09385,0.1619,0.2715,0.4343,0.5659,0.6676,0.78566
60.0,0.006933,0.01302,0.02369,0.0423,0.07438,0.1287,0.2171,0.3504,0.4598,0.5455,0.64568
70.0,0.005622,0.01058,0.01926,0.03442,0.06061,0.1051,0.1778,0.2888,0.3807,0.4534,0.53885
80.0,0.004655,0.008769,0.01599,0.0286,0.05041,0.08756,0.1485,0.2421,0.3201,0.3823,0.4556
90.0,0.003917,0.007389,0.0135,0.02413,0.04257,0.07405,0.1257,0.2057,0.2726,0.326,0.38909
100.0,0.003338,0.006306,0.01154,0.02063,0.03642,0.06342,0.1077,0.1768,0.2347,0.281,0.33593
110.0,0.002875,0.005437,0.009963,0.01782,0.03148,0.05487,0.09317,0.1534,0.2038,0.2443,0.29241
120.0,0.002497,0.004729,0.008679,0.01553,0.02744,0.04789,0.08132,0.1342,0.1784,0.214,0.25616
130.0,0.002176,0.004128,0.007585,0.01359,0.02403,0.04194,0.07126,0.1178,0.1568,0.1883,0.22568
140.0,0.001902,0.003614,0.006644,0.01193,0.0211,0.03685,0.06269,0.1038,0.1384,0.1664,0.19968
150.0,0.001672,0.003181,0.005853,0.01053,0.01864,0.03256,0.05546,0.09191,0.1228,0.1479,0.17778
175.0,0.001235,0.00236,0.004352,0.007874,0.01397,0.02441,0.04169,0.0693,0.09299,0.1123,0.13533
200.0,9.335E-4,0.001793,0.003316,0.006034,0.01073,0.01877,0.03214,0.05355,0.07209,0.08723,0.10539
250.0,5.454E-4,0.00106,0.001981,0.003637,0.006515,0.01146,0.01983,0.0333,0.04499,0.05457,0.066081
300.0,3.375E-4,6.657E-4,0.001262,0.002343,0.004233,0.007491,0.01309,0.02212,0.02997,0.03644,0.044245
350.0,2.184E-4,4.395E-4,8.484E-4,0.001595,0.002908,0.005183,0.009114,0.01553,0.02112,0.02574,0.031333
400.0,1.465E-4,3.023E-4,5.963E-4,0.001136,0.002092,0.003757,0.006641,0.01142,0.01558,0.01903,0.023214
450.0,1.01E-4,2.143E-4,4.329E-4,8.365E-4,0.001557,0.002818,0.005008,0.008683,0.01189,0.01456,0.017823
500.0,7.194E-5,1.573E-4,3.256E-4,6.385E-4,0.0012,0.002189,0.003909,0.00683,0.009376,0.01151,0.014098
600.0,3.974E-5,9.245E-5,2.002E-4,4.043E-4,7.769E-4,0.001435,0.002585,0.004555,0.00629,0.007756,0.0095518
700.0,2.414E-5,5.951E-5,1.341E-4,2.78E-4,5.442E-4,0.001016,0.001844,0.003271,0.00454,0.005617,0.0069409
800.0,1.579E-5,4.09E-5,9.539E-5,2.022E-4,4.025E-4,7.584E-4,0.001386,0.002472,0.003445,0.004275,0.0052984
1000.0,7.847E-6,2.2E-5,5.419E-5,1.2E-4,2.444E-4,4.687E-4,8.667E-4,0.001559,0.002187,0.002726,0.0033941
1200.0,4.437E-6,1.323E-5,3.407E-5,7.827E-5,1.628E-4,3.171E-4,5.925E-4,0.001074,0.001514,0.001893,0.0023639
1500.0,1.9132E-6,6.2233E-6,1.731E-5,4.2196E-5,9.1349E-5,1.817E-4,3.4299E-4,6.276E-4,8.9222E-4,0.0011226,0.0014109
SA0P075
r\m,4.0,4.5,5.0,5.5,6.0,6.5,7.0,7.5,7.8,8.0,8.2
0.0,1.6649,1.99,1.99,1.99,1.99,1.99,1.99,1.99,2.024,2.065,2.1076
1.0,1.3967,1.8168,1.9204,1.9741,1.9955,1.9955,1.9955,1.9955,2.0289,2.062,2.0893
5.0,0.32116,0.58099,0.89354,1.2287,1.514,1.7077,1.8267,1.8981,1.9597,2.004,2.0405
10.0,0.11277,0.21631,0.37441,0.60468,0.89254,1.1859,1.4407,1.6448,1.7661,1.846,1.9239
15.0,0.059199,0.11496,0.20523,0.34907,0.55645,0.8137,1.0907,1.3626,1.5286,1.639,1.7539
20.0,0.03716,0.07246,0.131,0.2278,0.3768,0.5819,0.8334,1.116,1.301,1.426,1.5586
25.0,0.02472,0.04817,0.08801,0.155,0.2635,0.4255,0.6435,0.9145,1.1,1.23,1.3711
30.0,0.01796,0.03501,0.06428,0.114,0.1967,0.3261,0.5104,0.7561,0.9369,1.067,1.2123
40.0,0.01124,0.02193,0.04037,0.0722,0.1263,0.2152,0.3526,0.5494,0.7015,0.816,0.94665
50.0,0.007925,0.01547,0.02854,0.05125,0.09028,0.1562,0.2628,0.4221,0.5515,0.6522,0.76934
60.0,0.006353,0.01241,0.02293,0.04121,0.07273,0.1262,0.2134,0.3458,0.455,0.5409,0.64171
70.0,0.00524,0.01025,0.01894,0.03408,0.06022,0.1047,0.1776,0.2894,0.3825,0.4563,0.54323
80.0,0.004412,0.00864,0.01598,0.02877,0.05089,0.08858,0.1506,0.2464,0.3266,0.3905,0.46592
90.0,0.003774,0.007399,0.01371,0.02467,0.04366,0.07609,0.1294,0.2126,0.2823,0.3381,0.40426
100.0,0.003269,0.006416,0.0119,0.02142,0.03792,0.06617,0.1126,0.1855,0.2466,0.2957,0.35388
110.0,0.00286,0.00562,0.01044,0.01879,0.03328,0.05811,0.0989,0.1633,0.2173,0.2608,0.31237
120.0,0.002524,0.004965,0.009233,0.01662,0.02945,0.05147,0.08759,0.1449,0.193,0.2317,0.27755
130.0,0.002236,0.004402,0.008194,0.01476,0.02616,0.04573,0.07786,0.129,0.172,0.2067,0.24801
140.0,0.001986,0.003914,0.007287,0.01314,0.02331,0.04075,0.06945,0.1152,0.1539,0.1852,0.22241
150.0,0.001773,0.003498,0.006514,0.01177,0.02088,0.03651,0.06227,0.1034,0.1384,0.1668,0.20086
175.0,0.001362,0.002693,0.005021,0.009107,0.01617,0.02827,0.04835,0.08049,0.1081,0.1306,0.15757
200.0,0.00107,0.00212,0.003956,0.007204,0.01281,0.02239,0.03837,0.064,0.0862,0.1044,0.12627
250.0,6.72E-4,0.001338,0.002508,0.004588,0.008191,0.01437,0.02485,0.04171,0.05636,0.0684,0.082875
300.0,4.44E-4,8.89E-4,0.001676,0.003081,0.005525,0.009728,0.01694,0.0286,0.03874,0.04712,0.057219
350.0,3.042E-4,6.136E-4,0.001165,0.002153,0.003879,0.006857,0.012,0.0204,0.02771,0.03378,0.041112
400.0,2.14E-4,4.355E-4,8.349E-4,0.001551,0.002809,0.004989,0.00876,0.01501,0.02045,0.02498,0.030464
450.0,1.53E-4,3.145E-4,6.096E-4,0.00114,0.002077,0.00371,0.00654,0.01129,0.01543,0.01889,0.023106
500.0,1.116E-4,2.321E-4,4.556E-4,8.597E-4,0.001577,0.002832,0.005012,0.008714,0.01194,0.01464,0.017927
600.0,6.246E-5,1.337E-4,2.701E-4,5.212E-4,9.739E-4,0.001769,0.003158,0.005535,0.00763,0.009398,0.011562
700.0,3.704E-5,8.223E-5,1.719E-4,3.403E-4,6.489E-4,0.001193,0.002148,0.003792,0.005254,0.006496,0.0080236
800.0,2.308E-5,5.351E-5,1.161E-4,2.364E-4,4.598E-4,8.557E-4,0.001553,0.002759,0.003838,0.00476,0.0058958
1000.0,1.024E-5,2.613E-5,6.101E-5,1.313E-4,2.635E-4,5.014E-4,9.23E-4,0.001657,0.002321,0.002891,0.0035992
1200.0,5.288E-6,1.475E-5,3.666E-5,8.263E-5,1.701E-4,3.297E-4,6.143E-4,0.001111,0.001566,0.001958,0.0024455
1500.0,1.9132E-6,6.2233E-6,1.731E-5,4.2196E-5,9.1349E-5,1.817E-4,3.4299E-4,6.276E-4,8.9222E-4,0.0011226,0.0014109
SA0P1
r\m,4.0,4.5,5.0,5.5,6.0,6.5,7.0,7.5,7.8,8.0,8.2
0.0,1.2772,1.796,1.796,1.796,1.796,1.796,1.799,1.804,1.845,1.888,1.9328
1.0,1.0701,1.6148,1.7234,1.7782,1.8005,1.8059,1.8083,1.809,1.8497,1.886,1.9184
5.0,0.25113,0.48807,0.77397,1.085,1.3521,1.5361,1.6505,1.7215,1.7873,1.834,1.8756
10.0,0.090474,0.18323,0.32483,0.53232,0.79371,1.0646,1.302,1.4941,1.6129,1.692,1.772
15.0,0.048306,0.098658,0.17993,0.30962,0.49713,0.73279,0.98852,1.2415,1.3994,1.506,1.6201
20.0,0.0307,0.06287,0.116,0.2038,0.339,0.5269,0.7587,1.021,1.195,1.314,1.4427
25.0,0.02063,0.04219,0.07869,0.1398,0.2388,0.3874,0.5887,0.8406,1.014,1.137,1.2719
30.0,0.0151,0.03088,0.0579,0.1035,0.1794,0.2985,0.4692,0.6983,0.8672,0.9901,1.1273
40.0,0.009565,0.01958,0.03677,0.06632,0.1165,0.1991,0.3272,0.5115,0.6546,0.7628,0.88671
50.0,0.006817,0.01396,0.02626,0.04756,0.08411,0.1459,0.246,0.3963,0.5188,0.6143,0.72567
60.0,0.005513,0.0113,0.02128,0.03857,0.06834,0.1188,0.2015,0.3274,0.4314,0.5135,0.60983
70.0,0.004586,0.009413,0.01773,0.03217,0.05706,0.09943,0.1691,0.2762,0.3656,0.4367,0.52051
80.0,0.003895,0.008004,0.01509,0.02739,0.04863,0.08484,0.1446,0.237,0.3147,0.3767,0.45015
90.0,0.00336,0.00691,0.01305,0.02368,0.04207,0.07348,0.1253,0.2062,0.2742,0.3288,0.39365
100.0,0.002935,0.006042,0.01142,0.02073,0.03684,0.06442,0.1099,0.1814,0.2415,0.2898,0.3471
110.0,0.00259,0.005337,0.0101,0.01833,0.03259,0.05705,0.09728,0.161,0.2145,0.2577,0.3091
120.0,0.002305,0.004755,0.009011,0.01635,0.02908,0.05093,0.08684,0.144,0.192,0.2308,0.27694
130.0,0.002059,0.004251,0.008062,0.01464,0.02605,0.04563,0.07782,0.1292,0.1725,0.2075,0.24932
140.0,0.001844,0.003811,0.00723,0.01315,0.0234,0.04098,0.06997,0.1163,0.1556,0.1874,0.22533
150.0,0.001661,0.003435,0.006515,0.01187,0.02113,0.03701,0.06325,0.1052,0.141,0.17,0.2045
175.0,0.001303,0.0027,0.005128,0.009367,0.01669,0.02923,0.05006,0.08347,0.1122,0.1357,0.16383
200.0,0.001045,0.002169,0.004123,0.007554,0.01347,0.02359,0.04047,0.0676,0.09116,0.1105,0.13385
250.0,6.845E-4,0.001425,0.002717,0.004995,0.008937,0.01569,0.02715,0.04564,0.06172,0.07495,0.090893
300.0,4.709E-4,9.842E-4,0.001882,0.003472,0.006232,0.01097,0.01911,0.03229,0.04376,0.05323,0.064678
350.0,3.355E-4,7.044E-4,0.001353,0.002503,0.004504,0.007954,0.01391,0.02365,0.03213,0.03916,0.047651
400.0,2.451E-4,5.172E-4,9.99E-4,0.001853,0.003343,0.005923,0.01038,0.01778,0.02421,0.02957,0.036079
450.0,1.816E-4,3.853E-4,7.488E-4,0.001393,0.002522,0.004483,0.007879,0.01358,0.01855,0.02271,0.027762
500.0,1.37E-4,2.924E-4,5.72E-4,0.001068,0.001942,0.003464,0.006105,0.01059,0.0145,0.01778,0.021792
600.0,8.142E-5,1.76E-4,3.491E-4,6.598E-4,0.001213,0.002181,0.003867,0.006752,0.009295,0.01144,0.014058
700.0,5.057E-5,1.11E-4,2.243E-4,4.304E-4,8.025E-4,0.001456,0.002598,0.004564,0.006312,0.007796,0.0096176
800.0,3.253E-5,7.285E-5,1.504E-4,2.941E-4,5.573E-4,0.001021,0.001835,0.003243,0.004504,0.005579,0.0069017
1000.0,1.467E-5,3.462E-5,7.541E-5,1.551E-4,3.029E-4,5.676E-4,0.001036,0.00185,0.002588,0.003221,0.0040066
1200.0,7.295E-6,1.845E-5,4.28E-5,9.273E-5,1.868E-4,3.579E-4,6.627E-4,0.001194,0.00168,0.0021,0.002623
1500.0,2.4766E-6,6.7625E-6,1.731E-5,4.2196E-5,9.1349E-5,1.817E-4,3.4299E-4,6.276E-4,8.9222E-4,0.0011226,0.0014109
SA0P15
r\m,4.0,4.5,5.0,5.5,6.0,6.5,7.0,7.5,7.8,8.0,8.2
0.0,0.77548,1.265,1.484,1.484,1.484,1.484,1.496,1.521,1.565,1.609,1.6539
1.0,0.65363,1.1365,1.4111,1.4651,1.4859,1.4924,1.5042,1.5259,1.5696,1.607,1.6399
5.0,0.16075,0.35009,0.60327,0.87287,1.1054,1.2677,1.3744,1.4531,1.5178,1.563,1.6025
10.0,0.059829,0.13515,0.25375,0.42749,0.64768,0.88015,1.0878,1.2635,1.372,1.445,1.5193
15.0,0.032587,0.07418,0.14235,0.25106,0.40848,0.60943,0.83038,1.0534,1.1936,1.289,1.3915
20.0,0.02101,0.04795,0.09287,0.167,0.281,0.4414,0.6413,0.87,1.023,1.128,1.242
25.0,0.0143,0.03258,0.06384,0.1158,0.1999,0.3269,0.5004,0.7191,0.8715,0.9793,1.0974
30.0,0.01056,0.02405,0.04742,0.08644,0.1513,0.2534,0.4011,0.6002,0.748,0.8562,0.9773
40.0,0.006786,0.01547,0.03052,0.05614,0.09955,0.171,0.2826,0.4437,0.5694,0.6649,0.7744
50.0,0.004893,0.01117,0.02203,0.04073,0.07268,0.1266,0.2145,0.3469,0.4552,0.5399,0.63893
60.0,0.003993,0.009123,0.01801,0.03332,0.05956,0.1041,0.1772,0.2889,0.3816,0.455,0.54144
70.0,0.003352,0.007665,0.01514,0.02803,0.05016,0.08781,0.15,0.2458,0.3261,0.3901,0.46579
80.0,0.002872,0.006574,0.01299,0.02407,0.04311,0.07557,0.1293,0.2127,0.283,0.3393,0.40595
90.0,0.002498,0.005725,0.01133,0.02099,0.03762,0.06602,0.113,0.1866,0.2487,0.2986,0.35775
100.0,0.002201,0.005045,0.01001,0.01854,0.03324,0.05838,0.09993,0.1655,0.2208,0.2655,0.31878
110.0,0.001959,0.004497,0.008925,0.01653,0.02966,0.05214,0.08924,0.1482,0.1979,0.238,0.28577
120.0,0.001758,0.00404,0.008028,0.01487,0.02669,0.04694,0.08033,0.1337,0.1786,0.215,0.25844
130.0,0.001584,0.003643,0.007246,0.01343,0.02411,0.04241,0.07259,0.1209,0.1617,0.1949,0.23446
140.0,0.001431,0.003295,0.006556,0.01217,0.02184,0.03842,0.06583,0.1098,0.1471,0.1774,0.21352
150.0,0.001301,0.002995,0.005964,0.01108,0.01989,0.035,0.06001,0.1002,0.1344,0.1624,0.1958
175.0,0.001043,0.002406,0.004796,0.00893,0.01605,0.02823,0.0485,0.0811,0.1092,0.1323,0.16001
200.0,8.548E-4,0.001975,0.003938,0.007354,0.01322,0.02326,0.04003,0.06703,0.09055,0.1099,0.13322
250.0,5.85E-4,0.001356,0.00271,0.005072,0.009146,0.01612,0.02795,0.0471,0.06379,0.07755,0.094129
300.0,4.203E-4,9.766E-4,0.001957,0.003671,0.006637,0.01172,0.02044,0.03462,0.04698,0.05721,0.069569
350.0,3.125E-4,7.287E-4,0.001464,0.002751,0.004981,0.008815,0.01542,0.02628,0.03575,0.04362,0.05314
400.0,2.381E-4,5.573E-4,0.001123,0.002113,0.003831,0.006794,0.01191,0.02043,0.02785,0.03404,0.041578
450.0,1.839E-4,4.32E-4,8.736E-4,0.001645,0.002988,0.005312,0.009331,0.0161,0.022,0.02694,0.032949
500.0,1.445E-4,3.406E-4,6.913E-4,0.001304,0.002372,0.004225,0.007436,0.0129,0.01766,0.02166,0.026533
600.0,9.292E-5,2.203E-4,4.5E-4,8.526E-4,0.00156,0.002791,0.004931,0.008593,0.01182,0.01455,0.017895
700.0,6.22E-5,1.484E-4,3.052E-4,5.816E-4,0.001071,0.001925,0.003413,0.005972,0.008248,0.01018,0.012551
800.0,4.29E-5,1.03E-4,2.136E-4,4.1E-4,7.608E-4,0.001374,0.002445,0.004295,0.005952,0.007365,0.009105
1000.0,2.18E-5,5.317E-5,1.122E-4,2.204E-4,4.149E-4,7.589E-4,0.001364,0.002414,0.003365,0.004181,0.0051918
1200.0,1.181E-5,2.94E-5,6.357E-5,1.287E-4,2.472E-4,4.596E-4,8.355E-4,0.00149,0.002089,0.002605,0.0032451
1500.0,4.7992E-6,1.2227E-5,2.7186E-5,5.6712E-5,1.1152E-4,2.1134E-4,3.8807E-4,6.9868E-4,9.8755E-4,0.0012387,0.0015521
SA0P2
r\m,4.0,4.5,5.0,5.5,6.0,6.5,7.0,7.5,7.8,8.0,8.2
0.0,0.49195,0.9161,1.263,1.263,1.263,1.265,1.288,1.322,1.367,1.409,1.452
1.0,0.41862,0.8255,1.191,1.2438,1.2636,1.2722,1.2951,1.3264,1.3709,1.407,1.4384
5.0,0.10777,0.26141,0.48878,0.72844,0.93521,1.0812,1.1842,1.2637,1.3258,1.37,1.4093
10.0,0.040964,0.10294,0.2056,0.35632,0.54801,0.75281,0.93936,1.1002,1.1994,1.267,1.3353
15.0,0.022579,0.057196,0.11622,0.21057,0.34732,0.52365,0.71948,0.91915,1.045,1.132,1.2252
20.0,0.01468,0.0373,0.07639,0.141,0.2403,0.3811,0.5577,0.7611,0.8974,0.9919,1.0937
25.0,0.01007,0.02556,0.053,0.09852,0.1721,0.2835,0.4368,0.6305,0.7665,0.863,0.96907
30.0,0.007478,0.01897,0.03962,0.07395,0.1309,0.2206,0.3513,0.5278,0.6594,0.7561,0.86501
40.0,0.004843,0.01231,0.02571,0.04845,0.0868,0.15,0.2489,0.3922,0.5043,0.5898,0.68797
50.0,0.003514,0.00895,0.01868,0.03538,0.06379,0.1117,0.1899,0.3081,0.4049,0.4809,0.56979
60.0,0.002881,0.007344,0.01533,0.02907,0.05251,0.09219,0.1575,0.2576,0.3409,0.4069,0.48474
70.0,0.00243,0.006198,0.01294,0.02457,0.04442,0.07814,0.1339,0.2202,0.2925,0.3504,0.41909
80.0,0.002091,0.00534,0.01116,0.02119,0.03835,0.06754,0.116,0.1913,0.255,0.3061,0.36687
90.0,0.001827,0.00467,0.009772,0.01856,0.03361,0.05926,0.1018,0.1686,0.225,0.2705,0.32468
100.0,0.001616,0.004136,0.008668,0.01646,0.02983,0.05264,0.0904,0.1502,0.2007,0.2415,0.29022
110.0,0.001445,0.0037,0.007766,0.01475,0.02674,0.04722,0.08108,0.135,0.1806,0.2175,0.26166
120.0,0.001302,0.003338,0.007015,0.01332,0.02416,0.0427,0.07331,0.1223,0.1637,0.1972,0.23721
130.0,0.001178,0.003023,0.006361,0.01208,0.02192,0.03875,0.06653,0.1111,0.1489,0.1796,0.21618
140.0,0.00107,0.002746,0.005782,0.011,0.01995,0.03526,0.0606,0.1013,0.136,0.1642,0.19781
150.0,9.765E-4,0.002508,0.005284,0.01006,0.01825,0.03226,0.05549,0.09286,0.1248,0.1509,0.18201
175.0,7.921E-4,0.002037,0.004299,0.008198,0.01489,0.02631,0.04534,0.07602,0.1025,0.1243,0.1504
200.0,6.565E-4,0.001691,0.003573,0.006827,0.0124,0.02191,0.03783,0.06349,0.08592,0.1043,0.12638
250.0,4.596E-4,0.001187,0.002514,0.004815,0.008771,0.01553,0.02699,0.0456,0.06184,0.07525,0.091451
300.0,3.377E-4,8.749E-4,0.001856,0.003562,0.006505,0.01153,0.02016,0.03423,0.0465,0.05668,0.069003
350.0,2.567E-4,6.683E-4,0.001419,0.002727,0.004987,0.008859,0.01553,0.02652,0.03611,0.04409,0.053755
400.0,2.0E-4,5.217E-4,0.001112,0.002139,0.003915,0.006969,0.01224,0.02103,0.02869,0.03509,0.042861
450.0,1.579E-4,4.134E-4,8.832E-4,0.001701,0.003116,0.005557,0.009775,0.01689,0.0231,0.02831,0.034648
500.0,1.269E-4,3.33E-4,7.134E-4,0.001375,0.002522,0.004505,0.007938,0.01379,0.01889,0.02318,0.028404
600.0,8.514E-5,2.246E-4,4.835E-4,9.347E-4,0.001721,0.003085,0.005452,0.009508,0.01308,0.01611,0.019804
700.0,5.944E-5,1.575E-4,3.408E-4,6.609E-4,0.001222,0.002197,0.003893,0.006813,0.009411,0.01162,0.01434
800.0,4.273E-5,1.137E-4,2.473E-4,4.815E-4,8.946E-4,0.001613,0.002866,0.005029,0.006967,0.00862,0.010656
1000.0,2.352E-5,6.322E-5,1.386E-4,2.736E-4,5.118E-4,9.294E-4,0.001661,0.002929,0.004077,0.005063,0.0062828
1200.0,1.376E-5,3.733E-5,8.272E-5,1.659E-4,3.133E-4,5.743E-4,0.001034,0.001832,0.002562,0.003191,0.0039724
1500.0,6.3053E-6,1.7337E-5,3.8976E-5,7.944E-5,1.5181E-4,2.8141E-4,5.0927E-4,9.075E-4,0.0012778,0.0015995,0.0020012
SA0P25
r\m,4.0,4.5,5.0,5.5,6.0,6.5,7.0,7.5,7.8,8.0,8.2
0.0,0.3255,0.68109,1.019,1.097,1.097,1.103,1.135,1.175,1.22,1.26,1.301
1.0,0.27953,0.61591,0.96073,1.0777,1.0966,1.1093,1.1412,1.179,1.2235,1.259,1.2911
5.0,0.07493,0.20029,0.39863,0.62268,0.80954,0.94387,1.0442,1.1236,1.1836,1.226,1.2647
10.0,0.028926,0.080086,0.16977,0.30435,0.47503,0.65941,0.83007,0.97929,1.0714,1.134,1.1973
15.0,0.016074,0.044892,0.096784,0.18069,0.30232,0.4605,0.63748,0.81936,0.93452,1.014,1.0991
20.0,0.01051,0.02946,0.06402,0.1216,0.2101,0.3364,0.4955,0.6797,0.8036,0.8897,0.98259
25.0,0.007253,0.02032,0.04475,0.08552,0.1512,0.2511,0.3891,0.5642,0.6874,0.7752,0.87202
30.0,0.005405,0.01514,0.03362,0.06447,0.1154,0.196,0.3137,0.4731,0.5923,0.68,0.77857
40.0,0.003519,0.009889,0.02195,0.0425,0.07708,0.1339,0.2231,0.3527,0.4543,0.5319,0.62167
50.0,0.002564,0.007221,0.01601,0.03119,0.05689,0.1001,0.1708,0.2779,0.3657,0.4348,0.51581
60.0,0.002108,0.005942,0.01318,0.0257,0.04695,0.08287,0.1421,0.233,0.3087,0.3688,0.4396
70.0,0.001783,0.005029,0.01115,0.02177,0.03982,0.07042,0.1211,0.1996,0.2656,0.3184,0.38092
80.0,0.001539,0.004344,0.009638,0.01882,0.03447,0.06103,0.1051,0.174,0.2321,0.2789,0.33468
90.0,0.001348,0.003809,0.008465,0.01653,0.0303,0.0537,0.09254,0.1537,0.2054,0.2471,0.29671
100.0,0.001196,0.003382,0.007528,0.0147,0.02696,0.04782,0.08241,0.1373,0.1837,0.2212,0.26604
110.0,0.001072,0.003033,0.006762,0.01321,0.02423,0.04301,0.0741,0.1237,0.1657,0.1997,0.24017
120.0,9.684E-4,0.002743,0.006125,0.01197,0.02196,0.039,0.06718,0.1124,0.1506,0.1816,0.21865
130.0,8.788E-4,0.002491,0.005568,0.01088,0.01998,0.03549,0.06114,0.1024,0.1374,0.1658,0.19989
140.0,8.001E-4,0.002269,0.005077,0.009929,0.01823,0.03239,0.05584,0.09361,0.1258,0.152,0.18334
150.0,7.324E-4,0.002078,0.004653,0.009106,0.01672,0.02971,0.05127,0.08601,0.1158,0.1401,0.16942
175.0,5.982E-4,0.0017,0.003813,0.007474,0.01373,0.02439,0.04218,0.07088,0.09574,0.1161,0.1406
200.0,4.992E-4,0.00142,0.003191,0.006265,0.01152,0.02046,0.03543,0.05961,0.08074,0.09814,0.11912
250.0,3.545E-4,0.001012,0.002277,0.004482,0.008262,0.0147,0.02562,0.04338,0.0589,0.07173,0.087218
300.0,2.641E-4,7.559E-4,0.001705,0.003362,0.006212,0.01107,0.01939,0.03299,0.04488,0.05473,0.066637
350.0,2.036E-4,5.846E-4,0.001321,0.002609,0.004826,0.008614,0.01513,0.0259,0.03531,0.04313,0.052613
400.0,1.607E-4,4.633E-4,0.001049,0.002074,0.003839,0.006864,0.01208,0.0208,0.0284,0.03476,0.042489
450.0,1.287E-4,3.72E-4,8.444E-4,0.001671,0.003095,0.005544,0.009772,0.01692,0.02315,0.02838,0.034743
500.0,1.047E-4,3.038E-4,6.911E-4,0.001369,0.002537,0.004552,0.008033,0.01398,0.01916,0.02353,0.02885
600.0,7.218E-5,2.103E-4,4.807E-4,9.54E-4,0.001775,0.003193,0.00565,0.009867,0.01359,0.01674,0.020601
700.0,5.173E-5,1.513E-4,3.474E-4,6.912E-4,0.00129,0.002327,0.004128,0.007229,0.00999,0.01234,0.015224
800.0,3.816E-5,1.121E-4,2.584E-4,5.155E-4,9.654E-4,0.001745,0.003103,0.005447,0.007548,0.009341,0.011548
1000.0,2.212E-5,6.546E-5,1.518E-4,3.06E-4,5.752E-4,0.001045,0.001866,0.003288,0.004576,0.005681,0.0070463
1200.0,1.36E-5,4.054E-5,9.455E-5,1.928E-4,3.644E-4,6.658E-4,0.001194,0.002112,0.00295,0.003673,0.0045696
1500.0,6.7259E-6,2.0272E-5,4.777E-5,9.8518E-5,1.8758E-4,3.4548E-4,6.2148E-4,0.0011038,0.0015511,0.00194,0.0024258
SA0P3
r\m,4.0,4.5,5.0,5.5,6.0,6.5,7.0,7.5,7.8,8.0,8.2
0.0,0.22516,0.51628,0.8333,0.9443,0.9661,0.9795,1.018,1.062,1.107,1.145,1.184
1.0,0.19475,0.46863,0.78612,0.92701,0.96509,0.98501,1.0235,1.0657,1.1101,1.144,1.1747
5.0,0.053874,0.15632,0.33083,0.53648,0.71201,0.83909,0.93704,1.0159,1.074,1.114,1.1504
10.0,0.021042,0.063299,0.14248,0.26384,0.41889,0.58792,0.74614,0.88607,0.97249,1.031,1.0903
15.0,0.011764,0.035727,0.081783,0.15752,0.26763,0.4119,0.57424,0.7422,0.84877,0.9223,1.0009
20.0,0.007724,0.02356,0.05437,0.1065,0.1867,0.3018,0.4473,0.6165,0.7305,0.81,0.89588
25.0,0.005352,0.01633,0.03824,0.07531,0.135,0.2259,0.3521,0.5124,0.6255,0.7064,0.79566
30.0,0.003999,0.01221,0.02884,0.05698,0.1035,0.1767,0.2844,0.4302,0.5396,0.6203,0.71121
40.0,0.002614,0.008011,0.01892,0.03776,0.06937,0.1212,0.2029,0.3215,0.4148,0.4861,0.56823
50.0,0.00191,0.00587,0.01384,0.02781,0.05138,0.09093,0.1557,0.2539,0.3346,0.3981,0.47254
60.0,0.001574,0.004839,0.01141,0.02295,0.04248,0.0754,0.1297,0.2133,0.2829,0.3383,0.40367
70.0,0.001333,0.004103,0.009676,0.01948,0.03609,0.06418,0.1108,0.183,0.2438,0.2925,0.35025
80.0,0.001153,0.003551,0.008376,0.01687,0.0313,0.05572,0.09633,0.1598,0.2134,0.2567,0.30813
90.0,0.001012,0.003119,0.00737,0.01485,0.02756,0.04912,0.08494,0.1414,0.1892,0.2278,0.27376
100.0,8.992E-4,0.002774,0.006566,0.01323,0.02457,0.04382,0.07577,0.1265,0.1695,0.2043,0.24595
110.0,8.072E-4,0.002492,0.005908,0.0119,0.02212,0.03949,0.06826,0.1142,0.1532,0.1848,0.22255
120.0,7.307E-4,0.002258,0.00536,0.0108,0.02008,0.03587,0.06199,0.104,0.1395,0.1683,0.20258
130.0,6.644E-4,0.002054,0.004883,0.009841,0.0183,0.0327,0.05652,0.09489,0.1274,0.154,0.18581
140.0,6.061E-4,0.001875,0.004461,0.008996,0.01673,0.0299,0.05172,0.08691,0.1169,0.1414,0.17068
150.0,5.558E-4,0.00172,0.004097,0.008266,0.01538,0.02748,0.04758,0.08,0.1078,0.1306,0.1581
175.0,4.562E-4,0.001413,0.003374,0.006817,0.01269,0.02267,0.03932,0.06623,0.08956,0.1087,0.13171
200.0,3.825E-4,0.001187,0.002838,0.005742,0.01069,0.0191,0.03318,0.05595,0.07583,0.09228,0.11206
250.0,2.742E-4,8.535E-4,0.002045,0.004147,0.007746,0.01386,0.02422,0.0411,0.05586,0.06807,0.082824
300.0,2.062E-4,6.438E-4,0.001545,0.003141,0.005879,0.01053,0.0185,0.03154,0.04295,0.05241,0.063859
350.0,1.605E-4,5.026E-4,0.001209,0.00246,0.00461,0.008272,0.01457,0.02498,0.03408,0.04167,0.050881
400.0,1.279E-4,4.02E-4,9.685E-4,0.001974,0.0037,0.006651,0.01173,0.02023,0.02766,0.03387,0.041414
450.0,1.033E-4,3.258E-4,7.866E-4,0.001605,0.00301,0.00542,0.009573,0.0166,0.02274,0.0279,0.034199
500.0,8.49E-5,2.685E-4,6.497E-4,0.001326,0.002489,0.004489,0.007939,0.01383,0.01898,0.02332,0.028621
600.0,5.956E-5,1.892E-4,4.599E-4,9.408E-4,0.001771,0.003202,0.005679,0.009931,0.01368,0.01686,0.020744
700.0,4.345E-5,1.386E-4,3.383E-4,6.935E-4,0.001309,0.002373,0.004217,0.007393,0.01022,0.01263,0.015584
800.0,3.263E-5,1.044E-4,2.56E-4,5.258E-4,9.958E-4,0.001808,0.003219,0.005657,0.007843,0.009709,0.012009
1000.0,1.958E-5,6.313E-5,1.555E-4,3.223E-4,6.118E-4,0.001115,0.001993,0.003512,0.004889,0.006071,0.0075333
1200.0,1.246E-5,4.042E-5,1.0E-4,2.093E-4,3.986E-4,7.296E-4,0.001308,0.002313,0.00323,0.004021,0.0050026
1500.0,6.4911E-6,2.1272E-5,5.3097E-5,1.1219E-4,2.1476E-4,3.9566E-4,7.1092E-4,0.0012612,0.001771,0.0022142,0.0027675
SA0P4
r\m,4.0,4.5,5.0,5.5,6.0,6.5,7.0,7.5,7.8,8.0,8.2
0.0,0.12037,0.31351,0.579,0.7165,0.7704,0.8011,0.8483,0.8974,0.9404,0.9762,1.0136
1.0,0.10503,0.28638,0.54702,0.70322,0.76901,0.80534,0.85268,0.90044,0.94306,0.9751,1.0049
5.0,0.030281,0.099654,0.23624,0.41151,0.56907,0.68748,0.78146,0.85867,0.91259,0.9496,0.98386
10.0,0.012018,0.041132,0.10362,0.20524,0.33739,0.48419,0.6241,0.74978,0.82707,0.8796,0.9333
15.0,0.0067746,0.023448,0.06012,0.12377,0.2172,0.34106,0.48199,0.62911,0.72277,0.7877,0.85754
20.0,0.004474,0.01557,0.04028,0.08432,0.1525,0.2511,0.3767,0.5236,0.623,0.6926,0.76805
25.0,0.003119,0.01088,0.02861,0.06013,0.1111,0.1889,0.2976,0.4361,0.5343,0.6048,0.68282
30.0,0.002339,0.008167,0.02171,0.04575,0.0856,0.1483,0.2411,0.367,0.4617,0.5318,0.61085
40.0,0.001537,0.005395,0.01434,0.03056,0.05783,0.1024,0.1728,0.2753,0.356,0.4179,0.48983
50.0,0.001128,0.003972,0.01054,0.02263,0.04305,0.07715,0.1331,0.218,0.2879,0.3431,0.40808
60.0,9.319E-4,0.003283,0.008708,0.01872,0.03568,0.06411,0.1111,0.1835,0.2439,0.2921,0.34908
70.0,7.916E-4,0.00279,0.0074,0.01592,0.03038,0.0547,0.09508,0.1579,0.2107,0.2532,0.30368
80.0,6.864E-4,0.002421,0.00642,0.01382,0.0264,0.0476,0.08287,0.1381,0.1849,0.2226,0.2674
90.0,6.037E-4,0.002131,0.005661,0.01219,0.0233,0.04205,0.07323,0.1225,0.1643,0.1981,0.23862
100.0,5.376E-4,0.001899,0.005055,0.01088,0.02082,0.03761,0.06548,0.1098,0.1475,0.178,0.21437
110.0,4.837E-4,0.00171,0.004558,0.009817,0.01879,0.03396,0.05912,0.09942,0.1336,0.1614,0.19457
120.0,4.389E-4,0.001553,0.004145,0.008928,0.0171,0.03092,0.0538,0.09067,0.1219,0.1474,0.17782
130.0,4.0E-4,0.001416,0.003785,0.008154,0.01562,0.02826,0.04917,0.08295,0.1117,0.1351,0.16325
140.0,3.658E-4,0.001295,0.003467,0.007472,0.01432,0.0259,0.04511,0.07615,0.1027,0.1244,0.1505
150.0,3.363E-4,0.001191,0.003193,0.006883,0.01319,0.02386,0.0416,0.07026,0.0949,0.1151,0.13937
175.0,2.778E-4,9.85E-4,0.002646,0.00571,0.01095,0.0198,0.03459,0.05851,0.07929,0.09639,0.117
200.0,2.343E-4,8.319E-4,0.00224,0.004839,0.009281,0.01679,0.02936,0.04972,0.06757,0.0823,0.10009
250.0,1.701E-4,6.059E-4,0.001635,0.00354,0.006811,0.01234,0.02169,0.03696,0.05034,0.06143,0.074853
300.0,1.295E-4,4.627E-4,0.001251,0.002715,0.005235,0.00949,0.01676,0.02871,0.03916,0.04785,0.058381
350.0,1.02E-4,3.656E-4,9.901E-4,0.002153,0.004155,0.007545,0.01336,0.023,0.03144,0.03847,0.047012
400.0,8.228E-5,2.959E-4,8.026E-4,0.001748,0.003374,0.006138,0.01088,0.01884,0.0258,0.03162,0.038704
450.0,6.727E-5,2.427E-4,6.595E-4,0.001438,0.002777,0.00506,0.008982,0.01563,0.02145,0.02634,0.032316
500.0,5.593E-5,2.024E-4,5.51E-4,0.001203,0.002323,0.004239,0.007533,0.01317,0.0181,0.02226,0.027356
600.0,4.015E-5,1.459E-4,3.992E-4,8.727E-4,0.00169,0.003093,0.00551,0.009665,0.01334,0.01645,0.020268
700.0,2.996E-5,1.093E-4,3.003E-4,6.577E-4,0.001277,0.002342,0.004181,0.00735,0.01018,0.01258,0.015536
800.0,2.301E-5,8.424E-5,2.323E-4,5.098E-4,9.922E-4,0.001823,0.003259,0.005741,0.007968,0.009871,0.012216
1000.0,1.445E-5,5.32E-5,1.473E-4,3.261E-4,6.356E-4,0.001171,0.0021,0.003707,0.005164,0.006417,0.0079671
1200.0,9.606E-6,3.558E-5,9.897E-5,2.206E-4,4.309E-4,7.957E-4,0.001431,0.002531,0.003537,0.004404,0.0054801
1500.0,5.3483E-6,1.999E-5,5.6059E-5,1.2596E-4,2.4693E-4,4.5834E-4,8.2569E-4,0.0014634,0.0020556,0.0025701,0.0032119
SA0P5
r\m,4.0,4.5,5.0,5.5,6.0,6.5,7.0,7.5,7.8,8.0,8.2
0.0,0.072963,0.20262,0.4168,0.5618,0.6337,0.6767,0.7291,0.7811,0.8228,0.8565,0.89175
1.0,0.06377,0.18593,0.39436,0.55128,0.63208,0.68016,0.73267,0.7837,0.8251,0.8555,0.88413
5.0,0.018646,0.066736,0.1743,0.3259,0.46936,0.58182,0.67214,0.7476,0.79859,0.8333,0.86594
10.0,0.007467,0.02793,0.07758,0.16447,0.2803,0.41166,0.53823,0.65347,0.7242,0.7722,0.82165
15.0,0.0042322,0.016036,0.045379,0.099986,0.18161,0.29129,0.41689,0.54908,0.63345,0.692,0.75533
20.0,0.002806,0.0107,0.03058,0.06853,0.1282,0.2153,0.3267,0.4577,0.5466,0.6089,0.67668
25.0,0.001965,0.007518,0.02188,0.04922,0.09404,0.1626,0.2588,0.3818,0.4693,0.5322,0.60175
30.0,0.001478,0.005662,0.01669,0.03762,0.07276,0.1281,0.2102,0.3218,0.406,0.4685,0.53897
40.0,9.749E-4,0.003757,0.01108,0.02528,0.04945,0.08885,0.1511,0.242,0.3137,0.3689,0.43275
50.0,7.174E-4,0.002776,0.008167,0.0188,0.03696,0.06717,0.1167,0.1921,0.2542,0.3033,0.36102
60.0,5.934E-4,0.002297,0.006757,0.01557,0.03067,0.0559,0.09758,0.1619,0.2157,0.2586,0.30945
70.0,5.049E-4,0.001956,0.00575,0.01326,0.02615,0.04775,0.08362,0.1395,0.1865,0.2244,0.26941
80.0,4.384E-4,0.001699,0.004995,0.01153,0.02275,0.04161,0.07298,0.1222,0.1639,0.1976,0.23787
90.0,3.861E-4,0.001498,0.004411,0.01018,0.02011,0.03681,0.06457,0.1085,0.1458,0.1761,0.21226
100.0,3.444E-4,0.001337,0.003944,0.009103,0.018,0.03297,0.05782,0.09745,0.1311,0.1585,0.19123
110.0,3.103E-4,0.001205,0.003561,0.008222,0.01627,0.02981,0.05227,0.08832,0.1189,0.1439,0.1739
120.0,2.819E-4,0.001096,0.003243,0.007488,0.01482,0.02718,0.04764,0.08066,0.1087,0.1315,0.1587
130.0,2.573E-4,0.001001,0.002965,0.006848,0.01356,0.02488,0.0436,0.0739,0.09968,0.1208,0.14622
140.0,2.357E-4,9.168E-4,0.002721,0.006285,0.01245,0.02283,0.04006,0.06794,0.09181,0.1114,0.13499
150.0,2.17E-4,8.446E-4,0.00251,0.005798,0.01149,0.02107,0.037,0.06278,0.08497,0.1032,0.12516
175.0,1.799E-4,7.009E-4,0.002089,0.004829,0.009571,0.01756,0.03088,0.05247,0.07125,0.08673,0.10541
200.0,1.524E-4,5.943E-4,0.001775,0.004107,0.008144,0.01494,0.02632,0.04474,0.06093,0.07431,0.090489
250.0,1.115E-4,4.362E-4,0.001306,0.00303,0.006027,0.01107,0.01959,0.03352,0.04574,0.05588,0.06815
300.0,8.553E-5,3.357E-4,0.001007,0.002342,0.004669,0.008583,0.01525,0.02623,0.03585,0.04386,0.053587
350.0,6.788E-5,2.673E-4,8.032E-4,0.001871,0.003734,0.006875,0.01224,0.02117,0.02898,0.0355,0.043419
400.0,5.517E-5,2.179E-4,6.558E-4,0.001531,0.003055,0.005635,0.01004,0.01746,0.02395,0.02939,0.035987
450.0,4.545E-5,1.801E-4,5.428E-4,0.001269,0.002534,0.00468,0.008353,0.01459,0.02006,0.02464,0.030218
500.0,3.807E-5,1.513E-4,4.567E-4,0.001069,0.002135,0.003949,0.007057,0.01238,0.01704,0.02097,0.025788
600.0,2.772E-5,1.106E-4,3.357E-4,7.869E-4,0.001575,0.002922,0.005234,0.00921,0.01273,0.01571,0.019365
700.0,2.098E-5,8.402E-5,2.561E-4,6.014E-4,0.001206,0.002242,0.004026,0.007099,0.009839,0.01217,0.015033
800.0,1.634E-5,6.564E-5,2.008E-4,4.725E-4,9.499E-4,0.001769,0.00318,0.005618,0.007806,0.009678,0.011987
1000.0,1.054E-5,4.26E-5,1.309E-4,3.104E-4,6.248E-4,0.001166,0.002102,0.003721,0.005189,0.006451,0.0080135
1200.0,7.206E-6,2.926E-5,9.024E-5,2.156E-4,4.345E-4,8.128E-4,0.001468,0.002603,0.00364,0.004535,0.0056471
1500.0,4.1798E-6,1.7114E-5,5.3195E-5,1.2811E-4,2.5883E-4,4.8653E-4,8.8032E-4,0.0015631,0.0021964,0.0027476,0.0034365
SA0P75
r\m,4.0,4.5,5.0,5.5,6.0,6.5,7.0,7.5,7.8,8.0,8.2
0.0,0.030323,0.084962,0.2044,0.3325,0.4218,0.4807,0.5394,0.5945,0.6335,0.6635,0.69476
1.0,0.026074,0.07816,0.19405,0.32613,0.42009,0.48291,0.54173,0.59639,0.63519,0.6627,0.68889
5.0,0.007329,0.028943,0.089654,0.19698,0.31453,0.41497,0.49803,0.5693,0.61499,0.6456,0.67465
10.0,0.0029483,0.012343,0.040984,0.1017,0.1907,0.29649,0.40107,0.49869,0.55838,0.5988,0.6406
15.0,0.0016817,0.0071638,0.024317,0.062747,0.12512,0.21172,0.3125,0.4202,0.48925,0.5373,0.58945
20.0,0.001121,0.004818,0.01655,0.04348,0.08923,0.1577,0.2462,0.3513,0.423,0.4735,0.5287
25.0,7.916E-4,0.003425,0.01199,0.03165,0.06629,0.12,0.1962,0.2939,0.364,0.4147,0.47131
30.0,5.976E-4,0.002593,0.009216,0.0244,0.05173,0.09512,0.1601,0.2485,0.3156,0.3656,0.42248
40.0,3.965E-4,0.001733,0.006174,0.01658,0.03555,0.06662,0.1158,0.1878,0.2448,0.2887,0.33957
50.0,2.929E-4,0.001287,0.004574,0.01241,0.02676,0.05068,0.08985,0.1496,0.1989,0.238,0.28419
60.0,2.427E-4,0.001068,0.003791,0.0103,0.02224,0.04225,0.07526,0.1263,0.169,0.2033,0.24392
70.0,2.069E-4,9.108E-4,0.003232,0.008786,0.019,0.03616,0.0646,0.109,0.1465,0.1768,0.21294
80.0,1.8E-4,7.93E-4,0.002813,0.007652,0.01656,0.03156,0.05649,0.09564,0.1289,0.1559,0.18818
90.0,1.588E-4,7.002E-4,0.002489,0.006771,0.01467,0.02798,0.05007,0.08511,0.1149,0.1392,0.16829
100.0,1.418E-4,6.261E-4,0.002229,0.006066,0.01316,0.02511,0.04492,0.07658,0.1035,0.1255,0.15183
110.0,1.28E-4,5.655E-4,0.002017,0.005489,0.01191,0.02275,0.04068,0.06954,0.09411,0.1142,0.1385
120.0,1.165E-4,5.151E-4,0.001839,0.005009,0.01088,0.02078,0.03714,0.06363,0.08617,0.1046,0.12675
130.0,1.065E-4,4.713E-4,0.001686,0.004591,0.009974,0.01906,0.03406,0.05842,0.07919,0.09623,0.11674
140.0,9.775E-5,4.329E-4,0.001551,0.004222,0.009175,0.01753,0.03137,0.05382,0.07309,0.08892,0.10809
150.0,9.019E-5,3.996E-4,0.001434,0.003904,0.008484,0.01622,0.02904,0.04983,0.06778,0.08256,0.10039
175.0,7.515E-5,3.335E-4,0.001202,0.003269,0.007107,0.01359,0.02437,0.04186,0.05713,0.06975,0.085011
200.0,6.397E-5,2.842E-4,0.001027,0.002795,0.00608,0.01162,0.02088,0.03588,0.0491,0.06007,0.073379
250.0,4.731E-5,2.11E-4,7.643E-4,0.002087,0.004556,0.008719,0.01571,0.02719,0.03727,0.04567,0.055873
300.0,3.669E-5,1.642E-4,5.959E-4,0.001631,0.003572,0.006841,0.01237,0.02151,0.02953,0.03622,0.044383
350.0,2.942E-5,1.322E-4,4.801E-4,0.001318,0.002888,0.00554,0.01003,0.01754,0.02411,0.0296,0.03627
400.0,2.417E-5,1.089E-4,3.959E-4,0.00109,0.002388,0.00459,0.008319,0.01461,0.02012,0.02475,0.030405
450.0,2.012E-5,9.096E-5,3.31E-4,9.132E-4,0.002002,0.003852,0.006991,0.01233,0.01701,0.02095,0.025768
500.0,1.703E-5,7.719E-5,2.813E-4,7.774E-4,0.001705,0.003285,0.005967,0.01057,0.0146,0.018,0.022167
600.0,1.265E-5,5.756E-5,2.109E-4,5.838E-4,0.001282,0.002479,0.004516,0.008016,0.01111,0.01374,0.016952
700.0,9.762E-6,4.458E-5,1.64E-4,4.549E-4,0.001001,0.00194,0.003541,0.006296,0.008755,0.01085,0.013428
800.0,7.751E-6,3.549E-5,1.311E-4,3.643E-4,8.032E-4,0.001559,0.00285,0.005075,0.007074,0.008785,0.010897
1000.0,5.199E-6,2.391E-5,8.869E-5,2.484E-4,5.484E-4,0.001067,0.001954,0.003484,0.004873,0.006067,0.0075461
1200.0,3.69E-6,1.704E-5,6.342E-5,1.788E-4,3.954E-4,7.703E-4,0.001414,0.002524,0.003538,0.004415,0.0055045
1500.0,2.2668E-6,1.0533E-5,3.9485E-5,1.1222E-4,2.4863E-4,4.8671E-4,8.9547E-4,0.0015985,0.002251,0.0028196,0.0035296
SA1P0
r\m,4.0,4.5,5.0,5.5,6.0,6.5,7.0,7.5,7.8,8.0,8.2
0.0,0.017358,0.044997,0.1135,0.2111,0.3001,0.3649,0.4256,0.4814,0.5183,0.5458,0.57448
1.0,0.014447,0.041165,0.10792,0.20709,0.2986,0.36623,0.42717,0.48285,0.51958,0.5452,0.56992
5.0,0.003723,0.015048,0.051129,0.12747,0.2252,0.31582,0.39341,0.46119,0.50317,0.5312,0.5581
10.0,0.0014886,0.0064498,0.023762,0.067005,0.13822,0.22746,0.31833,0.4047,0.45729,0.493,0.53006
15.0,8.5031E-4,0.0037637,0.014227,0.041787,0.091563,0.1636,0.24924,0.34178,0.40121,0.4427,0.48772
20.0,5.68E-4,0.002543,0.009746,0.02918,0.0658,0.1226,0.1972,0.2864,0.3474,0.3906,0.4379
25.0,4.025E-4,0.001823,0.007118,0.02144,0.04934,0.094,0.1579,0.2401,0.2994,0.3428,0.39167
30.0,3.044E-4,0.001385,0.0055,0.01662,0.03875,0.07484,0.1294,0.2036,0.2601,0.3023,0.35036
40.0,2.025E-4,9.301E-4,0.003707,0.01138,0.02685,0.0528,0.09405,0.1544,0.2022,0.2393,0.28236
50.0,1.499E-4,6.929E-4,0.002755,0.008558,0.02032,0.04035,0.07318,0.1233,0.1646,0.1975,0.23645
60.0,1.243E-4,5.753E-4,0.002286,0.007108,0.0169,0.03367,0.06135,0.1042,0.14,0.1689,0.20316
70.0,1.06E-4,4.912E-4,0.001951,0.00607,0.01445,0.02884,0.05271,0.08996,0.1215,0.147,0.17744
80.0,9.221E-5,4.281E-4,0.0017,0.005292,0.01261,0.0252,0.04613,0.07902,0.107,0.1298,0.15706
90.0,8.139E-5,3.784E-4,0.001505,0.004687,0.01118,0.02236,0.04093,0.0704,0.09551,0.116,0.14051
100.0,7.275E-5,3.386E-4,0.001349,0.004204,0.01003,0.02009,0.03675,0.06341,0.08614,0.1047,0.12699
110.0,6.569E-5,3.061E-4,0.001222,0.003808,0.009097,0.01822,0.03331,0.05763,0.07837,0.09536,0.11582
120.0,5.983E-5,2.791E-4,0.001116,0.003478,0.008315,0.01666,0.03045,0.05279,0.07183,0.08746,0.1063
130.0,5.474E-5,2.557E-4,0.001024,0.003191,0.007633,0.01529,0.02795,0.0485,0.06609,0.08054,0.097983
140.0,5.027E-5,2.351E-4,9.431E-4,0.002939,0.00703,0.01409,0.02578,0.04475,0.06107,0.07451,0.090763
150.0,4.641E-5,2.173E-4,8.732E-4,0.00272,0.006508,0.01305,0.02389,0.04148,0.0567,0.06925,0.084447
175.0,3.875E-5,1.818E-4,7.337E-4,0.002285,0.005469,0.01097,0.02012,0.03494,0.04792,0.05867,0.071705
200.0,3.305E-5,1.554E-4,6.294E-4,0.001959,0.004692,0.009412,0.01729,0.03004,0.04131,0.05067,0.062046
250.0,2.456E-5,1.161E-4,4.716E-4,0.001473,0.003542,0.007111,0.01309,0.02291,0.03156,0.03876,0.047535
300.0,1.914E-5,9.087E-5,3.7E-4,0.001159,0.002796,0.005617,0.01036,0.01824,0.02515,0.03092,0.037949
350.0,1.543E-5,7.356E-5,2.998E-4,9.417E-4,0.002275,0.004578,0.008458,0.01495,0.02065,0.02542,0.031241
400.0,1.274E-5,6.098E-5,2.485E-4,7.833E-4,0.001893,0.003815,0.007056,0.01253,0.01733,0.02136,0.026299
450.0,1.066E-5,5.122E-5,2.089E-4,6.602E-4,0.001596,0.003222,0.005965,0.01064,0.01473,0.01818,0.022423
500.0,9.07E-6,4.371E-5,1.785E-4,5.653E-4,0.001367,0.002763,0.00512,0.009163,0.0127,0.0157,0.019383
600.0,6.807E-6,3.294E-5,1.352E-4,4.291E-4,0.001039,0.002109,0.003918,0.007023,0.009773,0.01211,0.015003
700.0,5.306E-6,2.577E-5,1.063E-4,3.379E-4,8.195E-4,0.001667,0.003105,0.005573,0.007777,0.009657,0.011981
800.0,4.255E-6,2.072E-5,8.579E-5,2.733E-4,6.64E-4,0.001354,0.002525,0.004537,0.006346,0.007894,0.0098107
1000.0,2.913E-6,1.424E-5,5.918E-5,1.899E-4,4.624E-4,9.444E-4,0.001766,0.003175,0.004454,0.005555,0.006923
1200.0,2.109E-6,1.035E-5,4.313E-5,1.394E-4,3.398E-4,6.951E-4,0.001302,0.002343,0.003294,0.004116,0.0051379
1500.0,1.336E-6,6.5878E-6,2.7626E-5,9.0038E-5,2.1978E-4,4.5193E-4,8.4909E-4,0.0015265,0.002155,0.0027024,0.0033855
SA1P5
r\m,4.0,4.5,5.0,5.5,6.0,6.5,7.0,7.5,7.8,8.0,8.2
0.0,0.0083309,0.018917,0.04608,0.0991,0.1693,0.234,0.294,0.3486,0.3827,0.4069,0.43222
1.0,0.0064799,0.016953,0.043794,0.097199,0.16823,0.23464,0.2949,0.34955,0.38353,0.4065,0.42918
5.0,0.0014399,0.0057521,0.02097,0.061239,0.12846,0.20356,0.27241,0.33421,0.37157,0.3962,0.42046
10.0,5.6825E-4,0.0024532,0.0098876,0.032935,0.080362,0.14847,0.22211,0.29421,0.33822,0.368,0.39921
15.0,3.2425E-4,0.0014375,0.0059817,0.020827,0.053997,0.10799,0.17526,0.24942,0.29739,0.331,0.36779
20.0,2.167E-4,9.758E-4,0.00413,0.01469,0.03923,0.08167,0.1396,0.2098,0.2581,0.2925,0.33043
25.0,1.536E-4,7.065E-4,0.003042,0.01093,0.0298,0.06324,0.1125,0.1765,0.2231,0.2571,0.29553
30.0,1.164E-4,5.394E-4,0.002364,0.008537,0.02362,0.05072,0.09279,0.1503,0.1942,0.2273,0.26528
40.0,7.748E-5,3.638E-4,0.001609,0.005902,0.01655,0.03617,0.06798,0.1146,0.1516,0.1805,0.21418
50.0,5.745E-5,2.719E-4,0.001201,0.004466,0.01261,0.02783,0.05314,0.09182,0.1237,0.1493,0.17966
60.0,4.759E-5,2.258E-4,9.974E-4,0.003713,0.0105,0.02324,0.04459,0.07766,0.1054,0.1278,0.15459
70.0,4.055E-5,1.929E-4,8.52E-4,0.003174,0.008989,0.01993,0.03834,0.06713,0.09149,0.1113,0.13516
80.0,3.528E-5,1.683E-4,7.43E-4,0.00277,0.007851,0.01743,0.03359,0.05902,0.0807,0.09841,0.11981
90.0,3.114E-5,1.488E-4,6.586E-4,0.002456,0.006969,0.01548,0.02983,0.05264,0.0721,0.08805,0.1073
100.0,2.784E-5,1.333E-4,5.91E-4,0.002206,0.006263,0.01392,0.02681,0.04746,0.0651,0.07959,0.09712
110.0,2.514E-5,1.206E-4,5.357E-4,0.002,0.005684,0.01264,0.02433,0.04319,0.0593,0.07255,0.088602
120.0,2.29E-5,1.1E-4,4.896E-4,0.001829,0.005201,0.01157,0.02225,0.0396,0.05441,0.06661,0.081388
130.0,2.096E-5,1.008E-4,4.497E-4,0.00168,0.004781,0.01064,0.02046,0.0364,0.05013,0.06142,0.075113
140.0,1.925E-5,9.281E-5,4.149E-4,0.001549,0.00441,0.009815,0.0189,0.03366,0.04638,0.05689,0.069638
150.0,1.777E-5,8.585E-5,3.847E-4,0.001436,0.004088,0.009103,0.01754,0.03124,0.04311,0.05295,0.06492
175.0,1.484E-5,7.202E-5,3.244E-4,0.00121,0.003447,0.00768,0.01482,0.0264,0.03656,0.045,0.055282
200.0,1.267E-5,6.171E-5,2.792E-4,0.001041,0.002968,0.006615,0.01279,0.02277,0.03161,0.03899,0.048002
250.0,9.446E-6,4.638E-5,2.108E-4,7.889E-4,0.00226,0.005043,0.009756,0.01751,0.02434,0.03006,0.037067
300.0,7.389E-6,3.652E-5,1.666E-4,6.252E-4,0.001799,0.004017,0.007778,0.01404,0.01954,0.02415,0.029801
350.0,5.98E-6,2.974E-5,1.358E-4,5.117E-4,0.001475,0.003298,0.006394,0.01159,0.01615,0.01997,0.024663
400.0,4.958E-6,2.479E-5,1.132E-4,4.284E-4,0.001235,0.002768,0.005371,0.009771,0.01363,0.01688,0.020872
450.0,4.169E-6,2.095E-5,9.576E-5,3.635E-4,0.001049,0.002354,0.004572,0.008348,0.01166,0.01445,0.017881
500.0,3.563E-6,1.798E-5,8.227E-5,3.132E-4,9.039E-4,0.002033,0.00395,0.007236,0.01011,0.01255,0.015563
600.0,2.698E-6,1.37E-5,6.306E-5,2.406E-4,6.951E-4,0.00157,0.003062,0.005614,0.007871,0.009791,0.012162
700.0,2.123E-6,1.083E-5,5.012E-5,1.915E-4,5.542E-4,0.001256,0.002456,0.004505,0.006334,0.007896,0.0098321
800.0,1.719E-6,8.804E-6,4.09E-5,1.566E-4,4.538E-4,0.001032,0.00202,0.003708,0.005224,0.006523,0.0081352
1000.0,1.2E-6,6.18E-6,2.881E-5,1.111E-4,3.228E-4,7.351E-4,0.001443,0.00265,0.003742,0.004683,0.0058526
1200.0,8.863E-7,4.582E-6,2.143E-5,8.314E-5,2.421E-4,5.521E-4,0.001086,0.001995,0.002823,0.003538,0.0044294
1500.0,5.7911E-7,3.0097E-6,1.4152E-5,5.5329E-5,1.6128E-4,3.7013E-4,7.3115E-4,0.0013401,0.0019031,0.0023927,0.0030055
SA2P0
r\m,4.0,4.5,5.0,5.5,6.0,6.5,7.0,7.5,7.8,8.0,8.2
0.0,0.0047631,0.010431,0.02394,0.05401,0.1045,0.1623,0.2195,0.2718,0.3038,0.326,0.34939
1.0,0.0035788,0.0091668,0.022688,0.052946,0.10377,0.1626,0.21999,0.27249,0.30439,0.3256,0.34684
5.0,7.4438E-4,0.0029008,0.010687,0.033678,0.079952,0.1417,0.20362,0.26078,0.29501,0.3173,0.33942
10.0,2.9144E-4,0.0012276,0.0050472,0.018321,0.050699,0.10434,0.16697,0.2302,0.26892,0.2952,0.32309
15.0,1.6589E-4,7.1965E-4,0.0030678,0.011677,0.034402,0.076534,0.13252,0.19579,0.23689,0.2658,0.29766
20.0,1.107E-4,4.892E-4,0.002127,0.008285,0.02518,0.05828,0.1061,0.1652,0.206,0.2352,0.26761
25.0,7.814E-5,3.55E-4,0.001571,0.006211,0.0193,0.04548,0.08605,0.1394,0.1784,0.2071,0.23971
30.0,5.923E-5,2.718E-4,0.001224,0.004873,0.01538,0.03669,0.07129,0.119,0.1557,0.1833,0.21512
40.0,3.934E-5,1.835E-4,8.386E-4,0.00339,0.01086,0.02637,0.05254,0.09115,0.1219,0.1459,0.174
50.0,2.917E-5,1.373E-4,6.283E-4,0.002576,0.008319,0.02039,0.04122,0.07324,0.09967,0.1208,0.14595
60.0,2.414E-5,1.14E-4,5.22E-4,0.002142,0.006931,0.01703,0.03461,0.06199,0.08492,0.1035,0.12583
70.0,2.055E-5,9.738E-5,4.46E-4,0.001833,0.005934,0.01461,0.02977,0.0536,0.07378,0.09023,0.11011
80.0,1.786E-5,8.49E-5,3.891E-4,0.0016,0.005185,0.01278,0.02609,0.04715,0.06511,0.07982,0.097639
90.0,1.576E-5,7.51E-5,3.45E-4,0.00142,0.004606,0.01137,0.02319,0.04208,0.05821,0.07147,0.087588
100.0,1.409E-5,6.727E-5,3.096E-4,0.001276,0.004142,0.01022,0.02085,0.03796,0.05259,0.06464,0.079273
110.0,1.272E-5,6.087E-5,2.807E-4,0.001158,0.003762,0.009289,0.01893,0.03456,0.04793,0.05896,0.072364
120.0,1.159E-5,5.555E-5,2.566E-4,0.001059,0.003444,0.008506,0.01732,0.03171,0.04401,0.05417,0.066529
130.0,1.06E-5,5.093E-5,2.358E-4,9.739E-4,0.003168,0.007826,0.01594,0.0292,0.04058,0.04999,0.061473
140.0,9.729E-6,4.688E-5,2.177E-4,8.988E-4,0.002925,0.007228,0.01473,0.02699,0.03757,0.04634,0.057035
150.0,8.979E-6,4.337E-5,2.02E-4,8.337E-4,0.002714,0.00671,0.01369,0.02507,0.03496,0.04316,0.053158
175.0,7.492E-6,3.64E-5,1.706E-4,7.038E-4,0.002293,0.005674,0.0116,0.02123,0.0297,0.03676,0.045421
200.0,6.39E-6,3.121E-5,1.471E-4,6.067E-4,0.001978,0.004898,0.01003,0.01835,0.02573,0.0319,0.039465
250.0,4.764E-6,2.351E-5,1.115E-4,4.617E-4,0.001515,0.003756,0.007686,0.01418,0.01991,0.02472,0.030623
300.0,3.729E-6,1.855E-5,8.844E-5,3.675E-4,0.001212,0.003007,0.006157,0.01143,0.01606,0.01995,0.024726
350.0,3.02E-6,1.515E-5,7.234E-5,3.02E-4,9.976E-4,0.002481,0.005083,0.009472,0.01332,0.01656,0.020538
400.0,2.507E-6,1.266E-5,6.052E-5,2.538E-4,8.39E-4,0.002091,0.004288,0.008017,0.01128,0.01404,0.017433
450.0,2.111E-6,1.073E-5,5.134E-5,2.162E-4,7.151E-4,0.001785,0.003666,0.006876,0.009686,0.01206,0.014983
500.0,1.808E-6,9.232E-6,4.424E-5,1.869E-4,6.188E-4,0.001549,0.00318,0.005982,0.008433,0.01051,0.01308
600.0,1.374E-6,7.07E-6,3.413E-5,1.445E-4,4.789E-4,0.001205,0.002484,0.004674,0.00661,0.008257,0.010297
700.0,1.085E-6,5.619E-6,2.729E-5,1.158E-4,3.841E-4,9.707E-4,0.002006,0.003776,0.005354,0.006701,0.008375
800.0,8.82E-7,4.59E-6,2.24E-5,9.522E-5,3.164E-4,8.02E-4,0.001661,0.003127,0.004443,0.00557,0.0069708
1000.0,6.21E-7,3.255E-6,1.596E-5,6.832E-5,2.277E-4,5.783E-4,0.001201,0.002261,0.003219,0.004043,0.005071
1200.0,4.628E-7,2.438E-6,1.2E-5,5.167E-5,1.726E-4,4.392E-4,9.142E-4,0.001721,0.002454,0.003086,0.0038749
1500.0,3.0686E-7,1.627E-6,8.0567E-6,3.4952E-5,1.1683E-4,2.9942E-4,6.2665E-4,0.0011757,0.0016821,0.0021209,0.0026706
SA3P0
r\m,4.0,4.5,5.0,5.5,6.0,6.5,7.0,7.5,7.8,8.0,8.2
0.0,0.0020043,0.0045162,0.009708,0.02175,0.04735,0.0883,0.1374,0.1847,0.2136,0.2331,0.25378
1.0,0.0014955,0.0038896,0.0091452,0.021288,0.046969,0.08835,0.13752,0.18508,0.21392,0.2329,0.25235
5.0,3.0305E-4,0.0011395,0.004101,0.013474,0.03657,0.077476,0.12761,0.17738,0.20745,0.2271,0.24713
10.0,1.1741E-4,4.7602E-4,0.0019199,0.0073571,0.023565,0.057814,0.10546,0.15726,0.18955,0.2115,0.23503
15.0,6.6433E-5,2.7813E-4,0.0011686,0.0047168,0.01618,0.04291,0.084403,0.13444,0.16749,0.1908,0.21667
20.0,4.413E-5,1.887E-4,8.121E-4,0.003365,0.01195,0.03299,0.06809,0.114,0.1461,0.1692,0.19502
25.0,3.079E-5,1.355E-4,5.977E-4,0.00254,0.009257,0.02603,0.05573,0.09667,0.127,0.1494,0.1751
30.0,2.333E-5,1.039E-4,4.652E-4,0.002001,0.007432,0.02116,0.04652,0.08296,0.1111,0.1325,0.15732
40.0,1.541E-5,7.003E-5,3.212E-4,0.001402,0.005299,0.01537,0.0346,0.06395,0.08747,0.1059,0.12777
50.0,1.14E-5,5.238E-5,2.419E-4,0.00107,0.004082,0.01197,0.0273,0.0516,0.0717,0.08787,0.10735
60.0,9.418E-6,4.345E-5,2.01E-4,8.905E-4,0.003402,0.01,0.02293,0.04369,0.06112,0.0753,0.092471
70.0,8.003E-6,3.707E-5,1.717E-4,7.62E-4,0.002915,0.008587,0.01974,0.0378,0.05313,0.06569,0.080992
80.0,6.946E-6,3.229E-5,1.498E-4,6.656E-4,0.002548,0.007517,0.0173,0.03327,0.04692,0.05815,0.071859
90.0,6.125E-6,2.855E-5,1.328E-4,5.912E-4,0.002265,0.006687,0.01539,0.0297,0.04198,0.05211,0.064496
100.0,5.471E-6,2.557E-5,1.191E-4,5.316E-4,0.002039,0.006019,0.01384,0.02682,0.03796,0.04717,0.058463
110.0,4.937E-6,2.314E-5,1.08E-4,4.828E-4,0.001853,0.005471,0.01257,0.02443,0.03462,0.04306,0.053419
120.0,4.494E-6,2.111E-5,9.87E-5,4.421E-4,0.001697,0.005014,0.01151,0.02242,0.03181,0.03959,0.049155
130.0,4.107E-6,1.935E-5,9.068E-5,4.067E-4,0.001563,0.004617,0.0106,0.02067,0.02935,0.03657,0.04546
140.0,3.764E-6,1.78E-5,8.37E-5,3.756E-4,0.001444,0.004269,0.009812,0.01913,0.02721,0.03392,0.042147
150.0,3.469E-6,1.647E-5,7.765E-5,3.487E-4,0.001341,0.003968,0.009127,0.01779,0.02534,0.03164,0.03941
175.0,2.886E-6,1.381E-5,6.559E-5,2.95E-4,0.001136,0.003364,0.007755,0.0151,0.02158,0.02701,0.033702
200.0,2.456E-6,1.184E-5,5.658E-5,2.547E-4,9.821E-4,0.002912,0.006722,0.01308,0.01875,0.0235,0.029372
250.0,1.824E-6,8.916E-6,4.307E-5,1.948E-4,7.574E-4,0.00225,0.005188,0.01018,0.01461,0.01833,0.022926
300.0,1.425E-6,7.043E-6,3.429E-5,1.558E-4,6.095E-4,0.001814,0.00418,0.008258,0.01186,0.01489,0.018663
350.0,1.153E-6,5.754E-6,2.813E-5,1.286E-4,5.045E-4,0.001505,0.003471,0.006883,0.009885,0.01242,0.015578
400.0,9.564E-7,4.815E-6,2.361E-5,1.086E-4,4.264E-4,0.001275,0.002944,0.005855,0.008411,0.01057,0.013252
450.0,8.055E-7,4.087E-6,2.009E-5,9.289E-5,3.652E-4,0.001095,0.002531,0.005047,0.007253,0.00912,0.01144
500.0,6.902E-7,3.525E-6,1.736E-5,8.066E-5,3.175E-4,9.544E-4,0.002208,0.004412,0.006343,0.007979,0.010015
600.0,5.257E-7,2.711E-6,1.348E-5,6.285E-5,2.476E-4,7.493E-4,0.001741,0.003479,0.005016,0.006324,0.0079566
700.0,4.163E-7,2.164E-6,1.084E-5,5.07E-5,1.999E-4,6.084E-4,0.001418,0.002833,0.004095,0.005172,0.0065184
800.0,3.393E-7,1.775E-6,8.953E-6,4.198E-5,1.657E-4,5.064E-4,0.001184,0.002364,0.003424,0.004331,0.0054694
1000.0,2.405E-7,1.271E-6,6.453E-6,3.049E-5,1.208E-4,3.701E-4,8.682E-4,0.001733,0.002513,0.003183,0.0040237
1200.0,1.806E-7,9.606E-7,4.906E-6,2.333E-5,9.273E-5,2.845E-4,6.694E-4,0.001336,0.001939,0.002459,0.0031115
1500.0,1.2146E-7,6.5135E-7,3.353E-6,1.6077E-5,6.387E-5,1.9764E-4,4.6873E-4,9.31E-4,0.0013543,0.0017216,0.0021832
SA4P0
r\m,4.0,4.5,5.0,5.5,6.0,6.5,7.0,7.5,7.8,8.0,8.2
0.0,0.0010744,0.0024927,0.005246,0.01134,0.02541,0.0531,0.09368,0.136,0.1625,0.1802,0.19918
1.0,8.0912E-4,0.00214,0.0049238,0.011084,0.025189,0.053068,0.093666,0.13622,0.16273,0.18,0.19808
5.0,1.6416E-4,6.0887E-4,0.0021227,0.006899,0.019663,0.046711,0.087038,0.1307,0.15792,0.1757,0.19447
10.0,6.307E-5,2.5147E-4,9.821E-4,0.0037408,0.012741,0.035155,0.072263,0.11628,0.14459,0.1637,0.1846
15.0,3.5488E-5,1.4604E-4,5.9577E-4,0.0023975,0.0087922,0.026291,0.05814,0.099812,0.12808,0.148,0.17059
20.0,2.347E-5,9.861E-5,4.132E-4,0.001712,0.006521,0.02034,0.04714,0.08496,0.112,0.1315,0.15378
25.0,1.621E-5,6.961E-5,3.016E-4,0.001293,0.005078,0.01618,0.03883,0.07232,0.09755,0.1163,0.13791
30.0,1.226E-5,5.332E-5,2.337E-4,0.00102,0.004092,0.01322,0.03258,0.0623,0.0856,0.1034,0.1244
40.0,8.06E-6,3.579E-5,1.616E-4,7.162E-4,0.002931,0.009672,0.0244,0.04826,0.06761,0.08282,0.10102
50.0,5.951E-6,2.673E-5,1.221E-4,5.477E-4,0.002265,0.007561,0.01933,0.03906,0.05554,0.06882,0.084957
60.0,4.909E-6,2.215E-5,1.014E-4,4.558E-4,0.001889,0.006324,0.01624,0.03308,0.04736,0.05901,0.073262
70.0,4.166E-6,1.888E-5,8.664E-5,3.901E-4,0.001619,0.005429,0.01398,0.02863,0.04118,0.05149,0.064151
80.0,3.612E-6,1.643E-5,7.556E-5,3.407E-4,0.001416,0.004754,0.01226,0.0252,0.03638,0.0456,0.056961
90.0,3.183E-6,1.452E-5,6.69E-5,3.027E-4,0.001259,0.00423,0.01091,0.02251,0.03256,0.04088,0.05114
100.0,2.841E-6,1.3E-5,5.999E-5,2.723E-4,0.001133,0.003808,0.009815,0.02033,0.02945,0.03702,0.046364
110.0,2.562E-6,1.176E-5,5.434E-5,2.474E-4,0.00103,0.003463,0.008918,0.01853,0.02687,0.03381,0.042404
120.0,2.331E-6,1.072E-5,4.964E-5,2.266E-4,9.441E-4,0.003174,0.008169,0.01701,0.0247,0.0311,0.039034
130.0,2.128E-6,9.824E-6,4.558E-5,2.085E-4,8.695E-4,0.002925,0.007526,0.01569,0.02281,0.02874,0.036082
140.0,1.948E-6,9.031E-6,4.204E-5,1.926E-4,8.04E-4,0.002706,0.006971,0.01453,0.02116,0.02669,0.033565
150.0,1.793E-6,8.347E-6,3.897E-5,1.789E-4,7.472E-4,0.002517,0.006489,0.01352,0.01972,0.0249,0.031353
175.0,1.487E-6,6.99E-6,3.288E-5,1.514E-4,6.336E-4,0.002138,0.005523,0.0115,0.01682,0.02129,0.026844
200.0,1.262E-6,5.982E-6,2.833E-5,1.308E-4,5.486E-4,0.001854,0.004796,0.009978,0.01463,0.01856,0.023484
250.0,9.33E-7,4.497E-6,2.159E-5,1.003E-4,4.247E-4,0.001439,0.003718,0.007805,0.01146,0.01455,0.018424
300.0,7.264E-7,3.547E-6,1.721E-5,8.035E-5,3.43E-4,0.001165,0.003007,0.006358,0.009343,0.01186,0.015017
350.0,5.86E-7,2.895E-6,1.414E-5,6.648E-5,2.849E-4,9.702E-4,0.002507,0.005318,0.007817,0.009928,0.012571
400.0,4.851E-7,2.421E-6,1.187E-5,5.625E-5,2.415E-4,8.251E-4,0.002134,0.004539,0.006671,0.008474,0.010732
450.0,4.08E-7,2.054E-6,1.011E-5,4.824E-5,2.075E-4,7.112E-4,0.001842,0.003926,0.005771,0.007334,0.0092938
500.0,3.493E-7,1.773E-6,8.751E-6,4.199E-5,1.809E-4,6.216E-4,0.001612,0.003444,0.005062,0.006434,0.0081548
600.0,2.659E-7,1.365E-6,6.81E-6,3.285E-5,1.417E-4,4.908E-4,0.001279,0.002732,0.004027,0.005129,0.0065146
700.0,2.106E-7,1.091E-6,5.493E-6,2.661E-5,1.149E-4,4.004E-4,0.001048,0.002237,0.003305,0.004217,0.0053641
800.0,1.718E-7,8.966E-7,4.549E-6,2.211E-5,9.56E-5,3.347E-4,8.791E-4,0.001876,0.002776,0.003547,0.0045175
1000.0,1.22E-7,6.44E-7,3.296E-6,1.617E-5,7.025E-5,2.466E-4,6.504E-4,0.001387,0.002055,0.002628,0.0033518
1200.0,9.185E-8,4.888E-7,2.519E-6,1.245E-5,5.429E-5,1.91E-4,5.052E-4,0.001077,0.001597,0.002044,0.0026095
1500.0,6.2191E-8,3.3408E-7,1.7376E-6,8.6718E-6,3.7789E-5,1.3419E-4,3.584E-4,7.599E-4,0.0011289,0.0014475,0.0018511
SA5P0
r\m,4.0,4.5,5.0,5.5,6.0,6.5,7.0,7.5,7.8,8.0,8.2
0.0,6.6499E-4,0.0015726,0.003299,0.006904,0.01539,0.03428,0.0671,0.1048,0.1292,0.1456,0.16326
1.0,5.0594E-4,0.0013546,0.003092,0.0067425,0.015248,0.034245,0.06703,0.10494,0.12934,0.1455,0.1626
5.0,1.0326E-4,3.8198E-4,0.0012994,0.004126,0.01188,0.03021,0.062321,0.10079,0.12559,0.142,0.1594
10.0,3.9407E-5,1.562E-4,5.9451E-4,0.0022164,0.0076942,0.022852,0.051886,0.089919,0.1152,0.1325,0.15156
15.0,2.2067E-5,9.0136E-5,3.5877E-4,0.0014163,0.0053153,0.017173,0.041893,0.077439,0.10228,0.1199,0.13992
20.0,1.454E-5,6.055E-5,2.479E-4,0.00101,0.003948,0.01334,0.03409,0.06612,0.08964,0.1067,0.12628
25.0,9.963E-6,4.211E-5,1.793E-4,7.607E-4,0.003082,0.01066,0.02822,0.05646,0.07825,0.09457,0.11367
30.0,7.525E-6,3.216E-5,1.383E-4,5.992E-4,0.002487,0.008745,0.02378,0.04878,0.0688,0.08413,0.10234
40.0,4.928E-6,2.15E-5,9.533E-5,4.209E-4,0.001785,0.006426,0.0179,0.03792,0.05449,0.06758,0.083383
50.0,3.63E-6,1.603E-5,7.22E-5,3.221E-4,0.001382,0.005039,0.01423,0.03077,0.04483,0.05622,0.070176
60.0,2.992E-6,1.327E-5,5.995E-5,2.68E-4,0.001153,0.004215,0.01196,0.02606,0.03824,0.04821,0.060516
70.0,2.537E-6,1.13E-5,5.119E-5,2.293E-4,9.88E-4,0.003619,0.0103,0.02256,0.03326,0.04208,0.053015
80.0,2.198E-6,9.827E-6,4.463E-5,2.003E-4,8.642E-4,0.00317,0.009031,0.01986,0.02939,0.03727,0.047081
90.0,1.936E-6,8.682E-6,3.948E-5,1.779E-4,7.686E-4,0.002821,0.008033,0.01775,0.02631,0.03343,0.042297
100.0,1.727E-6,7.769E-6,3.538E-5,1.6E-4,6.919E-4,0.00254,0.007231,0.01603,0.0238,0.03028,0.038367
110.0,1.557E-6,7.024E-6,3.202E-5,1.454E-4,6.29E-4,0.00231,0.006571,0.01461,0.02172,0.02766,0.035083
120.0,1.415E-6,6.404E-6,2.924E-5,1.332E-4,5.765E-4,0.002118,0.00602,0.01342,0.01997,0.02545,0.032302
130.0,1.291E-6,5.863E-6,2.682E-5,1.226E-4,5.311E-4,0.001952,0.005549,0.01238,0.01845,0.02353,0.029882
140.0,1.181E-6,5.386E-6,2.471E-5,1.132E-4,4.912E-4,0.001807,0.005142,0.01147,0.01712,0.02186,0.027784
150.0,1.086E-6,4.974E-6,2.289E-5,1.051E-4,4.566E-4,0.001681,0.004789,0.01068,0.01596,0.02041,0.025981
175.0,8.986E-7,4.157E-6,1.928E-5,8.899E-5,3.875E-4,0.00143,0.00408,0.009093,0.01364,0.01747,0.022279
200.0,7.609E-7,3.553E-6,1.659E-5,7.692E-5,3.358E-4,0.001241,0.003548,0.007901,0.01188,0.01524,0.019479
250.0,5.597E-7,2.662E-6,1.263E-5,5.896E-5,2.605E-4,9.666E-4,0.00276,0.006204,0.009339,0.01199,0.015341
300.0,4.342E-7,2.096E-6,1.007E-5,4.729E-5,2.109E-4,7.848E-4,0.002239,0.005069,0.007639,0.009816,0.012565
350.0,3.492E-7,1.707E-6,8.272E-6,3.916E-5,1.755E-4,6.555E-4,0.001871,0.004253,0.006407,0.008235,0.010543
400.0,2.883E-7,1.425E-6,6.947E-6,3.318E-5,1.491E-4,5.588E-4,0.001597,0.003639,0.005481,0.007044,0.0090165
450.0,2.419E-7,1.208E-6,5.919E-6,2.849E-5,1.284E-4,4.829E-4,0.001383,0.003156,0.004753,0.00611,0.0078252
500.0,2.068E-7,1.042E-6,5.124E-6,2.483E-5,1.122E-4,4.231E-4,0.001213,0.002775,0.004179,0.005371,0.0068788
600.0,1.572E-7,8.018E-7,3.992E-6,1.948E-5,8.816E-5,3.353E-4,9.673E-4,0.002212,0.00334,0.004302,0.0055224
700.0,1.244E-7,6.412E-7,3.224E-6,1.581E-5,7.169E-5,2.745E-4,7.957E-4,0.001818,0.002752,0.003551,0.0045647
800.0,1.015E-7,5.273E-7,2.673E-6,1.317E-5,5.98E-5,2.302E-4,6.698E-4,0.00153,0.00232,0.002998,0.0038604
1000.0,7.206E-8,3.794E-7,1.943E-6,9.669E-6,4.417E-5,1.706E-4,4.987E-4,0.001139,0.001728,0.002234,0.0028787
1200.0,5.429E-8,2.885E-7,1.489E-6,7.475E-6,3.429E-5,1.327E-4,3.895E-4,8.89E-4,0.00135,0.001746,0.0022502
1500.0,3.6881E-8,1.9813E-7,1.0332E-6,5.2445E-6,2.4045E-5,9.3973E-5,2.7895E-4,6.33E-4,9.6273E-4,0.001247,0.0016093
SA7P5
r\m,4.0,4.5,5.0,5.5,6.0,6.5,7.0,7.5,7.8,8.0,8.2
0.0,2.8371E-4,6.8548E-4,0.001449,0.002889,0.006159,0.01434,0.03325,0.06094,0.08113,0.09506,0.11065
1.0,2.1944E-4,5.9654E-4,0.0013596,0.0028225,0.0060991,0.014312,0.033166,0.060976,0.081193,0.09497,0.11017
5.0,4.526E-5,1.6821E-4,5.5565E-4,0.0016761,0.0046975,0.012636,0.030835,0.058652,0.078918,0.09277,0.10811
10.0,1.7071E-5,6.7547E-5,2.4874E-4,8.8143E-4,0.0030086,0.0095918,0.025744,0.052591,0.072629,0.08672,0.10277
15.0,9.4791E-6,3.8473E-5,1.4811E-4,5.5755E-4,0.0020685,0.0072389,0.020879,0.045557,0.064742,0.07868,0.094965
20.0,6.205E-6,2.558E-5,1.013E-4,3.949E-4,0.001533,0.005647,0.01708,0.03911,0.05696,0.07026,0.086016
25.0,4.203E-6,1.741E-5,7.189E-5,2.935E-4,0.001195,0.004538,0.01425,0.0336,0.04993,0.06243,0.077479
30.0,3.161E-6,1.318E-5,5.511E-5,2.302E-4,9.634E-4,0.003739,0.01209,0.02917,0.04402,0.05565,0.069828
40.0,2.057E-6,8.737E-6,3.744E-5,1.607E-4,6.907E-4,0.002763,0.009186,0.02283,0.03504,0.04488,0.057097
50.0,1.509E-6,6.494E-6,2.837E-5,1.228E-4,5.35E-4,0.002175,0.007343,0.0186,0.02891,0.0374,0.048067
60.0,1.243E-6,5.37E-6,2.354E-5,1.021E-4,4.462E-4,0.00182,0.006171,0.01575,0.02466,0.03208,0.041456
70.0,1.053E-6,4.568E-6,2.008E-5,8.731E-5,3.825E-4,0.001563,0.005315,0.01364,0.02145,0.02801,0.036343
80.0,9.118E-7,3.968E-6,1.749E-5,7.621E-5,3.346E-4,0.001369,0.004663,0.01201,0.01896,0.02482,0.032291
90.0,8.021E-7,3.502E-6,1.545E-5,6.766E-5,2.975E-4,0.001218,0.00415,0.01073,0.01698,0.02227,0.029046
100.0,7.148E-7,3.13E-6,1.382E-5,6.082E-5,2.678E-4,0.001097,0.003737,0.009697,0.01537,0.02018,0.02635
110.0,6.437E-7,2.827E-6,1.249E-5,5.522E-5,2.434E-4,9.979E-4,0.003397,0.00884,0.01403,0.01844,0.0241
120.0,5.848E-7,2.576E-6,1.139E-5,5.055E-5,2.23E-4,9.149E-4,0.003113,0.00812,0.0129,0.01697,0.022191
130.0,5.329E-7,2.355E-6,1.043E-5,4.65E-5,2.054E-4,8.435E-4,0.002871,0.007496,0.01192,0.0157,0.020558
140.0,4.866E-7,2.16E-6,9.591E-6,4.293E-5,1.9E-4,7.812E-4,0.002662,0.006952,0.01107,0.0146,0.019144
150.0,4.468E-7,1.991E-6,8.866E-6,3.985E-5,1.767E-4,7.276E-4,0.00248,0.006479,0.01033,0.01364,0.01789
175.0,3.684E-7,1.658E-6,7.431E-6,3.369E-5,1.5E-4,6.199E-4,0.002117,0.005529,0.008846,0.0117,0.015394
200.0,3.108E-7,1.412E-6,6.369E-6,2.909E-5,1.3E-4,5.389E-4,0.001843,0.004814,0.007721,0.01023,0.01348
250.0,2.264E-7,1.05E-6,4.831E-6,2.223E-5,1.01E-4,4.215E-4,0.001442,0.003803,0.006111,0.008101,0.010678
300.0,1.742E-7,8.219E-7,3.841E-6,1.781E-5,8.193E-5,3.437E-4,0.001176,0.003127,0.005029,0.006671,0.0087977
350.0,1.39E-7,6.651E-7,3.148E-6,1.475E-5,6.836E-5,2.883E-4,9.878E-4,0.002636,0.004238,0.005622,0.0074129
400.0,1.14E-7,5.52E-7,2.639E-6,1.25E-5,5.823E-5,2.468E-4,8.47E-4,0.002265,0.00364,0.004828,0.0063676
450.0,9.513E-8,4.658E-7,2.245E-6,1.074E-5,5.029E-5,2.141E-4,7.365E-4,0.001974,0.003171,0.004205,0.0055445
500.0,8.092E-8,4.003E-7,1.942E-6,9.373E-6,4.405E-5,1.883E-4,6.488E-4,0.001743,0.002799,0.003711,0.0048925
600.0,6.113E-8,3.071E-7,1.511E-6,7.369E-6,3.481E-5,1.502E-4,5.216E-4,0.001401,0.002257,0.002998,0.0039617
700.0,4.82E-8,2.451E-7,1.22E-6,5.999E-6,2.843E-5,1.237E-4,4.321E-4,0.00116,0.001874,0.002493,0.0032965
800.0,3.921E-8,2.015E-7,1.013E-6,5.01E-6,2.381E-5,1.043E-4,3.66E-4,9.828E-4,0.00159,0.002118,0.0028064
1000.0,2.775E-8,1.45E-7,7.384E-7,3.697E-6,1.772E-5,7.797E-5,2.752E-4,7.392E-4,0.001197,0.001594,0.0021114
1200.0,2.089E-8,1.104E-7,5.679E-7,2.872E-6,1.385E-5,6.116E-5,2.169E-4,5.824E-4,9.432E-4,0.001257,0.0016656
1500.0,1.4177E-8,7.6148E-8,3.9724E-7,2.0372E-6,9.8386E-6,4.3912E-5,1.5782E-4,4.215E-4,6.835E-4,9.1191E-4,0.0012095
SA10P0
r\m,4.0,4.5,5.0,5.5,6.0,6.5,7.0,7.5,7.8,8.0,8.2
0.0,1.5576E-4,3.8113E-4,8.149E-4,0.00159,0.003267,0.00748,0.01872,0.03871,0.05532,0.06735,0.081274
1.0,1.2191E-4,3.3389E-4,7.6586E-4,0.001556,0.0032355,0.0074674,0.01866,0.038707,0.055353,0.06728,0.080915
5.0,2.5425E-5,9.4705E-5,3.1024E-4,9.0976E-4,0.002464,0.0065792,0.017335,0.037267,0.053851,0.06576,0.079417
10.0,9.5211E-6,3.762E-5,1.3693E-4,4.7133E-4,0.0015574,0.0049785,0.014473,0.033528,0.049689,0.06156,0.075497
15.0,5.2586E-6,2.1252E-5,8.0714E-5,2.9542E-4,0.0010626,0.0037515,0.011754,0.029156,0.04443,0.05597,0.069847
20.0,3.428E-6,1.404E-5,5.478E-5,2.078E-4,7.836E-4,0.002925,0.009638,0.02512,0.0392,0.0501,0.063417
25.0,2.308E-6,9.479E-6,3.844E-5,1.524E-4,6.075E-4,0.002348,0.008069,0.02168,0.03445,0.04459,0.05714
30.0,1.729E-6,7.123E-6,2.94E-5,1.19E-4,4.885E-4,0.001935,0.006868,0.01888,0.03043,0.0398,0.051583
40.0,1.122E-6,4.697E-6,1.973E-5,8.243E-5,3.483E-4,0.001432,0.00525,0.01483,0.02429,0.03216,0.042215
50.0,8.207E-7,3.483E-6,1.49E-5,6.288E-5,2.692E-4,0.001128,0.004211,0.01211,0.02007,0.02683,0.035575
60.0,6.757E-7,2.879E-6,1.236E-5,5.224E-5,2.245E-4,9.437E-4,0.003539,0.01026,0.01712,0.02302,0.030681
70.0,5.725E-7,2.449E-6,1.054E-5,4.463E-5,1.924E-4,8.106E-4,0.003049,0.008884,0.0149,0.0201,0.026915
80.0,4.955E-7,2.127E-6,9.172E-6,3.893E-5,1.683E-4,7.101E-4,0.002675,0.007825,0.01317,0.01781,0.023914
90.0,4.356E-7,1.875E-6,8.091E-6,3.452E-5,1.495E-4,6.316E-4,0.002381,0.006992,0.01179,0.01598,0.02149
100.0,3.88E-7,1.675E-6,7.23E-6,3.1E-5,1.345E-4,5.686E-4,0.002145,0.006316,0.01067,0.01448,0.019493
110.0,3.493E-7,1.512E-6,6.529E-6,2.811E-5,1.222E-4,5.17E-4,0.00195,0.005757,0.00974,0.01323,0.017818
120.0,3.171E-7,1.377E-6,5.948E-6,2.571E-5,1.119E-4,4.739E-4,0.001788,0.005288,0.008957,0.01218,0.016452
130.0,2.888E-7,1.258E-6,5.441E-6,2.363E-5,1.03E-4,4.369E-4,0.001649,0.004884,0.008282,0.01127,0.015217
140.0,2.635E-7,1.152E-6,4.996E-6,2.18E-5,9.526E-5,4.049E-4,0.001529,0.004532,0.007696,0.01049,0.014194
150.0,2.418E-7,1.061E-6,4.613E-6,2.022E-5,8.853E-5,3.771E-4,0.001425,0.004226,0.007186,0.009801,0.013264
175.0,1.99E-7,8.815E-7,3.854E-6,1.707E-5,7.508E-5,3.214E-4,0.001216,0.003612,0.006159,0.008417,0.011414
200.0,1.676E-7,7.489E-7,3.292E-6,1.472E-5,6.503E-5,2.796E-4,0.00106,0.003149,0.005383,0.007367,0.010007
250.0,1.214E-7,5.538E-7,2.484E-6,1.119E-5,5.043E-5,2.19E-4,8.326E-4,0.002498,0.004277,0.005861,0.0079702
300.0,9.282E-8,4.312E-7,1.967E-6,8.933E-6,4.087E-5,1.788E-4,6.813E-4,0.002061,0.003534,0.004846,0.006595
350.0,7.365E-8,3.47E-7,1.606E-6,7.383E-6,3.41E-5,1.503E-4,5.737E-4,0.001742,0.002988,0.004097,0.0055756
400.0,6.006E-8,2.864E-7,1.343E-6,6.249E-6,2.906E-5,1.289E-4,4.933E-4,0.001502,0.002574,0.003528,0.0047988
450.0,4.984E-8,2.404E-7,1.139E-6,5.365E-6,2.512E-5,1.121E-4,4.301E-4,0.001313,0.002249,0.003082,0.0041909
500.0,4.22E-8,2.057E-7,9.835E-7,4.679E-6,2.203E-5,9.882E-5,3.799E-4,0.001162,0.001991,0.002727,0.0037068
600.0,3.165E-8,1.569E-7,7.623E-7,3.677E-6,1.745E-5,7.912E-5,3.071E-4,9.401E-4,0.001615,0.002217,0.0030185
700.0,2.483E-8,1.248E-7,6.146E-7,2.995E-6,1.429E-5,6.537E-5,2.555E-4,7.827E-4,0.001348,0.001853,0.0025262
800.0,2.013E-8,1.023E-7,5.096E-7,2.503E-6,1.199E-5,5.528E-5,2.173E-4,6.659E-4,0.001149,0.001582,0.0021596
1000.0,1.417E-8,7.346E-8,3.715E-7,1.85E-6,8.957E-6,4.158E-5,1.645E-4,5.047E-4,8.715E-4,0.0012,0.0016383
1200.0,1.063E-8,5.59E-8,2.859E-7,1.44E-6,7.029E-6,3.279E-5,1.303E-4,4.002E-4,6.912E-4,9.519E-4,0.0013008
1500.0,7.1583E-9,3.844E-8,2.0036E-7,1.0275E-6,5.0371E-6,2.3772E-5,9.5796E-5,2.9308E-4,5.0694E-4,6.9869E-4,9.5549E-4
