PGA
r\m,4.0,4.5,5.0,5.5,6.0,6.5,7.0,7.5,7.8,8.0,8.2
0.0,0.36288,0.46471,0.54795,0.60812,0.6463,0.67712,0.72538,0.78103,0.80482,0.81312,0.8194
1.0,0.28719,0.37687,0.45021,0.49944,0.52905,0.55741,0.6071,0.67146,0.70185,0.71548,0.72668
5.0,0.10155,0.16309,0.23024,0.29089,0.33994,0.38612,0.4458,0.51964,0.55794,0.57835,0.59568
10.0,0.04176,0.072276,0.11212,0.15798,0.2063,0.25969,0.32426,0.40301,0.44821,0.47546,0.49978
15.0,0.023062,0.041107,0.066464,0.098977,0.13843,0.18726,0.24805,0.318,0.36493,0.39468,0.42325
20.0,0.014654,0.026661,0.044305,0.067949,0.098455,0.13858,0.19085,0.25449,0.30006,0.33029,0.35959
25.0,0.010038,0.018559,0.031333,0.0489,0.072503,0.10499,0.14962,0.20719,0.24994,0.27939,0.30943
30.0,0.0074048,0.013838,0.023622,0.037311,0.056089,0.082716,0.12079,0.1718,0.21166,0.23971,0.26896
40.0,0.0045949,0.0087298,0.015186,0.024393,0.037236,0.056169,0.084636,0.1251,0.1576,0.1812,0.20645
50.0,0.0031437,0.0060601,0.010714,0.017436,0.026928,0.041297,0.063496,0.096374,0.12378,0.14427,0.16666
60.0,0.0024428,0.0047605,0.0085013,0.013921,0.02168,0.033548,0.052087,0.080003,0.10364,0.12152,0.14124
70.0,0.0019574,0.0038499,0.0069386,0.011442,0.017947,0.027954,0.043736,0.06802,0.088868,0.10486,0.12264
80.0,0.0016333,0.003244,0.0059009,0.0097863,0.015435,0.024153,0.03805,0.059566,0.078212,0.092606,0.10871
90.0,0.0013849,0.0027759,0.0050869,0.0084844,0.013452,0.021161,0.033498,0.052728,0.069499,0.082505,0.097096
100.0,0.0011881,0.0024035,0.0044378,0.0074373,0.011864,0.018727,0.029768,0.047086,0.062267,0.07409,0.087388
110.0,0.0010309,0.0021028,0.003909,0.0065727,0.010519,0.016655,0.026533,0.042033,0.055705,0.066393,0.078461
120.0,9.0182E-4,0.0018551,0.0034719,0.0058548,0.009409,0.014925,0.023801,0.0378,0.050202,0.059906,0.070877
130.0,7.9206E-4,0.0016416,0.0030929,0.0052346,0.0084364,0.013405,0.02142,0.034113,0.045389,0.054233,0.06424
140.0,6.9637E-4,0.0014544,0.0027607,0.0046863,0.0075703,0.012054,0.019313,0.030825,0.041113,0.049203,0.058375
150.0,6.1524E-4,0.0012939,0.0024728,0.0042095,0.0068174,0.01089,0.017483,0.027955,0.037375,0.044822,0.053289
175.0,4.5994E-4,9.84E-4,0.0019128,0.0032823,0.0053573,0.0086088,0.013882,0.022305,0.030013,0.036141,0.043141
200.0,3.5269E-4,7.6794E-4,0.0015182,0.0026248,0.0043064,0.0069478,0.011279,0.018243,0.024652,0.029759,0.035613
250.0,2.181E-4,4.8883E-4,9.8844E-4,0.0017423,0.00291,0.0047751,0.0078902,0.012987,0.017717,0.021512,0.02589
300.0,1.4409E-4,3.3178E-4,6.8556E-4,0.0012307,0.0020916,0.0034831,0.005856,0.0097638,0.013407,0.016356,0.019794
350.0,9.9652E-5,2.3549E-4,4.9738E-4,9.0943E-4,0.001571,0.0026522,0.004513,0.0076294,0.01054,0.012923,0.015706
400.0,7.1351E-5,1.7317E-4,3.7415E-4,6.9484E-4,0.0012182,0.0020844,0.0035942,0.0061384,0.0085362,0.010501,0.012804
450.0,5.0178E-5,1.2372E-4,2.7045E-4,5.1731E-4,9.3132E-4,0.0016349,0.00288,0.0050241,0.0070149,0.0086364,0.010539
500.0,3.6499E-5,9.1444E-5,2.0228E-4,3.9629E-4,7.3064E-4,0.0013109,0.0023601,0.0041865,0.005856,0.0072311,0.0088506
600.0,2.1773E-5,5.5691E-5,1.2578E-4,2.549E-4,4.8668E-4,9.0251E-4,0.0016714,0.0030426,0.004313,0.0053715,0.0066405
700.0,1.293E-5,3.4463E-5,7.9154E-5,1.6651E-4,3.2832E-4,6.2916E-4,0.0012001,0.0022388,0.0031956,0.0039998,0.0049631
800.0,8.1771E-6,2.2176E-5,5.2173E-5,1.1291E-4,2.2999E-4,4.5435E-4,8.8634E-4,0.001687,0.0024197,0.003037,0.0037882
1000.0,3.4813E-6,9.9288E-6,2.4292E-5,5.5372E-5,1.1765E-4,2.4468E-4,4.9929E-4,9.8038E-4,0.0014171,0.0017859,0.0022279
1200.0,1.634E-6,4.8401E-6,1.2375E-5,2.9135E-5,6.4722E-5,1.3877E-4,2.9092E-4,5.8184E-4,8.4689E-4,0.0010708,0.0013393
1500.0,5.1554E-7,1.6351E-6,4.4256E-6,1.1337E-5,2.6587E-5,5.991E-5,1.3026E-4,2.6686E-4,3.9255E-4,4.9867E-4,6.2557E-4
PGV
r\m,4.0,4.5,5.0,5.5,6.0,6.5,7.0,7.5,7.8,8.0,8.2
0.0,10.12,14.602,19.895,23.122,26.935,32.53,43.093,59.31,73.506,85.376,99.024
1.0,7.2226,11.629,16.848,20.191,23.8,28.993,38.775,54.476,68.264,79.278,91.299
5.0,1.203,2.7532,5.7232,9.9681,15.335,21.981,32.079,47.798,61.386,72.094,83.752
10.0,0.38318,0.93808,2.1462,4.3883,8.2827,14.393,24.034,39.334,52.713,63.603,76.211
15.0,0.19471,0.4894,1.1585,2.5005,5.1302,9.8776,18.129,31.684,44.321,54.935,67.81
20.0,0.11936,0.3049,0.73669,1.6268,3.4685,7.0398,13.734,25.605,37.165,47.048,59.184
25.0,0.078184,0.20195,0.49632,1.1153,2.4308,5.1317,10.59,20.841,31.183,40.259,51.672
30.0,0.0563,0.1465,0.36427,0.82536,1.8168,3.9213,8.4027,17.181,26.45,34.771,45.438
40.0,0.03444,0.091017,0.22946,0.525,1.1764,2.5928,5.744,12.404,19.665,26.377,35.211
50.0,0.023825,0.063779,0.16233,0.3732,0.84602,1.8856,4.2732,9.6447,15.735,21.56,29.386
60.0,0.019606,0.052986,0.13604,0.31375,0.7134,1.5968,3.6437,8.3056,13.671,18.853,25.864
70.0,0.01655,0.045127,0.11675,0.27007,0.61567,1.383,3.1725,7.2945,12.091,16.754,23.093
80.0,0.014312,0.039352,0.10257,0.23793,0.54395,1.226,2.8302,6.5635,10.947,15.235,21.097
90.0,0.012943,0.035851,0.093967,0.21859,0.49999,1.1297,2.6113,6.0971,10.177,14.173,19.64
100.0,0.011791,0.032888,0.086677,0.20214,0.46296,1.0478,2.4259,5.6935,9.512,13.255,18.374
110.0,0.01081,0.03035,0.080432,0.1881,0.43113,0.97831,2.2681,5.3466,8.9357,12.461,17.284
120.0,0.0099503,0.02814,0.074966,0.1758,0.40365,0.91748,2.1276,5.0398,8.4303,11.758,16.317
130.0,0.0091759,0.026114,0.069921,0.16439,0.37773,0.85932,1.9958,4.7463,7.9461,11.091,15.402
140.0,0.008462,0.024255,0.065302,0.15385,0.35326,0.80539,1.8745,4.4748,7.5014,10.48,14.569
150.0,0.0078245,0.022567,0.061051,0.14418,0.33121,0.75766,1.767,4.2322,7.1048,9.9355,13.83
175.0,0.0064329,0.018836,0.051606,0.1225,0.2821,0.64877,1.5204,3.6721,6.1819,8.6598,12.073
200.0,0.0053681,0.015945,0.044174,0.10532,0.24309,0.5623,1.3235,3.2203,5.4333,7.6252,10.65
250.0,0.0036709,0.011137,0.031553,0.076244,0.18014,0.42387,1.0125,2.4993,4.2898,6.0851,8.5886
300.0,0.0026156,0.0080908,0.023387,0.057309,0.1383,0.33031,0.80161,2.0035,3.4747,4.9682,7.0698
350.0,0.0019181,0.0060454,0.017826,0.04444,0.10894,0.26379,0.64949,1.6405,2.8737,4.1391,5.9341
400.0,0.0014327,0.004612,0.013896,0.035126,0.087368,0.21418,0.53517,1.3639,2.4115,3.493,5.0366
450.0,0.0010182,0.0033182,0.010129,0.026511,0.068012,0.17156,0.43973,1.1393,2.0318,2.9626,4.3003
500.0,7.4396E-4,0.0024556,0.0075962,0.020442,0.053947,0.13941,0.3655,0.96178,1.7305,2.5367,3.7021
600.0,4.2078E-4,0.0014275,0.0045139,0.012743,0.035265,0.095122,0.25916,0.70482,1.2829,1.8946,2.7861
700.0,2.5145E-4,8.7597E-4,0.0028307,0.0083164,0.023923,0.066826,0.1884,0.52798,0.97303,1.4489,2.1491
800.0,1.5622E-4,5.58E-4,0.0018435,0.00561,0.016733,0.048338,0.14036,0.40374,0.75176,1.1273,1.6841
1000.0,6.5825E-5,2.4594E-4,8.4946E-4,0.0027482,0.0087243,0.026658,0.081735,0.24734,0.47103,0.71666,1.0865
1200.0,3.1202E-5,1.2212E-4,4.4225E-4,0.0014998,0.0049669,0.015713,0.049851,0.15602,0.30284,0.46639,0.71617
1500.0,1.0126E-5,4.2675E-5,1.6567E-4,6.0515E-4,0.002142,0.007158,0.023975,0.079058,0.15789,0.24764,0.38748
SA0P01
r\m,4.0,4.5,5.0,5.5,6.0,6.5,7.0,7.5,7.8,8.0,8.2
0.0,0.39186,0.49874,0.58479,0.64482,0.68105,0.71046,0.75834,0.81435,0.83819,0.84662,0.85149
1.0,0.3113,0.40563,0.48149,0.53035,0.55797,0.58511,0.63489,0.70035,0.73126,0.74527,0.75561
5.0,0.1098,0.17549,0.24659,0.30952,0.35927,0.40601,0.46707,0.54301,0.58246,0.60354,0.62087
10.0,0.044763,0.077188,0.11939,0.16745,0.21752,0.27273,0.33974,0.4216,0.46865,0.49696,0.52219
15.0,0.024572,0.043646,0.070388,0.10443,0.14546,0.19622,0.2596,0.33259,0.38169,0.41282,0.44272
20.0,0.015551,0.028192,0.04673,0.071417,0.10311,0.14484,0.19939,0.26591,0.3137,0.34541,0.37618
25.0,0.010618,0.019557,0.032929,0.051212,0.07568,0.10943,0.15598,0.2162,0.26106,0.29197,0.32354
30.0,0.0078142,0.014544,0.024759,0.038971,0.058397,0.086024,0.12568,0.17901,0.22082,0.25027,0.28104
40.0,0.0048321,0.0091419,0.015857,0.025381,0.03863,0.058217,0.087798,0.12999,0.16399,0.18873,0.21523
50.0,0.0032971,0.0063284,0.011155,0.018092,0.027862,0.042688,0.065712,0.099927,0.12856,0.15002,0.17352
60.0,0.00256,0.0049669,0.0088431,0.014432,0.022413,0.03465,0.053851,0.082856,0.10751,0.12622,0.14689
70.0,0.0020477,0.0040099,0.0072055,0.011844,0.018527,0.028834,0.045158,0.070353,0.092077,0.10878,0.12738
80.0,0.0017073,0.0033762,0.0061229,0.010123,0.015924,0.024898,0.039261,0.061564,0.08097,0.095983,0.11281
90.0,0.0014465,0.0028866,0.0052741,0.0087691,0.013867,0.021798,0.034537,0.054451,0.071888,0.08544,0.10067
100.0,0.0012399,0.002497,0.0045971,0.0076804,0.012221,0.019276,0.030665,0.048583,0.06435,0.076655,0.090523
110.0,0.0010747,0.0021824,0.0040453,0.0067814,0.010825,0.017127,0.027305,0.043325,0.057508,0.068619,0.081186
120.0,9.3916E-4,0.0019233,0.0035895,0.0060352,0.0096739,0.015333,0.024469,0.038922,0.051771,0.061847,0.073257
130.0,8.2408E-4,0.0017004,0.0031947,0.005391,0.008666,0.013759,0.022,0.035088,0.046755,0.055923,0.066315
140.0,7.2371E-4,0.0015048,0.0028483,0.004821,0.0077685,0.01236,0.019814,0.031669,0.042297,0.05067,0.06018
150.0,6.3861E-4,0.0013372,0.0025481,0.0043258,0.0069885,0.011154,0.017915,0.028684,0.038401,0.046098,0.054864
175.0,4.7611E-4,0.0010143,0.0019658,0.0033646,0.0054783,0.0087947,0.014188,0.022824,0.030749,0.037059,0.04428
200.0,3.6416E-4,7.8959E-4,0.0015563,0.0026842,0.0043938,0.0070819,0.011501,0.01862,0.02519,0.030434,0.036453
250.0,2.2388E-4,4.998E-4,0.0010079,0.0017729,0.0029551,0.0048447,0.0080067,0.013188,0.018005,0.021873,0.026343
300.0,1.4715E-4,3.3764E-4,6.96E-4,0.0012472,0.0021159,0.0035204,0.0059192,0.0098738,0.013565,0.016555,0.020044
350.0,1.0133E-4,2.387E-4,5.0309E-4,9.1843E-4,0.001584,0.002672,0.0045466,0.0076888,0.010626,0.013033,0.015844
400.0,7.2285E-5,1.7493E-4,3.7726E-4,6.9969E-4,0.001225,0.0020944,0.0036114,0.0061691,0.0085812,0.010558,0.012877
450.0,5.0682E-5,1.2464E-4,2.7202E-4,5.1971E-4,9.3454E-4,0.0016394,0.0028876,0.0050381,0.0070357,0.0086635,0.010574
500.0,3.6772E-5,9.1916E-5,2.0304E-4,3.9738E-4,7.319E-4,0.0013123,0.0023624,0.004191,0.005863,0.0072404,0.0088631
600.0,2.181E-5,5.5724E-5,1.2573E-4,2.5469E-4,4.8605E-4,9.0116E-4,0.0016688,0.0030379,0.0043065,0.0053635,0.0066307
700.0,1.2928E-5,3.4415E-5,7.9023E-5,1.6618E-4,3.2758E-4,6.2761E-4,0.0011971,0.0022333,0.0031879,0.0039902,0.0049512
800.0,8.1632E-6,2.2126E-5,5.2041E-5,1.1261E-4,2.2934E-4,4.5303E-4,8.8382E-4,0.0016823,0.0024131,0.0030288,0.003778
1000.0,3.4723E-6,9.9004E-6,2.4221E-5,5.5211E-5,1.1731E-4,2.44E-4,4.9796E-4,9.7788E-4,0.0014136,0.0017816,0.0022227
1200.0,1.6295E-6,4.8264E-6,1.2341E-5,2.9058E-5,6.4559E-5,1.3844E-4,2.9027E-4,5.8062E-4,8.4521E-4,0.0010688,0.0013368
1500.0,5.1429E-7,1.6312E-6,4.4157E-6,1.1314E-5,2.6536E-5,5.9803E-5,1.3005E-4,2.6646E-4,3.9201E-4,4.9802E-4,6.2479E-4
SA0P02
r\m,4.0,4.5,5.0,5.5,6.0,6.5,7.0,7.5,7.8,8.0,8.2
0.0,0.70359,0.86849,0.98952,1.0518,1.0682,1.0818,1.1235,1.1825,1.2066,1.2173,1.2045
1.0,0.56803,0.71695,0.82516,0.87372,0.88102,0.89425,0.94341,1.0201,1.0567,1.0756,1.0749
5.0,0.19741,0.3088,0.42518,0.51623,0.57572,0.62884,0.70435,0.803,0.85527,0.88436,0.90118
10.0,0.07746,0.13083,0.19945,0.27288,0.3434,0.41878,0.51253,0.62894,0.69666,0.73719,0.77294
15.0,0.041239,0.071673,0.11397,0.16537,0.22439,0.29674,0.38878,0.49549,0.56906,0.61581,0.66095
20.0,0.025554,0.045231,0.073826,0.11033,0.15553,0.21511,0.29498,0.39344,0.46618,0.51483,0.56238
25.0,0.01715,0.030737,0.050875,0.077271,0.11152,0.15939,0.22722,0.31708,0.38557,0.43303,0.48202
30.0,0.012449,0.022503,0.03761,0.057757,0.084496,0.12329,0.18055,0.25985,0.32348,0.36882,0.41681
40.0,0.0075439,0.013824,0.023478,0.036626,0.054471,0.081379,0.12341,0.18489,0.23583,0.27339,0.3141
50.0,0.0050649,0.0093992,0.0162,0.025595,0.038509,0.058461,0.090774,0.14002,0.18257,0.21501,0.25107
60.0,0.0039246,0.0073525,0.012789,0.020338,0.030859,0.047262,0.073975,0.11529,0.15163,0.17969,0.21117
70.0,0.0031112,0.00588,0.010319,0.016532,0.02528,0.039013,0.061544,0.097121,0.1289,0.15374,0.18184
80.0,0.0025903,0.0049383,0.0087389,0.014083,0.021676,0.033611,0.053359,0.084712,0.11291,0.1351,0.16034
90.0,0.0021894,0.0042082,0.0075025,0.012156,0.018806,0.02932,0.046742,0.074601,0.099797,0.11972,0.14245
100.0,0.0018707,0.0036248,0.00651,0.010599,0.016495,0.025814,0.041296,0.066224,0.088877,0.10686,0.12743
110.0,0.0016136,0.0031502,0.0056966,0.0093084,0.014529,0.022793,0.036516,0.05866,0.078883,0.094996,0.11348
120.0,0.0014021,0.0027595,0.0050263,0.0082367,0.012898,0.020272,0.032502,0.052324,0.070497,0.084993,0.10164
130.0,0.0012242,0.0024262,0.0044468,0.0073113,0.011478,0.018071,0.029009,0.046802,0.063147,0.076199,0.091201
140.0,0.001068,0.0021315,0.0039316,0.006487,0.010211,0.016102,0.025906,0.041858,0.05658,0.068366,0.081937
150.0,9.3468E-4,0.0018781,0.0034853,0.0057719,0.0091091,0.014395,0.023195,0.037534,0.050841,0.061561,0.073938
175.0,6.8406E-4,0.0013978,0.002634,0.0044005,0.0069958,0.011109,0.017971,0.029196,0.039768,0.048312,0.058213
200.0,5.1384E-4,0.0010677,0.0020421,0.0034394,0.0055007,0.0087675,0.014263,0.023288,0.031843,0.038776,0.046835
250.0,3.0088E-4,6.4351E-4,0.0012607,0.0021685,0.0035347,0.0057307,0.0094768,0.015705,0.021594,0.026389,0.031984
300.0,1.8894E-4,4.1562E-4,8.3331E-4,0.0014627,0.0024307,0.0039979,0.0067195,0.011256,0.015544,0.019048,0.023179
350.0,1.2466E-4,2.8193E-4,5.7881E-4,0.0010365,0.0017523,0.0029222,0.0049664,0.0084272,0.011692,0.014391,0.017564
400.0,8.55E-5,1.9898E-4,4.1857E-4,7.6275E-4,0.0013108,0.0022159,0.0038149,0.0065329,0.0091164,0.011247,0.013758
450.0,5.7959E-5,1.3727E-4,2.9265E-4,5.4988E-4,9.7162E-4,0.0016856,0.0029627,0.0051781,0.0072487,0.008948,0.010951
500.0,4.0776E-5,9.8325E-5,2.1251E-4,4.0956E-4,7.4206E-4,0.0013166,0.0023642,0.0041986,0.0058859,0.0072815,0.0089301
600.0,2.2214E-5,5.5544E-5,1.2306E-4,2.472E-4,4.6749E-4,8.6307E-4,0.0015971,0.0029066,0.0041229,0.0051365,0.0063513
700.0,1.2781E-5,3.311E-5,7.5535E-5,1.5777E-4,3.0871E-4,5.8851E-4,0.0011221,0.0020956,0.0029919,0.0037455,0.0046477
800.0,7.8237E-6,2.089E-5,4.8777E-5,1.0515E-4,2.1295E-4,4.1938E-4,8.1874E-4,0.0015606,0.0022403,0.0028135,0.0035108
1000.0,3.2555E-6,9.1829E-6,2.2383E-5,5.098E-5,1.0825E-4,2.2525E-4,4.6074E-4,9.0755E-4,0.0013142,0.0016585,0.0020717
1200.0,1.5134E-6,4.4548E-6,1.1394E-5,2.6877E-5,5.9833E-5,1.2865E-4,2.7075E-4,5.4389E-4,7.9379E-4,0.0010056,0.0012601
1500.0,4.7842E-7,1.516E-6,4.1154E-6,1.0581E-5,2.4915E-5,5.6386E-5,1.2319E-4,2.5366E-4,3.7431E-4,4.7651E-4,5.9905E-4
SA0P025
r\m,4.0,4.5,5.0,5.5,6.0,6.5,7.0,7.5,7.8,8.0,8.2
0.0,0.79284,0.97919,1.1161,1.1845,1.1984,1.2082,1.2482,1.3087,1.3332,1.3453,1.3258
1.0,0.63887,0.80855,0.932,0.98571,0.99003,0.99993,1.049,1.1298,1.1688,1.19,1.1851
5.0,0.22166,0.3474,0.47977,0.58303,0.64868,0.70522,0.78589,0.89268,0.94978,0.98212,0.99881
10.0,0.087353,0.14736,0.22491,0.30765,0.38624,0.46909,0.57207,0.70055,0.77569,0.82074,0.86053
15.0,0.046552,0.080706,0.12833,0.18598,0.25168,0.33169,0.43358,0.55192,0.63412,0.68649,0.73721
20.0,0.028855,0.050894,0.082982,0.12375,0.17392,0.23981,0.3284,0.43788,0.51935,0.57401,0.62759
25.0,0.01937,0.034552,0.057088,0.086447,0.12431,0.17718,0.25236,0.35252,0.42926,0.48254,0.53771
30.0,0.014058,0.02527,0.04214,0.064476,0.09393,0.13671,0.20012,0.28849,0.35975,0.41065,0.46471
40.0,0.008514,0.0155,0.026235,0.040745,0.060326,0.089885,0.13634,0.20462,0.26154,0.30362,0.34938
50.0,0.0057136,0.010524,0.018063,0.028396,0.042515,0.064344,0.10003,0.15465,0.2022,0.23858,0.27915
60.0,0.0044371,0.0082467,0.014278,0.022591,0.034106,0.05207,0.081559,0.12736,0.16796,0.19944,0.23486
70.0,0.0035219,0.0065996,0.011523,0.018364,0.027938,0.042986,0.067865,0.10731,0.14284,0.1707,0.20233
80.0,0.0029395,0.0055533,0.0097736,0.015666,0.023989,0.037086,0.058914,0.093706,0.12524,0.15015,0.17856
90.0,0.00249,0.0047399,0.0084026,0.013537,0.020832,0.032381,0.051644,0.082577,0.11077,0.13316,0.15876
100.0,0.0021312,0.0040873,0.0072972,0.011811,0.01828,0.028524,0.045642,0.073329,0.098688,0.11889,0.14208
110.0,0.0018403,0.0035542,0.0063877,0.010375,0.016101,0.02518,0.040343,0.064934,0.087567,0.10567,0.1265
120.0,0.0016002,0.0031141,0.0056372,0.0091804,0.014287,0.022385,0.035889,0.057887,0.078215,0.094493,0.11325
130.0,0.0013981,0.0027386,0.0049869,0.0081459,0.012707,0.019941,0.032004,0.051729,0.069992,0.084628,0.10151
140.0,0.0012199,0.0024051,0.0044051,0.0072207,0.011292,0.017746,0.028542,0.046199,0.062618,0.075815,0.091056
150.0,0.0010671,0.0021173,0.0038998,0.0064167,0.010059,0.015837,0.025508,0.041349,0.056162,0.068145,0.082025
175.0,7.7983E-4,0.0015723,0.0029377,0.0048748,0.007694,0.012166,0.019672,0.032015,0.043725,0.053226,0.064268
200.0,5.8465E-4,0.0011976,0.0022683,0.0037935,0.0060227,0.0095567,0.015536,0.025403,0.034832,0.042504,0.051453
250.0,3.3895E-4,7.1352E-4,0.0013835,0.0023621,0.0038204,0.0061645,0.010184,0.016893,0.02327,0.028484,0.034587
300.0,2.1046E-4,4.5518E-4,9.028E-4,0.0015728,0.0025931,0.004243,0.0071225,0.011938,0.016506,0.020251,0.02468
350.0,1.3717E-4,3.0482E-4,6.1887E-4,0.0010998,0.001844,0.0030582,0.0051898,0.0088098,0.012236,0.015077,0.018423
400.0,9.2906E-5,2.1234E-4,4.4161E-4,7.9867E-4,0.0013611,0.0022879,0.0039323,0.0067356,0.0094078,0.011617,0.014225
450.0,6.2251E-5,1.4474E-4,3.0504E-4,5.6873E-4,9.9646E-4,0.0017184,0.0030146,0.0052689,0.0073812,0.0091202,0.011174
500.0,4.3287E-5,1.0245E-4,2.1891E-4,4.1865E-4,7.5207E-4,0.0013263,0.0023766,0.0042198,0.0059199,0.0073287,0.0089948
600.0,2.2646E-5,5.5877E-5,1.2242E-4,2.4466E-4,4.6008E-4,8.4681E-4,0.0015652,0.0028462,0.0040372,0.0050297,0.0062184
700.0,1.2835E-5,3.2647E-5,7.412E-5,1.5406E-4,2.9984E-4,5.6924E-4,0.0010843,0.0020247,0.00289,0.0036171,0.004487
800.0,7.7098E-6,2.0346E-5,4.722E-5,1.0145E-4,2.0444E-4,4.0126E-4,7.8299E-4,0.0014926,0.0021426,0.0026909,0.0033573
1000.0,3.1558E-6,8.8099E-6,2.1378E-5,4.8593E-5,1.0298E-4,2.1401E-4,4.3797E-4,8.6374E-4,0.0012516,0.0015802,0.001975
1200.0,1.4517E-6,4.2392E-6,1.0825E-5,2.5532E-5,5.684E-5,1.2229E-4,2.578E-4,5.1911E-4,7.5872E-4,9.6215E-4,0.001207
1500.0,4.5669E-7,1.4416E-6,3.9158E-6,1.0082E-5,2.3788E-5,5.3958E-5,1.1822E-4,2.4425E-4,3.6122E-4,4.6052E-4,5.798E-4
SA0P03
r\m,4.0,4.5,5.0,5.5,6.0,6.5,7.0,7.5,7.8,8.0,8.2
0.0,0.83309,1.034,1.1843,1.2618,1.279,1.289,1.3292,1.392,1.4175,1.4312,1.4076
1.0,0.66838,0.85228,0.98863,1.0506,1.0575,1.0676,1.1177,1.2024,1.2435,1.2668,1.2594
5.0,0.2319,0.36536,0.50788,0.62102,0.69347,0.75393,0.83878,0.95176,1.0126,1.0476,1.0646
10.0,0.092355,0.15607,0.23903,0.32822,0.41306,0.50149,0.6108,0.74754,0.82786,0.87619,0.91903
15.0,0.049505,0.08586,0.13683,0.19875,0.26928,0.35463,0.46305,0.58909,0.67707,0.73329,0.7879
20.0,0.0308,0.054302,0.088655,0.13238,0.18613,0.25637,0.35073,0.46744,0.55467,0.61333,0.67099
25.0,0.02074,0.036949,0.061098,0.092561,0.13306,0.1894,0.26948,0.37641,0.45858,0.51569,0.57496
30.0,0.015083,0.027064,0.04515,0.069074,0.10054,0.14613,0.21369,0.30808,0.38435,0.43891,0.49696
40.0,0.0091608,0.016635,0.028144,0.043675,0.064582,0.096056,0.14558,0.21847,0.27938,0.32449,0.37361
50.0,0.0061616,0.011312,0.019393,0.030447,0.045508,0.068726,0.10681,0.16517,0.21614,0.25519,0.2988
60.0,0.0048002,0.008889,0.015368,0.024279,0.036586,0.055729,0.087245,0.13623,0.17981,0.21367,0.25179
70.0,0.0038225,0.0071325,0.01243,0.019774,0.030021,0.046089,0.072725,0.11499,0.1532,0.18321,0.21733
80.0,0.0032012,0.0060195,0.01057,0.01691,0.025839,0.039855,0.063273,0.10062,0.1346,0.16148,0.19217
90.0,0.0027204,0.0051515,0.0091094,0.014643,0.022482,0.034866,0.055561,0.088826,0.11926,0.14346,0.17118
100.0,0.0023351,0.0044523,0.0079267,0.012798,0.019757,0.030759,0.049174,0.078989,0.10641,0.12828,0.15342
110.0,0.002021,0.0038786,0.0069497,0.011259,0.017422,0.027182,0.043505,0.070012,0.094509,0.11413,0.13673
120.0,0.0017607,0.0034035,0.0061415,0.0099736,0.015472,0.024183,0.038727,0.062458,0.084477,0.10214,0.12251
130.0,0.0015412,0.0029973,0.005439,0.0088567,0.013768,0.021553,0.034547,0.055832,0.075622,0.091507,0.10985
140.0,0.0013467,0.0026349,0.0048069,0.0078538,0.012238,0.019181,0.030811,0.049864,0.067654,0.081977,0.098543
150.0,0.0011791,0.0023209,0.0042562,0.00698,0.010901,0.017111,0.027525,0.044611,0.060657,0.073663,0.088751
175.0,8.6329E-4,0.0017251,0.003206,0.0053003,0.008329,0.013126,0.021197,0.034495,0.047165,0.057462,0.069448
200.0,6.4798E-4,0.0013141,0.002473,0.004119,0.0065091,0.010292,0.016707,0.027312,0.037497,0.045802,0.055506
250.0,3.7458E-4,7.7929E-4,0.0014999,0.0025485,0.0040998,0.0065892,0.010867,0.01802,0.024838,0.030428,0.036981
300.0,2.3141E-4,4.9392E-4,9.716E-4,0.0016837,0.00276,0.0044959,0.0075331,0.012619,0.017454,0.021424,0.02613
350.0,1.4984E-4,3.282E-4,6.6041E-4,0.0011669,0.0019438,0.0032082,0.0054334,0.0092177,0.012806,0.015787,0.019304
400.0,1.007E-4,2.2664E-4,4.6686E-4,8.3925E-4,0.0014206,0.0023754,0.004074,0.0069737,0.0097428,0.012036,0.014745
450.0,6.6961E-5,1.5318E-4,3.1962E-4,5.9203E-4,0.0010298,0.0017659,0.0030906,0.0053975,0.0075626,0.0093495,0.011462
500.0,4.6179E-5,1.0746E-4,2.2726E-4,4.3168E-4,7.6958E-4,0.0013493,0.0024113,0.0042777,0.0060025,0.0074336,0.0091274
600.0,2.3353E-5,5.6875E-5,1.2324E-4,2.4509E-4,4.583E-4,8.407E-4,0.0015512,0.0028165,0.0039936,0.0049739,0.0061471
700.0,1.3068E-5,3.2626E-5,7.3677E-5,1.5235E-4,2.9482E-4,5.5704E-4,0.0010592,0.0019764,0.0028189,0.0035265,0.0043721
800.0,7.7106E-6,2.0089E-5,4.6299E-5,9.9061E-5,1.9848E-4,3.8792E-4,7.5596E-4,0.00144,0.0020661,0.0025941,0.0032349
1000.0,3.1021E-6,8.5531E-6,2.0632E-5,4.6753E-5,9.8771E-5,2.0477E-4,4.1884E-4,8.2628E-4,0.0011974,0.001512,0.0018901
1200.0,1.4086E-6,4.0699E-6,1.036E-5,2.4406E-5,5.4268E-5,1.1669E-4,2.4619E-4,4.9654E-4,7.2647E-4,9.2198E-4,0.0011576
1500.0,4.3925E-7,1.3775E-6,3.7389E-6,9.6297E-6,2.2747E-5,5.1669E-5,1.1346E-4,2.351E-4,3.4839E-4,4.4477E-4,5.6077E-4
SA0P04
r\m,4.0,4.5,5.0,5.5,6.0,6.5,7.0,7.5,7.8,8.0,8.2
0.0,0.81998,1.0331,1.2009,1.2989,1.3323,1.3506,1.396,1.4652,1.4939,1.5107,1.4851
1.0,0.65071,0.84639,0.99955,1.0806,1.1022,1.1194,1.1745,1.2661,1.3112,1.3379,1.3298
5.0,0.22628,0.36147,0.51081,0.63637,0.72171,0.7904,0.88145,1.0025,1.0682,1.1068,1.1255
10.0,0.092572,0.15758,0.24374,0.33894,0.43154,0.5267,0.64226,0.7871,0.87273,0.92471,0.97124
15.0,0.050485,0.088012,0.1413,0.20717,0.283,0.37378,0.48794,0.62074,0.71391,0.77379,0.83223
20.0,0.031778,0.056256,0.092395,0.139,0.1967,0.27128,0.37062,0.49347,0.58556,0.64771,0.70904
25.0,0.021613,0.038626,0.064217,0.097906,0.14145,0.20131,0.28571,0.3984,0.48505,0.54539,0.60813
30.0,0.015829,0.028477,0.04775,0.073451,0.10734,0.15589,0.22731,0.32695,0.40737,0.46497,0.5263
40.0,0.0097136,0.017672,0.030021,0.046798,0.069413,0.10307,0.15569,0.23285,0.29732,0.34505,0.39708
50.0,0.0065884,0.012107,0.020819,0.032806,0.049148,0.074045,0.11473,0.17683,0.23101,0.27252,0.31884
60.0,0.0051701,0.0095786,0.016602,0.026319,0.03974,0.060374,0.094212,0.14658,0.19316,0.22932,0.27002
70.0,0.0041544,0.007748,0.013526,0.021581,0.032813,0.050237,0.079009,0.12445,0.16554,0.19778,0.23441
80.0,0.0035062,0.0065852,0.011578,0.018568,0.028408,0.043691,0.069125,0.1095,0.14622,0.17526,0.20838
90.0,0.003002,0.0056733,0.01004,0.016172,0.024848,0.038422,0.061,0.097138,0.13021,0.15648,0.18655
100.0,0.0025947,0.0049329,0.0087848,0.014206,0.021939,0.034053,0.05423,0.086763,0.11669,0.14056,0.16796
110.0,0.0022598,0.0043205,0.0077401,0.012555,0.019426,0.030215,0.048166,0.0772,0.10406,0.12555,0.15029
120.0,0.0019798,0.0038097,0.0068709,0.011167,0.017314,0.026976,0.043019,0.069104,0.093335,0.11276,0.13515
130.0,0.001742,0.0033701,0.0061092,0.0099508,0.015455,0.024111,0.038481,0.061949,0.083798,0.10132,0.12155
140.0,0.0015298,0.002975,0.0054175,0.008851,0.013774,0.021509,0.034403,0.055464,0.075155,0.091003,0.10932
150.0,0.001345,0.0026295,0.0048102,0.0078865,0.012295,0.019224,0.030792,0.049715,0.067517,0.081947,0.09868
175.0,9.9351E-4,0.0019686,0.0036437,0.0060163,0.0094284,0.014791,0.023785,0.038571,0.052687,0.064156,0.077504
200.0,7.513E-4,0.0015079,0.0028212,0.0046889,0.0073841,0.011618,0.018778,0.030589,0.041967,0.05125,0.062099
250.0,4.3748E-4,8.9751E-4,0.0017135,0.0029,0.0046412,0.0074163,0.012174,0.020116,0.027695,0.03392,0.04122
300.0,2.7089E-4,5.6832E-4,0.0011066,0.0019074,0.0031064,0.005026,0.00838,0.013988,0.019323,0.023705,0.028907
350.0,1.7511E-4,3.7596E-4,7.4741E-4,0.0013116,0.0021672,0.0035496,0.0059807,0.010111,0.01403,0.017289,0.021135
400.0,1.1713E-4,2.5772E-4,5.235E-4,9.3365E-4,0.0015657,0.0025957,0.004428,0.0075539,0.010541,0.013017,0.015944
450.0,7.7433E-5,1.7277E-4,3.5494E-4,6.5134E-4,0.0011209,0.0019037,0.0033128,0.005765,0.0080685,0.0099746,0.012229
500.0,5.2971E-5,1.1998E-4,2.4952E-4,4.6906E-4,8.2628E-4,0.0014336,0.0025462,0.0045005,0.0063097,0.0078124,0.0095911
600.0,2.5553E-5,6.0796E-5,1.2918E-4,2.5465E-4,4.7142E-4,8.5871E-4,0.0015768,0.0028499,0.0040335,0.0050173,0.0061921
700.0,1.4047E-5,3.3885E-5,7.5681E-5,1.5492E-4,2.9645E-4,5.5446E-4,0.0010489,0.0019506,0.0027751,0.003466,0.0042891
800.0,8.0494E-6,2.0438E-5,4.6408E-5,9.8405E-5,1.9477E-4,3.7685E-4,7.31E-4,0.0013875,0.0019863,0.0024903,0.0030998
1000.0,3.1368E-6,8.4161E-6,2.0011E-5,4.4969E-5,9.4201E-5,1.9381E-4,3.9495E-4,7.7767E-4,0.0011254,0.00142,0.0017738
1200.0,1.385E-6,3.9003E-6,9.8302E-6,2.3037E-5,5.0944E-5,1.0906E-4,2.2978E-4,4.637E-4,6.7868E-4,8.6181E-4,0.0010827
1500.0,4.2148E-7,1.2965E-6,3.5E-6,8.9891E-6,2.1216E-5,4.8171E-5,1.0595E-4,2.2034E-4,3.2744E-4,4.1885E-4,5.2916E-4
SA0P05
r\m,4.0,4.5,5.0,5.5,6.0,6.5,7.0,7.5,7.8,8.0,8.2
0.0,0.75211,0.9634,1.1376,1.2518,1.304,1.3339,1.3869,1.4629,1.4952,1.5146,1.492
1.0,0.59059,0.7841,0.94325,1.0396,1.0784,1.1059,1.167,1.264,1.3124,1.3413,1.3358
5.0,0.20599,0.33391,0.47954,0.60938,0.70396,0.77939,0.87411,0.9989,1.0671,1.1076,1.1285
10.0,0.086531,0.14868,0.23233,0.32763,0.42314,0.52078,0.63719,0.78306,0.86967,0.92271,0.9707
15.0,0.048054,0.084431,0.13668,0.20262,0.27981,0.37152,0.48552,0.61806,0.7112,0.77136,0.83031
20.0,0.030633,0.054626,0.090374,0.13728,0.19605,0.27127,0.37035,0.49263,0.58421,0.64619,0.7075
25.0,0.021062,0.037909,0.063478,0.097656,0.14223,0.2027,0.287,0.39916,0.48521,0.54518,0.60758
30.0,0.015551,0.028171,0.047575,0.073809,0.10865,0.15789,0.22951,0.32885,0.40873,0.4659,0.52674
40.0,0.0096573,0.01769,0.030256,0.047546,0.070983,0.10536,0.1585,0.23585,0.3002,0.34778,0.3996
50.0,0.0066148,0.012234,0.021167,0.033605,0.050649,0.076238,0.11761,0.18025,0.23463,0.27618,0.32243
60.0,0.0052273,0.0097453,0.016991,0.027132,0.041206,0.062533,0.09715,0.1503,0.19732,0.23373,0.27459
70.0,0.0042414,0.0079541,0.01396,0.022428,0.03428,0.052412,0.082052,0.12849,0.17025,0.20292,0.23992
80.0,0.0036064,0.0068081,0.01203,0.01942,0.029858,0.045854,0.072208,0.11369,0.15124,0.18084,0.21449
90.0,0.0031108,0.0059056,0.0105,0.017017,0.026268,0.040553,0.064069,0.10141,0.13541,0.16233,0.19305
100.0,0.0027077,0.0051678,0.009242,0.015034,0.023316,0.036131,0.057252,0.091034,0.12197,0.14656,0.17471
110.0,0.0023738,0.0045535,0.008189,0.013357,0.020749,0.03222,0.051104,0.08139,0.1093,0.13155,0.15709
120.0,0.0020926,0.0040378,0.0073076,0.011939,0.018581,0.0289,0.045844,0.07318,0.098475,0.11869,0.14192
130.0,0.0018518,0.0035903,0.0065289,0.010686,0.016654,0.025931,0.041171,0.06587,0.088781,0.1071,0.12818
140.0,0.0016357,0.0031859,0.0058169,0.0095467,0.014901,0.023222,0.036951,0.059209,0.079945,0.096584,0.11576
150.0,0.0014457,0.0028292,0.0051869,0.0085406,0.013352,0.02083,0.033192,0.053263,0.072086,0.0873,0.1049
175.0,0.0010802,0.0021398,0.0039647,0.0065686,0.010314,0.01614,0.02582,0.041629,0.056677,0.06887,0.083024
200.0,8.2525E-4,0.0016534,0.0030929,0.0051536,0.0081263,0.012749,0.0205,0.033205,0.045418,0.055359,0.06695
250.0,4.8822E-4,9.9681E-4,0.0018987,0.0032161,0.0051456,0.0081919,0.013375,0.021977,0.030166,0.036884,0.044748
300.0,3.0572E-4,6.3646E-4,0.0012339,0.0021251,0.0034549,0.0055645,0.0092262,0.015318,0.021099,0.025838,0.031458
350.0,1.9912E-4,4.2301E-4,8.356E-4,0.0014629,0.0024089,0.0039242,0.0065743,0.011056,0.015299,0.018824,0.022977
400.0,1.3377E-4,2.9042E-4,5.8495E-4,0.0010394,0.0017348,0.0028578,0.0048461,0.008225,0.011448,0.014117,0.017267
450.0,8.8648E-5,1.9468E-4,3.9589E-4,7.2264E-4,0.0012358,0.0020831,0.0036025,0.0062368,0.0087076,0.010753,0.01317
500.0,6.0636E-5,1.3486E-4,2.7718E-4,5.1761E-4,9.0464E-4,0.0015565,0.0027459,0.0048283,0.0067552,0.0083543,0.010246
600.0,2.8545E-5,6.6705E-5,1.3956E-4,2.7319E-4,5.0179E-4,9.0793E-4,0.0016574,0.0029781,0.0042033,0.005219,0.0064285
700.0,1.5564E-5,3.6517E-5,8.0715E-5,1.6377E-4,3.1034E-4,5.7482E-4,0.0010805,0.0019992,0.0028347,0.0035326,0.0043611
800.0,8.7459E-6,2.1709E-5,4.8593E-5,1.0213E-4,1.9982E-4,3.8261E-4,7.3751E-4,0.0013923,0.0019864,0.0024852,0.0030855
1000.0,3.3258E-6,8.6928E-6,2.0352E-5,4.5295E-5,9.3967E-5,1.9149E-4,3.878E-4,7.6017E-4,0.0010969,0.0013814,0.0017227
1200.0,1.4316E-6,3.9248E-6,9.7682E-6,2.2716E-5,4.983E-5,1.0589E-4,2.2207E-4,4.4703E-4,6.5331E-4,8.2904E-4,0.001041
1500.0,4.2427E-7,1.2753E-6,3.4105E-6,8.7022E-6,2.0451E-5,4.6241E-5,1.015E-4,2.1117E-4,3.1415E-4,4.0218E-4,5.0854E-4
SA0P075
r\m,4.0,4.5,5.0,5.5,6.0,6.5,7.0,7.5,7.8,8.0,8.2
0.0,0.56255,0.75204,0.9171,1.0469,1.1293,1.1815,1.2488,1.3352,1.3738,1.3968,1.3862
1.0,0.43308,0.60406,0.75406,0.86527,0.93237,0.97926,1.0502,1.1528,1.2048,1.236,1.2394
5.0,0.15205,0.25605,0.37953,0.50204,0.60366,0.68605,0.78152,0.90482,0.97274,1.0136,1.0388
10.0,0.067179,0.11889,0.18974,0.27553,0.36731,0.46145,0.57009,0.70584,0.78695,0.83751,0.88423
15.0,0.038689,0.069881,0.11518,0.17493,0.24769,0.33341,0.43741,0.55809,0.64277,0.69797,0.75244
20.0,0.025314,0.046395,0.078052,0.12122,0.17695,0.24715,0.33717,0.44764,0.52982,0.58564,0.64109
25.0,0.017806,0.032953,0.056136,0.088253,0.13116,0.18791,0.26477,0.36588,0.44277,0.49642,0.55223
30.0,0.013376,0.024925,0.042841,0.067898,0.10189,0.14855,0.21448,0.30435,0.37575,0.42671,0.48075
40.0,0.0085237,0.016074,0.027991,0.044932,0.068312,0.10153,0.15126,0.22221,0.28044,0.32325,0.36974
50.0,0.0059657,0.011359,0.019997,0.032416,0.049732,0.074885,0.11424,0.17254,0.2223,0.26001,0.30168
60.0,0.0047798,0.0091747,0.016274,0.026528,0.040995,0.062217,0.095614,0.14577,0.18938,0.22282,0.26007
70.0,0.0039584,0.0076363,0.013624,0.022334,0.034705,0.053029,0.082077,0.12657,0.16584,0.19629,0.23048
80.0,0.0034158,0.0066308,0.011907,0.019604,0.030621,0.046981,0.073131,0.11337,0.14915,0.17708,0.20855
90.0,0.0029906,0.0058337,0.010536,0.017405,0.027281,0.042069,0.065676,0.10232,0.13513,0.16083,0.1899
100.0,0.0026408,0.0051747,0.0093947,0.01557,0.02451,0.037928,0.059379,0.092906,0.1231,0.14685,0.17381
110.0,0.0023479,0.0046202,0.0084301,0.014003,0.022069,0.03423,0.053639,0.084015,0.11158,0.13332,0.15804
120.0,0.0020976,0.0041486,0.0076129,0.012661,0.019991,0.031051,0.048641,0.076364,0.10162,0.12159,0.14434
130.0,0.0018791,0.0037319,0.0068782,0.011454,0.018104,0.028141,0.044126,0.069445,0.09258,0.11089,0.13176
140.0,0.0016816,0.0033523,0.0061997,0.010346,0.016367,0.025461,0.040016,0.063084,0.084257,0.10107,0.12029
150.0,0.0015048,0.0030117,0.0055898,0.0093546,0.014815,0.023073,0.036319,0.05733,0.076758,0.092303,0.11013
175.0,0.0011556,0.0023366,0.0043771,0.0073592,0.011696,0.018265,0.028862,0.045795,0.061692,0.074444,0.089122
200.0,9.0557E-4,0.0018477,0.0034891,0.005892,0.009392,0.014699,0.023346,0.037224,0.050395,0.061013,0.073293
250.0,5.612E-4,0.0011614,0.0022249,0.0038075,0.0061418,0.0097391,0.015696,0.0254,0.034524,0.041953,0.050586
300.0,3.6522E-4,7.667E-4,0.0014894,0.0025832,0.0042219,0.0067631,0.011066,0.018103,0.024701,0.030067,0.036389
350.0,2.4562E-4,5.2337E-4,0.0010316,0.0018129,0.0029921,0.0048403,0.0079999,0.013255,0.018178,0.022239,0.026993
400.0,1.6935E-4,3.6678E-4,7.3391E-4,0.0013052,0.0021771,0.0035552,0.0059435,0.0099413,0.013719,0.016825,0.020471
450.0,1.1468E-4,2.4996E-4,5.0302E-4,9.1583E-4,0.00156,0.0026006,0.0044317,0.0075597,0.010469,0.012868,0.015689
500.0,7.973E-5,1.7511E-4,3.5482E-4,6.5885E-4,0.001143,0.0019409,0.0033707,0.0058403,0.0081107,0.0099853,0.012192
600.0,3.7476E-5,8.5975E-5,1.7581E-4,3.4081E-4,6.1907E-4,0.0011055,0.0019878,0.0035171,0.0049231,0.0060804,0.007448
700.0,2.057E-5,4.6598E-5,1.0099E-4,2.0184E-4,3.7636E-4,6.8386E-4,0.0012644,0.0023051,0.0032379,0.0040104,0.0049198
800.0,1.1389E-5,2.7364E-5,5.9574E-5,1.2303E-4,2.3558E-4,4.4113E-4,8.3569E-4,0.0015522,0.0021932,0.0027269,0.0033616
1000.0,4.217E-6,1.0548E-5,2.3865E-5,5.1922E-5,1.0533E-4,2.0948E-4,4.1611E-4,8.0273E-4,0.0011467,0.0014349,0.0017783
1200.0,1.7449E-6,4.5486E-6,1.0956E-5,2.4927E-5,5.3449E-5,1.11E-4,2.286E-4,4.5397E-4,6.5812E-4,8.3126E-4,0.0010392
1500.0,4.9206E-7,1.4065E-6,3.6496E-6,9.0935E-6,2.0984E-5,4.6543E-5,1.0068E-4,2.0764E-4,3.08E-4,3.9362E-4,4.9695E-4
SA0P1
r\m,4.0,4.5,5.0,5.5,6.0,6.5,7.0,7.5,7.8,8.0,8.2
0.0,0.42206,0.59239,0.74027,0.86674,0.95862,1.0199,1.0921,1.1805,1.221,1.2446,1.2434
1.0,0.32093,0.47173,0.60513,0.71382,0.79018,0.84494,0.91797,1.0184,1.0698,1.1003,1.11
5.0,0.11318,0.19944,0.30261,0.41122,0.50841,0.58905,0.67929,0.79458,0.85837,0.89696,0.92363
10.0,0.05163,0.095163,0.15449,0.22893,0.3121,0.39816,0.49572,0.61735,0.69028,0.73626,0.77935
15.0,0.030455,0.057242,0.095819,0.14807,0.21349,0.29043,0.38231,0.48874,0.5632,0.61204,0.66041
20.0,0.020278,0.038684,0.066064,0.10429,0.15474,0.21776,0.29705,0.39388,0.46541,0.5141,0.56259
25.0,0.014486,0.027925,0.048321,0.077229,0.11657,0.16779,0.23564,0.32405,0.39074,0.43732,0.48571
30.0,0.011012,0.021388,0.037364,0.060208,0.09173,0.13416,0.19279,0.27154,0.33347,0.37756,0.42417
40.0,0.0071456,0.01406,0.024902,0.040664,0.062747,0.093433,0.1382,0.20102,0.25198,0.28927,0.32966
50.0,0.005078,0.010092,0.018072,0.029805,0.046409,0.069977,0.10583,0.158,0.20189,0.23492,0.2712
60.0,0.004106,0.0082291,0.014848,0.024624,0.038618,0.058679,0.089428,0.13478,0.1736,0.20316,0.23585
70.0,0.0034491,0.006945,0.012601,0.021014,0.033123,0.050645,0.077699,0.11838,0.1537,0.18087,0.21117
80.0,0.0030059,0.0060901,0.011122,0.018624,0.029494,0.045274,0.069847,0.10696,0.13945,0.16459,0.19272
90.0,0.0026583,0.0054107,0.0099355,0.016691,0.02652,0.04091,0.063284,0.097371,0.12741,0.15075,0.17696
100.0,0.0023707,0.0048456,0.0089423,0.015067,0.024042,0.037208,0.057716,0.089158,0.11704,0.1388,0.1633
110.0,0.0021284,0.0043677,0.0080985,0.013674,0.021841,0.033891,0.05262,0.081329,0.10701,0.12708,0.14973
120.0,0.0019197,0.0039578,0.0073781,0.012472,0.019962,0.031016,0.048121,0.074546,0.098274,0.11687,0.1379
130.0,0.0017349,0.0035907,0.0067222,0.011376,0.018226,0.028332,0.044009,0.068346,0.090271,0.10747,0.12693
140.0,0.0015674,0.0032551,0.006114,0.010366,0.016616,0.025853,0.040251,0.062623,0.082867,0.098803,0.11688
150.0,0.0014156,0.0029507,0.0055616,0.0094534,0.015169,0.023633,0.036854,0.057399,0.076139,0.090999,0.10791
175.0,0.00111,0.0023355,0.0044412,0.0075787,0.012201,0.019063,0.029837,0.046719,0.062352,0.074781,0.088978
200.0,8.8716E-4,0.0018816,0.0036055,0.0061758,0.0099665,0.015603,0.024548,0.038631,0.051815,0.062348,0.074438
250.0,5.719E-4,0.0012275,0.0023818,0.0041278,0.006733,0.010671,0.017026,0.027195,0.036639,0.044266,0.053068
300.0,3.8558E-4,8.3724E-4,0.0016439,0.0028819,0.0047549,0.007608,0.012319,0.019899,0.02692,0.032583,0.039207
350.0,2.6777E-4,5.8833E-4,0.0011692,0.0020726,0.003448,0.0055665,0.0091028,0.014886,0.020246,0.02463,0.029729
400.0,1.9003E-4,4.2294E-4,8.5078E-4,0.0015236,0.0025568,0.0041627,0.0068812,0.011361,0.015549,0.018968,0.022955
450.0,1.3207E-4,2.9488E-4,5.9505E-4,0.0010884,0.0018615,0.0030894,0.0052041,0.0087596,0.012035,0.014719,0.017858
500.0,9.3927E-5,2.1064E-4,4.2685E-4,7.9458E-4,0.0013808,0.0023311,0.0039992,0.0068376,0.0094252,0.011548,0.014034
600.0,4.5715E-5,1.0628E-4,2.1606E-4,4.1787E-4,7.5693E-4,0.0013408,0.0023804,0.0041558,0.0057724,0.0070944,0.0086467
700.0,2.5726E-5,5.8582E-5,1.2579E-4,2.4974E-4,4.6247E-4,8.3063E-4,0.0015145,0.0027234,0.0037939,0.0046738,0.0057025
800.0,1.4431E-5,3.4713E-5,7.4488E-5,1.5227E-4,2.8824E-4,5.3178E-4,9.9223E-4,0.0018155,0.0025426,0.0031433,0.003851
1000.0,5.386E-6,1.3345E-5,2.9547E-5,6.3238E-5,1.2629E-4,2.4632E-4,4.8042E-4,9.1175E-4,0.0012896,0.0016033,0.0019743
1200.0,2.2104E-6,5.661E-6,1.3303E-5,2.9705E-5,6.246E-5,1.2695E-4,2.5639E-4,5.0087E-4,7.1908E-4,9.0288E-4,0.0011222
1500.0,6.1252E-7,1.7081E-6,4.3132E-6,1.0486E-5,2.3713E-5,5.1433E-5,1.0908E-4,2.2168E-4,3.2657E-4,4.1554E-4,5.2244E-4
SA0P15
r\m,4.0,4.5,5.0,5.5,6.0,6.5,7.0,7.5,7.8,8.0,8.2
0.0,0.25612,0.4007,0.52461,0.63551,0.72474,0.78721,0.857,0.93919,0.97794,0.99997,1.0079
1.0,0.19213,0.316,0.42595,0.52111,0.59617,0.65174,0.71978,0.80932,0.85576,0.88289,0.89778
5.0,0.068104,0.13323,0.21146,0.29771,0.38063,0.45152,0.52878,0.62657,0.68096,0.714,0.73975
10.0,0.032189,0.065552,0.11058,0.16853,0.23615,0.30704,0.38605,0.48433,0.54345,0.58122,0.61716
15.0,0.01951,0.040489,0.070315,0.11142,0.16436,0.2266,0.29961,0.38402,0.44279,0.48161,0.52022
20.0,0.013255,0.027932,0.049475,0.080027,0.12125,0.17232,0.2351,0.3113,0.36705,0.40509,0.44305
25.0,0.0096407,0.020552,0.036921,0.060494,0.093189,0.13499,0.18888,0.25819,0.30993,0.34609,0.38361
30.0,0.0074319,0.015977,0.029003,0.047933,0.074522,0.1095,0.15646,0.21834,0.26636,0.30044,0.33631
40.0,0.0049268,0.010747,0.019804,0.033202,0.052278,0.07809,0.11449,0.16449,0.20443,0.23349,0.26485
50.0,0.0035657,0.0078622,0.014653,0.024822,0.039453,0.05965,0.089241,0.1313,0.166,0.19189,0.2201
60.0,0.0029138,0.0064816,0.012175,0.020742,0.033207,0.050588,0.076301,0.11334,0.14439,0.1678,0.19347
70.0,0.0024894,0.0055622,0.010505,0.017999,0.028951,0.044351,0.067298,0.10097,0.12956,0.15134,0.17541
80.0,0.0021946,0.004934,0.0093814,0.016138,0.026068,0.040083,0.061155,0.092202,0.11881,0.13918,0.16177
90.0,0.0019638,0.0044347,0.0084765,0.014629,0.023705,0.036626,0.056017,0.084836,0.1097,0.12881,0.15006
100.0,0.0017719,0.0040172,0.0077153,0.013354,0.021732,0.03368,0.051649,0.0785,0.10182,0.11981,0.13988
110.0,0.0016096,0.0036628,0.0070667,0.012256,0.019966,0.031039,0.047646,0.072398,0.094106,0.11088,0.12962
120.0,0.0014686,0.0033563,0.0065082,0.011301,0.018458,0.028731,0.044047,0.067078,0.087346,0.10305,0.12063
130.0,0.0013413,0.0030768,0.0059917,0.010416,0.017032,0.026516,0.040709,0.062153,0.08109,0.09577,0.11222
140.0,0.001226,0.0028213,0.0055125,0.0095991,0.015698,0.024468,0.037654,0.057597,0.075285,0.089047,0.1045
150.0,0.0011202,0.0025865,0.005072,0.0088526,0.014494,0.022631,0.034885,0.053399,0.069963,0.082937,0.097553
175.0,9.0166E-4,0.0021001,0.004155,0.0072771,0.011957,0.018732,0.028973,0.044586,0.058763,0.069897,0.082487
200.0,7.3899E-4,0.0017336,0.0034565,0.0060746,0.010003,0.015701,0.024413,0.037762,0.050007,0.059669,0.070645
250.0,5.0228E-4,0.0011903,0.0023997,0.0042622,0.0070901,0.01126,0.017738,0.027845,0.037059,0.044414,0.052816
300.0,3.5589E-4,8.5106E-4,0.0017332,0.0031091,0.0052249,0.0083741,0.013382,0.021247,0.028399,0.0341,0.040695
350.0,2.5916E-4,6.2519E-4,0.0012855,0.0023276,0.0039403,0.0063688,0.010275,0.016501,0.022176,0.026759,0.032037
400.0,1.9238E-4,4.6852E-4,9.7235E-4,0.0017756,0.0030277,0.0049316,0.008035,0.013024,0.017613,0.021316,0.025592
450.0,1.3949E-4,3.3973E-4,7.0548E-4,0.001313,0.0022776,0.0037771,0.006269,0.010354,0.01406,0.017063,0.020543
500.0,1.0321E-4,2.5165E-4,5.2327E-4,9.8902E-4,0.0017395,0.0029309,0.0049503,0.0083041,0.011318,0.013765,0.016605
600.0,5.4657E-5,1.3651E-4,2.8318E-4,5.5222E-4,0.0010057,0.0017694,0.0030881,0.0052918,0.0072675,0.0088687,0.010732
700.0,3.2586E-5,7.9408E-5,1.7215E-4,3.4274E-4,6.3531E-4,0.0011306,0.0020237,0.0035668,0.0049113,0.0060054,0.0072736
800.0,1.9239E-5,4.893E-5,1.0552E-4,2.1504E-4,4.0532E-4,7.3774E-4,0.0013484,0.0024142,0.0033395,0.0040956,0.0049755
1000.0,7.6058E-6,1.9637E-5,4.322E-5,9.1309E-5,1.7991E-4,3.4311E-4,6.5187E-4,0.0012066,0.0016817,0.0020711,0.0025266
1200.0,3.2285E-6,8.4982E-6,1.9661E-5,4.305E-5,8.845E-5,1.7458E-4,3.4179E-4,6.4925E-4,9.1697E-4,0.0011396,0.0014023
1500.0,9.2328E-7,2.5941E-6,6.3847E-6,1.4998E-5,3.2879E-5,6.8728E-5,1.4056E-4,2.7716E-4,4.0212E-4,5.0671E-4,6.3105E-4
SA0P2
r\m,4.0,4.5,5.0,5.5,6.0,6.5,7.0,7.5,7.8,8.0,8.2
0.0,0.16895,0.2922,0.40314,0.50304,0.58557,0.64413,0.70801,0.78201,0.81736,0.8372,0.84814
1.0,0.12587,0.22927,0.32615,0.41151,0.48112,0.53305,0.59435,0.67343,0.71469,0.7386,0.75452
5.0,0.044738,0.096539,0.1613,0.23404,0.30586,0.36798,0.43483,0.51904,0.56601,0.59458,0.61817
10.0,0.021536,0.04826,0.085414,0.13366,0.19085,0.25106,0.31752,0.40004,0.44977,0.48175,0.51241
15.0,0.013241,0.030227,0.055036,0.089418,0.13409,0.18647,0.24728,0.31745,0.36617,0.39846,0.43064
20.0,0.0090919,0.021083,0.039149,0.064908,0.099885,0.14292,0.1951,0.25818,0.30407,0.3354,0.36672
25.0,0.0066767,0.015672,0.029533,0.04962,0.07762,0.11299,0.15786,0.21509,0.25756,0.28725,0.31803
30.0,0.005186,0.012282,0.0234,0.039669,0.062631,0.092394,0.13168,0.18283,0.22222,0.25012,0.27943
40.0,0.0034783,0.008365,0.016191,0.027865,0.044561,0.06678,0.097479,0.1391,0.17205,0.19594,0.22168
50.0,0.0025426,0.0061838,0.012108,0.021064,0.034015,0.051586,0.07674,0.112,0.14075,0.1621,0.18527
60.0,0.0020897,0.0051281,0.010121,0.01771,0.028808,0.044021,0.066041,0.09732,0.12322,0.14263,0.16382
70.0,0.0018019,0.0044409,0.0088128,0.01551,0.025346,0.038933,0.05874,0.08739,0.11139,0.12957,0.14957
80.0,0.0015984,0.0039639,0.0079199,0.013994,0.022961,0.035399,0.053697,0.080266,0.10275,0.11986,0.13873
90.0,0.0014396,0.0035852,0.0072002,0.012764,0.02101,0.032547,0.049486,0.074292,0.095429,0.11156,0.12942
100.0,0.0013072,0.0032679,0.0065939,0.011724,0.019382,0.030113,0.045907,0.069148,0.089082,0.10436,0.12132
110.0,0.0011951,0.0029985,0.0060771,0.010828,0.01792,0.027936,0.042632,0.064172,0.082841,0.097167,0.11309
120.0,0.0010974,0.0027645,0.0056304,0.010044,0.016674,0.026027,0.039657,0.059822,0.077355,0.090849,0.10588
130.0,0.0010082,0.0025489,0.0052136,0.0093116,0.015478,0.024163,0.036874,0.055768,0.072254,0.08495,0.099101
140.0,9.2759E-4,0.0023522,0.0048278,0.0086371,0.014357,0.022443,0.034331,0.052021,0.067522,0.079502,0.092878
150.0,8.5305E-4,0.0021703,0.0044709,0.0080168,0.013343,0.020901,0.032028,0.048554,0.063167,0.074532,0.087262
175.0,6.9696E-4,0.0017878,0.0037166,0.0066865,0.011174,0.017568,0.027007,0.041158,0.053854,0.063756,0.074886
200.0,5.7954E-4,0.0014966,0.0031361,0.0056616,0.0094816,0.014939,0.023088,0.035367,0.04649,0.055202,0.065039
250.0,4.0646E-4,0.0010594,0.0022435,0.0040922,0.0069248,0.011038,0.017274,0.026851,0.035481,0.042321,0.050088
300.0,2.9687E-4,7.799E-4,0.0016671,0.0030696,0.0052462,0.0084404,0.013395,0.021061,0.027951,0.033403,0.039666
350.0,2.2276E-4,5.8945E-4,0.0012709,0.0023604,0.0040639,0.0065939,0.010563,0.016787,0.022398,0.026895,0.03204
400.0,1.703E-4,4.5418E-4,9.87E-4,0.0018478,0.0032036,0.0052381,0.0084695,0.013581,0.018232,0.021957,0.026232
450.0,1.2707E-4,3.3839E-4,7.3499E-4,0.0014014,0.0024705,0.0041114,0.0067711,0.011057,0.014907,0.018003,0.02157
500.0,9.6679E-5,2.5735E-4,5.5896E-4,0.0010814,0.0019319,0.0032658,0.0054712,0.0090738,0.01228,0.014865,0.017848
600.0,5.4848E-5,1.4839E-4,3.2101E-4,6.3821E-4,0.0011764,0.0020691,0.0035777,0.0060648,0.0082713,0.01005,0.01211
700.0,3.4314E-5,9.0732E-5,2.0318E-4,4.1136E-4,7.7046E-4,0.0013715,0.0024305,0.0042325,0.0057889,0.0070482,0.0085018
800.0,2.1313E-5,5.82E-5,1.2951E-4,2.674E-4,5.083E-4,9.2368E-4,0.0016696,0.0029514,0.004054,0.0049495,0.0059852
1000.0,9.0064E-6,2.4765E-5,5.588E-5,1.1889E-4,2.3474E-4,4.4426E-4,8.3182E-4,0.0015166,0.0020962,0.0025676,0.0031158
1200.0,4.0397E-6,1.1227E-5,2.6397E-5,5.7879E-5,1.1823E-4,2.3016E-4,4.4207E-4,8.2426E-4,0.0011519,0.001422,0.0017383
1500.0,1.2385E-6,3.6073E-6,8.9297E-6,2.0736E-5,4.477E-5,9.1492E-5,1.8237E-4,3.5134E-4,5.0349E-4,6.2951E-4,7.7803E-4
SA0P25
r\m,4.0,4.5,5.0,5.5,6.0,6.5,7.0,7.5,7.8,8.0,8.2
0.0,0.11856,0.22236,0.32377,0.41694,0.49465,0.54987,0.60864,0.67578,0.70804,0.72601,0.73787
1.0,0.087977,0.17395,0.26138,0.34057,0.40611,0.45491,0.51077,0.5817,0.61879,0.64019,0.65588
5.0,0.031322,0.073191,0.12898,0.19317,0.2575,0.31334,0.37272,0.44709,0.48861,0.51388,0.53544
10.0,0.015242,0.036936,0.06881,0.11091,0.16123,0.21421,0.27219,0.34396,0.38723,0.41515,0.44206
15.0,0.0094515,0.023329,0.04469,0.074722,0.11392,0.15971,0.21242,0.27309,0.3151,0.34299,0.37083
20.0,0.006532,0.016379,0.031998,0.054588,0.085362,0.12299,0.16815,0.22253,0.26193,0.28884,0.31576
25.0,0.0048249,0.012251,0.024298,0.042016,0.066783,0.097788,0.13664,0.1859,0.22229,0.24774,0.2741
30.0,0.003765,0.0096483,0.019352,0.033773,0.054183,0.080357,0.11447,0.15851,0.19225,0.21612,0.24116
40.0,0.0025433,0.0066216,0.013498,0.023927,0.038885,0.058559,0.085342,0.12133,0.14965,0.17014,0.19219
50.0,0.0018707,0.0049264,0.01016,0.018209,0.02989,0.045549,0.067598,0.098209,0.12299,0.14133,0.16118
60.0,0.001543,0.0041001,0.0085239,0.015366,0.02541,0.039015,0.058403,0.085681,0.10808,0.12481,0.14303
70.0,0.001338,0.0035705,0.0074633,0.013533,0.022481,0.034691,0.052213,0.077312,0.098149,0.11389,0.13114
80.0,0.0011915,0.0031991,0.0067327,0.012257,0.02044,0.031655,0.047903,0.071262,0.090863,0.10572,0.12207
90.0,0.0010774,0.0029046,0.0061438,0.011222,0.018774,0.029215,0.04431,0.066196,0.08469,0.098752,0.11426
100.0,9.8218E-4,0.0026576,0.0056473,0.010346,0.017385,0.027131,0.041259,0.061834,0.079336,0.092703,0.10749
110.0,9.0161E-4,0.002448,0.0052245,0.0095907,0.016136,0.025272,0.038473,0.057604,0.074057,0.08663,0.10056
120.0,8.3117E-4,0.0022656,0.0048581,0.0089297,0.015073,0.02364,0.035925,0.053903,0.06941,0.081297,0.094489
130.0,7.664E-4,0.0020963,0.0045144,0.008308,0.014044,0.022027,0.033529,0.050439,0.065078,0.076306,0.088779
140.0,7.0803E-4,0.0019422,0.004197,0.0077368,0.013078,0.020541,0.031344,0.047243,0.061065,0.071702,0.083539
150.0,6.5381E-4,0.0017992,0.0039024,0.0072099,0.012204,0.019213,0.029369,0.04428,0.057364,0.067496,0.078804
175.0,5.3921E-4,0.0014956,0.0032737,0.006068,0.010316,0.016305,0.025002,0.037895,0.049369,0.05828,0.06826
200.0,4.5249E-4,0.001263,0.0027871,0.0051839,0.0088328,0.013993,0.021572,0.032864,0.043008,0.050916,0.059812
250.0,3.238E-4,9.1167E-4,0.0020322,0.0038188,0.0065766,0.01054,0.016449,0.025426,0.033456,0.03979,0.046956
300.0,2.4121E-4,6.8394E-4,0.0015382,0.0029171,0.0050739,0.0082097,0.01299,0.020312,0.026841,0.031984,0.037867
350.0,1.8461E-4,5.2675E-4,0.0011941,0.0022835,0.0040022,0.0065319,0.010432,0.016478,0.021892,0.026207,0.031126
400.0,1.4395E-4,4.1354E-4,9.4418E-4,0.0018195,0.0032114,0.0052825,0.0085122,0.013565,0.01813,0.021767,0.025926
450.0,1.0953E-4,3.1391E-4,7.1587E-4,0.0014045,0.0025206,0.0042201,0.0069263,0.011237,0.015082,0.018159,0.02169
500.0,8.4967E-5,2.4319E-4,5.5417E-4,0.0011029,0.0020056,0.0034109,0.0056938,0.0093806,0.012639,0.015255,0.018263
600.0,5.0734E-5,1.4681E-4,3.3308E-4,6.7953E-4,0.0012724,0.0022464,0.0038671,0.0065158,0.0088491,0.010725,0.01289
700.0,3.2925E-5,9.3377E-5,2.1767E-4,4.5163E-4,8.5898E-4,0.0015368,0.0027111,0.0046881,0.0063876,0.0077585,0.0093376
800.0,2.1316E-5,6.1932E-5,1.4349E-4,3.0287E-4,5.8447E-4,0.0010668,0.0019184,0.0033673,0.0046075,0.0056115,0.0067694
1000.0,9.5501E-6,2.7815E-5,6.509E-5,1.4109E-4,2.8171E-4,5.3361E-4,9.9214E-4,0.0017937,0.0024684,0.0030151,0.0036488
1200.0,4.5233E-6,1.3249E-5,3.2086E-5,7.1392E-5,1.4665E-4,2.845E-4,5.4083E-4,9.9717E-4,0.001385,0.001703,0.0020737
1500.0,1.4959E-6,4.5299E-6,1.1449E-5,2.6713E-5,5.753E-5,1.163E-4,2.2814E-4,4.3268E-4,6.1469E-4,7.6438E-4,9.3976E-4
SA0P3
r\m,4.0,4.5,5.0,5.5,6.0,6.5,7.0,7.5,7.8,8.0,8.2
0.0,0.087188,0.17407,0.26665,0.35488,0.42953,0.4827,0.53779,0.59969,0.6295,0.64599,0.65802
1.0,0.06453,0.13592,0.21496,0.28961,0.35247,0.39927,0.45122,0.51606,0.54996,0.56943,0.58457
5.0,0.023,0.057163,0.10592,0.16397,0.2231,0.2746,0.32869,0.39589,0.43339,0.4562,0.47607
10.0,0.011272,0.029026,0.056786,0.094468,0.14,0.18796,0.24004,0.3042,0.34285,0.36784,0.39198
15.0,0.0070293,0.018434,0.037072,0.063941,0.09929,0.1405,0.18759,0.24159,0.27888,0.30367,0.32842
20.0,0.0048789,0.012999,0.026659,0.046909,0.074687,0.10854,0.14882,0.19712,0.23198,0.2558,0.27962
25.0,0.0036178,0.0097635,0.020331,0.036268,0.058692,0.086614,0.12127,0.16497,0.19712,0.21961,0.24289
30.0,0.0028318,0.0077141,0.016248,0.029257,0.047791,0.071406,0.10187,0.14095,0.17075,0.19182,0.21388
40.0,0.0019222,0.0053213,0.011394,0.020845,0.034493,0.052319,0.07631,0.10831,0.13338,0.15149,0.17096
50.0,0.0014197,0.003976,0.0086138,0.015935,0.026638,0.040881,0.060688,0.08798,0.10995,0.12617,0.1437
60.0,0.0011738,0.0033172,0.007244,0.013479,0.0227,0.035102,0.052568,0.076959,0.096866,0.1117,0.12782
70.0,0.0010219,0.0028996,0.006366,0.011915,0.020157,0.031321,0.047155,0.069663,0.088227,0.10222,0.11752
80.0,9.1237E-4,0.0026046,0.0057573,0.010818,0.01837,0.028648,0.043364,0.064359,0.081868,0.095108,0.10964
90.0,8.2721E-4,0.0023709,0.0052667,0.0099291,0.016915,0.026504,0.040208,0.059924,0.076484,0.089041,0.10286
100.0,7.5614E-4,0.0021749,0.0048531,0.0091765,0.015702,0.024673,0.03753,0.056107,0.071814,0.083778,0.09698
110.0,6.9601E-4,0.0020087,0.004501,0.0085278,0.014611,0.023044,0.03509,0.0524,0.067202,0.078481,0.090951
120.0,6.4338E-4,0.0018638,0.0041956,0.0079594,0.013684,0.021612,0.032849,0.049155,0.06314,0.073829,0.085665
130.0,5.9473E-4,0.0017287,0.0039079,0.0074228,0.012781,0.020186,0.030734,0.046111,0.059347,0.06947,0.08069
140.0,5.5096E-4,0.0016059,0.0036429,0.0069306,0.011933,0.018875,0.028809,0.043307,0.055838,0.065455,0.07613
150.0,5.102E-4,0.0014916,0.0033963,0.0064757,0.011166,0.017705,0.027071,0.040705,0.052599,0.061782,0.072007
175.0,4.2348E-4,0.0012476,0.0028666,0.005483,0.009497,0.015123,0.023194,0.035057,0.045554,0.053681,0.062762
200.0,3.5761E-4,0.0010599,0.0024552,0.0047122,0.0081808,0.013057,0.020135,0.030592,0.039927,0.047182,0.055324
250.0,2.5947E-4,7.7535E-4,0.0018136,0.0035162,0.0061712,0.0099652,0.015553,0.023974,0.031464,0.037355,0.044004
300.0,1.9595E-4,5.8934E-4,0.0013903,0.0027197,0.004821,0.007861,0.012438,0.019394,0.025564,0.030409,0.035934
350.0,1.5206E-4,4.5989E-4,0.001093,0.0021555,0.003851,0.0063349,0.010116,0.01593,0.02111,0.025224,0.029902
400.0,1.2024E-4,3.6586E-4,8.7522E-4,0.0017391,0.0031292,0.0051888,0.0083585,0.013278,0.017698,0.021209,0.025213
450.0,9.2767E-5,2.8144E-4,6.7215E-4,0.0013595,0.0024875,0.0041987,0.0068889,0.011138,0.014909,0.017918,0.021361
500.0,7.2971E-5,2.2097E-4,5.2706E-4,0.0010812,0.0020045,0.0034376,0.005736,0.0094171,0.012656,0.015247,0.01822
600.0,4.5264E-5,1.3807E-4,3.2787E-4,6.8831E-4,0.0013125,0.0023327,0.0040118,0.0067394,0.0091307,0.01105,0.01326
700.0,3.0201E-5,9.0537E-5,2.1963E-4,4.6857E-4,9.0762E-4,0.001637,0.0028851,0.0049711,0.0067594,0.0081996,0.0098569
800.0,2.0203E-5,6.167E-5,1.4876E-4,3.2235E-4,6.3372E-4,0.0011661,0.0020945,0.0036636,0.0050034,0.0060861,0.0073335
1000.0,9.4977E-6,2.8992E-5,7.0467E-5,1.5648E-4,3.1751E-4,6.0508E-4,0.0011227,0.0020215,0.0027764,0.0033871,0.0040943
1200.0,4.7186E-6,1.4447E-5,3.6151E-5,8.2169E-5,1.7088E-4,3.3256E-4,6.2949E-4,0.0011536,0.0015971,0.0019597,0.0023813
1500.0,1.6745E-6,5.25E-6,1.3615E-5,3.2211E-5,6.9788E-5,1.4073E-4,2.737E-4,5.14E-4,7.261E-4,8.9977E-4,0.0011025
SA0P4
r\m,4.0,4.5,5.0,5.5,6.0,6.5,7.0,7.5,7.8,8.0,8.2
0.0,0.052262,0.11352,0.18929,0.26861,0.33928,0.39095,0.44204,0.49733,0.52389,0.53846,0.55023
1.0,0.038563,0.088433,0.15234,0.21895,0.27825,0.32329,0.37078,0.42782,0.4575,0.47444,0.48847
5.0,0.013765,0.037177,0.07494,0.1237,0.17574,0.22193,0.2695,0.32743,0.35962,0.37918,0.3966
10.0,0.0068047,0.019021,0.040415,0.071569,0.11057,0.15214,0.19682,0.2512,0.28385,0.30499,0.32547
15.0,0.0042726,0.012161,0.026552,0.048714,0.078776,0.11407,0.15405,0.19956,0.23078,0.25154,0.27226
20.0,0.0029812,0.0086223,0.019195,0.035921,0.059534,0.088449,0.12253,0.16307,0.19211,0.21195,0.23178
25.0,0.0022212,0.006509,0.014716,0.027924,0.047036,0.070901,0.10019,0.13676,0.16349,0.18217,0.20147
30.0,0.0017453,0.0051636,0.011811,0.022625,0.038468,0.058681,0.084448,0.11713,0.14188,0.15934,0.17759
40.0,0.0011919,0.0035848,0.0083377,0.016231,0.027958,0.043277,0.063612,0.090441,0.11129,0.12632,0.14246
50.0,8.8504E-4,0.0026931,0.0063372,0.012476,0.021712,0.034002,0.050835,0.073768,0.092067,0.10554,0.12006
60.0,7.3409E-4,0.002254,0.0053456,0.010585,0.018557,0.029279,0.044166,0.064726,0.081355,0.093707,0.10709
70.0,6.4218E-4,0.0019796,0.0047193,0.0093995,0.01655,0.026236,0.039777,0.058811,0.074361,0.086043,0.098781
80.0,5.7531E-4,0.001784,0.0042816,0.0085598,0.015127,0.024063,0.036679,0.05448,0.069192,0.080277,0.092411
90.0,5.2343E-4,0.0016294,0.0039289,0.0078799,0.013969,0.022327,0.034106,0.050866,0.064818,0.075359,0.086929
100.0,4.8012E-4,0.0014996,0.0036316,0.0073045,0.013006,0.020845,0.031927,0.047758,0.061026,0.071096,0.082177
110.0,4.4349E-4,0.0013896,0.0033788,0.0068088,0.012139,0.019531,0.029947,0.044736,0.057275,0.066794,0.077288
120.0,4.1138E-4,0.0012936,0.0031591,0.006374,0.011406,0.018375,0.028118,0.04209,0.053969,0.063016,0.073006
130.0,3.815E-4,0.0012036,0.0029512,0.0059615,0.010684,0.017211,0.026385,0.0396,0.050878,0.059474,0.068972
140.0,3.5468E-4,0.0011219,0.0027603,0.0055842,0.010006,0.016146,0.024812,0.037313,0.048025,0.056217,0.065283
150.0,3.2962E-4,0.0010457,0.0025821,0.0052348,0.0093942,0.015197,0.023397,0.035189,0.045391,0.053236,0.061947
175.0,2.7585E-4,8.815E-4,0.0021962,0.0044653,0.008051,0.013082,0.0202,0.030539,0.039609,0.046606,0.0544
200.0,2.3482E-4,7.5467E-4,0.0018954,0.003866,0.0069863,0.011379,0.017667,0.026849,0.034973,0.041264,0.0483
250.0,1.7343E-4,5.616E-4,0.0014232,0.0029314,0.0053559,0.0088258,0.013864,0.021375,0.028004,0.033196,0.03904
300.0,1.3329E-4,4.3412E-4,0.0011088,0.0023032,0.0042499,0.0070729,0.011262,0.017565,0.023112,0.027451,0.032382
350.0,1.053E-4,3.4457E-4,8.8592E-4,0.0018544,0.0034495,0.0057926,0.0093078,0.014655,0.019386,0.023127,0.027367
400.0,8.4778E-5,2.7888E-4,7.2111E-4,0.0015203,0.0028485,0.0048228,0.0078152,0.01241,0.016511,0.019755,0.023443
450.0,6.6606E-5,2.1831E-4,5.6316E-4,0.0012082,0.0023021,0.0039683,0.0065497,0.010582,0.01414,0.016966,0.020191
500.0,5.3362E-5,1.7447E-4,4.4917E-4,9.7701E-4,0.0018867,0.0033049,0.0055471,0.009101,0.012209,0.014687,0.017522
600.0,3.4846E-5,1.1425E-4,2.9285E-4,6.5052E-4,0.0012901,0.0023373,0.0040403,0.006788,0.0091828,0.011102,0.013308
700.0,2.4152E-5,7.8175E-5,2.0308E-4,4.5801E-4,9.2307E-4,0.0017011,0.0030142,0.0051902,0.0070518,0.008549,0.010271
800.0,1.6921E-5,5.5327E-5,1.4307E-4,3.2705E-4,6.6967E-4,0.0012598,0.0022748,0.0039783,0.005431,0.0066037,0.0079549
1000.0,8.5378E-6,2.7865E-5,7.241E-5,1.6924E-4,3.5677E-4,6.938E-4,0.0012937,0.0023288,0.0031989,0.0039029,0.004718
1200.0,4.5675E-6,1.493E-5,3.9659E-5,9.4546E-5,2.0336E-4,4.0259E-4,7.6394E-4,0.0013965,0.0019311,0.0023671,0.0028736
1500.0,1.819E-6,6.0222E-6,1.6422E-5,4.0354E-5,8.965E-5,1.8257E-4,3.5399E-4,6.5975E-4,9.2722E-4,0.0011455,0.0013996
SA0P5
r\m,4.0,4.5,5.0,5.5,6.0,6.5,7.0,7.5,7.8,8.0,8.2
0.0,0.034474,0.078752,0.13994,0.21015,0.27698,0.32827,0.37783,0.42974,0.45462,0.4682,0.47973
1.0,0.025394,0.061272,0.11252,0.17119,0.22708,0.27142,0.31687,0.36959,0.3969,0.41243,0.4257
5.0,0.0090734,0.025756,0.055305,0.096602,0.14325,0.18613,0.23002,0.28247,0.31153,0.32914,0.34503
10.0,0.0045079,0.013236,0.02993,0.056027,0.090271,0.1277,0.16797,0.2165,0.24556,0.26436,0.28258
15.0,0.0028419,0.0084962,0.019736,0.038261,0.064479,0.095913,0.13159,0.17201,0.19958,0.2179,0.23617
20.0,0.0019891,0.0060431,0.014312,0.028297,0.04886,0.074529,0.10482,0.14068,0.16621,0.18362,0.20102
25.0,0.0014863,0.0045758,0.011007,0.022068,0.038723,0.059895,0.085875,0.11812,0.14156,0.15791,0.1748
30.0,0.0011706,0.0036389,0.0088565,0.017926,0.031751,0.049683,0.072517,0.10131,0.12297,0.13823,0.15417
40.0,8.0241E-4,0.0025363,0.0062772,0.012913,0.023169,0.036778,0.054797,0.078426,0.096682,0.10982,0.1239
50.0,5.9776E-4,0.0019118,0.0047868,0.0099579,0.018052,0.028987,0.043909,0.064114,0.080135,0.091909,0.10457
60.0,4.9682E-4,0.0016033,0.0040457,0.0084636,0.015455,0.025001,0.038213,0.056351,0.070926,0.08173,0.093414
70.0,4.3593E-4,0.0014123,0.0035817,0.0075361,0.013819,0.022456,0.034492,0.051307,0.064954,0.075186,0.086322
80.0,3.9138E-4,0.0012755,0.003256,0.0068755,0.012651,0.020628,0.031854,0.047598,0.060528,0.070251,0.080873
90.0,3.5686E-4,0.0011674,0.0029936,0.006341,0.011703,0.019172,0.029666,0.044508,0.056786,0.066043,0.076185
100.0,3.2804E-4,0.0010767,0.0027724,0.0058885,0.010915,0.017928,0.027814,0.041851,0.053542,0.062398,0.072124
110.0,3.0369E-4,9.9981E-4,0.0025845,0.005499,0.010206,0.016828,0.026136,0.039266,0.050332,0.058715,0.06794
120.0,2.8231E-4,9.3268E-4,0.002421,0.0051572,0.0096067,0.01586,0.02458,0.037004,0.047503,0.055482,0.064276
130.0,2.6233E-4,8.6946E-4,0.0022659,0.0048318,0.0090147,0.01488,0.023103,0.034872,0.044856,0.052449,0.060824
140.0,2.4443E-4,8.1221E-4,0.0021237,0.0045349,0.0084582,0.013984,0.021765,0.032917,0.042416,0.049665,0.057674
150.0,2.2767E-4,7.5867E-4,0.0019908,0.0042594,0.007956,0.013189,0.020564,0.031102,0.040163,0.047117,0.054824
175.0,1.9151E-4,6.4273E-4,0.0017014,0.0036496,0.0068487,0.011404,0.017831,0.027107,0.035195,0.041422,0.048346
200.0,1.6384E-4,5.5292E-4,0.0014752,0.0031738,0.0059687,0.0099618,0.01566,0.023932,0.031204,0.036823,0.043098
250.0,1.2233E-4,4.1587E-4,0.001119,0.0024299,0.0046194,0.0077985,0.012401,0.019223,0.025212,0.029894,0.035154
300.0,9.5046E-5,3.2486E-4,8.8049E-4,0.0019273,0.0036995,0.0063075,0.010164,0.015939,0.020996,0.024945,0.029422
350.0,7.5908E-5,2.6059E-4,7.1056E-4,0.0015667,0.0030315,0.0052152,0.0084801,0.013421,0.017772,0.021206,0.025092
400.0,6.1801E-5,2.1319E-4,5.8428E-4,0.0012971,0.0025279,0.0043848,0.0071884,0.011472,0.015279,0.018285,0.021697
450.0,4.9099E-5,1.6871E-4,4.6109E-4,0.0010413,0.0020637,0.0036446,0.0060855,0.00988,0.013215,0.015859,0.018872
500.0,3.9785E-5,1.3634E-4,3.7169E-4,8.5083E-4,0.001709,0.0030674,0.0052081,0.0085858,0.01153,0.013874,0.016552
600.0,2.6834E-5,9.1987E-5,2.4973E-4,5.8294E-4,0.0012014,0.0022271,0.0038923,0.0065742,0.0089054,0.010773,0.012919
700.0,1.9055E-5,6.4709E-5,1.7713E-4,4.1955E-4,8.79E-4,0.0016602,0.0029748,0.0051474,0.0070066,0.0085023,0.010224
800.0,1.3759E-5,4.6977E-5,1.2812E-4,3.0718E-4,6.5446E-4,0.0012626,0.0023056,0.0040539,0.0055469,0.0067527,0.0081437
1000.0,7.2803E-6,2.4812E-5,6.7916E-5,1.663E-4,3.6435E-4,7.2618E-4,0.0013697,0.0024799,0.0034169,0.0041766,0.0050576
1200.0,4.1022E-6,1.4013E-5,3.904E-5,9.7315E-5,2.1703E-4,4.3972E-4,8.4314E-4,0.0015487,0.002147,0.0026354,0.0032034
1500.0,1.7778E-6,6.1213E-6,1.7409E-5,4.4481E-5,1.0192E-4,2.1159E-4,4.1336E-4,7.719E-4,0.0010848,0.0013403,0.0016379
SA0P75
r\m,4.0,4.5,5.0,5.5,6.0,6.5,7.0,7.5,7.8,8.0,8.2
0.0,0.015633,0.037925,0.074363,0.12398,0.1791,0.22773,0.27564,0.32437,0.3481,0.36115,0.3728
1.0,0.011493,0.029464,0.059729,0.10092,0.14678,0.18826,0.23112,0.27889,0.3038,0.31802,0.33064
5.0,0.0041125,0.012388,0.029337,0.056886,0.09247,0.12894,0.16751,0.21277,0.238,0.25333,0.26736
10.0,0.0020565,0.0064035,0.015951,0.033103,0.058396,0.088569,0.12232,0.16288,0.18727,0.20309,0.21841
15.0,0.0013034,0.0041322,0.010571,0.022704,0.041854,0.066671,0.095932,0.12943,0.15214,0.16725,0.18231
20.0,9.1614E-4,0.0029519,0.0076982,0.016859,0.031829,0.051949,0.076551,0.10595,0.12675,0.14094,0.15514
25.0,6.8721E-4,0.0022444,0.0059457,0.013204,0.025328,0.041886,0.062868,0.089087,0.10805,0.12129,0.13495
30.0,5.4296E-4,0.001791,0.0048007,0.010763,0.020837,0.034844,0.053215,0.07653,0.093969,0.10627,0.11909
40.0,3.7414E-4,0.0012553,0.003422,0.0077969,0.015287,0.025919,0.040371,0.059434,0.074086,0.084631,0.095922
50.0,2.8002E-4,9.5086E-4,0.002622,0.0060405,0.011964,0.020512,0.03246,0.048723,0.061546,0.070967,0.081083
60.0,2.3346E-4,8.0003E-4,0.0022228,0.0051482,0.010268,0.01773,0.028307,0.042909,0.054575,0.063219,0.072555
70.0,2.0573E-4,7.0776E-4,0.001976,0.0046019,0.0092136,0.015975,0.025622,0.039165,0.050092,0.058282,0.067183
80.0,1.853E-4,6.4128E-4,0.0018019,0.0042101,0.0084551,0.014705,0.023707,0.036396,0.046758,0.054547,0.063045
90.0,1.695E-4,5.8882E-4,0.0016616,0.0038934,0.0078407,0.013696,0.022121,0.034093,0.043942,0.051364,0.059486
100.0,1.5631E-4,5.4482E-4,0.0015435,0.0036254,0.0073306,0.012836,0.020781,0.032115,0.041502,0.04861,0.056407
110.0,1.4518E-4,5.0757E-4,0.0014432,0.0033948,0.0068714,0.012077,0.01957,0.03019,0.039087,0.045824,0.053228
120.0,1.3538E-4,4.7498E-4,0.0013558,0.0031923,0.0064844,0.011409,0.018443,0.028505,0.036957,0.043379,0.050448
130.0,1.2618E-4,4.4411E-4,0.0012725,0.0029986,0.0060995,0.010727,0.01737,0.026915,0.034964,0.041085,0.047829
140.0,1.1795E-4,4.162E-4,0.0011964,0.0028223,0.0057375,0.010105,0.016401,0.025461,0.033132,0.038985,0.045445
150.0,1.1021E-4,3.9001E-4,0.001125,0.0026584,0.0054112,0.0095552,0.015534,0.024111,0.031441,0.037064,0.043289
175.0,9.3394E-5,3.3287E-4,9.6828E-4,0.0022926,0.0046867,0.0083098,0.013542,0.021121,0.027689,0.032743,0.038359
200.0,8.0475E-5,2.8841E-4,8.454E-4,0.0020066,0.0041087,0.0072994,0.011956,0.018741,0.024669,0.029248,0.034357
250.0,6.1013E-5,2.2029E-4,6.5072E-4,0.0015574,0.0032213,0.0057841,0.0095748,0.015218,0.020149,0.024003,0.02833
300.0,4.8119E-5,1.7468E-4,5.1941E-4,0.0012519,0.0026124,0.0047348,0.0079376,0.012758,0.016965,0.02025,0.02397
350.0,3.9013E-5,1.4224E-4,4.2518E-4,0.0010313,0.0021686,0.0039641,0.0067021,0.010866,0.014522,0.017408,0.020671
400.0,3.2247E-5,1.1813E-4,3.5466E-4,8.656E-4,0.0018324,0.0033762,0.0057513,0.0093991,0.012632,0.015186,0.018085
450.0,2.6011E-5,9.492E-5,2.8402E-4,7.047E-4,0.0015166,0.0028442,0.0049332,0.008198,0.011065,0.01334,0.015931
500.0,2.1403E-5,7.7902E-5,2.324E-4,5.8419E-4,0.0012739,0.0024279,0.0042805,0.0072216,0.0097866,0.011831,0.014167
600.0,1.5081E-5,5.4778E-5,1.6282E-4,4.165E-4,9.3047E-4,0.0018273,0.0033126,0.0057288,0.0078332,0.0095242,0.01147
700.0,1.1069E-5,4.006E-5,1.1926E-4,3.0928E-4,7.0257E-4,0.0014088,0.0026186,0.004636,0.0063749,0.0077794,0.0094015
800.0,8.3329E-6,3.0153E-5,8.9585E-5,2.3478E-4,5.4311E-4,0.0011134,0.0021092,0.0037976,0.0052529,0.0064338,0.0078025
1000.0,4.7148E-6,1.707E-5,5.0873E-5,1.3601E-4,3.2314E-4,6.8413E-4,0.0013397,0.0024865,0.0034696,0.0042726,0.0052096
1200.0,2.8645E-6,1.0436E-5,3.1507E-5,8.5579E-5,2.0648E-4,4.439E-4,8.8308E-4,0.0016619,0.0023332,0.0028848,0.0035305
1500.0,1.4103E-6,5.1691E-6,1.5838E-5,4.3822E-5,1.0796E-4,2.3689E-4,4.7903E-4,9.141E-4,0.0012966,0.0016117,0.0019812
SA1P0
r\m,4.0,4.5,5.0,5.5,6.0,6.5,7.0,7.5,7.8,8.0,8.2
0.0,0.0087118,0.021659,0.044831,0.079991,0.12373,0.16708,0.21229,0.25914,0.2828,0.29611,0.30827
1.0,0.0063993,0.016817,0.035995,0.065096,0.10139,0.13812,0.17799,0.22278,0.24678,0.2607,0.27334
5.0,0.0022919,0.0070736,0.017679,0.036683,0.063853,0.094559,0.12892,0.16983,0.19316,0.2075,0.22079
10.0,0.0011498,0.0036674,0.0096369,0.021387,0.040375,0.065,0.094153,0.12994,0.15187,0.1662,0.18015
15.0,7.3075E-4,0.0023731,0.0064031,0.014703,0.028991,0.048989,0.073888,0.10326,0.12335,0.13681,0.15028
20.0,5.1476E-4,0.0016992,0.0046738,0.010941,0.022088,0.038227,0.059016,0.084575,0.10278,0.1153,0.12786
25.0,3.8692E-4,0.0012949,0.0036181,0.0085884,0.017614,0.030874,0.048525,0.071162,0.087656,0.099251,0.11124
30.0,3.0624E-4,0.0010352,0.0029271,0.0070141,0.014517,0.025722,0.041124,0.06118,0.076276,0.08699,0.098184
40.0,2.1164E-4,7.2796E-4,0.0020933,0.0050975,0.010682,0.019183,0.03126,0.047585,0.060211,0.069352,0.079159
50.0,1.5882E-4,5.5299E-4,0.0016085,0.0039601,0.0083814,0.015215,0.025178,0.039061,0.050071,0.058204,0.066957
60.0,1.3267E-4,4.6625E-4,0.0013664,0.0033814,0.0072047,0.013169,0.021983,0.034433,0.044438,0.051889,0.059956
70.0,1.172E-4,4.1355E-4,0.0012178,0.0030297,0.0064786,0.011886,0.019926,0.031466,0.040829,0.047882,0.055564
80.0,1.0577E-4,3.7548E-4,0.0011127,0.0027769,0.0059544,0.010955,0.018456,0.029266,0.038141,0.044845,0.052177
90.0,9.6943E-5,3.4548E-4,0.0010282,0.0025726,0.0055303,0.010217,0.017239,0.027437,0.03587,0.042258,0.049263
100.0,8.9572E-5,3.2031E-4,9.5691E-4,0.0023997,0.0051785,0.009587,0.016212,0.025867,0.033904,0.04002,0.046745
110.0,8.3348E-5,2.9901E-4,8.9645E-4,0.0022511,0.0048617,0.0090328,0.015285,0.024339,0.031958,0.037755,0.044143
120.0,7.7872E-5,2.8036E-4,8.4379E-4,0.0021204,0.0045951,0.0085444,0.014421,0.023002,0.030242,0.035769,0.041868
130.0,7.2706E-5,2.6263E-4,7.9339E-4,0.0019951,0.0043288,0.0080435,0.013596,0.021738,0.028635,0.033905,0.039726
140.0,6.8088E-5,2.466E-4,7.4734E-4,0.0018811,0.0040781,0.0075879,0.012853,0.020585,0.02716,0.032201,0.037778
150.0,6.3737E-5,2.3154E-4,7.041E-4,0.001775,0.0038523,0.0071851,0.012188,0.019514,0.025799,0.030643,0.036017
175.0,5.4245E-5,1.9851E-4,6.0873E-4,0.001537,0.0033488,0.006269,0.010654,0.017135,0.02277,0.027128,0.031981
200.0,4.6933E-5,1.7274E-4,5.3376E-4,0.0013506,0.0029462,0.0055237,0.0094316,0.01524,0.020331,0.024282,0.028701
250.0,3.5886E-5,1.3313E-4,4.1445E-4,0.0010568,0.0023271,0.0044059,0.0075966,0.012438,0.016687,0.020023,0.023778
300.0,2.8533E-5,1.0647E-4,3.336E-4,8.5613E-4,0.0019006,0.0036298,0.0063335,0.010482,0.01412,0.016975,0.020214
350.0,2.3318E-5,8.7418E-5,2.7531E-4,7.1072E-4,0.0015891,0.003059,0.0053795,0.0089747,0.012149,0.014666,0.017519
400.0,1.9427E-5,7.3203E-5,2.315E-4,6.0107E-4,0.0013524,0.0026229,0.0046445,0.0078073,0.010625,0.012863,0.015408
450.0,1.5792E-5,5.9303E-5,1.8689E-4,4.9313E-4,0.0011276,0.002225,0.0040099,0.006851,0.0093632,0.011365,0.013652
500.0,1.3096E-5,4.9072E-5,1.5417E-4,4.1202E-4,9.5435E-4,0.0019132,0.0035033,0.0060747,0.0083348,0.010145,0.01222
600.0,9.4291E-6,3.5246E-5,1.1041E-4,2.9996E-4,7.1108E-4,0.0014667,0.0027589,0.0049035,0.0067881,0.0083117,0.010072
700.0,7.0351E-6,2.6295E-5,8.2252E-5,2.2648E-4,5.4595E-4,0.0011507,0.0022188,0.0040347,0.0056191,0.006907,0.0084016
800.0,5.4062E-6,2.0164E-5,6.3029E-5,1.7525E-4,4.3051E-4,9.2807E-4,0.0018235,0.0033732,0.0047272,0.0058337,0.0071234
1000.0,3.162E-6,1.1833E-5,3.7129E-5,1.0531E-4,2.6559E-4,5.9123E-4,0.0012013,0.0022925,0.0032444,0.0040292,0.004951
1200.0,1.9952E-6,7.5422E-6,2.3944E-5,6.8975E-5,1.7654E-4,3.9902E-4,8.2371E-4,0.0015941,0.0022708,0.002832,0.0034938
1500.0,1.049E-6,3.9979E-6,1.2867E-5,3.7697E-5,9.8321E-5,2.2663E-4,4.7552E-4,9.3282E-4,0.001341,0.0016811,0.0020833
SA1P5
r\m,4.0,4.5,5.0,5.5,6.0,6.5,7.0,7.5,7.8,8.0,8.2
0.0,0.0036827,0.0093585,0.020561,0.039868,0.067659,0.099976,0.13763,0.17951,0.2024,0.21595,0.22871
1.0,0.0027035,0.0072636,0.016505,0.032442,0.055441,0.08265,0.11539,0.15432,0.1766,0.1901,0.20275
5.0,9.6948E-4,0.0030579,0.0081111,0.018288,0.034921,0.056587,0.083561,0.11758,0.13814,0.1512,0.16362
10.0,4.8806E-4,0.0015907,0.0044342,0.010687,0.022119,0.038943,0.061052,0.089945,0.10855,0.12103,0.13337
15.0,3.1109E-4,0.0010325,0.0029552,0.007367,0.015918,0.029397,0.047955,0.0715,0.088161,0.099602,0.1112
20.0,2.1968E-4,7.413E-4,0.0021629,0.0054964,0.012156,0.02298,0.038348,0.058597,0.073486,0.083948,0.094608
25.0,1.6551E-4,5.6636E-4,0.0016789,0.0043259,0.0097175,0.018596,0.031577,0.049345,0.062704,0.07229,0.082324
30.0,1.3127E-4,4.5384E-4,0.0013615,0.0035412,0.0080263,0.015521,0.026798,0.042462,0.054598,0.063388,0.072681
40.0,9.1049E-5,3.2042E-4,9.7774E-4,0.0025842,0.0059283,0.011612,0.02042,0.033085,0.043158,0.050594,0.058654
50.0,6.8553E-5,2.4431E-4,7.5414E-4,0.0020148,0.0046669,0.0092368,0.016484,0.027201,0.035933,0.042501,0.049647
60.0,5.7417E-5,2.0659E-4,6.4255E-4,0.0017252,0.0040216,0.0080107,0.014415,0.024008,0.031922,0.037922,0.044487
70.0,5.0879E-5,1.8386E-4,5.7458E-4,0.0015508,0.0036266,0.0072477,0.013091,0.021971,0.029364,0.035028,0.041265
80.0,4.6034E-5,1.6741E-4,5.2654E-4,0.0014252,0.003341,0.0066928,0.012143,0.020457,0.027455,0.032833,0.038776
90.0,4.23E-5,1.5446E-4,4.8789E-4,0.0013238,0.0031102,0.0062536,0.011359,0.0192,0.025844,0.030963,0.036635
100.0,3.9181E-5,1.436E-4,4.5533E-4,0.0012381,0.002919,0.005879,0.010698,0.01812,0.024449,0.029346,0.034785
110.0,3.6548E-5,1.3442E-4,4.2772E-4,0.0011644,0.0027466,0.0055499,0.010102,0.017069,0.023067,0.027708,0.032873
120.0,3.423E-5,1.2637E-4,4.0365E-4,0.0010995,0.0026019,0.0052597,0.0095449,0.01615,0.021849,0.026272,0.031202
130.0,3.2032E-5,1.1867E-4,3.8052E-4,0.001037,0.0024564,0.0049602,0.0090121,0.01528,0.020708,0.024925,0.029628
140.0,3.0067E-5,1.1172E-4,3.5937E-4,9.8018E-4,0.0023192,0.004688,0.0085321,0.014486,0.019662,0.023694,0.028199
150.0,2.8211E-5,1.0516E-4,3.3946E-4,9.2714E-4,0.0021956,0.0044476,0.0081037,0.013749,0.018696,0.022568,0.026908
175.0,2.414E-5,9.0699E-5,2.9527E-4,8.0744E-4,0.0019185,0.0038977,0.0071091,0.012107,0.01654,0.020023,0.023939
200.0,2.0993E-5,7.9372E-5,2.6041E-4,7.134E-4,0.0016961,0.0034487,0.0063147,0.010797,0.014803,0.01796,0.021525
250.0,1.6215E-5,6.1862E-5,2.0451E-4,5.6429E-4,0.0013529,0.0027741,0.0051214,0.0088619,0.012211,0.01488,0.017912
300.0,1.3015E-5,4.9991E-5,1.6637E-4,4.6177E-4,0.0011152,0.0023039,0.0042986,0.0075101,0.010386,0.012675,0.015296
350.0,1.0732E-5,4.1455E-5,1.3868E-4,3.8704E-4,9.4072E-4,0.001957,0.003676,0.0064669,0.0089828,0.011005,0.013319
400.0,9.0188E-6,3.5046E-5,1.1775E-4,3.3041E-4,8.076E-4,0.0016913,0.0031954,0.0056589,0.0078989,0.0097026,0.011774
450.0,7.3925E-6,2.8654E-5,9.5961E-5,2.7357E-4,6.7924E-4,0.0014462,0.0027785,0.0049969,0.0070018,0.008622,0.01049
500.0,6.1801E-6,2.3925E-5,7.9894E-5,2.3066E-4,5.7989E-4,0.0012536,0.0024453,0.0044604,0.0062727,0.0077446,0.0094476
600.0,4.5458E-6,1.7567E-5,5.8564E-5,1.7176E-4,4.4146E-4,9.801E-4,0.0019609,0.0036637,0.005197,0.0064548,0.007922
700.0,3.446E-6,1.3374E-5,4.4431E-5,1.3206E-4,3.4513E-4,7.8335E-4,0.0016054,0.0030659,0.0043757,0.0054566,0.0067245
800.0,2.7002E-6,1.0448E-5,3.4752E-5,1.0427E-4,2.7791E-4,6.4529E-4,0.001347,0.002617,0.0037592,0.0047075,0.0058256
1000.0,1.6282E-6,6.3503E-6,2.1249E-5,6.5094E-5,1.7813E-4,4.271E-4,9.2224E-4,0.0018494,0.002686,0.0033881,0.0042236
1200.0,1.0631E-6,4.2134E-6,1.4269E-5,4.4429E-5,1.2341E-4,3.0061E-4,6.5975E-4,0.0013425,0.0019639,0.002489,0.0031171
1500.0,5.932E-7,2.3837E-6,8.1964E-6,2.5975E-5,7.3507E-5,1.8274E-4,4.0821E-4,8.4289E-4,0.001244,0.0015855,0.0019962
SA2P0
r\m,4.0,4.5,5.0,5.5,6.0,6.5,7.0,7.5,7.8,8.0,8.2
0.0,0.0019335,0.0049792,0.01134,0.023174,0.041845,0.065952,0.09655,0.13298,0.15424,0.16736,0.18004
1.0,0.0014191,0.0038644,0.0091034,0.018859,0.034292,0.05453,0.080956,0.11431,0.13457,0.14733,0.15959
5.0,5.0936E-4,0.0016282,0.0044768,0.010637,0.021611,0.037348,0.058634,0.0871,0.10525,0.11716,0.12875
10.0,2.5693E-4,8.4865E-4,0.0024519,0.0062261,0.013706,0.025728,0.042864,0.066639,0.082704,0.093766,0.10491
15.0,1.6405E-4,5.5188E-4,0.0016371,0.0042995,0.0098783,0.019443,0.033694,0.052995,0.067182,0.077171,0.087467
20.0,1.1603E-4,3.9691E-4,0.0012003,0.0032131,0.007555,0.015218,0.026968,0.043455,0.056018,0.065056,0.074422
25.0,8.7547E-5,3.0374E-4,9.3332E-4,0.0025333,0.0060492,0.012331,0.022228,0.036616,0.047819,0.056039,0.064772
30.0,6.9527E-5,2.4376E-4,7.5805E-4,0.002077,0.0050037,0.010305,0.018882,0.031529,0.041657,0.049155,0.057198
40.0,4.8341E-5,1.7257E-4,5.4596E-4,0.00152,0.0037055,0.0077268,0.014414,0.024598,0.032961,0.039266,0.04619
50.0,3.648E-5,1.3191E-4,4.2222E-4,0.0011882,0.0029241,0.006159,0.011654,0.020247,0.027468,0.033008,0.039117
60.0,3.0613E-5,1.1179E-4,3.6056E-4,0.0010196,0.0025247,0.0053504,0.010205,0.017888,0.024421,0.029471,0.035071
70.0,2.7184E-5,9.9721E-5,3.232E-4,9.1866E-4,0.0022817,0.0048496,0.0092812,0.016388,0.022483,0.027242,0.032549
80.0,2.4641E-5,9.0991E-5,2.9682E-4,8.4604E-4,0.0021059,0.0044854,0.0086195,0.015272,0.021037,0.02555,0.030601
90.0,2.2683E-5,8.4126E-5,2.7562E-4,7.8747E-4,0.0019641,0.0041976,0.0080732,0.014346,0.019816,0.024109,0.028926
100.0,2.1048E-5,7.8368E-5,2.5775E-4,7.3793E-4,0.0018466,0.0039521,0.0076127,0.013552,0.018759,0.022863,0.027478
110.0,1.9668E-5,7.3497E-5,2.4261E-4,6.9534E-4,0.0017407,0.0037365,0.0071973,0.012777,0.017712,0.0216,0.02598
120.0,1.8451E-5,6.9227E-5,2.2941E-4,6.5785E-4,0.0016518,0.0035465,0.0068081,0.012099,0.016788,0.020492,0.024672
130.0,1.7294E-5,6.5131E-5,2.1667E-4,6.2163E-4,0.0015621,0.0033492,0.0064353,0.011457,0.015922,0.019453,0.023439
140.0,1.626E-5,6.1427E-5,2.0502E-4,5.8864E-4,0.0014773,0.00317,0.0060996,0.010871,0.015128,0.018504,0.022321
150.0,1.528E-5,5.7925E-5,1.9402E-4,5.5779E-4,0.0014009,0.0030118,0.0058001,0.010327,0.014395,0.017635,0.021309
175.0,1.3124E-5,5.0168E-5,1.6951E-4,4.8786E-4,0.0012289,0.0026483,0.0051019,0.0091122,0.012757,0.015669,0.018982
200.0,1.1453E-5,4.4077E-5,1.5012E-4,4.3279E-4,0.0010905,0.0023507,0.0045434,0.0081421,0.011435,0.014074,0.017087
250.0,8.9051E-6,3.4615E-5,1.1884E-4,3.4499E-4,8.7605E-4,0.0019025,0.0037032,0.0067083,0.0094635,0.011694,0.014256
300.0,7.1907E-6,2.8167E-5,9.7376E-5,2.8432E-4,7.2682E-4,0.001589,0.0031227,0.0057058,0.0080735,0.0099889,0.012204
350.0,5.9626E-6,2.3506E-5,8.1717E-5,2.3988E-4,6.169E-4,0.0013571,0.0026825,0.0049308,0.0070047,0.0086968,0.010654
400.0,5.0366E-6,1.999E-5,6.9817E-5,2.0604E-4,5.3268E-4,0.0011789,0.0023419,0.00433,0.0061787,0.0076897,0.0094427
450.0,4.1481E-6,1.6435E-5,5.7234E-5,1.7161E-4,4.5053E-4,0.0010132,0.0020452,0.0038373,0.0054949,0.0068542,0.0084374
500.0,3.4834E-6,1.3795E-5,4.792E-5,1.4551E-4,3.8671E-4,8.8265E-4,0.0018078,0.0034382,0.0049398,0.0061772,0.0076231
600.0,2.5902E-6,1.025E-5,3.5583E-5,1.0975E-4,2.9804E-4,6.978E-4,0.0014643,0.0028503,0.004129,0.0051933,0.0064473
700.0,1.9789E-6,7.8858E-6,2.7267E-5,8.5248E-5,2.354E-4,5.6349E-4,0.0012105,0.0024065,0.003507,0.0044286,0.0055209
800.0,1.5646E-6,6.2175E-6,2.1554E-5,6.8039E-5,1.9169E-4,4.6943E-4,0.0010268,0.0020763,0.0030454,0.0038618,0.0048351
1000.0,9.5561E-7,3.8414E-6,1.3425E-5,4.3312E-5,1.2534E-4,3.1701E-4,7.1729E-4,0.0014975,0.0022219,0.0028396,0.0035833
1200.0,6.3238E-7,2.5939E-6,9.1858E-6,3.0163E-5,8.867E-5,2.2798E-4,5.2458E-4,0.0011119,0.0016628,0.002136,0.0027092
1500.0,3.6079E-7,1.508E-6,5.4366E-6,1.8204E-5,5.4591E-5,1.4348E-4,3.3663E-4,7.2524E-4,0.0010948,0.0014154,0.0018064
SA3P0
r\m,4.0,4.5,5.0,5.5,6.0,6.5,7.0,7.5,7.8,8.0,8.2
0.0,7.3665E-4,0.0019411,0.0046446,0.010182,0.020001,0.03451,0.055268,0.082727,0.10037,0.11194,0.12356
1.0,5.4066E-4,0.0015066,0.0037291,0.0082881,0.016395,0.02854,0.046351,0.071125,0.087577,0.098549,0.10952
5.0,1.9434E-4,6.3565E-4,0.0018363,0.0046806,0.010344,0.019566,0.033593,0.054214,0.06851,0.078379,0.088355
10.0,9.827E-5,3.3217E-4,0.0010082,0.0027459,0.0065732,0.0135,0.024586,0.041505,0.053853,0.062743,0.071997
15.0,6.289E-5,2.1654E-4,6.7489E-4,0.0019008,0.0047477,0.01022,0.019351,0.033034,0.04377,0.051658,0.060036
20.0,4.4573E-5,1.5609E-4,4.96E-4,0.0014238,0.0036389,0.0080139,0.01551,0.027114,0.036522,0.043571,0.0511
25.0,3.3698E-5,1.1972E-4,3.8657E-4,0.0011252,0.0029201,0.0065059,0.012803,0.02287,0.0312,0.037554,0.044494
30.0,2.6811E-5,9.6282E-5,3.1467E-4,9.2457E-4,0.0024204,0.0054465,0.010891,0.019713,0.027201,0.032962,0.03931
40.0,1.8706E-5,6.8429E-5,2.2757E-4,6.794E-4,0.0017994,0.0040978,0.0083367,0.015411,0.021558,0.026366,0.031779
50.0,1.4163E-5,5.25E-5,1.7667E-4,5.3313E-4,0.001425,0.0032768,0.0067577,0.012709,0.017992,0.022191,0.026939
60.0,1.192E-5,4.4641E-5,1.514E-4,4.5908E-4,0.0012344,0.0028545,0.0059309,0.011248,0.016018,0.019837,0.024175
70.0,1.0617E-5,3.9957E-5,1.362E-4,4.1509E-4,0.0011192,0.0025947,0.0054066,0.010322,0.014767,0.018358,0.022459
80.0,9.651E-6,3.6574E-5,1.255E-4,3.8353E-4,0.0010361,0.0024061,0.0050318,0.0096347,0.013835,0.017236,0.021134
90.0,8.9087E-6,3.3919E-5,1.1691E-4,3.5811E-4,9.6915E-4,0.0022574,0.0047226,0.0090646,0.013049,0.016281,0.019993
100.0,8.2884E-6,3.1692E-5,1.0967E-4,3.3662E-4,9.1382E-4,0.0021307,0.0044622,0.0085754,0.012368,0.015455,0.019009
110.0,7.7649E-6,2.9809E-5,1.0355E-4,3.1815E-4,8.638E-4,0.0020195,0.0042272,0.0080971,0.011691,0.014616,0.017988
120.0,7.3029E-6,2.8157E-5,9.8201E-5,3.0188E-4,8.2197E-4,0.0019213,0.0040063,0.0076786,0.011094,0.01388,0.017096
130.0,6.8615E-6,2.6563E-5,9.3016E-5,2.8607E-4,7.7936E-4,0.0018186,0.0037941,0.0072814,0.010534,0.013189,0.016255
140.0,6.4666E-6,2.5121E-5,8.8268E-5,2.7165E-4,7.39E-4,0.0017252,0.0036029,0.006919,0.01002,0.012558,0.015492
150.0,6.0911E-6,2.3751E-5,8.3767E-5,2.5813E-4,7.0258E-4,0.0016429,0.0034323,0.0065819,0.0095457,0.01198,0.014802
175.0,5.2602E-6,2.0699E-5,7.3669E-5,2.2724E-4,6.2008E-4,0.0014523,0.0030323,0.0058267,0.0084815,0.010668,0.01321
200.0,4.614E-6,1.8293E-5,6.565E-5,2.0284E-4,5.5341E-4,0.0012956,0.0027113,0.0052224,0.0076215,0.0096024,0.011912
250.0,3.6219E-6,1.4523E-5,5.2574E-5,1.6356E-4,4.4939E-4,0.0010585,0.0022269,0.004328,0.0063382,0.0080122,0.009974
300.0,2.9493E-6,1.1933E-5,4.3528E-5,1.3619E-4,3.7645E-4,8.9162E-4,0.001891,0.0037011,0.0054315,0.0068708,0.0085675
350.0,2.464E-6,1.0046E-5,3.6872E-5,1.1598E-4,3.2236E-4,7.675E-4,0.001635,0.0032145,0.0047324,0.0060042,0.0075033
400.0,2.0954E-6,8.6118E-6,3.1773E-5,1.0048E-4,2.8063E-4,6.7159E-4,0.0014361,0.0028365,0.0041914,0.0053283,0.0066721
450.0,1.7362E-6,7.1316E-6,2.6251E-5,8.4357E-5,2.3916E-4,5.8114E-4,0.0012615,0.0025255,0.0037428,0.0047669,0.0059817
500.0,1.466E-6,6.0258E-6,2.2139E-5,7.2056E-5,2.0675E-4,5.0957E-4,0.0011213,0.0022734,0.0033785,0.0043125,0.0054237
600.0,1.1029E-6,4.5381E-6,1.669E-5,5.5188E-5,1.6172E-4,4.083E-4,9.1909E-4,0.0019045,0.0028516,0.0036595,0.0046285
700.0,8.493E-7,3.5308E-6,1.2936E-5,4.3383E-5,1.2928E-4,3.3366E-4,7.6816E-4,0.0016238,0.0024449,0.0031495,0.0039996
800.0,6.7695E-7,2.8096E-6,1.034E-5,3.503E-5,1.0657E-4,2.8136E-4,6.5918E-4,0.0014167,0.0021466,0.0027768,0.0035417
1000.0,4.1732E-7,1.7607E-6,6.5532E-6,2.2737E-5,7.1116E-5,1.94E-4,4.7022E-4,0.0010434,0.0016002,0.0020872,0.0026847
1200.0,2.7814E-7,1.2043E-6,4.5542E-6,1.612E-5,5.1301E-5,1.4246E-4,3.5151E-4,7.9279E-4,0.0012265,0.0016091,0.002082
1500.0,1.6004E-7,7.1154E-7,2.7535E-6,9.9809E-6,3.2507E-5,9.259E-5,2.3375E-4,5.3766E-4,8.4106E-4,0.0011122,0.0014506
SA4P0
r\m,4.0,4.5,5.0,5.5,6.0,6.5,7.0,7.5,7.8,8.0,8.2
0.0,3.5549E-4,9.5737E-4,0.0023782,0.0054827,0.01143,0.021035,0.035962,0.057283,0.071932,0.081967,0.092317
1.0,2.6094E-4,7.4323E-4,0.0019099,0.0044638,0.0093719,0.017401,0.030166,0.049257,0.062773,0.072167,0.081836
5.0,9.3895E-5,3.1393E-4,9.4152E-4,0.0025237,0.0059187,0.01194,0.021879,0.037564,0.049126,0.057414,0.066033
10.0,4.7561E-5,1.6435E-4,5.1788E-4,0.001483,0.003767,0.0082493,0.016029,0.028778,0.038636,0.045979,0.053822
15.0,3.0486E-5,1.0732E-4,3.4728E-4,0.0010284,0.0027252,0.0062538,0.01263,0.022923,0.031421,0.037874,0.044896
20.0,2.1639E-5,7.749E-5,2.5566E-4,7.7166E-4,0.0020921,0.0049104,0.010134,0.01883,0.026234,0.031962,0.038229
25.0,1.6383E-5,5.9529E-5,1.996E-4,6.1085E-4,0.0016815,0.003992,0.0083748,0.015897,0.022427,0.027564,0.033302
30.0,1.3053E-5,4.7947E-5,1.6274E-4,5.0274E-4,0.0013959,0.0033466,0.0071326,0.013714,0.019566,0.024207,0.029436
40.0,9.1308E-6,3.4176E-5,1.1805E-4,3.7056E-4,0.0010408,0.0025244,0.0054713,0.010739,0.015527,0.019385,0.023819
50.0,6.9304E-6,2.6294E-5,9.1917E-5,2.9163E-4,8.2653E-4,0.0020236,0.0044441,0.00887,0.012975,0.016333,0.02021
60.0,5.8465E-6,2.2416E-5,7.8983E-5,2.5181E-4,7.1776E-4,0.0017668,0.0039078,0.0078616,0.011566,0.014615,0.018152
70.0,5.2198E-6,2.0116E-5,7.1246E-5,2.2829E-4,6.5245E-4,0.0016096,0.0035691,0.0072253,0.010676,0.013539,0.016877
80.0,4.7551E-6,1.8458E-5,6.5817E-5,2.1147E-4,6.0545E-4,0.0014958,0.0033275,0.0067533,0.010013,0.012724,0.015894
90.0,4.3987E-6,1.7159E-5,6.1465E-5,1.9795E-4,5.6766E-4,0.0014063,0.0031285,0.0063621,0.0094539,0.01203,0.015048
100.0,4.1009E-6,1.6069E-5,5.7801E-5,1.8652E-4,5.3647E-4,0.0013301,0.0029609,0.0060265,0.0089699,0.01143,0.014318
110.0,3.8496E-6,1.5148E-5,5.4702E-5,1.767E-4,5.0823E-4,0.0012631,0.0028096,0.0056976,0.0084878,0.010819,0.013559
120.0,3.6276E-6,1.434E-5,5.1998E-5,1.6805E-4,4.8467E-4,0.001204,0.002667,0.0054097,0.0080624,0.010283,0.012895
130.0,3.4148E-6,1.3557E-5,4.9362E-5,1.596E-4,4.6051E-4,0.0011418,0.0025296,0.005136,0.0076628,0.0097794,0.01227
140.0,3.2242E-6,1.2848E-5,4.6945E-5,1.5189E-4,4.3755E-4,0.0010851,0.0024058,0.0048861,0.0072963,0.0093191,0.011702
150.0,3.0425E-6,1.2172E-5,4.4647E-5,1.4464E-4,4.1682E-4,0.0010352,0.0022953,0.0046534,0.0069573,0.0088975,0.011188
175.0,2.6386E-6,1.0659E-5,3.9464E-5,1.2797E-4,3.6964E-4,9.1901E-4,0.002035,0.0041306,0.0061953,0.0079381,0.010001
200.0,2.3236E-6,9.4615E-6,3.5336E-5,1.1477E-4,3.3137E-4,8.2307E-4,0.0018256,0.0037116,0.0055786,0.0071578,0.0090317
250.0,1.8372E-6,7.5739E-6,2.8546E-5,9.3356E-5,2.7131E-4,6.7739E-4,0.0015085,0.0030904,0.0046572,0.0059921,0.0075831
300.0,1.5054E-6,6.2683E-6,2.3817E-5,7.8339E-5,2.2895E-4,5.7433E-4,0.0012879,0.0026538,0.0040047,0.0051537,0.0065301
350.0,1.2647E-6,5.311E-6,2.0314E-5,6.718E-5,1.9735E-4,4.9729E-4,0.001119,0.0023136,0.0035002,0.0045159,0.0057322
400.0,1.0807E-6,4.5785E-6,1.7613E-5,5.8566E-5,1.7282E-4,4.3747E-4,9.8729E-4,0.0020486,0.003109,0.0040177,0.0051083
450.0,8.9919E-7,3.8108E-6,1.4633E-5,4.9444E-5,1.4808E-4,3.804E-4,8.708E-4,0.00183,0.0027839,0.0036032,0.0045895
500.0,7.6199E-7,3.2343E-6,1.2402E-5,4.245E-5,1.2865E-4,3.3505E-4,7.7701E-4,0.0016524,0.0025196,0.0032674,0.0041703
600.0,5.7726E-7,2.4562E-6,9.4376E-6,3.2829E-5,1.0158E-4,2.7076E-4,6.4161E-4,0.001393,0.0021386,0.0027874,0.0035765
700.0,4.4644E-7,1.9232E-6,7.3652E-6,2.5996E-5,8.1801E-5,2.2285E-4,5.3972E-4,0.0011943,0.0018432,0.0024109,0.0031055
800.0,3.5713E-7,1.5375E-6,5.9223E-6,2.1127E-5,6.7889E-5,1.8919E-4,4.6608E-4,0.0010481,0.0016276,0.0021375,0.0027653
1000.0,2.206E-7,9.6878E-7,3.7829E-6,1.3842E-5,4.5768E-5,1.3183E-4,3.3601E-4,7.8024E-4,0.0012265,0.0016246,0.0021203
1200.0,1.4681E-7,6.6422E-7,2.6413E-6,9.8784E-6,3.3282E-5,9.7692E-5,2.5373E-4,5.994E-4,9.513E-4,0.0012681,0.0016658
1500.0,8.3854E-8,3.9181E-7,1.6012E-6,6.1552E-6,2.1289E-5,6.4291E-5,1.7136E-4,4.1411E-4,6.6568E-4,8.9566E-4,0.0011878
SA5P0
r\m,4.0,4.5,5.0,5.5,6.0,6.5,7.0,7.5,7.8,8.0,8.2
0.0,1.9518E-4,5.3688E-4,0.001377,0.0033074,0.0072316,0.014012,0.025241,0.042282,0.054615,0.063346,0.072551
1.0,1.4329E-4,4.1687E-4,0.0011061,0.0026934,0.0059308,0.011593,0.021177,0.036363,0.047666,0.055777,0.064318
5.0,5.1609E-5,1.7625E-4,5.4581E-4,0.0015243,0.003749,0.0079617,0.015369,0.027745,0.037319,0.044391,0.051912
10.0,2.6177E-5,9.2402E-5,3.0066E-4,8.9697E-4,0.0023892,0.0055068,0.01127,0.021271,0.029366,0.035565,0.042327
15.0,1.68E-5,6.0425E-5,2.0191E-4,6.2287E-4,0.0017307,0.0041795,0.008889,0.016955,0.023895,0.02931,0.03532
20.0,1.1939E-5,4.3687E-5,1.4885E-4,4.6802E-4,0.0013303,0.0032855,0.0071394,0.013938,0.019963,0.024747,0.030088
25.0,9.0502E-6,3.3605E-5,1.1636E-4,3.71E-4,0.0010707,0.0026741,0.0059056,0.011775,0.017076,0.021353,0.026222
30.0,7.2189E-6,2.7101E-5,9.4999E-5,3.0574E-4,8.8994E-4,0.0022443,0.0050344,0.010166,0.014907,0.018762,0.023187
40.0,5.0609E-6,1.9364E-5,6.9088E-5,2.2593E-4,6.6512E-4,0.0016966,0.0038689,0.007972,0.011844,0.01504,0.01878
50.0,3.8494E-6,1.4933E-5,5.3925E-5,1.7824E-4,5.2944E-4,0.0013629,0.0031481,0.0065939,0.0099088,0.012685,0.015947
60.0,3.2538E-6,1.2758E-5,4.6443E-5,1.5425E-4,4.6076E-4,0.0011922,0.0027728,0.0058519,0.0088421,0.011361,0.014334
70.0,2.9107E-6,1.1474E-5,4.1989E-5,1.4016E-4,4.1973E-4,0.0010883,0.0025366,0.0053852,0.0081701,0.010535,0.013338
80.0,2.6565E-6,1.055E-5,3.8873E-5,1.3012E-4,3.9029E-4,0.0010132,0.0023685,0.0050395,0.0076707,0.009909,0.01257
90.0,2.4619E-6,9.827E-6,3.6379E-5,1.2205E-4,3.6666E-4,9.5424E-4,0.0022302,0.0047532,0.0072495,0.0093765,0.01191
100.0,2.2993E-6,9.221E-6,3.4281E-5,1.1524E-4,3.4718E-4,9.0405E-4,0.0021138,0.0045076,0.0068848,0.0089162,0.01134
110.0,2.1621E-6,8.7092E-6,3.2507E-5,1.0939E-4,3.2952E-4,8.5999E-4,0.0020087,0.0042663,0.0065208,0.0084463,0.010745
120.0,2.0408E-6,8.2597E-6,3.096E-5,1.0423E-4,3.1482E-4,8.2111E-4,0.0019093,0.0040551,0.0061996,0.0080341,0.010226
130.0,1.9241E-6,7.8226E-6,2.9446E-5,9.9179E-5,2.9966E-4,7.7991E-4,0.0018134,0.003854,0.0058974,0.007646,0.0097365
140.0,1.8196E-6,7.4261E-6,2.8055E-5,9.4559E-5,2.8521E-4,7.4236E-4,0.0017269,0.0036702,0.0056201,0.0072915,0.0092915
150.0,1.7197E-6,7.0474E-6,2.673E-5,9.0204E-5,2.7216E-4,7.0927E-4,0.0016497,0.003499,0.0053634,0.0069666,0.0088891
175.0,1.4968E-6,6.1963E-6,2.3727E-5,8.0151E-5,2.4232E-4,6.3195E-4,0.001467,0.0031132,0.0047853,0.0062258,0.0079568
200.0,1.3225E-6,5.521E-6,2.133E-5,7.2169E-5,2.1806E-4,5.6788E-4,0.0013198,0.0028036,0.0043168,0.0056225,0.0071952
250.0,1.052E-6,4.45E-6,1.7356E-5,5.913E-5,1.7977E-4,4.7026E-4,0.0010962,0.0023437,0.0036157,0.0047203,0.0060557
300.0,8.6662E-7,3.7051E-6,1.4574E-5,4.9938E-5,1.5263E-4,4.0089E-4,9.402E-4,0.0020197,0.0031182,0.0040701,0.0052258
350.0,7.3136E-7,3.1559E-6,1.2501E-5,4.3069E-5,1.3227E-4,3.488E-4,8.2024E-4,0.0017664,0.0027325,0.0035743,0.0045959
400.0,6.2745E-7,2.7333E-6,1.0893E-5,3.7737E-5,1.164E-4,3.0818E-4,7.263E-4,0.0015685,0.0024328,0.0031865,0.0041028
450.0,5.2386E-7,2.2842E-6,9.0902E-6,3.2003E-5,1.0017E-4,2.6902E-4,6.4271E-4,0.0014047,0.002183,0.002863,0.0036921
500.0,4.4523E-7,1.9456E-6,7.7344E-6,2.7587E-5,8.7359E-5,2.3778E-4,5.7519E-4,0.0012714,0.0019798,0.0026009,0.0033601
600.0,3.3901E-7,1.4867E-6,5.9275E-6,2.149E-5,6.9462E-5,1.9339E-4,4.7757E-4,0.0010767,0.0016871,0.0022268,0.0028912
700.0,2.6298E-7,1.1693E-6,4.649E-6,1.7108E-5,5.6239E-5,1.5998E-4,4.0355E-4,9.2663E-4,0.0014591,0.0019323,0.0025181
800.0,2.108E-7,9.3764E-7,3.7528E-6,1.3964E-5,4.6887E-5,1.3642E-4,3.4992E-4,8.1626E-4,0.001293,0.0017191,0.00225
1000.0,1.3016E-7,5.9212E-7,2.4071E-6,9.1975E-6,3.1799E-5,9.5654E-5,2.5386E-4,6.1145E-4,9.8065E-4,0.0013153,0.0017369
1200.0,8.6264E-8,4.0547E-7,1.6818E-6,6.579E-6,2.3205E-5,7.1202E-5,1.927E-4,4.7261E-4,7.6573E-4,0.001034,0.0013752
1500.0,4.8663E-8,2.3732E-7,1.0153E-6,4.0954E-6,1.4869E-5,4.7067E-5,1.3108E-4,3.2977E-4,5.4207E-4,7.398E-4,9.9468E-4
SA7P5
r\m,4.0,4.5,5.0,5.5,6.0,6.5,7.0,7.5,7.8,8.0,8.2
0.0,5.9896E-5,1.7305E-4,4.7454E-4,0.0012367,0.002966,0.0063439,0.012636,0.023328,0.031834,0.038226,0.04525
1.0,4.3988E-5,1.3443E-4,3.8136E-4,0.0010076,0.0024337,0.0052513,0.010605,0.020068,0.027791,0.033666,0.040123
5.0,1.5874E-5,5.6953E-5,1.8858E-4,5.714E-4,0.0015414,0.0036129,0.0077087,0.015331,0.021779,0.026817,0.032407
10.0,8.0727E-6,2.9941E-5,1.0417E-4,3.3719E-4,9.8486E-4,0.0025047,0.0056639,0.011771,0.01716,0.021509,0.026447
15.0,5.1942E-6,1.9633E-5,7.0154E-5,2.348E-4,7.153E-4,0.0019055,0.0044759,0.0093975,0.013981,0.017746,0.02209
20.0,3.7003E-6,1.4232E-5,5.186E-5,1.7691E-4,5.5126E-4,0.0015014,0.0036021,0.0077376,0.011696,0.015,0.018836
25.0,2.8115E-6,1.0976E-5,4.0652E-5,1.4061E-4,4.448E-4,0.0012248,0.0029855,0.0065472,0.010018,0.012958,0.016431
30.0,2.2478E-6,8.8739E-6,3.3275E-5,1.1618E-4,3.7064E-4,0.0010303,0.00255,0.0056612,0.0087562,0.011398,0.014544
40.0,1.5829E-6,6.3714E-6,2.4322E-5,8.629E-5,2.7835E-4,7.8229E-4,0.0019671,0.0044528,0.0069751,0.0091578,0.011802
50.0,1.2091E-6,4.9363E-6,1.9077E-5,6.8407E-5,2.226E-4,6.3106E-4,0.0016064,0.0036938,0.0058497,0.0077402,0.01004
60.0,1.0262E-6,4.2364E-6,1.6507E-5,5.9476E-5,1.9458E-4,5.5426E-4,0.0014198,0.0032873,0.0052322,0.0069468,0.0090404
70.0,9.2175E-7,3.8268E-6,1.4992E-5,5.4291E-5,1.7803E-4,5.0792E-4,0.0013032,0.0030333,0.0048456,0.0064542,0.0084268
80.0,8.4452E-7,3.5335E-6,1.3941E-5,5.0621E-5,1.6623E-4,4.7466E-4,0.0012208,0.0028459,0.0045594,0.0060825,0.0079547
90.0,7.8559E-7,3.3049E-6,1.3102E-5,4.7685E-5,1.568E-4,4.4869E-4,0.0011531,0.002691,0.0043181,0.0057662,0.0075486
100.0,7.3636E-7,3.1135E-6,1.2398E-5,4.521E-5,1.4905E-4,4.2661E-4,0.0010963,0.0025582,0.0041093,0.0054929,0.0071981
110.0,6.9489E-7,2.9521E-6,1.1804E-5,4.3087E-5,1.4202E-4,4.0722E-4,0.0010448,0.002427,0.0038997,0.0052124,0.0068311
120.0,6.5815E-7,2.8103E-6,1.1286E-5,4.1217E-5,1.3619E-4,3.9013E-4,9.9602E-4,0.0023121,0.0037147,0.0049663,0.0065104
130.0,6.226E-7,2.6713E-6,1.0775E-5,3.9368E-5,1.301E-4,3.7176E-4,9.4862E-4,0.0022023,0.0035403,0.0047341,0.0062071
140.0,5.9069E-7,2.5449E-6,1.0305E-5,3.7674E-5,1.2426E-4,3.5499E-4,9.0582E-4,0.0021019,0.0033799,0.0045217,0.0059314
150.0,5.6E-7,2.4235E-6,9.8534E-6,3.6068E-5,1.1898E-4,3.4023E-4,8.6764E-4,0.002008,0.0032312,0.0043269,0.0056819
175.0,4.9107E-7,2.1484E-6,8.8223E-6,3.2325E-5,1.0681E-4,3.0538E-4,7.764E-4,0.0017955,0.0028949,0.0038807,0.0051015
200.0,4.3693E-7,1.929E-6,7.995E-6,2.9341E-5,9.6847E-5,2.7631E-4,7.0258E-4,0.0016244,0.0026215,0.0035163,0.0046262
250.0,3.5195E-7,1.5767E-6,6.6017E-6,2.4394E-5,8.0961E-5,2.3169E-4,5.8978E-4,0.0013693,0.0022111,0.0029698,0.0039134
300.0,2.931E-7,1.3288E-6,5.6153E-6,2.0869E-5,6.9582E-5,1.997E-4,5.1054E-4,0.0011887,0.0019183,0.002574,0.0033918
350.0,2.4969E-7,1.144E-6,4.8713E-6,1.8204E-5,6.0958E-5,1.7545E-4,4.4905E-4,0.0010462,0.0016898,0.0022707,0.0029943
400.0,2.1596E-7,1.0E-6,4.2871E-6,1.6111E-5,5.4156E-5,1.5635E-4,4.0048E-4,9.3419E-4,0.0015114,0.0020323,0.002682
450.0,1.8156E-7,8.4253E-7,3.6088E-6,1.3784E-5,4.6998E-5,1.3752E-4,3.5665E-4,8.4078E-4,0.0013618,0.0018325,0.0024207
500.0,1.5521E-7,7.2264E-7,3.094E-6,1.1974E-5,4.1295E-5,1.2237E-4,3.2099E-4,7.6433E-4,0.0012395,0.0016699,0.002209
600.0,1.193E-7,5.5859E-7,2.402E-6,9.4521E-6,3.3257E-5,1.0067E-4,2.6912E-4,6.5234E-4,0.0010633,0.0014382,0.0019107
700.0,9.3043E-8,4.4283E-7,1.9007E-6,7.5964E-6,2.7179E-5,8.4012E-5,2.2913E-4,5.6487E-4,9.2451E-4,0.0012541,0.0016716
800.0,7.4786E-8,3.5671E-7,1.5439E-6,6.243E-6,2.2822E-5,7.2133E-5,1.999E-4,5.0026E-4,8.2332E-4,0.001121,0.0015004
1000.0,4.5999E-8,2.2544E-7,9.9431E-7,4.138E-6,1.5593E-5,5.0973E-5,1.4616E-4,3.7765E-4,6.294E-4,8.6468E-4,0.0011681
1200.0,3.0077E-8,1.5312E-7,6.9163E-7,2.9556E-6,1.1388E-5,3.8046E-5,1.1143E-4,2.9368E-4,4.951E-4,6.8548E-4,9.3357E-4
1500.0,1.6356E-8,8.7159E-8,4.0905E-7,1.814E-6,7.2361E-6,2.5078E-5,7.6013E-5,2.0673E-4,3.5491E-4,4.9798E-4,6.877E-4
SA10P0
r\m,4.0,4.5,5.0,5.5,6.0,6.5,7.0,7.5,7.8,8.0,8.2
0.0,2.434E-5,7.3398E-5,2.1248E-4,5.9004E-4,0.0015181,0.0034969,0.0075078,0.014906,0.021199,0.026132,0.031718
1.0,1.7881E-5,5.7039E-5,1.7083E-4,4.8094E-4,0.0012461,0.0028958,0.0063033,0.012827,0.018511,0.02302,0.028128
5.0,6.4629E-6,2.4206E-5,8.4616E-5,2.7319E-4,7.9052E-4,0.0019952,0.0045875,0.0098089,0.01452,0.018351,0.022734
10.0,3.2932E-6,1.2752E-5,4.6845E-5,1.6156E-4,5.0612E-4,0.0013857,0.003376,0.0075411,0.011452,0.014733,0.018569
15.0,2.1231E-6,8.3794E-6,3.1615E-5,1.1274E-4,3.6834E-4,0.0010562,0.0026722,0.0060283,0.0093415,0.012167,0.015522
20.0,1.5153E-6,6.0867E-6,2.342E-5,8.5121E-5,2.8443E-4,8.3371E-4,0.0021539,0.0049699,0.0078231,0.010294,0.013247
25.0,1.1535E-6,4.7036E-6,1.8397E-5,6.7797E-5,2.2996E-4,6.8138E-4,0.001788,0.0042106,0.0067078,0.0089012,0.011566
30.0,9.2391E-7,3.8103E-6,1.5089E-5,5.6132E-5,1.9199E-4,5.7416E-4,0.0015296,0.0036455,0.0058695,0.0078375,0.010245
40.0,6.5291E-7,2.7462E-6,1.1073E-5,4.1854E-5,1.4473E-4,4.3747E-4,0.0011834,0.0028744,0.0046855,0.0063087,0.0083275
50.0,5.0046E-7,2.1355E-6,8.7182E-6,3.3307E-5,1.1616E-4,3.5407E-4,9.6924E-4,0.0023901,0.0039374,0.0053417,0.0070952
60.0,4.2616E-7,1.8393E-6,7.5714E-6,2.9064E-5,1.019E-4,3.1198E-4,8.59E-4,0.0021319,0.0035286,0.0048024,0.0063986
70.0,3.84E-7,1.6672E-6,6.9013E-6,2.6625E-5,9.3546E-5,2.8678E-4,7.9061E-4,0.0019715,0.0032741,0.0044694,0.0059729
80.0,3.5291E-7,1.5446E-6,6.4397E-6,2.4911E-5,8.7636E-5,2.6881E-4,7.4255E-4,0.0018537,0.0030863,0.0042187,0.0056462
90.0,3.2928E-7,1.4493E-6,6.0727E-6,2.3545E-5,8.2927E-5,2.5484E-4,7.0315E-4,0.0017563,0.0029281,0.0040055,0.0053651
100.0,3.0955E-7,1.3697E-6,5.765E-6,2.2395E-5,7.9076E-5,2.4299E-4,6.7013E-4,0.001673,0.0027912,0.0038214,0.0051226
110.0,2.9294E-7,1.3027E-6,5.5064E-6,2.1412E-5,7.557E-5,2.3258E-4,6.402E-4,0.0015902,0.0026532,0.0036315,0.0048675
120.0,2.7822E-7,1.2438E-6,5.2812E-6,2.0545E-5,7.268E-5,2.2341E-4,6.1171E-4,0.0015178,0.0025314,0.0034649,0.0046446
130.0,2.639E-7,1.1857E-6,5.0573E-6,1.9683E-5,6.9628E-5,2.1345E-4,5.839E-4,0.0014484,0.0024162,0.0033074,0.0044334
140.0,2.5103E-7,1.1329E-6,4.8507E-6,1.8891E-5,6.6691E-5,2.0434E-4,5.5878E-4,0.0013847,0.0023102,0.0031631,0.0042413
150.0,2.3859E-7,1.0818E-6,4.6515E-6,1.8137E-5,6.4031E-5,1.9632E-4,5.3636E-4,0.0013252,0.0022118,0.0030307,0.0040673
175.0,2.1048E-7,9.6529E-7,4.1931E-6,1.6365E-5,5.785E-5,1.7725E-4,4.8237E-4,0.0011897,0.0019884,0.0027263,0.0036613
200.0,1.8833E-7,8.7204E-7,3.8242E-6,1.4949E-5,5.2772E-5,1.6125E-4,4.3855E-4,0.0010804,0.0018063,0.0024771,0.003328
250.0,1.5325E-7,7.2069E-7,3.1944E-6,1.2572E-5,4.4601E-5,1.3656E-4,3.7127E-4,9.169E-4,0.0015321,0.0021024,0.002827
300.0,1.2874E-7,6.1332E-7,2.7448E-6,1.0864E-5,3.8701E-5,1.1872E-4,3.2375E-4,8.0056E-4,0.0013357,0.0018299,0.0024589
350.0,1.1052E-7,5.3249E-7,2.4024E-6,9.5613E-6,3.4191E-5,1.051E-4,2.8659E-4,7.0816E-4,0.0011815,0.00162,0.0021773
400.0,9.6213E-8,4.6893E-7,2.1308E-6,8.5279E-6,3.0601E-5,9.4279E-5,2.5702E-4,6.351E-4,0.0010605,0.0014544,0.0019552
450.0,8.1339E-8,3.9759E-7,1.8059E-6,7.346E-6,2.6729E-5,8.3406E-5,2.3001E-4,5.7375E-4,9.5852E-4,0.0013148,0.0017686
500.0,6.9861E-8,3.4288E-7,1.5574E-6,6.4195E-6,2.3618E-5,7.4593E-5,2.0788E-4,5.2328E-4,8.7476E-4,0.001201,0.001617
600.0,5.4089E-8,2.6735E-7,1.2207E-6,5.117E-6,1.9199E-5,6.1878E-5,1.755E-4,4.4901E-4,7.5371E-4,0.0010382,0.0014032
700.0,4.2354E-8,2.1315E-7,9.721E-7,4.1401E-6,1.5793E-5,5.1946E-5,1.5016E-4,3.903E-4,6.5743E-4,9.0787E-4,0.0012306
800.0,3.4098E-8,1.722E-7,7.9272E-7,3.4175E-6,1.332E-5,4.4786E-5,1.3147E-4,3.4664E-4,5.8693E-4,8.1339E-4,0.0011069
1000.0,2.0876E-8,1.0868E-7,5.11E-7,2.2704E-6,9.1283E-6,3.1749E-5,9.6417E-5,2.6243E-4,4.5001E-4,6.2932E-4,8.6461E-4
1200.0,1.3468E-8,7.3098E-8,3.5295E-7,1.6137E-6,6.6452E-6,2.3652E-5,7.3463E-5,2.0423E-4,3.5459E-4,5.0011E-4,6.9326E-4
1500.0,7.0656E-9,4.0402E-8,2.0381E-7,9.7177E-7,4.1614E-6,1.5433E-5,4.9833E-5,1.4366E-4,2.548E-4,3.6504E-4,5.1434E-4
