 log pga(g)
  1.00   -0.71 -0.62 -0.53 -0.44 -0.36 -0.29 -0.21 -0.14 -0.07  0.00  0.06  0.12  0.19  0.25  0.31  0.37  0.43  0.49  0.54  0.60
  1.10   -0.84 -0.75 -0.66 -0.57 -0.49 -0.41 -0.33 -0.26 -0.19 -0.12 -0.05  0.01  0.07  0.14  0.20  0.26  0.32  0.38  0.43  0.49
  1.20   -0.98 -0.88 -0.79 -0.70 -0.62 -0.53 -0.46 -0.38 -0.31 -0.24 -0.17 -0.10 -0.04  0.02  0.08  0.14  0.20  0.26  0.32  0.38
  1.30   -1.12 -1.02 -0.93 -0.84 -0.75 -0.66 -0.58 -0.51 -0.43 -0.36 -0.29 -0.22 -0.16 -0.10 -0.03  0.03  0.09  0.15  0.21  0.27
  1.40   -1.27 -1.17 -1.07 -0.98 -0.89 -0.80 -0.72 -0.64 -0.56 -0.49 -0.42 -0.35 -0.28 -0.22 -0.15 -0.09 -0.03  0.03  0.09  0.15
  1.50   -1.43 -1.32 -1.22 -1.13 -1.03 -0.94 -0.86 -0.78 -0.70 -0.62 -0.55 -0.48 -0.41 -0.34 -0.28 -0.22 -0.15 -0.09 -0.03  0.03
  1.60   -1.59 -1.48 -1.38 -1.28 -1.19 -1.09 -1.01 -0.92 -0.84 -0.76 -0.69 -0.61 -0.54 -0.48 -0.41 -0.35 -0.28 -0.22 -0.16 -0.10
  1.70   -1.76 -1.65 -1.54 -1.44 -1.35 -1.25 -1.16 -1.07 -0.99 -0.91 -0.83 -0.76 -0.69 -0.62 -0.55 -0.48 -0.42 -0.35 -0.29 -0.23
  1.80   -1.93 -1.82 -1.72 -1.61 -1.51 -1.42 -1.33 -1.24 -1.15 -1.07 -0.99 -0.91 -0.83 -0.76 -0.69 -0.63 -0.56 -0.50 -0.43 -0.37
  1.90   -2.07 -1.95 -1.84 -1.74 -1.64 -1.54 -1.44 -1.35 -1.26 -1.18 -1.10 -1.02 -0.94 -0.86 -0.79 -0.72 -0.65 -0.59 -0.53 -0.46
  2.00   -2.17 -2.05 -1.94 -1.83 -1.73 -1.63 -1.53 -1.43 -1.34 -1.25 -1.17 -1.09 -1.01 -0.93 -0.86 -0.78 -0.71 -0.65 -0.58 -0.52
  2.10   -2.28 -2.16 -2.04 -1.93 -1.83 -1.72 -1.62 -1.53 -1.43 -1.34 -1.25 -1.17 -1.09 -1.01 -0.93 -0.86 -0.78 -0.71 -0.65 -0.58
  2.20   -2.44 -2.32 -2.20 -2.09 -1.98 -1.87 -1.77 -1.67 -1.58 -1.48 -1.39 -1.30 -1.22 -1.14 -1.06 -0.98 -0.91 -0.83 -0.77 -0.70
  2.30   -2.63 -2.50 -2.38 -2.26 -2.15 -2.04 -1.94 -1.84 -1.74 -1.64 -1.55 -1.46 -1.37 -1.29 -1.20 -1.12 -1.05 -0.97 -0.90 -0.83
  2.40   -2.83 -2.70 -2.57 -2.45 -2.34 -2.23 -2.12 -2.01 -1.91 -1.81 -1.72 -1.62 -1.53 -1.45 -1.36 -1.28 -1.20 -1.12 -1.05 -0.98
  2.50   -3.05 -2.92 -2.78 -2.66 -2.54 -2.42 -2.31 -2.20 -2.10 -2.00 -1.90 -1.80 -1.71 -1.62 -1.53 -1.45 -1.36 -1.28 -1.21 -1.13
  2.60   -3.29 -3.15 -3.01 -2.88 -2.75 -2.63 -2.52 -2.41 -2.30 -2.19 -2.09 -1.99 -1.90 -1.80 -1.71 -1.62 -1.54 -1.46 -1.38 -1.30
  2.70   -3.55 -3.40 -3.25 -3.11 -2.98 -2.86 -2.74 -2.62 -2.51 -2.40 -2.30 -2.19 -2.09 -2.00 -1.90 -1.81 -1.72 -1.64 -1.56 -1.48
  2.80   -3.84 -3.67 -3.52 -3.37 -3.23 -3.10 -2.97 -2.85 -2.73 -2.62 -2.51 -2.41 -2.30 -2.20 -2.10 -2.01 -1.92 -1.83 -1.74 -1.66
  2.90   -4.15 -3.97 -3.80 -3.65 -3.50 -3.36 -3.22 -3.09 -2.97 -2.85 -2.74 -2.63 -2.52 -2.42 -2.31 -2.22 -2.12 -2.03 -1.94 -1.85
  3.00   -4.48 -4.29 -4.11 -3.94 -3.78 -3.63 -3.49 -3.35 -3.22 -3.10 -2.98 -2.86 -2.75 -2.64 -2.53 -2.43 -2.33 -2.23 -2.14 -2.05
