 log pga(g)
  1.00   -0.87 -0.78 -0.69 -0.61 -0.53 -0.45 -0.38 -0.31 -0.24 -0.17 -0.11 -0.05  0.02  0.08  0.14  0.20  0.26  0.31  0.37  0.43
  1.10   -1.01 -0.91 -0.82 -0.74 -0.66 -0.58 -0.50 -0.43 -0.36 -0.29 -0.23 -0.16 -0.10 -0.04  0.03  0.09  0.14  0.20  0.26  0.32
  1.20   -1.15 -1.05 -0.96 -0.87 -0.79 -0.71 -0.63 -0.55 -0.48 -0.41 -0.34 -0.28 -0.21 -0.15 -0.09 -0.03  0.03  0.09  0.15  0.20
  1.30   -1.29 -1.19 -1.10 -1.01 -0.92 -0.84 -0.76 -0.68 -0.61 -0.54 -0.47 -0.40 -0.34 -0.27 -0.21 -0.15 -0.09 -0.03  0.03  0.09
  1.40   -1.44 -1.34 -1.25 -1.16 -1.07 -0.98 -0.90 -0.82 -0.74 -0.67 -0.60 -0.53 -0.46 -0.40 -0.33 -0.27 -0.21 -0.15 -0.09 -0.03
  1.50   -1.60 -1.50 -1.40 -1.31 -1.22 -1.13 -1.04 -0.96 -0.88 -0.81 -0.73 -0.66 -0.59 -0.53 -0.46 -0.40 -0.34 -0.28 -0.22 -0.16
  1.60   -1.77 -1.67 -1.56 -1.47 -1.37 -1.28 -1.19 -1.11 -1.03 -0.95 -0.87 -0.80 -0.73 -0.66 -0.60 -0.53 -0.47 -0.41 -0.35 -0.29
  1.70   -1.94 -1.84 -1.73 -1.63 -1.54 -1.44 -1.35 -1.27 -1.18 -1.10 -1.02 -0.95 -0.88 -0.81 -0.74 -0.67 -0.61 -0.54 -0.48 -0.42
  1.80   -2.13 -2.02 -1.91 -1.81 -1.71 -1.62 -1.52 -1.43 -1.35 -1.26 -1.18 -1.10 -1.03 -0.96 -0.89 -0.82 -0.75 -0.69 -0.63 -0.56
  1.90   -2.27 -2.16 -2.05 -1.94 -1.84 -1.74 -1.65 -1.55 -1.46 -1.38 -1.29 -1.21 -1.14 -1.06 -0.99 -0.92 -0.85 -0.79 -0.72 -0.66
  2.00   -2.37 -2.26 -2.15 -2.04 -1.94 -1.83 -1.74 -1.64 -1.55 -1.46 -1.37 -1.29 -1.21 -1.13 -1.06 -0.98 -0.91 -0.85 -0.78 -0.72
  2.10   -2.49 -2.37 -2.26 -2.15 -2.04 -1.94 -1.83 -1.74 -1.64 -1.55 -1.46 -1.37 -1.29 -1.21 -1.13 -1.06 -0.99 -0.92 -0.85 -0.78
  2.20   -2.66 -2.54 -2.42 -2.31 -2.20 -2.09 -1.99 -1.89 -1.79 -1.69 -1.60 -1.51 -1.42 -1.34 -1.26 -1.18 -1.11 -1.04 -0.97 -0.90
  2.30   -2.86 -2.73 -2.61 -2.49 -2.37 -2.26 -2.16 -2.05 -1.95 -1.85 -1.76 -1.66 -1.57 -1.49 -1.40 -1.32 -1.25 -1.17 -1.10 -1.03
  2.40   -3.06 -2.93 -2.80 -2.68 -2.56 -2.45 -2.33 -2.23 -2.12 -2.02 -1.92 -1.83 -1.73 -1.64 -1.56 -1.47 -1.39 -1.32 -1.24 -1.17
  2.50   -3.29 -3.15 -3.01 -2.88 -2.76 -2.64 -2.52 -2.41 -2.30 -2.20 -2.10 -2.00 -1.90 -1.81 -1.72 -1.63 -1.55 -1.47 -1.39 -1.32
  2.60   -3.53 -3.38 -3.24 -3.10 -2.97 -2.84 -2.72 -2.61 -2.49 -2.39 -2.28 -2.18 -2.08 -1.98 -1.89 -1.80 -1.71 -1.63 -1.55 -1.47
  2.70   -3.79 -3.63 -3.48 -3.33 -3.19 -3.06 -2.94 -2.81 -2.70 -2.58 -2.47 -2.37 -2.26 -2.16 -2.07 -1.97 -1.88 -1.79 -1.71 -1.63
  2.80   -4.06 -3.89 -3.73 -3.58 -3.43 -3.29 -3.16 -3.03 -2.91 -2.79 -2.67 -2.56 -2.45 -2.35 -2.25 -2.15 -2.06 -1.97 -1.88 -1.79
  2.90   -4.37 -4.18 -4.01 -3.84 -3.69 -3.54 -3.40 -3.26 -3.13 -3.00 -2.88 -2.77 -2.65 -2.55 -2.44 -2.34 -2.24 -2.15 -2.05 -1.97
  3.00   -4.69 -4.49 -4.31 -4.13 -3.96 -3.80 -3.65 -3.50 -3.36 -3.23 -3.10 -2.98 -2.86 -2.75 -2.64 -2.53 -2.43 -2.33 -2.24 -2.14
