 log psa(g), T, damp =  0.30  0.05
  1.00   -1.21 -1.04 -0.90 -0.77 -0.65 -0.54 -0.45 -0.35 -0.27 -0.18 -0.10 -0.03  0.04  0.12  0.18  0.25  0.31  0.38  0.44  0.50
  1.10   -1.31 -1.15 -1.00 -0.87 -0.76 -0.65 -0.55 -0.46 -0.37 -0.29 -0.21 -0.13 -0.06  0.01  0.08  0.14  0.21  0.27  0.34  0.40
  1.20   -1.42 -1.26 -1.11 -0.98 -0.87 -0.76 -0.66 -0.57 -0.48 -0.40 -0.32 -0.24 -0.17 -0.10 -0.03  0.04  0.10  0.17  0.23  0.29
  1.30   -1.53 -1.37 -1.23 -1.10 -0.98 -0.87 -0.78 -0.68 -0.59 -0.51 -0.43 -0.35 -0.28 -0.21 -0.14 -0.07  0.00  0.06  0.13  0.19
  1.40   -1.65 -1.49 -1.34 -1.21 -1.10 -0.99 -0.89 -0.80 -0.71 -0.62 -0.54 -0.46 -0.39 -0.32 -0.25 -0.18 -0.11 -0.05  0.02  0.08
  1.50   -1.77 -1.61 -1.46 -1.33 -1.22 -1.11 -1.01 -0.92 -0.83 -0.74 -0.66 -0.58 -0.50 -0.43 -0.36 -0.29 -0.22 -0.16 -0.09 -0.03
  1.60   -1.90 -1.73 -1.59 -1.46 -1.34 -1.23 -1.13 -1.04 -0.95 -0.86 -0.78 -0.70 -0.62 -0.55 -0.47 -0.40 -0.34 -0.27 -0.20 -0.14
  1.70   -2.03 -1.86 -1.72 -1.59 -1.47 -1.36 -1.26 -1.17 -1.07 -0.99 -0.90 -0.82 -0.74 -0.67 -0.59 -0.52 -0.45 -0.39 -0.32 -0.26
  1.80   -2.16 -2.00 -1.86 -1.73 -1.61 -1.50 -1.39 -1.30 -1.20 -1.12 -1.03 -0.95 -0.87 -0.79 -0.72 -0.64 -0.57 -0.51 -0.44 -0.38
  1.90   -2.25 -2.09 -1.94 -1.81 -1.69 -1.58 -1.48 -1.38 -1.29 -1.20 -1.11 -1.03 -0.94 -0.87 -0.79 -0.72 -0.65 -0.58 -0.51 -0.44
  2.00   -2.31 -2.14 -1.99 -1.86 -1.74 -1.63 -1.53 -1.43 -1.33 -1.24 -1.15 -1.07 -0.98 -0.90 -0.83 -0.75 -0.68 -0.61 -0.54 -0.47
  2.10   -2.37 -2.20 -2.05 -1.92 -1.80 -1.69 -1.58 -1.48 -1.39 -1.29 -1.20 -1.12 -1.03 -0.95 -0.87 -0.79 -0.72 -0.65 -0.58 -0.51
  2.20   -2.48 -2.31 -2.17 -2.03 -1.91 -1.80 -1.69 -1.59 -1.49 -1.40 -1.31 -1.22 -1.13 -1.05 -0.97 -0.89 -0.81 -0.74 -0.67 -0.60
  2.30   -2.61 -2.45 -2.30 -2.16 -2.04 -1.93 -1.82 -1.72 -1.62 -1.52 -1.43 -1.34 -1.25 -1.17 -1.08 -1.00 -0.92 -0.85 -0.77 -0.70
  2.40   -2.76 -2.59 -2.44 -2.31 -2.19 -2.07 -1.96 -1.86 -1.76 -1.66 -1.57 -1.48 -1.39 -1.30 -1.21 -1.13 -1.05 -0.97 -0.90 -0.82
  2.50   -2.92 -2.76 -2.61 -2.47 -2.35 -2.23 -2.12 -2.02 -1.92 -1.82 -1.72 -1.63 -1.54 -1.45 -1.36 -1.27 -1.19 -1.11 -1.03 -0.96
  2.60   -3.11 -2.94 -2.79 -2.66 -2.53 -2.41 -2.30 -2.20 -2.10 -2.00 -1.90 -1.80 -1.71 -1.62 -1.53 -1.44 -1.35 -1.27 -1.19 -1.12
  2.70   -3.32 -3.15 -3.00 -2.86 -2.74 -2.62 -2.51 -2.40 -2.30 -2.20 -2.10 -2.00 -1.90 -1.81 -1.72 -1.63 -1.54 -1.46 -1.37 -1.29
  2.80   -3.56 -3.39 -3.24 -3.10 -2.98 -2.86 -2.74 -2.63 -2.53 -2.42 -2.32 -2.22 -2.12 -2.03 -1.93 -1.84 -1.75 -1.67 -1.58 -1.50
  2.90   -3.85 -3.67 -3.52 -3.38 -3.25 -3.13 -3.01 -2.90 -2.79 -2.68 -2.58 -2.48 -2.38 -2.28 -2.18 -2.08 -1.99 -1.90 -1.81 -1.73
  3.00   -4.18 -4.00 -3.84 -3.70 -3.57 -3.44 -3.32 -3.20 -3.09 -2.98 -2.87 -2.76 -2.65 -2.55 -2.45 -2.35 -2.25 -2.16 -2.07 -1.98
