 log psa(g), T, damp =  1.00  0.05
  1.00   -2.22 -1.98 -1.75 -1.52 -1.31 -1.12 -0.95 -0.80 -0.66 -0.54 -0.43 -0.33 -0.24 -0.15 -0.07  0.01  0.08  0.16  0.23  0.29
  1.10   -2.32 -2.08 -1.85 -1.62 -1.41 -1.22 -1.05 -0.90 -0.77 -0.64 -0.54 -0.43 -0.34 -0.25 -0.17 -0.09 -0.02  0.05  0.12  0.19
  1.20   -2.43 -2.18 -1.95 -1.72 -1.51 -1.32 -1.15 -1.00 -0.87 -0.75 -0.64 -0.54 -0.45 -0.36 -0.28 -0.20 -0.12 -0.05  0.02  0.09
  1.30   -2.53 -2.29 -2.05 -1.82 -1.61 -1.42 -1.25 -1.11 -0.97 -0.85 -0.74 -0.64 -0.55 -0.46 -0.38 -0.30 -0.23 -0.15 -0.08 -0.01
  1.40   -2.63 -2.39 -2.15 -1.92 -1.71 -1.53 -1.36 -1.21 -1.08 -0.96 -0.85 -0.75 -0.66 -0.57 -0.49 -0.41 -0.33 -0.26 -0.19 -0.12
  1.50   -2.74 -2.49 -2.25 -2.03 -1.82 -1.63 -1.46 -1.32 -1.18 -1.06 -0.96 -0.86 -0.76 -0.68 -0.59 -0.51 -0.44 -0.36 -0.29 -0.22
  1.60   -2.84 -2.60 -2.36 -2.13 -1.92 -1.74 -1.57 -1.42 -1.29 -1.17 -1.07 -0.97 -0.87 -0.78 -0.70 -0.62 -0.54 -0.47 -0.40 -0.33
  1.70   -2.95 -2.70 -2.47 -2.24 -2.03 -1.85 -1.68 -1.53 -1.40 -1.29 -1.18 -1.08 -0.98 -0.90 -0.81 -0.73 -0.65 -0.58 -0.51 -0.44
  1.80   -3.07 -2.82 -2.58 -2.35 -2.15 -1.96 -1.80 -1.65 -1.52 -1.40 -1.29 -1.19 -1.10 -1.01 -0.92 -0.84 -0.77 -0.69 -0.62 -0.55
  1.90   -3.14 -2.88 -2.64 -2.42 -2.21 -2.02 -1.86 -1.71 -1.58 -1.46 -1.36 -1.26 -1.16 -1.07 -0.99 -0.90 -0.83 -0.75 -0.68 -0.61
  2.00   -3.16 -2.91 -2.67 -2.44 -2.24 -2.05 -1.88 -1.74 -1.61 -1.49 -1.38 -1.28 -1.18 -1.09 -1.01 -0.92 -0.84 -0.77 -0.69 -0.62
  2.10   -3.20 -2.94 -2.70 -2.47 -2.27 -2.08 -1.91 -1.77 -1.63 -1.52 -1.41 -1.31 -1.21 -1.12 -1.03 -0.95 -0.87 -0.79 -0.71 -0.64
  2.20   -3.28 -3.03 -2.78 -2.55 -2.35 -2.16 -1.99 -1.84 -1.71 -1.59 -1.48 -1.38 -1.29 -1.19 -1.10 -1.02 -0.94 -0.86 -0.78 -0.71
  2.30   -3.38 -3.12 -2.88 -2.65 -2.44 -2.25 -2.09 -1.94 -1.81 -1.69 -1.58 -1.47 -1.37 -1.28 -1.19 -1.11 -1.02 -0.94 -0.87 -0.79
  2.40   -3.49 -3.23 -2.98 -2.75 -2.55 -2.36 -2.19 -2.04 -1.91 -1.79 -1.68 -1.57 -1.47 -1.38 -1.29 -1.20 -1.12 -1.03 -0.96 -0.88
  2.50   -3.61 -3.35 -3.10 -2.87 -2.66 -2.47 -2.30 -2.15 -2.02 -1.90 -1.79 -1.68 -1.58 -1.49 -1.39 -1.30 -1.22 -1.14 -1.05 -0.98
  2.60   -3.74 -3.48 -3.23 -3.00 -2.79 -2.60 -2.43 -2.28 -2.14 -2.02 -1.91 -1.80 -1.70 -1.60 -1.51 -1.42 -1.33 -1.25 -1.16 -1.09
  2.70   -3.88 -3.62 -3.37 -3.14 -2.93 -2.74 -2.57 -2.41 -2.28 -2.16 -2.04 -1.94 -1.83 -1.74 -1.64 -1.55 -1.46 -1.37 -1.29 -1.21
  2.80   -4.04 -3.78 -3.53 -3.30 -3.08 -2.89 -2.72 -2.57 -2.43 -2.31 -2.20 -2.09 -1.98 -1.88 -1.79 -1.69 -1.60 -1.51 -1.43 -1.35
  2.90   -4.22 -3.96 -3.71 -3.47 -3.26 -3.07 -2.90 -2.74 -2.61 -2.48 -2.37 -2.26 -2.15 -2.05 -1.96 -1.86 -1.77 -1.68 -1.59 -1.50
  3.00   -4.43 -4.16 -3.91 -3.68 -3.46 -3.27 -3.10 -2.94 -2.81 -2.68 -2.56 -2.45 -2.35 -2.25 -2.15 -2.05 -1.95 -1.86 -1.77 -1.69
