 log psa(g), T, damp =  2.00  0.05
  1.00   -2.87 -2.66 -2.45 -2.24 -2.03 -1.81 -1.60 -1.39 -1.20 -1.02 -0.87 -0.73 -0.61 -0.50 -0.40 -0.30 -0.21 -0.13 -0.05  0.02
  1.10   -3.00 -2.78 -2.57 -2.36 -2.14 -1.92 -1.70 -1.49 -1.30 -1.12 -0.97 -0.83 -0.71 -0.60 -0.50 -0.40 -0.32 -0.23 -0.16 -0.08
  1.20   -3.14 -2.91 -2.69 -2.47 -2.24 -2.02 -1.80 -1.59 -1.40 -1.22 -1.07 -0.93 -0.81 -0.70 -0.60 -0.51 -0.42 -0.34 -0.26 -0.18
  1.30   -3.27 -3.04 -2.81 -2.58 -2.35 -2.12 -1.90 -1.69 -1.50 -1.32 -1.17 -1.04 -0.91 -0.80 -0.70 -0.61 -0.52 -0.44 -0.36 -0.28
  1.40   -3.40 -3.16 -2.92 -2.69 -2.45 -2.22 -2.00 -1.79 -1.60 -1.43 -1.27 -1.14 -1.02 -0.91 -0.81 -0.71 -0.62 -0.54 -0.46 -0.39
  1.50   -3.52 -3.28 -3.03 -2.79 -2.55 -2.32 -2.10 -1.89 -1.70 -1.53 -1.38 -1.24 -1.12 -1.01 -0.91 -0.82 -0.73 -0.65 -0.57 -0.49
  1.60   -3.64 -3.39 -3.14 -2.90 -2.66 -2.42 -2.20 -1.99 -1.80 -1.63 -1.48 -1.35 -1.22 -1.12 -1.02 -0.92 -0.83 -0.75 -0.67 -0.60
  1.70   -3.76 -3.50 -3.25 -3.00 -2.76 -2.52 -2.30 -2.09 -1.90 -1.73 -1.58 -1.45 -1.33 -1.22 -1.12 -1.03 -0.94 -0.86 -0.78 -0.70
  1.80   -3.87 -3.61 -3.36 -3.11 -2.86 -2.63 -2.40 -2.19 -2.01 -1.84 -1.69 -1.56 -1.44 -1.33 -1.23 -1.14 -1.05 -0.96 -0.89 -0.81
  1.90   -3.93 -3.67 -3.42 -3.16 -2.92 -2.68 -2.45 -2.25 -2.06 -1.89 -1.75 -1.61 -1.49 -1.39 -1.29 -1.19 -1.10 -1.02 -0.94 -0.86
  2.00   -3.95 -3.69 -3.43 -3.18 -2.93 -2.69 -2.47 -2.26 -2.07 -1.90 -1.76 -1.63 -1.51 -1.40 -1.30 -1.20 -1.12 -1.03 -0.95 -0.87
  2.10   -3.97 -3.71 -3.45 -3.20 -2.95 -2.71 -2.48 -2.27 -2.09 -1.92 -1.77 -1.64 -1.52 -1.42 -1.32 -1.22 -1.13 -1.05 -0.97 -0.89
  2.20   -4.05 -3.78 -3.52 -3.26 -3.01 -2.77 -2.55 -2.34 -2.15 -1.99 -1.84 -1.71 -1.59 -1.48 -1.38 -1.28 -1.19 -1.11 -1.03 -0.95
  2.30   -4.14 -3.87 -3.60 -3.34 -3.09 -2.85 -2.62 -2.42 -2.23 -2.06 -1.91 -1.78 -1.66 -1.56 -1.45 -1.36 -1.27 -1.18 -1.10 -1.02
  2.40   -4.23 -3.96 -3.69 -3.43 -3.18 -2.94 -2.71 -2.50 -2.31 -2.15 -2.00 -1.87 -1.75 -1.64 -1.54 -1.44 -1.35 -1.26 -1.18 -1.10
  2.50   -4.34 -4.06 -3.79 -3.53 -3.27 -3.03 -2.80 -2.59 -2.40 -2.24 -2.09 -1.96 -1.84 -1.73 -1.62 -1.53 -1.44 -1.35 -1.26 -1.18
  2.60   -4.45 -4.18 -3.90 -3.64 -3.38 -3.13 -2.90 -2.69 -2.51 -2.34 -2.19 -2.06 -1.94 -1.83 -1.72 -1.62 -1.53 -1.44 -1.35 -1.27
  2.70   -4.58 -4.30 -4.02 -3.75 -3.49 -3.25 -3.02 -2.81 -2.62 -2.45 -2.30 -2.17 -2.04 -1.93 -1.83 -1.73 -1.63 -1.54 -1.46 -1.37
  2.80   -4.71 -4.43 -4.15 -3.88 -3.62 -3.37 -3.14 -2.93 -2.74 -2.57 -2.42 -2.29 -2.17 -2.05 -1.95 -1.85 -1.75 -1.66 -1.57 -1.48
  2.90   -4.86 -4.58 -4.30 -4.03 -3.76 -3.51 -3.28 -3.07 -2.88 -2.71 -2.56 -2.42 -2.30 -2.19 -2.08 -1.98 -1.88 -1.79 -1.70 -1.61
  3.00   -5.03 -4.74 -4.46 -4.19 -3.92 -3.67 -3.44 -3.23 -3.03 -2.86 -2.71 -2.58 -2.45 -2.34 -2.23 -2.13 -2.03 -1.93 -1.84 -1.75
