 log psa(g), T, damp =  0.10  0.05
  1.00   -0.43 -0.32 -0.23 -0.14 -0.05  0.03  0.11  0.19  0.26  0.33  0.40  0.47  0.54  0.60  0.66  0.72  0.78  0.84  0.90  0.96
  1.10   -0.55 -0.44 -0.35 -0.26 -0.17 -0.08  0.00  0.07  0.15  0.22  0.29  0.36  0.43  0.49  0.55  0.62  0.68  0.74  0.80  0.86
  1.20   -0.67 -0.57 -0.47 -0.38 -0.29 -0.20 -0.12 -0.04  0.03  0.11  0.18  0.25  0.31  0.38  0.44  0.51  0.57  0.63  0.69  0.75
  1.30   -0.80 -0.69 -0.60 -0.50 -0.41 -0.33 -0.24 -0.16 -0.09 -0.01  0.06  0.13  0.20  0.27  0.33  0.39  0.46  0.52  0.58  0.64
  1.40   -0.93 -0.83 -0.73 -0.63 -0.54 -0.45 -0.37 -0.29 -0.21 -0.13 -0.06  0.01  0.08  0.15  0.21  0.28  0.34  0.40  0.46  0.52
  1.50   -1.07 -0.97 -0.86 -0.77 -0.68 -0.59 -0.50 -0.42 -0.34 -0.26 -0.18 -0.11 -0.04  0.03  0.09  0.16  0.22  0.28  0.35  0.41
  1.60   -1.22 -1.11 -1.01 -0.91 -0.82 -0.73 -0.64 -0.55 -0.47 -0.39 -0.32 -0.24 -0.17 -0.10 -0.03  0.03  0.10  0.16  0.22  0.28
  1.70   -1.37 -1.26 -1.16 -1.06 -0.97 -0.87 -0.78 -0.70 -0.61 -0.53 -0.45 -0.38 -0.30 -0.23 -0.16 -0.10 -0.03  0.03  0.10  0.16
  1.80   -1.53 -1.42 -1.32 -1.22 -1.12 -1.03 -0.94 -0.85 -0.76 -0.68 -0.60 -0.52 -0.45 -0.37 -0.30 -0.23 -0.17 -0.10 -0.04  0.02
  1.90   -1.65 -1.54 -1.43 -1.33 -1.24 -1.14 -1.05 -0.96 -0.87 -0.79 -0.70 -0.62 -0.54 -0.47 -0.40 -0.33 -0.26 -0.19 -0.13 -0.06
  2.00   -1.73 -1.62 -1.51 -1.41 -1.31 -1.22 -1.12 -1.03 -0.94 -0.86 -0.77 -0.69 -0.61 -0.53 -0.46 -0.39 -0.32 -0.25 -0.18 -0.12
  2.10   -1.83 -1.72 -1.61 -1.51 -1.41 -1.31 -1.21 -1.12 -1.03 -0.94 -0.85 -0.77 -0.69 -0.61 -0.53 -0.46 -0.39 -0.32 -0.25 -0.18
  2.20   -1.98 -1.87 -1.76 -1.66 -1.56 -1.46 -1.36 -1.27 -1.18 -1.09 -1.00 -0.91 -0.83 -0.75 -0.67 -0.59 -0.52 -0.44 -0.37 -0.31
  2.30   -2.17 -2.05 -1.95 -1.84 -1.74 -1.64 -1.54 -1.45 -1.35 -1.26 -1.17 -1.08 -0.99 -0.91 -0.83 -0.75 -0.67 -0.60 -0.53 -0.46
  2.40   -2.38 -2.26 -2.15 -2.05 -1.94 -1.84 -1.74 -1.64 -1.55 -1.45 -1.36 -1.27 -1.18 -1.10 -1.01 -0.93 -0.85 -0.78 -0.70 -0.63
  2.50   -2.61 -2.50 -2.39 -2.28 -2.17 -2.07 -1.97 -1.87 -1.77 -1.68 -1.58 -1.49 -1.40 -1.31 -1.22 -1.14 -1.06 -0.98 -0.91 -0.83
  2.60   -2.89 -2.77 -2.66 -2.55 -2.44 -2.33 -2.23 -2.13 -2.03 -1.93 -1.83 -1.74 -1.64 -1.55 -1.46 -1.38 -1.29 -1.21 -1.13 -1.06
  2.70   -3.20 -3.08 -2.96 -2.85 -2.73 -2.62 -2.51 -2.41 -2.31 -2.20 -2.10 -2.01 -1.91 -1.82 -1.72 -1.63 -1.55 -1.46 -1.38 -1.30
  2.80   -3.56 -3.43 -3.30 -3.18 -3.06 -2.94 -2.82 -2.71 -2.60 -2.49 -2.39 -2.29 -2.19 -2.09 -1.99 -1.90 -1.81 -1.72 -1.64 -1.56
  2.90   -3.96 -3.81 -3.67 -3.53 -3.39 -3.26 -3.14 -3.02 -2.90 -2.78 -2.67 -2.57 -2.46 -2.36 -2.26 -2.16 -2.07 -1.97 -1.88 -1.80
  3.00   -4.37 -4.20 -4.04 -3.88 -3.73 -3.59 -3.45 -3.32 -3.19 -3.07 -2.95 -2.83 -2.72 -2.61 -2.51 -2.40 -2.31 -2.21 -2.12 -2.03
