 log psa(g), T, damp =  0.10  0.05
  1.00   -0.67 -0.56 -0.47 -0.38 -0.29 -0.21 -0.13 -0.05  0.02  0.09  0.16  0.23  0.30  0.36  0.42  0.49  0.55  0.61  0.67  0.72
  1.10   -0.79 -0.68 -0.59 -0.50 -0.41 -0.32 -0.24 -0.17 -0.09 -0.02  0.05  0.12  0.19  0.25  0.32  0.38  0.44  0.50  0.56  0.62
  1.20   -0.91 -0.81 -0.71 -0.62 -0.53 -0.44 -0.36 -0.28 -0.21 -0.13 -0.06  0.01  0.08  0.14  0.20  0.27  0.33  0.39  0.45  0.51
  1.30   -1.04 -0.93 -0.84 -0.74 -0.65 -0.57 -0.48 -0.40 -0.32 -0.25 -0.18 -0.11 -0.04  0.03  0.09  0.15  0.22  0.28  0.34  0.40
  1.40   -1.17 -1.07 -0.97 -0.87 -0.78 -0.69 -0.61 -0.53 -0.45 -0.37 -0.30 -0.23 -0.16 -0.09 -0.02  0.04  0.10  0.16  0.22  0.28
  1.50   -1.31 -1.21 -1.10 -1.01 -0.92 -0.83 -0.74 -0.66 -0.58 -0.50 -0.42 -0.35 -0.28 -0.21 -0.15 -0.08 -0.02  0.05  0.11  0.17
  1.60   -1.46 -1.35 -1.25 -1.15 -1.06 -0.97 -0.88 -0.79 -0.71 -0.63 -0.55 -0.48 -0.41 -0.34 -0.27 -0.20 -0.14 -0.08 -0.01  0.05
  1.70   -1.61 -1.50 -1.40 -1.30 -1.21 -1.11 -1.02 -0.94 -0.85 -0.77 -0.69 -0.62 -0.54 -0.47 -0.40 -0.33 -0.27 -0.21 -0.14 -0.08
  1.80   -1.77 -1.66 -1.56 -1.46 -1.36 -1.27 -1.18 -1.09 -1.00 -0.92 -0.84 -0.76 -0.69 -0.61 -0.54 -0.47 -0.41 -0.34 -0.28 -0.21
  1.90   -1.89 -1.78 -1.67 -1.57 -1.48 -1.38 -1.29 -1.20 -1.11 -1.02 -0.94 -0.86 -0.78 -0.71 -0.64 -0.56 -0.50 -0.43 -0.36 -0.30
  2.00   -1.97 -1.86 -1.76 -1.65 -1.55 -1.46 -1.36 -1.27 -1.18 -1.09 -1.01 -0.93 -0.85 -0.77 -0.70 -0.62 -0.55 -0.48 -0.42 -0.35
  2.10   -2.07 -1.96 -1.85 -1.75 -1.65 -1.55 -1.45 -1.36 -1.27 -1.18 -1.09 -1.01 -0.93 -0.85 -0.77 -0.69 -0.62 -0.55 -0.49 -0.42
  2.20   -2.22 -2.11 -2.00 -1.90 -1.80 -1.70 -1.60 -1.51 -1.42 -1.32 -1.23 -1.15 -1.06 -0.98 -0.90 -0.83 -0.75 -0.68 -0.61 -0.54
  2.30   -2.41 -2.30 -2.19 -2.08 -1.98 -1.88 -1.78 -1.68 -1.59 -1.49 -1.40 -1.31 -1.23 -1.14 -1.06 -0.98 -0.91 -0.83 -0.76 -0.69
  2.40   -2.62 -2.50 -2.39 -2.29 -2.18 -2.08 -1.98 -1.88 -1.78 -1.69 -1.60 -1.50 -1.42 -1.33 -1.24 -1.16 -1.08 -1.01 -0.93 -0.86
  2.50   -2.85 -2.74 -2.63 -2.52 -2.41 -2.31 -2.21 -2.10 -2.01 -1.91 -1.81 -1.72 -1.63 -1.54 -1.45 -1.37 -1.28 -1.21 -1.13 -1.06
  2.60   -3.13 -3.01 -2.89 -2.78 -2.67 -2.56 -2.46 -2.35 -2.25 -2.15 -2.05 -1.96 -1.86 -1.77 -1.68 -1.59 -1.51 -1.43 -1.35 -1.27
  2.70   -3.44 -3.32 -3.20 -3.08 -2.96 -2.85 -2.74 -2.63 -2.52 -2.42 -2.31 -2.21 -2.11 -2.02 -1.92 -1.83 -1.74 -1.66 -1.58 -1.50
  2.80   -3.80 -3.66 -3.53 -3.40 -3.28 -3.15 -3.03 -2.91 -2.80 -2.69 -2.58 -2.47 -2.37 -2.26 -2.17 -2.07 -1.98 -1.89 -1.80 -1.72
  2.90   -4.19 -4.03 -3.89 -3.74 -3.60 -3.46 -3.33 -3.20 -3.07 -2.95 -2.83 -2.72 -2.61 -2.50 -2.40 -2.30 -2.20 -2.11 -2.01 -1.93
  3.00   -4.59 -4.41 -4.24 -4.08 -3.92 -3.76 -3.61 -3.47 -3.34 -3.21 -3.08 -2.96 -2.84 -2.73 -2.62 -2.52 -2.41 -2.31 -2.22 -2.13
