 log psa(g), T, damp =  0.20  0.05
  1.00   -0.71 -0.57 -0.46 -0.35 -0.25 -0.15 -0.06  0.02  0.10  0.18  0.25  0.32  0.39  0.46  0.53  0.59  0.65  0.72  0.78  0.84
  1.10   -0.82 -0.69 -0.57 -0.46 -0.36 -0.26 -0.17 -0.09 -0.01  0.07  0.14  0.22  0.29  0.35  0.42  0.48  0.55  0.61  0.67  0.73
  1.20   -0.93 -0.80 -0.68 -0.57 -0.47 -0.38 -0.29 -0.20 -0.12 -0.04  0.03  0.11  0.18  0.25  0.31  0.38  0.44  0.50  0.56  0.63
  1.30   -1.05 -0.92 -0.80 -0.69 -0.59 -0.49 -0.40 -0.32 -0.23 -0.15 -0.08  0.00  0.07  0.14  0.20  0.27  0.33  0.40  0.46  0.52
  1.40   -1.17 -1.04 -0.92 -0.81 -0.71 -0.61 -0.52 -0.44 -0.35 -0.27 -0.19 -0.12 -0.05  0.02  0.09  0.16  0.22  0.29  0.35  0.41
  1.50   -1.30 -1.17 -1.05 -0.94 -0.84 -0.74 -0.65 -0.56 -0.47 -0.39 -0.31 -0.24 -0.16 -0.09 -0.02  0.04  0.11  0.17  0.24  0.30
  1.60   -1.43 -1.30 -1.18 -1.07 -0.97 -0.87 -0.77 -0.69 -0.60 -0.52 -0.44 -0.36 -0.28 -0.21 -0.14 -0.07 -0.01  0.06  0.12  0.18
  1.70   -1.57 -1.44 -1.32 -1.21 -1.10 -1.00 -0.91 -0.82 -0.73 -0.65 -0.56 -0.49 -0.41 -0.34 -0.27 -0.20 -0.13 -0.06  0.00  0.06
  1.80   -1.72 -1.58 -1.46 -1.35 -1.25 -1.15 -1.05 -0.96 -0.87 -0.78 -0.70 -0.62 -0.54 -0.47 -0.39 -0.32 -0.25 -0.19 -0.12 -0.06
  1.90   -1.82 -1.68 -1.56 -1.45 -1.34 -1.24 -1.14 -1.05 -0.96 -0.87 -0.79 -0.70 -0.63 -0.55 -0.47 -0.40 -0.33 -0.26 -0.20 -0.13
  2.00   -1.88 -1.74 -1.62 -1.51 -1.40 -1.30 -1.20 -1.10 -1.01 -0.92 -0.84 -0.75 -0.67 -0.59 -0.52 -0.44 -0.37 -0.30 -0.24 -0.17
  2.10   -1.95 -1.82 -1.69 -1.58 -1.47 -1.37 -1.27 -1.17 -1.08 -0.99 -0.90 -0.81 -0.73 -0.65 -0.57 -0.50 -0.42 -0.35 -0.28 -0.22
  2.20   -2.08 -1.94 -1.82 -1.70 -1.59 -1.49 -1.39 -1.29 -1.20 -1.11 -1.02 -0.93 -0.84 -0.76 -0.68 -0.60 -0.53 -0.45 -0.38 -0.32
  2.30   -2.23 -2.09 -1.97 -1.85 -1.74 -1.64 -1.53 -1.44 -1.34 -1.25 -1.15 -1.06 -0.98 -0.89 -0.81 -0.73 -0.65 -0.58 -0.51 -0.44
  2.40   -2.40 -2.26 -2.13 -2.01 -1.90 -1.80 -1.70 -1.60 -1.50 -1.40 -1.31 -1.22 -1.13 -1.04 -0.96 -0.88 -0.80 -0.72 -0.65 -0.58
  2.50   -2.58 -2.44 -2.32 -2.20 -2.09 -1.98 -1.88 -1.78 -1.68 -1.58 -1.49 -1.39 -1.30 -1.22 -1.13 -1.04 -0.96 -0.88 -0.81 -0.73
  2.60   -2.80 -2.66 -2.53 -2.41 -2.30 -2.19 -2.09 -1.98 -1.88 -1.79 -1.69 -1.60 -1.50 -1.41 -1.32 -1.24 -1.15 -1.07 -0.99 -0.92
  2.70   -3.04 -2.90 -2.77 -2.65 -2.54 -2.43 -2.32 -2.22 -2.12 -2.02 -1.92 -1.83 -1.73 -1.64 -1.55 -1.46 -1.37 -1.29 -1.21 -1.13
  2.80   -3.33 -3.19 -3.06 -2.93 -2.82 -2.71 -2.60 -2.49 -2.39 -2.29 -2.19 -2.09 -1.99 -1.90 -1.80 -1.71 -1.62 -1.54 -1.45 -1.37
  2.90   -3.66 -3.52 -3.38 -3.26 -3.14 -3.02 -2.91 -2.80 -2.69 -2.59 -2.48 -2.38 -2.28 -2.18 -2.09 -1.99 -1.90 -1.81 -1.73 -1.64
  3.00   -4.05 -3.90 -3.76 -3.63 -3.50 -3.38 -3.26 -3.14 -3.03 -2.92 -2.81 -2.70 -2.59 -2.49 -2.39 -2.29 -2.19 -2.10 -2.01 -1.92
