 hard-rock t=0.2 sec
  1.00   -0.95 -0.82 -0.70 -0.59 -0.49 -0.40 -0.31 -0.22 -0.14 -0.07  0.01  0.08  0.15  0.22  0.28  0.35  0.41  0.47  0.53  0.59
  1.10   -1.06 -0.93 -0.81 -0.70 -0.60 -0.51 -0.42 -0.33 -0.25 -0.17 -0.10 -0.03  0.04  0.11  0.18  0.24  0.30  0.37  0.43  0.49
  1.20   -1.18 -1.05 -0.93 -0.82 -0.72 -0.62 -0.53 -0.45 -0.36 -0.29 -0.21 -0.14 -0.07  0.00  0.07  0.13  0.20  0.26  0.32  0.38
  1.30   -1.30 -1.16 -1.05 -0.94 -0.83 -0.74 -0.65 -0.56 -0.48 -0.40 -0.32 -0.25 -0.18 -0.11 -0.04  0.03  0.09  0.15  0.21  0.27
  1.40   -1.42 -1.29 -1.17 -1.06 -0.96 -0.86 -0.77 -0.68 -0.60 -0.52 -0.44 -0.36 -0.29 -0.22 -0.15 -0.09 -0.02  0.04  0.10  0.17
  1.50   -1.55 -1.41 -1.29 -1.18 -1.08 -0.98 -0.89 -0.80 -0.72 -0.64 -0.56 -0.48 -0.41 -0.34 -0.27 -0.20 -0.13 -0.07 -0.01  0.05
  1.60   -1.68 -1.55 -1.43 -1.32 -1.21 -1.11 -1.02 -0.93 -0.84 -0.76 -0.68 -0.60 -0.53 -0.46 -0.39 -0.32 -0.25 -0.19 -0.12 -0.06
  1.70   -1.82 -1.69 -1.56 -1.45 -1.35 -1.25 -1.15 -1.06 -0.97 -0.89 -0.81 -0.73 -0.65 -0.58 -0.51 -0.44 -0.37 -0.31 -0.24 -0.18
  1.80   -1.97 -1.83 -1.71 -1.60 -1.49 -1.39 -1.29 -1.20 -1.11 -1.03 -0.94 -0.86 -0.78 -0.71 -0.64 -0.57 -0.50 -0.43 -0.37 -0.30
  1.90   -2.06 -1.93 -1.81 -1.69 -1.59 -1.48 -1.39 -1.29 -1.20 -1.11 -1.03 -0.95 -0.87 -0.79 -0.72 -0.64 -0.57 -0.51 -0.44 -0.38
  2.00   -2.13 -1.99 -1.87 -1.75 -1.64 -1.54 -1.44 -1.35 -1.26 -1.17 -1.08 -1.00 -0.91 -0.84 -0.76 -0.69 -0.61 -0.55 -0.48 -0.41
  2.10   -2.20 -2.06 -1.94 -1.82 -1.71 -1.61 -1.51 -1.41 -1.32 -1.23 -1.14 -1.06 -0.97 -0.89 -0.81 -0.74 -0.66 -0.59 -0.52 -0.46
  2.20   -2.33 -2.19 -2.06 -1.95 -1.84 -1.73 -1.63 -1.54 -1.44 -1.35 -1.26 -1.17 -1.08 -1.00 -0.92 -0.84 -0.77 -0.70 -0.62 -0.56
  2.30   -2.47 -2.34 -2.21 -2.09 -1.98 -1.88 -1.78 -1.68 -1.58 -1.49 -1.40 -1.31 -1.22 -1.13 -1.05 -0.97 -0.89 -0.82 -0.75 -0.68
  2.40   -2.64 -2.50 -2.38 -2.26 -2.15 -2.04 -1.94 -1.84 -1.74 -1.64 -1.55 -1.46 -1.37 -1.28 -1.20 -1.12 -1.04 -0.96 -0.88 -0.81
  2.50   -2.83 -2.69 -2.56 -2.44 -2.33 -2.22 -2.12 -2.02 -1.92 -1.82 -1.73 -1.63 -1.54 -1.45 -1.36 -1.28 -1.20 -1.12 -1.04 -0.97
  2.60   -3.04 -2.90 -2.77 -2.65 -2.54 -2.43 -2.33 -2.22 -2.12 -2.02 -1.93 -1.83 -1.74 -1.64 -1.56 -1.47 -1.38 -1.30 -1.22 -1.15
  2.70   -3.29 -3.15 -3.02 -2.89 -2.78 -2.67 -2.56 -2.46 -2.35 -2.25 -2.15 -2.05 -1.96 -1.86 -1.77 -1.68 -1.60 -1.51 -1.43 -1.35
  2.80   -3.57 -3.43 -3.30 -3.17 -3.05 -2.94 -2.83 -2.72 -2.61 -2.51 -2.41 -2.31 -2.21 -2.11 -2.01 -1.92 -1.83 -1.74 -1.66 -1.58
  2.90   -3.90 -3.76 -3.62 -3.49 -3.37 -3.25 -3.13 -3.02 -2.90 -2.79 -2.69 -2.58 -2.48 -2.38 -2.28 -2.18 -2.09 -1.99 -1.90 -1.82
  3.00   -4.29 -4.14 -3.99 -3.85 -3.72 -3.59 -3.46 -3.34 -3.22 -3.10 -2.98 -2.87 -2.76 -2.65 -2.54 -2.44 -2.34 -2.24 -2.15 -2.06
