 log psa(g), T, damp =  2.00  0.05
  1.00   -3.01 -2.79 -2.57 -2.35 -2.12 -1.90 -1.67 -1.46 -1.26 -1.09 -0.93 -0.79 -0.67 -0.56 -0.46 -0.36 -0.27 -0.19 -0.11 -0.04
  1.10   -3.14 -2.91 -2.69 -2.46 -2.23 -2.00 -1.77 -1.56 -1.36 -1.19 -1.03 -0.89 -0.77 -0.66 -0.56 -0.46 -0.38 -0.29 -0.21 -0.14
  1.20   -3.27 -3.04 -2.81 -2.57 -2.33 -2.10 -1.87 -1.66 -1.46 -1.29 -1.13 -0.99 -0.87 -0.76 -0.66 -0.56 -0.48 -0.39 -0.32 -0.24
  1.30   -3.40 -3.16 -2.92 -2.68 -2.44 -2.20 -1.97 -1.76 -1.56 -1.39 -1.23 -1.10 -0.97 -0.86 -0.76 -0.67 -0.58 -0.50 -0.42 -0.34
  1.40   -3.52 -3.27 -3.03 -2.78 -2.54 -2.30 -2.07 -1.85 -1.66 -1.49 -1.33 -1.20 -1.08 -0.97 -0.86 -0.77 -0.68 -0.60 -0.52 -0.45
  1.50   -3.64 -3.39 -3.14 -2.89 -2.64 -2.40 -2.17 -1.95 -1.76 -1.59 -1.44 -1.30 -1.18 -1.07 -0.97 -0.87 -0.79 -0.70 -0.63 -0.55
  1.60   -3.75 -3.50 -3.24 -2.99 -2.74 -2.50 -2.27 -2.05 -1.86 -1.69 -1.54 -1.40 -1.28 -1.17 -1.07 -0.98 -0.89 -0.81 -0.73 -0.65
  1.70   -3.87 -3.61 -3.35 -3.09 -2.84 -2.60 -2.37 -2.16 -1.96 -1.79 -1.64 -1.51 -1.39 -1.28 -1.18 -1.09 -1.00 -0.92 -0.84 -0.76
  1.80   -3.98 -3.71 -3.45 -3.19 -2.94 -2.70 -2.47 -2.26 -2.07 -1.90 -1.75 -1.62 -1.50 -1.39 -1.29 -1.19 -1.11 -1.02 -0.94 -0.87
  1.90   -4.03 -3.77 -3.51 -3.25 -2.99 -2.75 -2.52 -2.31 -2.12 -1.95 -1.81 -1.67 -1.55 -1.44 -1.34 -1.25 -1.16 -1.08 -1.00 -0.92
  2.00   -4.05 -3.78 -3.52 -3.26 -3.00 -2.76 -2.53 -2.32 -2.13 -1.97 -1.82 -1.69 -1.57 -1.46 -1.36 -1.26 -1.17 -1.09 -1.01 -0.93
  2.10   -4.07 -3.80 -3.54 -3.27 -3.02 -2.78 -2.55 -2.34 -2.15 -1.98 -1.83 -1.70 -1.58 -1.47 -1.37 -1.28 -1.19 -1.10 -1.02 -0.95
  2.20   -4.14 -3.87 -3.60 -3.34 -3.08 -2.84 -2.61 -2.40 -2.21 -2.05 -1.90 -1.77 -1.65 -1.54 -1.44 -1.34 -1.25 -1.17 -1.08 -1.01
  2.30   -4.23 -3.96 -3.68 -3.42 -3.16 -2.92 -2.69 -2.48 -2.29 -2.12 -1.97 -1.84 -1.72 -1.61 -1.51 -1.42 -1.33 -1.24 -1.16 -1.08
  2.40   -4.32 -4.05 -3.77 -3.51 -3.25 -3.00 -2.77 -2.56 -2.37 -2.21 -2.06 -1.93 -1.81 -1.70 -1.59 -1.50 -1.41 -1.32 -1.23 -1.15
  2.50   -4.42 -4.14 -3.87 -3.60 -3.34 -3.10 -2.86 -2.65 -2.46 -2.30 -2.15 -2.02 -1.90 -1.79 -1.68 -1.59 -1.49 -1.40 -1.32 -1.24
  2.60   -4.53 -4.25 -3.98 -3.71 -3.45 -3.20 -2.97 -2.76 -2.57 -2.40 -2.25 -2.11 -1.99 -1.88 -1.78 -1.68 -1.59 -1.50 -1.41 -1.33
  2.70   -4.65 -4.37 -4.09 -3.82 -3.56 -3.31 -3.08 -2.87 -2.68 -2.51 -2.36 -2.22 -2.10 -1.99 -1.89 -1.79 -1.69 -1.60 -1.51 -1.43
  2.80   -4.79 -4.50 -4.22 -3.95 -3.69 -3.44 -3.20 -2.99 -2.80 -2.63 -2.48 -2.35 -2.22 -2.11 -2.00 -1.90 -1.81 -1.72 -1.63 -1.54
  2.90   -4.93 -4.65 -4.37 -4.09 -3.83 -3.58 -3.34 -3.13 -2.94 -2.77 -2.62 -2.48 -2.36 -2.24 -2.14 -2.04 -1.94 -1.84 -1.75 -1.66
  3.00   -5.10 -4.81 -4.53 -4.25 -3.99 -3.73 -3.50 -3.29 -3.09 -2.92 -2.77 -2.63 -2.51 -2.39 -2.29 -2.18 -2.08 -1.99 -1.90 -1.81
